[48;2;1;1;1m[38;2;1;1;1m                                                            [0m
[48;2;1;1;1m[38;2;1;1;1m                                                            [0m
[48;2;1;1;1m[38;2;1;1;1m                                                            [0m
[48;2;1;1;1m[38;2;1;1;1m                                                            [0m
[48;2;1;1;1m[38;2;1;1;1m                          [48;2;0;0;0m▇[48;2;1;1;1m[38;2;17;17;17m▁[48;2;2;0;1m[38;2;30;24;26m▁▁[48;2;1;1;1m[38;2;0;0;0m──[38;2;1;1;1m                            [0m
[48;2;1;1;1m[38;2;1;1;1m                          [48;2;57;53;56m[38;2;220;215;219m▗[48;2;109;102;107m[38;2;232;228;232m▇[48;2;126;125;133m[38;2;247;246;249m▇▇[48;2;133;131;142m[38;2;243;242;244m▇[48;2;204;200;205m[38;2;53;49;54m▄[48;2;0;0;0m[38;2;5;5;5m▄[38;2;6;6;6m╵[48;2;1;1;1m[38;2;1;1;1m                          [0m
[48;2;1;1;1m[38;2;1;1;1m                          [48;2;247;243;246m[38;2;110;104;108m▎[48;2;249;249;251m[38;2;252;252;254m│[48;2;246;244;247m[38;2;214;102;122m▄[48;2;213;104;123m[38;2;48;21;23m▄[48;2;217;151;153m[38;2;200;66;92m▇[48;2;3;2;5m[38;2;64;25;30m▎[48;2;1;1;3m[38;2;1;1;3m  [48;2;3;1;4m[38;2;3;1;4m  [48;2;1;1;3m[38;2;1;1;3m  [48;2;1;1;1m[38;2;1;1;1m                      [0m
[48;2;1;1;1m[38;2;1;1;1m                        [48;2;2;0;1m[38;2;1;0;0m──[48;2;245;241;245m[38;2;112;106;110m▎[48;2;247;248;250m[38;2;251;250;253m▊[48;2;213;68;95m[38;2;223;139;146m▎[48;2;171;56;73m[38;2;221;75;103m▇[48;2;193;67;91m[38;2;220;73;100m▊[48;2;1;1;1m[38;2;62;19;28m▎[48;2;1;1;3m[38;2;0;0;0m▊[48;2;3;2;8m[38;2;2;1;6m▊[48;2;3;1;6m[38;2;3;1;6m  [48;2;1;1;3m[38;2;1;1;3m  [48;2;1;1;1m[38;2;1;1;1m                      [0m
[48;2;1;1;1m[38;2;1;1;1m                    [48;2;1;0;0m[38;2;3;1;2m▁[38;2;2;0;1m▄[48;2;10;9;11m[38;2;187;185;188m▄[48;2;13;12;14m[38;2;237;235;237m▄[48;2;241;240;242m[38;2;147;142;146m▘[48;2;174;163;169m[38;2;249;248;251m▇[48;2;241;241;243m[38;2;249;249;251m▆[48;2;249;249;251m[38;2;250;250;252m▄[48;2;213;67;95m[38;2;222;139;145m▎[48;2;219;77;103m[38;2;199;65;89m⎽[48;2;209;78;103m[38;2;236;218;222m▄[48;2;31;19;21m[38;2;232;228;228m▄[48;2;15;13;16m[38;2;231;228;230m▄[48;2;12;9;12m[38;2;223;220;223m▄[48;2;16;11;17m[38;2;0;0;0m [48;2;3;0;4m[38;2;5;0;6m▄[48;2;1;0;2m[38;2;3;1;4m▄▄[48;2;0;0;0m[38;2;2;2;2m▄[38;2;1;1;1m━[48;2;1;1;1m                    [0m
[48;2;1;1;1m[38;2;1;1;1m                  [48;2;1;0;2m[38;2;3;1;4m▄[48;2;14;12;15m[38;2;188;186;189m▄[48;2;218;216;219m[38;2;0;0;0m [48;2;201;195;199m[38;2;251;249;252m▇[48;2;249;249;251m[38;2;250;250;252m▃[48;2;250;250;252m[38;2;249;249;251m▅[38;2;250;250;252m    [48;2;216;93;115m[38;2;246;241;243m▄[48;2;233;214;217m[38;2;214;106;127m▄[48;2;213;90;113m[38;2;237;228;227m▄[48;2;212;78;103m[38;2;227;139;151m▁[48;2;210;81;108m[38;2;242;234;237m▄[48;2;246;244;246m[38;2;0;0;0m [48;2;210;199;205m[38;2;250;249;251m▇▇[48;2;244;241;244m[38;2;185;170;177m▁[48;2;245;242;245m[38;2;182;167;174m▁[48;2;168;159;162m[38;2;235;229;231m▊[48;2;1;1;1m[38;2;43;37;39m▎[38;2;1;1;1m                    [0m
[48;2;1;1;1m[38;2;1;1;1m                  [48;2;217;211;215m[38;2;74;65;70m▎[48;2;247;245;247m[38;2;0;0;0m [48;2;250;250;252m[38;2;250;250;252m  [48;2;249;249;251m[38;2;170;170;172m▁[48;2;248;248;250m[38;2;0;0;0m [48;2;250;250;252m[38;2;250;250;252m    [48;2;249;249;251m▄[48;2;243;243;245m▆[38;2;249;249;251m▇[48;2;240;240;242m[38;2;250;250;252m▇[48;2;246;244;247m[38;2;0;0;0m [48;2;230;228;230m[38;2;24;23;25m▄[48;2;228;227;229m[38;2;7;5;8m▄[48;2;214;212;215m▄[48;2;11;9;9m[38;2;0;0;0m [48;2;33;27;29m[38;2;3;1;2m▇[48;2;0;0;0m[38;2;3;3;3m▄[48;2;2;2;2m[38;2;1;1;1m▄[48;2;1;1;1m                    [0m
[48;2;1;1;1m[38;2;1;1;1m                  [48;2;15;12;15m[38;2;4;1;4m▇[48;2;213;212;214m[38;2;59;53;57m▎[48;2;246;246;247m[38;2;0;0;0m [48;2;249;249;251m[38;2;247;247;249m╶[48;2;22;18;21m[38;2;163;158;162m▎[48;2;223;218;222m[38;2;85;80;84m▎[48;2;248;248;249m[38;2;0;0;0m [48;2;249;249;251m[38;2;250;250;252m▄[48;2;250;250;252m    [48;2;248;248;250m[38;2;253;253;254m▘[48;2;244;244;246m[38;2;0;0;0m [48;2;240;238;239m[38;2;42;40;41m▅[48;2;1;0;0m[38;2;5;3;4m▄[48;2;1;1;1m[38;2;1;1;1m                          [0m
[48;2;1;1;1m[38;2;1;1;1m                  [48;2;0;0;0m▅[48;2;1;1;1m[38;2;0;0;0m▃[48;2;140;73;86m[38;2;243;226;231m▝[48;2;241;224;227m[38;2;209;65;91m▄[48;2;15;12;11m[38;2;144;104;114m▎[48;2;9;5;11m[38;2;1;1;2m▇[48;2;237;235;237m[38;2;81;70;76m▎[48;2;249;247;250m[38;2;250;251;253m▊[48;2;250;250;252m[38;2;250;250;252m    [48;2;248;248;250m[38;2;252;252;254m│[48;2;209;209;211m▊[48;2;4;0;1m[38;2;70;64;66m▎[48;2;1;1;1m[38;2;2;0;1m▎[38;2;1;1;1m                          [0m
[48;2;1;1;1m[38;2;1;1;1m                    [48;2;6;4;3m[38;2;111;36;51m▁[48;2;188;61;86m[38;2;80;27;33m▎[48;2;9;6;5m[38;2;120;51;69m▎[48;2;4;3;5m[38;2;1;1;0m▊[48;2;218;213;217m[38;2;74;61;68m▎[48;2;245;244;247m[38;2;0;0;0m [48;2;250;250;252m[38;2;250;250;252m    [48;2;238;236;239m[38;2;250;250;251m▊[48;2;231;227;230m[38;2;42;39;42m▅[48;2;0;0;0m[38;2;2;2;2m▄[38;2;4;4;4m╸[48;2;1;1;3m[38;2;1;1;3m    [48;2;1;1;1m[38;2;1;1;1m                      [0m
[48;2;1;1;1m[38;2;1;1;1m                    [48;2;157;53;74m[38;2;11;6;6m▅[48;2;21;8;10m[38;2;0;0;0m [48;2;1;1;3m[38;2;6;6;8m╵[48;2;68;65;68m[38;2;215;210;214m┏[48;2;20;14;18m[38;2;232;229;232m▅[48;2;173;170;173m[38;2;73;67;71m┏[48;2;231;230;232m[38;2;70;64;68m▅[48;2;234;233;235m[38;2;33;28;31m▅[48;2;233;231;236m[38;2;23;20;22m▅▅[48;2;228;226;226m[38;2;28;23;24m▅[48;2;34;32;32m[38;2;210;205;207m▅[48;2;20;18;19m[38;2;174;168;170m▁[48;2;5;3;3m[38;2;0;0;0m [48;2;2;0;3m[38;2;2;0;3m  [48;2;1;1;1m[38;2;1;1;1m                        [0m
[48;2;1;1;1m[38;2;1;1;1m                      [48;2;66;61;65m[38;2;213;208;212m┏[48;2;229;229;231m[38;2;0;0;0m [48;2;250;250;252m[38;2;250;250;252m  [48;2;250;248;251m[38;2;252;250;253m│[48;2;7;5;8m[38;2;140;138;141m▎[48;2;21;16;20m[38;2;203;199;202m▅[48;2;8;4;7m[38;2;76;71;75m▎[48;2;28;26;29m[38;2;210;208;210m▅[48;2;241;239;242m[38;2;0;0;0m [48;2;247;245;248m [48;2;37;35;38m[38;2;224;222;225m▅[48;2;9;9;11m[38;2;0;0;0m [48;2;1;1;3m[38;2;0;0;2m╵[48;2;1;1;1m[38;2;1;1;1m                        [0m
[48;2;1;1;1m[38;2;1;1;1m                    [38;2;0;0;0m [48;2;13;10;11m[38;2;146;142;143m▁[48;2;235;233;236m[38;2;94;83;89m▎[48;2;249;249;251m[38;2;250;250;252m▄[48;2;250;250;252m  [48;2;240;237;240m[38;2;94;85;90m▁[48;2;41;37;40m[38;2;136;132;135m▎[48;2;245;243;245m[38;2;156;143;150m▎[48;2;8;4;8m[38;2;125;120;124m▎[48;2;251;251;251m[38;2;142;139;158m▎[48;2;251;250;254m[38;2;248;248;249m┃[48;2;250;250;252m[38;2;243;243;245m╵[48;2;246;246;247m[38;2;0;0;0m [48;2;38;34;37m[38;2;224;220;223m▅[48;2;4;0;3m[38;2;32;27;31m▎[48;2;1;1;1m[38;2;1;1;1m                        [0m
[48;2;1;1;1m[38;2;1;1;1m                    [48;2;8;2;6m[38;2;1;0;2m▊[48;2;236;235;237m[38;2;76;70;74m▎[48;2;250;250;252m[38;2;250;250;252m  [48;2;250;247;250m[38;2;251;249;252m▄[48;2;200;194;198m[38;2;72;66;70m┏[48;2;60;54;58m[38;2;214;211;214m▅[48;2;225;221;224m[38;2;71;64;68m▁[48;2;227;222;226m[38;2;39;35;38m▅[48;2;58;53;57m[38;2;216;212;216m▅[48;2;242;242;243m[38;2;0;0;0m [48;2;251;251;252m[38;2;246;246;248m┗[48;2;250;250;252m[38;2;250;250;252m  [48;2;243;243;245m[38;2;0;0;0m [48;2;40;35;39m[38;2;226;222;226m▅[48;2;1;1;1m[38;2;25;25;25m▎[48;2;0;0;0m[38;2;3;3;3m▄[48;2;1;1;1m[38;2;1;1;1m                      [0m
[48;2;1;1;1m[38;2;1;1;1m                    [48;2;80;73;77m[38;2;222;217;221m┏[48;2;232;229;232m[38;2;0;0;0m [48;2;250;250;252m[38;2;250;250;252m    [48;2;238;236;239m[38;2;58;56;59m▁[48;2;6;4;7m[38;2;117;115;118m▎[48;2;1;0;2m[38;2;4;2;5m▄[48;2;195;193;196m[38;2;11;9;12m▅[48;2;250;250;252m[38;2;184;184;186m▎[48;2;249;249;251m[38;2;250;250;252m▄[48;2;250;250;252m  [48;2;250;250;251m▄[48;2;191;191;193m▊[48;2;26;22;23m[38;2;212;208;209m▁[48;2;3;3;2m[38;2;0;0;0m [48;2;1;1;1m[38;2;1;1;1m                      [0m
[48;2;1;1;1m[38;2;1;1;1m                  [48;2;2;0;1m[38;2;2;0;1m  [48;2;234;231;234m[38;2;98;87;93m▎[48;2;252;250;253m[38;2;250;251;253m▊[48;2;250;250;252m[38;2;250;250;252m  [38;2;248;248;250m┃[48;2;245;245;247m[38;2;251;251;253m▌[48;2;11;5;11m[38;2;153;143;151m▎[48;2;3;1;6m[38;2;3;1;6m▄[48;2;1;1;1m[38;2;1;1;1m  [48;2;196;190;192m[38;2;12;10;10m▅[48;2;224;220;222m[38;2;26;19;22m▁[48;2;248;248;249m[38;2;0;0;0m [48;2;249;249;251m[38;2;249;249;251m▄[48;2;250;250;252m[38;2;250;250;252m  [48;2;175;169;173m[38;2;249;247;250m▊[48;2;1;1;3m[38;2;46;40;44m▎[48;2;1;1;1m[38;2;1;1;1m                      [0m
[48;2;2;1;1m[38;2;32;3;150m▂▂▂▂▂▂[48;2;2;1;2m[38;2;32;3;148m▂▂[38;2;33;4;149m▂▂[38;2;32;3;148m▂▂▂▂▂▂▂▂[48;2;2;1;1m[38;2;31;2;149m▂▂[48;2;236;232;235m[38;2;99;91;109m▎[48;2;250;249;252m[38;2;0;0;0m [48;2;250;250;252m[38;2;250;250;252m  [48;2;250;250;250m[38;2;247;247;250m▄[48;2;174;168;186m[38;2;27;16;60m┏[48;2;21;17;20m[38;2;31;3;148m▂[48;2;5;1;5m[38;2;34;6;151m▂[48;2;2;1;2m[38;2;33;4;149m▂▂[38;2;32;4;147m▂[48;2;14;13;16m[38;2;34;7;145m▂[48;2;251;251;253m[38;2;193;193;195m▎[48;2;249;249;251m[38;2;251;251;253m│[48;2;250;250;252m[38;2;250;250;252m  [48;2;187;177;184m[38;2;250;247;247m▊[48;2;13;9;15m[38;2;34;9;144m▂[48;2;2;1;2m[38;2;32;3;148m▂▂[48;2;2;1;1m[38;2;32;3;150m▂▂▂▂▂▂▂▂▂▂▂▂▂▂▂▂▂▂▂▂[0m
[48;2;38;3;183m[38;2;38;3;183m                  [48;2;38;3;185m[38;2;38;3;185m  [48;2;238;238;238m[38;2;116;102;190m▎[48;2;250;249;253m[38;2;250;250;250m▎[48;2;250;250;252m[38;2;250;250;252m  [48;2;248;248;248m[38;2;96;78;188m▂[48;2;42;10;182m[38;2;137;125;188m▎[48;2;38;3;183m[38;2;38;3;183m    [48;2;39;4;184m[38;2;40;5;183m│[48;2;49;17;176m[38;2;37;1;185m▊[48;2;251;251;251m[38;2;193;189;212m▎[48;2;248;248;251m[38;2;251;251;251m│[48;2;250;250;252m[38;2;250;250;252m  [48;2;171;161;214m[38;2;249;249;251m▊[48;2;36;2;182m[38;2;47;21;170m▎[48;2;38;3;183m[38;2;38;3;183m                      [0m
[48;2;38;3;183m[38;2;38;3;183m                  [48;2;38;3;185m[38;2;38;3;185m  [48;2;238;238;238m[38;2;114;100;188m▎[48;2;253;252;254m[38;2;248;248;251m┃[48;2;250;250;252m[38;2;250;250;252m  [48;2;86;67;187m[38;2;242;241;245m▆[48;2;42;9;185m[38;2;133;120;190m▎[48;2;38;3;183m[38;2;38;3;183m    [38;2;37;3;178m│[48;2;48;15;182m[38;2;37;2;182m▊[48;2;233;231;241m[38;2;59;38;179m▂[48;2;247;246;249m[38;2;0;0;0m [48;2;250;250;252m[38;2;250;250;252m  [48;2;171;161;214m[38;2;249;249;251m▊[48;2;36;2;182m[38;2;47;21;170m▎[48;2;38;3;183m[38;2;38;3;183m                      [0m
[48;2;38;3;185m[38;2;38;3;185m                    [48;2;189;179;215m[38;2;38;7;182m▆[48;2;240;240;242m[38;2;134;121;196m▎[48;2;250;250;252m[38;2;250;250;252m  [48;2;249;250;248m│[48;2;44;12;184m[38;2;175;170;200m▎[48;2;38;3;185m[38;2;38;3;185m      [48;2;58;32;180m[38;2;36;2;182m▊[48;2;251;251;249m[38;2;200;193;224m▎[48;2;252;252;253m[38;2;248;248;250m▆[48;2;248;248;249m[38;2;0;0;0m [48;2;223;218;236m[38;2;54;29;180m▂[48;2;40;6;180m[38;2;39;5;182m▄[48;2;38;3;185m[38;2;38;3;185m                      [0m
[48;2;38;3;185m[38;2;38;3;185m                    [48;2;33;0;182m[38;2;39;5;186m▌[48;2;236;236;239m[38;2;101;83;185m▎[48;2;250;250;252m[38;2;250;250;252m  [48;2;240;239;242m[38;2;86;68;189m▂[48;2;42;9;185m[38;2;132;119;188m▎[48;2;38;3;185m[38;2;38;3;185m      [48;2;43;7;176m[38;2;183;62;97m▂[48;2;224;213;224m[38;2;208;74;99m▆[48;2;238;229;234m[38;2;211;71;94m▂[48;2;214;212;226m[38;2;99;40;151m▆[48;2;42;7;185m[38;2;0;0;0m [48;2;38;3;184m[38;2;35;1;175m╵[48;2;38;3;185m[38;2;38;3;185m                      [0m
[48;2;38;3;185m[38;2;38;3;185m                    [48;2;39;1;185m[38;2;39;2;182m▄[48;2;197;190;221m[38;2;150;56;122m▂[48;2;243;238;239m[38;2;207;67;97m▂[48;2;240;227;229m[38;2;217;92;115m▆[48;2;69;27;157m[38;2;49;15;25m▂[48;2;37;4;174m[38;2;6;6;10m▂[48;2;36;4;174m[38;2;4;3;6m▂▂[48;2;37;4;176m[38;2;5;3;11m▂▂[48;2;36;3;172m[38;2;6;4;10m▂▂[48;2;203;80;92m[38;2;34;11;117m▇[48;2;221;88;101m[38;2;38;15;114m▇[48;2;192;67;91m[38;2;7;4;3m▂[48;2;199;68;92m[38;2;11;4;9m▂[48;2;66;25;81m[38;2;220;74;98m━[48;2;66;30;89m[38;2;201;69;93m━[48;2;39;3;189m[38;2;39;7;168m▎[48;2;39;4;186m[38;2;39;4;184m│[48;2;38;3;185m[38;2;38;3;185m                    [0m
[48;2;38;3;185m[38;2;38;3;185m                  [48;2;37;3;182m[38;2;38;3;186m▄[48;2;73;21;157m[38;2;177;56;105m━[48;2;138;54;125m[38;2;94;31;70m▄[48;2;197;66;97m[38;2;41;17;19m▃[48;2;214;71;97m[38;2;42;17;19m▃[48;2;178;58;79m[38;2;33;12;15m▆[48;2;9;4;5m[38;2;0;0;0m [48;2;2;2;1m [48;2;1;1;1m[38;2;1;1;1m          [48;2;2;2;3m▌[48;2;3;3;8m[38;2;0;0;0m [48;2;35;12;131m[38;2;14;8;26m━[48;2;39;2;183m[38;2;40;3;184m▄[48;2;38;3;185m[38;2;38;3;185m                    [0m
[48;2;38;3;185m[38;2;38;3;185m                    [48;2;22;11;45m[38;2;36;2;178m▇[48;2;9;3;7m[38;2;36;2;174m▇[48;2;7;1;3m[38;2;37;3;174m▇▇▇▇▇▇▇▇▇▇▇▇[48;2;4;2;5m▇▇[48;2;19;10;44m[38;2;39;3;182m▆[48;2;20;8;64m[38;2;38;2;186m▆[48;2;38;3;185m[38;2;38;3;185m                      [0m
[48;2;40;2;185m[38;2;40;2;185m                                                            [0m
[48;2;40;2;185m[38;2;40;2;185m                                                            [0m
