[48;2;1;1;1m[38;2;1;1;1m                                                            [0m
[48;2;1;1;1m[38;2;1;1;1m                                                            [0m
[48;2;1;1;1m[38;2;1;1;1m                                                            [0m
[48;2;1;1;1m[38;2;1;1;1m                                                            [0m
[48;2;1;1;1m[38;2;1;1;1m                            [38;2;26;17;20m▁[48;2;2;1;1m[38;2;34;25;28m▁[48;2;3;1;2m[38;2;0;0;0m━━[48;2;1;1;1m⎺[38;2;3;3;3m━[38;2;1;1;1m                          [0m
[48;2;1;1;1m[38;2;1;1;1m                          [48;2;2;1;3m[38;2;0;0;0m [48;2;10;6;9m[38;2;189;185;189m▄[48;2;111;105;112m[38;2;234;231;234m▇[48;2;127;124;131m[38;2;247;247;248m▇[48;2;133;131;145m[38;2;246;246;248m▇[48;2;131;129;143m[38;2;241;240;243m▇[48;2;185;180;182m[38;2;27;21;23m▃[48;2;9;7;8m[38;2;0;0;0m [48;2;1;1;1m[38;2;1;1;1m                          [0m
[48;2;1;1;1m[38;2;1;1;1m                          [48;2;15;9;13m[38;2;1;1;3m▊[48;2;246;245;248m[38;2;126;120;124m▎[48;2;250;249;249m[38;2;0;0;0m [48;2;246;246;246m[38;2;214;101;123m▄[48;2;210;99;120m[38;2;41;18;21m▄[48;2;213;156;161m[38;2;202;66;91m▇[48;2;0;1;0m[38;2;60;27;36m▎[48;2;1;1;3m[38;2;5;0;4m│[48;2;3;1;4m[38;2;4;2;7m▊[48;2;2;0;1m[38;2;3;1;4m▎[48;2;1;1;3m[38;2;1;1;3m  [48;2;1;1;1m[38;2;1;1;1m                      [0m
[48;2;1;1;1m[38;2;1;1;1m                      [48;2;0;0;0m▄[38;2;4;4;4m▁[48;2;2;0;1m[38;2;0;0;0m━━[48;2;12;8;11m[38;2;196;192;196m▄[48;2;232;232;234m[38;2;0;0;0m [48;2;242;238;235m[38;2;250;250;252m▊[48;2;218;73;99m[38;2;222;146;159m▎[48;2;172;52;71m[38;2;218;74;101m▇[48;2;215;71;98m[38;2;0;0;0m [48;2;5;4;4m[38;2;64;25;33m▎[48;2;2;1;5m[38;2;30;26;31m▁[48;2;3;1;6m[38;2;31;29;34m▁▁[48;2;1;0;4m[38;2;33;28;33m▁[48;2;1;0;1m[38;2;33;28;30m▁[48;2;0;0;0m[38;2;2;2;2m▄┻[48;2;1;1;1m[38;2;1;1;1m                    [0m
[48;2;1;1;1m[38;2;1;1;1m                  [48;2;0;0;0m[38;2;2;2;2m▄[48;2;1;1;1m[38;2;32;32;32m▁[48;2;2;0;3m[38;2;52;47;51m▁[48;2;9;9;11m[38;2;187;184;187m▄[48;2;12;10;12m[38;2;235;232;235m▄[48;2;242;240;243m[38;2;143;138;142m▘[48;2;176;163;170m[38;2;249;248;251m▇▇[48;2;248;248;250m[38;2;0;0;0m [48;2;249;249;251m[38;2;249;249;251m▄[48;2;242;238;235m[38;2;250;250;251m▊[48;2;218;72;99m[38;2;222;146;159m▎[48;2;220;75;102m[38;2;219;74;101m▄[48;2;211;72;98m[38;2;220;79;105m▘[48;2;226;212;214m[38;2;212;76;103m▄[48;2;170;159;167m[38;2;247;244;247m▇[48;2;175;164;178m[38;2;250;249;250m▇▇[48;2;175;163;183m[38;2;250;249;252m▇▇[48;2;162;151;157m[38;2;241;238;241m▇[48;2;22;18;21m[38;2;208;204;208m▄[48;2;0;0;0m[38;2;3;3;3m▄[48;2;1;1;1m[38;2;0;0;0m╵[38;2;1;1;1m                  [0m
[48;2;1;1;1m[38;2;1;1;1m                  [48;2;4;1;4m[38;2;53;47;51m▁[48;2;226;222;225m[38;2;72;63;68m▎[48;2;202;197;201m[38;2;250;250;252m▇[48;2;248;247;249m[38;2;0;0;0m [48;2;250;250;252m[38;2;250;250;252m      [48;2;250;247;248m[38;2;0;0;0m [48;2;213;95;118m[38;2;246;244;245m▄[48;2;211;78;104m[38;2;246;243;245m▄[48;2;244;238;241m[38;2;0;0;0m [48;2;212;88;110m[38;2;246;243;246m▄[48;2;247;244;246m[38;2;0;0;0m [48;2;250;249;252m[38;2;187;175;179m▁[38;2;177;165;169m▁[48;2;240;240;242m[38;2;164;155;160m▁[48;2;236;234;237m[38;2;21;18;21m▄[48;2;217;214;217m[38;2;11;10;12m▄[48;2;53;48;52m[38;2;7;5;8m▇[48;2;1;1;1m[38;2;1;1;1m                    [0m
[48;2;1;1;1m[38;2;1;1;1m                [48;2;0;0;0m▄[38;2;2;2;2m▂[48;2;230;227;230m[38;2;82;73;78m▎[48;2;248;249;251m[38;2;0;0;0m [48;2;249;248;250m[38;2;178;171;176m▁[48;2;235;234;236m[38;2;60;57;60m▄[48;2;229;227;230m[38;2;6;4;7m▄▄[48;2;224;220;223m[38;2;0;0;0m [48;2;250;249;252m[38;2;247;247;249m⎻[48;2;250;250;252m[38;2;250;250;252m      [48;2;249;248;251m[38;2;0;0;0m [48;2;238;234;238m[38;2;147;143;147m▁[48;2;5;4;4m[38;2;57;50;52m▎[48;2;30;27;28m[38;2;1;0;0m▇[48;2;25;25;27m[38;2;1;1;3m▇[48;2;1;1;3m[38;2;2;2;4m┏[48;2;1;1;1m[38;2;1;1;1m                      [0m
[48;2;1;1;1m[38;2;1;1;1m                [48;2;0;1;0m[38;2;0;0;0m [48;2;226;223;224m[38;2;49;43;45m▎[48;2;250;250;252m[38;2;247;247;249m╶[48;2;249;249;251m[38;2;155;155;157m▁[48;2;18;16;20m[38;2;167;160;167m▎[48;2;1;1;1m[38;2;0;0;0m [48;2;0;0;4m[38;2;0;0;2m▌[38;2;0;0;0m▊[48;2;240;236;237m[38;2;87;68;70m▎[48;2;249;249;250m[38;2;251;249;251m┃[48;2;250;250;252m[38;2;250;250;252m      [48;2;222;217;221m[38;2;252;251;253m▊[48;2;3;2;5m[38;2;67;62;66m▎[48;2;1;1;1m[38;2;1;1;1m  [38;2;1;1;3m▊[48;2;1;1;0m[38;2;1;1;1m▎[48;2;1;1;1m                      [0m
[48;2;1;1;1m[38;2;1;1;1m                [48;2;38;16;20m[38;2;181;60;81m▗[48;2;183;79;97m[38;2;239;227;229m▝[48;2;190;165;170m[38;2;55;40;40m┏[48;2;29;26;27m[38;2;0;0;0m [48;2;1;1;1m[38;2;1;1;1m  [48;2;1;1;3m[38;2;1;1;3m  [48;2;238;236;238m[38;2;78;67;71m▎[48;2;249;249;252m[38;2;251;250;255m┃[48;2;250;250;252m[38;2;250;250;252m    [48;2;249;249;251m[38;2;249;249;251m▄[48;2;244;244;246m[38;2;0;0;0m [48;2;240;237;238m[38;2;41;38;39m▅[48;2;9;8;8m[38;2;0;0;0m [48;2;1;1;1m[38;2;1;1;1m                          [0m
[48;2;1;1;1m[38;2;1;1;1m                [48;2;4;3;2m[38;2;89;31;41m▁[48;2;187;62;85m[38;2;51;28;26m▎[48;2;12;7;8m[38;2;147;47;65m▎[48;2;1;0;1m[38;2;0;0;0m [48;2;1;1;1m[38;2;1;1;1m    [48;2;218;212;215m[38;2;76;64;68m▎[48;2;246;244;248m[38;2;0;0;0m [48;2;250;250;252m[38;2;250;250;252m    [48;2;249;249;251m[38;2;0;0;0m [48;2;237;234;237m[38;2;111;106;110m▁[48;2;25;22;23m[38;2;161;156;157m▁[48;2;3;2;3m[38;2;0;0;0m [48;2;1;1;3m[38;2;1;1;1m▊[48;2;1;0;5m[38;2;1;1;3m▎[48;2;1;1;3m[38;2;1;0;5m▊[48;2;1;1;1m[38;2;1;1;3m▎[38;2;1;1;1m                      [0m
[48;2;1;1;1m[38;2;1;1;1m                [48;2;147;48;69m[38;2;8;4;4m▅[48;2;24;8;11m[38;2;0;0;0m [48;2;1;1;1m[38;2;1;1;1m    [48;2;9;6;9m[38;2;146;132;139m▁[48;2;16;12;15m[38;2;198;193;197m▅[48;2;19;15;18m[38;2;233;230;233m▅[48;2;175;170;173m[38;2;98;92;96m▄[48;2;231;231;233m[38;2;29;27;30m▅[48;2;234;233;236m[38;2;24;21;24m▅[48;2;233;232;237m[38;2;23;20;22m▅▅[48;2;228;226;228m[38;2;66;61;65m▅[48;2;44;38;42m[38;2;220;216;219m▅[48;2;238;236;239m[38;2;0;0;0m [48;2;28;25;28m[38;2;179;174;178m▁[48;2;4;2;5m[38;2;0;0;0m [48;2;2;0;2m[38;2;3;1;6m▃[48;2;1;1;1m[38;2;1;1;1m                        [0m
[48;2;1;1;1m[38;2;1;1;1m                    [38;2;0;0;0m [48;2;11;8;9m[38;2;141;133;136m▁[48;2;235;234;236m[38;2;94;85;90m▎[48;2;250;249;251m[38;2;0;0;0m [48;2;250;250;252m[38;2;249;250;252m▊[48;2;248;248;250m[38;2;252;250;253m┃[48;2;11;9;13m[38;2;159;152;159m▎[48;2;77;73;75m[38;2;231;226;228m┏[48;2;4;3;5m[38;2;81;69;75m▎[48;2;25;19;23m[38;2;209;205;209m▅[48;2;240;240;242m[38;2;0;0;0m [48;2;249;249;251m[38;2;249;249;251m▄[38;2;251;251;253m▄[48;2;200;200;202m[38;2;250;250;251m▊[48;2;24;21;25m[38;2;174;167;173m▁[48;2;2;2;2m[38;2;0;0;0m [48;2;1;1;1m[38;2;1;1;1m                        [0m
[48;2;1;1;1m[38;2;1;1;1m                    [48;2;0;0;2m[38;2;2;1;3m▌[48;2;237;235;238m[38;2;77;71;75m▎[48;2;250;250;252m[38;2;250;250;252m  [48;2;242;240;243m[38;2;96;87;92m▁[48;2;192;187;190m[38;2;72;65;69m┏[48;2;60;53;57m[38;2;212;207;211m▅[48;2;224;222;225m[38;2;88;78;83m▁[48;2;6;5;7m[38;2;106;97;102m▎[48;2;248;248;250m[38;2;142;136;140m▎[48;2;250;250;252m[38;2;250;250;252m    [48;2;197;191;195m[38;2;251;248;251m▊[48;2;23;20;23m[38;2;181;175;179m▁[48;2;1;1;1m[38;2;0;0;0m▅[48;2;0;0;0m[38;2;1;1;1m┓[48;2;1;1;1m                      [0m
[48;2;1;1;1m[38;2;1;1;1m                    [48;2;73;69;72m[38;2;220;216;219m┏[48;2;230;229;231m[38;2;0;0;0m [48;2;250;250;252m[38;2;250;250;252m  [48;2;74;69;73m[38;2;243;242;244m▅[48;2;234;232;235m[38;2;0;0;0m [48;2;179;174;178m[38;2;27;20;24m┏[48;2;16;13;16m[38;2;0;0;0m [48;2;2;2;4m [48;2;202;198;202m[38;2;17;13;16m▅[48;2;250;249;252m[38;2;183;182;187m▎[48;2;250;250;250m[38;2;250;250;250m▄[48;2;250;250;252m[38;2;250;250;252m  [48;2;248;249;251m[38;2;251;251;253m▎[48;2;181;176;180m[38;2;250;250;252m▊[48;2;2;0;0m[38;2;46;40;42m▎[48;2;2;1;1m[38;2;0;0;0m│[48;2;1;1;1m[38;2;1;1;1m                      [0m
[48;2;1;1;1m[38;2;1;1;1m                  [38;2;4;1;1m▗[48;2;68;65;66m[38;2;220;217;218m┏[48;2;233;231;233m[38;2;0;0;0m [48;2;248;249;251m[38;2;249;250;252m▄[48;2;250;250;252m[38;2;250;250;252m  [48;2;249;249;251m[38;2;249;249;251m▄[48;2;247;241;245m[38;2;249;250;252m▊[48;2;7;5;7m[38;2;155;148;155m▎[48;2;4;2;7m[38;2;1;0;2m▊[48;2;1;1;1m[38;2;0;0;0m▝[48;2;0;0;0m[38;2;1;1;1m┗[48;2;199;195;198m[38;2;17;13;17m▅[48;2;249;249;251m[38;2;194;189;193m▎[48;2;250;250;252m[38;2;250;250;252m  [38;2;251;251;253m▄[48;2;243;243;245m[38;2;0;0;0m [48;2;39;34;36m[38;2;225;222;226m▅[48;2;1;1;3m[38;2;31;26;30m▎[48;2;1;1;1m[38;2;1;1;1m                      [0m
[48;2;1;1;1m[38;2;1;1;1m                  [48;2;1;0;2m[38;2;3;3;5m│[48;2;229;227;230m[38;2;63;57;61m▎[48;2;250;250;252m[38;2;250;250;252m    [48;2;250;249;251m[38;2;249;248;251m▄[48;2;176;172;176m[38;2;23;18;22m┏[48;2;16;14;19m[38;2;0;0;0m [48;2;1;0;4m[38;2;2;0;5m▄[48;2;1;1;1m[38;2;1;1;1m  [48;2;3;3;5m[38;2;0;0;0m [48;2;200;195;199m[38;2;17;14;17m▅[48;2;251;251;253m[38;2;212;212;214m▎[48;2;248;248;250m[38;2;251;251;253m┻[48;2;250;250;252m[38;2;250;250;252m  [48;2;190;185;189m[38;2;249;248;250m▊[48;2;28;26;28m[38;2;220;218;221m▁[48;2;0;0;0m[38;2;2;2;2m▄▄[48;2;1;1;1m[38;2;1;1;1m                    [0m
[48;2;1;0;1m[38;2;33;4;150m▂▂▂▂▂▂▂▂▂▂▂▂▂▂[48;2;2;0;1m[38;2;32;5;150m▂▂[48;2;1;0;1m[38;2;33;4;150m▂▂[48;2;3;1;3m[38;2;31;3;147m▂[48;2;228;224;228m[38;2;71;57;91m▎[48;2;250;250;252m[38;2;250;250;252m    [48;2;176;167;188m[38;2;25;13;55m┏[48;2;22;19;22m[38;2;32;5;146m▂[48;2;3;1;4m[38;2;32;5;150m▂▂[48;2;1;0;1m[38;2;33;4;150m▂▂[48;2;2;1;3m[38;2;33;5;149m▂[48;2;12;11;13m[38;2;35;8;148m▂[48;2;251;251;252m[38;2;193;192;195m▎[48;2;249;249;251m[38;2;249;249;249m╷[48;2;250;250;252m[38;2;250;250;252m  [48;2;249;249;251m[38;2;251;251;253m┃[48;2;162;161;163m[38;2;250;249;251m▊[48;2;13;8;24m[38;2;44;9;191m▁[48;2;2;2;3m[38;2;30;5;145m▂[48;2;1;0;1m[38;2;33;4;150m▂▂▂▂▂▂▂▂▂▂▂▂▂▂▂▂▂▂[48;2;1;0;2m[38;2;33;4;148m▂▂[0m
[48;2;38;3;183m[38;2;38;3;183m                  [48;2;33;0;183m[38;2;40;2;185m▊[48;2;232;231;235m[38;2;86;64;191m▎[48;2;250;250;252m[38;2;250;250;252m  [38;2;251;251;253m▌[48;2;252;252;254m[38;2;250;250;252m▌[48;2;42;7;182m[38;2;182;176;214m▎[48;2;40;2;186m[38;2;39;3;182m▊[48;2;38;3;183m[38;2;38;3;183m    [48;2;39;4;184m[38;2;40;5;183m▂[48;2;40;5;183m[38;2;39;4;184m▅[48;2;232;231;236m[38;2;53;23;183m▆[48;2;250;250;251m[38;2;216;212;232m▎[48;2;250;250;252m[38;2;250;250;252m  ▄[48;2;172;168;193m[38;2;249;249;249m▊[48;2;37;2;184m[38;2;60;29;185m▎[48;2;39;4;184m[38;2;38;4;179m│[48;2;38;3;183m[38;2;38;3;183m                    [0m
[48;2;38;3;183m[38;2;38;3;183m                  [48;2;31;0;180m[38;2;40;3;184m▊[48;2;194;187;222m[38;2;47;21;182m▂[48;2;239;238;245m[38;2;0;0;0m [48;2;249;249;249m[38;2;250;249;253m▚[48;2;250;250;252m[38;2;251;251;253m▌[48;2;252;252;254m[38;2;250;250;252m▌[48;2;44;8;183m[38;2;179;173;211m▎[48;2;40;2;186m[38;2;38;2;182m▊[48;2;38;3;183m[38;2;38;3;183m      [48;2;39;6;185m[38;2;0;0;0m [48;2;250;251;252m[38;2;197;191;218m▎[48;2;250;250;252m[38;2;250;250;252m  [38;2;251;250;255m│[48;2;174;170;195m[38;2;248;248;248m▊[48;2;37;2;184m[38;2;60;29;185m▎[48;2;39;4;184m[38;2;38;4;179m│[48;2;38;3;183m[38;2;38;3;183m                    [0m
[48;2;38;3;185m[38;2;38;3;185m                  [48;2;39;4;186m▌[48;2;36;1;183m▌[48;2;239;239;240m[38;2;113;99;186m▎[48;2;250;250;252m[38;2;251;250;255m▎[38;2;249;249;251m▊[48;2;251;251;253m[38;2;250;250;252m▎[48;2;42;7;181m[38;2;182;176;210m▎[48;2;38;2;183m[38;2;40;3;185m▄[48;2;38;3;185m[38;2;38;3;185m      [48;2;42;10;181m[38;2;0;0;0m [48;2;250;251;252m[38;2;202;196;225m▎[48;2;250;250;252m[38;2;250;250;252m  [48;2;245;245;248m[38;2;0;0;0m [48;2;222;221;230m[38;2;44;18;178m▂[48;2;37;2;184m[38;2;53;20;187m▎[48;2;38;3;184m[38;2;36;0;184m▎[48;2;38;3;185m[38;2;38;3;185m                    [0m
[48;2;38;3;185m[38;2;38;3;185m                  [48;2;39;4;186m▌[48;2;36;1;183m▌[48;2;239;239;240m[38;2;113;99;186m▎[48;2;250;250;252m[38;2;251;250;255m▎[38;2;250;250;252m  [48;2;41;7;181m[38;2;183;176;210m▎[48;2;38;2;184m[38;2;41;3;186m│[48;2;38;3;185m[38;2;38;3;185m      [48;2;38;4;183m[38;2;40;3;185m▄[48;2;208;202;225m[38;2;48;16;184m▆[48;2;240;235;237m[38;2;198;72;101m▂[48;2;245;241;241m[38;2;202;76;103m▂[48;2;221;216;233m[38;2;41;10;178m▂[48;2;40;7;179m[38;2;0;0;0m [48;2;39;3;183m[38;2;181;61;95m▂[48;2;38;3;183m[38;2;0;0;0m [48;2;38;3;185m[38;2;38;3;185m                    [0m
[48;2;38;3;185m[38;2;38;3;185m                  [38;2;39;4;186m▊[48;2;37;2;184m[38;2;38;3;185m▎[48;2;202;196;219m[38;2;157;55;110m▂[48;2;243;237;239m[38;2;211;68;95m▂[48;2;244;238;240m[38;2;211;68;97m▂[48;2;214;141;153m[38;2;51;19;25m▂[48;2;64;28;155m[38;2;6;5;11m▂[48;2;37;4;173m[38;2;7;4;10m▂[48;2;36;4;174m[38;2;4;2;8m▂▂[48;2;37;4;175m[38;2;4;3;7m▂[48;2;38;4;177m[38;2;7;5;15m▂[48;2;37;4;175m[38;2;6;4;12m▂[48;2;36;4;172m[38;2;3;2;4m▂[48;2;39;5;176m[38;2;5;4;9m▂[48;2;66;29;85m[38;2;213;73;101m━[48;2;211;71;97m[38;2;0;0;0m [48;2;212;72;98m [48;2;68;29;85m[38;2;225;73;99m━[48;2;61;26;84m[38;2;204;69;96m━[48;2;183;76;93m[38;2;34;13;118m▇[48;2;40;2;183m[38;2;40;4;185m▄[48;2;38;3;185m[38;2;38;3;185m                    [0m
[48;2;38;3;185m[38;2;38;3;185m                  [48;2;71;22;156m[38;2;163;59;113m━[48;2;80;34;93m[38;2;219;73;97m━[48;2;189;63;90m[38;2;10;4;7m▂[48;2;216;71;97m[38;2;39;17;18m▃[48;2;180;61;82m[38;2;26;13;15m▆[48;2;12;5;6m[38;2;0;0;0m [48;2;1;1;1m[38;2;1;1;1m        [48;2;2;2;2m[38;2;0;0;0m▃▃[48;2;164;58;78m[38;2;3;3;2m▆▆[48;2;0;0;0m[38;2;2;2;2m▄[38;2;1;1;1m▄[48;2;4;2;9m[38;2;0;0;0m [48;2;33;9;129m[38;2;7;7;16m━[48;2;39;4;182m[38;2;0;0;0m [48;2;39;4;186m[38;2;39;4;184m│[48;2;38;3;185m[38;2;38;3;185m                  [0m
[48;2;38;3;185m[38;2;38;3;185m                  [38;2;37;2;181m⎻[48;2;26;9;76m[38;2;38;3;184m▆[48;2;17;9;39m[38;2;40;4;181m▆[48;2;17;6;52m[38;2;40;3;184m▆[48;2;17;7;49m[38;2;40;3;183m▆▆[48;2;15;4;51m[38;2;39;2;183m▆[48;2;4;2;4m[38;2;37;3;172m▇[48;2;3;3;5m[38;2;37;2;174m▇▇▇▇▇▇[48;2;3;3;3m▇▇[48;2;4;2;4m[38;2;37;3;172m▇[48;2;4;2;6m[38;2;37;2;175m▇[48;2;18;11;38m[38;2;39;3;181m▆▆[48;2;23;13;56m[38;2;40;4;183m▆[48;2;38;3;184m[38;2;37;4;178m╵[48;2;38;3;185m[38;2;38;3;185m                    [0m
[48;2;40;2;185m[38;2;40;2;185m                                                            [0m
[48;2;40;2;185m[38;2;40;2;185m                                                            [0m
