[48;2;1;1;1m[38;2;1;1;1m                                                            [0m
[48;2;1;1;1m[38;2;1;1;1m                                                            [0m
[48;2;1;1;1m[38;2;1;1;1m                                                            [0m
[48;2;1;1;1m[38;2;1;1;1m                                                            [0m
[48;2;1;1;1m[38;2;1;1;1m                            [38;2;0;0;0m [48;2;0;1;0m[38;2;24;22;25m▁[48;2;1;0;0m[38;2;0;0;0m⎺[38;2;2;0;1m▄[48;2;0;0;0m[38;2;33;27;29m▁▁[48;2;1;1;1m[38;2;1;1;1m                          [0m
[48;2;1;1;1m[38;2;1;1;1m                          [48;2;0;0;2m[38;2;1;1;3m│[48;2;2;2;4m│[48;2;11;7;11m[38;2;194;187;190m▄[48;2;117;108;116m[38;2;235;232;235m▇[48;2;133;128;148m[38;2;247;246;249m▇[48;2;126;122;137m[38;2;246;246;247m▇[48;2;126;124;129m[38;2;242;242;244m▇[48;2;200;196;201m[38;2;49;44;47m▄[48;2;8;7;7m[38;2;0;0;0m [48;2;0;1;1m [48;2;1;1;1m[38;2;1;1;1m                        [0m
[48;2;1;1;1m[38;2;1;1;1m                          [48;2;1;0;1m[38;2;1;0;3m┃[48;2;2;0;3m[38;2;3;1;6m│[48;2;248;247;250m[38;2;139;124;129m▎[48;2;247;247;249m[38;2;250;249;253m▊[48;2;244;246;245m[38;2;213;99;120m▄[48;2;212;100;121m[38;2;40;18;21m▄[48;2;216;145;153m[38;2;203;64;90m▇[48;2;2;1;3m[38;2;40;23;22m▎[48;2;3;1;4m[38;2;4;2;7m▌[48;2;2;0;1m[38;2;3;1;4m▌[48;2;2;1;5m[38;2;0;0;2m▊[48;2;0;0;2m[38;2;2;1;5m▎[48;2;1;1;1m[38;2;1;1;1m                      [0m
[48;2;1;1;1m[38;2;1;1;1m                        [48;2;0;1;2m[38;2;2;0;5m▂[38;2;26;24;29m▁[48;2;2;1;4m[38;2;37;30;34m▁[48;2;10;8;11m[38;2;201;198;201m▄[48;2;234;233;236m[38;2;0;0;0m [48;2;243;245;246m[38;2;251;251;253m▊[48;2;216;70;97m[38;2;218;133;146m▎[48;2;167;50;68m[38;2;218;73;100m▇[48;2;212;68;97m[38;2;215;72;99m▄[48;2;21;15;19m[38;2;225;219;221m▄[48;2;11;8;15m[38;2;233;231;234m▄▄[48;2;10;8;11m[38;2;234;232;233m▄▄[48;2;10;8;10m[38;2;234;231;234m▄▄[38;2;208;204;207m▄[48;2;5;4;4m[38;2;0;0;0m [48;2;1;1;1m[38;2;1;1;1m                  [0m
[48;2;1;1;1m[38;2;1;1;1m                    [48;2;0;0;2m[38;2;3;2;6m▁[48;2;1;1;3m[38;2;37;35;40m▁[48;2;2;1;3m[38;2;51;45;47m▁[48;2;12;10;13m[38;2;192;189;193m▄[48;2;14;11;15m[38;2;236;235;237m▄[48;2;243;242;244m[38;2;154;150;153m▘[48;2;179;168;174m[38;2;251;249;252m▇[48;2;250;248;251m[38;2;0;0;0m [48;2;251;251;253m[38;2;250;250;252m▄[48;2;250;250;252m[38;2;252;252;254m│[48;2;219;72;98m[38;2;219;142;155m▎[48;2;219;73;100m[38;2;211;72;96m▄[48;2;214;70;96m[38;2;217;109;127m▁[48;2;212;88;112m[38;2;239;229;230m▄[48;2;248;247;249m[38;2;0;0;0m [48;2;250;250;252m[38;2;248;249;251m│[48;2;249;249;251m[38;2;0;0;0m [48;2;250;250;251m[38;2;204;203;209m▁[48;2;235;233;235m[38;2;0;0;0m [48;2;240;240;242m[38;2;30;26;29m▄[48;2;216;212;215m[38;2;18;16;17m▄[48;2;5;4;4m[38;2;0;0;0m [48;2;1;1;1m[38;2;1;1;1m                  [0m
[48;2;1;1;1m[38;2;1;1;1m                  [48;2;1;0;1m[38;2;1;1;3m▄[48;2;3;0;4m[38;2;52;48;52m▁[48;2;15;12;16m[38;2;191;185;188m▄[48;2;219;215;219m[38;2;0;0;0m [48;2;205;197;202m[38;2;249;249;251m▇[48;2;248;248;250m[38;2;0;0;0m [48;2;250;250;252m[38;2;250;250;252m    [38;2;251;251;253m┃│[48;2;214;91;113m[38;2;246;244;246m▄[48;2;244;240;242m[38;2;0;0;0m [48;2;230;228;231m[38;2;250;250;252m▇[48;2;250;249;252m[38;2;0;0;0m [48;2;243;241;243m [48;2;237;236;239m[38;2;24;21;25m▄[48;2;217;215;218m[38;2;10;8;11m▄[48;2;57;49;54m[38;2;6;5;7m▇[48;2;46;40;44m[38;2;3;1;3m▇[48;2;1;1;3m[38;2;0;0;0m [48;2;1;1;1m[38;2;1;1;1m                    [0m
[48;2;1;1;1m[38;2;1;1;1m                [48;2;1;1;0m[38;2;0;2;0m▘[48;2;1;0;2m[38;2;84;83;85m▁[48;2;18;15;18m[38;2;193;187;191m▄[48;2;221;217;221m[38;2;0;0;0m [48;2;249;249;251m [48;2;250;249;251m[38;2;176;170;174m▁[48;2;249;248;250m[38;2;147;138;143m▁[48;2;233;232;234m[38;2;55;50;54m▄[48;2;229;227;231m[38;2;9;7;11m▄[48;2;228;226;228m[38;2;0;0;0m [48;2;250;250;252m[38;2;250;250;252m        [48;2;200;185;190m[38;2;250;248;251m▊[48;2;0;0;2m[38;2;51;41;49m▎[48;2;1;1;3m[38;2;1;1;3m  [48;2;1;1;1m[38;2;1;1;1m                      [0m
[48;2;1;1;1m[38;2;1;1;1m                [48;2;1;1;0m[38;2;56;32;35m▁[48;2;227;223;225m[38;2;55;45;49m▎[48;2;249;249;251m[38;2;0;0;0m [48;2;248;247;250m[38;2;155;150;154m▁[48;2;228;224;228m[38;2;53;47;53m▄[48;2;30;27;29m[38;2;0;0;0m [48;2;19;17;18m[38;2;1;1;1m▇[48;2;1;0;0m[38;2;0;0;0m [48;2;1;0;6m[38;2;5;0;7m▎[48;2;245;243;245m[38;2;103;100;107m▎[48;2;250;250;252m[38;2;250;250;252m      [48;2;249;249;251m▄[48;2;242;242;244m[38;2;0;0;0m [48;2;209;205;207m[38;2;18;15;15m▄[48;2;5;5;5m[38;2;0;0;0m [48;2;0;0;0m[38;2;2;2;4m▌[48;2;1;1;0m[38;2;2;2;2m│[48;2;1;1;1m[38;2;1;1;1m                      [0m
[48;2;1;1;1m[38;2;1;1;1m              [48;2;1;2;1m[38;2;77;29;39m▁[48;2;18;8;8m[38;2;159;54;72m▄[48;2;186;60;84m[38;2;0;0;0m [48;2;204;86;108m[38;2;241;225;230m▝[48;2;221;213;216m[38;2;53;19;24m▄[48;2;29;25;26m[38;2;0;0;0m [48;2;1;1;1m[38;2;2;2;2m▎[48;2;2;2;2m[38;2;1;1;1m▊[48;2;1;1;1m  [48;2;6;3;10m[38;2;130;122;131m▁[48;2;244;243;245m[38;2;116;112;119m▎[48;2;250;250;252m[38;2;250;250;252m    [38;2;251;251;253m▎[48;2;249;249;251m▌[48;2;250;249;251m[38;2;0;0;0m [48;2;234;232;235m[38;2;116;108;113m▁[48;2;2;1;1m[38;2;55;46;47m▎[48;2;1;0;2m[38;2;3;1;2m│[48;2;1;1;1m[38;2;1;1;3m▌[48;2;1;1;0m[38;2;1;1;1m▌[48;2;1;1;1m                      [0m
[48;2;1;1;1m[38;2;1;1;1m              [48;2;151;49;68m[38;2;11;4;6m▅[48;2;212;69;95m[38;2;18;7;8m▅[48;2;215;70;98m[38;2;18;6;10m▅[48;2;25;8;14m[38;2;0;0;0m [48;2;1;1;1m[38;2;2;2;4m▌[38;2;0;0;0m▌[38;2;1;1;1m  [48;2;1;0;1m[38;2;0;0;0m [48;2;6;4;5m[38;2;139;131;134m▁[48;2;217;212;216m[38;2;92;79;84m▎[48;2;246;244;248m[38;2;0;0;0m [48;2;250;250;252m[38;2;250;250;252m    [48;2;248;248;250m[38;2;0;0;0m [48;2;240;240;242m[38;2;103;98;102m▁[48;2;232;230;232m[38;2;36;32;36m▅[48;2;9;8;10m[38;2;0;0;0m [48;2;1;1;3m▌[48;2;2;1;6m[38;2;1;1;3m▌[48;2;0;0;1m[38;2;1;0;5m▌[48;2;1;1;3m[38;2;0;0;0m▌[48;2;1;1;1m[38;2;1;1;1m                      [0m
[48;2;1;1;1m[38;2;1;1;1m                [48;2;1;1;3m▂▂[48;2;1;1;1m    [48;2;9;7;9m[38;2;142;134;138m▁[48;2;240;236;240m[38;2;107;99;104m▎[48;2;64;59;63m[38;2;236;235;237m▅[48;2;175;170;174m[38;2;99;92;96m▄[48;2;232;230;233m[38;2;30;26;29m▅[48;2;234;234;237m[38;2;24;22;24m▅[48;2;232;231;236m[38;2;22;19;21m▅▅[48;2;229;226;230m[38;2;22;18;21m▅[48;2;20;16;19m[38;2;176;162;168m▁[48;2;11;8;12m[38;2;175;163;166m▁[48;2;3;2;5m[38;2;0;0;0m [48;2;2;0;3m[38;2;3;1;6m▂▂[48;2;1;1;1m[38;2;1;1;1m                        [0m
[48;2;1;1;1m[38;2;1;1;1m                    [38;2;3;2;3m╵[48;2;11;8;9m[38;2;142;133;136m▁[48;2;235;233;235m[38;2;96;85;89m▎[48;2;250;249;252m[38;2;250;249;253m▄[48;2;250;250;252m[38;2;251;251;253m▄┓[48;2;60;55;59m[38;2;239;238;240m▅[48;2;19;17;20m[38;2;236;233;236m▅[48;2;5;3;6m[38;2;77;69;72m▎[48;2;19;15;18m[38;2;206;201;205m▅[48;2;15;10;13m[38;2;60;52;57m▎[48;2;250;249;252m[38;2;163;157;158m▎[48;2;218;216;221m[38;2;251;250;252m▊[48;2;2;1;5m[38;2;72;60;62m▎[48;2;1;1;3m[38;2;2;1;6m▌[48;2;0;0;0m[38;2;1;1;3m▌[48;2;1;1;1m[38;2;1;1;1m                        [0m
[48;2;1;1;1m[38;2;1;1;1m                    [48;2;1;0;3m[38;2;0;0;0m│[48;2;238;235;239m[38;2;78;69;70m▎[48;2;250;250;252m[38;2;250;250;252m  [48;2;241;240;242m[38;2;91;80;86m▁[48;2;238;237;240m[38;2;57;46;52m▁[48;2;230;228;231m[38;2;92;84;87m▅[48;2;225;221;228m[38;2;24;21;23m▅[48;2;80;73;74m[38;2;188;185;184m┏[48;2;202;196;200m[38;2;88;81;84m▅[48;2;52;44;46m[38;2;221;219;223m▅[48;2;242;242;244m[38;2;0;0;0m [48;2;247;247;249m [48;2;43;37;41m[38;2;227;225;228m▅[48;2;3;1;4m[38;2;37;32;34m▎[48;2;0;0;2m[38;2;3;1;5m▂[48;2;1;1;1m[38;2;1;1;1m                        [0m
[48;2;1;1;1m[38;2;1;1;1m                    [48;2;73;69;71m[38;2;220;217;219m┏[48;2;230;229;232m[38;2;0;0;0m [48;2;250;250;252m[38;2;250;250;252m  [48;2;73;68;72m[38;2;243;242;244m▅[48;2;30;25;29m[38;2;242;241;243m▅[48;2;236;234;237m[38;2;0;0;0m [48;2;64;59;63m[38;2;195;188;192m▅[48;2;18;15;18m[38;2;0;0;0m [48;2;249;248;250m[38;2;141;136;140m▎[48;2;250;250;252m[38;2;250;250;252m  [48;2;249;249;251m[38;2;249;249;251m▄[48;2;201;201;203m[38;2;251;251;253m▊[48;2;29;24;27m[38;2;198;191;195m▁[48;2;4;2;6m[38;2;0;0;0m [48;2;1;1;1m[38;2;1;1;1m                        [0m
[48;2;1;1;1m[38;2;1;1;1m                  [38;2;2;0;3m▎[48;2;4;0;4m[38;2;1;0;5m▌[48;2;235;232;236m[38;2;95;86;89m▎[48;2;250;250;252m[38;2;251;249;254m▌[38;2;250;250;252m    [48;2;238;236;241m[38;2;60;53;61m▁[48;2;6;4;9m[38;2;118;114;118m▎[48;2;10;10;14m[38;2;2;1;3m▊[48;2;212;208;212m[38;2;28;19;24m▁[48;2;245;245;247m[38;2;0;0;0m [48;2;251;251;253m[38;2;249;249;251m╋[48;2;250;250;252m[38;2;250;250;252m  [48;2;198;186;188m[38;2;251;249;250m▊[48;2;2;0;4m[38;2;52;45;53m▎[48;2;1;1;3m[38;2;3;1;6m▌[48;2;0;1;0m[38;2;1;1;3m▌[48;2;1;1;1m[38;2;1;1;1m                      [0m
[48;2;1;1;1m[38;2;1;1;1m                  [48;2;1;0;0m[38;2;2;2;2m│[48;2;6;1;5m[38;2;2;0;5m▊[48;2;235;232;236m[38;2;95;86;89m▎[48;2;250;250;252m[38;2;251;249;254m▌[38;2;250;250;252m  [48;2;249;249;251m[38;2;249;250;252m▄[48;2;176;172;176m[38;2;23;18;21m┏[48;2;15;13;18m[38;2;0;0;0m [48;2;2;0;5m[38;2;2;1;5m▄[48;2;1;0;0m[38;2;2;0;1m▄[48;2;14;8;12m[38;2;2;0;0m▊[48;2;210;208;211m[38;2;22;14;19m▁[48;2;247;246;247m[38;2;0;0;0m [48;2;250;250;252m[38;2;250;250;252m  [48;2;208;199;204m[38;2;251;250;251m▊[48;2;30;25;29m[38;2;227;221;225m▁[48;2;5;2;6m[38;2;0;0;0m [48;2;1;0;1m[38;2;1;0;3m▃[48;2;1;1;1m[38;2;1;1;1m                      [0m
[48;2;1;0;2m[38;2;33;3;147m▂▂▂▂[48;2;1;0;1m[38;2;33;3;148m▂▂[38;2;32;3;147m▂▂[38;2;34;4;149m▂▂[38;2;32;4;147m▂▂[38;2;32;3;148m▂▂[48;2;1;0;2m[38;2;32;3;147m▂▂[48;2;1;0;1m▂▂[48;2;1;1;2m[38;2;31;3;150m▂[48;2;78;72;86m[38;2;223;220;223m┏[48;2;234;232;235m[38;2;0;0;0m [48;2;250;250;252m[38;2;249;250;252m▄[38;2;250;250;252m  [48;2;238;237;243m[38;2;71;49;187m▁[48;2;50;46;48m[38;2;39;12;155m▂[48;2;2;1;4m[38;2;33;4;150m▂▂[48;2;1;0;1m[38;2;33;3;147m▂▂[48;2;10;8;9m[38;2;36;9;151m▂[48;2;250;250;250m[38;2;167;161;171m▎[48;2;250;250;252m[38;2;250;250;252m  [48;2;249;250;252m[38;2;0;0;0m [48;2;181;179;182m[38;2;251;250;252m▊[48;2;13;11;13m[38;2;44;15;149m▂[48;2;4;1;5m[38;2;34;4;149m▂[48;2;1;0;2m[38;2;33;3;147m▂▂▂▂▂▂▂▂[38;2;34;4;148m▂▂[48;2;1;0;1m[38;2;33;3;148m▂▂[48;2;1;0;2m[38;2;34;4;148m▂▂[38;2;33;3;147m▂▂▂▂[38;2;34;4;148m▂▂[38;2;33;3;147m▂▂[0m
[48;2;38;3;183m[38;2;38;3;183m                  [48;2;38;1;185m[38;2;38;1;185m▄[48;2;232;230;236m[38;2;83;63;186m▎[48;2;250;250;252m[38;2;250;250;252m  [48;2;251;250;255m[38;2;251;251;253m▌[48;2;252;252;252m[38;2;250;249;253m▌[48;2;41;6;180m[38;2;186;179;213m▎[48;2;38;2;185m[38;2;38;3;183m▎[48;2;38;3;183m    [48;2;40;4;184m[38;2;0;0;0m [48;2;232;231;235m[38;2;53;20;183m▆[48;2;250;250;252m[38;2;208;205;222m▎[48;2;250;249;252m[38;2;249;249;252m▄[48;2;249;249;251m[38;2;252;252;254m▄[48;2;247;247;249m[38;2;0;0;0m [48;2;44;13;181m[38;2;219;215;233m▆[48;2;38;2;182m[38;2;45;14;173m▎[48;2;38;3;183m[38;2;38;3;183m                      [0m
[48;2;38;3;183m[38;2;38;3;183m                  [48;2;34;0;186m[38;2;39;2;184m▊[48;2;232;231;237m[38;2;82;62;185m▎[48;2;250;250;252m[38;2;250;250;252m  [48;2;250;249;254m▌[48;2;251;251;251m[38;2;249;248;252m▌[48;2;42;6;181m[38;2;183;175;214m▎[48;2;39;3;184m[38;2;39;4;186m▎[48;2;38;3;183m[38;2;38;3;183m    [48;2;37;3;181m[38;2;37;2;184m│[48;2;47;15;178m[38;2;37;2;183m▊[48;2;232;231;238m[38;2;58;33;183m▂[48;2;246;246;249m[38;2;0;0;0m [48;2;250;250;252m[38;2;250;250;252m  [48;2;171;165;213m[38;2;250;251;252m▊[48;2;37;2;185m[38;2;47;21;174m▎[48;2;38;3;183m[38;2;38;3;183m                      [0m
[48;2;38;3;185m[38;2;38;3;185m                  [48;2;35;0;187m[38;2;39;2;184m▊[48;2;233;231;237m[38;2;82;62;185m▎[48;2;250;250;252m[38;2;250;250;252m  [48;2;250;249;251m[38;2;250;250;251m▄[48;2;233;230;239m[38;2;82;58;188m▆[48;2;47;13;184m[38;2;0;0;0m [48;2;38;3;184m[38;2;38;3;182m▄[48;2;38;3;185m[38;2;38;3;185m      [48;2;42;9;182m[38;2;0;0;0m [48;2;250;251;252m[38;2;199;197;221m▎[48;2;250;250;252m[38;2;250;250;252m  [48;2;246;245;249m[38;2;0;0;0m [48;2;62;37;182m[38;2;226;225;234m▆[48;2;37;2;184m[38;2;54;22;186m▎[48;2;38;3;183m[38;2;38;3;186m┏[48;2;38;3;185m[38;2;38;3;185m                    [0m
[48;2;38;3;185m[38;2;38;3;185m                  [48;2;34;0;186m[38;2;39;2;185m▊[48;2;188;182;219m[38;2;40;8;184m▂[48;2;237;236;243m[38;2;0;0;0m [48;2;249;249;251m [48;2;253;251;252m[38;2;250;249;251m▌[48;2;48;17;181m[38;2;183;180;207m▎[48;2;38;3;185m[38;2;38;3;185m        [48;2;39;3;181m[38;2;39;3;184m▄[48;2;209;203;223m[38;2;49;17;181m▆[48;2;250;250;251m[38;2;220;219;227m▎[48;2;249;249;250m[38;2;248;248;249m▄[48;2;245;244;249m[38;2;0;0;0m [48;2;219;219;231m[38;2;48;18;180m▂[48;2;37;2;184m[38;2;54;22;187m▎[48;2;38;3;183m[38;2;38;2;186m│[48;2;38;3;185m[38;2;38;3;185m                    [0m
[48;2;38;3;185m[38;2;38;3;185m                  [48;2;38;3;183m[38;2;39;4;186m▌[48;2;36;0;184m[38;2;39;4;185m▌[48;2;201;196;219m[38;2;157;57;111m▂[48;2;245;237;240m[38;2;209;67;94m▂[48;2;245;239;241m[38;2;209;67;93m▂[48;2;78;56;177m[38;2;46;20;28m▂[48;2;36;4;172m[38;2;5;3;11m▂▂[48;2;37;4;174m[38;2;5;4;8m▂[48;2;36;4;174m[38;2;4;2;6m▂[48;2;37;4;175m[38;2;4;2;8m▂[48;2;38;5;177m[38;2;6;4;13m▂[48;2;37;4;174m[38;2;6;4;10m▂[48;2;36;3;173m[38;2;4;2;5m▂[48;2;37;4;175m[38;2;5;4;10m▂[48;2;38;6;173m[38;2;5;3;10m▂[48;2;213;211;225m[38;2;39;23;116m▆[48;2;238;228;231m[38;2;200;69;92m▂[48;2;218;203;215m[38;2;205;72;97m▆[48;2;42;8;170m[38;2;187;63;87m▂[48;2;37;3;172m[38;2;13;8;13m▂[48;2;38;5;175m[38;2;24;13;24m▂[48;2;45;6;176m[38;2;184;61;95m▂[48;2;38;2;182m[38;2;39;3;183m▄[48;2;38;3;185m[38;2;38;3;185m                  [0m
[48;2;38;3;185m[38;2;38;3;185m                  [48;2;38;2;185m[38;2;0;0;0m [48;2;64;24;104m[38;2;179;55;108m━[48;2;190;64;92m[38;2;10;6;5m▂[48;2;216;73;98m[38;2;40;17;19m▃[48;2;216;72;98m[38;2;44;17;20m▃[48;2;9;5;6m[38;2;99;37;47m▎[48;2;1;1;1m[38;2;1;1;1m          [48;2;20;15;18m[38;2;1;0;3m▊[48;2;206;69;95m[38;2;36;16;18m▃[48;2;218;73;100m[38;2;39;16;18m▃[48;2;211;69;95m[38;2;40;16;18m▃[48;2;67;26;31m[38;2;221;74;101m━[48;2;64;25;35m[38;2;206;65;92m━[48;2;153;54;81m[38;2;26;11;85m▆[48;2;39;3;184m[38;2;41;9;176m▎[48;2;38;3;185m[38;2;38;3;185m                  [0m
[48;2;38;3;185m[38;2;38;3;185m                  [48;2;38;3;184m[38;2;38;2;185m▄[48;2;24;10;75m[38;2;39;3;185m▆[48;2;17;10;39m[38;2;40;4;183m▆[48;2;15;6;48m[38;2;39;3;184m▆[48;2;4;3;6m[38;2;38;4;173m▇▇[48;2;15;6;51m[38;2;39;2;183m▆[48;2;3;3;3m[38;2;37;3;174m▇[48;2;4;2;5m▇▇▇▇▇▇▇▇[48;2;15;6;50m[38;2;39;2;183m▆[48;2;3;3;3m[38;2;37;3;174m▇[48;2;18;11;38m[38;2;40;3;181m▆▆[48;2;18;10;46m[38;2;40;4;183m▆[48;2;21;11;60m[38;2;40;3;184m▆[48;2;38;3;185m[38;2;38;3;185m                    [0m
[48;2;40;2;185m[38;2;40;2;185m                                                            [0m
[48;2;40;2;185m[38;2;40;2;185m                                                            [0m
