[48;2;1;1;1m[38;2;1;1;1m                                                            [0m
[48;2;1;1;1m[38;2;1;1;1m                                                            [0m
[48;2;1;1;1m[38;2;1;1;1m                                                            [0m
[48;2;1;1;1m[38;2;1;1;1m                                                            [0m
[48;2;1;1;1m[38;2;1;1;1m                            [48;2;0;0;2m[38;2;1;0;5m▂▂[48;2;0;0;0m[38;2;1;1;3m▂▂[48;2;1;1;1m[38;2;1;1;1m                            [0m
[48;2;1;1;1m[38;2;1;1;1m                          [48;2;0;0;2m[38;2;1;0;2m▄[48;2;3;0;3m[38;2;22;16;20m▁[48;2;9;5;10m[38;2;194;188;191m▄[48;2;10;6;11m[38;2;221;218;220m▄[48;2;8;6;10m[38;2;222;220;221m▄▄[48;2;9;6;10m[38;2;208;201;205m▄[48;2;10;7;10m[38;2;0;0;0m [48;2;1;1;1m[38;2;1;1;1m                          [0m
[48;2;1;1;1m[38;2;1;1;1m                          [48;2;5;3;9m[38;2;2;0;3m▊[48;2;232;230;233m[38;2;118;112;112m▎[48;2;248;248;250m[38;2;0;0;0m [48;2;249;249;251m[38;2;237;237;239m▁[48;2;248;247;250m[38;2;213;94;116m▄[48;2;239;239;241m[38;2;209;82;107m▄[48;2;115;108;113m[38;2;20;13;17m▇[48;2;3;1;4m[38;2;0;0;0m [38;2;4;2;7m▌[48;2;2;0;1m[38;2;3;1;4m▌[48;2;2;1;5m[38;2;0;0;2m▊[48;2;0;0;2m[38;2;2;1;5m▎[48;2;1;1;1m[38;2;1;1;1m                      [0m
[48;2;1;1;1m[38;2;1;1;1m                      [38;2;26;22;23m▁[48;2;0;1;0m[38;2;31;27;28m▁[48;2;1;0;0m[38;2;33;29;30m▁▁[48;2;3;1;5m[38;2;32;29;32m▁[48;2;248;246;249m[38;2;125;121;122m▎[48;2;243;241;240m[38;2;250;250;253m▊[48;2;209;72;98m[38;2;221;154;165m▎[48;2;39;17;22m[38;2;202;69;94m▄[48;2;205;68;93m[38;2;0;0;0m [48;2;6;4;8m[38;2;73;28;36m▎[48;2;4;0;5m[38;2;33;26;31m▁[48;2;3;1;6m[38;2;3;1;6m  [48;2;2;0;3m[38;2;5;0;6m▂▂[48;2;1;0;1m[38;2;4;0;5m▃▃[48;2;1;1;3m[38;2;1;0;5m▄[38;2;1;1;1m▗[48;2;1;1;1m                  [0m
[48;2;1;1;1m[38;2;1;1;1m                  [38;2;34;32;33m▁[38;2;46;44;45m▁[48;2;10;9;9m[38;2;186;181;183m▄[48;2;11;10;10m[38;2;234;233;233m▄[48;2;241;240;241m[38;2;140;133;136m▘[48;2;172;163;181m[38;2;249;249;250m▇[48;2;177;163;184m[38;2;250;249;251m▇[48;2;177;165;173m[38;2;250;249;250m▇[48;2;179;168;174m[38;2;251;249;252m▇[48;2;250;248;251m[38;2;0;0;0m [48;2;244;238;238m[38;2;250;250;253m▊[48;2;211;68;94m[38;2;220;144;154m▎[48;2;219;75;101m[38;2;0;0;0m [48;2;213;77;101m [48;2;178;156;165m[38;2;246;238;242m▇[48;2;170;156;164m[38;2;245;243;247m▇[48;2;25;22;26m[38;2;236;236;237m▄[48;2;12;10;14m[38;2;222;220;222m▄[48;2;7;5;10m[38;2;54;49;55m▁[48;2;2;1;6m[38;2;0;0;0m [48;2;3;1;6m[38;2;3;1;6m  [48;2;2;1;6m[38;2;1;1;3m▄[48;2;0;0;2m[38;2;1;1;1m▄[48;2;1;1;1m                  [0m
[48;2;1;1;1m[38;2;1;1;1m                [38;2;2;2;2m▌[48;2;0;0;0m[38;2;1;1;1m▌[48;2;226;221;224m[38;2;76;66;68m▎[48;2;203;195;203m[38;2;250;248;252m▇[48;2;248;248;250m[38;2;0;0;0m [48;2;249;250;252m[38;2;198;196;199m▁[48;2;248;248;250m[38;2;0;0;0m [48;2;250;250;252m[38;2;249;249;251m▄[38;2;250;250;252m    [48;2;244;241;241m[38;2;249;250;252m▊[48;2;208;71;97m[38;2;220;150;161m▎[48;2;213;79;102m[38;2;241;229;232m▄[48;2;248;247;249m[38;2;236;220;221m▘[48;2;250;250;252m[38;2;250;250;252m    [48;2;235;232;235m[38;2;0;0;0m [48;2;29;26;29m[38;2;241;240;242m▄[48;2;21;18;22m[38;2;240;238;240m▄[48;2;16;14;16m[38;2;219;216;219m▄[48;2;6;4;5m[38;2;68;62;64m▁[48;2;2;1;1m[38;2;4;3;4m╴[48;2;1;1;1m[38;2;1;1;1m                  [0m
[48;2;1;1;1m[38;2;1;1;1m                [38;2;1;1;0m▌[48;2;1;1;3m[38;2;1;1;1m▌[48;2;222;215;219m[38;2;74;65;68m▎[48;2;248;246;250m[38;2;0;0;0m [48;2;247;244;245m[38;2;250;249;252m▊[48;2;40;34;39m[38;2;191;179;183m▎[48;2;181;177;182m[38;2;11;9;13m▄[48;2;228;228;231m[38;2;7;5;10m▄[48;2;224;221;224m[38;2;0;0;0m [48;2;249;249;251m[38;2;249;249;251m▄[48;2;250;250;252m[38;2;250;250;252m  [38;2;249;249;251m▄[48;2;249;249;251m[38;2;251;251;253m─[48;2;250;250;252m[38;2;250;250;252m  [48;2;248;247;249m[38;2;224;187;194m▁[48;2;243;237;238m[38;2;211;95;117m▄[48;2;243;236;239m[38;2;214;79;106m▄[48;2;247;245;247m[38;2;153;136;139m▁[48;2;249;249;251m[38;2;150;139;143m▁[48;2;249;248;251m[38;2;154;138;144m▁[48;2;250;249;252m[38;2;157;139;145m▁[48;2;239;238;241m[38;2;135;125;129m▁[48;2;201;197;199m[38;2;13;12;12m▄[48;2;5;4;4m[38;2;0;0;0m [48;2;1;1;1m[38;2;1;1;1m                  [0m
[48;2;1;1;1m[38;2;1;1;1m                [48;2;2;0;3m[38;2;0;0;0m▌[48;2;5;0;6m[38;2;2;0;3m▌[48;2;17;12;17m[38;2;4;1;5m▇[48;2;215;212;213m[38;2;63;55;59m▎[48;2;247;247;250m[38;2;126;120;122m▁[48;2;248;247;250m[38;2;198;165;176m▁[48;2;58;52;56m[38;2;203;99;118m▅[48;2;9;5;6m[38;2;102;36;48m▖[48;2;238;236;239m[38;2;88;76;80m▎[48;2;249;249;252m[38;2;249;249;252m▄[48;2;250;250;252m[38;2;250;250;252m    [38;2;249;249;251m╵▄[48;2;214;99;121m[38;2;249;249;249m▄[48;2;237;232;234m[38;2;133;124;127m▁[48;2;182;69;88m[38;2;17;13;13m▄[48;2;27;19;15m[38;2;4;2;1m▇[48;2;25;16;20m[38;2;1;0;1m▇[48;2;25;16;18m[38;2;1;0;0m▇[48;2;20;16;17m[38;2;0;1;1m▇▇[48;2;1;1;1m[38;2;1;1;1m                    [0m
[48;2;1;1;1m[38;2;1;1;1m              [38;2;1;1;3m▄[48;2;0;0;2m[38;2;2;1;6m▄[48;2;3;1;6m[38;2;3;1;6m  [48;2;4;0;6m[38;2;1;0;3m▄[48;2;7;2;7m[38;2;1;0;1m▆[48;2;11;7;9m[38;2;1;1;0m▇[48;2;170;55;76m[38;2;11;6;6m▅[48;2;192;64;88m[38;2;74;28;33m▁[48;2;210;68;95m[38;2;0;0;0m [48;2;244;240;243m[38;2;222;146;159m▎[48;2;249;250;252m[38;2;248;249;251m▄[48;2;250;250;252m[38;2;250;250;252m    [38;2;251;251;253m▎[48;2;249;249;251m▌[48;2;220;218;221m[38;2;251;250;251m▊[48;2;3;1;5m[38;2;83;74;79m▎[48;2;1;1;1m[38;2;1;1;1m  [38;2;1;1;3m▌[48;2;1;1;0m[38;2;1;1;1m▌[48;2;1;1;1m                      [0m
[48;2;1;1;1m[38;2;1;1;1m              [48;2;2;0;5m[38;2;0;1;1m▅▅[48;2;3;1;6m[38;2;3;1;4m▁[48;2;3;1;4m[38;2;3;1;6m▆[48;2;0;0;1m[38;2;1;0;5m▌[48;2;1;1;3m[38;2;0;0;0m▌[48;2;1;1;1m[38;2;1;1;1m  [48;2;1;1;0m[38;2;0;0;0m [48;2;163;53;75m[38;2;12;5;5m▅[48;2;217;204;207m[38;2;81;71;76m▁[48;2;246;246;246m[38;2;0;0;0m [48;2;250;250;252m[38;2;250;250;252m    [38;2;251;251;253m▄[38;2;249;249;251m▄[48;2;237;235;238m[38;2;104;96;99m▁[48;2;0;1;3m[38;2;63;54;59m▎[48;2;1;1;3m[38;2;0;0;0m▌[48;2;2;1;6m[38;2;1;1;3m▌[48;2;0;0;1m[38;2;1;0;5m▌[48;2;1;1;3m[38;2;0;0;0m▌[48;2;1;1;1m[38;2;1;1;1m                      [0m
[48;2;1;1;1m[38;2;1;1;1m                [48;2;1;1;3m▂▂[48;2;1;1;1m    [48;2;9;6;9m[38;2;143;133;138m▁[48;2;17;13;16m[38;2;197;192;196m▅[48;2;19;15;18m[38;2;232;230;233m▅[48;2;175;170;174m[38;2;99;92;96m▄[48;2;232;230;233m[38;2;30;26;29m▅[48;2;234;234;237m[38;2;24;22;24m▅[48;2;232;231;236m[38;2;22;19;21m▅▅[48;2;234;231;236m[38;2;23;19;21m▅[48;2;226;223;227m[38;2;68;60;64m▅[48;2;13;9;13m[38;2;0;0;0m [48;2;2;1;1m[38;2;1;0;4m▖[48;2;2;0;3m[38;2;3;1;6m▂▂[48;2;1;1;1m[38;2;1;1;1m                        [0m
[48;2;1;1;1m[38;2;1;1;1m                    [38;2;3;2;3m╵[48;2;11;8;9m[38;2;142;133;136m▁[48;2;235;233;235m[38;2;96;85;89m▎[48;2;250;248;252m[38;2;251;249;253m▄[48;2;251;251;253m[38;2;250;250;252m▚[48;2;250;250;252m[38;2;251;251;253m▂[48;2;62;55;61m[38;2;200;195;199m▅[48;2;20;17;19m[38;2;230;226;228m▅[48;2;5;2;6m[38;2;78;69;72m▎[48;2;18;15;18m[38;2;206;201;205m▅[48;2;14;9;12m[38;2;60;51;56m▎[48;2;247;245;248m[38;2;163;158;158m▎[48;2;39;33;36m[38;2;232;227;230m▅[48;2;3;0;5m[38;2;43;38;42m▎[48;2;1;1;3m[38;2;2;1;6m▌[48;2;0;0;0m[38;2;1;1;3m▌[48;2;1;1;1m[38;2;1;1;1m                        [0m
[48;2;1;1;1m[38;2;1;1;1m                    [48;2;1;0;3m[38;2;0;0;0m│[48;2;238;235;239m[38;2;78;69;70m▎[48;2;250;250;252m[38;2;250;250;252m  [48;2;251;251;253m▄[48;2;249;250;252m[38;2;253;251;254m│[48;2;45;39;44m[38;2;167;157;164m▎[48;2;215;211;213m[38;2;129;120;125m▎[48;2;40;35;36m[38;2;123;111;112m▎[48;2;212;207;210m[38;2;142;134;138m▎[48;2;43;37;38m[38;2;174;166;168m▁[48;2;250;250;251m[38;2;175;171;172m▎[48;2;247;247;249m[38;2;0;0;0m [48;2;43;37;41m[38;2;227;225;228m▅[48;2;3;1;4m[38;2;37;32;34m▎[48;2;0;0;2m[38;2;3;1;5m▂[48;2;1;1;1m[38;2;1;1;1m                        [0m
[48;2;1;1;1m[38;2;1;1;1m                    [48;2;3;0;8m[38;2;1;0;3m▊[48;2;237;235;236m[38;2;78;70;69m▎[48;2;250;250;252m[38;2;250;250;252m    [48;2;248;243;247m[38;2;250;249;252m▊[48;2;5;4;7m[38;2;143;138;142m▎[48;2;213;208;213m[38;2;115;103;107m▎[48;2;42;35;40m[38;2;127;121;121m▎[48;2;251;251;252m[38;2;164;163;170m▎[48;2;249;249;252m[38;2;249;249;249m▝[48;2;249;249;251m[38;2;249;249;251m▄[48;2;201;201;203m[38;2;251;251;253m▊[48;2;29;24;27m[38;2;198;191;195m▁[48;2;4;2;6m[38;2;0;0;0m [48;2;1;1;1m[38;2;1;1;1m                        [0m
[48;2;1;1;1m[38;2;1;1;1m                  [48;2;0;2;1m[38;2;1;1;3m▄[48;2;1;1;3m[38;2;2;0;5m▄[48;2;13;9;15m[38;2;181;170;177m▁[48;2;240;238;239m[38;2;108;99;98m▎[48;2;250;250;252m[38;2;250;250;252m  [48;2;249;250;252m▖[48;2;247;245;248m▊[48;2;175;170;176m[38;2;19;14;20m┏[48;2;16;13;18m[38;2;0;0;0m [48;2;10;10;14m[38;2;2;1;2m▊[48;2;211;208;211m[38;2;26;20;24m▁[48;2;246;246;248m[38;2;0;0;0m [48;2;250;250;252m[38;2;251;251;253m▄[38;2;250;250;252m  [48;2;198;186;188m[38;2;251;249;250m▊[48;2;2;0;4m[38;2;52;45;53m▎[48;2;1;1;3m[38;2;3;1;6m▌[48;2;0;1;0m[38;2;1;1;3m▌[48;2;1;1;1m[38;2;1;1;1m                      [0m
[48;2;1;1;1m[38;2;1;1;1m                  [48;2;1;0;0m[38;2;2;2;2m│[48;2;6;1;5m[38;2;2;0;5m▊[48;2;236;233;236m[38;2;96;87;90m▎[48;2;249;249;251m[38;2;250;249;254m▌[48;2;250;250;252m[38;2;250;250;252m  [48;2;249;249;251m[38;2;0;0;0m [48;2;236;233;236m[38;2;60;52;57m▁[48;2;9;5;10m[38;2;124;113;121m▎[48;2;3;0;5m[38;2;5;0;6m│[48;2;1;0;0m[38;2;3;1;3m▎[48;2;16;7;11m[38;2;1;0;0m▊[48;2;251;250;252m[38;2;144;141;150m▎[48;2;249;250;252m[38;2;249;249;250m▊[48;2;250;250;252m[38;2;250;250;252m  [48;2;245;244;247m[38;2;0;0;0m [48;2;46;40;44m[38;2;230;227;230m▅[48;2;3;1;4m[38;2;32;27;29m▎[48;2;2;1;4m[38;2;0;0;1m┗[48;2;1;1;1m[38;2;1;1;1m                      [0m
[48;2;1;0;2m[38;2;33;3;147m▂▂▂▂[48;2;1;0;1m[38;2;33;3;148m▂▂[38;2;32;3;147m▂▂[38;2;34;4;149m▂▂[38;2;32;4;147m▂▂[38;2;32;3;148m▂▂[48;2;1;0;2m[38;2;32;3;147m▂▂[48;2;1;0;1m▂▂[48;2;1;1;3m[38;2;30;3;149m▂[48;2;78;72;86m[38;2;223;220;223m┏[48;2;234;232;235m[38;2;0;0;0m [48;2;250;250;252m[38;2;249;250;252m▄[38;2;250;250;252m  [48;2;238;237;244m[38;2;69;48;186m▁[48;2;50;46;48m[38;2;39;12;155m▂[48;2;2;1;4m[38;2;33;4;150m▂▂[48;2;2;1;1m[38;2;34;4;150m▂[48;2;2;2;2m▂[48;2;224;222;225m[38;2;39;27;74m▆[48;2;250;249;251m[38;2;193;189;199m▎[48;2;250;250;252m[38;2;250;250;252m  [48;2;249;250;252m[38;2;249;249;252m▄[48;2;182;179;182m[38;2;251;250;252m▊[48;2;13;11;13m[38;2;44;15;149m▂[48;2;4;1;5m[38;2;34;4;149m▂[48;2;1;0;2m[38;2;33;3;147m▂▂▂▂▂▂▂▂[38;2;34;4;148m▂▂[48;2;1;0;1m[38;2;33;3;148m▂▂[48;2;1;0;2m[38;2;34;4;148m▂▂[38;2;33;3;147m▂▂▂▂[38;2;34;4;148m▂▂[38;2;33;3;147m▂▂[0m
[48;2;38;3;183m[38;2;38;3;183m                  [48;2;38;1;185m[38;2;38;1;185m▄[48;2;232;230;236m[38;2;83;63;186m▎[48;2;250;250;252m[38;2;250;250;252m  [48;2;251;250;255m[38;2;251;251;253m▌[48;2;252;252;252m[38;2;250;249;253m▌[48;2;41;6;180m[38;2;186;179;213m▎[48;2;38;2;185m[38;2;38;3;183m▎[48;2;38;3;183m    [48;2;54;24;185m[38;2;38;2;184m▊[48;2;232;230;239m[38;2;64;41;175m▂[48;2;247;247;249m[38;2;0;0;0m [48;2;250;250;252m[38;2;252;252;254m╸[48;2;249;249;251m▄[48;2;247;247;249m[38;2;0;0;0m [48;2;44;13;181m[38;2;219;215;233m▆[48;2;38;2;182m[38;2;45;14;173m▎[48;2;38;3;183m[38;2;38;3;183m                      [0m
[48;2;38;3;183m[38;2;38;3;183m                  [48;2;34;0;186m[38;2;39;2;184m▊[48;2;232;231;237m[38;2;82;62;185m▎[48;2;250;250;252m[38;2;250;250;252m  [48;2;250;250;251m[38;2;249;249;247m╴[48;2;248;247;248m[38;2;95;78;187m▂[48;2;42;6;181m[38;2;142;128;203m▎[48;2;39;3;183m[38;2;39;3;184m▄[48;2;38;3;183m[38;2;38;3;183m    [48;2;38;3;184m[38;2;38;3;184m▄[48;2;54;23;178m[38;2;37;2;184m▊[48;2;250;250;252m[38;2;193;189;212m▎[38;2;250;250;250m▎[38;2;250;250;252m  [48;2;171;165;213m[38;2;250;251;252m▊[48;2;37;2;185m[38;2;47;21;174m▎[48;2;38;3;183m[38;2;38;3;183m                      [0m
[48;2;38;3;185m[38;2;38;3;185m                  [48;2;35;0;187m[38;2;39;2;184m▊[48;2;233;231;237m[38;2;82;62;185m▎[48;2;250;250;252m[38;2;250;250;252m  [48;2;253;251;252m[38;2;250;249;251m▌[48;2;48;17;181m[38;2;183;180;207m▎[48;2;38;3;185m[38;2;38;3;185m      [48;2;38;3;183m[38;2;39;3;187m⎼[48;2;39;4;183m[38;2;0;0;0m [48;2;219;215;231m[38;2;47;16;183m▆[48;2;251;251;252m[38;2;215;211;230m▎[48;2;250;250;252m[38;2;250;250;252m  [48;2;169;162;213m[38;2;250;251;251m▊[48;2;39;4;186m[38;2;47;21;174m▎[48;2;38;3;185m[38;2;38;3;185m                      [0m
[48;2;38;3;185m[38;2;38;3;185m                  [48;2;34;0;186m[38;2;39;2;185m▊[48;2;188;182;219m[38;2;40;8;184m▂[48;2;238;236;243m[38;2;0;0;0m [48;2;250;249;251m[38;2;249;250;247m╷[48;2;250;249;250m[38;2;0;0;0m [48;2;47;16;180m[38;2;186;183;210m▎[48;2;38;3;185m[38;2;38;3;185m        [48;2;48;15;183m[38;2;38;2;184m▊[48;2;228;226;237m[38;2;51;23;181m▂[48;2;246;246;248m[38;2;0;0;0m [48;2;249;249;251m[38;2;248;248;250m▄[48;2;170;164;210m[38;2;249;250;250m▊[48;2;37;2;184m[38;2;45;19;172m▎[48;2;38;3;185m[38;2;38;3;185m                      [0m
[48;2;38;3;185m[38;2;38;3;185m                  [48;2;39;4;186m▖[48;2;37;2;184m▌[48;2;190;175;202m[38;2;112;38;136m▆[48;2;239;228;229m[38;2;198;66;101m▆[48;2;240;226;228m[38;2;216;74;100m▆[48;2;92;65;167m[38;2;214;74;97m▆[48;2;59;15;159m[38;2;201;67;94m▂[48;2;37;4;174m[38;2;33;14;20m▂[48;2;38;5;175m[38;2;6;4;10m▂[38;2;4;3;6m▂[48;2;37;4;175m[38;2;4;2;8m▂[48;2;38;5;177m[38;2;7;4;14m▂[48;2;38;5;176m[38;2;6;5;10m▂[48;2;37;4;174m[38;2;4;3;5m▂[48;2;38;4;175m[38;2;5;4;11m▂[48;2;44;14;174m[38;2;10;8;17m▂[48;2;235;229;234m[38;2;201;71;97m▂[48;2;241;231;234m[38;2;206;65;91m▂[48;2;217;203;216m[38;2;206;71;96m▆[48;2;42;8;171m[38;2;184;64;88m▂[48;2;38;4;175m[38;2;18;12;27m▂[48;2;38;3;184m[38;2;0;0;0m [48;2;38;3;185m[38;2;38;3;185m                    [0m
[48;2;38;3;185m[38;2;38;3;185m                    [48;2;35;8;145m[38;2;14;9;38m━[48;2;133;48;78m[38;2;10;5;25m▆[48;2;176;59;80m[38;2;4;2;3m▆[48;2;176;58;79m[38;2;2;1;3m▆[48;2;179;58;83m[38;2;3;2;3m▆[48;2;8;4;5m[38;2;0;0;0m [48;2;1;1;1m[38;2;1;1;1m      [48;2;0;0;0m[38;2;0;0;0m [38;2;1;1;1m▄[48;2;161;61;78m[38;2;8;4;5m▆[48;2;212;71;97m[38;2;37;16;17m▃[48;2;218;73;100m[38;2;39;16;18m▃[48;2;198;66;90m[38;2;36;16;17m▃[48;2;7;5;13m[38;2;0;0;0m [48;2;33;10;128m[38;2;7;6;15m━[48;2;39;4;182m[38;2;0;0;0m [48;2;38;3;185m[38;2;38;3;184m▄[38;2;38;3;185m                  [0m
[48;2;38;3;185m[38;2;38;3;185m                    [48;2;39;2;185m[38;2;39;2;184m▄[48;2;22;8;78m[38;2;39;4;183m▆[48;2;18;10;39m[38;2;40;3;182m▆[48;2;18;9;42m▆[48;2;15;6;51m[38;2;39;2;183m▆[48;2;3;2;3m[38;2;37;3;174m▇[48;2;4;2;5m▇▇▇▇▇▇▇▇[48;2;16;7;51m[38;2;40;3;184m▆[48;2;4;3;6m[38;2;38;4;174m▇[48;2;18;11;38m[38;2;40;3;181m▆▆[48;2;20;11;53m[38;2;39;4;183m▆[48;2;39;3;184m[38;2;39;3;184m▄[48;2;38;3;185m[38;2;38;3;185m                    [0m
[48;2;40;2;185m[38;2;40;2;185m                                                            [0m
[48;2;40;2;185m[38;2;40;2;185m                                                            [0m
