[48;2;1;1;1m[38;2;1;1;1m                                                            [0m
[48;2;1;1;1m[38;2;1;1;1m                                                            [0m
[48;2;1;1;1m[38;2;1;1;1m                                                            [0m
[48;2;1;1;1m[38;2;1;1;1m                                                            [0m
[48;2;1;1;1m[38;2;1;1;1m                            [48;2;0;0;2m[38;2;1;0;5m▂▂[48;2;0;0;0m[38;2;1;1;3m▂▂[48;2;1;1;1m[38;2;1;1;1m                            [0m
[48;2;1;1;1m[38;2;1;1;1m                          [48;2;1;0;3m[38;2;3;1;4m╺[48;2;2;0;3m[38;2;20;14;18m▁[48;2;2;1;6m[38;2;42;32;40m▁[38;2;50;40;48m▁[48;2;2;0;5m[38;2;51;41;49m▁[48;2;3;1;6m[38;2;41;31;39m▁[38;2;4;1;8m▁[48;2;4;1;8m[38;2;3;1;6m▆[48;2;1;1;1m[38;2;1;1;1m                          [0m
[48;2;1;1;1m[38;2;1;1;1m                          [48;2;10;6;9m[38;2;191;185;189m▄[48;2;129;117;123m[38;2;233;231;234m▇[48;2;165;154;158m[38;2;249;247;250m▇[48;2;171;160;164m[38;2;247;246;249m▇[48;2;173;161;165m[38;2;245;243;246m▇[48;2;210;205;208m[38;2;50;44;49m▄[48;2;12;8;13m[38;2;0;0;0m [48;2;2;1;5m[38;2;3;1;6m▄[48;2;3;1;4m[38;2;4;2;7m▌[48;2;2;0;1m[38;2;3;1;4m▌[48;2;2;1;5m[38;2;0;0;2m▊[48;2;0;0;2m[38;2;2;1;5m▎[48;2;1;1;1m[38;2;1;1;1m                      [0m
[48;2;1;1;1m[38;2;1;1;1m                        [48;2;1;0;0m[38;2;2;1;4m▂[48;2;4;0;1m[38;2;1;1;1m▌[48;2;247;242;246m[38;2;111;106;110m▎[48;2;248;249;251m[38;2;252;250;253m▄[48;2;246;245;247m[38;2;214;100;122m▄[48;2;212;98;120m[38;2;39;19;24m▄[48;2;216;133;144m[38;2;200;65;90m▇[48;2;4;1;4m[38;2;64;26;31m▎[48;2;3;1;6m[38;2;3;1;6m    [48;2;2;0;3m[38;2;5;0;6m▂▂[48;2;1;0;1m[38;2;4;0;5m▃▃[48;2;1;1;3m[38;2;1;0;5m▄[38;2;1;1;1m▗[48;2;1;1;1m                  [0m
[48;2;1;1;1m[38;2;1;1;1m                  [38;2;37;31;33m▁[48;2;10;8;9m[38;2;181;175;177m▄[48;2;13;11;14m[38;2;237;235;238m▄▄[48;2;14;12;18m[38;2;238;236;238m▄▄[48;2;15;12;16m[38;2;237;236;237m▄▄[48;2;230;228;231m[38;2;0;0;0m [48;2;249;250;252m[38;2;249;250;252m▄[48;2;213;68;95m[38;2;221;139;150m▎[48;2;157;60;72m[38;2;216;71;97m▇[48;2;195;65;88m[38;2;218;73;99m▊[48;2;8;6;11m[38;2;69;27;36m▎[48;2;3;1;6m[38;2;47;45;50m▁[38;2;4;2;7m▄[38;2;3;1;6m      [48;2;2;1;6m[38;2;1;1;3m▄[48;2;0;0;2m[38;2;1;1;1m▄[48;2;1;1;1m                  [0m
[48;2;1;1;1m[38;2;1;1;1m                [38;2;2;2;2m▌[48;2;0;0;0m[38;2;1;1;1m▌[48;2;219;213;217m[38;2;73;64;70m▎[48;2;248;247;250m[38;2;181;170;176m▁[48;2;248;248;250m[38;2;0;0;0m [48;2;249;249;251m[38;2;249;249;251m▄[48;2;250;250;252m[38;2;250;250;252m  [48;2;248;249;251m[38;2;250;251;253m▁[48;2;249;250;252m[38;2;233;217;224m▁[48;2;250;250;253m[38;2;230;217;222m▁[48;2;249;251;253m[38;2;229;218;222m▁[48;2;214;67;96m[38;2;222;138;152m▎[48;2;211;68;95m[38;2;218;120;134m▁[48;2;213;78;103m[38;2;240;228;229m▄[48;2;209;188;194m[38;2;247;244;245m▇[48;2;192;184;189m[38;2;246;246;248m▇[48;2;34;30;33m[38;2;231;229;231m▄[48;2;8;6;10m[38;2;81;77;78m▁[48;2;2;1;4m[38;2;66;62;63m▁[48;2;3;1;6m[38;2;3;1;6m  [48;2;4;2;5m▆[48;2;3;1;6m[38;2;4;1;8m▁[48;2;1;1;1m[38;2;1;1;1m                    [0m
[48;2;1;1;1m[38;2;1;1;1m                [38;2;1;1;0m▌[48;2;1;1;3m[38;2;1;1;1m▌[48;2;28;23;29m[38;2;3;1;6m▇[48;2;31;26;32m[38;2;2;1;5m▇[48;2;178;174;179m[38;2;6;3;9m▄[48;2;228;227;230m[38;2;7;5;11m▄[48;2;226;223;227m[38;2;119;110;113m▁[48;2;249;249;252m[38;2;151;141;144m▁[48;2;248;247;249m[38;2;0;0;0m [48;2;212;79;103m[38;2;230;189;194m▎[48;2;216;85;109m[38;2;238;221;224m▄[48;2;216;83;107m[38;2;223;157;166m▁[48;2;216;69;96m[38;2;218;144;153m▁[48;2;248;249;249m[38;2;224;178;184m▎[48;2;250;250;252m[38;2;250;250;252m    [48;2;223;221;224m[38;2;249;249;251m▇[48;2;239;239;241m[38;2;0;0;0m [48;2;33;28;34m[38;2;227;223;227m▄[48;2;9;5;11m[38;2;123;115;120m▁[48;2;3;2;6m[38;2;102;100;105m▁[48;2;3;1;6m[38;2;0;0;0m [48;2;2;1;6m[38;2;1;1;3m▄[48;2;0;0;2m[38;2;1;1;1m▄[48;2;1;1;1m                  [0m
[48;2;1;1;1m[38;2;1;1;1m                [48;2;2;0;3m[38;2;0;0;0m▌[48;2;5;0;6m[38;2;2;0;3m▌[48;2;3;1;6m[38;2;3;1;6m    [48;2;16;10;13m[38;2;2;1;4m▇[48;2;21;15;17m[38;2;1;0;2m▇[48;2;239;236;237m[38;2;82;70;72m▎[48;2;248;249;250m[38;2;0;0;0m [48;2;250;250;252m[38;2;251;251;253m▄[48;2;251;251;253m[38;2;252;252;254m⎻[48;2;249;249;251m[38;2;251;251;253m─[48;2;250;250;252m[38;2;249;249;251m▄[38;2;250;250;252m  [48;2;250;249;252m[38;2;0;0;0m [38;2;222;165;177m▁[48;2;248;249;251m[38;2;222;174;186m▁[48;2;249;249;252m[38;2;0;0;0m [48;2;250;250;252m[38;2;249;249;251m▄[48;2;249;249;251m[38;2;250;250;252m▄[48;2;239;238;240m[38;2;0;0;0m [48;2;38;33;37m[38;2;224;222;225m▄[48;2;6;5;6m[38;2;0;0;0m [48;2;0;1;0m [48;2;1;1;1m[38;2;1;1;1m                  [0m
[48;2;1;1;1m[38;2;1;1;1m              [38;2;1;1;3m▄[48;2;0;0;2m[38;2;2;1;6m▄[48;2;3;1;6m[38;2;3;1;6m  [38;2;2;0;3m▄[48;2;2;0;3m[38;2;1;0;0m▄[48;2;1;1;3m[38;2;0;0;2m▄[48;2;2;1;6m[38;2;0;0;1m▅[48;2;3;1;6m[38;2;3;1;4m▎[48;2;3;0;9m▌[48;2;242;237;237m[38;2;81;69;69m▎[48;2;252;250;253m[38;2;251;251;253m│[48;2;250;250;252m[38;2;250;250;252m    [38;2;251;251;253m▄[48;2;241;241;243m[38;2;249;249;251m▊[48;2;238;220;225m[38;2;209;104;124m▄[48;2;208;77;101m[38;2;31;16;21m▅[48;2;201;69;94m[38;2;62;26;24m▁[48;2;216;205;207m[38;2;26;22;22m▄[48;2;243;241;244m[38;2;104;95;98m▁[48;2;247;246;249m[38;2;112;103;106m▁[48;2;237;234;238m[38;2;99;90;92m▁[48;2;225;219;224m[38;2;30;25;27m▅[48;2;6;5;5m[38;2;0;0;0m [48;2;0;1;1m [48;2;1;1;1m[38;2;1;1;1m                  [0m
[48;2;1;1;1m[38;2;1;1;1m              [48;2;2;0;5m[38;2;0;1;1m▅▅[48;2;3;1;6m[38;2;3;1;4m▁[48;2;3;1;4m[38;2;3;1;6m▆[48;2;0;0;1m[38;2;1;0;5m▌[48;2;1;1;3m[38;2;0;0;0m▌[48;2;1;1;1m[38;2;1;1;1m  [38;2;1;1;3m▖[48;2;1;0;5m▌[48;2;241;237;238m[38;2;83;71;73m▎[48;2;248;250;251m[38;2;251;249;250m│[48;2;250;250;252m[38;2;250;250;252m      [48;2;220;218;221m[38;2;251;250;252m▊[48;2;1;0;2m[38;2;74;63;69m▎[48;2;1;1;3m[38;2;0;1;0m▌[48;2;3;1;6m[38;2;1;1;3m▌[48;2;5;3;4m[38;2;0;0;1m▇[48;2;5;3;3m[38;2;0;0;0m▇[48;2;1;1;1m[38;2;1;1;1m                      [0m
[48;2;1;1;1m[38;2;1;1;1m                [48;2;1;1;3m▂▂[48;2;1;1;1m    [48;2;1;0;2m[38;2;2;0;5m▄[48;2;2;0;5m[38;2;3;0;7m▄[48;2;190;183;186m[38;2;58;51;56m▅[48;2;223;218;222m[38;2;100;87;91m▁[48;2;243;239;241m[38;2;80;70;71m▁▁▁▁[48;2;243;239;243m[38;2;80;69;73m▁[48;2;240;236;240m▁[48;2;229;227;228m[38;2;32;28;32m▅[48;2;9;8;10m[38;2;0;0;0m [48;2;2;0;3m[38;2;3;1;6m▂▂[48;2;1;1;1m[38;2;1;1;1m                        [0m
[48;2;1;1;1m[38;2;1;1;1m                    [38;2;1;1;0m▄[38;2;1;1;3m▄[48;2;3;0;4m[38;2;0;0;0m [48;2;69;64;67m[38;2;219;214;216m┏[48;2;232;230;233m[38;2;0;0;0m [48;2;67;61;63m[38;2;238;238;241m▅[48;2;21;15;19m[38;2;236;233;236m▅[48;2;32;28;32m[38;2;190;182;185m▁[48;2;6;5;6m[38;2;0;0;0m [48;2;11;9;13m[38;2;166;157;162m▁[48;2;10;6;10m[38;2;0;0;0m [48;2;20;14;18m[38;2;216;212;214m▅[48;2;19;16;18m[38;2;228;227;228m▅[48;2;2;0;4m[38;2;44;39;42m▎[48;2;1;1;3m[38;2;2;1;6m▌[48;2;0;0;0m[38;2;1;1;3m▌[48;2;1;1;1m[38;2;1;1;1m                        [0m
[48;2;1;1;1m[38;2;1;1;1m                    [48;2;1;0;2m[38;2;0;0;0m▎[48;2;6;1;7m[38;2;3;0;4m▊[48;2;70;66;69m[38;2;215;213;215m┏[48;2;231;231;233m[38;2;0;0;0m [48;2;250;250;252m[38;2;250;250;252m  [38;2;248;248;250m│[38;2;251;251;253m╷[48;2;45;40;42m[38;2;201;191;193m▁[48;2;213;207;208m[38;2;141;133;137m▎[48;2;44;36;37m[38;2;173;158;162m▁[48;2;220;217;219m[38;2;77;68;72m▁[48;2;245;244;247m[38;2;0;0;0m [48;2;44;38;42m[38;2;228;225;228m▅[48;2;3;1;4m[38;2;37;32;34m▎[48;2;0;0;2m[38;2;3;1;5m▂[48;2;1;1;1m[38;2;1;1;1m                        [0m
[48;2;1;1;1m[38;2;1;1;1m                    [48;2;2;0;5m[38;2;1;1;3m▎[48;2;9;4;8m[38;2;3;0;6m▊[48;2;232;230;233m[38;2;74;62;64m▎[48;2;249;248;253m[38;2;249;249;251m▊[48;2;250;250;252m[38;2;250;250;252m  [48;2;247;244;247m[38;2;250;249;252m▊[48;2;196;190;194m[38;2;66;57;62m┏[48;2;223;220;223m[38;2;64;57;62m▁[48;2;40;34;39m[38;2;126;120;122m▎[48;2;213;210;213m[38;2;68;58;63m▁[48;2;43;38;42m[38;2;196;185;186m▁[48;2;250;251;253m[38;2;201;199;202m▎[48;2;194;192;195m[38;2;251;251;253m▊[48;2;4;0;4m[38;2;61;52;55m▎[48;2;6;1;5m[38;2;6;1;7m▌[48;2;1;1;1m[38;2;1;1;1m                        [0m
[48;2;1;1;1m[38;2;1;1;1m                  [48;2;1;1;3m[38;2;0;1;0m▌[48;2;3;1;6m[38;2;1;1;3m▌[38;2;4;2;7m▗[38;2;2;0;5m▖[48;2;196;193;197m[38;2;62;52;53m▎[48;2;241;241;244m[38;2;0;0;0m [48;2;250;250;252m[38;2;250;250;252m    [48;2;64;57;62m[38;2;243;242;244m▅[48;2;199;194;198m[38;2;96;90;95m▅[48;2;58;51;55m[38;2;229;227;230m▅[48;2;243;242;244m[38;2;0;0;0m [48;2;250;250;252m[38;2;251;251;253m▄[48;2;245;245;247m[38;2;0;0;0m [48;2;46;39;42m[38;2;232;228;230m▅[48;2;2;1;4m[38;2;35;27;32m▎[48;2;1;1;3m[38;2;3;1;6m▌[48;2;0;1;0m[38;2;1;1;3m▌[48;2;1;1;1m[38;2;1;1;1m                      [0m
[48;2;1;1;1m[38;2;1;1;1m                  [48;2;0;0;2m[38;2;0;2;1m▌[48;2;3;1;6m[38;2;1;0;5m▌[38;2;3;1;6m  [48;2;7;1;3m[38;2;3;1;5m▊[48;2;238;236;238m[38;2;95;83;87m▎[48;2;250;250;252m[38;2;250;250;252m    [48;2;242;242;244m▊[48;2;224;219;223m[38;2;41;37;40m▅[48;2;250;249;252m[38;2;180;178;181m▎[48;2;249;249;251m[38;2;249;249;251m▄[48;2;250;250;252m[38;2;250;250;252m  [48;2;202;192;193m[38;2;252;250;251m▊[48;2;3;0;5m[38;2;53;43;52m▎[48;2;3;1;6m[38;2;4;1;8m▌[48;2;2;0;3m[38;2;3;1;6m▌[48;2;1;1;1m[38;2;1;1;1m                      [0m
[48;2;1;0;2m[38;2;33;3;147m▂▂▂▂[48;2;1;0;1m[38;2;33;3;148m▂▂[38;2;32;3;147m▂▂[38;2;34;4;149m▂▂[38;2;32;4;147m▂▂[38;2;32;3;148m▂▂[48;2;1;0;2m[38;2;32;3;147m▂▂[48;2;1;0;1m▂▂[48;2;2;1;2m[38;2;34;4;151m▂[48;2;2;1;5m▂[48;2;4;0;4m[38;2;34;3;150m▂▂[48;2;4;1;4m[38;2;32;2;146m▂[48;2;241;237;239m[38;2;92;81;102m▎[48;2;250;250;252m[38;2;250;250;252m    [48;2;234;233;242m[38;2;61;37;183m▁[48;2;38;33;36m[38;2;37;8;156m▂[48;2;224;222;225m[38;2;39;27;74m▆[48;2;250;249;251m[38;2;193;189;199m▎[48;2;250;250;252m[38;2;250;250;252m  [48;2;245;244;246m[38;2;0;0;0m [48;2;53;48;52m[38;2;234;232;235m▅[48;2;8;7;9m[38;2;42;15;149m▂[48;2;2;1;4m[38;2;33;4;149m▂[48;2;1;0;2m[38;2;33;3;147m▂▂▂▂▂▂▂▂[38;2;34;4;148m▂▂[48;2;1;0;1m[38;2;33;3;148m▂▂[48;2;1;0;2m[38;2;34;4;148m▂▂[38;2;33;3;147m▂▂▂▂[38;2;34;4;148m▂▂[38;2;33;3;147m▂▂[0m
[48;2;38;3;183m[38;2;38;3;183m                    [48;2;38;3;185m[38;2;39;4;186m┃[48;2;35;0;185m[38;2;38;3;184m▊[48;2;98;77;195m[38;2;231;231;235m┏[48;2;236;235;244m[38;2;0;0;0m [48;2;250;250;252m[38;2;250;250;252m  [48;2;249;249;251m[38;2;0;0;0m [48;2;247;248;249m[38;2;89;69;188m▂[48;2;38;3;181m[38;2;111;94;192m▎[48;2;39;3;183m[38;2;39;3;183m▄[48;2;57;30;187m[38;2;39;1;184m▊[48;2;251;250;252m[38;2;182;178;203m▎[48;2;250;250;252m[38;2;250;250;252m  [38;2;251;251;253m│[38;2;252;252;254m│[48;2;37;1;182m[38;2;81;60;181m▎[48;2;38;2;182m[38;2;38;2;184m▄[48;2;38;3;183m[38;2;38;3;183m                      [0m
[48;2;38;3;183m[38;2;38;3;183m                    [48;2;39;4;186m[38;2;39;4;184m▎[48;2;33;0;183m[38;2;38;3;184m▊[48;2;234;233;239m[38;2;82;62;185m▎[48;2;250;249;254m[38;2;250;250;252m▊[48;2;250;250;252m  [48;2;250;250;251m[38;2;0;0;0m [48;2;35;1;183m[38;2;143;133;196m▎[48;2;38;3;183m[38;2;38;3;183m  [48;2;40;4;184m[38;2;0;0;0m [48;2;228;224;236m[38;2;49;16;184m▆[48;2;251;250;252m[38;2;208;206;223m▎[48;2;249;249;251m[38;2;249;248;251m▄[38;2;250;250;252m▄[48;2;246;246;248m[38;2;0;0;0m [48;2;52;25;179m[38;2;225;222;237m▆[48;2;40;5;183m[38;2;42;10;174m╸[48;2;38;3;183m[38;2;38;3;183m                      [0m
[48;2;38;3;185m[38;2;38;3;185m                    [48;2;38;2;183m[38;2;38;1;183m▄[48;2;46;17;181m[38;2;196;191;224m▆[48;2;236;234;243m[38;2;0;0;0m [48;2;249;249;252m [48;2;250;249;252m[38;2;250;250;248m╴[48;2;242;242;246m[38;2;78;58;186m▂[48;2;233;232;241m[38;2;62;35;186m▆[48;2;44;10;184m[38;2;0;0;0m [48;2;38;3;185m[38;2;38;3;185m  [48;2;37;2;184m[38;2;38;2;188m╷[48;2;40;5;183m[38;2;0;0;0m [48;2;227;227;236m[38;2;48;19;180m▂[48;2;247;246;249m[38;2;0;0;0m [48;2;250;250;252m[38;2;250;250;252m  [48;2;169;162;213m[38;2;250;251;251m▊[48;2;39;4;186m[38;2;47;21;174m▎[48;2;38;3;185m[38;2;38;3;185m                      [0m
[48;2;38;3;185m[38;2;38;3;185m                    [48;2;39;4;186m[38;2;38;5;184m▄[48;2;237;237;241m[38;2;96;81;182m▎[48;2;251;251;253m[38;2;250;250;252m▆[48;2;250;250;252m[38;2;251;251;253m▁[48;2;241;241;244m[38;2;86;64;189m▂[48;2;41;8;184m[38;2;132;120;190m▎[48;2;38;3;185m[38;2;38;3;185m      [48;2;49;17;181m[38;2;38;1;184m▊[48;2;228;226;237m[38;2;52;23;181m▂[48;2;246;246;248m[38;2;0;0;0m [48;2;249;249;251m[38;2;248;248;250m▄[48;2;170;164;210m[38;2;249;250;250m▊[48;2;37;2;184m[38;2;45;19;172m▎[48;2;38;3;185m[38;2;38;3;185m                      [0m
[48;2;38;3;185m[38;2;38;3;185m                    [48;2;38;1;184m[38;2;37;2;184m▄[48;2;187;174;210m[38;2;115;34;138m▆[48;2;238;227;228m[38;2;199;69;101m▆[48;2;237;222;225m[38;2;219;76;101m▆[48;2;75;31;157m[38;2;200;66;93m▂[48;2;39;4;176m[38;2;34;13;22m▂[48;2;38;5;175m[38;2;5;4;9m▂[48;2;38;5;174m[38;2;4;3;6m▂[48;2;37;4;175m[38;2;4;2;8m▂[48;2;38;5;177m[38;2;7;4;14m▂[48;2;38;5;176m[38;2;6;5;10m▂[48;2;37;4;174m[38;2;4;3;5m▂[48;2;37;4;175m[38;2;5;3;9m▂[48;2;44;13;175m[38;2;11;9;15m▂[48;2;235;229;234m[38;2;201;70;96m▂[48;2;241;232;234m[38;2;206;65;91m▂[48;2;218;203;216m[38;2;201;69;98m▆[48;2;39;2;186m[38;2;38;14;167m▎[48;2;38;3;185m[38;2;38;3;185m                      [0m
[48;2;38;3;185m[38;2;38;3;185m                    [48;2;36;8;144m[38;2;17;10;40m━[48;2;41;12;155m[38;2;9;5;24m▆[48;2;135;50;87m[38;2;4;2;7m▆[48;2;171;57;78m[38;2;8;5;4m▂[48;2;199;67;91m[38;2;8;6;5m▂[48;2;156;52;70m[38;2;39;16;18m▃[48;2;14;7;9m[38;2;0;0;0m [48;2;1;1;1m[38;2;2;0;1m▄[38;2;1;1;1m    [48;2;4;2;2m[38;2;0;0;0m [48;2;62;23;29m[38;2;211;68;95m━[48;2;196;65;89m[38;2;9;6;5m▂[48;2;218;73;100m[38;2;39;16;18m▃[48;2;187;62;86m[38;2;14;9;14m▂[48;2;36;14;129m[38;2;15;9;23m━[48;2;39;3;185m[38;2;40;6;178m▎[48;2;38;3;184m[38;2;38;3;182m▖[48;2;38;3;185m[38;2;38;3;185m                    [0m
[48;2;38;3;185m[38;2;38;3;185m                    [48;2;39;2;184m[38;2;38;2;187m╺[48;2;22;8;78m[38;2;39;4;183m▆[48;2;18;11;38m[38;2;40;3;181m▆▆[48;2;18;11;39m▆▆[48;2;17;10;41m[38;2;40;4;182m▆[48;2;3;2;6m[38;2;38;3;175m▇[48;2;4;2;5m[38;2;37;3;174m▇▇[48;2;4;2;7m▇[48;2;4;2;2m[38;2;37;3;173m▇[48;2;18;11;39m[38;2;40;3;181m▆▆[48;2;16;8;45m[38;2;40;4;182m▆[48;2;16;8;46m[38;2;40;3;183m▆[48;2;21;12;50m[38;2;39;4;182m▆[48;2;39;3;182m[38;2;0;0;0m [48;2;38;3;185m[38;2;38;3;185m                      [0m
[48;2;40;2;185m[38;2;40;2;185m                                                            [0m
[48;2;40;2;185m[38;2;40;2;185m                                                            [0m
