[48;2;1;1;1m[38;2;1;1;1m                                                            [0m
[48;2;1;1;1m[38;2;1;1;1m                                                            [0m
[48;2;1;1;1m[38;2;1;1;1m                                                            [0m
[48;2;1;1;1m[38;2;1;1;1m                                                            [0m
[48;2;1;1;1m[38;2;1;1;1m                            [48;2;0;0;2m[38;2;1;0;5m▂▂[48;2;0;0;0m[38;2;1;1;3m▂▂[48;2;1;1;1m[38;2;1;1;1m                            [0m
[48;2;1;1;1m[38;2;1;1;1m                          [48;2;1;1;3m[38;2;0;0;2m▌[48;2;2;2;4m[38;2;1;1;3m▌[48;2;2;0;5m[38;2;4;1;8m▂▂[48;2;3;1;6m▂▂[38;2;3;1;4m▂▂[48;2;1;1;1m[38;2;1;1;1m                          [0m
[48;2;1;1;1m[38;2;1;1;1m                          [48;2;1;1;3m[38;2;0;0;2m▅[38;2;24;22;26m▁[48;2;9;6;10m[38;2;199;195;199m▄[48;2;10;8;11m[38;2;227;226;228m▄[38;2;228;226;229m▄▄[48;2;10;8;12m[38;2;214;210;213m▄[48;2;8;7;10m[38;2;0;0;0m [48;2;3;1;4m[38;2;4;2;7m▌[48;2;2;0;1m[38;2;3;1;4m▌[48;2;2;1;5m[38;2;0;0;2m▊[48;2;0;0;2m[38;2;2;1;5m▎[48;2;1;1;1m[38;2;1;1;1m                      [0m
[48;2;1;1;1m[38;2;1;1;1m                        [48;2;1;1;3m[38;2;2;1;6m▂▂[48;2;8;4;7m[38;2;1;0;2m▊[48;2;234;233;235m[38;2;119;114;118m▎[48;2;248;248;250m[38;2;0;0;0m [48;2;249;249;251m[38;2;233;233;235m▁[48;2;246;244;244m[38;2;207;88;109m▄[48;2;237;235;237m[38;2;210;77;101m▄[48;2;116;110;115m[38;2;20;13;16m▇[48;2;3;2;5m[38;2;0;0;0m [48;2;3;1;6m[38;2;3;1;6m  [48;2;2;0;3m[38;2;5;0;6m▂▂[48;2;1;0;1m[38;2;4;0;5m▃▃[48;2;1;1;3m[38;2;1;0;5m▄[38;2;1;1;1m▗[48;2;1;1;1m                  [0m
[48;2;1;1;1m[38;2;1;1;1m                      [48;2;3;2;7m[38;2;0;1;1m▄▄[48;2;4;1;6m[38;2;1;0;2m▄[48;2;2;0;4m[38;2;43;39;40m▁[48;2;4;2;5m[38;2;52;48;49m▁[48;2;247;246;249m[38;2;130;124;128m▎[48;2;241;239;239m[38;2;250;250;253m▊[48;2;210;74;100m[38;2;222;151;162m▎[48;2;32;17;19m[38;2;208;68;95m▄[48;2;208;67;94m[38;2;0;0;0m [48;2;1;1;3m[38;2;66;23;30m▎[48;2;2;0;4m[38;2;3;0;5m▌[48;2;3;1;6m[38;2;3;1;6m      [48;2;2;1;6m[38;2;1;1;3m▄[48;2;0;0;2m[38;2;1;1;1m▄[48;2;1;1;1m                  [0m
[48;2;1;1;1m[38;2;1;1;1m                    [48;2;1;3;0m▇[48;2;1;1;1m[38;2;49;47;50m▁[48;2;1;1;3m[38;2;71;64;67m▁[48;2;17;14;17m[38;2;197;193;196m▄[48;2;20;18;21m[38;2;241;239;241m▄[48;2;225;223;226m[38;2;0;0;0m [48;2;207;198;203m[38;2;250;250;252m▇[48;2;248;249;251m[38;2;0;0;0m [48;2;244;238;238m[38;2;249;250;253m▊[48;2;209;66;92m[38;2;221;145;155m▎[48;2;219;75;102m[38;2;212;68;95m╵[48;2;213;71;97m[38;2;216;124;135m▁[48;2;32;20;25m[38;2;238;230;233m▄[48;2;21;17;21m[38;2;240;238;242m▄[48;2;21;16;20m[38;2;224;221;223m▄[48;2;9;5;10m[38;2;80;73;77m▁[48;2;3;1;4m[38;2;71;65;65m▁[48;2;2;1;4m[38;2;66;60;60m▁[48;2;2;0;3m[38;2;3;1;7m▆[48;2;2;0;4m[38;2;3;0;6m▄[48;2;1;1;1m[38;2;1;1;1m                    [0m
[48;2;1;1;1m[38;2;1;1;1m                [38;2;1;1;0m▌[48;2;1;1;3m[38;2;1;1;1m▌[48;2;3;0;6m[38;2;85;77;82m▁[48;2;18;14;20m[38;2;193;187;191m▄[48;2;25;21;25m[38;2;243;243;245m▄[48;2;222;220;222m[38;2;0;0;0m [48;2;227;227;229m[38;2;249;249;251m▇[48;2;249;249;251m[38;2;251;251;253m─[48;2;250;250;252m[38;2;250;250;252m    [48;2;243;239;238m[38;2;249;250;253m▊[48;2;210;73;100m[38;2;221;152;164m▎[48;2;214;80;107m[38;2;242;234;236m▄[48;2;246;241;244m[38;2;0;0;0m [48;2;249;249;251m [48;2;249;249;252m[38;2;228;193;202m▁[48;2;250;250;252m[38;2;228;192;201m▁[48;2;226;223;229m[38;2;250;250;252m▇[48;2;224;212;219m[38;2;250;249;252m▇[48;2;237;235;237m[38;2;0;0;0m [48;2;33;28;33m[38;2;245;243;244m▄[48;2;23;21;25m[38;2;243;243;244m▄[48;2;21;18;23m[38;2;220;216;219m▄[48;2;6;5;6m[38;2;0;0;0m [48;2;1;1;1m[38;2;1;1;1m                  [0m
[48;2;1;1;1m[38;2;1;1;1m                [48;2;1;0;2m[38;2;2;2;2m▎[48;2;2;0;3m[38;2;4;0;5m│[48;2;214;209;213m[38;2;70;61;66m▎[48;2;245;245;247m[38;2;0;0;0m [48;2;250;250;252m[38;2;250;250;252m  [48;2;249;248;251m[38;2;154;147;149m▁[48;2;227;226;228m[38;2;51;46;50m▄[48;2;222;219;222m[38;2;0;0;0m [48;2;249;248;250m[38;2;250;249;251m▄[48;2;250;250;252m[38;2;250;250;252m  [38;2;251;251;253m▄⎻[48;2;251;251;253m[38;2;249;249;251m▊[48;2;248;248;250m[38;2;0;0;0m [48;2;240;229;229m[38;2;212;103;122m▄[48;2;210;92;115m[38;2;239;231;232m▄[48;2;211;78;103m[38;2;100;54;59m▁[48;2;245;240;241m[38;2;129;121;123m▁[48;2;249;247;250m[38;2;130;121;126m▁▁[48;2;248;248;250m[38;2;126;120;124m▁[48;2;238;236;239m[38;2;113;104;109m▁[48;2;223;219;221m[38;2;33;30;31m▅[48;2;5;4;4m[38;2;0;0;0m [48;2;1;1;1m[38;2;1;1;1m                  [0m
[48;2;1;1;1m[38;2;1;1;1m              [38;2;1;1;3m▄[48;2;0;0;2m[38;2;2;1;6m▄[48;2;3;1;6m[38;2;3;1;6m  [48;2;10;5;9m[38;2;3;0;3m▇[48;2;188;182;185m[38;2;18;13;16m▅[48;2;242;239;242m[38;2;161;154;158m▎[48;2;250;249;251m[38;2;251;251;253m╏[48;2;24;18;21m[38;2;163;159;166m▎[48;2;4;2;13m[38;2;4;0;5m▊[48;2;200;191;196m[38;2;22;17;21m▅[48;2;247;246;248m[38;2;170;166;169m▎[48;2;250;250;252m[38;2;250;250;252m    [48;2;251;251;253m▌[48;2;249;249;251m[38;2;251;251;253m▎[48;2;249;250;252m[38;2;250;250;252m▌[48;2;194;192;195m▊[48;2;3;1;2m[38;2;61;52;55m▎[48;2;12;9;10m[38;2;2;1;1m▇[48;2;15;11;12m[38;2;2;0;4m▇▇[48;2;12;11;9m[38;2;1;1;1m▇[48;2;10;9;7m[38;2;0;0;0m▇[48;2;1;1;1m[38;2;1;1;1m                    [0m
[48;2;1;1;1m[38;2;1;1;1m              [48;2;2;0;5m[38;2;0;1;1m▅▅[48;2;3;1;6m[38;2;3;1;4m▁[48;2;3;1;4m[38;2;3;1;6m▆[48;2;0;1;2m[38;2;2;1;6m▌[48;2;0;0;1m[38;2;0;2;1m▎[48;2;133;71;82m[38;2;240;221;223m▝[48;2;240;221;227m[38;2;206;62;89m▄[48;2;45;33;35m[38;2;0;0;0m [48;2;3;0;6m[38;2;1;1;3m▊[48;2;5;0;6m[38;2;1;0;2m▊[48;2;245;244;246m[38;2;105;100;106m▎[48;2;250;250;252m[38;2;250;250;252m      [48;2;249;248;250m[38;2;0;0;0m [48;2;233;231;234m[38;2;97;88;93m▁[48;2;1;0;2m[38;2;56;47;50m▎[48;2;2;1;3m[38;2;3;1;6m▝[48;2;0;0;2m[38;2;1;0;5m▌[48;2;2;2;2m[38;2;0;0;2m▊[48;2;1;1;1m[38;2;1;1;1m                      [0m
[48;2;1;1;1m[38;2;1;1;1m                [48;2;1;1;3m▂▂[48;2;1;1;1m  [48;2;2;1;1m[38;2;2;1;5m╸[48;2;191;62;86m[38;2;65;25;32m▎[48;2;8;6;6m[38;2;114;50;61m▎[48;2;2;0;3m[38;2;4;0;4m▄[48;2;54;47;51m[38;2;186;179;182m┏[48;2;229;227;231m[38;2;0;0;0m [48;2;250;250;252m[38;2;250;250;252m    [38;2;251;251;253m▄[48;2;249;249;251m[38;2;0;0;0m [48;2;236;236;238m[38;2;93;85;88m▁[48;2;1;1;3m[38;2;67;57;63m▎[48;2;1;0;2m[38;2;2;0;5m▂▂[48;2;1;1;1m[38;2;1;1;1m                        [0m
[48;2;1;1;1m[38;2;1;1;1m                    [38;2;1;1;0m▄[38;2;1;1;3m▄[48;2;2;1;3m[38;2;4;2;7m▌[48;2;10;8;10m[38;2;144;139;142m▁[48;2;22;17;21m[38;2;203;197;200m▅[48;2;175;168;173m[38;2;71;64;68m┏[48;2;230;225;226m[38;2;25;21;23m▅[48;2;231;224;226m[38;2;17;14;16m▅[48;2;231;225;227m▅▅[48;2;232;225;227m[38;2;17;15;17m▅[48;2;224;221;221m[38;2;66;61;63m▅[48;2;21;17;19m[38;2;185;175;179m▁[48;2;6;3;7m[38;2;0;0;0m [48;2;1;1;3m[38;2;2;1;6m▌[48;2;0;0;0m[38;2;1;1;3m▌[48;2;1;1;1m[38;2;1;1;1m                        [0m
[48;2;1;1;1m[38;2;1;1;1m                    [48;2;1;0;2m[38;2;0;0;0m▊[48;2;3;0;5m[38;2;5;0;6m│[48;2;12;8;12m[38;2;150;140;145m▁[48;2;241;239;242m[38;2;114;106;109m▎[48;2;250;250;252m[38;2;250;250;252m  [48;2;67;62;65m[38;2;240;238;240m▅[48;2;4;3;6m[38;2;87;85;90m▎[48;2;23;19;23m[38;2;206;200;205m▅[48;2;5;2;5m[38;2;76;71;75m▎[48;2;32;28;29m[38;2;216;214;217m▅[48;2;242;241;244m[38;2;0;0;0m [48;2;247;246;249m [48;2;43;38;41m[38;2;231;229;232m▅[48;2;19;16;19m[38;2;187;179;182m▁[48;2;2;2;4m[38;2;0;0;0m [48;2;1;1;1m[38;2;1;1;1m                        [0m
[48;2;1;1;1m[38;2;1;1;1m                    [48;2;2;0;5m[38;2;1;1;3m▎[48;2;9;4;8m[38;2;3;0;6m▊[48;2;233;231;233m[38;2;76;64;66m▎[48;2;250;250;253m[38;2;0;0;0m [48;2;250;250;252m[38;2;250;250;252m  [48;2;248;243;247m[38;2;250;250;251m▊[48;2;7;5;7m[38;2;144;137;144m▎[48;2;247;246;249m[38;2;136;128;129m▎[48;2;40;34;39m[38;2;141;137;137m▎[48;2;215;213;217m[38;2;69;60;63m▁[48;2;247;245;247m[38;2;0;0;0m [48;2;240;239;241m[38;2;64;59;64m▁[48;2;248;248;250m[38;2;0;0;0m [48;2;245;244;246m [48;2;39;34;39m[38;2;230;228;230m▅[48;2;19;16;17m[38;2;195;188;190m▁[48;2;0;0;0m[38;2;1;1;1m▄[48;2;1;1;1m                      [0m
[48;2;1;1;1m[38;2;1;1;1m                  [48;2;1;1;3m[38;2;0;1;0m▌[48;2;3;1;6m[38;2;1;1;3m▌[48;2;5;0;11m[38;2;3;1;6m▊[48;2;74;68;72m[38;2;226;219;225m┏[48;2;231;229;232m[38;2;0;0;0m [48;2;249;249;251m [48;2;250;250;252m[38;2;250;250;252m  [48;2;249;248;251m[38;2;0;0;0m [48;2;67;62;66m[38;2;244;243;245m▅[48;2;176;170;174m[38;2;68;63;67m┏[48;2;223;220;223m[38;2;53;46;51m▁[48;2;60;53;57m[38;2;235;234;236m▅[48;2;200;195;198m[38;2;96;91;95m▅[48;2;55;49;53m[38;2;235;233;236m▅[48;2;245;243;246m[38;2;0;0;0m [48;2;250;250;252m[38;2;250;250;252m  [48;2;193;187;191m[38;2;250;249;251m▊[48;2;26;23;26m[38;2;212;209;212m▁[48;2;3;3;3m[38;2;0;0;0m [48;2;1;1;1m▖[38;2;1;1;1m                    [0m
[48;2;1;1;1m[38;2;1;1;1m                  [48;2;1;0;2m▊[48;2;5;0;6m[38;2;2;0;5m▌[48;2;17;13;19m[38;2;192;186;193m▁[48;2;240;238;241m[38;2;110;101;106m▎[48;2;250;250;252m[38;2;250;250;252m    [48;2;250;249;251m[38;2;0;0;0m [48;2;237;234;238m[38;2;50;44;48m▁[48;2;221;218;221m[38;2;29;26;29m▅[48;2;12;10;13m[38;2;0;0;0m [48;2;196;192;195m[38;2;12;8;11m▅[48;2;225;221;224m[38;2;26;16;21m▁[48;2;247;247;249m[38;2;0;0;0m [48;2;250;250;252m[38;2;250;250;252m▄  [48;2;250;251;253m▊[48;2;160;158;161m[38;2;251;250;253m▊[48;2;2;0;1m[38;2;39;27;31m▎[48;2;3;1;2m[38;2;1;1;1m▌[48;2;1;1;1m                    [0m
[48;2;1;0;2m[38;2;33;3;147m▂▂▂▂[48;2;1;0;1m[38;2;33;3;148m▂▂[38;2;32;3;147m▂▂[38;2;34;4;149m▂▂[38;2;32;4;147m▂▂[38;2;32;3;148m▂▂[48;2;1;0;2m[38;2;32;3;147m▂▂[48;2;1;0;1m▂▂[48;2;1;1;2m[38;2;32;3;149m▂[48;2;2;0;4m[38;2;32;1;149m▂[48;2;236;233;235m[38;2;92;79;108m▎[48;2;249;250;251m[38;2;250;249;250m▄[48;2;250;250;252m[38;2;250;250;252m    [48;2;250;248;251m[38;2;0;0;0m [48;2;13;4;43m[38;2;144;138;153m▎[48;2;1;1;3m[38;2;32;2;149m▂▂[48;2;2;1;4m[38;2;33;3;150m▂[48;2;6;5;8m[38;2;34;4;148m▂[48;2;198;195;198m[38;2;23;12;67m▅[48;2;250;250;251m[38;2;205;202;212m▎[48;2;250;250;252m[38;2;250;250;252m  [48;2;249;248;249m[38;2;250;249;251m▊[48;2;162;161;166m▊[48;2;11;8;10m[38;2;37;9;152m▂[48;2;1;1;2m[38;2;32;4;147m▂[48;2;1;0;2m[38;2;33;3;147m▂▂▂▂▂▂[38;2;34;4;148m▂▂[48;2;1;0;1m[38;2;33;3;148m▂▂[48;2;1;0;2m[38;2;34;4;148m▂▂[38;2;33;3;147m▂▂▂▂[38;2;34;4;148m▂▂[38;2;33;3;147m▂▂[0m
[48;2;38;3;183m[38;2;38;3;183m                  [38;2;39;4;186m▌[48;2;36;0;184m[38;2;39;4;185m▌[48;2;239;239;240m[38;2;112;100;186m▎[48;2;251;250;253m[38;2;250;250;250m│[48;2;250;250;252m[38;2;250;250;252m  [48;2;249;249;251m▌[48;2;251;251;253m▌[48;2;248;248;247m[38;2;81;57;188m▆[48;2;46;13;184m[38;2;0;0;0m [48;2;38;3;183m[38;2;38;3;183m    [48;2;60;31;180m[38;2;38;1;182m▊[48;2;237;235;244m[38;2;71;48;179m▂[48;2;249;249;251m[38;2;251;251;253m▄[48;2;251;251;253m[38;2;250;250;252m▄[48;2;250;248;249m[38;2;250;250;253m▊[48;2;171;169;193m[38;2;249;249;250m▊[48;2;38;2;184m[38;2;60;30;186m▎[48;2;38;3;185m[38;2;39;3;182m▊[48;2;38;3;183m[38;2;38;3;183m                    [0m
[48;2;38;3;183m[38;2;38;3;183m                  [38;2;39;4;186m▌[48;2;36;0;184m[38;2;39;4;185m▌[48;2;239;239;241m[38;2;112;100;186m▎[48;2;250;249;252m[38;2;250;250;250m│[48;2;250;250;252m[38;2;250;250;252m  [48;2;250;249;252m[38;2;0;0;0m [48;2;248;248;249m[38;2;92;74;192m▂[48;2;39;3;184m[38;2;137;124;196m▎[48;2;38;2;182m[38;2;38;2;183m▄[48;2;38;3;183m[38;2;38;3;183m    [38;2;38;3;184m▄[48;2;68;39;178m[38;2;37;2;184m▊[48;2;251;250;252m[38;2;209;208;216m▎[48;2;249;249;250m[38;2;249;249;250m▄[48;2;250;249;250m[38;2;251;250;254m┃[48;2;171;169;193m[38;2;249;249;250m▊[48;2;38;2;184m[38;2;60;30;186m▎[48;2;37;3;185m[38;2;39;3;182m▊[48;2;38;3;183m[38;2;38;3;183m                    [0m
[48;2;38;3;185m[38;2;38;3;185m                    [48;2;191;186;217m[38;2;40;6;183m▆[48;2;241;240;243m[38;2;134;121;197m▎[48;2;250;250;252m[38;2;250;250;252m  [48;2;250;250;248m[38;2;251;250;251m▊[48;2;44;11;183m[38;2;173;171;193m▎[48;2;38;3;185m[38;2;38;3;185m      [48;2;41;6;183m[38;2;0;0;0m [48;2;60;32;183m[38;2;233;230;239m▆[48;2;249;249;251m[38;2;251;251;253m▄[48;2;251;251;253m[38;2;250;250;252m▄[48;2;250;248;249m[38;2;250;250;253m▊[48;2;171;169;193m[38;2;249;249;250m▊[48;2;38;2;184m[38;2;60;30;186m▎[48;2;38;3;185m[38;2;39;3;182m▊[38;2;38;3;185m                    [0m
[48;2;38;3;185m[38;2;38;3;185m                    [48;2;39;4;186m[38;2;38;5;184m▄[48;2;237;237;241m[38;2;96;81;182m▎[48;2;250;250;252m[38;2;250;250;252m  [48;2;251;249;249m┃[48;2;43;11;183m[38;2;172;170;192m▎[48;2;38;3;185m[38;2;38;3;185m      [48;2;50;23;180m[38;2;38;2;184m▊[48;2;250;251;252m[38;2;197;194;221m▎[48;2;250;250;252m[38;2;251;251;253m▁▁[48;2;196;190;219m[38;2;249;249;250m▊[48;2;201;199;219m[38;2;43;10;180m▆[48;2;39;4;186m[38;2;0;0;0m [48;2;38;3;185m[38;2;38;3;184m▖[38;2;38;3;185m                    [0m
[48;2;38;3;185m[38;2;38;3;185m                    [48;2;38;2;183m[38;2;39;2;185m▄[48;2;172;163;212m[38;2;40;5;185m▆[48;2;211;203;224m[38;2;164;64;109m▂[48;2;245;237;240m[38;2;214;68;96m▂[48;2;245;238;239m[38;2;213;71;97m▂[48;2;41;8;184m[38;2;157;130;180m▎[48;2;38;3;185m[38;2;38;3;185m      [48;2;40;4;182m[38;2;0;0;0m [48;2;206;206;221m[38;2;103;42;145m▆[48;2;251;251;252m[38;2;225;225;227m▎[48;2;221;221;223m[38;2;250;250;252m▊[48;2;202;200;220m[38;2;53;25;182m▆[48;2;38;3;183m[38;2;0;0;0m [48;2;38;3;185m[38;2;38;3;185m                      [0m
[48;2;38;3;185m[38;2;38;3;185m                    [48;2;38;2;184m[38;2;37;3;184m▄[48;2;42;7;176m[38;2;175;58;98m▂[48;2;213;76;100m[38;2;113;56;124m▎[48;2;219;75;101m[38;2;220;75;101m▄[48;2;203;66;91m[38;2;50;19;23m▂[48;2;57;19;133m[38;2;21;8;13m▆[48;2;41;12;151m[38;2;3;1;5m▆▆[48;2;42;13;154m[38;2;2;1;4m▆▆[38;2;3;2;5m▆▆[48;2;40;14;151m[38;2;2;2;6m▆[48;2;147;56;73m[38;2;6;4;6m▆[48;2;230;207;211m[38;2;124;44;58m▆[48;2;222;209;210m[38;2;206;68;93m▆[48;2;35;16;64m[38;2;214;69;97m▂[48;2;30;14;72m[38;2;196;66;89m▂[48;2;40;7;169m[38;2;20;12;35m▂[48;2;39;2;185m[38;2;38;3;185m▄[48;2;38;3;185m                    [0m
[48;2;38;3;185m[38;2;38;3;185m                    [48;2;39;2;184m[38;2;41;1;188m╶[48;2;177;57;98m[38;2;46;7;174m▇[48;2;170;57;79m[38;2;30;11;104m▆[48;2;166;52;72m[38;2;23;7;81m▆[48;2;12;5;9m[38;2;39;10;155m▃[48;2;8;5;20m[38;2;39;4;182m▂[48;2;2;1;5m[38;2;39;11;153m▃▃▃▃▃▃[48;2;2;1;6m▃▃[48;2;5;2;6m[38;2;40;11;154m▃[48;2;157;50;71m[38;2;22;6;81m▆[48;2;165;49;71m[38;2;22;8;80m▆[48;2;153;53;71m[38;2;25;9;91m▆[48;2;26;15;61m[38;2;39;3;182m▆[48;2;37;2;181m[38;2;39;4;188m╏[48;2;38;3;185m[38;2;38;3;185m                    [0m
[48;2;40;2;185m[38;2;40;2;185m                                                            [0m
[48;2;40;2;185m[38;2;40;2;185m                                                            [0m
