[48;2;1;1;1m[38;2;1;1;1m                                                            [0m
[48;2;1;1;1m[38;2;1;1;1m                                                            [0m
[48;2;1;1;1m[38;2;1;1;1m                                                            [0m
[48;2;1;1;1m[38;2;1;1;1m                                                            [0m
[48;2;1;1;1m[38;2;1;1;1m                            [38;2;1;0;5m▃▃[48;2;1;1;0m[38;2;1;1;3m▃▃[48;2;1;1;1m[38;2;1;1;1m                            [0m
[48;2;1;1;1m[38;2;1;1;1m                          [48;2;1;1;3m[38;2;1;1;3m  [48;2;3;1;6m[38;2;0;0;0m [48;2;3;1;5m[38;2;30;27;34m▁[48;2;2;0;5m[38;2;23;19;33m▁▁[48;2;3;1;6m[38;2;21;19;24m▁[48;2;2;0;5m[38;2;4;2;7m▄[48;2;1;1;1m[38;2;1;1;1m                          [0m
[48;2;1;1;1m[38;2;1;1;1m                          [38;2;0;0;0m┓[38;2;2;2;2m┏[48;2;12;10;12m[38;2;200;195;198m▄[48;2;146;139;143m[38;2;235;235;237m▇[48;2;173;156;164m[38;2;248;247;250m▇[48;2;171;154;162m[38;2;247;246;249m▇[48;2;170;154;162m[38;2;243;240;243m▇[48;2;207;202;206m[38;2;46;42;45m▄[48;2;11;7;11m[38;2;0;0;0m [48;2;1;1;3m [38;2;1;1;3m  [48;2;1;1;1m[38;2;1;1;1m                      [0m
[48;2;1;1;1m[38;2;1;1;1m                        [48;2;1;1;3m[38;2;1;1;3m  [48;2;2;2;4m[38;2;0;0;2m▌[48;2;3;3;5m▌[48;2;248;246;250m[38;2;128;116;124m▎[48;2;244;246;245m[38;2;251;251;252m▊[48;2;245;243;242m[38;2;211;90;113m▄[48;2;209;94;117m[38;2;35;18;19m▄[48;2;213;117;129m[38;2;204;65;91m▇[48;2;2;0;3m[38;2;41;21;22m▎[48;2;3;1;6m[38;2;3;1;6m  [48;2;1;0;0m▃▃▃▃[48;2;1;1;1m[38;2;1;0;5m▃▃[38;2;1;1;1m                  [0m
[48;2;1;1;1m[38;2;1;1;1m                      [48;2;3;2;7m▃▃[48;2;3;1;4m[38;2;38;32;34m▁[38;2;49;43;45m▁[48;2;11;9;12m[38;2;200;198;200m▄[48;2;13;11;14m[38;2;237;235;237m▄[48;2;236;232;235m[38;2;0;0;0m [48;2;245;242;245m[38;2;249;249;251m▊[48;2;216;69;95m[38;2;221;135;148m▎[48;2;164;54;69m[38;2;218;73;99m▇[48;2;196;57;86m[38;2;218;74;101m▊[48;2;9;6;9m[38;2;47;33;32m▎[48;2;2;0;5m[38;2;50;45;51m▁▁[48;2;3;0;6m[38;2;50;48;51m▁▁[48;2;3;1;4m[38;2;49;47;48m▁▁[48;2;3;1;6m[38;2;41;39;43m▁[48;2;1;0;0m[38;2;2;0;1m▄[48;2;1;1;1m[38;2;1;1;1m                  [0m
[48;2;1;1;1m[38;2;1;1;1m                    [48;2;0;0;0m[38;2;2;2;2m▄[48;2;1;1;1m[38;2;45;45;45m▁[48;2;2;1;3m[38;2;69;64;68m▁[48;2;15;15;17m[38;2;196;192;196m▄[48;2;220;217;220m[38;2;0;0;0m [48;2;202;189;196m[38;2;249;249;251m▇[48;2;249;249;251m[38;2;0;0;0m [48;2;250;250;252m[38;2;251;251;253m▄[38;2;249;249;251m│[48;2;248;248;250m[38;2;251;251;253m┃[48;2;219;72;99m[38;2;220;151;163m▎[48;2;215;73;100m[38;2;218;124;136m▁[48;2;213;80;106m[38;2;243;234;236m▄[48;2;195;175;186m[38;2;248;246;248m▇[48;2;244;241;244m[38;2;226;211;216m▁[48;2;245;242;245m[38;2;232;217;222m▁[48;2;243;242;245m[38;2;229;214;221m▁[48;2;207;196;202m[38;2;250;249;251m▇[38;2;250;250;252m▇▇[48;2;245;243;245m[38;2;191;185;189m▝[48;2;24;20;23m[38;2;204;196;201m▄[48;2;0;0;0m[38;2;1;1;1m▄▄[48;2;1;1;1m                [0m
[48;2;1;1;1m[38;2;1;1;1m                  [48;2;5;1;6m[38;2;84;77;84m▁[48;2;17;15;20m[38;2;192;186;192m▄[48;2;25;21;24m[38;2;244;243;245m▄[48;2;222;220;222m[38;2;0;0;0m [48;2;229;229;231m[38;2;249;249;251m▇[48;2;248;248;250m[38;2;0;0;0m [48;2;250;250;252m[38;2;250;250;252m      [48;2;216;98;118m[38;2;248;247;249m▄[48;2;245;242;244m[38;2;0;0;0m [48;2;248;246;248m [48;2;241;231;234m[38;2;212;103;123m▄[48;2;211;89;111m[38;2;241;241;240m▄[48;2;210;82;106m[38;2;219;213;214m▄[48;2;209;77;100m[38;2;124;47;52m▁[48;2;226;223;224m[38;2;12;8;10m▄[48;2;227;227;229m[38;2;5;5;7m▄[48;2;229;229;231m[38;2;6;6;8m▄[48;2;206;202;207m[38;2;8;6;11m▄[48;2;10;8;9m[38;2;0;0;0m [48;2;1;1;1m[38;2;1;1;1m                  [0m
[48;2;1;1;1m[38;2;1;1;1m                [38;2;0;0;0m╏[48;2;5;1;6m[38;2;99;95;100m▁[48;2;231;227;230m[38;2;87;78;83m▎[48;2;249;249;251m[38;2;0;0;0m [48;2;250;250;252m[38;2;250;250;252m▄[48;2;249;249;251m[38;2;155;155;157m▁[48;2;229;227;231m[38;2;52;45;48m▄[48;2;225;222;224m[38;2;6;2;6m▄[48;2;220;219;221m[38;2;6;3;6m▄[48;2;228;227;229m[38;2;105;98;102m▁[48;2;247;247;249m[38;2;0;0;0m [48;2;250;250;251m[38;2;249;249;251m▄[48;2;250;250;252m[38;2;250;250;252m    [38;2;251;251;253m⎺[48;2;249;249;251m[38;2;250;250;252m▄[48;2;192;181;187m[38;2;251;248;251m▊[48;2;4;3;5m[38;2;55;44;50m▎[48;2;2;2;2m[38;2;0;0;0m▃▃[48;2;1;1;1m[38;2;1;1;1m                      [0m
[48;2;1;1;1m[38;2;1;1;1m              [38;2;1;0;5m▃▃[48;2;4;1;5m[38;2;89;31;45m▁[48;2;228;223;227m[38;2;67;51;59m▎[48;2;250;250;251m[38;2;249;249;251m▄[48;2;247;247;249m[38;2;139;139;141m▁[48;2;219;216;219m[38;2;53;47;51m▄[48;2;30;25;29m[38;2;0;0;0m [48;2;2;0;6m[38;2;2;0;2m▌[48;2;4;1;9m[38;2;3;1;4m▌[48;2;0;0;2m[38;2;4;4;6m▄[48;2;66;63;66m[38;2;212;208;211m┏[48;2;234;230;234m[38;2;0;0;0m [48;2;249;249;251m[38;2;250;249;252m▄[48;2;250;250;252m[38;2;250;250;252m  [38;2;251;251;253m▊[48;2;249;249;251m[38;2;250;250;252m▎[48;2;250;250;252m[38;2;248;248;250m▄[48;2;248;248;250m[38;2;0;0;0m [48;2;234;230;233m[38;2;107;103;106m▁[48;2;2;1;3m[38;2;46;35;41m▎[48;2;1;1;3m[38;2;1;1;3m    [48;2;1;1;1m[38;2;1;1;1m                    [0m
[48;2;1;1;1m[38;2;1;1;1m              [48;2;2;1;2m[38;2;0;0;0m [48;2;4;2;4m[38;2;91;29;44m▁[48;2;198;64;88m[38;2;39;19;17m▎[48;2;196;81;102m[38;2;240;219;223m▝[48;2;240;238;241m[38;2;58;35;40m▅[48;2;28;25;27m[38;2;0;0;0m [48;2;1;1;1m[38;2;1;1;1m  [48;2;1;1;3m[38;2;0;0;0m▊[48;2;2;1;6m[38;2;1;1;3m▎[48;2;5;0;6m[38;2;1;0;2m▊[48;2;245;243;245m[38;2;107;102;108m▎[48;2;250;250;252m[38;2;250;250;252m      [48;2;231;229;232m[38;2;250;249;252m▊[48;2;228;225;228m[38;2;40;36;39m▅[48;2;8;6;8m[38;2;0;0;0m [48;2;5;1;5m[38;2;1;0;4m▅[48;2;1;1;3m[38;2;1;0;5m▊[48;2;1;1;1m[38;2;1;1;3m▎[38;2;1;1;1m                      [0m
[48;2;1;1;1m[38;2;1;1;1m              [48;2;1;1;2m[38;2;0;0;0m [48;2;135;48;66m[38;2;7;3;4m▅[48;2;205;68;94m[38;2;12;6;7m▅[48;2;24;9;11m[38;2;0;0;0m [48;2;1;1;1m[38;2;1;1;1m    [48;2;2;0;3m[38;2;2;0;1m▊[48;2;2;0;5m[38;2;2;0;3m▎[48;2;67;61;63m[38;2;215;209;211m┏[48;2;174;168;170m[38;2;100;92;95m▄[48;2;225;222;224m[38;2;98;88;89m▁[48;2;243;240;241m[38;2;80;70;71m▁[48;2;243;240;243m[38;2;84;73;77m▁▁▁▁[48;2;237;235;237m[38;2;81;74;79m▁[48;2;2;1;3m[38;2;64;57;61m▎[48;2;1;0;0m[38;2;3;1;6m▃▃[48;2;1;1;1m[38;2;1;1;1m                        [0m
[48;2;1;1;1m[38;2;1;1;1m                      [48;2;4;0;5m[38;2;4;0;4m▄[48;2;71;68;69m[38;2;220;216;217m┏[48;2;231;229;232m[38;2;0;0;0m [48;2;250;248;250m [48;2;41;36;40m[38;2;166;160;164m▎[48;2;7;4;7m[38;2;0;0;0m [48;2;11;10;12m[38;2;165;156;159m▁[48;2;7;5;7m[38;2;0;0;0m [48;2;15;12;15m[38;2;165;156;161m▁[48;2;22;17;20m[38;2;215;212;215m▅[48;2;23;19;22m[38;2;195;186;191m▁[48;2;14;10;13m[38;2;185;176;181m▁[48;2;3;2;6m[38;2;0;0;0m [48;2;0;0;0m[38;2;2;2;2m▄[48;2;1;1;1m[38;2;1;1;1m                        [0m
[48;2;1;1;1m[38;2;1;1;1m                    [48;2;2;0;3m[38;2;0;0;0m▊[48;2;5;0;6m[38;2;2;0;3m▎[48;2;71;65;69m[38;2;217;212;216m┏[48;2;232;229;232m[38;2;0;0;0m [48;2;250;250;252m[38;2;250;250;252m  [48;2;249;247;248m[38;2;251;249;253m▌[48;2;7;5;8m[38;2;139;137;142m▎[48;2;244;242;244m[38;2;130;121;126m▎[48;2;8;4;8m[38;2;123;118;122m▎[48;2;251;250;252m[38;2;148;147;153m▎[48;2;250;250;251m[38;2;250;250;251m▄[48;2;250;250;252m[38;2;247;247;249m┗[48;2;244;244;246m[38;2;0;0;0m [48;2;39;32;36m[38;2;229;227;230m▅[48;2;20;17;20m[38;2;190;181;186m▁[48;2;0;0;0m[38;2;4;4;4m▄[48;2;2;2;2m[38;2;1;1;1m▄[48;2;1;1;1m                      [0m
[48;2;1;1;1m[38;2;1;1;1m                    [48;2;3;1;3m[38;2;6;1;5m▗[48;2;13;8;12m[38;2;159;151;156m▁[48;2;236;234;235m[38;2;101;90;94m▎[48;2;250;249;253m[38;2;249;247;252m╏[48;2;250;250;252m[38;2;250;250;252m  [48;2;245;244;247m[38;2;250;250;251m▊[48;2;41;37;40m[38;2;154;152;155m▎[48;2;212;210;212m[38;2;134;125;130m▎[48;2;58;54;58m[38;2;233;229;232m▅[48;2;206;200;204m[38;2;43;35;39m▅[48;2;250;250;252m[38;2;195;192;195m▎[38;2;250;250;252m  [48;2;251;251;253m▄[48;2;244;244;245m[38;2;0;0;0m [48;2;35;31;35m[38;2;223;219;223m▅[48;2;1;1;3m[38;2;33;29;33m▎[48;2;1;1;1m[38;2;1;1;1m                      [0m
[48;2;1;1;1m[38;2;1;1;1m                  [48;2;1;1;3m▊[48;2;1;0;5m[38;2;1;1;3m▎[48;2;5;0;5m[38;2;2;0;5m┃[48;2;237;233;234m[38;2;80;71;74m▎[48;2;250;250;252m[38;2;250;250;252m    [48;2;249;249;251m┃[48;2;251;251;253m[38;2;253;253;255m│[48;2;4;3;6m[38;2;127;115;122m▎[48;2;197;191;195m[38;2;13;9;12m▅[48;2;58;51;54m[38;2;161;155;159m▅[48;2;209;202;206m[38;2;91;85;89m▅[48;2;243;243;245m[38;2;0;0;0m [48;2;250;250;252m[38;2;250;250;251m▄[38;2;250;250;252m  [48;2;243;242;244m[38;2;0;0;0m [48;2;41;36;40m[38;2;223;220;223m▅[48;2;1;0;1m[38;2;21;19;20m▎[48;2;0;1;1m[38;2;0;1;1m▄[48;2;1;1;1m[38;2;1;1;1m                    [0m
[48;2;1;1;1m[38;2;1;1;1m                  [48;2;2;0;3m[38;2;0;0;0m▊[48;2;5;0;6m[38;2;2;0;3m▎[48;2;78;74;77m[38;2;227;223;227m┏[48;2;232;231;233m[38;2;0;0;0m [48;2;250;250;252m[38;2;250;250;252m    [48;2;249;249;251m[38;2;249;248;250m▄[48;2;169;165;169m[38;2;15;10;14m┏[48;2;12;9;12m[38;2;0;0;0m [48;2;1;1;3m [48;2;4;3;5m [48;2;199;196;199m[38;2;19;15;18m▅[48;2;250;250;252m[38;2;211;211;213m▎[48;2;249;249;251m[38;2;249;249;251m▄[48;2;250;250;252m[38;2;250;250;252m  [48;2;251;251;253m▄[48;2;160;160;162m▊[48;2;1;0;0m[38;2;39;30;33m▎[48;2;2;2;2m[38;2;1;0;0m┃[48;2;1;1;1m[38;2;1;1;1m                    [0m
[48;2;1;0;1m[38;2;33;4;150m▂▂▂▂▂▂▂▂▂▂▂▂▂▂[48;2;2;0;1m[38;2;32;5;150m▂▂[48;2;1;0;1m[38;2;33;4;150m▂▂[48;2;2;0;3m[38;2;32;4;149m▂[38;2;30;3;148m▂[48;2;236;233;235m[38;2;93;80;106m▎[48;2;249;249;249m[38;2;250;250;253m┫[48;2;250;250;252m[38;2;250;250;252m    [48;2;171;164;182m[38;2;21;10;55m┏[48;2;19;16;20m[38;2;33;3;147m▂[48;2;1;0;3m[38;2;33;4;150m▂▂[48;2;2;1;4m[38;2;31;3;148m▂[48;2;6;5;8m[38;2;34;5;151m▂[48;2;233;231;234m[38;2;40;29;77m▆[48;2;250;250;251m[38;2;206;203;212m▎[48;2;250;250;252m[38;2;250;250;252m  [48;2;249;249;251m[38;2;251;251;252m▄[48;2;243;243;245m[38;2;0;0;0m [48;2;15;9;13m[38;2;211;207;211m▆[48;2;10;6;9m[38;2;38;10;150m▂[48;2;1;0;1m[38;2;33;4;150m▂▂▂▂▂▂▂▂▂▂▂▂▂▂▂▂▂▂[48;2;1;0;2m[38;2;33;4;148m▂▂[0m
[48;2;38;3;183m[38;2;38;3;183m                  [48;2;39;4;186m[38;2;38;3;185m▌[48;2;36;1;183m▌[48;2;239;239;240m[38;2;113;99;187m▎[48;2;250;249;254m[38;2;249;249;250m┃[48;2;250;250;252m[38;2;250;250;252m  [38;2;249;249;251m▊[48;2;251;251;253m[38;2;250;250;252m▎[48;2;40;4;183m[38;2;171;165;203m▎[48;2;41;3;187m[38;2;38;3;183m┃[48;2;38;3;183m    [48;2;61;33;182m[38;2;37;1;183m▊[48;2;237;234;243m[38;2;72;50;181m▂[48;2;247;247;249m[38;2;0;0;0m [48;2;250;250;252m[38;2;250;250;251m▄[38;2;250;250;252m  [48;2;179;170;201m[38;2;249;248;248m▊[48;2;39;2;183m[38;2;50;19;183m▎[48;2;38;3;183m[38;2;38;3;183m                    [0m
[48;2;38;3;183m[38;2;38;3;183m                  [48;2;39;4;186m[38;2;38;3;185m▌[48;2;36;1;183m▌[48;2;239;239;240m[38;2;113;99;186m▎[48;2;250;250;252m[38;2;251;250;255m▎[38;2;250;250;252m  [48;2;249;249;251m[38;2;251;250;252m▄[48;2;248;247;249m[38;2;91;74;189m▂[48;2;38;4;185m[38;2;138;123;191m▎[48;2;39;2;183m[38;2;39;2;183m▄[48;2;38;3;183m[38;2;38;3;183m    [48;2;38;2;184m[38;2;38;2;184m▄[48;2;64;34;182m[38;2;36;2;183m▊[48;2;250;250;250m[38;2;209;208;216m▎[38;2;250;250;252m│[48;2;250;250;252m  [48;2;178;169;202m[38;2;249;248;249m▊[48;2;42;7;182m[38;2;0;0;0m [48;2;38;3;183m[38;2;38;3;183m                    [0m
[48;2;38;3;185m[38;2;38;3;185m                  [48;2;39;4;186m▌[48;2;36;1;183m▌[48;2;238;238;239m[38;2;110;96;184m▎[48;2;249;248;253m[38;2;250;250;251m┃[48;2;250;250;252m[38;2;250;250;252m  [48;2;251;249;252m[38;2;252;252;254m│[48;2;43;11;184m[38;2;173;169;192m▎[48;2;38;3;185m[38;2;38;3;185m      [48;2;38;3;184m[38;2;38;3;184m▄[48;2;63;33;183m[38;2;37;1;183m▊[48;2;250;250;250m[38;2;209;208;216m▎[38;2;250;250;252m│[48;2;250;250;252m  [48;2;175;165;199m[38;2;248;248;249m▊[48;2;39;2;184m[38;2;41;9;182m▎[48;2;38;3;185m[38;2;38;3;185m                    [0m
[48;2;38;3;185m[38;2;38;3;185m                    [48;2;179;172;213m[38;2;38;6;182m▆[48;2;241;240;243m[38;2;135;121;197m▎[48;2;250;250;252m[38;2;250;250;252m  [48;2;251;249;252m[38;2;252;252;254m│[48;2;43;11;184m[38;2;173;169;192m▎[48;2;38;3;185m[38;2;38;3;185m      [48;2;38;3;184m[38;2;38;3;184m▄[48;2;63;33;183m[38;2;37;1;183m▊[48;2;250;250;250m[38;2;209;208;216m▎[38;2;250;250;252m│[48;2;249;249;251m[38;2;250;250;253m▄[48;2;196;193;209m[38;2;249;248;250m▊[48;2;208;202;225m[38;2;47;14;185m▆[48;2;40;4;183m[38;2;0;0;0m [48;2;38;3;185m[38;2;38;3;185m                    [0m
[48;2;38;3;185m[38;2;38;3;185m                    [48;2;37;2;184m[38;2;38;3;183m▄[48;2;172;161;212m[38;2;41;6;186m▆[48;2;212;204;225m[38;2;165;62;107m▂[48;2;244;236;238m[38;2;211;68;98m▂[48;2;245;237;238m[38;2;210;71;96m▂[48;2;41;8;184m[38;2;160;132;183m▎[48;2;38;3;185m[38;2;38;3;185m      [48;2;39;3;187m[38;2;38;3;184m┃[48;2;67;38;182m[38;2;37;2;183m▊[48;2;251;250;251m[38;2;206;210;214m▎[48;2;247;246;248m[38;2;0;0;0m [48;2;235;226;232m[38;2;214;73;98m▂[48;2;202;198;217m[38;2;98;39;147m▆[48;2;38;4;183m[38;2;0;0;0m [48;2;39;4;184m[38;2;38;3;183m▄[48;2;38;3;185m[38;2;38;3;185m                    [0m
[48;2;38;3;185m[38;2;38;3;185m                  [48;2;38;2;183m[38;2;39;2;185m▄[48;2;66;25;105m[38;2;159;51;120m━[48;2;65;36;150m[38;2;197;67;89m▆[48;2;65;35;152m[38;2;216;73;99m▆[48;2;209;73;102m[38;2;0;0;0m [48;2;217;73;101m[38;2;221;75;100m▚[48;2;202;66;89m[38;2;52;20;24m▂[48;2;163;57;112m[38;2;38;15;18m▃[48;2;42;15;152m[38;2;18;9;13m▆[48;2;41;14;154m[38;2;3;3;7m▆[48;2;42;14;155m[38;2;3;2;5m▆▆▆▆[48;2;39;12;152m[38;2;2;2;5m▆[48;2;49;24;154m[38;2;7;4;9m▆[48;2;223;209;213m[38;2;118;42;56m▆[48;2;230;210;212m[38;2;127;43;59m▆[48;2;218;73;100m[38;2;42;17;20m▃[48;2;213;71;97m[38;2;41;16;19m▃[48;2;78;31;75m[38;2;219;73;100m━[48;2;69;25;85m[38;2;204;70;95m━[48;2;39;4;180m[38;2;0;0;0m [48;2;39;4;182m[38;2;39;3;185m▄[48;2;38;3;185m[38;2;38;3;185m                  [0m
[48;2;38;3;185m[38;2;38;3;185m                  [48;2;38;3;183m[38;2;38;2;185m▄[48;2;22;9;52m[38;2;37;3;177m▇[48;2;165;54;76m[38;2;37;12;98m▇[48;2;164;51;72m[38;2;21;8;80m▆[48;2;168;53;75m[38;2;23;7;82m▆▆[48;2;16;9;24m[38;2;37;3;182m▂[48;2;9;5;20m[38;2;40;3;183m▂[48;2;2;2;5m[38;2;40;10;155m▃▃▃▃▃▃[48;2;3;2;5m[38;2;38;11;155m▃▃[48;2;2;1;5m[38;2;39;12;154m▃▃[48;2;8;5;20m[38;2;39;5;182m▂▂[48;2;11;7;27m[38;2;40;5;182m▂[48;2;21;12;60m[38;2;39;3;182m▆[48;2;38;3;185m[38;2;38;3;185m                    [0m
[48;2;40;2;185m[38;2;40;2;185m                                                            [0m
[48;2;40;2;185m[38;2;40;2;185m                                                            [0m
