[48;2;1;1;1m[38;2;1;1;1m                                                            [0m
[48;2;1;1;1m[38;2;1;1;1m                                                            [0m
[48;2;1;1;1m[38;2;1;1;1m                                                            [0m
[48;2;1;1;1m[38;2;1;1;1m                                                            [0m
[48;2;1;1;1m[38;2;1;1;1m                            [48;2;1;1;3m[38;2;1;1;3m  [48;2;1;1;1m[38;2;1;1;1m                              [0m
[48;2;1;1;1m[38;2;1;1;1m                          [48;2;1;1;3m[38;2;1;1;3m  [48;2;3;1;6m[38;2;3;1;6m  [48;2;2;0;6m[38;2;3;0;7m▄▄[48;2;3;1;6m[38;2;25;23;28m▁▁[48;2;0;0;0m[38;2;2;2;2m▄[38;2;4;4;4m▄[48;2;1;1;1m[38;2;1;1;1m                        [0m
[48;2;1;1;1m[38;2;1;1;1m                            [48;2;4;3;5m[38;2;0;0;0m [48;2;12;10;13m[38;2;196;194;197m▄[48;2;147;136;142m[38;2;238;237;240m▇[48;2;170;159;165m[38;2;248;247;250m▇[48;2;169;158;164m[38;2;247;246;248m▇[48;2;166;155;161m[38;2;240;239;241m▇[48;2;204;197;202m[38;2;43;37;41m▄[48;2;7;5;8m[38;2;0;0;0m [48;2;1;1;3m[38;2;1;1;3m  [48;2;1;1;1m[38;2;1;1;1m                      [0m
[48;2;1;1;1m[38;2;1;1;1m                        [48;2;1;1;3m[38;2;1;1;3m    [48;2;14;12;17m[38;2;4;2;7m▊[48;2;249;247;251m[38;2;142;140;145m▎[48;2;247;248;249m[38;2;0;0;0m [48;2;245;240;242m[38;2;214;93;117m▄[48;2;210;93;116m[38;2;44;19;24m▄[48;2;209;132;146m[38;2;196;61;84m▇[48;2;3;1;6m[38;2;18;16;21m▎[48;2;4;2;7m[38;2;1;0;4m▌[48;2;3;1;4m[38;2;2;0;3m▄[48;2;1;0;2m[38;2;4;2;5m▄[48;2;2;1;3m[38;2;32;26;30m▁▁[48;2;1;1;3m[38;2;1;1;3m  [48;2;1;1;1m[38;2;1;1;1m                  [0m
[48;2;1;1;1m[38;2;1;1;1m                      [48;2;2;1;5m[38;2;2;2;1m▃▃[48;2;1;0;2m[38;2;6;4;7m▄[48;2;3;1;4m[38;2;37;35;38m▁[48;2;4;2;5m[38;2;48;46;49m▁[48;2;12;10;13m[38;2;203;201;204m▄[48;2;19;17;20m[38;2;237;235;238m▄[48;2;235;233;236m[38;2;0;0;0m [48;2;236;237;232m[38;2;251;251;252m▊[48;2;217;69;98m[38;2;220;134;147m▎[48;2;178;57;76m[38;2;217;75;102m▇[48;2;162;49;66m[38;2;216;72;99m▊[48;2;15;11;14m[38;2;53;32;37m▁[48;2;16;11;16m[38;2;221;214;217m▄[48;2;32;28;31m[38;2;235;235;237m▄[48;2;168;162;166m[38;2;246;244;247m▇[48;2;171;165;169m[38;2;250;248;251m▇[48;2;154;148;152m[38;2;240;238;241m▇[48;2;19;15;18m[38;2;210;206;209m▄[48;2;0;0;2m[38;2;4;4;6m╵[48;2;1;1;1m[38;2;1;1;1m                  [0m
[48;2;1;1;1m[38;2;1;1;1m                    [38;2;5;5;5m▁[48;2;0;0;0m[38;2;3;3;3m▄[48;2;3;1;4m[38;2;65;63;66m▁[48;2;16;15;17m[38;2;194;193;195m▄[48;2;22;18;21m[38;2;239;239;240m▄[48;2;223;221;224m[38;2;0;0;0m [48;2;195;195;197m[38;2;250;250;251m▇[48;2;248;248;250m[38;2;0;0;0m [48;2;250;250;252m[38;2;250;250;252m  [48;2;241;242;237m[38;2;249;249;251m▊[48;2;218;70;99m[38;2;218;132;145m▎[48;2;214;71;98m[38;2;227;113;130m▁[48;2;220;76;103m[38;2;217;72;100m▄[48;2;210;70;96m[38;2;219;125;140m▁[48;2;212;90;113m[38;2;246;233;233m▄[48;2;248;248;250m[38;2;0;0;0m [48;2;250;250;252m[38;2;251;251;253m│[48;2;251;249;251m[38;2;0;0;0m [48;2;239;237;239m[38;2;167;165;168m▁[48;2;211;209;212m[38;2;19;18;20m▄[48;2;7;6;8m[38;2;0;0;0m [48;2;1;1;1m[38;2;1;1;1m                  [0m
[48;2;1;1;1m[38;2;1;1;1m                [48;2;0;0;0m[38;2;2;2;2m▄[48;2;2;2;2m[38;2;81;81;81m▁[48;2;6;1;7m[38;2;115;110;116m▁[48;2;19;15;20m[38;2;191;186;192m▄[48;2;26;22;25m[38;2;243;243;245m▄[48;2;221;219;222m[38;2;0;0;0m [48;2;228;228;230m[38;2;249;249;251m▇[48;2;249;249;251m[38;2;244;244;246m⎻[48;2;250;250;252m[38;2;250;250;252m      [48;2;248;247;248m[38;2;0;0;0m [48;2;210;97;119m[38;2;250;247;249m▄[48;2;246;242;242m[38;2;0;0;0m [48;2;213;98;123m[38;2;248;247;246m▄[48;2;245;243;246m[38;2;0;0;0m [48;2;241;239;242m[38;2;147;142;146m▁[48;2;230;228;231m[38;2;17;16;18m▄[48;2;229;227;230m[38;2;7;6;8m▄[48;2;207;206;208m[38;2;7;5;8m▄[48;2;11;9;12m[38;2;0;0;0m [48;2;1;1;3m[38;2;1;1;3m  [48;2;1;1;1m[38;2;1;1;1m                  [0m
[48;2;1;1;1m[38;2;1;1;1m            [38;2;0;0;0m [48;2;2;2;1m[38;2;59;24;36m▁[48;2;22;8;11m[38;2;153;48;69m▄[48;2;30;25;26m[38;2;228;196;201m▄[48;2;30;28;31m[38;2;247;245;248m▄[48;2;219;217;219m[38;2;0;0;0m [48;2;249;249;250m[38;2;243;243;245m╴[48;2;248;248;250m[38;2;157;157;159m▁[48;2;249;247;250m[38;2;125;123;126m▁▁[48;2;231;227;230m[38;2;49;45;49m▄[48;2;225;221;225m[38;2;7;3;7m▄[48;2;221;219;222m[38;2;5;4;6m▄[48;2;228;226;229m[38;2;102;100;103m▁[48;2;247;247;249m[38;2;0;0;0m [48;2;248;248;250m[38;2;250;250;252m▄[48;2;250;250;252m    [48;2;249;249;251m[38;2;249;249;251m  [48;2;234;230;234m[38;2;125;121;124m▁[48;2;5;3;5m[38;2;50;41;46m▎[48;2;1;1;1m[38;2;1;1;1m                        [0m
[48;2;1;1;1m[38;2;1;1;1m            [48;2;3;2;1m[38;2;7;0;0m─[48;2;186;60;85m[38;2;14;14;8m▎[48;2;217;73;99m[38;2;101;34;34m▁[48;2;207;172;179m[38;2;58;23;30m▄[48;2;248;246;249m[38;2;28;26;29m▅[48;2;220;218;221m[38;2;5;3;6m▄[48;2;246;242;246m[38;2;32;27;31m▅[48;2;31;27;30m[38;2;0;0;0m [48;2;2;0;3m[38;2;5;3;6m▄▄[48;2;3;1;6m[38;2;2;0;3m▊[48;2;5;2;11m[38;2;4;1;8m▊[48;2;1;0;2m[38;2;2;0;3m▄[48;2;65;63;66m[38;2;212;210;213m┏[48;2;232;230;233m[38;2;0;0;0m [48;2;251;250;252m[38;2;250;248;251m▄[48;2;250;250;252m[38;2;250;250;252m    [48;2;249;249;251m┃[38;2;255;255;255m│[48;2;4;1;4m[38;2;60;54;58m▎[48;2;0;0;2m[38;2;2;1;3m▌[48;2;1;1;3m[38;2;1;1;3m    [48;2;1;1;1m[38;2;1;1;1m                    [0m
[48;2;1;1;1m[38;2;1;1;1m              [48;2;1;1;3m[38;2;1;1;3m  [48;2;3;1;6m[38;2;3;1;6m  [48;2;2;0;3m[38;2;2;0;3m  [48;2;1;1;1m[38;2;1;1;1m  [48;2;1;1;3m▊[48;2;1;0;5m[38;2;1;1;3m▎[48;2;4;2;5m[38;2;1;0;2m▌[48;2;252;250;253m[38;2;231;229;232m▌[48;2;250;250;252m[38;2;250;250;252m      [48;2;231;229;232m[38;2;251;250;252m▊[48;2;226;224;227m[38;2;38;37;39m▅[48;2;1;0;2m[38;2;2;0;3m▄▄[48;2;1;1;3m[38;2;1;1;3m  [48;2;1;1;1m[38;2;1;1;1m                      [0m
[48;2;1;1;1m[38;2;1;1;1m                [48;2;1;1;3m[38;2;1;1;3m  [48;2;1;1;1m[38;2;1;1;1m    [48;2;2;0;3m[38;2;2;0;3m  [48;2;68;62;64m[38;2;215;210;212m┏[48;2;172;167;169m[38;2;99;93;95m▄[48;2;225;222;223m[38;2;98;89;92m▁[48;2;243;240;241m[38;2;82;73;76m▁[48;2;243;240;243m[38;2;85;72;79m▁▁▁▁[48;2;235;233;236m[38;2;80;78;81m▁[48;2;2;1;3m[38;2;65;63;66m▎[48;2;2;0;3m[38;2;2;0;3m  [48;2;1;1;1m[38;2;1;1;1m                        [0m
[48;2;1;1;1m[38;2;1;1;1m                      [48;2;3;0;2m[38;2;8;3;7m▘[48;2;71;66;70m[38;2;221;216;220m┏[48;2;231;229;232m[38;2;0;0;0m [48;2;250;248;251m [48;2;42;37;41m[38;2;167;158;163m▎[48;2;6;4;7m[38;2;0;0;0m [48;2;11;10;12m[38;2;157;151;155m▁[48;2;7;5;8m[38;2;0;0;0m [48;2;17;12;16m[38;2;162;157;161m▁[48;2;22;17;21m[38;2;216;212;215m▅[48;2;24;20;25m[38;2;180;175;181m▁[48;2;7;3;8m[38;2;0;0;0m [48;2;1;1;3m[38;2;1;1;3m  [48;2;1;1;1m[38;2;1;1;1m                        [0m
[48;2;1;1;1m[38;2;1;1;1m                    [48;2;2;0;3m[38;2;2;0;3m  [48;2;71;65;68m[38;2;217;211;215m┏[48;2;233;230;233m[38;2;0;0;0m [48;2;250;250;252m[38;2;250;250;252m  [48;2;241;238;241m[38;2;90;81;86m▁[48;2;40;36;40m[38;2;135;131;134m▎[48;2;213;209;213m[38;2;127;122;126m▎[48;2;39;35;38m[38;2;124;120;124m▎[48;2;250;250;251m[38;2;168;168;170m▎[48;2;249;249;251m[38;2;249;249;251m▄[48;2;247;246;248m[38;2;0;0;0m [48;2;42;40;43m[38;2;226;225;227m▅[48;2;3;1;4m[38;2;35;33;36m▎[48;2;1;0;2m[38;2;2;0;3m▄[48;2;1;1;1m[38;2;1;1;1m                        [0m
[48;2;1;1;1m[38;2;1;1;1m                    [48;2;3;1;4m[38;2;4;2;5m▄[48;2;14;8;12m[38;2;158;151;156m▁[48;2;236;233;236m[38;2;102;91;97m▎[48;2;249;247;250m[38;2;250;250;252m▊[48;2;250;250;252m  [48;2;46;41;44m[38;2;167;161;165m▎[48;2;212;207;210m[38;2;126;120;124m▎[48;2;43;39;42m[38;2;122;110;116m▎[48;2;215;213;215m[38;2;141;135;139m▎[48;2;245;245;247m[38;2;0;0;0m [48;2;250;250;251m[38;2;250;250;252m▄[48;2;251;251;253m[38;2;244;244;246m╵[48;2;245;245;246m[38;2;0;0;0m [48;2;40;36;39m[38;2;228;223;227m▅[48;2;6;1;5m[38;2;30;25;29m▎[48;2;1;1;3m[38;2;1;1;3m  [48;2;1;1;1m[38;2;1;1;1m                      [0m
[48;2;1;1;1m[38;2;1;1;1m                  [48;2;1;1;3m[38;2;1;1;3m  [48;2;9;2;6m▌[48;2;235;232;235m[38;2;80;71;76m▎[48;2;250;250;252m[38;2;250;250;252m    [48;2;247;246;248m[38;2;252;251;253m┃[48;2;46;44;47m[38;2;155;153;156m▎[48;2;190;185;189m[38;2;17;12;16m▅[48;2;17;13;16m[38;2;0;0;0m [48;2;212;210;212m[38;2;36;30;34m▁[48;2;247;245;248m[38;2;0;0;0m [48;2;250;250;252m[38;2;250;250;252m  [48;2;245;243;246m[38;2;0;0;0m [48;2;42;40;43m[38;2;227;225;228m▅[48;2;9;7;12m[38;2;0;0;0m [48;2;6;4;9m[38;2;3;1;6m▊[48;2;1;1;1m[38;2;1;1;1m                      [0m
[48;2;1;1;1m[38;2;1;1;1m                  [48;2;2;0;1m[38;2;2;1;0m▎[48;2;2;0;6m[38;2;2;0;5m▊[48;2;79;75;78m[38;2;227;223;226m┏[48;2;231;231;233m[38;2;0;0;0m [48;2;250;250;252m[38;2;250;250;252m    [48;2;250;248;251m[38;2;0;0;0m [48;2;168;166;169m[38;2;15;13;16m┏[48;2;11;11;13m[38;2;0;0;0m [48;2;1;1;3m[38;2;0;0;2m▎[48;2;32;24;28m[38;2;2;0;2m▊[48;2;215;211;214m[38;2;29;25;28m▁[48;2;248;248;249m[38;2;0;0;0m [48;2;249;249;251m[38;2;249;249;251m▄[48;2;250;250;252m[38;2;248;248;250m▄[48;2;244;244;246m[38;2;0;0;0m [48;2;42;41;45m[38;2;225;223;228m▅[48;2;3;1;6m[38;2;36;34;39m▎[48;2;1;1;1m[38;2;1;1;1m                      [0m
[48;2;2;1;1m[38;2;32;3;150m▂▂▂▂▂▂[48;2;2;1;2m[38;2;32;3;148m▂▂[38;2;33;4;149m▂▂[38;2;32;3;148m▂▂▂▂▂▂▂▂[48;2;2;1;3m[38;2;31;1;151m▂▂[48;2;236;233;235m[38;2;93;79;102m▎[48;2;249;249;251m[38;2;251;252;245m╵[48;2;250;250;252m[38;2;250;250;252m    [48;2;171;164;181m[38;2;21;9;57m┏[48;2;20;16;20m[38;2;32;5;147m▂[48;2;2;1;4m[38;2;32;3;147m▂▂[48;2;3;1;2m[38;2;30;5;148m▂[48;2;10;9;12m[38;2;34;10;147m▂[48;2;250;250;252m[38;2;191;191;193m▎[48;2;249;249;251m[38;2;251;251;253m┃[48;2;250;250;252m[38;2;250;250;252m  [48;2;177;173;186m[38;2;249;247;248m▊[48;2;17;14;30m[38;2;38;9;180m▁[48;2;3;2;5m[38;2;32;3;147m▂▂[48;2;2;1;1m[38;2;32;3;150m▂▂▂▂▂▂▂▂▂▂▂▂▂▂▂▂▂▂▂▂[0m
[48;2;38;3;183m[38;2;38;3;183m                  [48;2;38;3;185m[38;2;38;3;185m  [48;2;239;239;239m[38;2;113;99;187m▎[48;2;252;251;254m[38;2;246;245;250m│[48;2;250;250;252m[38;2;250;250;252m    [48;2;39;5;183m[38;2;169;161;198m▎[48;2;41;2;186m[38;2;40;5;185m▎[48;2;38;3;183m[38;2;38;3;183m  [48;2;39;4;184m[38;2;39;4;184m  [48;2;235;229;240m[38;2;53;24;181m▆[48;2;250;250;249m[38;2;215;209;234m▎[48;2;250;250;252m[38;2;250;250;252m  [48;2;244;243;248m[38;2;0;0;0m [48;2;41;14;177m[38;2;217;214;229m▆[48;2;38;3;184m[38;2;53;20;189m▎[48;2;39;3;187m[38;2;37;2;182m▊[48;2;38;3;183m[38;2;38;3;183m                    [0m
[48;2;38;3;183m[38;2;38;3;183m                  [48;2;38;3;185m[38;2;38;3;185m  [48;2;239;239;239m[38;2;113;99;187m▎[48;2;252;251;254m[38;2;246;245;250m│[48;2;250;250;252m[38;2;250;250;252m  [48;2;250;247;250m[38;2;249;247;248m▄[48;2;241;239;241m[38;2;81;60;185m▆[48;2;46;13;183m[38;2;0;0;0m [48;2;38;4;182m[38;2;40;5;186m▄[48;2;38;3;183m[38;2;38;3;183m    [48;2;39;5;183m[38;2;38;4;183m▄[48;2;228;221;235m[38;2;52;21;182m▆[48;2;250;250;252m[38;2;220;220;222m▎[38;2;251;251;253m▄[38;2;244;243;248m│[48;2;193;191;204m[38;2;248;247;249m▊[48;2;48;16;183m[38;2;212;203;229m▂[48;2;38;4;184m[38;2;37;3;178m╵[48;2;38;3;183m[38;2;38;3;183m                    [0m
[48;2;38;3;185m[38;2;38;3;185m                    [48;2;238;238;238m[38;2;112;98;186m▎[48;2;251;250;253m[38;2;245;244;249m│[48;2;250;250;252m[38;2;250;250;252m  [48;2;249;250;247m[38;2;252;252;254m│[48;2;45;12;184m[38;2;173;168;198m▎[48;2;38;3;185m[38;2;38;3;185m      ▄[48;2;62;32;180m[38;2;37;2;183m▊[48;2;252;252;254m[38;2;209;209;211m▎[48;2;248;248;250m[38;2;252;252;254m│[48;2;250;250;252m[38;2;250;250;252m  [48;2;174;165;196m[38;2;249;248;250m▊[48;2;37;1;182m[38;2;43;11;184m▎[48;2;38;3;185m[38;2;38;3;185m                    [0m
[48;2;38;3;185m[38;2;38;3;185m                    [48;2;196;191;221m[38;2;44;18;183m▂[48;2;237;235;241m[38;2;0;0;0m [48;2;250;250;252m[38;2;250;250;252m  [48;2;249;250;247m[38;2;252;252;254m│[48;2;45;12;184m[38;2;173;168;198m▎[48;2;38;3;185m[38;2;38;3;185m      [48;2;37;2;183m[38;2;39;3;188m╵[48;2;53;21;182m[38;2;38;3;186m▊[48;2;229;228;236m[38;2;56;33;184m▂[48;2;247;246;248m[38;2;0;0;0m [48;2;250;250;252m[38;2;250;250;252m  [48;2;175;164;204m[38;2;250;249;250m▊[48;2;38;2;185m[38;2;44;13;179m▎[48;2;38;3;185m[38;2;38;3;185m                    [0m
[48;2;38;3;185m[38;2;38;3;185m                    [48;2;36;3;183m[38;2;38;2;184m▄[48;2;196;190;222m[38;2;150;60;120m▂[48;2;246;237;239m[38;2;205;67;93m▂[48;2;245;236;238m[38;2;207;70;95m▂[48;2;244;237;235m[38;2;210;71;98m▂[48;2;44;9;186m[38;2;151;129;184m▎[48;2;38;3;185m[38;2;38;3;185m        [48;2;85;64;185m[38;2;35;1;185m▊[48;2;251;251;252m[38;2;217;215;220m▎[48;2;248;246;247m[38;2;0;0;0m [48;2;230;227;231m[38;2;200;85;110m▂[48;2;204;196;218m[38;2;43;13;184m▆[48;2;42;6;180m[38;2;0;0;0m [48;2;45;7;175m[38;2;174;63;95m▂[48;2;38;3;183m[38;2;0;0;0m [48;2;38;3;185m[38;2;38;3;185m                  [0m
[48;2;38;3;185m[38;2;38;3;185m                  [48;2;63;25;105m[38;2;161;55;115m━[48;2;136;54;124m[38;2;91;31;40m▄[48;2;67;34;153m[38;2;197;68;91m▆[48;2;207;70;101m[38;2;0;0;0m [48;2;218;74;99m[38;2;221;77;102m▗▖[48;2;216;73;100m[38;2;218;72;92m▝[48;2;56;18;135m[38;2;35;15;23m▆[48;2;39;12;151m[38;2;3;2;5m▆▆[48;2;40;13;152m[38;2;4;2;6m▆▆▆▆[48;2;39;11;153m[38;2;3;2;7m▆▆[48;2;44;23;147m[38;2;4;2;9m▆[48;2;187;179;185m[38;2;20;13;17m▆[48;2;236;204;203m[38;2;209;68;93m▆[48;2;183;65;85m[38;2;216;73;101m▊[48;2;81;33;75m[38;2;216;72;101m━[48;2;73;27;80m[38;2;210;68;91m━[48;2;191;65;96m[38;2;38;15;112m▇[48;2;40;4;184m[38;2;38;3;179m⎽[48;2;38;3;185m[38;2;38;3;185m                  [0m
[48;2;38;3;185m[38;2;38;3;185m                  [48;2;28;13;87m[38;2;39;2;183m▆[48;2;19;11;40m[38;2;39;3;182m▆[48;2;121;43;63m[38;2;30;9;105m▆[48;2;162;51;71m[38;2;24;8;81m▆[48;2;167;55;77m[38;2;23;7;82m▆▆[48;2;161;52;71m[38;2;25;8;81m▆[48;2;18;9;23m[38;2;39;7;185m▂[48;2;2;1;5m[38;2;39;11;154m▃▃▃▃▃▃[48;2;2;1;4m[38;2;39;11;156m▃▃[48;2;2;2;4m[38;2;40;11;156m▃[48;2;3;3;5m[38;2;37;8;153m▃[48;2;198;62;90m[38;2;32;11;76m▇▇[48;2;4;3;9m[38;2;39;11;152m▃[48;2;4;3;11m[38;2;38;10;154m▃[48;2;24;10;68m[38;2;39;5;180m▆[48;2;38;3;183m[38;2;37;4;174m╴[48;2;38;3;185m[38;2;38;3;185m                  [0m
[48;2;40;2;185m[38;2;40;2;185m                                                            [0m
[48;2;40;2;185m[38;2;40;2;185m                                                            [0m
