[48;2;1;1;1m[38;2;1;1;1m                                                            [0m
[48;2;1;1;1m[38;2;1;1;1m                                                            [0m
[48;2;1;1;1m[38;2;1;1;1m                                                            [0m
[48;2;1;1;1m[38;2;1;1;1m                                                            [0m
[48;2;1;1;1m[38;2;1;1;1m                            [48;2;1;1;3m[38;2;1;1;3m  [48;2;1;1;1m[38;2;1;1;1m                              [0m
[48;2;1;1;1m[38;2;1;1;1m                          [48;2;1;1;3m[38;2;1;1;3m  [48;2;3;1;6m[38;2;3;1;6m  [48;2;1;0;5m[38;2;5;2;9m▄▄[48;2;3;1;6m[38;2;2;0;5m──[48;2;2;2;2m[38;2;20;20;20m▁[38;2;4;4;4m╴[48;2;1;1;1m[38;2;1;1;1m                        [0m
[48;2;1;1;1m[38;2;1;1;1m                            [48;2;5;3;6m[38;2;0;0;0m [48;2;12;10;13m[38;2;195;193;196m▄[48;2;141;130;136m[38;2;238;237;239m▇[48;2;171;160;166m[38;2;247;246;248m▇[48;2;167;156;162m▇[48;2;169;158;164m[38;2;239;238;240m▇[48;2;202;196;200m[38;2;44;37;41m▄[48;2;7;6;8m[38;2;0;0;0m [48;2;1;1;3m[38;2;1;1;3m  [48;2;1;1;1m[38;2;1;1;1m                      [0m
[48;2;1;1;1m[38;2;1;1;1m                        [48;2;1;1;3m[38;2;1;1;3m    [48;2;14;12;17m[38;2;2;0;5m▊[48;2;249;247;251m[38;2;144;142;147m▎[48;2;243;242;242m[38;2;210;95;114m▄[48;2;213;97;116m[38;2;38;14;22m▄[48;2;219;146;154m[38;2;203;65;90m▇[48;2;199;77;101m[38;2;26;15;14m▄[48;2;1;0;4m[38;2;3;1;6m▌[48;2;3;1;6m▄[48;2;2;0;3m[38;2;2;0;3m    [48;2;1;1;3m[38;2;1;1;3m  [48;2;1;1;1m[38;2;1;1;1m                  [0m
[48;2;1;1;1m[38;2;1;1;1m                      [48;2;2;2;4m[38;2;2;2;4m  [48;2;4;2;5m[38;2;35;33;36m▁[48;2;1;0;2m[38;2;5;3;6m▃[48;2;4;2;5m[38;2;50;48;51m▁[48;2;12;10;13m[38;2;203;201;204m▄[48;2;18;17;19m[38;2;236;234;237m▄[48;2;234;232;235m[38;2;0;0;0m [48;2;213;71;98m[38;2;224;147;152m▎[48;2;158;61;73m[38;2;216;72;101m▇[48;2;207;68;93m[38;2;219;74;101m▇[48;2;153;53;65m[38;2;211;74;99m▇[48;2;22;15;19m[38;2;234;228;232m▄[48;2;14;13;15m[38;2;236;234;237m▄[48;2;16;12;15m[38;2;216;212;216m▄[48;2;10;6;9m[38;2;54;49;53m▁[48;2;4;2;7m[38;2;5;3;8m▄▄[48;2;3;2;4m[38;2;47;45;48m▁[48;2;1;0;2m[38;2;2;0;3m▄[48;2;1;1;1m[38;2;1;1;1m                  [0m
[48;2;1;1;1m[38;2;1;1;1m                  [48;2;0;0;0m[38;2;2;2;2m▄[38;2;1;1;1m▄[48;2;15;13;14m[38;2;187;186;187m▄[48;2;21;19;20m[38;2;241;239;240m▄[48;2;19;17;20m[38;2;240;239;241m▄▄[48;2;221;219;221m[38;2;0;0;0m [48;2;194;188;192m[38;2;249;247;250m▇[48;2;197;197;199m[38;2;249;249;251m▇[48;2;248;248;250m[38;2;0;0;0m [48;2;250;250;252m[38;2;250;250;252m  [48;2;215;92;114m[38;2;242;244;243m▄[48;2;214;77;104m[38;2;249;244;245m▄[48;2;214;76;103m[38;2;246;244;244m▄[48;2;220;86;112m[38;2;236;229;230m▄[48;2;242;237;238m[38;2;210;89;110m▄[48;2;245;241;242m[38;2;210;84;107m▄[48;2;248;246;249m[38;2;0;0;0m [48;2;208;202;206m[38;2;250;248;251m▇[48;2;203;197;201m[38;2;251;249;252m▇▇[48;2;204;198;202m[38;2;248;247;249m▇[48;2;144;142;145m[38;2;233;230;233m▊[48;2;1;1;1m[38;2;18;18;18m▎[48;2;0;0;0m[38;2;3;3;3m│[48;2;1;1;1m[38;2;1;1;1m                [0m
[48;2;1;1;1m[38;2;1;1;1m                [48;2;0;0;0m▄[48;2;2;2;2m[38;2;81;81;81m▁[48;2;21;17;20m[38;2;191;187;191m▄[48;2;220;215;219m[38;2;0;0;0m [48;2;250;250;252m[38;2;250;250;252m            [48;2;247;247;246m[38;2;0;0;0m [48;2;211;100;123m[38;2;249;246;248m▄[48;2;240;226;227m[38;2;244;242;243m▊[48;2;208;97;120m[38;2;211;206;209m▄[48;2;226;224;227m[38;2;19;17;20m▄[48;2;229;227;230m[38;2;7;6;8m▄[48;2;229;227;229m[38;2;6;4;7m▄▄[48;2;203;201;202m[38;2;7;6;6m▄[48;2;1;0;0m[38;2;4;2;3m▄[48;2;1;1;1m[38;2;1;1;1m                  [0m
[48;2;1;1;1m[38;2;1;1;1m              [48;2;2;0;3m[38;2;2;0;3m  [48;2;1;0;2m[38;2;4;2;5m┃[48;2;224;222;225m[38;2;44;42;45m▎[48;2;250;250;252m[38;2;250;250;252m  [48;2;249;247;249m[38;2;155;153;156m▁[48;2;229;227;230m[38;2;52;50;53m▄[48;2;223;221;224m[38;2;5;3;6m▄▄[48;2;221;220;222m[38;2;4;3;5m▄[48;2;228;226;228m[38;2;103;101;104m▁[48;2;247;247;249m[38;2;0;0;0m [48;2;250;250;252m[38;2;246;246;248m╏[38;2;250;250;252m      [48;2;191;182;187m[38;2;251;248;251m▊[48;2;4;2;5m[38;2;55;46;51m▎[48;2;1;1;1m[38;2;1;1;1m                        [0m
[48;2;1;1;1m[38;2;1;1;1m            [48;2;1;1;3m[38;2;1;1;3m  [48;2;3;1;6m[38;2;3;1;6m  [48;2;4;1;7m[38;2;9;0;6m▝[48;2;220;211;213m[38;2;45;38;43m▎[48;2;249;249;249m[38;2;218;134;162m▁[48;2;195;189;191m[38;2;54;50;51m┏[48;2;27;26;28m[38;2;0;0;0m [48;2;1;0;2m[38;2;4;2;5m▄[48;2;3;1;6m[38;2;1;0;0m▊[48;2;5;2;11m[38;2;4;1;8m▌[48;2;1;0;2m[38;2;7;5;8m╺[48;2;63;61;64m[38;2;210;209;211m┏[48;2;232;230;233m[38;2;0;0;0m [48;2;251;249;251m[38;2;250;249;251m▄[48;2;250;250;252m[38;2;250;250;252m    [38;2;246;246;248m▎[48;2;242;242;244m[38;2;0;0;0m [48;2;232;225;229m[38;2;42;35;39m▅[48;2;7;6;8m[38;2;0;0;0m [48;2;1;1;3m[38;2;1;1;3m    [48;2;1;1;1m[38;2;1;1;1m                    [0m
[48;2;1;1;1m[38;2;1;1;1m              [48;2;2;0;3m[38;2;2;0;3m  [48;2;2;2;3m[38;2;11;1;4m╶[48;2;179;58;81m[38;2;36;21;22m▎[48;2;214;71;99m[38;2;63;37;30m▁[48;2;15;6;8m[38;2;138;48;64m▎[48;2;1;1;1m[38;2;1;1;1m  [48;2;1;1;3m[38;2;1;1;3m  [48;2;5;3;6m[38;2;1;0;2m▊[48;2;244;243;245m[38;2;104;102;105m▎[48;2;250;250;252m[38;2;250;250;252m      [48;2;250;248;250m[38;2;0;0;0m [48;2;231;229;232m[38;2;96;94;97m▁[48;2;3;1;4m[38;2;47;45;48m▎[48;2;2;1;3m[38;2;7;5;8m╹[48;2;1;1;3m[38;2;1;1;3m  [48;2;1;1;1m[38;2;1;1;1m                      [0m
[48;2;1;1;1m[38;2;1;1;1m                [48;2;1;1;3m[38;2;1;1;3m  [48;2;1;1;1m[38;2;1;1;1m    [48;2;2;0;3m[38;2;2;0;3m  [48;2;12;9;12m[38;2;157;148;153m▁[48;2;217;212;216m[38;2;109;104;108m▎[48;2;245;245;247m[38;2;0;0;0m [48;2;250;250;252m[38;2;246;246;248m▘[38;2;250;250;252m    [48;2;236;234;237m[38;2;89;87;90m▁[48;2;3;2;4m[38;2;60;58;61m▎[48;2;2;0;3m[38;2;2;0;3m  [48;2;1;1;1m[38;2;1;1;1m                        [0m
[48;2;1;1;1m[38;2;1;1;1m                      [48;2;3;2;6m[38;2;7;5;10m╴[48;2;10;9;13m[38;2;142;140;145m▁[48;2;239;237;239m[38;2;108;99;104m▎[48;2;68;63;67m[38;2;239;236;239m▅[48;2;174;168;172m[38;2;70;64;69m┏[48;2;232;225;229m[38;2;27;22;26m▅[48;2;235;231;235m[38;2;21;16;20m▅▅[48;2;234;229;232m[38;2;23;19;22m▅[48;2;224;218;222m[38;2;63;59;62m▅[48;2;23;18;24m[38;2;174;169;175m▁[48;2;3;0;4m[38;2;5;0;6m▄[48;2;1;1;3m[38;2;1;1;3m  [48;2;1;1;1m[38;2;1;1;1m                        [0m
[48;2;1;1;1m[38;2;1;1;1m                    [48;2;2;0;3m[38;2;2;0;3m  [48;2;14;10;13m[38;2;136;132;135m▁[48;2;239;237;240m[38;2;114;105;110m▎[48;2;250;250;252m[38;2;250;250;252m  [48;2;250;248;251m[38;2;255;253;255m│[48;2;7;5;8m[38;2;138;136;139m▎[48;2;24;20;23m[38;2;205;201;204m▅[48;2;32;27;31m[38;2;189;184;188m▁[48;2;37;30;34m[38;2;172;166;170m▅[48;2;240;238;241m[38;2;0;0;0m [48;2;247;246;248m [48;2;42;40;43m[38;2;226;224;226m▅[48;2;3;1;4m[38;2;34;32;35m▎[48;2;4;2;5m[38;2;1;0;2m▆[48;2;1;1;1m[38;2;1;1;1m                        [0m
[48;2;1;1;1m[38;2;1;1;1m                    [48;2;3;1;6m[38;2;3;1;6m  [48;2;234;231;234m[38;2;74;63;69m▎[48;2;253;252;254m[38;2;247;250;251m▌[48;2;203;197;201m[38;2;77;69;73m┏[48;2;218;213;217m[38;2;82;71;77m▁[48;2;237;233;236m[38;2;44;35;40m▁[48;2;43;39;42m[38;2;137;133;136m▎[48;2;248;247;249m[38;2;152;146;150m▎[48;2;233;227;231m[38;2;251;250;252m▊[48;2;16;10;12m[38;2;94;85;88m▎[48;2;250;250;250m[38;2;158;154;155m▎[48;2;251;251;253m[38;2;248;248;250m▎[48;2;206;206;208m[38;2;249;249;250m▊[48;2;31;24;28m[38;2;195;188;192m▁[48;2;5;4;6m[38;2;0;0;0m [48;2;1;1;3m[38;2;1;1;3m  [48;2;1;1;1m[38;2;1;1;1m                      [0m
[48;2;1;1;1m[38;2;1;1;1m                  [48;2;1;1;3m[38;2;1;1;3m  [48;2;4;2;7m[38;2;4;2;7m  [48;2;234;230;233m[38;2;71;60;66m▎[48;2;250;249;252m[38;2;248;250;252m▌[48;2;251;249;252m[38;2;246;244;247m▝[48;2;75;73;76m[38;2;244;242;245m▅[48;2;34;32;35m[38;2;244;242;244m▅[48;2;225;223;226m[38;2;57;55;58m▁[48;2;227;223;226m[38;2;32;28;31m▅[48;2;218;213;217m[38;2;14;9;13m▅[48;2;55;51;54m[38;2;219;215;218m▅[48;2;242;242;244m[38;2;0;0;0m [48;2;250;250;252m[38;2;250;250;252m  [48;2;190;180;188m[38;2;250;247;252m▊[48;2;3;1;6m[38;2;54;44;52m▎[38;2;3;1;6m  [48;2;1;1;1m[38;2;1;1;1m                      [0m
[48;2;1;1;1m[38;2;1;1;1m                  [48;2;1;1;3m[38;2;1;1;0m▊[48;2;1;0;6m[38;2;1;1;3m▎[48;2;5;0;6m[38;2;8;3;9m╵[48;2;77;72;78m[38;2;223;218;224m┏[48;2;231;231;233m[38;2;0;0;0m [48;2;249;249;251m[38;2;250;250;251m▄[48;2;250;250;252m[38;2;250;250;252m  [48;2;250;248;251m[38;2;255;253;255m│[48;2;7;5;8m[38;2;138;136;139m▎[48;2;1;1;3m[38;2;1;1;3m  [48;2;193;191;194m[38;2;15;13;16m▅[48;2;250;249;251m[38;2;191;189;192m▎[48;2;250;250;252m[38;2;250;250;252m  [48;2;245;243;245m[38;2;0;0;0m [48;2;46;44;47m[38;2;227;225;228m▅[48;2;9;7;12m[38;2;0;0;0m [48;2;1;0;4m[38;2;2;0;5m▄[48;2;1;1;1m[38;2;1;1;1m                      [0m
[48;2;2;1;2m[38;2;31;1;149m▂▂▂▂[48;2;2;1;1m[38;2;31;2;149m▂▂[38;2;31;1;150m▂▂▂▂▂▂[38;2;31;2;149m▂▂▂▂[38;2;31;1;150m▂▂[48;2;3;1;4m[38;2;29;4;149m▂▂[48;2;7;2;22m[38;2;31;1;185m▁[48;2;235;234;237m[38;2;80;75;96m▎[48;2;250;250;252m[38;2;250;250;252m    [48;2;236;233;242m[38;2;70;45;186m▁[48;2;14;7;45m[38;2;118;111;149m▎[48;2;2;0;4m[38;2;28;3;148m▂▂[48;2;13;9;25m[38;2;39;9;196m▁[48;2;215;212;222m[38;2;34;5;179m▁[48;2;247;247;249m[38;2;0;0;0m [48;2;250;250;252m[38;2;248;248;250m▄[48;2;247;247;249m[38;2;252;252;253m│[48;2;196;196;198m[38;2;250;250;251m▊[48;2;14;12;16m[38;2;181;177;190m▂[48;2;3;1;7m[38;2;35;12;144m▂[48;2;3;1;3m[38;2;29;3;152m▂▂[48;2;2;1;2m[38;2;31;1;149m▂▂▂▂▂▂▂▂[48;2;2;1;1m[38;2;31;2;149m▂▂[48;2;2;1;2m[38;2;31;1;149m▂▂[48;2;2;1;1m[38;2;31;2;149m▂▂[48;2;2;1;2m[38;2;31;1;149m▂▂▂▂[48;2;2;1;1m[38;2;31;2;149m▂▂[0m
[48;2;38;3;183m[38;2;38;3;183m                    [48;2;35;3;178m[38;2;39;4;188m┃[48;2;235;236;238m[38;2;101;82;189m▎[48;2;250;250;252m[38;2;250;250;252m    [48;2;39;4;183m[38;2;173;160;203m▎[48;2;37;1;185m[38;2;37;2;179m▌[48;2;38;3;183m[38;2;38;3;183m  [48;2;39;5;181m[38;2;36;1;184m┃[48;2;48;16;175m[38;2;37;2;183m▊[48;2;250;250;250m[38;2;195;191;214m▎[48;2;248;247;251m[38;2;251;251;249m│[48;2;250;250;252m[38;2;250;250;252m  [48;2;175;166;213m[38;2;248;249;249m▊[48;2;37;2;186m[38;2;50;24;173m▎[48;2;38;3;183m[38;2;38;3;183m                      [0m
[48;2;38;3;183m[38;2;38;3;183m                    [48;2;35;2;183m[38;2;41;6;186m│[48;2;235;235;239m[38;2;101;83;183m▎[48;2;250;250;252m[38;2;250;250;252m  [48;2;249;248;249m[38;2;0;0;0m [48;2;247;247;249m[38;2;88;71;187m▂[48;2;39;5;183m[38;2;134;117;191m▎[48;2;39;4;187m[38;2;35;3;170m╷[48;2;38;3;183m[38;2;38;3;183m  [48;2;39;4;184m[38;2;39;4;184m  [48;2;229;224;236m[38;2;51;22;183m▆[48;2;249;249;250m[38;2;213;207;231m▎[48;2;250;250;252m[38;2;250;250;252m  [48;2;191;183;222m[38;2;250;248;251m▊[48;2;44;17;181m[38;2;208;204;218m▂[48;2;38;3;183m[38;2;40;5;185m▃[48;2;40;5;185m[38;2;38;3;183m▅[48;2;38;3;183m                    [0m
[48;2;38;3;185m[38;2;38;3;185m                    [48;2;35;3;178m[38;2;39;4;188m┃[48;2;235;236;238m[38;2;101;82;189m▎[48;2;250;250;252m[38;2;250;250;252m  [48;2;249;249;250m[38;2;252;254;253m│[48;2;44;12;183m[38;2;174;168;196m▎[48;2;38;3;185m[38;2;38;3;185m      [48;2;61;33;177m[38;2;38;3;182m▊[48;2;230;227;238m[38;2;57;33;184m▂[48;2;248;248;249m[38;2;0;0;0m [48;2;250;250;251m[38;2;248;248;250m▄[48;2;249;248;254m[38;2;249;249;248m┃[48;2;172;168;191m[38;2;250;250;250m▊[48;2;37;2;184m[38;2;60;28;187m▎[48;2;38;3;180m[38;2;40;5;188m┃[48;2;38;3;185m[38;2;38;3;185m                    [0m
[48;2;38;3;185m[38;2;38;3;185m                    [48;2;35;3;178m[38;2;39;4;188m┃[48;2;235;236;238m[38;2;101;82;189m▎[48;2;250;250;252m[38;2;250;250;252m  [48;2;249;249;250m[38;2;252;254;253m│[48;2;44;12;183m[38;2;174;168;196m▎[48;2;38;3;185m[38;2;38;3;185m      [48;2;39;4;184m[38;2;39;4;184m▄[48;2;60;29;184m[38;2;37;2;184m▊[48;2;249;249;251m[38;2;213;213;215m▎[48;2;251;251;253m[38;2;249;249;251m┃[48;2;249;249;251m[38;2;0;0;0m [48;2;245;245;247m [48;2;66;42;181m[38;2;225;221;233m▆[48;2;38;2;183m[38;2;45;15;182m▎[48;2;38;3;185m[38;2;38;3;185m                    [0m
[48;2;38;3;185m[38;2;38;3;185m                    [48;2;39;5;187m[38;2;38;4;181m▚[48;2;176;162;211m[38;2;38;4;185m▆[48;2;210;204;224m[38;2;163;65;111m▂[48;2;244;236;238m[38;2;209;72;96m▂[48;2;244;238;238m[38;2;212;73;97m▂[48;2;42;9;183m[38;2;152;126;184m▎[48;2;38;3;185m[38;2;38;3;185m      [48;2;38;3;183m[38;2;40;5;185m▃[48;2;40;5;185m[38;2;38;3;183m▅[48;2;211;208;220m[38;2;50;24;185m▆[48;2;250;249;249m[38;2;225;221;232m▎[48;2;248;246;247m[38;2;0;0;0m [48;2;231;227;232m[38;2;196;86;108m▂[48;2;205;197;222m[38;2;42;12;183m▆[48;2;42;7;179m[38;2;0;0;0m [48;2;45;6;174m[38;2;172;61;98m▂[48;2;38;4;183m[38;2;0;0;0m [48;2;38;3;185m[38;2;38;3;185m                  [0m
[48;2;38;3;185m[38;2;38;3;185m                    [48;2;38;5;174m[38;2;18;9;54m▂[48;2;38;15;97m[38;2;168;54;79m▂[48;2;212;75;100m[38;2;103;48;76m▎[48;2;219;76;101m[38;2;219;74;102m▄[48;2;218;72;102m[38;2;215;70;93m━[48;2;56;18;132m[38;2;35;15;22m▆[48;2;39;11;151m[38;2;3;2;5m▆▆[48;2;40;12;152m[38;2;4;3;6m▆▆▆▆[48;2;39;10;152m[38;2;3;2;6m▆▆[48;2;45;23;145m[38;2;4;2;9m▆[48;2;188;179;191m[38;2;20;13;17m▆[48;2;234;202;203m[38;2;210;67;96m▆[48;2;215;74;99m[38;2;0;0;0m [48;2;71;35;148m[38;2;207;70;95m▆[48;2;75;26;78m[38;2;207;67;101m━[48;2;140;55;98m[38;2;31;10;116m▆[48;2;36;4;182m[38;2;45;5;181m▖[48;2;38;3;185m[38;2;38;3;185m                  [0m
[48;2;38;3;185m[38;2;38;3;185m                    [48;2;22;10;69m[38;2;40;4;184m▆[48;2;171;56;83m[38;2;37;13;102m▇[48;2;167;52;73m[38;2;23;8;83m▆▆[48;2;161;51;70m[38;2;24;7;79m▆[48;2;17;9;25m[38;2;40;6;179m▂[48;2;2;2;5m[38;2;41;12;154m▃▃▃▃▃▃▃▃[48;2;2;2;6m[38;2;39;10;152m▃▃[48;2;200;62;88m[38;2;32;11;75m▇▇[48;2;143;49;71m[38;2;24;7;81m▆[48;2;7;5;14m[38;2;39;9;151m▃[48;2;27;12;68m[38;2;38;4;179m▆[48;2;38;3;184m[38;2;36;3;177m▁[48;2;38;3;185m[38;2;38;3;185m                  [0m
[48;2;40;2;185m[38;2;40;2;185m                                                            [0m
[48;2;40;2;185m[38;2;40;2;185m                                                            [0m
