[48;2;1;1;1m[38;2;1;1;1m                                                            [0m
[48;2;1;1;1m[38;2;1;1;1m                                                            [0m
[48;2;1;1;1m[38;2;1;1;1m                                                            [0m
[48;2;1;1;1m[38;2;1;1;1m                                                            [0m
[48;2;1;1;1m[38;2;1;1;1m                            [48;2;1;1;3m[38;2;1;1;3m  [48;2;1;1;1m[38;2;1;1;1m                              [0m
[48;2;1;1;1m[38;2;1;1;1m                          [48;2;1;1;3m[38;2;1;1;3m  [48;2;3;1;6m[38;2;3;1;6m      [48;2;1;1;1m[38;2;1;1;1m                          [0m
[48;2;1;1;1m[38;2;1;1;1m                          [48;2;1;0;0m[38;2;2;0;1m▄[48;2;10;8;9m[38;2;192;190;191m▄[48;2;10;8;11m[38;2;226;224;227m▄▄[38;2;229;227;229m▄[48;2;11;8;11m[38;2;213;210;213m▄[48;2;0;0;0m[38;2;5;5;5m▄[48;2;2;2;2m[38;2;0;0;0m [48;2;1;1;3m[38;2;1;1;3m    [48;2;1;1;1m[38;2;1;1;1m                      [0m
[48;2;1;1;1m[38;2;1;1;1m                        [48;2;2;0;3m[38;2;2;0;3m  [48;2;234;230;233m[38;2;110;104;108m▎[48;2;247;247;249m[38;2;221;221;223m▁[48;2;245;245;244m[38;2;212;99;118m▄[48;2;246;242;243m[38;2;205;76;100m▄[48;2;244;239;240m[38;2;208;80;106m▄[48;2;110;97;107m[38;2;21;15;17m▇[48;2;1;1;1m[38;2;1;1;1m  [48;2;3;1;6m[38;2;3;1;6m  [48;2;2;0;3m[38;2;2;0;3m    [48;2;1;1;3m[38;2;1;1;3m  [48;2;1;1;1m[38;2;1;1;1m                  [0m
[48;2;1;1;1m[38;2;1;1;1m                  [48;2;2;2;2m[38;2;35;35;35m▁[48;2;1;1;1m[38;2;43;43;43m▁[48;2;12;10;13m[38;2;185;183;186m▄[48;2;15;13;16m[38;2;235;233;236m▄[48;2;14;13;17m[38;2;237;235;240m▄▄[48;2;34;30;33m[38;2;0;0;0m [48;2;12;8;11m[38;2;195;191;194m▄[48;2;229;226;229m[38;2;0;0;0m [48;2;60;55;53m[38;2;202;89;113m▄[48;2;205;68;95m[38;2;0;0;0m [48;2;40;18;19m[38;2;204;68;93m▄[48;2;200;66;92m[38;2;0;0;0m [48;2;10;8;9m[38;2;60;26;33m▎[48;2;1;1;1m[38;2;1;1;1m  [48;2;1;1;3m[38;2;1;1;3m    [48;2;3;1;6m[38;2;3;1;6m  [48;2;1;1;3m[38;2;1;1;3m  [48;2;1;1;1m[38;2;1;1;1m                  [0m
[48;2;1;1;1m[38;2;1;1;1m                  [48;2;220;214;216m[38;2;74;65;68m▎[48;2;197;195;196m[38;2;248;247;248m▇[48;2;250;250;252m[38;2;250;250;252m    [48;2;234;231;234m[38;2;218;117;133m▄[48;2;242;238;241m[38;2;215;86;112m▄[48;2;245;241;240m[38;2;212;72;101m▄[48;2;216;82;106m[38;2;0;0;0m [48;2;220;76;103m[38;2;220;76;103m  [48;2;212;72;100m[38;2;211;122;133m▁[48;2;239;235;237m[38;2;234;185;197m▎[48;2;34;32;35m[38;2;234;232;235m▄[48;2;10;8;11m[38;2;77;75;78m▁[48;2;0;0;0m[38;2;1;1;1m▄[38;2;3;3;3m▄[48;2;1;1;1m[38;2;1;1;1m                        [0m
[48;2;1;1;1m[38;2;1;1;1m                  [48;2;20;18;21m[38;2;3;2;4m▇[48;2;44;42;45m[38;2;224;222;225m▝[48;2;228;226;229m[38;2;8;7;9m▄[48;2;225;223;226m[38;2;113;111;114m▁[48;2;248;248;250m[38;2;146;146;148m▁[48;2;247;247;249m[38;2;0;0;0m [48;2;250;250;252m[38;2;247;247;249m▄▄[48;2;213;110;127m[38;2;245;245;247m▄[48;2;219;81;110m[38;2;245;246;247m▄[48;2;212;81;108m[38;2;246;244;243m▄[48;2;213;76;103m[38;2;218;157;163m▁[48;2;248;247;250m[38;2;222;199;209m▎[48;2;253;249;253m[38;2;248;248;250m┃[48;2;249;249;251m[38;2;246;246;248m━[48;2;234;234;236m[38;2;250;250;252m▇[48;2;238;236;239m[38;2;0;0;0m [48;2;32;30;33m[38;2;228;226;229m▄[48;2;8;6;9m[38;2;99;97;100m▁[48;2;1;0;2m[38;2;4;2;5m▄[48;2;1;1;1m[38;2;1;1;1m                      [0m
[48;2;1;1;1m[38;2;1;1;1m              [48;2;2;0;3m[38;2;2;0;3m  [48;2;1;1;3m[38;2;1;1;3m  [48;2;1;1;1m[38;2;1;1;1m  [48;2;0;0;0m[38;2;3;3;3m━[48;2;8;8;8m[38;2;1;1;1m▆[48;2;21;16;20m[38;2;5;1;4m▇[48;2;239;236;239m[38;2;95;86;91m▎[48;2;250;250;252m[38;2;250;250;252m        [48;2;251;248;251m[38;2;0;0;0m [48;2;250;249;252m[38;2;211;196;203m▁[48;2;250;249;250m[38;2;206;174;185m▁▁[48;2;239;237;240m[38;2;0;0;0m [48;2;39;37;40m[38;2;225;223;225m▄[48;2;7;5;6m[38;2;141;139;140m▁[48;2;1;0;0m[38;2;3;1;2m▄[48;2;1;1;1m[38;2;1;1;1m                    [0m
[48;2;1;1;1m[38;2;1;1;1m            [48;2;1;1;3m[38;2;1;1;3m  [48;2;3;1;6m[38;2;3;1;6m  [48;2;2;0;3m[38;2;2;0;3m  [48;2;1;1;1m[38;2;1;1;1m  [48;2;2;0;3m[38;2;2;0;3m  [48;2;1;0;2m[38;2;3;1;4m▄[48;2;193;191;194m[38;2;21;19;22m▅[48;2;222;218;222m[38;2;0;0;0m [48;2;249;249;250m[38;2;248;248;250m▄[48;2;250;250;252m[38;2;250;250;252m    [38;2;248;248;250m┃[48;2;247;247;249m[38;2;252;252;254m▌[48;2;238;222;225m[38;2;208;106;126m▄[48;2;206;76;104m[38;2;30;16;18m▅[48;2;203;67;94m[38;2;28;12;14m▅[48;2;204;76;101m[38;2;65;30;29m▁[48;2;243;241;244m[38;2;106;104;107m▁[48;2;248;246;249m[38;2;112;110;113m▁[48;2;247;245;248m[38;2;114;108;112m▁[48;2;225;223;226m[38;2;94;88;92m▁[48;2;0;0;0m[38;2;30;30;30m▎[48;2;4;4;4m[38;2;0;0;0m▊[48;2;1;1;1m[38;2;1;1;1m                  [0m
[48;2;1;1;1m[38;2;1;1;1m              [48;2;2;0;3m[38;2;2;0;3m    [48;2;1;1;1m[38;2;1;1;1m    [48;2;1;1;3m[38;2;1;1;3m  [48;2;239;235;237m[38;2;82;70;74m▎[48;2;252;251;251m[38;2;245;245;245m│[48;2;250;250;252m[38;2;250;250;252m      [48;2;221;219;222m[38;2;250;248;251m▊[48;2;2;0;3m[38;2;67;65;68m▎[48;2;1;1;3m[38;2;1;1;3m  [48;2;1;1;1m[38;2;1;1;1m                        [0m
[48;2;1;1;1m[38;2;1;1;1m                [48;2;1;1;3m[38;2;1;1;3m  [48;2;1;1;1m[38;2;1;1;1m    [48;2;2;0;3m[38;2;2;0;3m  [48;2;184;183;185m[38;2;15;13;16m▅[48;2;246;244;247m[38;2;161;159;162m▎[48;2;250;250;252m[38;2;250;250;252m    [48;2;249;249;251m[38;2;251;251;253m▄[48;2;245;245;247m[38;2;0;0;0m [48;2;227;226;228m[38;2;36;35;37m▅[48;2;8;7;9m[38;2;0;0;0m [48;2;2;0;3m[38;2;2;0;3m  [48;2;1;1;1m[38;2;1;1;1m                        [0m
[48;2;1;1;1m[38;2;1;1;1m                      [48;2;3;1;6m[38;2;3;1;6m  [48;2;12;9;12m[38;2;158;149;154m▁[48;2;191;191;192m[38;2;71;64;68m▅[48;2;223;219;223m[38;2;87;78;83m▁[48;2;242;238;241m[38;2;67;58;63m▁[48;2;241;239;242m[38;2;65;59;63m▁▁[48;2;237;233;236m[38;2;74;65;70m▁[48;2;223;222;224m[38;2;84;77;81m▅[48;2;23;18;24m[38;2;174;169;175m▁[48;2;3;0;4m[38;2;5;0;6m▄[48;2;1;1;3m[38;2;1;1;3m  [48;2;1;1;1m[38;2;1;1;1m                        [0m
[48;2;1;1;1m[38;2;1;1;1m                    [48;2;2;0;3m[38;2;2;0;3m  [48;2;1;0;2m[38;2;3;1;4m▄[48;2;71;69;72m[38;2;219;217;220m┏[48;2;232;231;233m[38;2;0;0;0m [48;2;251;249;251m[38;2;247;245;248m━[48;2;67;65;68m[38;2;238;236;239m▅[48;2;6;4;7m[38;2;88;86;89m▎[48;2;13;11;14m[38;2;166;160;164m▁[48;2;8;6;9m[38;2;0;0;0m [48;2;32;30;33m[38;2;213;211;214m▅[48;2;243;241;244m[38;2;0;0;0m [48;2;247;246;248m [48;2;42;40;43m[38;2;226;224;226m▅[48;2;3;1;4m[38;2;34;32;35m▎[48;2;4;2;5m[38;2;1;0;2m▆[48;2;1;1;1m[38;2;1;1;1m                        [0m
[48;2;1;1;1m[38;2;1;1;1m                    [48;2;3;1;6m[38;2;3;1;6m  [48;2;6;1;2m[38;2;0;1;0m▌[48;2;239;238;238m[38;2;92;86;88m▎[48;2;250;250;252m[38;2;250;250;252m  [48;2;250;248;251m[38;2;249;247;249m▄[48;2;41;39;42m[38;2;156;154;157m▎[48;2;213;208;212m[38;2;132;127;131m▎[48;2;63;58;62m[38;2;234;229;233m▅[48;2;203;200;203m[38;2;93;84;89m▅[48;2;225;224;227m[38;2;54;48;52m▁[48;2;237;235;238m[38;2;45;43;46m▁[48;2;204;202;205m[38;2;249;247;249m▊[48;2;31;24;28m[38;2;195;188;192m▁[48;2;5;4;6m[38;2;0;0;0m [48;2;1;1;3m[38;2;1;1;3m  [48;2;1;1;1m[38;2;1;1;1m                      [0m
[48;2;1;1;1m[38;2;1;1;1m                  [48;2;1;1;3m[38;2;1;1;3m  [48;2;3;1;6m[38;2;3;1;6m  [48;2;5;0;2m[38;2;0;0;0m▌[48;2;240;239;239m[38;2;92;86;88m▎[48;2;250;250;252m[38;2;250;250;252m    [48;2;66;62;65m[38;2;244;240;244m▅[48;2;201;196;200m[38;2;97;92;96m▅[48;2;223;220;223m[38;2;53;44;49m▁[48;2;57;50;54m[38;2;238;236;238m▅[48;2;43;41;44m[38;2;243;241;244m▅[48;2;245;243;245m[38;2;0;0;0m [48;2;190;180;188m[38;2;250;247;252m▊[48;2;3;1;6m[38;2;54;44;52m▎[38;2;3;1;6m  [48;2;1;1;1m[38;2;1;1;1m                      [0m
[48;2;1;1;1m[38;2;1;1;1m                  [48;2;2;0;3m[38;2;2;0;3m    [48;2;1;0;0m[38;2;6;4;5m▄[48;2;196;194;195m[38;2;73;72;72m▎[48;2;239;239;241m[38;2;0;0;0m [48;2;248;248;250m[38;2;250;250;252m▄[48;2;250;250;252m  [48;2;249;247;249m[38;2;0;0;0m [48;2;232;230;233m[38;2;50;48;51m▁[48;2;64;58;62m[38;2;237;237;238m▅[48;2;243;241;243m[38;2;0;0;0m [48;2;250;250;252m[38;2;250;250;252m  [48;2;188;181;188m[38;2;249;247;252m▊[48;2;2;1;6m[38;2;52;45;52m▎[48;2;3;1;6m[38;2;3;1;6m  [48;2;1;1;1m[38;2;1;1;1m                      [0m
[48;2;2;1;2m[38;2;31;1;149m▂▂▂▂[48;2;2;1;1m[38;2;31;2;149m▂▂[38;2;31;1;150m▂▂▂▂▂▂[38;2;31;2;149m▂▂▂▂[38;2;31;1;150m▂▂[48;2;3;1;4m[38;2;29;4;149m▂▂▂▂[48;2;2;1;2m[38;2;31;1;149m▂▂[48;2;240;237;240m[38;2;91;80;86m▎[48;2;249;250;251m[38;2;248;248;250m▄[48;2;250;250;252m[38;2;250;250;252m  [48;2;237;235;235m[38;2;251;249;251m▊[48;2;13;5;45m[38;2;127;123;139m▎[48;2;185;182;188m[38;2;21;11;65m▅[48;2;251;249;249m[38;2;192;189;201m▎[48;2;250;250;252m[38;2;250;250;252m  [48;2;245;243;246m[38;2;0;0;0m [48;2;51;49;52m[38;2;234;232;234m▅[48;2;9;7;10m[38;2;38;15;146m▂[48;2;4;1;7m[38;2;28;3;144m▂[48;2;3;1;3m[38;2;29;3;152m▂▂[48;2;2;1;2m[38;2;31;1;149m▂▂▂▂▂▂▂▂[48;2;2;1;1m[38;2;31;2;149m▂▂[48;2;2;1;2m[38;2;31;1;149m▂▂[48;2;2;1;1m[38;2;31;2;149m▂▂[48;2;2;1;2m[38;2;31;1;149m▂▂▂▂[48;2;2;1;1m[38;2;31;2;149m▂▂[0m
[48;2;38;3;183m[38;2;38;3;183m                      [48;2;38;4;185m[38;2;36;4;180m▄[48;2;38;4;184m[38;2;182;168;221m▂[48;2;243;243;243m[38;2;162;154;201m▎[48;2;250;249;252m[38;2;250;249;251m▄[48;2;250;250;252m[38;2;250;250;252m  [48;2;245;244;243m[38;2;249;250;254m▌[48;2;40;5;185m[38;2;142;132;185m▎[48;2;40;6;185m[38;2;0;0;0m [48;2;231;225;233m[38;2;52;21;183m▆[48;2;250;249;253m[38;2;210;209;217m▎[48;2;248;248;250m[38;2;250;249;250m▄[48;2;251;251;253m[38;2;249;249;251m▃[48;2;245;245;247m[38;2;0;0;0m [48;2;42;14;186m[38;2;218;213;235m▆[48;2;38;2;184m[38;2;48;20;173m▎[48;2;38;3;183m[38;2;38;3;183m                      [0m
[48;2;38;3;183m[38;2;38;3;183m                      [48;2;38;2;180m[38;2;39;3;191m│[48;2;240;239;241m[38;2;77;52;180m▎[48;2;250;250;252m[38;2;250;250;252m    [48;2;244;244;246m[38;2;80;61;185m▂[48;2;38;4;183m[38;2;111;95;188m▎[48;2;38;3;180m[38;2;39;4;187m┃[48;2;51;19;178m[38;2;38;2;184m▊[48;2;250;250;250m[38;2;195;191;214m▎[48;2;248;247;251m[38;2;251;251;249m│[48;2;250;250;252m[38;2;250;250;252m  [48;2;191;183;222m[38;2;250;248;251m▊[48;2;44;17;181m[38;2;208;204;218m▂[48;2;38;3;183m[38;2;40;5;185m▃[48;2;40;5;185m[38;2;38;3;183m▅[48;2;38;3;183m                    [0m
[48;2;38;3;185m[38;2;38;3;185m                      [48;2;48;23;183m[38;2;192;186;221m▆[48;2;238;237;241m[38;2;0;0;0m [48;2;250;250;252m[38;2;250;250;252m  [48;2;247;247;244m[38;2;251;251;251m┣[48;2;241;240;243m[38;2;73;52;187m▂[48;2;38;3;184m[38;2;111;88;195m▎[48;2;39;4;185m[38;2;38;4;179m▘[48;2;39;4;184m[38;2;39;4;184m  [48;2;220;214;231m[38;2;47;17;184m▆[48;2;249;250;249m[38;2;215;210;231m▎[48;2;250;250;252m[38;2;250;250;252m  [48;2;249;248;254m[38;2;249;249;248m┃[48;2;172;168;191m[38;2;250;250;250m▊[48;2;37;2;184m[38;2;60;28;187m▎[48;2;38;3;180m[38;2;40;5;188m┃[48;2;38;3;185m[38;2;38;3;185m                    [0m
[48;2;38;3;185m[38;2;38;3;185m                      [48;2;234;233;237m[38;2;82;63;181m▎[48;2;249;249;250m[38;2;249;249;247m│[48;2;250;250;252m[38;2;250;250;252m  [48;2;241;238;241m[38;2;79;58;188m▂[48;2;38;3;182m[38;2;112;91;193m▎[48;2;38;3;185m[38;2;38;3;185m    [48;2;57;28;182m[38;2;39;3;183m▊[48;2;229;225;237m[38;2;54;29;183m▂[48;2;247;247;249m[38;2;0;0;0m [48;2;250;250;252m[38;2;245;245;247m╸[48;2;249;248;254m[38;2;249;249;248m┃[48;2;172;168;191m[38;2;250;250;250m▊[48;2;37;1;186m[38;2;60;28;189m▎[48;2;38;3;182m[38;2;40;4;189m┃[48;2;38;3;185m[38;2;38;3;185m                    [0m
[48;2;38;3;185m[38;2;38;3;185m                      [48;2;171;166;214m[38;2;40;8;185m▆[48;2;214;205;225m[38;2;166;57;103m▂[48;2;244;237;238m[38;2;211;71;96m▂[48;2;229;222;227m[38;2;73;42;183m▆[48;2;45;11;187m[38;2;0;0;0m [48;2;38;3;184m[38;2;38;4;182m▄[48;2;38;3;185m[38;2;38;3;185m    [48;2;36;2;180m[38;2;38;2;187m┗[48;2;54;22;183m[38;2;38;3;187m▊[48;2;225;223;235m[38;2;53;30;179m▂[48;2;246;246;248m[38;2;0;0;0m [48;2;249;246;248m [48;2;224;220;226m[38;2;199;84;113m▂[48;2;38;3;185m[38;2;55;24;179m▎[38;2;36;2;177m│[38;2;38;3;185m                    [0m
[48;2;38;3;185m[38;2;38;3;185m                    [48;2;38;3;182m[38;2;39;4;188m▗[48;2;37;4;171m[38;2;21;8;56m▂[48;2;55;19;163m[38;2;165;61;97m▆[48;2;207;71;99m[38;2;0;0;0m [48;2;215;66;91m[38;2;217;75;102m▊[48;2;59;22;66m[38;2;207;69;94m▂[48;2;37;11;150m[38;2;17;9;13m▆[48;2;38;12;151m[38;2;6;3;6m▆[48;2;40;12;152m[38;2;4;3;6m▆▆▆▆[48;2;39;10;152m[38;2;3;2;6m▆▆[48;2;43;22;145m[38;2;10;5;10m▆[48;2;92;74;81m[38;2;201;65;93m▂[48;2;237;203;205m[38;2;211;70;94m▆[48;2;184;64;85m[38;2;217;74;103m▊[48;2;75;30;83m[38;2;196;66;97m━[48;2;41;7;172m[38;2;9;10;22m▂[48;2;38;3;183m[38;2;38;3;183m  [48;2;38;3;185m[38;2;38;3;185m                  [0m
[48;2;38;3;185m[38;2;38;3;185m                    [48;2;38;2;187m[38;2;38;3;179m┛[48;2;27;8;88m[38;2;38;4;180m▆[48;2;135;44;68m[38;2;29;10;105m▆[48;2;160;50;66m[38;2;23;10;83m▆[48;2;160;52;71m[38;2;24;7;80m▆▆[48;2;13;5;9m[38;2;39;12;152m▃[48;2;7;5;18m[38;2;40;4;180m▂[48;2;2;2;5m[38;2;41;12;154m▃▃▃▃▃▃[48;2;9;4;9m[38;2;39;11;155m▃[48;2;198;63;94m[38;2;33;10;74m▇[48;2;155;51;69m[38;2;21;7;79m▆[48;2;196;65;88m[38;2;34;12;75m▇[48;2;13;7;30m[38;2;43;7;183m▂[48;2;19;11;58m[38;2;37;3;181m▆[48;2;38;3;185m[38;2;38;3;185m                    [0m
[48;2;40;2;185m[38;2;40;2;185m                                                            [0m
[48;2;40;2;185m[38;2;40;2;185m                                                            [0m
