[48;2;1;1;1m[38;2;1;1;1m                                                            [0m
[48;2;1;1;1m[38;2;1;1;1m                                                            [0m
[48;2;1;1;1m[38;2;1;1;1m                                                            [0m
[48;2;1;1;1m[38;2;1;1;1m                                                            [0m
[48;2;1;1;1m[38;2;1;1;1m                            [48;2;1;1;3m[38;2;1;1;3m  [48;2;1;1;1m[38;2;1;1;1m                              [0m
[48;2;1;1;1m[38;2;1;1;1m                          [48;2;1;1;3m[38;2;1;1;3m  [48;2;3;1;6m[38;2;17;15;20m▁▁[48;2;3;1;7m[38;2;17;14;21m▁▁[48;2;2;1;5m[38;2;6;4;9m▃[48;2;5;3;8m[38;2;2;0;5m▄[48;2;1;1;1m[38;2;1;1;1m                          [0m
[48;2;1;1;1m[38;2;1;1;1m                          [48;2;4;3;5m[38;2;4;2;5m▄[48;2;11;9;12m[38;2;193;191;194m▄[48;2;132;123;128m[38;2;233;232;234m▇[48;2;163;154;159m[38;2;247;245;248m▇[48;2;149;147;148m[38;2;248;246;247m▇[48;2;155;153;154m[38;2;244;242;243m▇[48;2;205;203;204m[38;2;43;41;42m▄[48;2;1;0;0m[38;2;2;0;1m▄[48;2;1;1;3m[38;2;1;1;3m    [48;2;1;1;1m[38;2;1;1;1m                      [0m
[48;2;1;1;1m[38;2;1;1;1m                        [48;2;1;1;3m[38;2;1;1;3m  [48;2;5;4;6m[38;2;24;22;25m▁[48;2;246;244;247m[38;2;128;126;129m▎[48;2;238;239;237m[38;2;63;53;54m▄[48;2;231;145;157m[38;2;202;73;99m▇[48;2;211;78;103m[38;2;38;16;19m▄[48;2;200;71;95m[38;2;0;0;0m [48;2;2;2;1m[38;2;58;22;34m▎[48;2;0;0;0m[38;2;5;7;6m│[48;2;3;1;6m[38;2;3;1;6m  [48;2;2;0;3m[38;2;2;0;3m    [48;2;1;1;3m[38;2;1;1;3m  [48;2;1;1;1m[38;2;1;1;1m                  [0m
[48;2;1;1;1m[38;2;1;1;1m                  [48;2;0;0;0m▄[38;2;2;2;2m▄[48;2;12;10;13m[38;2;184;182;185m▄[48;2;15;14;16m[38;2;236;234;237m▄[48;2;15;13;18m[38;2;238;236;240m▄▄[48;2;14;13;15m[38;2;235;233;236m▄▄[48;2;221;221;223m[38;2;0;0;0m [48;2;248;248;249m [48;2;209;72;96m[38;2;220;140;146m▎[48;2;219;71;99m[38;2;217;76;102m┏[48;2;179;48;71m[38;2;216;72;99m▇[48;2;213;71;97m[38;2;214;71;97m▄[48;2;8;6;5m[38;2;68;24;37m▎[48;2;2;4;2m[38;2;0;0;0m [48;2;1;1;3m[38;2;1;1;3m    [48;2;3;1;6m[38;2;3;1;6m  [48;2;1;1;3m[38;2;1;1;3m  [48;2;1;1;1m[38;2;1;1;1m                  [0m
[48;2;1;1;1m[38;2;1;1;1m                  [48;2;222;214;217m[38;2;76;65;69m▎[48;2;196;196;196m[38;2;247;247;247m▇[48;2;250;250;252m[38;2;250;250;252m        [48;2;217;81;105m[38;2;224;145;150m▎[48;2;220;77;104m[38;2;221;69;99m▎[48;2;213;76;105m[38;2;237;229;229m▄[48;2;212;80;107m[38;2;245;242;241m▄[48;2;221;207;214m[38;2;242;242;244m▆[48;2;40;35;38m[38;2;241;237;240m▄[48;2;19;17;18m[38;2;224;222;223m▄[48;2;10;9;9m[38;2;72;70;71m▁[48;2;3;1;2m[38;2;5;3;4m▄▄[48;2;1;1;1m[38;2;3;3;3m▄▄[38;2;1;1;1m                    [0m
[48;2;1;1;1m[38;2;1;1;1m                  [48;2;1;0;2m[38;2;2;0;3m▄[48;2;45;43;46m[38;2;226;224;226m▝[48;2;228;227;229m[38;2;9;8;10m▄[48;2;224;222;225m[38;2;113;111;114m▁[48;2;250;250;250m[38;2;216;175;189m▁[48;2;249;249;249m[38;2;221;180;194m▁[48;2;249;249;251m[38;2;249;249;251m  [48;2;250;250;252m[38;2;250;250;252m  [48;2;247;248;249m[38;2;244;239;237m▝[48;2;218;106;129m[38;2;248;246;246m▄[48;2;244;242;245m[38;2;0;0;0m [48;2;252;250;253m[38;2;245;243;246m╷[48;2;250;247;250m[38;2;0;0;0m [48;2;250;249;251m[38;2;216;208;213m▁[48;2;248;250;252m[38;2;227;196;208m▁[48;2;232;211;220m[38;2;248;248;250m▇[48;2;234;234;236m[38;2;250;250;252m▇▇[48;2;234;232;235m[38;2;251;249;251m▇[48;2;233;231;234m[38;2;0;0;0m [48;2;29;27;30m[38;2;192;190;193m▄[48;2;1;0;2m[38;2;2;0;3m▄[48;2;1;1;1m[38;2;1;1;1m                  [0m
[48;2;1;1;1m[38;2;1;1;1m              [48;2;2;0;3m[38;2;2;0;3m  [48;2;1;1;3m[38;2;1;1;3m  [48;2;1;1;1m[38;2;1;1;1m    [48;2;170;57;82m[38;2;22;10;9m▅[48;2;185;59;85m[38;2;80;31;37m▁[48;2;233;199;205m[38;2;207;67;94m▄[48;2;246;246;248m[38;2;235;183;197m▎[48;2;250;250;252m[38;2;250;250;252m    [48;2;249;249;251m[38;2;249;249;251m  [48;2;237;227;228m[38;2;211;104;123m▄[48;2;214;99;121m[38;2;240;233;233m▄[48;2;207;77;103m[38;2;114;53;56m▁[48;2;215;207;207m[38;2;11;6;5m▄[48;2;222;220;223m[38;2;4;2;5m▄▄▄[48;2;198;196;199m▄[48;2;2;2;2m[38;2;22;22;22m▘[38;2;1;1;1m▝[48;2;1;1;1m                  [0m
[48;2;1;1;1m[38;2;1;1;1m            [48;2;1;1;3m[38;2;1;1;3m  [48;2;3;1;6m[38;2;3;1;6m  [48;2;2;0;3m[38;2;2;0;3m  [48;2;1;1;1m[38;2;1;1;1m  [48;2;2;0;3m[38;2;2;0;3m  [48;2;2;1;6m[38;2;2;1;6m  [48;2;210;78;101m[38;2;77;37;43m▎[48;2;245;246;248m[38;2;225;144;161m▎[48;2;250;250;252m[38;2;250;250;252m      [48;2;230;228;231m[38;2;250;248;251m▊[38;2;38;36;39m▅[48;2;9;8;12m[38;2;0;0;0m [48;2;2;1;5m[38;2;6;4;9m╵[48;2;3;1;6m[38;2;3;1;6m    [48;2;1;1;1m[38;2;1;1;1m                    [0m
[48;2;1;1;1m[38;2;1;1;1m              [48;2;2;0;3m[38;2;2;0;3m    [48;2;1;1;1m[38;2;1;1;1m    [48;2;1;1;3m[38;2;1;1;3m  [48;2;216;209;212m[38;2;80;69;73m▎[48;2;245;245;245m[38;2;0;0;0m [48;2;250;250;252m[38;2;250;250;252m      [48;2;236;234;237m[38;2;105;103;106m▁[48;2;3;1;4m[38;2;53;51;54m▎[48;2;1;1;3m[38;2;1;1;3m    [48;2;1;1;1m[38;2;1;1;1m                      [0m
[48;2;1;1;1m[38;2;1;1;1m                [48;2;1;1;3m[38;2;1;1;3m  [48;2;1;1;1m[38;2;1;1;1m    [48;2;2;0;3m[38;2;2;0;3m  [48;2;1;0;2m[38;2;5;3;6m▄[48;2;215;213;216m[38;2;92;90;93m▎[48;2;246;246;247m[38;2;0;0;0m [48;2;248;248;250m[38;2;249;249;251m▄[48;2;250;250;252m[38;2;250;250;252m  [48;2;250;249;251m[38;2;0;0;0m [48;2;234;232;235m[38;2;100;98;101m▁[48;2;4;2;5m[38;2;59;57;60m▎[48;2;1;0;2m[38;2;5;3;6m▄[48;2;2;0;3m[38;2;2;0;3m  [48;2;1;1;1m[38;2;1;1;1m                        [0m
[48;2;1;1;1m[38;2;1;1;1m                      [48;2;3;1;6m[38;2;3;1;6m  [48;2;68;63;67m[38;2;216;211;215m┏[48;2;21;16;20m[38;2;236;233;236m▅[48;2;156;151;155m[38;2;33;29;32m┏[48;2;232;227;231m[38;2;23;19;22m▅[48;2;231;226;230m[38;2;21;17;20m▅▅[48;2;226;222;223m[38;2;27;23;24m▅[48;2;43;40;40m[38;2;216;213;214m▅[48;2;21;19;22m[38;2;223;221;224m▅[48;2;4;2;5m[38;2;43;41;44m▎[48;2;1;1;3m[38;2;1;1;3m  [48;2;1;1;1m[38;2;1;1;1m                        [0m
[48;2;1;1;1m[38;2;1;1;1m                    [48;2;2;0;3m[38;2;2;0;3m  [48;2;3;1;6m[38;2;3;1;6m  [48;2;238;234;235m[38;2;88;71;77m▎[48;2;254;250;251m[38;2;248;249;249m▊[48;2;67;65;68m[38;2;238;236;239m▅[48;2;6;5;7m[38;2;86;84;87m▎[48;2;13;12;14m[38;2;157;155;158m▁[48;2;8;6;9m[38;2;0;0;0m [48;2;33;31;34m[38;2;215;213;216m▅[48;2;241;239;242m[38;2;0;0;0m [48;2;247;245;248m [48;2;43;41;44m[38;2;227;225;228m▅[48;2;10;9;11m[38;2;0;0;0m [48;2;1;0;2m[38;2;4;2;5m│[48;2;1;1;1m[38;2;1;1;1m                        [0m
[48;2;1;1;1m[38;2;1;1;1m                    [48;2;3;1;6m[38;2;3;1;6m  [48;2;9;7;10m[38;2;1;0;2m▊[48;2;12;10;13m[38;2;151;149;152m▁[48;2;240;238;240m[38;2;119;104;111m▎[48;2;243;241;244m[38;2;248;251;251m▊[48;2;176;171;175m[38;2;29;24;28m┏[48;2;105;100;104m[38;2;236;231;235m┏[48;2;235;233;236m[38;2;0;0;0m [48;2;8;6;9m[38;2;128;126;129m▎[48;2;251;250;255m[38;2;145;143;154m▎[48;2;252;252;250m[38;2;249;249;249m▊[48;2;252;252;253m[38;2;249;249;251m▃[48;2;244;244;246m[38;2;0;0;0m [48;2;38;34;37m[38;2;230;225;229m▅[48;2;23;19;22m[38;2;187;182;186m▁[48;2;3;1;4m[38;2;8;6;9m▖[38;2;1;0;2m▅[48;2;1;1;1m[38;2;1;1;1m                      [0m
[48;2;1;1;1m[38;2;1;1;1m                  [48;2;1;1;3m[38;2;1;1;3m  [48;2;3;1;6m[38;2;3;1;6m  [48;2;5;3;4m[38;2;2;0;1m▊[48;2;239;237;238m[38;2;88;86;87m▎[48;2;250;250;252m[38;2;250;250;252m  [48;2;70;65;69m[38;2;247;243;246m▅[48;2;177;172;176m[38;2;63;59;62m┏[48;2;220;215;219m[38;2;48;43;47m▁[48;2;64;60;63m[38;2;176;172;175m▅[48;2;201;196;200m[38;2;35;31;34m▅[48;2;251;247;251m[38;2;191;187;191m▎[48;2;250;250;252m[38;2;250;250;252m  [48;2;252;252;253m[38;2;248;248;250m┫[48;2;193;193;195m[38;2;248;248;249m▊[48;2;26;24;29m[38;2;210;208;213m▁[48;2;1;0;4m[38;2;2;0;5m▄[48;2;1;1;1m[38;2;1;1;1m                      [0m
[48;2;1;1;1m[38;2;1;1;1m                  [48;2;2;0;3m[38;2;2;0;3m    [48;2;5;3;4m[38;2;2;0;1m▊[48;2;239;237;238m[38;2;88;86;87m▎[48;2;250;250;252m[38;2;250;250;252m    [48;2;4;2;5m[38;2;119;117;120m▎[48;2;7;5;8m[38;2;1;0;2m┃[48;2;3;0;2m[38;2;5;0;4m▄[48;2;213;208;212m[38;2;25;20;24m▁[48;2;250;250;252m[38;2;236;236;238m▖[48;2;252;252;253m[38;2;247;247;249m┏[48;2;250;250;252m[38;2;250;250;252m  [48;2;187;182;186m[38;2;250;246;250m▊[48;2;31;27;30m[38;2;215;210;214m▁[48;2;1;1;1m[38;2;1;1;1m                      [0m
[48;2;2;1;4m[38;2;29;5;144m▂▂▂▂▂▂▂▂[48;2;2;1;3m[38;2;29;5;147m▂▂▂▂[48;2;2;1;4m[38;2;29;5;144m▂▂▂▂▂▂[48;2;3;1;5m[38;2;30;6;147m▂▂[48;2;3;1;6m[38;2;27;3;144m▂▂[48;2;19;17;24m[38;2;202;195;223m▁[48;2;241;239;240m[38;2;118;117;114m▎[48;2;250;250;252m[38;2;250;250;252m    [48;2;35;32;45m[38;2;63;36;193m▁[48;2;6;2;20m[38;2;39;7;193m▁[48;2;4;2;7m[38;2;31;6;145m▂[48;2;13;11;16m[38;2;28;6;143m▂[48;2;220;218;229m[38;2;39;16;168m▁[48;2;246;245;249m[38;2;0;0;0m [48;2;250;250;252m[38;2;250;250;252m  [48;2;251;251;253m[38;2;252;252;254m▎[48;2;165;165;167m[38;2;247;247;249m▊[48;2;13;9;26m[38;2;40;8;197m▁[48;2;4;2;6m[38;2;27;3;144m▂[48;2;2;1;4m[38;2;29;5;144m▂▂▂▂▂▂▂▂[48;2;2;1;3m[38;2;29;5;147m▂▂[48;2;2;1;4m[38;2;29;5;144m▂▂▂▂▂▂▂▂▂▂[0m
[48;2;38;3;183m[38;2;38;3;183m                    [48;2;38;3;185m[38;2;38;3;185m  [48;2;234;234;237m[38;2;84;65;181m▎[48;2;247;246;252m[38;2;252;252;252m▊[48;2;250;250;252m[38;2;250;250;252m    [48;2;39;4;185m[38;2;140;121;202m▎[48;2;38;3;187m[38;2;37;3;175m▌[48;2;38;3;183m[38;2;38;3;183m  [48;2;38;4;185m[38;2;0;0;0m [48;2;230;223;235m[38;2;54;24;180m▆[48;2;249;249;251m[38;2;224;224;226m▎[48;2;250;250;252m[38;2;248;248;250m│[48;2;252;252;253m[38;2;246;246;248m▚[48;2;243;243;245m[38;2;0;0;0m [48;2;42;13;177m[38;2;221;214;233m▆[48;2;35;3;184m[38;2;56;28;178m▎[48;2;38;3;183m[38;2;38;3;183m                    [0m
[48;2;38;3;183m[38;2;38;3;183m                    [48;2;38;3;185m[38;2;38;3;185m  [48;2;232;232;235m[38;2;87;68;184m▎[48;2;250;249;254m[38;2;251;252;246m│[48;2;250;250;252m[38;2;250;250;252m  [48;2;249;247;249m[38;2;250;249;246m▄[48;2;241;239;240m[38;2;73;49;189m▆[48;2;45;12;186m[38;2;0;0;0m [48;2;38;3;181m[38;2;40;4;193m▁[48;2;38;3;183m[38;2;38;3;183m  [48;2;39;4;184m[38;2;39;4;184m  [48;2;232;229;237m[38;2;54;30;183m▆[48;2;251;249;249m[38;2;223;219;231m▎[48;2;250;250;252m[38;2;250;250;252m  [48;2;181;176;208m[38;2;247;249;249m▊[48;2;36;1;180m[38;2;77;52;180m▎[48;2;38;3;183m[38;2;38;3;183m                    [0m
[48;2;38;3;185m[38;2;38;3;185m                      [48;2;233;232;238m[38;2;83;64;182m▎[48;2;249;248;253m[38;2;254;255;250m│[48;2;250;250;252m[38;2;250;250;252m  [48;2;240;239;246m[38;2;82;64;182m▂[48;2;39;3;180m[38;2;122;99;204m▎[48;2;38;3;185m[38;2;38;3;185m      [48;2;87;63;185m[38;2;37;2;185m▊[48;2;249;252;248m[38;2;216;212;235m▎[48;2;250;250;252m[38;2;250;250;252m  [48;2;181;175;209m[38;2;247;249;250m▊[48;2;36;1;182m[38;2;77;52;182m▎[48;2;38;3;185m[38;2;38;3;185m                    [0m
[48;2;38;3;185m[38;2;38;3;185m                      [48;2;233;233;236m[38;2;83;64;180m▎[48;2;249;248;252m[38;2;254;255;249m│[48;2;250;250;252m[38;2;250;250;252m  [48;2;40;5;186m[38;2;175;164;196m▎[48;2;36;1;182m[38;2;42;6;190m│[48;2;38;3;185m[38;2;38;3;185m      [48;2;87;63;185m[38;2;37;2;185m▊[48;2;249;252;248m[38;2;216;212;235m▎[48;2;248;248;250m[38;2;249;249;250m▄[48;2;246;246;247m[38;2;0;0;0m [48;2;218;214;233m[38;2;51;28;182m▂[48;2;39;2;183m[38;2;53;23;182m▎[48;2;38;3;185m[38;2;38;3;185m                    [0m
[48;2;38;3;185m[38;2;38;3;185m                      [48;2;171;164;211m[38;2;43;8;185m▆[48;2;213;205;225m[38;2;162;61;108m▂[48;2;246;236;237m[38;2;204;69;92m▂[48;2;223;222;233m[38;2;75;44;183m▆[48;2;45;12;186m[38;2;0;0;0m [48;2;37;3;182m[38;2;45;10;191m╵[48;2;38;3;185m[38;2;38;3;185m      [48;2;84;60;182m[38;2;38;1;185m▊[48;2;250;252;248m[38;2;213;209;232m▎[48;2;248;244;249m[38;2;0;0;0m [48;2;224;221;226m[38;2;200;89;117m▂[48;2;37;2;184m[38;2;55;23;182m▎[48;2;39;3;184m[38;2;37;3;178m│[48;2;38;3;185m[38;2;38;3;185m                    [0m
[48;2;38;3;185m[38;2;38;3;185m                    [48;2;36;2;179m[38;2;41;5;191m▗[48;2;38;4;183m[38;2;26;9;77m▃[48;2;62;28;90m[38;2;173;61;103m━[48;2;194;65;93m[38;2;0;0;0m [48;2;210;70;92m[38;2;220;77;106m┫[48;2;63;20;64m[38;2;202;71;95m▂[48;2;46;14;153m[38;2;16;8;13m▆[48;2;41;12;150m[38;2;4;5;7m▆[48;2;37;13;150m[38;2;5;3;7m▆▆▆▆[48;2;37;13;152m[38;2;4;1;7m▆▆[48;2;54;22;149m[38;2;10;7;11m▆[48;2;209;123;142m[38;2;47;20;24m▃[48;2;230;207;211m[38;2;139;49;64m▆[48;2;200;73;96m[38;2;215;69;99m▆[48;2;71;34;150m[38;2;208;69;93m▆[48;2;71;28;86m[38;2;204;69;90m━[48;2;39;3;189m[38;2;39;6;171m▌[48;2;39;4;181m[38;2;39;3;187m▃[48;2;38;3;185m[38;2;38;3;185m                  [0m
[48;2;38;3;185m[38;2;38;3;185m                    [48;2;38;3;187m[38;2;39;4;184m▄[48;2;28;10;86m[38;2;37;3;179m▆[48;2;17;8;46m[38;2;41;7;184m▂[48;2;125;42;54m[38;2;26;7;84m▆[48;2;161;52;75m[38;2;24;7;78m▆▆[48;2;15;9;23m[38;2;40;8;184m▂[48;2;10;7;21m[38;2;42;2;179m▂[48;2;8;4;21m[38;2;37;7;184m▂▂▂▂▂▂▂▂[48;2;10;5;8m[38;2;39;11;150m▃[48;2;152;48;71m[38;2;24;6;84m▆[48;2;58;24;53m[38;2;39;6;183m▂[48;2;25;10;64m[38;2;41;4;178m▆[48;2;38;3;185m[38;2;38;3;185m                    [0m
[48;2;40;2;185m[38;2;40;2;185m                                                            [0m
[48;2;40;2;185m[38;2;40;2;185m                                                            [0m
