[48;2;1;1;1m[38;2;1;1;1m                                                            [0m
[48;2;1;1;1m[38;2;1;1;1m                                                            [0m
[48;2;1;1;1m[38;2;1;1;1m                                                            [0m
[48;2;1;1;1m[38;2;1;1;1m                                                            [0m
[48;2;1;1;1m[38;2;1;1;1m                            [48;2;1;1;3m[38;2;1;1;3m  [48;2;0;0;0m[38;2;3;3;3m▄▄[48;2;1;0;0m[38;2;4;2;3m▄▄[48;2;2;2;2m[38;2;0;0;0m━[48;2;0;0;0m[38;2;3;3;3m▄[48;2;1;1;1m[38;2;1;1;1m                        [0m
[48;2;1;1;1m[38;2;1;1;1m                          [48;2;1;1;3m[38;2;1;1;3m  [48;2;5;3;6m[38;2;0;0;0m [48;2;12;10;13m[38;2;192;190;193m▄[48;2;110;108;111m[38;2;233;232;234m▇[48;2;130;128;131m[38;2;246;244;247m▇[48;2;127;125;128m[38;2;246;245;247m▇[48;2;124;122;125m[38;2;239;237;239m▇[48;2;194;189;193m[38;2;49;44;48m▄[48;2;11;6;10m[38;2;0;0;0m [48;2;1;1;1m[38;2;1;1;1m                        [0m
[48;2;1;1;1m[38;2;1;1;1m                            [48;2;20;18;21m[38;2;1;0;2m▊[48;2;248;246;249m[38;2;139;137;140m▎[48;2;243;243;243m[38;2;63;51;55m▄[48;2;221;171;172m[38;2;201;73;100m▇[48;2;203;89;112m[38;2;48;21;22m▄[48;2;210;154;159m[38;2;199;61;87m▇[48;2;0;0;2m[38;2;13;13;15m▎[38;2;3;3;5m┃[48;2;1;1;3m[38;2;1;1;3m  [48;2;1;1;1m[38;2;1;1;1m                      [0m
[48;2;1;1;1m[38;2;1;1;1m                        [48;2;1;0;0m[38;2;4;2;3m▄▄[48;2;8;7;9m[38;2;196;194;197m▄[48;2;12;10;13m[38;2;233;231;234m▄[48;2;17;15;18m[38;2;230;228;231m▄[48;2;234;232;235m[38;2;0;0;0m [48;2;208;68;95m[38;2;212;148;149m▎[48;2;214;73;100m[38;2;213;66;95m▎[48;2;180;39;65m[38;2;216;75;101m▇[48;2;165;57;72m[38;2;220;75;102m▊[48;2;7;5;8m[38;2;30;28;31m▁[48;2;4;2;5m[38;2;28;26;29m▁[38;2;35;33;36m▁[48;2;18;16;19m[38;2;0;0;0m [48;2;10;9;11m[38;2;224;222;225m▄[48;2;12;10;13m[38;2;231;229;232m▄[48;2;11;9;12m[38;2;233;231;234m▄[48;2;10;9;11m[38;2;205;204;206m▄[48;2;4;4;4m[38;2;18;18;18m▁[48;2;1;1;1m[38;2;0;0;0m▌[38;2;1;1;1m                [0m
[48;2;1;1;1m[38;2;1;1;1m                  [48;2;0;0;0m[38;2;2;2;2m▄▄[48;2;13;11;14m[38;2;186;184;186m▄[48;2;15;13;16m[38;2;237;235;237m▄[48;2;15;14;18m[38;2;236;234;239m▄▄[48;2;241;240;242m[38;2;153;146;151m▘[48;2;172;163;168m[38;2;248;247;249m▇[48;2;249;249;251m[38;2;249;249;251m  [48;2;250;250;252m[38;2;250;250;252m  [48;2;213;74;101m[38;2;226;147;153m▎[48;2;216;84;108m[38;2;212;68;97m▊[48;2;215;77;105m[38;2;241;231;232m▄[48;2;212;78;105m[38;2;245;240;239m▄[48;2;181;162;169m[38;2;244;238;240m▇[48;2;226;223;224m[38;2;209;87;112m▄[48;2;227;219;221m[38;2;213;92;117m▄[48;2;178;169;172m[38;2;248;248;248m▇[48;2;250;250;252m[38;2;250;250;252m  [48;2;247;247;249m[38;2;0;0;0m [48;2;249;249;251m[38;2;206;206;208m▁[48;2;134;130;131m[38;2;234;231;232m▊[48;2;5;1;2m[38;2;23;19;20m▎[48;2;1;1;1m[38;2;1;1;1m                [0m
[48;2;1;1;1m[38;2;1;1;1m                [48;2;2;2;2m[38;2;0;0;0m [48;2;0;0;0m[38;2;4;4;4m▄[48;2;226;221;225m[38;2;79;74;78m▎[48;2;194;189;193m[38;2;251;247;251m▇[48;2;250;250;252m[38;2;250;250;252m  [48;2;251;251;252m[38;2;196;196;198m▁[48;2;249;249;251m[38;2;180;180;182m▁[48;2;249;249;250m[38;2;183;183;185m▁[38;2;0;0;0m [48;2;250;250;252m[38;2;250;250;252m    [48;2;246;247;249m[38;2;238;228;227m▝[48;2;211;95;119m[38;2;246;242;244m▄[48;2;250;248;251m[38;2;236;234;237m▎[48;2;236;234;237m[38;2;250;248;251m▊[48;2;209;105;125m[38;2;251;244;245m▄[48;2;242;236;238m[38;2;0;0;0m [48;2;208;94;116m[38;2;246;242;243m▄[48;2;247;244;246m[38;2;0;0;0m [48;2;250;249;251m[38;2;177;175;178m▁[48;2;238;236;239m[38;2;156;154;157m▁[48;2;208;206;207m[38;2;22;20;21m▄[48;2;1;0;0m[38;2;2;0;1m▄[48;2;31;31;31m[38;2;2;2;2m▇[48;2;0;0;0m[38;2;1;1;1m▄[48;2;1;1;1m                [0m
[48;2;1;1;1m[38;2;1;1;1m                [48;2;5;3;4m[38;2;1;0;0m▊[48;2;221;220;221m[38;2;45;43;44m▎[48;2;250;250;251m[38;2;239;239;241m▁[48;2;249;249;251m[38;2;175;175;177m▁[48;2;233;231;234m[38;2;58;56;59m▄[48;2;227;225;227m[38;2;9;7;10m▄[48;2;30;29;29m[38;2;0;0;0m [48;2;3;1;2m[38;2;1;0;0m━[48;2;22;20;23m[38;2;4;3;5m▇[48;2;241;240;242m[38;2;109;107;110m▎[48;2;250;250;252m[38;2;250;250;252m        [48;2;251;251;252m[38;2;244;244;246m│[48;2;240;240;241m[38;2;0;0;0m [48;2;230;228;231m[38;2;20;18;21m▄[48;2;207;205;208m[38;2;7;5;8m▄[48;2;9;7;8m[38;2;0;0;0m [48;2;32;30;31m[38;2;3;1;2m▇[48;2;1;1;1m[38;2;1;1;1m                    [0m
[48;2;1;1;1m[38;2;1;1;1m              [48;2;2;0;3m[38;2;2;0;3m  [48;2;6;3;4m[38;2;67;18;35m▁[48;2;218;212;214m[38;2;62;46;51m▎[48;2;249;246;247m[38;2;150;146;147m▁[48;2;25;21;22m[38;2;165;161;162m▎[48;2;1;1;1m[38;2;1;1;1m    [48;2;1;0;2m[38;2;7;5;8m▄[48;2;226;224;227m[38;2;98;96;99m▎[48;2;246;246;248m[38;2;0;0;0m [48;2;252;252;253m[38;2;246;246;248m▗[48;2;250;250;252m[38;2;250;250;252m      [48;2;240;238;240m[38;2;0;0;0m [48;2;203;202;204m[38;2;19;18;20m▄[48;2;1;0;2m[38;2;8;6;9m▘[48;2;6;4;7m[38;2;1;0;2m┃[48;2;1;1;1m[38;2;1;1;1m                      [0m
[48;2;1;1;1m[38;2;1;1;1m            [48;2;1;1;3m[38;2;1;1;3m  [48;2;3;1;6m[38;2;3;1;6m  [48;2;153;50;71m[38;2;32;15;16m▅[48;2;188;60;87m[38;2;109;35;50m▁[48;2;17;8;7m[38;2;140;50;73m▎[48;2;4;3;5m[38;2;0;0;0m [48;2;2;0;3m[38;2;2;0;3m  [48;2;3;1;6m[38;2;3;1;6m  [48;2;1;1;1m[38;2;1;1;1m  [48;2;242;241;243m[38;2;112;110;113m▎[48;2;254;252;255m[38;2;248;246;249m┃[48;2;250;250;252m[38;2;250;250;252m      [48;2;230;226;231m[38;2;115;110;116m▁[48;2;5;2;6m[38;2;50;45;51m▎[48;2;3;1;6m[38;2;3;1;6m    [48;2;1;1;1m[38;2;1;1;1m                    [0m
[48;2;1;1;1m[38;2;1;1;1m              [48;2;1;1;3m[38;2;1;1;3m  [48;2;156;52;78m[38;2;18;6;10m▅[48;2;25;12;13m[38;2;0;0;0m [48;2;1;1;1m[38;2;1;1;1m    [48;2;1;1;3m[38;2;1;1;3m  [48;2;1;0;2m[38;2;12;10;13m▄[48;2;53;51;54m[38;2;185;183;186m┏[48;2;230;228;231m[38;2;0;0;0m [48;2;250;248;250m [48;2;250;250;252m[38;2;250;250;252m    [48;2;233;231;234m[38;2;249;248;250m▊[48;2;226;224;227m[38;2;40;38;41m▅[48;2;8;6;9m[38;2;0;0;0m [48;2;2;1;3m[38;2;5;3;6m▄[48;2;1;1;3m[38;2;1;1;3m  [48;2;1;1;1m[38;2;1;1;1m                      [0m
[48;2;1;1;1m[38;2;1;1;1m                [48;2;1;1;3m[38;2;1;1;3m  [48;2;1;1;1m[38;2;1;1;1m    [48;2;2;0;3m[38;2;2;0;3m  [48;2;66;62;65m[38;2;216;212;215m┏[48;2;18;13;17m[38;2;233;228;232m▅[48;2;199;195;198m[38;2;62;57;61m▅[48;2;224;220;224m[38;2;70;65;69m▁[48;2;243;239;242m[38;2;82;71;77m▁▁[48;2;242;239;240m[38;2;81;70;74m▁[48;2;239;236;237m[38;2;87;76;80m▁[48;2;227;222;226m[38;2;77;72;76m▅[48;2;21;17;20m[38;2;173;168;172m▁[48;2;3;1;4m[38;2;3;1;4m  [48;2;1;1;1m[38;2;1;1;1m                        [0m
[48;2;1;1;1m[38;2;1;1;1m                      [48;2;4;2;5m[38;2;0;0;0m [48;2;68;66;69m[38;2;218;216;218m┏[48;2;231;230;232m[38;2;0;0;0m [48;2;247;245;248m[38;2;250;248;251m▄[48;2;61;57;60m[38;2;237;233;236m▅[48;2;33;28;32m[38;2;187;182;186m▁[48;2;7;5;8m[38;2;0;0;0m [48;2;13;11;14m[38;2;160;158;161m▁[48;2;12;8;11m[38;2;0;0;0m [48;2;36;31;35m[38;2;215;211;215m▅[48;2;244;244;245m[38;2;0;0;0m  [48;2;36;34;37m[38;2;217;215;217m▅[48;2;4;2;5m[38;2;32;31;33m▎[48;2;1;1;1m[38;2;1;1;1m                        [0m
[48;2;1;1;1m[38;2;1;1;1m                    [48;2;1;1;3m[38;2;1;1;3m  [48;2;70;68;71m[38;2;210;209;211m┏[48;2;232;230;233m[38;2;0;0;0m [48;2;250;250;252m[38;2;250;250;252m  [48;2;250;248;251m[38;2;0;0;0m [48;2;238;236;239m[38;2;92;90;93m▁[48;2;43;38;41m[38;2;123;117;121m▎[48;2;212;207;211m[38;2;138;132;136m▎[48;2;47;38;41m[38;2;168;159;162m▁[48;2;247;249;248m[38;2;171;169;170m▎[48;2;250;250;252m[38;2;250;250;252m  [48;2;244;242;244m[38;2;0;0;0m [48;2;39;37;40m[38;2;220;218;221m▅[48;2;8;8;8m[38;2;0;0;0m [48;2;0;0;0m[38;2;1;1;1m┓[48;2;1;1;1m                      [0m
[48;2;1;1;1m[38;2;1;1;1m                    [48;2;1;0;4m[38;2;7;5;10m▄[48;2;12;11;15m[38;2;151;149;154m▁[48;2;235;233;236m[38;2;94;92;95m▎[48;2;251;249;251m[38;2;250;248;250m▄[48;2;250;250;251m[38;2;248;248;250m▄[48;2;239;239;241m[38;2;78;78;80m▁[48;2;237;232;236m[38;2;39;34;38m▁[48;2;42;37;41m[38;2;135;130;134m▎[48;2;213;209;213m[38;2;133;128;132m▎[48;2;10;6;9m[38;2;99;94;98m▎[48;2;213;211;215m[38;2;48;46;51m▁[48;2;246;244;248m[38;2;0;0;0m [48;2;250;250;252m[38;2;250;250;252m  [48;2;251;251;252m[38;2;249;249;251m▄[48;2;243;243;244m[38;2;0;0;0m [48;2;37;36;36m[38;2;219;217;218m▅[48;2;1;0;0m[38;2;3;1;2m▄[48;2;1;1;1m[38;2;1;1;1m                      [0m
[48;2;1;1;1m[38;2;1;1;1m                  [48;2;1;1;3m[38;2;1;1;3m  [48;2;3;0;2m[38;2;7;2;6m▎[48;2;236;231;235m[38;2;83;78;82m▎[48;2;250;250;252m[38;2;250;250;252m  [48;2;250;249;251m[38;2;241;239;242m╹[48;2;73;72;74m[38;2;246;244;246m▅[48;2;36;34;37m[38;2;244;243;245m▅[48;2;223;221;224m[38;2;53;51;54m▁[48;2;3;2;4m[38;2;111;109;112m▎[48;2;6;4;7m[38;2;1;0;2m▚[48;2;1;0;2m[38;2;12;10;13m╹[48;2;200;198;201m[38;2;21;19;22m▅[48;2;249;249;251m[38;2;214;214;216m▎[48;2;252;252;253m[38;2;245;245;247m│[48;2;250;250;252m[38;2;250;250;252m  [48;2;244;242;244m[38;2;0;0;0m [48;2;44;42;45m[38;2;222;220;223m▅[48;2;1;1;1m[38;2;16;16;16m▎[48;2;0;0;0m[38;2;4;4;4m▄[48;2;1;1;1m[38;2;1;1;1m                    [0m
[48;2;1;1;1m[38;2;1;1;1m                  [48;2;2;0;3m[38;2;2;0;3m  [48;2;77;75;78m[38;2;223;221;224m┏[48;2;232;230;233m[38;2;0;0;0m [48;2;250;250;252m[38;2;250;250;252m    [48;2;247;245;248m[38;2;254;252;255m│[48;2;6;4;7m[38;2;142;140;143m▎[48;2;3;1;6m[38;2;3;1;6m  [48;2;1;0;2m[38;2;3;1;4m▚[48;2;4;2;5m[38;2;14;12;15m▝[48;2;201;199;202m[38;2;19;17;20m▅[48;2;250;249;251m[38;2;196;194;197m▎[48;2;250;250;252m[38;2;250;250;252m  [48;2;253;253;253m[38;2;246;246;248m┃[48;2;179;179;181m[38;2;247;247;249m▊[48;2;23;22;22m[38;2;209;207;208m▁[48;2;1;0;0m[38;2;9;7;8m▄[48;2;1;1;1m[38;2;1;1;1m                    [0m
[48;2;3;1;3m[38;2;29;4;148m▂▂▂▂[48;2;3;1;4m[38;2;29;4;145m▂▂▂▂▂▂▂▂▂▂▂▂▂▂[48;2;4;2;6m[38;2;28;3;145m▂▂[48;2;235;233;238m[38;2;94;91;96m▎[48;2;252;249;253m[38;2;248;247;246m▂[48;2;250;250;252m[38;2;250;250;252m    [48;2;215;212;208m[38;2;52;41;91m▅[48;2;21;17;23m[38;2;35;8;151m▂[48;2;3;2;6m[38;2;30;5;147m▂▂[48;2;6;2;20m[38;2;36;3;194m▁▁[48;2;12;6;22m[38;2;39;6;181m▁[48;2;230;226;227m[38;2;46;34;82m▆[48;2;250;250;251m[38;2;217;217;219m▎[38;2;240;240;242m╷[48;2;250;250;252m[38;2;250;250;252m  [48;2;184;182;185m[38;2;248;246;249m▊[48;2;16;14;17m[38;2;179;177;180m▂[48;2;3;2;6m[38;2;30;5;146m▂▂[48;2;3;1;3m[38;2;29;4;148m▂▂▂▂▂▂▂▂▂▂▂▂▂▂▂▂▂▂[0m
[48;2;38;3;183m[38;2;38;3;183m                  [48;2;38;3;185m[38;2;38;3;185m  [48;2;236;235;239m[38;2;117;104;184m▎[48;2;252;252;250m[38;2;248;246;255m│[48;2;250;250;252m[38;2;250;250;252m  [48;2;249;249;250m[38;2;0;0;0m [48;2;246;245;247m[38;2;105;89;189m▂[48;2;39;5;185m[38;2;139;122;193m▎[48;2;37;4;180m[38;2;38;3;185m▄[48;2;38;3;183m[38;2;38;3;183m    [48;2;37;2;182m[38;2;41;6;186m▃[48;2;40;5;185m[38;2;37;2;182m▄[48;2;239;236;243m[38;2;59;34;181m▆[48;2;251;249;250m[38;2;220;215;234m▎[48;2;250;250;252m[38;2;250;250;252m  [48;2;251;249;255m[38;2;251;251;250m┃[48;2;167;161;197m[38;2;247;247;247m▊[48;2;38;3;184m[38;2;45;13;179m▌[48;2;39;4;183m[38;2;36;0;185m▌[48;2;38;3;183m[38;2;38;3;183m                  [0m
[48;2;38;3;183m[38;2;38;3;183m                  [48;2;38;3;185m[38;2;38;3;185m  [48;2;235;234;238m[38;2;116;103;183m▎[48;2;251;251;249m[38;2;247;245;255m│[48;2;250;250;252m[38;2;250;250;252m  [48;2;251;251;239m[38;2;251;249;253m▊[48;2;44;15;183m[38;2;173;165;202m▎[48;2;38;3;183m[38;2;38;3;183m        [48;2;83;59;181m[38;2;38;1;181m▊[48;2;250;253;252m[38;2;215;212;231m▎[48;2;250;250;252m[38;2;250;250;252m  [48;2;250;250;250m[38;2;250;250;250m▄[48;2;163;155;206m[38;2;247;246;250m▊[48;2;35;0;181m[38;2;46;14;180m▌[48;2;37;2;180m[38;2;39;4;187m▊[48;2;38;3;183m[38;2;38;3;183m                  [0m
[48;2;38;3;185m[38;2;38;3;185m                    [48;2;189;180;223m[38;2;37;8;183m▆[48;2;238;236;241m[38;2;135;121;196m▎[48;2;250;250;252m[38;2;250;250;252m  [48;2;250;250;238m[38;2;250;248;252m▊[48;2;43;14;182m[38;2;172;164;201m▎[48;2;38;3;185m[38;2;38;3;185m        [48;2;86;62;184m[38;2;37;1;180m▊[48;2;249;252;252m[38;2;219;216;235m▎[48;2;250;250;252m[38;2;250;250;252m  [48;2;250;250;250m[38;2;250;250;250m▄[48;2;163;155;206m[38;2;247;246;250m▊[48;2;35;0;181m[38;2;46;14;180m▌[48;2;37;2;180m[38;2;39;4;187m▊[48;2;38;3;185m[38;2;38;3;185m                  [0m
[48;2;38;3;185m[38;2;38;3;185m                    [48;2;32;1;167m[38;2;39;2;185m▊[48;2;236;238;243m[38;2;98;81;183m▎[48;2;250;250;252m[38;2;250;250;252m  [48;2;250;250;238m[38;2;250;248;252m▊[48;2;43;14;182m[38;2;172;164;201m▎[48;2;38;3;185m[38;2;38;3;185m        [48;2;86;62;184m[38;2;37;1;180m▊[48;2;249;252;252m[38;2;219;216;235m▎[48;2;250;250;252m[38;2;250;250;252m  [48;2;244;243;246m[38;2;0;0;0m [48;2;219;216;232m[38;2;48;26;175m▂[48;2;39;4;184m[38;2;39;4;184m  [48;2;38;3;185m[38;2;38;3;185m                  [0m
[48;2;38;3;185m[38;2;38;3;185m                    [48;2;48;5;184m[38;2;36;4;181m▇[48;2;195;187;219m[38;2;155;63;123m▂[48;2;245;236;239m[38;2;207;69;92m▂▂[48;2;235;232;239m[38;2;65;29;158m▂[48;2;42;10;180m[38;2;136;124;204m▎[48;2;38;3;185m[38;2;38;3;185m        [48;2;49;14;182m[38;2;0;0;0m [48;2;237;229;234m[38;2;196;72;103m▂[48;2;245;236;239m[38;2;212;73;97m▂▂[48;2;226;216;227m[38;2;180;72;112m▂[48;2;45;12;176m[38;2;32;2;182m╷[48;2;44;9;174m[38;2;170;60;98m▂[48;2;40;3;182m[38;2;40;5;184m▄[48;2;38;3;185m[38;2;38;3;185m                  [0m
[48;2;38;3;185m[38;2;38;3;185m                  [48;2;64;26;109m[38;2;155;51;106m━[48;2;131;54;121m[38;2;90;30;45m▄[48;2;77;31;77m[38;2;216;70;93m━[48;2;196;67;94m[38;2;0;0;0m [48;2;219;75;100m[38;2;219;75;100m  [48;2;67;22;130m[38;2;46;17;26m▆[48;2;34;12;150m[38;2;7;6;10m▆[48;2;45;27;127m[38;2;1;0;0m▆▆[48;2;40;16;153m[38;2;4;2;6m▆▆▆▆[48;2;39;15;154m[38;2;3;1;7m▆▆[48;2;40;16;140m[38;2;11;6;12m▆[48;2;196;66;95m[38;2;46;19;20m▃[48;2;199;67;90m[38;2;12;6;9m▂▂[48;2;189;62;90m[38;2;12;7;5m▂[48;2;74;29;77m[38;2;208;72;102m━[48;2;77;24;148m[38;2;14;14;54m▃[48;2;41;4;186m[38;2;44;5;171m▎[48;2;38;3;185m[38;2;38;3;185m                  [0m
[48;2;38;3;185m[38;2;38;3;185m                  [48;2;26;10;81m[38;2;37;6;181m▆[48;2;18;8;46m[38;2;36;4;182m▂[48;2;12;7;21m[38;2;37;2;181m▂[48;2;119;43;64m[38;2;22;7;80m▆[48;2;162;51;72m[38;2;24;7;82m▆▆[48;2;15;10;25m[38;2;39;8;180m▂[48;2;11;8;22m[38;2;42;1;176m▂[48;2;9;5;22m[38;2;37;7;181m▂▂▂▂▂▂▂▂▂▂▂▂[48;2;6;4;11m[38;2;34;9;152m▃▃[48;2;25;8;78m[38;2;40;7;178m▆[48;2;37;2;183m[38;2;36;3;174m╹[48;2;38;3;185m[38;2;38;3;185m                  [0m
[48;2;40;2;185m[38;2;40;2;185m                                                            [0m
[48;2;40;2;185m[38;2;40;2;185m                                                            [0m
