[48;2;1;1;1m[38;2;1;1;1m                                                            [0m
[48;2;1;1;1m[38;2;1;1;1m                                                            [0m
[48;2;1;1;1m[38;2;1;1;1m                                                            [0m
[48;2;1;1;1m[38;2;1;1;1m                                                            [0m
[48;2;1;1;1m[38;2;1;1;1m                            [48;2;1;1;3m[38;2;1;1;3m  [48;2;1;1;1m[38;2;5;5;5m▁[48;2;0;0;0m[38;2;10;10;10m▂[48;2;1;0;0m[38;2;4;2;3m▄▄[48;2;0;0;0m[38;2;25;25;25m▁▁[48;2;1;1;1m[38;2;1;1;1m                        [0m
[48;2;1;1;1m[38;2;1;1;1m                          [48;2;1;1;3m[38;2;1;1;3m  [48;2;4;2;7m[38;2;4;2;7m  [48;2;14;13;15m[38;2;197;195;198m▄[48;2;117;115;118m[38;2;236;234;237m▇[48;2;128;128;130m[38;2;245;245;247m▇▇[48;2;120;115;119m[38;2;237;232;236m▇[48;2;193;188;192m[38;2;48;44;47m▄[48;2;6;6;6m[38;2;0;0;0m [48;2;2;2;2m┃[48;2;1;1;1m[38;2;1;1;1m                      [0m
[48;2;1;1;1m[38;2;1;1;1m                            [48;2;2;0;3m[38;2;1;0;2m▊[48;2;6;4;7m[38;2;5;3;6m▌[48;2;246;244;247m[38;2;155;153;156m▎[48;2;243;241;243m[38;2;51;49;52m▄[48;2;208;160;162m[38;2;205;72;96m▇[48;2;212;90;116m[38;2;47;15;20m▄[48;2;212;136;142m[38;2;196;65;90m▇[48;2;3;2;3m[38;2;38;17;16m▎[48;2;4;3;5m[38;2;0;0;0m [48;2;16;15;17m [48;2;11;9;10m[38;2;220;218;219m▄[48;2;9;8;8m[38;2;226;224;225m▄[48;2;10;8;9m[38;2;200;198;199m▄[48;2;1;0;0m[38;2;5;3;4m▄[48;2;1;1;1m[38;2;1;1;1m                  [0m
[48;2;1;1;1m[38;2;1;1;1m                        [48;2;1;1;3m[38;2;5;5;7m▁[48;2;0;0;2m[38;2;10;10;12m▂[48;2;1;0;2m[38;2;23;21;24m▁[48;2;11;10;12m[38;2;198;196;199m▄[48;2;11;9;12m[38;2;232;230;233m▄▄[48;2;233;232;234m[38;2;0;0;0m [48;2;211;68;97m[38;2;210;132;148m▎[48;2;202;60;86m[38;2;219;77;103m▇[48;2;199;57;83m[38;2;217;75;101m▆[48;2;191;72;100m[38;2;217;71;99m▊[48;2;39;28;31m[38;2;226;216;219m▄[48;2;144;142;145m[38;2;247;245;248m▇[48;2;149;147;150m[38;2;248;247;249m▇[48;2;250;250;252m[38;2;250;250;252m  [48;2;236;232;235m[38;2;0;0;0m [48;2;192;187;191m[38;2;32;28;31m▄[48;2;2;2;2m[38;2;2;2;2m  [48;2;1;1;1m[38;2;1;1;1m                [0m
[48;2;1;1;1m[38;2;1;1;1m                    [48;2;0;0;0m▄[48;2;2;2;2m[38;2;34;34;34m▁[48;2;5;3;6m[38;2;46;44;47m▁[48;2;10;9;11m[38;2;186;184;187m▄[48;2;15;13;16m[38;2;235;233;236m▄[48;2;239;237;240m[38;2;150;148;151m▘[48;2;171;169;172m[38;2;250;248;250m▇[48;2;248;246;249m[38;2;0;0;0m [48;2;250;250;252m[38;2;250;250;252m  [48;2;236;233;226m[38;2;248;249;251m▊[48;2;213;72;99m[38;2;227;136;154m▎[48;2;216;72;99m[38;2;219;75;102m▄▄[48;2;217;74;102m[38;2;217;115;129m▁[48;2;215;97;117m[38;2;239;229;229m▄[48;2;249;249;251m[38;2;249;249;251m  [48;2;239;237;240m[38;2;0;0;0m [48;2;217;215;217m[38;2;30;28;31m▄[48;2;75;73;74m[38;2;7;5;6m▇[48;2;1;0;0m[38;2;3;1;2m▄[48;2;1;1;1m[38;2;1;1;1m                  [0m
[48;2;1;1;1m[38;2;1;1;1m              [48;2;2;2;2m[38;2;0;0;0m [48;2;3;3;3m[38;2;38;38;38m▁[48;2;3;1;2m[38;2;66;64;65m▁▁[48;2;16;14;17m[38;2;186;184;187m▄[48;2;21;20;22m[38;2;239;237;239m▄[48;2;22;20;23m[38;2;236;234;237m▄[48;2;217;216;218m[38;2;0;0;0m [48;2;204;204;206m[38;2;248;248;250m▇[48;2;248;248;249m[38;2;0;0;0m [48;2;250;250;252m[38;2;250;250;252m      [38;2;246;246;248m▁[48;2;239;239;241m[38;2;249;249;251m▅[48;2;215;85;110m[38;2;244;243;243m▄▄[48;2;238;238;240m[38;2;248;248;250m▅[48;2;246;246;248m[38;2;250;250;252m▆[48;2;241;240;242m[38;2;162;160;163m▁[48;2;235;233;236m[38;2;22;20;23m▄[48;2;213;211;212m[38;2;15;13;14m▄[48;2;1;0;0m[38;2;8;6;7m▄[48;2;1;1;1m[38;2;1;1;1m                    [0m
[48;2;1;1;1m[38;2;1;1;1m            [48;2;31;13;13m[38;2;202;66;93m▗[48;2;13;7;8m[38;2;210;72;100m▄[48;2;19;9;10m[38;2;207;67;95m▄[48;2;230;225;227m[38;2;127;64;80m▎[48;2;211;209;212m[38;2;250;249;251m▇[48;2;245;243;245m[38;2;179;177;180m▁[48;2;249;247;250m[38;2;149;147;150m▁▁[48;2;230;228;231m[38;2;59;58;60m▄[48;2;227;225;228m[38;2;9;7;10m▄[48;2;228;228;230m[38;2;4;4;6m▄▄[48;2;225;223;226m[38;2;10;8;11m▄[48;2;226;224;227m[38;2;0;0;0m [48;2;250;250;252m[38;2;250;250;252m        [48;2;255;254;255m[38;2;250;248;251m▄[48;2;231;229;232m[38;2;143;141;144m▁[48;2;7;5;6m[38;2;37;35;36m▎[48;2;1;0;0m[38;2;5;3;4m│[48;2;1;1;1m[38;2;1;1;1m                      [0m
[48;2;1;1;1m[38;2;1;1;1m            [48;2;24;11;11m[38;2;187;59;85m▝[48;2;194;63;90m[38;2;5;3;4m▄[48;2;190;62;89m[38;2;9;3;4m▄[48;2;230;197;208m[38;2;29;25;27m▅[48;2;220;218;221m[38;2;5;4;6m▄[48;2;34;32;35m[38;2;0;0;0m [48;2;18;18;18m[38;2;1;1;1m▇▇[48;2;1;1;1m    [48;2;1;0;2m[38;2;8;6;9m▄[48;2;53;51;54m[38;2;220;218;221m▝[48;2;228;226;228m[38;2;0;0;0m [48;2;251;250;252m[38;2;242;240;243m╵[48;2;250;250;252m[38;2;250;250;252m      [48;2;232;228;231m[38;2;118;113;117m▁[48;2;8;4;7m[38;2;59;54;58m▎[48;2;1;1;3m[38;2;1;1;3m  [48;2;1;1;1m[38;2;1;1;1m                      [0m
[48;2;1;1;1m[38;2;1;1;1m            [48;2;1;1;3m[38;2;1;1;3m  [48;2;3;1;6m[38;2;3;1;6m  [48;2;1;1;1m[38;2;1;1;1m    [48;2;2;0;3m[38;2;2;0;3m  [48;2;3;1;6m[38;2;3;1;6m  [48;2;1;1;1m[38;2;1;1;1m  [48;2;243;241;243m[38;2;110;108;111m▎[48;2;247;245;248m[38;2;252;250;253m▊[48;2;250;250;252m[38;2;250;250;252m    [48;2;250;248;250m[38;2;0;0;0m [48;2;232;230;233m[38;2;111;109;112m▁[48;2;3;1;4m[38;2;48;46;49m▎[48;2;1;0;2m[38;2;6;4;7m▄[48;2;3;1;6m[38;2;3;1;6m    [48;2;1;1;1m[38;2;1;1;1m                    [0m
[48;2;1;1;1m[38;2;1;1;1m              [48;2;2;0;3m[38;2;2;0;3m  [48;2;1;1;3m[38;2;1;1;3m  [48;2;1;1;1m[38;2;1;1;1m    [48;2;1;1;3m[38;2;1;1;3m  [48;2;1;0;2m[38;2;9;7;10m▗[48;2;54;52;55m[38;2;185;183;186m┏[48;2;231;229;231m[38;2;0;0;0m [48;2;249;247;250m[38;2;248;246;249m▄[48;2;250;250;252m[38;2;250;250;252m    [48;2;220;218;221m[38;2;253;251;253m▊[48;2;3;1;4m[38;2;67;65;68m▎[48;2;1;1;3m[38;2;1;1;3m    [48;2;1;1;1m[38;2;1;1;1m                      [0m
[48;2;1;1;1m[38;2;1;1;1m                [48;2;1;1;3m[38;2;1;1;3m  [48;2;1;1;1m[38;2;1;1;1m    [48;2;2;0;3m[38;2;2;0;3m  [48;2;67;62;66m[38;2;214;210;214m┏[48;2;18;14;17m[38;2;232;228;232m▅[48;2;171;166;170m[38;2;68;63;67m┏[48;2;236;232;235m[38;2;30;26;29m▅[48;2;235;233;236m[38;2;26;24;27m▅▅[48;2;234;232;235m[38;2;21;20;22m▅▅[48;2;226;222;223m[38;2;66;63;63m▅[48;2;21;17;18m[38;2;178;174;175m▁[48;2;3;1;4m[38;2;3;1;4m  [48;2;1;1;1m[38;2;1;1;1m                        [0m
[48;2;1;1;1m[38;2;1;1;1m                      [48;2;1;0;2m[38;2;7;5;8m▄[48;2;70;68;71m[38;2;214;212;215m┏[48;2;230;230;231m[38;2;0;0;0m [48;2;250;250;252m[38;2;244;244;246m│[48;2;248;246;249m[38;2;0;0;0m [48;2;59;58;60m[38;2;237;235;237m▅[48;2;22;18;21m[38;2;189;185;188m▅[48;2;33;28;32m[38;2;172;167;171m▁[48;2;24;20;23m[38;2;213;208;212m▅[48;2;19;15;18m[38;2;52;47;51m▎[48;2;251;249;252m[38;2;199;197;200m▎[48;2;199;197;200m[38;2;251;249;252m▊[48;2;23;21;22m[38;2;160;158;159m▁[48;2;5;4;4m[38;2;0;0;0m [48;2;1;1;1m[38;2;1;1;1m                        [0m
[48;2;1;1;1m[38;2;1;1;1m                    [48;2;1;1;3m[38;2;1;1;3m  [48;2;72;70;73m[38;2;210;209;211m┏[48;2;231;229;232m[38;2;0;0;0m [48;2;251;249;251m[38;2;250;248;250m▄[48;2;197;195;198m[38;2;72;70;73m┏[48;2;225;220;226m[38;2;69;64;70m▅▅[48;2;53;47;51m[38;2;171;165;169m▅[48;2;228;223;227m[38;2;49;43;47m▁[48;2;224;219;222m[38;2;87;81;85m▅[48;2;54;49;52m[38;2;224;219;222m▅[48;2;245;245;246m[38;2;0;0;0m [48;2;249;249;251m[38;2;244;244;246m▎[48;2;192;187;191m[38;2;251;247;251m▊[48;2;27;22;26m[38;2;169;164;168m▁[48;2;1;1;1m[38;2;1;1;1m                        [0m
[48;2;1;1;1m[38;2;1;1;1m                    [48;2;3;0;2m[38;2;9;4;8m┗[48;2;73;68;72m[38;2;215;210;214m┏[48;2;229;229;231m[38;2;0;0;0m [48;2;250;250;251m[38;2;241;241;243m╵[48;2;250;250;252m[38;2;250;250;252m    [48;2;7;3;6m[38;2;122;117;121m▎[48;2;8;3;7m[38;2;8;3;7m▄[48;2;252;251;253m[38;2;142;141;146m▎[48;2;252;251;255m[38;2;246;245;250m┃[48;2;250;250;252m[38;2;250;250;252m  [48;2;255;255;255m[38;2;249;249;251m▊[48;2;180;180;182m[38;2;248;248;250m▊[48;2;4;2;3m[38;2;40;38;39m▎[48;2;2;0;1m[38;2;5;3;4m│[48;2;1;1;1m[38;2;1;1;1m                      [0m
[48;2;1;1;1m[38;2;1;1;1m                  [48;2;1;1;3m[38;2;1;1;3m  [48;2;15;11;14m[38;2;169;164;168m▁[48;2;237;233;236m[38;2;104;99;103m▎[48;2;250;250;252m[38;2;250;250;252m    [48;2;243;242;244m[38;2;251;249;252m▊[48;2;168;166;169m[38;2;21;19;22m┏[48;2;13;12;14m[38;2;0;0;0m [48;2;16;14;17m[38;2;1;0;2m▊[48;2;209;208;213m[38;2;32;31;36m▁[48;2;246;245;249m[38;2;0;0;0m [48;2;250;250;252m[38;2;250;250;252m  [48;2;251;251;252m[38;2;249;249;251m▄[48;2;242;242;244m[38;2;0;0;0m [48;2;38;36;39m[38;2;221;219;222m▅[48;2;1;0;2m[38;2;55;53;56m▎[48;2;1;1;1m[38;2;1;1;1m                      [0m
[48;2;1;1;1m[38;2;1;1;1m                  [48;2;2;0;3m[38;2;2;0;3m  [48;2;232;230;233m[38;2;94;92;95m▎[48;2;250;248;251m[38;2;255;254;255m▎[48;2;250;250;252m[38;2;250;250;252m    [48;2;233;231;233m[38;2;58;56;59m▁[48;2;7;5;8m[38;2;119;117;120m▎[48;2;3;1;6m[38;2;3;1;6m  [48;2;32;27;31m[38;2;5;1;4m▊[48;2;213;208;212m[38;2;35;30;34m▁[48;2;249;249;251m[38;2;237;237;239m▖[48;2;252;252;254m[38;2;249;249;251m▚[48;2;250;250;252m[38;2;250;250;252m  [48;2;245;243;245m[38;2;0;0;0m [48;2;46;44;47m[38;2;222;220;223m▅[48;2;1;1;1m[38;2;19;19;19m▎[48;2;2;2;2m[38;2;6;6;6m▎[48;2;1;1;1m[38;2;1;1;1m                    [0m
[48;2;2;1;4m[38;2;28;4;145m▂▂▂▂▂▂▂▂▂▂▂▂▂▂▂▂▂▂[48;2;3;1;6m[38;2;29;4;148m▂▂[48;2;235;232;237m[38;2;99;96;101m▎[48;2;250;247;253m[38;2;250;249;247m▃[48;2;250;250;252m[38;2;250;250;252m    [48;2;17;9;43m[38;2;146;139;159m▎[48;2;6;1;8m[38;2;27;1;141m▂[48;2;3;1;6m[38;2;29;4;148m▂▂[48;2;4;2;8m[38;2;29;5;142m▂[48;2;15;11;30m[38;2;37;7;185m▁[48;2;221;219;227m[38;2;40;18;170m▁[48;2;245;244;249m[38;2;0;0;0m [48;2;250;250;252m[38;2;250;250;252m  [48;2;252;252;253m[38;2;246;246;248m┏[48;2;180;180;182m[38;2;247;247;249m▊[48;2;29;28;30m[38;2;227;221;247m▁[48;2;6;3;18m[38;2;47;19;184m▁[48;2;2;1;4m[38;2;28;4;145m▂▂▂▂▂▂▂▂▂▂▂▂▂▂▂▂▂▂▂▂[0m
[48;2;38;3;183m[38;2;38;3;183m                  [48;2;38;3;185m[38;2;38;3;185m  [48;2;241;240;244m[38;2;112;99;181m▎[48;2;249;249;249m[38;2;249;249;249m▄[48;2;250;250;252m[38;2;250;250;252m  [48;2;250;248;247m[38;2;0;0;0m [48;2;246;244;247m[38;2;86;66;187m▆[48;2;48;15;187m[38;2;0;0;0m [48;2;37;4;181m[38;2;37;3;179m▄[48;2;38;3;183m[38;2;38;3;183m    [48;2;57;31;176m[38;2;36;5;182m▊[48;2;237;230;244m[38;2;79;54;183m▂[48;2;247;247;249m[38;2;243;243;245m▖[48;2;249;249;251m[38;2;253;253;254m▄[48;2;250;250;252m[38;2;250;250;252m  [48;2;180;171;200m[38;2;252;247;250m▊[48;2;36;3;183m[38;2;51;21;177m▎[48;2;38;3;183m[38;2;38;3;183m                    [0m
[48;2;38;3;183m[38;2;38;3;183m                  [48;2;38;3;185m[38;2;38;3;185m  [48;2;238;237;241m[38;2;108;95;177m▎[48;2;250;250;250m[38;2;250;250;250m▄[48;2;250;250;252m[38;2;250;250;252m  [48;2;243;241;245m[38;2;97;80;190m▂[48;2;41;13;183m[38;2;139;125;200m▎[48;2;38;3;183m[38;2;38;3;183m      [48;2;41;5;187m[38;2;36;1;184m┃[48;2;55;21;193m[38;2;36;3;176m▊[48;2;236;235;240m[38;2;65;46;172m▂[48;2;247;246;251m[38;2;0;0;0m [48;2;250;250;252m[38;2;250;250;252m  [48;2;198;193;213m[38;2;249;247;246m▊[48;2;47;21;179m[38;2;206;200;224m▂[48;2;39;4;184m[38;2;39;4;184m  [48;2;38;3;183m[38;2;38;3;183m                  [0m
[48;2;38;3;185m[38;2;38;3;185m                    [48;2;250;249;254m[38;2;214;214;214m▌[48;2;252;253;248m[38;2;246;244;255m│[48;2;251;251;253m[38;2;251;251;253m  [48;2;42;8;183m[38;2;186;173;216m▎[48;2;38;3;184m[38;2;36;2;177m▎[48;2;38;3;185m[38;2;38;3;185m        [48;2;80;53;191m[38;2;34;3;183m▊[48;2;233;228;238m[38;2;61;35;176m▂[48;2;249;249;251m[38;2;249;249;251m  [48;2;250;249;253m[38;2;254;254;254m│[48;2;158;151;192m[38;2;247;246;248m▊[48;2;38;4;179m[38;2;45;11;183m▌[48;2;39;3;187m[38;2;36;1;182m▌[48;2;38;3;185m[38;2;38;3;185m                  [0m
[48;2;38;3;185m[38;2;38;3;185m                    [48;2;109;93;196m[38;2;233;232;233m┗[48;2;237;235;243m[38;2;0;0;0m [48;2;250;250;252m[38;2;250;250;252m  [48;2;42;8;183m[38;2;186;173;216m▎[48;2;38;3;184m[38;2;36;2;177m▎[48;2;38;3;185m[38;2;38;3;185m        [48;2;36;2;173m[38;2;40;5;186m▊[48;2;46;13;185m[38;2;0;0;0m [48;2;229;228;236m[38;2;67;46;182m▂[48;2;247;246;246m[38;2;0;0;0m [48;2;251;251;252m[38;2;245;245;247m┗[48;2;246;246;247m[38;2;0;0;0m [48;2;71;46;183m[38;2;224;218;232m▆[48;2;36;5;184m[38;2;55;29;176m▎[48;2;38;3;185m[38;2;38;3;185m                  [0m
[48;2;38;3;185m[38;2;38;3;185m                    [48;2;34;3;173m[38;2;37;4;187m▊[48;2;195;187;216m[38;2;157;66;123m▂[48;2;246;238;240m[38;2;210;67;91m▂▂[48;2;45;11;179m[38;2;153;140;175m▎[48;2;39;3;187m[38;2;36;2;175m▎[48;2;38;3;185m[38;2;38;3;185m          [48;2;98;68;175m[38;2;35;3;181m▊[48;2;235;227;231m[38;2;206;75;105m▂[48;2;244;237;239m[38;2;214;71;95m▂▂[48;2;224;216;222m[38;2;184;71;104m▂[48;2;44;11;183m[38;2;0;0;0m [48;2;37;5;185m[38;2;49;9;162m▗[48;2;44;8;174m[38;2;163;69;108m▂[48;2;38;3;185m[38;2;38;3;185m                [0m
[48;2;38;3;185m[38;2;38;3;185m                  [48;2;39;7;177m[38;2;19;13;62m▂[48;2;106;37;136m[38;2;71;22;44m▄[48;2;77;31;73m[38;2;219;71;94m━[48;2;211;73;100m[38;2;150;51;88m▎[48;2;219;75;100m[38;2;219;75;100m  [48;2;70;22;135m[38;2;49;18;26m▆[48;2;32;11;145m[38;2;6;4;11m▆[48;2;39;14;155m[38;2;4;2;5m▆▆[48;2;40;15;156m[38;2;5;3;6m▆▆▆▆[48;2;34;10;153m[38;2;5;3;8m▆▆[48;2;36;13;154m[38;2;4;2;7m▆▆[48;2;45;13;140m[38;2;21;10;15m▆[48;2;220;75;99m[38;2;187;57;93m▎[48;2;219;77;103m[38;2;213;71;97m▝[48;2;215;73;99m[38;2;206;64;90m▗[48;2;206;68;96m[38;2;44;19;27m▃[48;2;75;32;74m[38;2;223;70;105m━[48;2;66;34;75m[38;2;199;61;103m━[48;2;138;56;107m[38;2;33;9;115m▆[48;2;38;3;185m[38;2;38;3;185m                [0m
[48;2;38;3;185m[38;2;38;3;185m                  [48;2;32;16;85m[38;2;37;5;180m▆[48;2;17;8;47m[38;2;37;6;177m▂[48;2;10;6;20m[38;2;39;4;178m▂[48;2;124;41;68m[38;2;23;8;80m▆[48;2;165;51;76m[38;2;23;7;80m▆▆[48;2;17;9;25m[38;2;39;13;184m▂[48;2;10;6;21m[38;2;39;3;177m▂[48;2;9;5;20m[38;2;39;8;188m▂▂▂▂▂▂▂▂▂▂[48;2;15;7;24m[38;2;46;7;175m▂[48;2;154;52;78m[38;2;23;9;83m▆[48;2;166;57;78m[38;2;22;8;79m▆[48;2;141;46;62m[38;2;24;7;78m▆[48;2;8;4;21m[38;2;34;5;175m▂[48;2;10;6;19m[38;2;34;9;159m▃[48;2;21;9;48m[38;2;39;5;180m▆[48;2;21;6;67m[38;2;39;4;184m▆[48;2;38;3;185m[38;2;38;3;185m                [0m
[48;2;40;2;185m[38;2;40;2;185m                                                            [0m
[48;2;40;2;185m[38;2;40;2;185m                                                            [0m
