[48;2;1;1;1m[38;2;1;1;1m                                                            [0m
[48;2;1;1;1m[38;2;1;1;1m                                                            [0m
[48;2;1;1;1m[38;2;1;1;1m                                                            [0m
[48;2;1;1;1m[38;2;1;1;1m                                                            [0m
[48;2;1;1;1m[38;2;1;1;1m                            [48;2;1;1;3m[38;2;1;1;3m  [48;2;0;0;0m[38;2;27;27;27m▁▁[48;2;1;0;0m[38;2;28;26;27m▁▁[48;2;0;0;0m[38;2;11;11;11m▂[48;2;2;2;2m[38;2;6;6;6m▁[48;2;1;1;1m[38;2;1;1;1m                        [0m
[48;2;1;1;1m[38;2;1;1;1m                          [48;2;1;1;3m[38;2;1;1;3m  [48;2;7;3;8m[38;2;0;0;0m [48;2;17;12;18m[38;2;191;187;192m▄[48;2;115;113;116m[38;2;235;233;236m▇[48;2;135;133;136m[38;2;245;244;246m▇[48;2;116;114;117m▇[48;2;120;118;121m[38;2;241;240;242m▇[48;2;182;177;181m[38;2;25;21;24m▃[48;2;3;0;2m[38;2;19;14;18m▎[48;2;1;1;1m[38;2;1;1;1m                        [0m
[48;2;1;1;1m[38;2;1;1;1m                            [48;2;15;13;16m[38;2;1;0;2m▊[48;2;249;247;250m[38;2;247;245;248m▌[48;2;239;238;239m[38;2;57;53;54m▄[48;2;226;158;161m[38;2;201;73;97m▇[48;2;209;89;109m[38;2;48;22;20m▄[48;2;221;154;167m[38;2;197;63;92m▇[48;2;0;0;0m[38;2;15;15;15m▎[38;2;3;3;3m┃[48;2;1;1;3m[38;2;1;1;3m  [48;2;1;1;1m[38;2;1;1;1m                      [0m
[48;2;1;1;1m[38;2;1;1;1m                    [48;2;2;2;2m[38;2;20;20;20m▁▁[48;2;0;0;0m[38;2;27;27;27m▁▁[48;2;1;0;0m[38;2;28;26;27m▁▁[48;2;11;10;12m[38;2;196;194;196m▄[48;2;12;10;13m[38;2;230;228;231m▄[48;2;18;16;19m[38;2;231;229;232m▄[48;2;234;232;235m[38;2;0;0;0m [48;2;204;66;92m[38;2;214;131;139m▎[48;2;216;72;100m[38;2;219;74;103m▄[48;2;184;47;72m[38;2;214;76;101m▇[48;2;212;66;94m[38;2;217;87;109m▗[48;2;19;14;18m[38;2;229;225;229m▄[48;2;15;11;14m[38;2;217;212;216m▄[48;2;12;10;11m[38;2;0;0;0m [48;2;19;18;18m [48;2;12;10;13m[38;2;225;223;225m▄[48;2;11;10;12m[38;2;232;230;233m▄[48;2;12;10;13m[38;2;204;202;205m▄[48;2;1;0;2m[38;2;4;2;5m▄[48;2;1;1;1m[38;2;1;1;1m                  [0m
[48;2;1;1;1m[38;2;1;1;1m                [48;2;0;0;0m▄[48;2;3;3;3m[38;2;29;29;29m▁[48;2;13;11;12m[38;2;179;177;178m▄[48;2;16;15;15m[38;2;233;231;232m▄[48;2;241;239;242m[38;2;135;133;136m▘[48;2;166;164;167m[38;2;249;247;250m▇[48;2;170;168;171m[38;2;250;248;250m▇▇▇▇[48;2;249;249;251m[38;2;249;249;251m  [48;2;250;250;252m[38;2;250;250;252m  [48;2;213;74;99m[38;2;217;126;135m▎[48;2;215;78;102m[38;2;216;66;95m┃[48;2;220;76;103m[38;2;222;93;116m▁[48;2;210;85;106m[38;2;241;224;229m▄[48;2;245;243;246m[38;2;227;225;228m▁[48;2;251;249;252m[38;2;225;223;226m▁[48;2;176;174;177m[38;2;250;248;251m▇▇[48;2;250;250;252m[38;2;250;250;252m  [48;2;249;247;250m[38;2;0;0;0m [48;2;142;140;143m[38;2;230;228;231m▊[48;2;0;0;0m[38;2;15;15;15m▎[38;2;3;3;3m┃[48;2;1;1;1m[38;2;1;1;1m                [0m
[48;2;1;1;1m[38;2;1;1;1m                [48;2;14;12;15m[38;2;176;174;177m▄[48;2;215;213;216m[38;2;0;0;0m [48;2;249;249;251m[38;2;249;249;251m  [48;2;249;249;250m[38;2;0;0;0m [48;2;250;250;251m[38;2;202;202;204m▁[48;2;251;250;252m[38;2;171;169;172m▁▁[48;2;250;250;252m[38;2;185;185;187m▁[48;2;247;247;248m[38;2;0;0;0m [48;2;250;250;252m[38;2;250;250;252m    [48;2;245;242;244m[38;2;0;0;0m [48;2;211;97;117m[38;2;246;243;244m▄[48;2;224;201;211m[38;2;244;242;244m▇[48;2;241;233;236m[38;2;212;98;118m▄[48;2;213;74;101m[38;2;219;91;110m▎[48;2;211;95;113m[38;2;244;230;233m▄[48;2;249;247;250m[38;2;186;184;187m▁[48;2;250;248;251m[38;2;179;177;180m▁[48;2;239;237;240m[38;2;157;155;158m▁[48;2;236;234;237m[38;2;24;23;25m▄[48;2;207;205;206m[38;2;12;11;11m▄[48;2;42;40;41m[38;2;8;6;7m▇[48;2;1;1;1m[38;2;1;1;1m                  [0m
[48;2;1;1;1m[38;2;1;1;1m              [48;2;1;0;0m[38;2;2;0;1m▄[48;2;4;3;3m[38;2;30;28;29m▁[48;2;184;173;176m[38;2;159;54;78m▄[48;2;243;241;238m[38;2;223;145;160m▖[48;2;250;247;248m[38;2;170;166;167m▁[48;2;231;228;229m[38;2;66;62;63m▄[48;2;226;225;227m[38;2;10;9;11m▄[48;2;33;31;34m[38;2;0;0;0m [48;2;29;27;28m[38;2;3;1;2m▇▇[48;2;1;0;2m[38;2;3;1;4m▄[48;2;244;243;245m[38;2;105;103;106m▎[48;2;250;250;252m[38;2;250;250;252m      [48;2;251;251;253m[38;2;252;252;254m▘[48;2;240;240;242m[38;2;250;250;252m▄[48;2;217;103;123m[38;2;243;239;241m▄[48;2;187;166;177m[38;2;234;231;232m▊[48;2;7;5;6m[38;2;38;36;37m▎[48;2;1;0;0m[38;2;5;3;4m▄[48;2;12;12;12m[38;2;0;0;0m▆[48;2;7;7;7m[38;2;2;2;2m▇[48;2;1;1;1m[38;2;1;1;1m                    [0m
[48;2;1;1;1m[38;2;1;1;1m              [48;2;3;3;6m[38;2;0;0;0m [48;2;150;49;70m[38;2;34;13;17m▅[48;2;184;64;87m[38;2;82;41;47m▁[48;2;206;65;91m[38;2;54;18;22m▄[48;2;28;11;15m[38;2;0;0;0m [48;2;4;4;3m [48;2;1;1;1m[38;2;1;1;1m    [48;2;17;15;18m[38;2;1;0;2m▊[48;2;226;224;226m[38;2;94;92;95m▎[48;2;249;249;251m[38;2;236;236;238m▂[48;2;251;251;252m[38;2;250;250;251m▄[48;2;250;250;252m[38;2;250;250;252m      [48;2;177;175;178m[38;2;251;249;252m▊[48;2;5;3;6m[38;2;55;53;56m▎[48;2;1;1;3m[38;2;1;1;3m  [48;2;1;1;1m[38;2;1;1;1m                      [0m
[48;2;1;1;1m[38;2;1;1;1m            [48;2;1;1;3m[38;2;1;1;3m  [48;2;4;3;7m[38;2;14;1;11m╴[48;2;28;11;15m[38;2;179;61;82m▝[48;2;27;9;15m[38;2;0;0;0m [48;2;3;3;2m [48;2;1;1;1m[38;2;1;1;1m  [48;2;2;0;3m[38;2;2;0;3m  [48;2;3;1;6m[38;2;3;1;6m  [48;2;1;1;1m[38;2;1;1;1m  [48;2;241;239;242m[38;2;118;116;119m▎[48;2;253;251;254m[38;2;254;252;255m▎[48;2;250;250;252m[38;2;250;250;252m    [48;2;251;251;252m[38;2;249;249;251m▄[48;2;240;240;242m[38;2;0;0;0m [48;2;224;219;223m[38;2;40;36;39m▅[48;2;11;7;10m[38;2;0;0;0m [48;2;3;1;6m[38;2;3;1;6m    [48;2;1;1;1m[38;2;1;1;1m                    [0m
[48;2;1;1;1m[38;2;1;1;1m              [48;2;2;0;3m[38;2;2;0;3m  [48;2;1;1;3m[38;2;1;1;3m  [48;2;1;1;1m[38;2;1;1;1m    [48;2;1;1;3m[38;2;1;1;3m  [48;2;1;0;2m[38;2;6;4;7m▄[48;2;53;52;54m[38;2;186;184;187m┏[48;2;247;245;248m[38;2;176;174;177m▎[48;2;250;248;251m[38;2;243;241;244m▁[48;2;250;250;252m[38;2;250;250;252m    [48;2;249;247;249m[38;2;0;0;0m [48;2;231;229;232m[38;2;104;102;105m▁[48;2;3;1;4m[38;2;47;45;48m▎[48;2;1;0;2m[38;2;9;7;10m│[48;2;1;1;3m[38;2;1;1;3m  [48;2;1;1;1m[38;2;1;1;1m                      [0m
[48;2;1;1;1m[38;2;1;1;1m                [48;2;1;1;3m[38;2;1;1;3m  [48;2;1;1;1m[38;2;1;1;1m    [48;2;2;0;3m[38;2;2;0;3m  [48;2;70;66;69m[38;2;211;206;210m┏[48;2;19;15;18m[38;2;230;225;229m▅[48;2;199;194;198m[38;2;61;56;60m▅[48;2;226;222;225m[38;2;70;65;69m▁[48;2;241;238;242m[38;2;87;74;81m▁▁[48;2;243;240;242m[38;2;81;69;73m▁[48;2;239;236;237m[38;2;76;64;68m▁[48;2;226;222;225m[38;2;37;32;36m▅[48;2;21;16;20m[38;2;163;158;162m▁[48;2;3;1;4m[38;2;3;1;4m  [48;2;1;1;1m[38;2;1;1;1m                        [0m
[48;2;1;1;1m[38;2;1;1;1m                      [48;2;3;2;4m[38;2;14;12;15m╺[48;2;71;69;72m[38;2;214;212;215m┏[48;2;231;230;232m[38;2;0;0;0m [48;2;250;248;251m[38;2;239;237;240m╵[48;2;62;58;61m[38;2;236;231;235m▅[48;2;36;32;35m[38;2;180;175;179m▁[48;2;1;0;2m[38;2;4;2;5m▄[48;2;13;11;14m[38;2;157;155;158m▁[48;2;8;7;9m[38;2;0;0;0m [48;2;1;0;2m[38;2;12;10;13m▂[48;2;33;31;34m[38;2;224;222;225m▅[48;2;200;198;201m[38;2;241;239;242m▊[48;2;24;22;23m[38;2;167;165;166m▁[48;2;1;0;0m[38;2;4;2;3m▌[48;2;1;1;1m[38;2;1;1;1m                        [0m
[48;2;1;1;1m[38;2;1;1;1m                    [48;2;1;1;3m[38;2;1;1;3m  [48;2;69;68;70m[38;2;208;206;209m┏[48;2;232;231;233m[38;2;0;0;0m [48;2;250;250;252m[38;2;250;250;252m  [48;2;249;249;251m[38;2;249;249;251m  [48;2;48;43;47m[38;2;190;185;189m▁[48;2;215;210;214m[38;2;137;132;136m▎[48;2;55;51;52m[38;2;227;224;225m▅[48;2;210;206;207m[38;2;49;45;46m▅[48;2;240;240;242m[38;2;0;0;0m [48;2;247;247;249m[38;2;253;253;254m▌[48;2;193;191;194m[38;2;250;248;251m▊[48;2;1;0;2m[38;2;47;45;48m▎[48;2;1;1;1m[38;2;1;1;1m                        [0m
[48;2;1;1;1m[38;2;1;1;1m                    [48;2;3;0;2m[38;2;6;1;5m▄[48;2;75;70;74m[38;2;214;210;213m┏[48;2;228;228;230m[38;2;0;0;0m [48;2;251;251;252m[38;2;245;245;247m╺[48;2;250;250;252m[38;2;250;250;252m  [48;2;240;238;241m[38;2;75;73;76m▁[48;2;236;235;237m[38;2;45;43;46m▁[48;2;225;219;223m[38;2;88;83;86m▅[48;2;58;52;56m[38;2;224;219;222m▅[48;2;228;224;228m[38;2;64;59;63m▁[48;2;59;54;58m[38;2;228;224;227m▅[48;2;211;206;210m[38;2;44;39;43m▅[48;2;251;247;250m[38;2;205;201;204m▎[48;2;244;243;245m[38;2;0;0;0m [48;2;40;38;41m[38;2;223;221;224m▅[48;2;7;7;7m[38;2;0;0;0m [48;2;1;1;1m[38;2;6;6;6m▎[38;2;1;1;1m                      [0m
[48;2;1;1;1m[38;2;1;1;1m                  [48;2;1;1;3m[38;2;1;1;3m  [48;2;15;11;14m[38;2;167;162;166m▁[48;2;238;234;237m[38;2;104;99;103m▎[48;2;250;250;252m[38;2;250;250;252m    [48;2;75;70;74m[38;2;243;239;242m▅[48;2;10;5;9m[38;2;91;86;90m▎[48;2;196;191;195m[38;2;9;5;8m▅[48;2;216;212;215m[38;2;17;12;16m▅[48;2;56;51;55m[38;2;214;209;213m▅[48;2;197;192;196m[38;2;98;93;97m▅[48;2;61;59;62m[38;2;232;230;233m▅[48;2;243;241;244m[38;2;0;0;0m [48;2;250;250;252m [48;2;191;191;193m[38;2;248;248;249m▊[48;2;25;23;26m[38;2;217;215;218m▁[48;2;1;0;2m[38;2;10;8;11m [48;2;1;1;1m[38;2;1;1;1m                      [0m
[48;2;1;1;1m[38;2;1;1;1m                  [48;2;2;0;3m[38;2;2;0;3m  [48;2;233;231;234m[38;2;94;92;95m▎[48;2;253;251;254m[38;2;252;250;253m▊[48;2;250;250;252m[38;2;250;250;252m    [48;2;221;219;222m[38;2;50;48;51m▅[48;2;15;14;16m[38;2;0;0;0m [48;2;3;1;6m[38;2;3;1;6m  [48;2;195;191;195m[38;2;17;12;16m▅[48;2;225;220;224m[38;2;24;19;23m▁[48;2;251;251;253m[38;2;246;246;248m▄[48;2;246;246;248m[38;2;251;251;253m▄[48;2;250;250;252m[38;2;250;250;252m  [48;2;191;187;191m[38;2;249;245;249m▊[48;2;34;29;33m[38;2;219;214;218m▁[48;2;1;1;1m[38;2;1;1;1m                      [0m
[48;2;3;1;5m[38;2;27;3;142m▂▂▂▂▂▂▂▂▂▂▂▂▂▂▂▂▂▂[48;2;4;1;6m[38;2;28;3;145m▂▂[48;2;237;235;237m[38;2;96;93;98m▎[48;2;248;245;250m[38;2;255;253;253m│[48;2;250;250;252m[38;2;250;250;252m  [48;2;248;248;248m[38;2;241;241;243m╹[48;2;235;234;240m[38;2;79;58;190m▁[48;2;48;43;48m[38;2;35;10;150m▂[48;2;5;1;6m[38;2;32;5;147m▂[48;2;4;1;6m[38;2;28;3;145m▂▂[48;2;3;1;6m[38;2;27;3;144m▂[48;2;16;12;30m[38;2;36;6;189m▁[48;2;218;216;226m[38;2;38;20;159m▁[48;2;247;246;250m[38;2;0;0;0m [48;2;250;250;252m[38;2;250;250;252m  [48;2;254;254;255m[38;2;249;249;251m┃[48;2;167;167;169m[38;2;245;245;247m▊[48;2;13;9;25m[38;2;41;10;192m▁[48;2;3;2;5m[38;2;27;3;142m▂[48;2;3;1;5m▂▂▂▂▂▂▂▂▂▂▂▂▂▂▂▂▂▂▂▂[0m
[48;2;38;3;183m[38;2;38;3;183m                  [48;2;38;3;185m[38;2;38;3;185m  [48;2;203;199;223m[38;2;51;28;180m▂[48;2;238;237;242m[38;2;0;0;0m [48;2;250;250;252m[38;2;250;250;252m  [48;2;245;245;233m[38;2;251;249;252m▊[48;2;44;15;182m[38;2;172;164;203m▎[48;2;38;3;183m[38;2;38;3;183m      [48;2;57;31;178m[38;2;34;3;180m▊[48;2;238;233;244m[38;2;81;55;187m▂[48;2;251;251;253m[38;2;246;246;248m▄[48;2;246;246;248m[38;2;251;251;253m▄[38;2;249;249;250m▄[48;2;244;244;246m[38;2;0;0;0m [48;2;49;19;186m[38;2;221;214;231m▆[48;2;34;3;183m[38;2;60;32;186m▎[48;2;38;3;183m[38;2;38;3;183m                    [0m
[48;2;38;3;183m[38;2;38;3;183m                    [48;2;32;3;169m[38;2;37;5;188m▊[48;2;236;234;240m[38;2;98;80;179m▎[48;2;250;250;252m[38;2;250;250;252m  [48;2;245;245;233m[38;2;251;249;252m▊[48;2;44;15;182m[38;2;172;164;203m▎[48;2;38;3;183m[38;2;38;3;183m      [48;2;39;3;188m[38;2;38;3;181m▎[48;2;61;29;190m[38;2;37;3;178m▊[48;2;250;250;251m[38;2;215;215;217m▎[38;2;250;250;251m▄[48;2;250;250;252m[38;2;250;250;252m  [48;2;181;173;212m[38;2;248;246;249m▊[48;2;33;5;180m[38;2;67;43;183m▎[48;2;38;3;183m[38;2;38;3;183m                    [0m
[48;2;38;3;185m[38;2;38;3;185m                    [48;2;38;6;184m[38;2;0;0;0m [48;2;194;184;222m[38;2;42;14;174m▂[48;2;236;235;242m[38;2;0;0;0m [48;2;249;249;247m [48;2;245;245;233m[38;2;251;249;252m▊[48;2;44;15;182m[38;2;172;164;203m▎[48;2;38;3;185m[38;2;38;3;185m      [48;2;39;4;184m[38;2;39;4;184m  [48;2;223;219;235m[38;2;51;26;184m▆[48;2;251;249;249m[38;2;219;214;230m▎[48;2;250;250;252m[38;2;250;250;252m  [48;2;245;244;244m[38;2;0;0;0m [48;2;56;35;172m[38;2;220;217;235m▆[48;2;39;4;184m[38;2;39;4;184m  [48;2;38;3;185m[38;2;38;3;185m                  [0m
[48;2;38;3;185m[38;2;38;3;185m                      [48;2;231;230;236m[38;2;88;69;185m▎[48;2;250;250;247m[38;2;250;250;247m▄[48;2;245;245;233m[38;2;251;249;252m▊[48;2;44;15;182m[38;2;172;164;203m▎[48;2;38;3;185m[38;2;38;3;185m        [48;2;39;7;185m[38;2;0;0;0m [48;2;215;207;229m[38;2;57;27;184m▆[48;2;250;250;251m[38;2;230;230;232m▎[48;2;246;246;248m[38;2;251;251;253m┃[48;2;251;251;250m[38;2;245;246;241m▎[48;2;190;188;201m[38;2;246;245;251m▊[48;2;52;23;181m[38;2;218;209;231m▂[48;2;39;5;183m[38;2;40;7;184m▄[48;2;38;3;185m[38;2;38;3;185m                  [0m
[48;2;38;3;185m[38;2;38;3;185m                      [48;2;189;183;217m[38;2;166;67;114m▂[48;2;241;235;235m[38;2;213;70;98m▂[48;2;232;230;234m[38;2;66;28;157m▂[48;2;47;12;188m[38;2;130;120;194m▎[48;2;38;3;185m[38;2;38;3;185m        [48;2;36;1;181m[38;2;41;6;186m▄[48;2;41;6;186m[38;2;36;1;181m▄[48;2;205;202;220m[38;2;53;26;185m▆[48;2;240;232;233m[38;2;197;72;96m▂[48;2;243;236;238m[38;2;215;74;95m▂▂[48;2;222;215;222m[38;2;193;70;108m▂[48;2;34;2;182m[38;2;66;36;178m▎[48;2;38;3;185m[38;2;38;3;185m                  [0m
[48;2;38;3;185m[38;2;38;3;185m                    [48;2;38;6;172m[38;2;18;13;48m▂[48;2;59;16;156m[38;2;195;58;76m▁[48;2;213;74;99m[38;2;129;59;124m▎[48;2;216;74;100m[38;2;214;81;90m▖[48;2;159;56;102m[38;2;57;18;25m▂[48;2;38;12;157m[38;2;22;11;19m▆[48;2;37;13;149m[38;2;4;3;7m▆▆[48;2;38;14;150m[38;2;5;3;7m▆▆▆▆[48;2;37;12;154m[38;2;4;3;7m▆▆[48;2;33;9;146m[38;2;5;3;9m▆▆[48;2;49;16;140m[38;2;23;10;19m▆[48;2;209;70;94m[38;2;0;0;0m [48;2;220;78;104m[38;2;212;70;96m▝[48;2;215;73;99m[38;2;206;64;90m▗[48;2;206;66;101m[38;2;47;21;28m▃[48;2;73;31;70m[38;2;225;73;100m━[48;2;68;30;92m[38;2;190;59;100m━[48;2;38;3;191m[38;2;43;5;175m┻[48;2;38;3;185m[38;2;38;3;185m                [0m
[48;2;38;3;185m[38;2;38;3;185m                    [48;2;23;15;69m[38;2;38;4;180m▆[48;2;148;50;65m[38;2;40;12;100m▇[48;2;158;52;70m[38;2;24;6;82m▆▆[48;2;16;11;24m[38;2;42;9;187m▂[48;2;12;6;20m[38;2;34;2;179m▂[48;2;4;3;5m[38;2;34;9;153m▃▃▃▃▃▃[48;2;9;6;21m[38;2;35;4;184m▂▂▂▂[48;2;14;5;8m[38;2;36;12;153m▃[48;2;155;52;84m[38;2;24;10;82m▆[48;2;166;56;73m[38;2;21;8;81m▆[48;2;146;49;61m[38;2;22;5;78m▆[48;2;17;8;34m[38;2;37;5;185m▂[48;2;20;11;40m[38;2;35;5;172m▆[48;2;21;6;65m[38;2;38;4;182m▆[48;2;39;4;185m[38;2;0;0;0m [48;2;38;3;185m[38;2;38;3;185m                [0m
[48;2;40;2;185m[38;2;40;2;185m                                                            [0m
[48;2;40;2;185m[38;2;40;2;185m                                                            [0m
