[48;2;1;1;1m[38;2;1;1;1m                                                            [0m
[48;2;1;1;1m[38;2;1;1;1m                                                            [0m
[48;2;1;1;1m[38;2;1;1;1m                                                            [0m
[48;2;1;1;1m[38;2;1;1;1m                                                            [0m
[48;2;1;1;1m[38;2;1;1;1m                            [48;2;1;1;3m[38;2;1;1;3m  [48;2;1;1;1m[38;2;1;1;1m                              [0m
[48;2;1;1;1m[38;2;1;1;1m                          [48;2;3;1;4m[38;2;3;1;4m  [48;2;35;30;34m[38;2;218;213;217m▃[48;2;12;8;11m[38;2;222;218;221m▄[48;2;8;7;9m[38;2;221;219;222m▄▄[48;2;10;9;11m[38;2;204;202;204m▄[48;2;11;9;12m[38;2;0;0;0m [48;2;1;1;1m[38;2;1;1;1m                          [0m
[48;2;1;1;1m[38;2;1;1;1m                          [48;2;1;0;2m[38;2;2;0;3m▄[48;2;229;228;230m[38;2;115;113;116m▎[48;2;244;241;244m[38;2;0;0;0m [48;2;242;244;245m[38;2;213;103;121m▄[48;2;247;244;246m[38;2;214;84;107m▄[48;2;238;235;237m▄[48;2;105;95;99m[38;2;24;15;18m▇[48;2;3;3;3m[38;2;0;0;0m [48;2;1;1;1m[38;2;1;1;1m  [48;2;1;1;3m[38;2;1;1;3m  [48;2;1;1;1m[38;2;1;1;1m                      [0m
[48;2;1;1;1m[38;2;1;1;1m                  [48;2;3;1;2m[38;2;15;13;14m▁[48;2;48;46;47m[38;2;230;228;229m▗[48;2;15;13;14m[38;2;232;230;231m▄▄▄▄[48;2;14;13;13m[38;2;231;229;230m▄▄[48;2;19;17;20m[38;2;227;226;228m▄[48;2;227;225;228m[38;2;0;0;0m [48;2;72;56;57m[38;2;199;84;107m▄[48;2;201;68;91m[38;2;0;0;0m [48;2;47;17;21m[38;2;197;70;95m▄[48;2;206;67;90m[38;2;0;0;0m [48;2;3;3;2m[38;2;58;25;36m▎[48;2;1;1;0m[38;2;8;4;5m│[48;2;1;1;1m[38;2;1;1;1m                          [0m
[48;2;1;1;1m[38;2;1;1;1m                  [48;2;217;213;217m[38;2;78;73;77m▎[48;2;246;242;246m[38;2;0;0;0m [48;2;250;250;252m[38;2;250;250;252m    [48;2;249;247;250m[38;2;249;247;250m▄[48;2;213;85;107m[38;2;227;180;183m▎[48;2;212;75;101m[38;2;217;119;132m▁▁[48;2;220;76;103m[38;2;220;76;103m  [48;2;222;80;106m[38;2;212;70;96m╋╋[48;2;28;17;22m[38;2;229;219;225m▄[48;2;18;17;19m[38;2;220;219;222m▄[48;2;13;12;12m[38;2;0;0;0m [48;2;5;3;4m[38;2;49;47;48m▁[48;2;1;1;1m[38;2;1;1;1m                        [0m
[48;2;1;1;1m[38;2;1;1;1m                  [48;2;25;23;26m[38;2;4;3;5m▇[48;2;181;179;181m[38;2;12;11;13m▄[48;2;235;233;236m[38;2;15;13;16m▄▄[48;2;235;233;235m[38;2;17;16;18m▄[48;2;223;221;224m[38;2;0;0;0m [48;2;249;249;251m[38;2;249;249;251m    [48;2;217;96;123m[38;2;243;240;239m▄[48;2;210;76;100m[38;2;222;135;153m▁[48;2;212;86;107m[38;2;242;229;232m▄[48;2;244;236;238m[38;2;0;0;0m [48;2;250;250;252m[38;2;250;250;252m  [48;2;212;210;213m[38;2;250;248;251m▇[48;2;235;233;236m[38;2;0;0;0m [48;2;28;26;29m[38;2;216;214;217m▄[48;2;10;9;11m[38;2;67;65;68m▁[48;2;1;1;1m[38;2;1;1;1m                      [0m
[48;2;1;1;1m[38;2;1;1;1m                      [48;2;6;4;5m[38;2;1;0;0m▊[48;2;253;251;252m[38;2;214;212;213m▌[48;2;250;250;252m[38;2;250;250;252m    [48;2;249;249;251m[38;2;249;249;251m  [48;2;250;250;252m[38;2;250;250;252m    [48;2;249;247;250m[38;2;0;0;0m [48;2;248;247;249m[38;2;205;203;206m▁[48;2;248;246;249m[38;2;212;200;206m▁[48;2;247;246;248m[38;2;207;196;202m▝[48;2;36;34;37m[38;2;241;239;241m▄[48;2;22;20;23m[38;2;220;218;221m▄[48;2;9;7;8m[38;2;91;89;90m▁[48;2;1;0;0m[38;2;4;2;3m▄[48;2;1;1;1m[38;2;1;1;1m                  [0m
[48;2;1;1;1m[38;2;1;1;1m              [48;2;1;1;3m[38;2;1;1;3m  [48;2;1;1;1m[38;2;1;1;1m      [48;2;2;0;1m[38;2;1;0;0m┗[48;2;47;45;46m[38;2;215;213;214m▝[48;2;222;220;223m[38;2;0;0;0m [48;2;251;250;252m[38;2;245;243;246m▗[48;2;250;250;252m[38;2;250;250;252m      [48;2;251;251;253m[38;2;253;253;255m▌[48;2;245;245;247m[38;2;248;248;250m▌[48;2;244;218;226m[38;2;208;75;99m▄[48;2;206;72;96m[38;2;106;45;44m▁[48;2;189;75;94m[38;2;34;23;27m▄[48;2;241;239;241m[38;2;132;117;125m▁[48;2;249;249;251m[38;2;144;144;146m▁[48;2;246;246;248m[38;2;0;0;0m [48;2;234;233;235m [48;2;39;37;40m[38;2;215;213;216m▄[48;2;2;2;2m[38;2;2;2;2m  [48;2;1;1;1m[38;2;1;1;1m                [0m
[48;2;1;1;1m[38;2;1;1;1m            [48;2;1;1;3m[38;2;1;1;3m  [48;2;3;1;6m[38;2;3;1;6m  [48;2;1;1;1m[38;2;1;1;1m    [48;2;2;0;3m[38;2;2;0;3m  [48;2;2;0;5m[38;2;2;0;5m  [48;2;240;234;237m[38;2;80;69;73m▎[48;2;242;248;246m[38;2;249;251;251m▊[48;2;250;250;252m[38;2;250;250;252m      [48;2;252;252;254m[38;2;249;249;251m▌[48;2;241;241;243m[38;2;250;250;252m▌[48;2;200;80;100m[38;2;204;190;195m▅[48;2;5;3;7m[38;2;43;27;32m▎[48;2;3;1;6m[38;2;3;1;6m  [48;2;18;13;19m[38;2;0;0;0m [48;2;236;232;237m[38;2;31;26;32m▅[48;2;247;245;248m[38;2;30;29;31m▅[48;2;219;217;220m[38;2;26;25;27m▅[48;2;2;2;2m[38;2;2;2;2m  [48;2;1;1;1m[38;2;1;1;1m                [0m
[48;2;1;1;1m[38;2;1;1;1m              [48;2;2;0;3m[38;2;2;0;3m  [48;2;1;1;3m[38;2;1;1;3m  [48;2;1;1;1m[38;2;1;1;1m    [48;2;1;1;3m[38;2;1;1;3m  [48;2;216;213;214m[38;2;70;66;67m▎[48;2;246;243;244m[38;2;0;0;0m [48;2;250;250;252m[38;2;250;250;252m      [48;2;248;246;249m[38;2;0;0;0m [48;2;232;230;233m[38;2;103;101;104m▁[48;2;3;1;4m[38;2;51;49;52m▎[48;2;1;0;2m[38;2;9;7;10m│[48;2;1;1;3m[38;2;1;1;3m  [48;2;1;1;1m[38;2;1;1;1m                      [0m
[48;2;1;1;1m[38;2;1;1;1m                [48;2;1;1;3m[38;2;1;1;3m  [48;2;1;1;1m[38;2;1;1;1m    [48;2;3;1;4m[38;2;3;1;4m  [48;2;1;0;2m[38;2;2;0;3m▄[48;2;189;187;189m[38;2;19;17;20m▅[48;2;222;220;222m[38;2;73;71;74m▁[48;2;244;242;245m[38;2;0;0;0m [48;2;250;250;252m[38;2;250;250;252m    [48;2;235;233;235m[38;2;91;89;92m▁[48;2;4;3;5m[38;2;58;56;59m▎[48;2;1;1;3m[38;2;1;1;3m  [48;2;1;1;1m[38;2;1;1;1m                        [0m
[48;2;1;1;1m[38;2;1;1;1m                      [48;2;2;0;3m[38;2;2;0;3m  [48;2;71;67;68m[38;2;214;210;211m┏[48;2;25;22;22m[38;2;235;232;233m▅[48;2;9;8;10m[38;2;99;97;100m▎[48;2;190;188;191m[38;2;18;16;19m▅[48;2;229;225;226m[38;2;19;15;16m▅▅[48;2;229;226;227m[38;2;22;18;19m▅[48;2;221;218;219m[38;2;65;61;62m▅[48;2;29;25;28m[38;2;183;178;182m▁[48;2;22;18;21m[38;2;215;211;215m▅[48;2;20;19;19m[38;2;164;162;163m▁[48;2;1;0;0m[38;2;7;5;6m▄[48;2;1;1;1m[38;2;1;1;1m                        [0m
[48;2;1;1;1m[38;2;1;1;1m                    [48;2;2;0;3m[38;2;2;0;3m  [48;2;3;0;2m[38;2;12;7;11m [48;2;77;72;76m[38;2;217;213;216m┏[48;2;231;231;233m[38;2;0;0;0m [48;2;251;251;252m[38;2;239;239;241m╵[48;2;68;67;69m[38;2;239;237;239m▅[48;2;28;26;29m[38;2;235;234;236m▅[48;2;9;5;8m[38;2;74;69;73m▎[48;2;29;25;28m[38;2;210;205;209m▅[48;2;38;32;34m[38;2;181;175;177m▁[48;2;220;215;217m[38;2;75;69;71m▁[48;2;251;251;253m[38;2;246;246;248m▄[48;2;246;246;248m[38;2;251;251;253m▄[48;2;194;189;193m[38;2;250;246;249m▊[48;2;27;23;26m[38;2;176;171;175m▁[48;2;1;1;1m[38;2;1;1;1m                        [0m
[48;2;1;1;1m[38;2;1;1;1m                    [48;2;2;0;3m[38;2;2;0;3m  [48;2;3;0;2m[38;2;9;4;8m▃[48;2;204;200;203m[38;2;76;71;75m▎[48;2;242;242;244m[38;2;0;0;0m [48;2;246;246;247m[38;2;248;248;250m▄[48;2;250;250;252m[38;2;250;250;252m  [48;2;64;59;63m[38;2;240;236;239m▅[48;2;201;196;200m[38;2;89;84;88m▅[48;2;220;216;220m[38;2;65;60;64m▁[48;2;44;40;43m[38;2;181;176;180m▁[48;2;223;221;223m[38;2;49;47;50m▁[48;2;237;235;237m[38;2;62;60;63m▁[48;2;248;248;249m[38;2;0;0;0m [48;2;189;189;191m[38;2;249;249;251m▊[48;2;22;21;21m[38;2;182;180;181m▁[48;2;1;0;0m[38;2;10;8;9m╴[48;2;1;1;1m[38;2;1;1;1m                      [0m
[48;2;1;1;1m[38;2;1;1;1m                  [48;2;1;1;3m[38;2;1;1;3m    [48;2;1;1;1m[38;2;1;1;1m  [48;2;240;234;237m[38;2;80;69;73m▎[48;2;242;248;246m[38;2;249;251;251m▊[48;2;250;250;252m[38;2;250;250;252m    [48;2;60;55;59m[38;2;241;236;240m▅[48;2;195;190;194m[38;2;98;94;97m▅[48;2;46;44;47m[38;2;233;231;234m▅[48;2;43;42;44m[38;2;243;241;244m▅[48;2;247;247;249m[38;2;237;237;239m▘[48;2;252;252;254m[38;2;245;245;247m▗[48;2;241;239;242m[38;2;251;249;252m▌[48;2;1;0;2m[38;2;62;60;63m▎[48;2;1;1;1m[38;2;1;1;1m                      [0m
[48;2;1;1;1m[38;2;1;1;1m                  [48;2;2;0;3m[38;2;2;0;3m  [48;2;1;1;3m[38;2;1;1;3m  [48;2;1;1;1m[38;2;1;1;1m  [48;2;172;170;173m[38;2;10;8;11m▅[48;2;243;241;243m[38;2;153;151;154m▎[48;2;250;250;252m[38;2;250;250;252m    [48;2;226;224;227m[38;2;250;249;251m▊[48;2;224;222;224m[38;2;36;34;37m▅[48;2;225;223;225m[38;2;28;26;29m▁[48;2;245;244;246m[38;2;0;0;0m [48;2;250;250;252m[38;2;250;250;252m  [48;2;245;243;245m[38;2;0;0;0m [48;2;45;43;46m[38;2;222;220;223m▅[48;2;2;2;2m[38;2;16;16;16m▎[48;2;1;1;1m[38;2;6;6;6m╵[38;2;1;1;1m                    [0m
[48;2;2;1;4m[38;2;28;4;144m▂▂▂▂▂▂▂▂▂▂▂▂▂▂▂▂▂▂[48;2;3;1;7m[38;2;29;5;147m▂▂[48;2;2;1;4m[38;2;28;4;144m▂▂▂▂[48;2;7;4;19m[38;2;21;0;163m▁[48;2;241;238;243m[38;2;102;98;116m▎[48;2;250;250;252m[38;2;250;250;252m    [48;2;226;223;235m[38;2;59;34;176m▁[48;2;26;23;32m[38;2;32;9;141m▂[48;2;13;7;23m[38;2;38;5;191m▁[48;2;190;186;191m[38;2;30;17;75m▅[48;2;247;247;249m[38;2;219;219;221m▎[48;2;248;248;250m[38;2;252;252;253m▅[48;2;249;249;251m[38;2;0;0;0m [48;2;241;241;242m [48;2;50;46;48m[38;2;227;221;232m▅[48;2;12;8;13m[38;2;42;17;144m▂[48;2;2;1;4m[38;2;28;4;144m▂▂▂▂▂▂▂▂▂▂▂▂▂▂▂▂▂▂▂▂[0m
[48;2;38;3;183m[38;2;38;3;183m                        [48;2;36;8;182m[38;2;191;183;220m▂[48;2;241;240;240m[38;2;144;130;205m▎[48;2;250;250;252m[38;2;250;250;252m  [38;2;252;252;254m▌[48;2;244;244;246m[38;2;247;247;249m▌[48;2;40;5;184m[38;2;123;105;181m▎[48;2;38;2;188m[38;2;36;4;177m▌[48;2;37;2;182m[38;2;42;7;187m▄[48;2;42;7;187m[38;2;37;2;182m▄[48;2;234;230;242m[38;2;62;37;184m▆[48;2;250;248;248m[38;2;219;216;226m▎[48;2;250;250;252m[38;2;250;250;252m  [48;2;195;189;216m[38;2;246;245;242m▊[48;2;44;18;183m[38;2;205;197;235m▂[48;2;39;4;184m[38;2;39;4;184m  [48;2;38;3;183m[38;2;38;3;183m                  [0m
[48;2;38;3;183m[38;2;38;3;183m                      [48;2;38;5;184m[38;2;30;0;174m╹[48;2;43;11;187m[38;2;182;168;216m▂[48;2;243;243;242m[38;2;162;155;200m▎[48;2;249;248;250m[38;2;0;0;0m [48;2;250;250;252m[38;2;250;250;252m  [48;2;240;237;241m[38;2;251;249;251m▊[48;2;238;235;243m[38;2;69;46;178m▆[48;2;42;10;180m[38;2;0;0;0m [48;2;41;4;193m[38;2;38;4;181m▄[48;2;38;3;183m[38;2;38;3;183m  [48;2;41;10;186m[38;2;0;0;0m [48;2;229;223;237m[38;2;60;32;182m▆[48;2;250;250;252m[38;2;229;229;231m▎[48;2;245;245;247m[38;2;251;251;253m┃[48;2;250;250;251m[38;2;243;243;241m│[48;2;189;185;208m[38;2;245;243;249m▊[48;2;47;15;179m[38;2;205;195;228m▂[48;2;40;8;183m[38;2;0;0;0m [48;2;38;3;183m[38;2;38;3;183m                  [0m
[48;2;38;3;185m[38;2;38;3;185m                      [48;2;35;1;185m[38;2;35;1;185m▄[48;2;243;239;243m[38;2;75;51;171m▎[48;2;250;250;252m[38;2;250;250;252m  [48;2;247;246;247m[38;2;0;0;0m [48;2;243;242;246m[38;2;73;54;179m▂[48;2;229;223;237m[38;2;58;30;180m▆[48;2;44;14;186m[38;2;0;0;0m [48;2;38;3;185m[38;2;38;3;185m    [48;2;37;2;182m[38;2;42;7;187m▄[48;2;42;7;187m[38;2;37;2;182m▄[48;2;225;220;238m[38;2;57;32;184m▆[48;2;250;249;246m[38;2;214;209;232m▎[48;2;250;250;252m[38;2;250;250;252m  [48;2;167;159;196m[38;2;248;246;248m▊[48;2;33;5;182m[38;2;65;40;186m▎[48;2;38;3;185m[38;2;38;3;185m                  [0m
[48;2;38;3;185m[38;2;38;3;185m                      [48;2;46;20;180m[38;2;190;183;220m▂[48;2;240;237;244m[38;2;136;121;204m▎[48;2;250;250;252m[38;2;250;250;252m  [48;2;242;237;246m[38;2;81;60;175m▂[48;2;36;5;181m[38;2;114;94;196m▎[48;2;38;3;185m[38;2;38;3;185m        [48;2;42;10;186m[38;2;0;0;0m [48;2;213;207;218m[38;2;52;24;187m▆[48;2;247;247;248m[38;2;219;219;221m▎[48;2;251;251;253m[38;2;245;245;247m╷[48;2;242;240;246m[38;2;0;0;0m [48;2;64;44;178m[38;2;221;220;230m▆[48;2;38;3;185m[38;2;38;3;185m                  [0m
[48;2;38;3;185m[38;2;38;3;185m                      [48;2;178;170;216m[38;2;38;11;176m▆[48;2;207;200;230m[38;2;40;12;182m▂[48;2;239;236;237m[38;2;184;67;111m▂[48;2;246;236;236m[38;2;208;67;106m▂[48;2;37;6;179m[38;2;143;130;173m▎[48;2;38;4;182m[38;2;36;2;195m│[48;2;38;3;185m[38;2;38;3;185m        [48;2;37;2;182m[38;2;42;7;187m▄[48;2;42;7;187m[38;2;37;2;182m▄[48;2;206;208;231m[38;2;56;30;179m▆[48;2;243;232;231m[38;2;198;72;100m▂[48;2;227;223;231m[38;2;185;75;92m▂[48;2;189;187;222m[38;2;52;17;180m▆[48;2;38;3;185m[38;2;38;3;185m                  [0m
[48;2;38;3;185m[38;2;38;3;185m                      [48;2;36;4;171m[38;2;15;9;52m▂[48;2;77;27;162m[38;2;167;57;94m▆[48;2;216;74;100m[38;2;177;61;107m▘[48;2;214;73;100m[38;2;225;76;96m▚[48;2;51;22;63m[38;2;215;72;103m▂[48;2;33;12;65m[38;2;214;63;94m▂[48;2;34;15;149m[38;2;15;9;14m▆[48;2;44;11;150m[38;2;7;5;9m▆[48;2;36;13;149m[38;2;5;4;8m▆▆[48;2;35;11;150m[38;2;5;3;9m▆▆▆▆[48;2;36;9;146m[38;2;7;3;7m▆[48;2;34;8;145m[38;2;13;9;13m▆[48;2;46;14;63m[38;2;199;72;87m▂[48;2;207;73;96m[38;2;216;72;100m▄[48;2;126;44;91m[38;2;216;72;94m▊[48;2;36;5;176m[38;2;22;10;63m▃[48;2;38;3;185m[38;2;38;3;185m                  [0m
[48;2;38;3;185m[38;2;38;3;185m                      [48;2;27;12;73m[38;2;37;5;181m▆[48;2;153;54;82m[38;2;41;13;95m▇[48;2;157;55;69m[38;2;23;7;80m▆▆[48;2;151;49;63m[38;2;25;8;81m▆▆[48;2;10;6;6m[38;2;34;7;150m▃[48;2;7;3;3m[38;2;40;12;156m▃[48;2;4;3;4m[38;2;36;11;156m▃▃▃▃▃▃[48;2;7;3;5m[38;2;40;12;158m▃[48;2;10;5;8m[38;2;34;7;152m▃[48;2;163;58;73m[38;2;24;6;80m▆▆[48;2;141;47;69m[38;2;30;10;91m▆[48;2;28;13;70m[38;2;38;7;178m▆[48;2;38;3;185m[38;2;38;3;185m                  [0m
[48;2;40;2;185m[38;2;40;2;185m                                                            [0m
[48;2;40;2;185m[38;2;40;2;185m                                                            [0m
