[48;2;1;1;1m[38;2;1;1;1m                                                            [0m
[48;2;1;1;1m[38;2;1;1;1m                                                            [0m
[48;2;1;1;1m[38;2;1;1;1m                                                            [0m
[48;2;1;1;1m[38;2;1;1;1m                                                            [0m
[48;2;1;1;1m[38;2;1;1;1m                            [48;2;1;1;3m[38;2;1;1;3m  [48;2;1;1;1m[38;2;1;1;1m                              [0m
[48;2;1;1;1m[38;2;1;1;1m                          [48;2;1;1;3m[38;2;1;1;3m  [48;2;9;5;8m[38;2;0;0;0m [48;2;36;32;35m[38;2;215;211;215m▃[48;2;8;7;9m[38;2;220;218;221m▄▄[48;2;10;6;9m[38;2;219;214;218m▄[48;2;13;9;12m[38;2;203;198;202m▄[48;2;0;0;0m[38;2;2;2;2m▖[38;2;1;1;1m┓[48;2;1;1;1m                        [0m
[48;2;1;1;1m[38;2;1;1;1m                          [48;2;1;1;3m[38;2;1;1;3m  [48;2;231;229;232m[38;2;123;121;124m▎[48;2;249;248;250m[38;2;219;217;220m▁[48;2;239;243;239m[38;2;216;100;123m▄[48;2;249;242;241m[38;2;216;87;115m▄[48;2;238;232;235m[38;2;200;83;102m▄[48;2;110;89;99m[38;2;20;15;18m▇[48;2;1;1;1m[38;2;1;1;1m  [48;2;1;1;3m[38;2;1;1;3m  [48;2;1;1;1m[38;2;1;1;1m                      [0m
[48;2;1;1;1m[38;2;1;1;1m                  [48;2;3;1;2m[38;2;24;22;23m▁▁[48;2;11;9;10m[38;2;186;184;185m▄[48;2;16;15;15m[38;2;230;228;229m▄[48;2;13;12;12m[38;2;234;232;233m▄▄[48;2;13;11;14m[38;2;233;232;234m▄▄[48;2;12;10;13m[38;2;232;230;233m▄▄[48;2;229;226;229m[38;2;0;0;0m [48;2;60;52;56m[38;2;196;87;103m▄[48;2;210;70;99m[38;2;189;63;87m▎[48;2;52;21;16m[38;2;203;71;98m▄[48;2;176;59;85m[38;2;210;68;96m▊[48;2;4;1;0m[38;2;50;22;21m▎[48;2;1;1;1m[38;2;1;1;1m                          [0m
[48;2;1;1;1m[38;2;1;1;1m                  [48;2;218;213;217m[38;2;73;68;72m▎[48;2;169;164;168m[38;2;250;245;249m▇[48;2;249;249;251m[38;2;249;249;251m    [48;2;251;249;252m[38;2;241;239;242m▂▂[48;2;250;250;252m[38;2;250;250;252m  [48;2;245;234;232m[38;2;248;247;251m▊[48;2;218;77;100m[38;2;223;150;161m▎[48;2;222;78;105m[38;2;212;68;95m┃┃[48;2;211;76;100m[38;2;211;76;99m▄[48;2;28;18;23m[38;2;217;207;212m▄[48;2;14;12;13m[38;2;0;0;0m [48;2;4;3;3m[38;2;47;45;46m▁[48;2;1;1;1m[38;2;1;1;1m                        [0m
[48;2;1;1;1m[38;2;1;1;1m                  [48;2;24;22;25m[38;2;4;3;5m▇[48;2;179;177;180m[38;2;13;11;14m▄[48;2;232;230;232m[38;2;16;14;17m▄[48;2;242;240;243m[38;2;129;127;130m▖[48;2;248;248;247m[38;2;192;181;183m▁[48;2;207;81;108m[38;2;231;187;191m▎[48;2;215;72;97m[38;2;219;130;147m▁[48;2;235;206;212m[38;2;208;71;102m▄[48;2;245;235;241m[38;2;0;0;0m [48;2;240;245;246m[38;2;249;249;251m▊[48;2;248;245;248m[38;2;0;0;0m [48;2;217;105;121m[38;2;245;240;243m▄[48;2;207;75;97m[38;2;221;137;153m▁[48;2;213;82;110m[38;2;240;227;227m▄[48;2;248;246;249m[38;2;233;231;234m▘[38;2;252;251;253m▌[48;2;210;208;211m[38;2;250;249;251m▇[48;2;234;232;235m[38;2;0;0;0m [48;2;28;26;29m[38;2;239;237;240m▄[48;2;18;16;19m[38;2;220;218;221m▄[48;2;6;4;5m[38;2;77;75;76m▁[48;2;1;0;0m[38;2;4;2;3m▄[48;2;1;1;1m[38;2;1;1;1m                    [0m
[48;2;1;1;1m[38;2;1;1;1m                    [38;2;5;5;5m▂[48;2;5;5;5m[38;2;0;0;0m▅[48;2;16;14;15m[38;2;6;4;5m▇[48;2;238;236;237m[38;2;87;85;86m▎[48;2;225;220;225m[38;2;249;246;250m▇[48;2;211;109;124m[38;2;247;247;249m▄[48;2;245;235;241m[38;2;0;0;0m [48;2;249;248;250m[38;2;242;250;249m▎[48;2;250;250;252m[38;2;250;250;252m  [48;2;249;249;251m[38;2;249;249;251m  [48;2;250;250;252m[38;2;250;250;252m  [48;2;246;242;244m[38;2;221;200;198m▁[48;2;242;234;231m[38;2;218;82;111m▄[48;2;239;234;237m[38;2;212;100;117m▄[48;2;247;244;246m[38;2;0;0;0m [48;2;218;216;219m[38;2;249;247;249m▇[48;2;234;232;235m[38;2;0;0;0m [48;2;32;30;33m[38;2;242;240;243m▄[48;2;21;19;22m[38;2;214;212;215m▄[48;2;2;2;2m[38;2;2;2;2m  [48;2;1;1;1m[38;2;1;1;1m                [0m
[48;2;1;1;1m[38;2;1;1;1m              [48;2;1;1;3m[38;2;1;1;3m  [48;2;1;1;1m[38;2;1;1;1m      [48;2;3;1;2m[38;2;1;0;0m▌[48;2;223;221;222m[38;2;82;80;81m▎[48;2;253;253;254m[38;2;242;242;244m▄[48;2;246;246;248m[38;2;249;249;251m▚[48;2;250;250;252m[38;2;250;250;252m      [48;2;246;244;247m[38;2;253;251;254m┃[48;2;228;226;229m[38;2;251;249;252m▊[48;2;209;81;103m[38;2;220;154;166m▁[48;2;212;91;118m[38;2;197;187;188m▄[48;2;216;211;215m[38;2;37;32;36m▄[48;2;244;240;244m[38;2;128;123;127m▁[48;2;249;247;250m[38;2;255;254;255m──[48;2;235;230;234m[38;2;122;117;121m▁[48;2;197;193;196m[38;2;13;9;12m▄[48;2;2;2;2m[38;2;2;2;2m  [48;2;1;1;1m[38;2;1;1;1m                [0m
[48;2;1;1;1m[38;2;1;1;1m            [48;2;1;1;3m[38;2;1;1;3m  [48;2;3;1;6m[38;2;3;1;6m  [48;2;1;1;1m[38;2;1;1;1m    [48;2;2;0;3m[38;2;2;0;3m  [48;2;3;1;6m[38;2;3;1;6m  [48;2;239;237;238m[38;2;78;76;77m▎[48;2;253;252;253m[38;2;244;242;243m│[48;2;250;250;252m[38;2;250;250;252m      [48;2;250;250;251m[38;2;245;245;247m┏[48;2;242;242;243m[38;2;0;0;0m [48;2;197;193;196m[38;2;22;18;21m▄[48;2;3;0;2m[38;2;7;2;6m▄[48;2;3;1;6m[38;2;3;1;6m  [48;2;4;2;7m[38;2;4;2;7m  [48;2;1;1;1m[38;2;1;1;1m                    [0m
[48;2;1;1;1m[38;2;1;1;1m              [48;2;2;0;3m[38;2;2;0;3m  [48;2;1;1;3m[38;2;1;1;3m  [48;2;1;1;1m[38;2;1;1;1m    [48;2;1;1;3m[38;2;1;1;3m  [48;2;217;213;214m[38;2;69;65;66m▎[48;2;246;243;244m[38;2;0;0;0m [48;2;250;250;252m[38;2;250;250;252m      [48;2;249;247;249m[38;2;0;0;0m [48;2;231;229;231m[38;2;104;102;105m▁[48;2;5;3;6m[38;2;47;45;48m▎[48;2;2;0;3m[38;2;9;7;10m│[48;2;1;1;3m[38;2;1;1;3m  [48;2;1;1;1m[38;2;1;1;1m                      [0m
[48;2;1;1;1m[38;2;1;1;1m                [48;2;1;1;3m[38;2;1;1;3m  [48;2;1;1;1m[38;2;1;1;1m    [48;2;3;1;4m[38;2;3;1;4m  [48;2;1;0;2m▄[48;2;190;188;190m[38;2;19;18;20m▅[48;2;221;219;221m[38;2;70;68;71m▁[48;2;245;243;246m[38;2;0;0;0m [48;2;250;250;252m[38;2;250;250;252m    [48;2;231;230;232m[38;2;93;91;94m▁[48;2;4;3;5m[38;2;66;64;67m▎[48;2;1;1;3m[38;2;1;1;3m  [48;2;1;1;1m[38;2;1;1;1m                        [0m
[48;2;1;1;1m[38;2;1;1;1m                      [48;2;2;0;3m[38;2;2;0;3m  [48;2;16;12;15m[38;2;153;148;152m▁[48;2;22;17;21m[38;2;203;198;202m▅[48;2;10;8;11m[38;2;92;90;93m▎[48;2;196;194;196m[38;2;16;15;17m▅[48;2;230;227;228m[38;2;18;14;15m▅▅[48;2;225;221;222m[38;2;23;19;20m▅[48;2;223;220;221m[38;2;65;62;62m▅[48;2;30;25;29m[38;2;179;174;178m▁[48;2;24;20;23m[38;2;215;210;214m▅[48;2;19;17;20m[38;2;159;157;160m▁[48;2;5;3;6m[38;2;14;12;15m╷[48;2;1;1;1m[38;2;1;1;1m                        [0m
[48;2;1;1;1m[38;2;1;1;1m                    [48;2;2;0;3m[38;2;2;0;3m  [48;2;8;7;9m[38;2;3;2;4m▊[48;2;13;12;14m[38;2;140;138;141m▁[48;2;240;238;240m[38;2;100;98;101m▎[48;2;247;246;248m[38;2;249;248;250m▄[48;2;73;71;74m[38;2;238;236;238m▅[48;2;29;27;30m[38;2;234;232;235m▅[48;2;10;6;9m[38;2;71;66;70m▎[48;2;30;25;29m[38;2;209;205;208m▅[48;2;28;24;25m[38;2;0;0;0m [48;2;250;246;247m[38;2;161;157;158m▎[48;2;250;250;252m[38;2;250;250;252m  [48;2;244;243;245m[38;2;0;0;0m [48;2;39;37;40m[38;2;219;217;220m▅[48;2;1;1;1m[38;2;23;23;23m▎[48;2;2;2;2m[38;2;7;7;7m▎[48;2;1;1;1m[38;2;1;1;1m                      [0m
[48;2;1;1;1m[38;2;1;1;1m                    [48;2;2;0;3m[38;2;2;0;3m  [48;2;1;0;0m[38;2;5;3;4m▎[48;2;240;238;239m[38;2;86;84;85m▎[48;2;250;250;252m[38;2;250;250;252m  [48;2;240;236;239m[38;2;78;73;77m▁[48;2;187;183;186m[38;2;68;63;67m┏[48;2;56;50;54m[38;2;216;211;215m▅[48;2;199;194;197m[38;2;49;43;47m▅[48;2;54;53;55m[38;2;214;212;215m▅[48;2;240;239;241m[38;2;0;0;0m [48;2;250;250;252m[38;2;250;250;252m  [48;2;246;246;248m▄[48;2;243;243;245m[38;2;0;0;0m [48;2;35;34;34m[38;2;217;215;216m▅[48;2;3;2;2m[38;2;34;32;33m▎[48;2;1;1;1m[38;2;1;1;1m                      [0m
[48;2;1;1;1m[38;2;1;1;1m                  [48;2;1;1;3m[38;2;1;1;3m    [48;2;1;0;0m[38;2;3;1;2m▄[48;2;196;195;196m[38;2;79;77;78m▎[48;2;242;241;243m[38;2;0;0;0m [48;2;247;245;247m[38;2;249;247;249m▄[48;2;52;47;51m[38;2;168;163;167m▎[48;2;210;205;209m[38;2;124;119;123m▎[48;2;244;242;244m[38;2;0;0;0m [48;2;45;43;46m[38;2;139;137;140m▎[48;2;198;194;198m[38;2;23;19;22m▅[48;2;226;222;225m[38;2;40;35;39m▁[48;2;251;251;253m[38;2;246;246;248m▄[48;2;246;246;248m[38;2;251;251;253m▄[48;2;250;250;252m[38;2;250;250;252m  [48;2;242;240;243m[38;2;0;0;0m [48;2;44;42;45m[38;2;218;217;219m▅[48;2;0;0;0m[38;2;12;12;12m▌[48;2;1;1;1m[38;2;0;0;0m▃[38;2;1;1;1m                    [0m
[48;2;1;1;1m[38;2;1;1;1m                  [48;2;2;0;3m[38;2;2;0;3m  [48;2;1;1;3m[38;2;1;1;3m  [48;2;1;1;1m[38;2;1;1;1m  [48;2;241;233;237m[38;2;86;71;76m▎[48;2;251;253;253m[38;2;244;247;246m┃[48;2;249;247;250m[38;2;0;0;0m [48;2;74;72;75m[38;2;245;243;246m▅[48;2;239;237;240m[38;2;0;0;0m [48;2;225;223;226m[38;2;251;250;252m▊[48;2;4;2;5m[38;2;88;86;89m▎[48;2;32;30;33m[38;2;2;1;3m▊[48;2;217;215;218m[38;2;29;27;30m▁[48;2;248;246;248m[38;2;0;0;0m [48;2;250;250;252m[38;2;250;250;252m  [48;2;249;249;251m[38;2;0;0;0m [48;2;180;180;182m[38;2;246;246;248m▊[48;2;24;22;23m[38;2;211;209;210m▁[48;2;1;0;0m[38;2;4;2;3m┃[48;2;1;1;1m[38;2;1;1;1m                    [0m
[48;2;2;1;4m[38;2;30;5;148m▂▂▂▂▂▂[48;2;2;1;5m[38;2;30;6;142m▂▂▂▂▂▂▂▂▂▂▂▂[48;2;3;1;5m[38;2;31;6;151m▂▂[48;2;2;1;4m[38;2;30;5;148m▂▂▂▂[48;2;238;236;239m[38;2;88;86;89m▎[48;2;248;246;249m[38;2;252;250;252m▚[48;2;250;250;252m[38;2;250;250;252m  [48;2;248;245;248m[38;2;0;0;0m [48;2;206;204;206m[38;2;46;38;85m▅[48;2;13;12;15m[38;2;25;2;146m▂[48;2;7;5;8m[38;2;26;1;146m▂[48;2;16;14;21m[38;2;36;12;151m▂[48;2;228;226;227m[38;2;91;72;182m▂[48;2;249;249;251m[38;2;249;249;251m  [48;2;250;250;252m[38;2;250;250;252m  [48;2;164;160;176m[38;2;248;246;248m▊[48;2;16;14;19m[38;2;31;12;134m▂[48;2;2;1;4m[38;2;30;5;148m▂▂▂▂▂▂▂▂▂▂▂▂▂▂▂▂▂▂▂▂[0m
[48;2;38;3;183m[38;2;38;3;183m                      [48;2;39;6;181m[38;2;34;4;174m▄[48;2;55;24;189m[38;2;210;201;233m▁[48;2;242;241;243m[38;2;150;138;206m▎[48;2;248;248;246m[38;2;244;246;235m╵[48;2;250;250;252m[38;2;250;250;252m  [48;2;249;248;245m[38;2;249;248;245m▄[48;2;36;6;184m[38;2;140;128;190m▎[48;2;38;3;183m[38;2;38;3;183m  [48;2;34;0;177m[38;2;39;4;182m▌[48;2;47;12;190m[38;2;38;3;181m▌[48;2;236;236;236m[38;2;74;54;178m▂[48;2;245;244;249m[38;2;0;0;0m [48;2;250;250;252m[38;2;250;250;252m  [48;2;243;242;246m[38;2;0;0;0m [48;2;41;19;172m[38;2;214;210;230m▆[48;2;39;4;184m[38;2;39;4;184m  [48;2;38;3;183m[38;2;38;3;183m                  [0m
[48;2;38;3;183m[38;2;38;3;183m                      [48;2;31;1;175m[38;2;44;8;206m│[48;2;246;241;246m[38;2;83;61;170m▎[48;2;250;250;252m[38;2;250;250;252m    [48;2;249;248;245m[38;2;249;248;245m▄[48;2;36;6;184m[38;2;140;128;190m▎[48;2;38;3;183m[38;2;38;3;183m    [48;2;73;48;187m[38;2;35;6;183m▊[48;2;234;231;239m[38;2;73;50;179m▂[48;2;249;249;251m[38;2;249;249;251m  [48;2;249;248;252m[38;2;249;248;252m▄[48;2;163;156;197m[38;2;247;247;249m▊[48;2;40;5;183m[38;2;40;5;183m  [48;2;38;3;183m[38;2;38;3;183m                  [0m
[48;2;38;3;185m[38;2;38;3;185m                      [48;2;38;4;188m[38;2;38;4;188m▄[48;2;242;238;241m[38;2;75;51;173m▎[48;2;250;250;252m[38;2;250;250;252m  [48;2;249;248;248m[38;2;244;244;238m╺[48;2;240;238;245m[38;2;78;59;184m▂[48;2;233;227;241m[38;2;59;31;185m▆[48;2;42;13;180m[38;2;0;0;0m [48;2;38;3;185m[38;2;38;3;185m    [48;2;39;4;188m[38;2;38;4;179m▎[48;2;66;35;191m[38;2;37;4;177m▊[48;2;233;231;239m[38;2;61;41;169m▂[48;2;247;246;248m[38;2;0;0;0m [48;2;251;251;253m[38;2;243;243;245m┛[48;2;245;245;246m[38;2;0;0;0m [48;2;57;29;177m[38;2;225;219;232m▆[48;2;36;4;184m[38;2;58;31;185m▎[48;2;38;3;185m[38;2;38;3;185m                  [0m
[48;2;38;3;185m[38;2;38;3;185m                      [48;2;58;36;181m[38;2;190;183;222m▆[48;2;239;238;242m[38;2;0;0;0m [48;2;250;250;252m[38;2;250;250;252m  [48;2;241;236;245m[38;2;82;59;182m▂[48;2;36;6;179m[38;2;115;94;196m▎[48;2;38;3;185m[38;2;38;3;185m        [48;2;98;80;179m[38;2;35;4;182m▊[48;2;251;250;251m[38;2;216;210;236m▎[48;2;250;250;252m[38;2;250;250;252m  [48;2;165;157;194m[38;2;249;248;246m▊[48;2;33;4;182m[38;2;66;41;187m▎[48;2;38;3;185m[38;2;38;3;185m                  [0m
[48;2;38;3;185m[38;2;38;3;185m                      [48;2;172;163;208m[38;2;38;11;182m▆[48;2;210;203;231m[38;2;32;7;181m▂[48;2;240;236;238m[38;2;180;64;108m▂[48;2;246;237;237m[38;2;205;63;102m▂[48;2;41;8;185m[38;2;130;115;170m▎[48;2;37;5;180m[38;2;42;7;187m╷[48;2;38;3;185m[38;2;38;3;185m        [48;2;87;64;197m[38;2;34;4;182m▊[48;2;227;223;234m[38;2;52;29;170m▂[48;2;242;235;235m[38;2;206;81;100m▂[48;2;229;221;231m[38;2;199;72;103m▂[48;2;190;178;217m[38;2;48;14;188m▆[48;2;37;5;180m[38;2;0;0;0m [48;2;38;3;185m[38;2;38;3;185m                  [0m
[48;2;38;3;185m[38;2;38;3;185m                      [48;2;40;8;170m[38;2;19;15;53m▂[48;2;67;24;87m[38;2;174;53;108m━[48;2;202;66;98m[38;2;0;0;0m [48;2;207;73;93m[38;2;223;76;99m┃[48;2;59;24;69m[38;2;210;67;97m▂[48;2;36;13;146m[38;2;16;8;11m▆[48;2;37;14;150m[38;2;5;3;8m▆▆[48;2;38;15;151m[38;2;6;4;8m▆▆[48;2;37;13;152m[38;2;5;3;9m▆▆▆▆[48;2;43;16;161m[38;2;16;8;12m▆[48;2;127;52;114m[38;2;102;33;44m▄[48;2;201;70;94m[38;2;220;73;102m┫[48;2;171;77;88m[38;2;219;73;102m▊[48;2;45;12;169m[38;2;181;62;87m▂[48;2;35;6;169m[38;2;22;9;25m▂[48;2;38;3;185m[38;2;38;3;185m                  [0m
[48;2;38;3;185m[38;2;38;3;185m                      [48;2;34;18;89m[38;2;35;4;175m▆[48;2;18;8;44m[38;2;38;7;185m▂[48;2;52;18;38m[38;2;47;5;185m▂[48;2;148;49;67m[38;2;25;10;84m▆[48;2;150;48;68m[38;2;27;7;82m▆[48;2;18;9;23m[38;2;43;11;188m▂[48;2;5;3;7m[38;2;34;10;151m▃▃▃▃▃▃▃▃[48;2;8;4;8m[38;2;37;10;152m▃▃[48;2;162;51;72m[38;2;23;7;79m▆▆[48;2;56;22;53m[38;2;37;6;182m▂[48;2;35;8;67m[38;2;44;9;180m▆[48;2;38;3;185m[38;2;38;3;185m                  [0m
[48;2;40;2;185m[38;2;40;2;185m                                                            [0m
[48;2;40;2;185m[38;2;40;2;185m                                                            [0m
