[48;2;1;1;1m[38;2;1;1;1m                                                            [0m
[48;2;1;1;1m[38;2;1;1;1m                                                            [0m
[48;2;1;1;1m[38;2;1;1;1m                                                            [0m
[48;2;1;1;1m[38;2;1;1;1m                                                            [0m
[48;2;1;1;1m[38;2;1;1;1m                            [48;2;1;1;3m[38;2;1;1;3m  [48;2;2;2;2m[38;2;2;2;2m  [48;2;1;0;0m[38;2;5;3;4m▄▄[48;2;0;0;0m[38;2;4;4;4m▄▄[48;2;1;1;1m[38;2;1;1;1m                        [0m
[48;2;1;1;1m[38;2;1;1;1m                          [48;2;1;1;3m[38;2;1;1;3m  [48;2;3;1;4m[38;2;3;1;4m  [48;2;15;14;16m[38;2;198;196;199m▄[48;2;119;117;120m[38;2;234;232;234m▇[48;2;130;130;132m[38;2;245;245;246m▇▇[48;2;124;119;123m[38;2;237;233;236m▇[48;2;183;178;182m[38;2;24;20;23m▃[48;2;3;3;3m[38;2;16;16;16m▘[48;2;0;0;0m[38;2;2;2;2m▗[48;2;1;1;1m[38;2;1;1;1m                      [0m
[48;2;1;1;1m[38;2;1;1;1m                          [48;2;1;1;3m[38;2;1;1;3m  [48;2;1;0;2m[38;2;7;5;8m▂[48;2;7;5;8m[38;2;26;24;27m▁[48;2;243;241;244m[38;2;166;164;167m▎[48;2;241;239;241m[38;2;59;57;60m▄[48;2;225;140;154m[38;2;201;69;98m▇[48;2;207;84;109m[38;2;46;18;15m▄[48;2;175;71;91m[38;2;212;76;105m┫[48;2;7;3;2m[38;2;49;15;19m▎[48;2;1;1;3m[38;2;1;1;3m  [48;2;1;1;1m[38;2;1;1;1m                      [0m
[48;2;1;1;1m[38;2;1;1;1m                      [48;2;2;2;2m[38;2;2;2;2m  [48;2;1;0;0m[38;2;5;3;4m▄▄[48;2;14;12;15m[38;2;195;193;196m▄[48;2;12;11;13m[38;2;232;230;232m▄[48;2;220;219;221m[38;2;0;0;0m [48;2;157;155;158m[38;2;248;246;249m▇[48;2;226;225;222m[38;2;247;246;245m▇[48;2;206;66;95m[38;2;215;128;145m▎[48;2;216;74;100m[38;2;213;71;97m▄[48;2;199;57;83m[38;2;220;78;104m▆[48;2;165;59;81m[38;2;215;70;99m▊[48;2;6;6;3m[38;2;55;16;19m▎[48;2;6;5;5m[38;2;0;0;0m [48;2;19;17;18m [48;2;12;10;13m[38;2;224;222;225m▄[48;2;13;11;14m[38;2;235;234;236m▄[48;2;13;12;14m[38;2;232;230;233m▄▄[48;2;13;12;12m[38;2;200;198;199m▄[48;2;8;6;7m[38;2;36;34;35m▁[48;2;1;1;1m[38;2;1;1;1m                [0m
[48;2;1;1;1m[38;2;1;1;1m                  [48;2;1;0;0m[38;2;39;37;38m▁▁[48;2;13;11;14m[38;2;185;184;186m▄[48;2;18;16;19m[38;2;233;232;234m▄[48;2;19;17;20m[38;2;230;228;231m▄[48;2;241;239;242m[38;2;141;139;142m▘[48;2;173;171;176m[38;2;250;248;252m▇▇[48;2;249;249;251m[38;2;249;249;251m  [48;2;250;250;252m[38;2;250;250;252m  [48;2;248;230;228m[38;2;242;249;246m▊[48;2;214;74;103m[38;2;224;137;154m▎[48;2;218;76;102m[38;2;218;76;102m  [48;2;216;76;101m[38;2;0;0;0m [48;2;224;201;212m[38;2;216;81;104m▄[48;2;230;214;227m[38;2;214;100;122m▄[48;2;186;181;180m[38;2;244;243;239m▇[48;2;250;250;252m[38;2;250;250;252m    [48;2;231;227;228m[38;2;0;0;0m [48;2;193;189;190m[38;2;31;27;28m▄[48;2;2;2;2m[38;2;2;2;2m  [48;2;1;1;1m[38;2;1;1;1m              [0m
[48;2;1;1;1m[38;2;1;1;1m              [48;2;9;7;8m[38;2;1;0;0m▅[48;2;1;0;0m[38;2;2;0;1m▄[48;2;14;13;13m[38;2;180;178;179m▄[48;2;22;21;21m[38;2;241;240;241m▄[48;2;245;243;245m[38;2;123;121;124m▘[48;2;204;202;205m[38;2;247;246;248m▇[48;2;249;249;251m[38;2;249;249;251m  [48;2;250;248;251m[38;2;186;184;187m▁▁[48;2;249;247;250m[38;2;183;181;184m▁[48;2;248;246;248m[38;2;0;0;0m [48;2;250;250;252m[38;2;250;250;252m    [38;2;245;245;247m▄[48;2;245;245;247m[38;2;250;250;252m▄[48;2;207;91;120m[38;2;242;241;243m▄[48;2;241;226;220m[38;2;250;247;248m▅[48;2;216;84;112m[38;2;243;241;239m▄▄[48;2;238;236;239m[38;2;251;249;251m▄[48;2;252;250;253m[38;2;248;246;249m▘[48;2;248;248;249m[38;2;0;0;0m [48;2;249;249;250m[38;2;188;188;190m▁[48;2;237;236;238m[38;2;153;151;154m▁[48;2;209;207;210m[38;2;19;17;20m▄[48;2;24;24;24m[38;2;3;3;3m▆[48;2;0;0;0m[38;2;1;1;1m▄[48;2;1;1;1m                [0m
[48;2;1;1;1m[38;2;1;1;1m            [48;2;4;5;1m[38;2;37;23;23m▁[48;2;43;14;20m[38;2;206;65;108m▗[48;2;201;176;185m[38;2;0;0;0m [48;2;219;211;214m[38;2;246;244;246m▇[48;2;248;248;249m[38;2;237;237;239m⎽[48;2;249;249;250m[38;2;177;177;179m▁[48;2;247;246;248m[38;2;161;159;162m▁[48;2;232;230;232m[38;2;62;60;63m▄[48;2;227;226;228m[38;2;8;7;9m▄▄[48;2;29;27;28m[38;2;0;0;0m [48;2;8;6;7m [48;2;10;8;11m[38;2;1;0;2m▇[48;2;188;187;189m[38;2;9;7;10m▄[48;2;228;226;229m[38;2;0;0;0m [48;2;248;246;249m[38;2;255;254;255m▖[48;2;250;250;252m[38;2;250;250;252m        [48;2;237;236;238m[38;2;149;147;150m▁[48;2;227;226;228m[38;2;18;16;19m▄[48;2;202;200;203m[38;2;11;10;12m▄[48;2;13;12;14m[38;2;0;0;0m [48;2;2;2;2m[38;2;2;2;2m  [48;2;1;1;1m[38;2;1;1;1m                  [0m
[48;2;1;1;1m[38;2;1;1;1m            [48;2;175;55;83m[38;2;14;14;5m▎[48;2;213;74;96m[38;2;101;38;35m▁[48;2;194;63;88m[38;2;64;21;28m▄[48;2;229;199;201m[38;2;32;24;31m▅[48;2;221;219;222m[38;2;10;8;11m▄[48;2;32;31;33m[38;2;0;0;0m [48;2;2;2;2m[38;2;2;2;2m  [48;2;1;1;1m[38;2;1;1;1m      [48;2;244;242;245m[38;2;111;109;112m▎[48;2;253;251;253m[38;2;244;242;245m┃[48;2;250;250;252m[38;2;250;250;252m      [48;2;248;246;249m[38;2;0;0;0m [48;2;229;227;230m[38;2;129;127;130m▁[48;2;5;3;4m[38;2;40;38;39m▎[48;2;1;0;0m[38;2;5;3;4m│[48;2;1;1;1m[38;2;1;1;1m                      [0m
[48;2;1;1;1m[38;2;1;1;1m            [48;2;1;1;3m[38;2;1;1;3m  [48;2;3;1;6m[38;2;3;1;6m  [48;2;1;1;1m[38;2;1;1;1m    [48;2;2;0;3m[38;2;2;0;3m  [48;2;3;1;6m[38;2;3;1;6m  [48;2;1;1;1m[38;2;1;1;1m  [48;2;245;243;246m[38;2;105;103;106m▎[48;2;250;248;251m[38;2;250;248;251m▄[48;2;250;250;252m[38;2;250;250;252m      [48;2;170;165;169m[38;2;251;247;250m▊[48;2;4;0;3m[38;2;55;50;54m▎[48;2;3;1;6m[38;2;3;1;6m    [48;2;1;1;1m[38;2;1;1;1m                    [0m
[48;2;1;1;1m[38;2;1;1;1m              [48;2;2;0;3m[38;2;2;0;3m  [48;2;1;1;3m[38;2;1;1;3m  [48;2;1;1;1m[38;2;1;1;1m    [48;2;1;1;3m[38;2;1;1;3m  [48;2;1;1;1m[38;2;1;1;1m  [48;2;200;198;200m[38;2;24;22;25m▅[48;2;226;224;227m[38;2;86;84;87m▁[48;2;251;251;253m[38;2;246;246;248m▄[48;2;246;246;248m[38;2;251;251;253m▄[48;2;250;250;252m[38;2;250;250;252m  [48;2;247;246;248m[38;2;0;0;0m [48;2;237;235;238m[38;2;100;98;101m▁[48;2;216;214;217m[38;2;30;28;31m▅[48;2;1;0;2m[38;2;4;2;5m▄[48;2;1;1;3m[38;2;1;1;3m  [48;2;1;1;1m[38;2;1;1;1m                      [0m
[48;2;1;1;1m[38;2;1;1;1m                [48;2;1;1;3m[38;2;1;1;3m  [48;2;1;1;1m[38;2;1;1;1m    [48;2;3;1;4m[38;2;3;1;4m  [48;2;1;0;2m[38;2;11;9;12m┏[48;2;72;70;73m[38;2;213;211;214m┏[48;2;23;19;22m[38;2;227;223;227m▅[48;2;34;29;33m[38;2;189;184;188m▁[48;2;205;201;204m[38;2;28;23;27m▅[48;2;235;230;234m[38;2;28;24;27m▅[48;2;255;254;255m[38;2;1;0;2m▅▅[48;2;225;221;224m[38;2;24;20;23m▅[48;2;22;18;21m[38;2;167;162;166m▁[48;2;8;6;9m[38;2;1;0;2m━[48;2;1;0;2m[38;2;10;8;11m▄[48;2;1;1;1m[38;2;1;1;1m                        [0m
[48;2;1;1;1m[38;2;1;1;1m                      [48;2;5;3;6m[38;2;0;0;0m [48;2;11;9;12m[38;2;132;130;133m▁[48;2;22;20;23m[38;2;198;196;199m▅[48;2;233;231;233m[38;2;0;0;0m [48;2;250;250;252m[38;2;250;250;252m  [48;2;53;48;52m[38;2;237;233;236m▅[48;2;29;24;28m[38;2;185;180;184m▅[48;2;31;27;28m[38;2;171;167;168m▁[48;2;25;21;22m[38;2;211;207;208m▅[48;2;46;42;43m[38;2;6;3;3m┃[48;2;252;249;250m[38;2;172;168;169m▎[48;2;191;186;190m[38;2;250;246;249m▊[48;2;30;26;29m[38;2;157;152;156m▁[48;2;2;2;2m[38;2;2;2;2m  [48;2;1;1;1m[38;2;1;1;1m                      [0m
[48;2;1;1;1m[38;2;1;1;1m                    [48;2;2;0;3m[38;2;2;0;3m  [48;2;10;5;9m[38;2;3;0;2m│[48;2;236;231;235m[38;2;92;87;91m▎[48;2;250;250;252m[38;2;250;250;252m  [48;2;231;227;232m[38;2;100;95;101m▅[48;2;225;220;226m[38;2;69;64;70m▅[48;2;225;220;223m[38;2;78;72;76m▅[48;2;61;55;59m[38;2;215;209;213m▅[48;2;227;222;226m[38;2;81;76;80m▁[48;2;217;213;216m[38;2;90;85;89m▅[48;2;53;51;54m[38;2;226;224;226m▅[48;2;242;241;243m[38;2;0;0;0m [48;2;254;252;255m[38;2;255;253;255m│[48;2;189;187;190m[38;2;250;248;251m▊[48;2;25;23;24m[38;2;173;171;172m▁[48;2;1;0;0m[38;2;8;6;7m│[48;2;1;1;1m[38;2;1;1;1m                      [0m
[48;2;1;1;1m[38;2;1;1;1m                    [48;2;2;0;3m[38;2;2;0;3m  [48;2;69;64;68m[38;2;215;210;214m┏[48;2;233;229;232m[38;2;0;0;0m [48;2;250;250;252m[38;2;250;250;252m    [48;2;229;224;227m[38;2;97;92;95m▅[48;2;223;217;221m[38;2;28;23;26m▅[48;2;61;56;60m[38;2;168;163;167m▅[48;2;238;233;237m[38;2;0;0;0m [48;2;250;250;252m[38;2;250;250;252m    [48;2;177;172;176m[38;2;249;245;248m▊[48;2;29;24;28m[38;2;183;178;182m▁[48;2;1;1;1m[38;2;1;1;1m                      [0m
[48;2;1;1;1m[38;2;1;1;1m                  [48;2;1;1;3m[38;2;1;1;3m  [48;2;3;1;4m[38;2;3;1;4m  [48;2;230;229;231m[38;2;65;63;66m▎[48;2;248;246;249m[38;2;254;252;254m┃[48;2;250;250;252m[38;2;250;250;252m    [48;2;234;232;235m[38;2;58;56;59m▁[48;2;7;5;8m[38;2;101;99;102m▎[48;2;1;0;2m[38;2;3;1;4m▄[48;2;199;197;200m[38;2;18;17;19m▅[48;2;225;223;226m[38;2;42;40;43m▁[48;2;247;245;248m[38;2;0;0;0m [48;2;250;250;252m[38;2;250;250;252m  [48;2;249;249;250m[38;2;249;249;250m▄[48;2;167;167;169m[38;2;246;246;248m▊[48;2;3;1;2m[38;2;29;27;28m▎[48;2;7;5;6m[38;2;1;0;0m┃[48;2;1;1;1m[38;2;1;1;1m                    [0m
[48;2;1;1;1m[38;2;1;1;1m                  [48;2;2;0;3m[38;2;2;0;3m  [48;2;1;0;2m[38;2;7;5;8m▌[48;2;74;73;75m[38;2;223;221;223m┏[48;2;231;231;233m[38;2;0;0;0m [48;2;248;248;249m[38;2;248;248;250m▄[48;2;250;250;252m[38;2;250;250;252m    [48;2;7;5;8m[38;2;120;118;121m▎[48;2;2;0;3m[38;2;3;1;4m│[48;2;1;1;3m[38;2;1;1;3m  [48;2;1;0;2m[38;2;2;0;3m▄[48;2;214;212;215m[38;2;34;32;35m▁[48;2;249;249;251m[38;2;249;249;251m  [48;2;245;245;247m[38;2;249;249;250m▄[48;2;242;242;243m[38;2;0;0;0m [48;2;41;39;40m[38;2;225;223;224m▅[48;2;1;0;0m[38;2;3;1;2m▄[48;2;1;1;1m[38;2;1;1;1m                    [0m
[48;2;3;1;4m[38;2;29;4;146m▂▂▂▂[48;2;4;2;5m[38;2;25;1;142m▂▂▂▂▂▂▂▂▂▂▂▂▂▂[48;2;4;3;6m[38;2;26;1;145m▂▂[48;2;6;2;22m[38;2;23;0;147m▁[48;2;236;234;237m[38;2;86;81;99m▎[48;2;250;250;252m[38;2;250;250;252m    [48;2;250;249;248m[38;2;244;240;251m▗[48;2;206;202;212m[38;2;51;42;87m▅[48;2;17;15;18m[38;2;32;7;149m▂[48;2;5;4;6m[38;2;26;3;143m▂[48;2;4;2;6m[38;2;25;0;144m▂▂[48;2;5;3;7m[38;2;29;4;148m▂[48;2;20;16;33m[38;2;40;10;197m▁[48;2;224;222;234m[38;2;57;36;168m▁[48;2;246;246;244m[38;2;0;0;0m [48;2;250;250;252m[38;2;250;250;252m  [48;2;180;178;181m[38;2;249;247;249m▊[48;2;31;29;32m[38;2;226;224;227m▁[48;2;2;1;4m[38;2;35;10;152m▂▂[48;2;3;1;4m[38;2;29;4;146m▂▂▂▂▂▂▂▂▂▂▂▂▂▂▂▂▂▂[0m
[48;2;38;3;183m[38;2;38;3;183m                    [48;2;34;5;177m[38;2;34;5;177m▄[48;2;236;233;243m[38;2;106;86;199m▎[48;2;250;250;252m[38;2;250;250;252m    [48;2;246;242;244m[38;2;95;71;196m▂[48;2;35;5;179m[38;2;119;99;197m▎[48;2;38;3;183m[38;2;38;3;183m      [48;2;78;50;196m[38;2;35;4;179m▊[48;2;234;229;240m[38;2;74;48;178m▂[48;2;249;249;251m[38;2;249;249;251m  [48;2;251;252;248m[38;2;244;243;251m▎[48;2;168;163;193m[38;2;247;246;250m▊[48;2;40;5;183m[38;2;40;5;183m  [48;2;38;3;183m[38;2;38;3;183m                  [0m
[48;2;38;3;183m[38;2;38;3;183m                    [48;2;34;5;177m[38;2;34;5;177m▄[48;2;236;233;243m[38;2;106;86;199m▎[48;2;250;250;252m[38;2;250;250;252m  [48;2;251;251;253m[38;2;251;251;253m  [48;2;39;7;182m[38;2;171;157;206m▎[48;2;38;2;189m[38;2;42;10;169m│[48;2;38;3;183m[38;2;38;3;183m      [48;2;30;0;164m[38;2;40;5;186m▊[48;2;86;60;185m[38;2;38;3;188m▊[48;2;251;251;252m[38;2;224;224;226m▎[48;2;245;245;247m[38;2;252;252;254m┃[48;2;251;250;254m[38;2;243;244;239m▎[48;2;167;160;204m[38;2;246;246;244m▊[48;2;40;5;183m[38;2;40;5;183m  [48;2;38;3;183m[38;2;38;3;183m                  [0m
[48;2;38;3;185m[38;2;38;3;185m                    [48;2;34;3;177m[38;2;39;7;186m▄[48;2;193;183;220m[38;2;47;18;180m▂[48;2;237;236;239m[38;2;0;0;0m [48;2;248;247;249m [48;2;251;251;253m[38;2;251;251;253m  [48;2;39;7;182m[38;2;171;157;206m▎[48;2;38;2;189m[38;2;42;10;169m│[48;2;38;3;185m[38;2;38;3;185m      [48;2;39;4;184m[38;2;39;4;184m  [48;2;219;214;236m[38;2;53;30;175m▆[48;2;249;248;247m[38;2;224;218;244m▎[48;2;253;253;253m[38;2;248;248;250m▌[48;2;249;249;251m[38;2;224;224;226m▝[48;2;64;39;180m[38;2;222;216;227m▆[48;2;38;8;182m[38;2;45;13;192m▄[48;2;38;3;185m[38;2;38;3;185m                  [0m
[48;2;38;3;185m[38;2;38;3;185m                      [48;2;232;231;235m[38;2;96;76;199m▎[48;2;248;250;236m[38;2;250;249;253m▊[48;2;251;251;253m[38;2;251;251;253m  [48;2;39;7;185m[38;2;171;159;197m▎[48;2;40;6;180m[38;2;37;0;198m▎[48;2;38;3;185m[38;2;38;3;185m        [48;2;84;63;181m[38;2;34;6;184m▊[48;2;229;225;235m[38;2;65;43;174m▂[48;2;249;249;251m[38;2;249;249;251m  [48;2;171;163;200m[38;2;248;247;245m▊[48;2;32;3;183m[38;2;64;39;185m▎[48;2;38;3;185m[38;2;38;3;185m                  [0m
[48;2;38;3;185m[38;2;38;3;185m                      [48;2;175;167;219m[38;2;38;11;179m▆[48;2;217;203;226m[38;2;156;66;114m▂[48;2;244;235;235m[38;2;208;73;104m▂▂[48;2;39;7;180m[38;2;138;123;180m▎[48;2;40;6;188m[38;2;32;2;173m┛[48;2;38;3;185m[38;2;38;3;185m        [48;2;35;1;175m[38;2;41;5;193m│[48;2;76;50;175m[38;2;40;6;190m▊[48;2;235;227;230m[38;2;201;75;96m▂[48;2;232;224;228m[38;2;209;84;104m▂[48;2;184;184;212m[38;2;98;35;148m▆[48;2;46;11;180m[38;2;168;63;87m▂[48;2;41;4;176m[38;2;41;2;187m▄[48;2;41;2;187m[38;2;41;4;176m▄[48;2;44;7;174m[38;2;164;64;105m▂[48;2;38;6;182m[38;2;0;0;0m [48;2;38;3;185m[38;2;38;3;185m              [0m
[48;2;38;3;185m[38;2;38;3;185m                    [48;2;71;30;97m[38;2;186;65;98m━[48;2;74;34;80m[38;2;213;71;89m━[48;2;129;52;118m[38;2;96;29;38m▄[48;2;210;73;103m[38;2;139;44;72m▎[48;2;219;75;100m[38;2;219;75;100m  [48;2;55;17;126m[38;2;38;16;22m▆[48;2;33;11;146m[38;2;6;5;13m▆[48;2;34;10;151m[38;2;5;4;6m▆▆[48;2;35;11;152m[38;2;6;4;6m▆▆[48;2;34;9;153m[38;2;5;3;7m▆▆▆▆[48;2;29;8;137m[38;2;5;5;8m▆[48;2;48;14;147m[38;2;24;11;17m▆[48;2;218;76;102m[38;2;207;65;91m▌[48;2;216;74;100m[38;2;222;80;106m▌[48;2;209;68;97m[38;2;0;0;0m [48;2;212;73;102m[38;2;56;24;19m▃[48;2;75;35;76m[38;2;227;69;102m━[48;2;76;30;73m[38;2;191;58;83m━[48;2;140;50;92m[38;2;30;11;122m▆[48;2;40;3;186m[38;2;0;0;0m [48;2;38;3;185m[38;2;38;3;185m              [0m
[48;2;38;3;185m[38;2;38;3;185m                    [48;2;24;6;79m[38;2;39;4;180m▆[48;2;24;9;64m[38;2;39;3;185m▆[48;2;17;6;46m[38;2;38;0;179m▂[48;2;52;24;42m[38;2;33;5;180m▂[48;2;159;55;66m[38;2;25;7;82m▆▆[48;2;15;9;21m[38;2;30;3;176m▂[48;2;12;7;20m[38;2;39;7;184m▂[48;2;9;7;21m[38;2;37;7;186m▂▂▂▂▂▂▂▂[48;2;14;8;23m[38;2;35;5;182m▂▂[48;2;159;55;66m[38;2;25;7;82m▆▆[48;2;132;46;64m[38;2;19;6;80m▆[48;2;15;7;12m[38;2;37;10;150m▃[48;2;16;6;43m[38;2;37;7;178m▂[48;2;23;13;46m[38;2;38;7;176m▆[48;2;32;18;72m[38;2;38;3;183m▆[48;2;37;2;179m[38;2;0;0;0m [48;2;38;3;185m[38;2;38;3;185m              [0m
[48;2;40;2;185m[38;2;40;2;185m                                                            [0m
[48;2;40;2;185m[38;2;40;2;185m                                                            [0m
