[48;2;1;1;1m[38;2;1;1;1m                                                            [0m
[48;2;1;1;1m[38;2;1;1;1m                                                            [0m
[48;2;1;1;1m[38;2;1;1;1m                                                            [0m
[48;2;1;1;1m[38;2;1;1;1m                                                            [0m
[48;2;1;1;1m[38;2;1;1;1m                            [48;2;1;1;3m[38;2;1;1;3m  [48;2;1;1;1m[38;2;1;1;1m                              [0m
[48;2;1;1;1m[38;2;1;1;1m                          [48;2;1;1;3m[38;2;1;1;3m  [48;2;2;0;3m[38;2;2;0;3m  [48;2;8;6;9m[38;2;27;25;28m▁[48;2;33;32;34m[38;2;222;220;223m▃[48;2;10;9;11m[38;2;220;218;221m▄▄[48;2;12;7;11m[38;2;222;218;221m▄[48;2;13;9;12m[38;2;199;194;198m▄[48;2;4;4;4m[38;2;12;12;12m▖[48;2;2;2;2m[38;2;0;0;0m▅[48;2;1;1;1m[38;2;1;1;1m                      [0m
[48;2;1;1;1m[38;2;1;1;1m                          [48;2;1;1;3m[38;2;1;1;3m  [48;2;3;1;4m[38;2;3;1;4m  [48;2;143;141;144m[38;2;223;221;223m▇[48;2;247;245;247m[38;2;223;221;224m▁[48;2;249;242;242m[38;2;219;99;122m▄[38;2;205;85;108m▄[48;2;226;226;222m[38;2;208;86;109m▄[48;2;87;83;99m[38;2;22;12;17m▇[48;2;1;1;3m[38;2;1;1;3m  [48;2;1;1;1m[38;2;1;1;1m                      [0m
[48;2;1;1;1m[38;2;1;1;1m                        [48;2;2;2;2m[38;2;2;2;2m  [48;2;3;2;4m[38;2;30;28;31m▁▁[48;2;12;10;15m[38;2;201;199;203m▄[48;2;18;17;21m[38;2;230;228;233m▄[48;2;231;231;234m[38;2;0;0;0m [48;2;58;48;42m[38;2;202;82;111m▄[48;2;191;66;90m[38;2;210;71;100m▊[48;2;54;19;15m[38;2;200;71;96m▄[48;2;164;61;82m[38;2;209;71;96m▊[48;2;7;5;4m[38;2;50;14;16m▎[48;2;1;1;3m[38;2;7;7;9m▃▃[48;2;3;1;4m[38;2;3;1;4m    [48;2;1;1;3m[38;2;1;1;3m  [48;2;1;1;1m[38;2;1;1;1m                [0m
[48;2;1;1;1m[38;2;1;1;1m                    [48;2;1;0;2m[38;2;41;39;42m▁▁[48;2;17;15;18m[38;2;186;184;187m▄[48;2;15;13;16m[38;2;233;231;233m▄[48;2;20;18;21m▄[48;2;218;216;218m[38;2;0;0;0m [48;2;173;171;174m[38;2;250;248;251m▇▇[48;2;250;250;252m[38;2;250;250;252m  [48;2;249;234;231m[38;2;244;251;250m▊[48;2;215;67;97m[38;2;223;134;152m▎[48;2;218;74;101m[38;2;218;74;101m  [48;2;224;104;132m[38;2;212;75;102m▊[48;2;186;178;178m[38;2;244;237;237m▇[48;2;169;167;172m[38;2;237;235;239m▇[48;2;29;27;32m[38;2;232;230;234m▄[48;2;14;13;15m[38;2;235;233;236m▄▄[48;2;16;15;17m[38;2;233;231;234m▄[48;2;15;13;16m[38;2;212;210;213m▄[48;2;4;3;7m[38;2;18;16;21m▃[48;2;2;0;5m[38;2;1;0;4m▗[48;2;1;1;1m[38;2;1;1;1m                [0m
[48;2;1;1;1m[38;2;1;1;1m                [48;2;2;0;3m[38;2;2;0;3m  [48;2;3;0;2m[38;2;18;13;17m▂[48;2;20;16;19m[38;2;185;181;184m▄[48;2;245;243;245m[38;2;143;141;144m▘[48;2;197;195;198m[38;2;248;246;248m▇[48;2;255;255;255m[38;2;248;248;250m▄[48;2;247;247;249m[38;2;207;207;209m▁[48;2;249;247;250m[38;2;184;182;185m▁[48;2;248;246;249m[38;2;0;0;0m [48;2;250;250;252m[38;2;250;250;252m    [48;2;241;243;244m[38;2;0;0;0m [48;2;212;94;116m[38;2;250;241;241m▄[48;2;215;77;106m[38;2;242;243;241m▄▄[48;2;237;235;238m[38;2;251;249;252m▄[48;2;252;250;253m[38;2;248;246;249m▘[48;2;249;248;250m[38;2;223;221;224m▁▁[48;2;248;248;249m[38;2;0;0;0m [38;2;190;190;192m▁[48;2;236;234;237m[38;2;162;160;163m▁[48;2;232;230;233m[38;2;26;24;27m▄[48;2;192;191;192m[38;2;17;16;16m▄[48;2;1;0;0m[38;2;17;15;16m▄[48;2;1;1;1m[38;2;1;1;1m                [0m
[48;2;1;1;1m[38;2;1;1;1m            [48;2;1;1;3m[38;2;1;1;3m  [48;2;3;1;6m[38;2;3;1;6m    [48;2;226;224;227m[38;2;77;75;78m▎[48;2;248;246;249m[38;2;253;251;254m▌[38;2;249;247;249m▄[48;2;231;229;231m[38;2;73;72;74m▄[48;2;226;224;227m[38;2;13;11;14m▄[48;2;31;29;32m[38;2;0;0;0m [48;2;37;35;38m[38;2;6;4;7m▇[48;2;186;185;187m[38;2;9;8;10m▄[48;2;230;228;231m[38;2;0;0;0m [48;2;250;249;251m[38;2;241;239;242m│[48;2;250;250;252m[38;2;250;250;252m      [48;2;246;243;246m[38;2;0;0;0m [48;2;233;224;223m[38;2;212;81;107m▄[48;2;202;69;93m[38;2;0;0;0m [48;2;194;73;107m[38;2;22;8;6m▄[48;2;199;197;200m[38;2;13;11;14m▄[48;2;1;0;2m[38;2;16;14;17m▄[48;2;2;2;2m[38;2;2;2;2m  [48;2;1;1;1m[38;2;1;1;1m                  [0m
[48;2;1;1;1m[38;2;1;1;1m            [48;2;3;1;6m[38;2;3;1;6m    [48;2;1;1;3m[38;2;1;1;3m  [48;2;230;226;227m[38;2;81;77;78m▎[48;2;252;248;249m[38;2;255;253;254m▌[48;2;223;221;224m[38;2;61;59;62m▄[48;2;32;30;33m[38;2;0;0;0m [48;2;1;1;1m[38;2;1;1;1m    [48;2;244;242;244m[38;2;113;111;114m▎[48;2;253;251;253m[38;2;241;239;242m│[48;2;250;250;252m[38;2;250;250;252m      [48;2;246;241;245m[38;2;0;0;0m [48;2;199;78;99m[38;2;208;192;192m▅[48;2;176;57;86m[38;2;13;12;14m▄[48;2;10;4;4m[38;2;0;0;0m [48;2;1;1;1m[38;2;1;1;1m                      [0m
[48;2;1;1;1m[38;2;1;1;1m            [48;2;1;1;3m[38;2;1;1;3m  [48;2;3;1;6m[38;2;3;1;6m  [48;2;1;1;1m[38;2;1;1;1m  [48;2;150;75;88m[38;2;234;222;225m▝[48;2;239;217;222m[38;2;214;73;103m▄[48;2;16;13;13m[38;2;147;100;115m▎[48;2;3;3;2m[38;2;12;1;4m▚[48;2;3;1;6m[38;2;3;1;6m  [48;2;1;1;1m[38;2;1;1;1m  [48;2;244;242;244m[38;2;113;111;114m▎[48;2;253;251;253m[38;2;241;239;242m│[48;2;250;250;252m[38;2;250;250;252m      [48;2;171;166;170m[38;2;251;247;250m▊[48;2;3;0;2m[38;2;52;47;51m▎[48;2;3;1;6m[38;2;3;1;6m    [48;2;1;1;1m[38;2;1;1;1m                    [0m
[48;2;1;1;1m[38;2;1;1;1m              [48;2;2;0;3m[38;2;2;0;3m  [48;2;1;1;3m[38;2;1;1;3m  [48;2;162;53;73m[38;2;19;6;8m▅[48;2;196;71;96m[38;2;22;8;10m▅[48;2;6;4;2m[38;2;79;26;42m▘[48;2;3;4;1m[38;2;0;0;0m [48;2;1;1;3m[38;2;1;1;3m  [48;2;1;1;1m[38;2;1;1;1m  [48;2;217;216;218m[38;2;102;100;103m▎[48;2;255;254;255m[38;2;239;237;240m▄[48;2;250;250;252m[38;2;250;250;252m    [48;2;242;242;244m[38;2;249;249;251m▊[48;2;221;221;223m[38;2;249;249;250m▊[48;2;215;211;215m[38;2;33;29;32m▅[48;2;11;7;10m[38;2;0;0;0m [48;2;1;1;3m[38;2;1;1;3m  [48;2;1;1;1m[38;2;1;1;1m                      [0m
[48;2;1;1;1m[38;2;1;1;1m                [48;2;1;1;3m[38;2;1;1;3m  [48;2;1;1;1m[38;2;1;1;1m    [48;2;3;1;4m[38;2;3;1;4m  [48;2;5;3;6m[38;2;1;0;2m┫[48;2;72;71;73m[38;2;212;210;212m┏[48;2;24;19;23m[38;2;227;223;226m▅[48;2;200;195;199m[38;2;58;53;57m▅[48;2;226;222;225m[38;2;70;65;69m▁[48;2;242;238;241m▁[48;2;242;239;240m[38;2;82;78;79m▁▁[48;2;236;232;235m[38;2;85;80;84m▁[48;2;224;219;223m[38;2;80;75;79m▅[48;2;1;0;2m[38;2;23;21;24m▎[48;2;2;0;3m[38;2;7;5;8m│[48;2;1;1;1m[38;2;1;1;1m                        [0m
[48;2;1;1;1m[38;2;1;1;1m                      [48;2;3;1;6m[38;2;3;1;6m  [48;2;73;69;72m[38;2;210;205;209m┏[48;2;236;232;236m[38;2;0;0;0m [48;2;242;240;243m[38;2;247;245;248m▇[48;2;60;58;61m[38;2;237;235;238m▅[48;2;31;27;30m[38;2;184;179;183m▁[48;2;18;13;17m[38;2;182;177;181m▁[48;2;7;5;8m[38;2;0;0;0m [48;2;16;14;17m[38;2;148;146;149m▁[48;2;45;43;46m[38;2;6;5;7m▊[48;2;245;243;246m[38;2;170;168;171m▎[48;2;37;35;38m[38;2;220;218;221m▅[48;2;3;2;4m[38;2;35;33;36m▎[48;2;1;1;1m[38;2;1;1;1m                        [0m
[48;2;1;1;1m[38;2;1;1;1m                    [48;2;2;0;3m[38;2;2;0;3m  [48;2;5;4;8m[38;2;0;0;0m [48;2;12;11;15m[38;2;143;141;146m▁[48;2;236;234;236m[38;2;102;100;103m▎[48;2;250;248;251m[38;2;243;241;244m▁[48;2;251;249;252m[38;2;255;254;255m┫[48;2;174;172;174m[38;2;30;28;31m┏[48;2;232;230;232m[38;2;0;0;0m [48;2;248;246;249m[38;2;255;254;255m│[48;2;3;0;0m[38;2;100;96;97m▎[48;2;239;236;237m[38;2;165;161;162m▎[48;2;74;70;71m[38;2;3;0;0m┃[48;2;251;247;248m[38;2;174;170;171m▎[48;2;243;241;244m[38;2;0;0;0m [48;2;34;32;35m[38;2;222;220;223m▅[48;2;3;3;3m[38;2;22;22;22m▎[48;2;2;2;2m[38;2;8;8;8m╵[48;2;1;1;1m[38;2;1;1;1m                      [0m
[48;2;1;1;1m[38;2;1;1;1m                    [48;2;2;0;3m[38;2;2;0;3m  [48;2;12;7;11m[38;2;3;0;2m▊[48;2;238;234;237m[38;2;95;90;94m▎[48;2;250;250;252m[38;2;250;250;252m  [48;2;247;245;248m[38;2;236;234;237m╸[48;2;75;73;76m[38;2;239;237;240m▅[48;2;205;197;200m[38;2;96;87;90m▅[48;2;223;215;218m[38;2;73;64;67m▅[48;2;55;49;53m[38;2;172;167;171m▅[48;2;221;216;219m[38;2;40;34;38m▁[48;2;44;40;41m[38;2;184;180;181m▁[48;2;251;248;249m[38;2;174;170;171m▎[48;2;250;250;252m[38;2;239;239;241m╵[48;2;243;243;244m[38;2;0;0;0m [48;2;41;37;40m[38;2;220;216;219m▅[48;2;3;0;2m[38;2;5;0;4m▄[48;2;1;1;1m[38;2;1;1;1m                      [0m
[48;2;1;1;1m[38;2;1;1;1m                  [48;2;1;1;3m[38;2;1;1;3m  [48;2;2;0;3m[38;2;2;0;3m  [48;2;78;73;77m[38;2;217;213;216m┏[48;2;233;228;232m[38;2;0;0;0m [48;2;250;250;252m[38;2;250;250;252m    [48;2;249;248;250m[38;2;0;0;0m [48;2;213;211;214m[38;2;42;40;43m▅[48;2;3;0;2m[38;2;7;2;6m▚[48;2;44;40;43m[38;2;169;164;168m▅[48;2;251;251;252m[38;2;222;222;224m▎[48;2;244;244;246m[38;2;253;253;254m┃[48;2;250;250;252m[38;2;250;250;252m  [48;2;194;189;193m[38;2;248;243;247m▊[48;2;32;28;31m[38;2;205;200;204m▁[48;2;2;2;2m[38;2;2;2;2m  [48;2;1;1;1m[38;2;1;1;1m                    [0m
[48;2;1;1;1m[38;2;1;1;1m                  [48;2;2;0;3m[38;2;2;0;3m  [48;2;3;1;4m[38;2;3;1;4m  [48;2;228;226;229m[38;2;79;77;80m▎[48;2;250;248;251m[38;2;254;253;255m▌[48;2;250;250;252m[38;2;250;250;252m    [48;2;218;217;218m[38;2;43;41;42m▅[48;2;1;0;0m[38;2;3;1;2m▄[48;2;2;2;4m[38;2;2;2;4m  [48;2;197;195;198m[38;2;21;20;22m▅[48;2;249;248;250m[38;2;198;196;199m▎[48;2;250;250;252m[38;2;250;250;252m  [48;2;250;250;251m[38;2;250;250;251m▄[48;2;163;163;165m[38;2;247;247;249m▊[48;2;3;1;4m[38;2;31;29;32m▎[48;2;10;8;11m[38;2;1;0;2m┃[48;2;1;1;1m[38;2;1;1;1m                    [0m
[48;2;6;2;18m[38;2;33;1;188m▁▁▁▁▁▁▁▁▁▁▁▁▁▁[48;2;4;1;7m[38;2;26;3;133m▂▂[48;2;6;2;18m[38;2;33;1;188m▁▁[48;2;7;3;21m[38;2;34;2;191m▁▁[48;2;4;1;11m[38;2;34;12;141m▂[48;2;18;16;21m[38;2;194;187;222m▁[48;2;234;233;235m[38;2;102;100;103m▎[48;2;250;248;251m[38;2;249;248;250m▄[48;2;250;250;252m[38;2;250;250;252m  [48;2;250;248;251m[38;2;246;245;239m▎[48;2;210;207;216m[38;2;46;38;84m▅[48;2;19;16;32m[38;2;36;5;191m▁[48;2;6;4;8m[38;2;24;3;138m▂[48;2;7;3;21m[38;2;34;2;191m▁▁[48;2;12;6;23m[38;2;41;8;183m▁[48;2;228;224;224m[38;2;47;34;84m▆[48;2;251;251;252m[38;2;222;222;224m▎[48;2;244;244;246m[38;2;253;253;254m┃[48;2;250;250;252m[38;2;239;239;241m╵[48;2;243;243;244m[38;2;0;0;0m [48;2;50;46;44m[38;2;229;223;230m▅[48;2;12;8;15m[38;2;42;18;144m▂[48;2;6;2;18m[38;2;33;1;188m▁▁▁▁▁▁▁▁▁▁▁▁▁▁▁▁▁▁▁▁[0m
[48;2;38;3;183m[38;2;38;3;183m                    [48;2;34;3;182m[38;2;41;11;184m│[48;2;235;233;238m[38;2;102;82;197m▎[48;2;250;250;252m[38;2;250;250;252m    [48;2;246;243;242m[38;2;89;68;192m▂[48;2;37;5;186m[38;2;121;101;199m▎[48;2;38;3;183m[38;2;38;3;183m    [48;2;39;4;184m[38;2;39;4;184m  [48;2;235;233;235m[38;2;62;38;182m▆[48;2;248;246;248m[38;2;219;214;237m▎[48;2;250;250;252m[38;2;250;250;252m  [48;2;189;180;225m[38;2;248;246;246m▊[48;2;44;19;177m[38;2;202;195;228m▂[48;2;39;4;184m[38;2;39;4;184m  [48;2;38;3;183m[38;2;38;3;183m                  [0m
[48;2;38;3;183m[38;2;38;3;183m                    [48;2;34;3;182m[38;2;41;11;184m│[48;2;235;233;238m[38;2;102;82;197m▎[48;2;250;250;252m[38;2;250;250;252m  [48;2;251;251;253m[38;2;251;251;253m  [48;2;40;8;182m[38;2;174;160;209m▎[48;2;31;0;184m[38;2;45;11;186m┃[48;2;38;3;183m[38;2;38;3;183m      [48;2;80;51;198m[38;2;35;5;174m▊[48;2;234;229;241m[38;2;77;51;190m▂[48;2;249;249;251m[38;2;249;249;251m  [48;2;252;252;249m[38;2;244;242;253m▎[48;2;163;157;191m[38;2;247;245;251m▊[48;2;40;5;183m[38;2;40;5;183m  [48;2;38;3;183m[38;2;38;3;183m                  [0m
[48;2;38;3;185m[38;2;38;3;185m                    [48;2;35;4;179m[38;2;40;5;198m▎[48;2;194;185;217m[38;2;48;18;184m▂[48;2;236;235;238m[38;2;0;0;0m [48;2;248;247;249m [48;2;251;251;253m[38;2;251;251;253m  [48;2;38;8;180m[38;2;180;166;215m▎[48;2;41;3;200m[38;2;37;3;180m▊[48;2;38;3;185m[38;2;38;3;185m      [48;2;38;3;183m[38;2;34;1;170m│[48;2;80;52;188m[38;2;41;6;186m▊[48;2;251;251;252m[38;2;222;222;224m▎[48;2;244;244;246m[38;2;253;253;254m┃[48;2;252;252;254m[38;2;245;245;247m▘[48;2;250;250;251m[38;2;225;225;227m▝[48;2;61;38;180m[38;2;223;217;233m▆[48;2;36;6;181m[38;2;53;28;177m▎[48;2;38;3;185m[38;2;38;3;185m                  [0m
[48;2;38;3;185m[38;2;38;3;185m                      [48;2;232;230;235m[38;2;93;76;182m▎[48;2;251;249;255m[38;2;250;251;243m▌[48;2;251;251;253m[38;2;251;251;253m  [48;2;38;8;180m[38;2;180;166;215m▎[48;2;41;3;200m[38;2;37;3;180m▊[48;2;38;3;185m[38;2;38;3;185m      [48;2;39;4;184m[38;2;39;4;184m  [48;2;203;198;221m[38;2;58;33;183m▆[48;2;252;251;246m[38;2;217;211;235m▎[48;2;250;250;252m[38;2;250;250;252m  [48;2;167;160;194m[38;2;247;244;246m▊[48;2;36;5;184m[38;2;65;39;188m▎[48;2;38;3;185m[38;2;38;3;185m                  [0m
[48;2;38;3;185m[38;2;38;3;185m                      [48;2;173;164;220m[38;2;38;11;183m▆[48;2;217;203;225m[38;2;159;65;105m▂[48;2;243;236;236m[38;2;210;70;100m▂▂[48;2;37;5;181m[38;2;133;119;170m▎[48;2;43;7;195m[38;2;31;3;169m│[48;2;38;3;185m[38;2;38;3;185m        [48;2;39;8;181m[38;2;0;0;0m [48;2;208;198;236m[38;2;53;25;182m▆[48;2;236;230;233m[38;2;213;81;102m▂[48;2;230;224;228m[38;2;205;74;95m▂[48;2;186;187;205m[38;2;84;32;153m▆[48;2;45;7;182m[38;2;0;0;0m [48;2;38;3;185m[38;2;38;3;185m                  [0m
[48;2;38;3;185m[38;2;38;3;185m                    [48;2;39;4;187m[38;2;0;0;0m [48;2;35;3;168m[38;2;22;7;65m▂[48;2;69;17;170m[38;2;161;62;94m▆[48;2;207;73;100m[38;2;0;0;0m [48;2;213;76;102m[38;2;221;72;102m▄[48;2;203;67;93m[38;2;62;20;17m▂[48;2;65;28;170m[38;2;29;14;28m▇[48;2;30;9;145m[38;2;6;5;14m▆[48;2;32;9;139m[38;2;5;3;9m▆▆[48;2;33;10;140m[38;2;6;4;9m▆▆[48;2;32;9;141m[38;2;5;3;10m▆▆▆▆[48;2;38;11;140m[38;2;11;5;10m▆[48;2;41;14;144m[38;2;16;10;15m▆[48;2;214;72;98m[38;2;210;68;94m▌[48;2;221;79;105m[38;2;218;76;102m▌[48;2;215;70;102m[38;2;0;0;0m [48;2;106;42;133m[38;2;201;74;96m▅[48;2;44;10;175m[38;2;202;62;88m▂[48;2;52;10;178m[38;2;179;59;79m▂[48;2;38;3;183m[38;2;38;3;183m  [48;2;38;3;185m[38;2;38;3;185m              [0m
[48;2;38;3;185m[38;2;38;3;185m                    [48;2;37;2;180m[38;2;37;0;193m▖[48;2;37;16;107m[38;2;37;3;175m▆[48;2;59;24;49m[38;2;51;11;159m▃[48;2;61;24;52m[38;2;44;9;186m▂[48;2;153;49;70m[38;2;23;9;84m▆[48;2;21;10;26m[38;2;52;5;188m▂[48;2;8;4;23m[38;2;40;11;176m▂▂[48;2;4;3;11m[38;2;38;15;149m▃▃▃▃▃▃[48;2;9;4;23m[38;2;41;12;177m▂▂[48;2;13;7;26m[38;2;36;8;170m▂▂[48;2;163;58;75m[38;2;24;7;80m▆▆[48;2;149;46;68m[38;2;22;9;82m▆▆[48;2;164;51;73m[38;2;25;11;96m▆[48;2;149;48;112m[38;2;39;6;177m▆[48;2;38;3;185m[38;2;38;3;185m                [0m
[48;2;40;2;185m[38;2;40;2;185m                                                            [0m
[48;2;40;2;185m[38;2;40;2;185m                                                            [0m
