[48;2;1;1;1m[38;2;1;1;1m                                                            [0m
[48;2;1;1;1m[38;2;1;1;1m                                                            [0m
[48;2;1;1;1m[38;2;1;1;1m                                                            [0m
[48;2;1;1;1m[38;2;1;1;1m                                                            [0m
[48;2;1;1;1m[38;2;1;1;1m                            [48;2;1;1;3m[38;2;1;1;3m  [48;2;1;1;1m[38;2;1;1;1m                              [0m
[48;2;1;1;1m[38;2;1;1;1m                          [48;2;1;1;3m[38;2;1;1;3m  [48;2;2;0;3m[38;2;2;0;3m  [48;2;2;1;5m[38;2;9;7;12m▃▃▃▃[48;2;4;2;5m[38;2;4;2;5m  [48;2;1;1;1m[38;2;1;1;1m                        [0m
[48;2;1;1;1m[38;2;1;1;1m                          [48;2;1;1;3m[38;2;1;1;3m  [48;2;1;0;2m[38;2;17;15;18m [48;2;16;14;17m[38;2;193;191;194m▄[48;2;143;141;144m[38;2;236;234;237m▇[48;2;172;170;173m[38;2;248;246;248m▇[48;2;156;154;155m[38;2;246;244;245m▇[48;2;163;161;162m[38;2;240;239;240m▇[48;2;201;196;200m[38;2;43;38;42m▄[48;2;12;8;11m[38;2;0;0;0m [48;2;1;1;3m[38;2;1;1;3m  [48;2;1;1;1m[38;2;1;1;1m                      [0m
[48;2;1;1;1m[38;2;1;1;1m                          [48;2;3;1;4m[38;2;3;1;4m  [48;2;19;17;22m[38;2;1;0;4m▊[48;2;250;248;252m[38;2;138;136;141m▎[48;2;243;245;246m[38;2;0;0;0m [48;2;245;235;235m[38;2;219;101;122m▄[48;2;208;96;118m[38;2;55;23;21m▄[48;2;177;59;83m[38;2;216;82;112m┃[48;2;1;0;0m[38;2;23;21;22m▎[48;2;2;0;1m[38;2;7;5;6m│[48;2;1;1;3m[38;2;1;1;3m  [48;2;3;1;4m[38;2;3;1;4m    [48;2;1;1;3m[38;2;1;1;3m  [48;2;1;1;1m[38;2;1;1;1m                [0m
[48;2;1;1;1m[38;2;1;1;1m                    [48;2;2;2;4m[38;2;2;2;4m  [48;2;1;1;3m[38;2;1;1;3m  [48;2;1;1;1m[38;2;1;1;1m    [48;2;19;17;20m[38;2;1;0;2m▊[48;2;250;248;251m[38;2;138;136;139m▎[48;2;249;234;231m[38;2;244;251;250m▊[48;2;215;67;97m[38;2;223;134;152m▎[48;2;205;67;92m[38;2;214;76;101m┃[48;2;183;45;70m▊[48;2;1;0;0m[38;2;23;21;22m▎[48;2;2;0;1m[38;2;7;5;6m│[48;2;1;1;1m[38;2;1;1;1m  [48;2;1;1;3m[38;2;1;1;3m    [48;2;3;1;6m[38;2;3;1;6m  [48;2;1;1;1m[38;2;1;1;1m                [0m
[48;2;1;1;1m[38;2;1;1;1m                [48;2;2;0;3m[38;2;2;0;3m    [48;2;1;1;1m[38;2;1;1;1m    [48;2;0;0;0m[38;2;6;6;6m━[48;2;4;4;4m[38;2;48;48;48m▁[48;2;3;2;4m[38;2;73;71;74m▁▁[48;2;24;22;25m[38;2;212;210;213m▄[48;2;232;231;233m[38;2;0;0;0m [48;2;246;234;231m[38;2;214;107;135m▄[48;2;211;77;99m[38;2;0;0;0m [48;2;208;73;94m[38;2;223;110;136m▁[48;2;209;78;106m[38;2;244;228;232m▄[48;2;28;26;29m[38;2;240;239;241m▄[48;2;18;17;19m[38;2;222;220;223m▄[48;2;9;8;8m[38;2;61;59;60m▁[48;2;1;0;0m[38;2;14;12;13m▁[48;2;1;1;1m[38;2;1;1;1m                      [0m
[48;2;1;1;1m[38;2;1;1;1m            [48;2;1;1;3m[38;2;1;1;3m  [48;2;3;1;6m[38;2;3;1;6m    [48;2;1;1;1m[38;2;1;1;1m      [48;2;22;18;21m[38;2;191;187;191m▄[48;2;228;224;227m[38;2;0;0;0m [48;2;223;223;225m[38;2;249;249;251m▇▇[48;2;250;250;252m[38;2;250;250;252m  [48;2;239;228;226m[38;2;246;249;249m▊[48;2;210;77;105m[38;2;229;148;165m▎[48;2;249;246;247m[38;2;218;214;215m▎[48;2;254;251;252m[38;2;246;242;243m▎[48;2;250;250;252m[38;2;250;250;252m  [48;2;169;164;168m[38;2;245;241;244m▊[48;2;21;16;20m[38;2;103;98;102m▁[48;2;12;6;9m[38;2;0;0;0m [48;2;18;7;10m[38;2;202;70;87m▄[48;2;18;8;5m[38;2;183;62;89m▄[48;2;6;3;4m[38;2;0;0;0m [48;2;1;1;1m[38;2;1;1;1m                  [0m
[48;2;1;1;1m[38;2;1;1;1m            [48;2;3;1;6m[38;2;3;1;6m    [48;2;1;1;3m[38;2;1;1;3m  [48;2;1;1;1m[38;2;1;1;1m    [48;2;3;0;0m[38;2;6;2;3m▄[48;2;29;25;26m[38;2;181;177;178m▄[48;2;223;220;221m[38;2;0;0;0m [48;2;250;247;248m[38;2;247;244;245m▄[48;2;250;250;252m[38;2;250;250;252m    [48;2;249;249;251m[38;2;249;249;251m  [48;2;250;250;252m[38;2;250;250;252m    [48;2;249;249;251m[38;2;255;255;255m┗[48;2;237;237;239m[38;2;0;0;0m [48;2;60;40;44m[38;2;243;228;231m▄[48;2;168;70;81m[38;2;212;82;110m▊[48;2;163;58;82m[38;2;13;10;3m▄[48;2;10;3;8m[38;2;0;0;0m [48;2;1;1;1m[38;2;1;1;1m                  [0m
[48;2;1;1;1m[38;2;1;1;1m            [48;2;1;1;3m[38;2;1;1;3m  [48;2;3;1;6m[38;2;3;1;6m  [48;2;1;1;1m[38;2;1;1;1m    [48;2;1;1;3m[38;2;1;1;3m  [48;2;0;7;0m[38;2;2;1;3m▊[48;2;190;58;86m[38;2;59;23;25m▎[48;2;206;71;97m[38;2;230;122;139m▁[48;2;243;242;242m[38;2;225;147;163m▎[48;2;250;250;252m[38;2;250;250;252m        [48;2;249;249;251m[38;2;249;249;251m  [48;2;245;245;247m[38;2;127;127;129m▁[48;2;246;246;247m[38;2;0;0;0m [48;2;250;250;252m[38;2;255;255;255m┗[48;2;238;238;239m[38;2;0;0;0m [48;2;46;42;43m[38;2;222;218;219m▄[48;2;3;0;0m[38;2;7;3;4m▄[48;2;1;1;1m[38;2;1;1;1m                  [0m
[48;2;1;1;1m[38;2;1;1;1m              [48;2;2;0;3m[38;2;2;0;3m  [48;2;1;1;3m[38;2;1;1;3m  [48;2;1;1;1m[38;2;1;1;1m    [48;2;1;1;3m[38;2;1;1;3m  [48;2;183;182;184m[38;2;21;19;22m▅[48;2;244;242;245m[38;2;167;166;168m▎[48;2;250;250;252m[38;2;250;250;252m        [48;2;246;245;247m[38;2;0;0;0m [48;2;229;227;229m[38;2;97;95;98m▁[48;2;23;19;22m[38;2;0;0;0m [48;2;228;224;228m[38;2;42;37;41m▅[48;2;240;238;240m[38;2;100;98;101m▁[48;2;234;233;235m[38;2;82;80;83m▁[48;2;209;207;208m[38;2;26;25;25m▅[48;2;1;0;0m[38;2;2;0;1m┏[48;2;1;1;1m[38;2;1;1;1m                  [0m
[48;2;1;1;1m[38;2;1;1;1m                [48;2;1;1;3m[38;2;1;1;3m  [48;2;1;1;1m[38;2;1;1;1m    [48;2;3;1;4m[38;2;3;1;4m  [48;2;5;4;6m[38;2;12;10;13m╸[48;2;190;188;190m[38;2;18;17;19m▅[48;2;226;224;227m[38;2;0;0;0m [48;2;251;250;252m[38;2;239;237;240m╵[48;2;250;250;252m[38;2;250;250;252m      [48;2;249;247;250m[38;2;251;249;252m┃[48;2;1;0;2m[38;2;67;65;68m▎[48;2;1;1;1m[38;2;1;1;1m                        [0m
[48;2;1;1;1m[38;2;1;1;1m                      [48;2;3;1;6m[38;2;3;1;6m  [48;2;1;1;3m[38;2;1;1;3m  [48;2;195;191;194m[38;2;62;58;61m▅[48;2;224;220;224m[38;2;89;84;88m▁[48;2;240;238;241m[38;2;66;64;67m▁▁▁▁[48;2;239;238;240m▁[48;2;232;230;232m[38;2;72;70;73m▁[48;2;211;207;211m[38;2;77;72;76m▅[48;2;12;8;11m[38;2;0;0;0m [48;2;1;1;1m[38;2;1;1;1m                        [0m
[48;2;1;1;1m[38;2;1;1;1m                    [48;2;2;0;3m[38;2;2;0;3m  [48;2;3;1;6m[38;2;3;1;6m  [48;2;10;8;11m[38;2;1;0;2m▊[48;2;77;75;78m[38;2;220;218;220m┏[48;2;233;231;233m[38;2;0;0;0m [48;2;57;55;58m[38;2;239;238;240m▅[48;2;32;30;33m[38;2;187;185;188m▁[48;2;7;6;8m[38;2;0;0;0m [48;2;14;13;15m[38;2;147;145;148m▁[48;2;1;0;2m[38;2;8;6;9m▄[48;2;22;18;21m[38;2;164;159;163m▁[48;2;42;38;41m[38;2;224;220;223m▅[48;2;238;237;239m[38;2;0;0;0m [48;2;38;36;39m[38;2;220;219;221m▅[48;2;3;3;3m[38;2;22;22;22m▎[48;2;2;2;2m[38;2;8;8;8m╵[48;2;1;1;1m[38;2;1;1;1m                      [0m
[48;2;1;1;1m[38;2;1;1;1m                    [48;2;2;0;3m[38;2;2;0;3m  [48;2;3;1;6m[38;2;3;1;6m  [48;2;17;13;16m[38;2;156;151;155m▁[48;2;242;238;241m[38;2;129;124;128m▎[48;2;250;250;252m[38;2;250;250;252m  [48;2;239;237;240m[38;2;248;246;249m▊[48;2;39;37;40m[38;2;141;139;142m▎[48;2;214;209;213m[38;2;66;61;65m▁[48;2;59;54;58m[38;2;231;227;230m▅[48;2;213;208;210m[38;2;92;87;88m▅[48;2;230;224;226m[38;2;63;57;59m▁[48;2;248;248;249m[38;2;0;0;0m [48;2;227;227;229m[38;2;246;246;248m▊[48;2;41;37;40m[38;2;220;216;219m▅[48;2;3;0;2m[38;2;5;0;4m▄[48;2;1;1;1m[38;2;1;1;1m                      [0m
[48;2;1;1;1m[38;2;1;1;1m                  [48;2;1;1;3m[38;2;1;1;3m      [48;2;255;254;255m[38;2;211;209;212m▌[48;2;246;244;247m[38;2;255;254;255m│[48;2;250;250;252m[38;2;250;250;252m    [48;2;64;60;63m[38;2;237;233;237m▅[48;2;202;197;201m[38;2;39;34;38m▅[48;2;226;222;225m[38;2;30;25;29m▁[48;2;62;57;61m[38;2;233;229;232m▅[48;2;195;191;194m[38;2;70;66;69m┳[48;2;243;239;242m[38;2;0;0;0m [48;2;241;240;242m [48;2;45;43;46m[38;2;220;218;220m▅[48;2;2;2;2m[38;2;12;12;12m▌[48;2;4;4;4m[38;2;0;0;0m▊[48;2;1;1;1m[38;2;1;1;1m                    [0m
[48;2;1;1;1m[38;2;1;1;1m                  [48;2;2;0;3m[38;2;2;0;3m  [48;2;3;1;4m[38;2;3;1;4m  [48;2;4;2;5m[38;2;9;7;10m│[48;2;77;75;78m[38;2;226;224;226m┏[48;2;232;232;233m[38;2;0;0;0m [48;2;249;249;250m[38;2;249;249;250m▄[48;2;250;250;252m[38;2;250;250;252m    [48;2;241;239;241m[38;2;88;86;89m▂[48;2;5;3;6m[38;2;66;64;67m▎[48;2;51;49;52m[38;2;3;1;4m▊[48;2;250;249;251m[38;2;170;168;171m▎[48;2;250;250;252m[38;2;250;250;252m  [48;2;245;245;247m[38;2;249;249;250m▄[48;2;236;236;238m[38;2;255;255;255m▌[48;2;42;40;41m[38;2;221;219;220m▅[48;2;1;0;0m[38;2;59;57;58m▎[48;2;1;1;1m[38;2;1;1;1m                    [0m
[48;2;6;2;18m[38;2;33;1;188m▁▁▁▁▁▁▁▁▁▁▁▁▁▁[48;2;4;1;7m[38;2;26;3;133m▂▂[48;2;6;2;18m[38;2;33;1;188m▁▁[48;2;7;3;21m[38;2;34;2;191m▁▁[48;2;6;2;20m[38;2;33;1;190m▁▁[48;2;6;3;13m[38;2;24;3;131m▂[48;2;237;235;239m[38;2;92;87;107m▎[48;2;250;250;252m[38;2;250;250;252m    [48;2;247;246;250m[38;2;0;0;0m [48;2;231;229;235m[38;2;67;48;166m▁[48;2;28;22;39m[38;2;38;8;193m▁[48;2;10;4;22m[38;2;25;0;180m▁[48;2;12;6;23m[38;2;41;8;183m▁[48;2;228;224;224m[38;2;47;34;84m▆[48;2;251;251;252m[38;2;222;222;224m▎[48;2;244;244;246m[38;2;253;253;254m┃[48;2;250;250;252m[38;2;250;250;252m  [48;2;176;174;177m[38;2;246;244;246m▊[48;2;33;32;34m[38;2;229;228;230m▁[48;2;6;3;19m[38;2;40;10;184m▁▁[48;2;6;2;18m[38;2;33;1;188m▁▁▁▁▁▁▁▁▁▁▁▁▁▁▁▁▁▁[0m
[48;2;38;3;183m[38;2;38;3;183m                      [48;2;35;10;179m[38;2;175;165;218m▂[48;2;239;236;241m[38;2;123;107;194m▎[48;2;250;250;252m[38;2;250;250;252m    [48;2;242;240;237m[38;2;94;77;197m▂[48;2;38;9;188m[38;2;120;103;198m▎[48;2;38;3;183m[38;2;38;3;183m  [48;2;39;4;184m[38;2;39;4;184m  [48;2;235;233;235m[38;2;62;38;182m▆[48;2;248;246;248m[38;2;219;214;237m▎[48;2;250;250;252m[38;2;250;250;252m  [48;2;253;252;252m[38;2;243;244;238m│[48;2;170;165;197m[38;2;245;244;251m▊[48;2;39;4;182m[38;2;39;4;182m  [48;2;38;3;183m[38;2;38;3;183m                  [0m
[48;2;38;3;183m[38;2;38;3;183m                    [48;2;36;3;190m[38;2;36;6;182m▄[48;2;48;19;181m[38;2;194;184;221m▆[48;2;235;234;239m[38;2;0;0;0m [48;2;247;246;250m [48;2;250;250;252m[38;2;250;250;252m  [48;2;246;245;247m[38;2;0;0;0m [48;2;244;242;248m[38;2;89;74;177m▂[48;2;38;5;179m[38;2;111;89;193m▎[48;2;35;5;173m[38;2;42;7;195m┃[48;2;38;3;183m[38;2;38;3;183m    [48;2;40;9;179m[38;2;0;0;0m [48;2;228;220;248m[38;2;58;31;184m▆[48;2;254;254;255m[38;2;235;235;237m▌[48;2;251;251;253m[38;2;246;246;248m┃[48;2;252;251;254m[38;2;247;246;251m▌[48;2;249;248;251m[38;2;222;221;226m▝[48;2;55;27;180m[38;2;217;210;228m▆[48;2;38;6;184m[38;2;51;26;177m▎[48;2;38;3;183m[38;2;38;3;183m                  [0m
[48;2;38;3;185m[38;2;38;3;185m                    [48;2;46;25;175m[38;2;192;186;219m▆[48;2;238;236;242m[38;2;0;0;0m [48;2;250;250;252m[38;2;250;250;252m  [48;2;248;247;249m[38;2;246;248;232m▁[48;2;237;236;242m[38;2;87;69;178m▂[48;2;234;227;248m[38;2;66;40;184m▆[48;2;40;12;184m[38;2;0;0;0m [48;2;38;3;185m[38;2;38;3;185m      [48;2;40;5;185m[38;2;40;5;185m  [48;2;210;204;226m[38;2;55;31;184m▆[48;2;251;249;247m[38;2;218;211;237m▎[48;2;250;250;252m[38;2;250;250;252m  [48;2;243;243;244m[38;2;0;0;0m [48;2;65;44;189m[38;2;217;215;228m▆[48;2;39;4;184m[38;2;39;4;184m  [48;2;38;3;185m[38;2;38;3;185m                [0m
[48;2;38;3;185m[38;2;38;3;185m                  [48;2;35;5;183m[38;2;0;0;0m [48;2;63;41;173m[38;2;192;182;223m▆[48;2;238;237;241m[38;2;0;0;0m [48;2;251;250;255m[38;2;255;254;255m▄[48;2;250;250;252m[38;2;250;250;252m  [48;2;237;233;243m[38;2;87;68;185m▂[48;2;43;16;182m[38;2;126;111;192m▎[48;2;38;3;185m[38;2;38;3;185m          [48;2;41;10;183m[38;2;0;0;0m [48;2;213;206;234m[38;2;54;25;185m▆[48;2;250;250;251m[38;2;221;221;223m▎[48;2;249;249;250m[38;2;242;242;244m▎[48;2;251;250;253m[38;2;242;241;246m│[48;2;201;200;205m[38;2;246;245;249m▊[48;2;51;21;180m[38;2;210;198;240m▂[48;2;43;11;189m[38;2;30;1;169m┻[48;2;38;3;185m[38;2;38;3;185m                [0m
[48;2;38;3;185m[38;2;38;3;185m                  [48;2;32;2;175m[38;2;42;8;187m┃[48;2;164;148;214m[38;2;44;12;184m▆[48;2;239;215;223m[38;2;165;59;114m▆[48;2;229;210;208m[38;2;213;65;94m▂[48;2;243;232;231m[38;2;193;74;101m▂[48;2;221;211;239m[38;2;81;52;177m▆[48;2;43;13;180m[38;2;0;0;0m [48;2;40;6;189m[38;2;39;5;189m▄[48;2;38;3;185m[38;2;38;3;185m          [48;2;40;5;185m[38;2;40;5;185m  [48;2;220;215;234m[38;2;52;28;181m▆[48;2;233;229;238m[38;2;47;25;170m▂[48;2;241;236;236m[38;2;209;70;100m▂▂[48;2;221;208;220m[38;2;174;79;117m▂[48;2;39;8;181m[38;2;30;1;198m│[48;2;38;3;185m[38;2;38;3;185m                [0m
[48;2;38;3;185m[38;2;38;3;185m                    [48;2;89;33;88m[38;2;200;66;91m┗[48;2;203;70;88m[38;2;0;0;0m [48;2;214;74;93m[38;2;229;76;111m▗[48;2;71;22;69m[38;2;193;73;91m▂[48;2;28;11;148m[38;2;18;11;15m▆[48;2;43;6;150m[38;2;5;4;7m▆[48;2;32;9;141m[38;2;5;3;10m▆▆[48;2;32;9;139m[38;2;5;3;9m▆▆[48;2;33;10;140m[38;2;6;4;9m▆▆[48;2;32;9;141m[38;2;5;3;10m▆▆▆▆▆▆[48;2;36;13;156m[38;2;14;9;15m▆[48;2;47;19;67m[38;2;192;66;86m▂[48;2;217;75;101m[38;2;217;75;101m  [48;2;129;44;97m[38;2;213;76;100m▊[48;2;42;4;179m[38;2;25;9;59m▃[48;2;38;3;185m[38;2;38;3;185m                [0m
[48;2;38;3;185m[38;2;38;3;185m                    [48;2;27;13;86m[38;2;43;7;186m▆[48;2;138;58;58m[38;2;38;11;103m▇[48;2;166;57;74m[38;2;23;7;80m▆▆[48;2;19;12;32m[38;2;36;8;170m▂[48;2;11;5;24m[38;2;38;8;172m▂[48;2;8;4;23m[38;2;40;11;176m▂▂[48;2;4;3;11m[38;2;38;15;149m▃▃▃▃▃▃[48;2;9;4;23m[38;2;41;12;177m▂▂▂▂[48;2;20;11;26m[38;2;45;2;181m▂[48;2;147;45;63m[38;2;22;9;82m▆[48;2;149;46;68m▆▆[48;2;63;22;63m[38;2;32;11;187m▂[48;2;34;12;83m[38;2;38;3;172m▆[48;2;38;3;185m[38;2;38;3;185m                [0m
[48;2;40;2;185m[38;2;40;2;185m                                                            [0m
[48;2;40;2;185m[38;2;40;2;185m                                                            [0m
