[48;2;1;1;1m[38;2;1;1;1m                                                            [0m
[48;2;1;1;1m[38;2;1;1;1m                                                            [0m
[48;2;1;1;1m[38;2;1;1;1m                                                            [0m
[48;2;1;1;1m[38;2;1;1;1m                                                            [0m
[48;2;1;1;1m[38;2;1;1;1m                            [48;2;1;1;3m[38;2;1;1;3m  [48;2;1;1;1m[38;2;1;1;1m                              [0m
[48;2;1;1;1m[38;2;1;1;1m                          [48;2;1;1;3m[38;2;1;1;3m  [48;2;2;0;3m[38;2;2;0;3m  [48;2;2;1;5m[38;2;9;7;12m▃▃[48;2;5;3;8m[38;2;5;3;8m  [48;2;4;2;5m[38;2;4;2;5m  [48;2;1;1;1m[38;2;1;1;1m                        [0m
[48;2;1;1;1m[38;2;1;1;1m                          [48;2;1;1;3m[38;2;1;1;3m  [48;2;1;0;2m[38;2;4;2;5m│[48;2;15;13;16m[38;2;194;192;195m▄[48;2;138;136;139m[38;2;236;234;236m▇[48;2;168;166;169m[38;2;248;247;249m▇[48;2;159;157;158m[38;2;246;244;245m▇[48;2;166;164;165m[38;2;240;238;239m▇[48;2;197;192;196m[38;2;44;40;43m▄[48;2;12;7;11m[38;2;0;0;0m [48;2;1;1;3m[38;2;1;1;3m  [48;2;1;1;1m[38;2;1;1;1m                      [0m
[48;2;1;1;1m[38;2;1;1;1m                          [48;2;3;1;4m[38;2;3;1;4m  [48;2;16;14;19m[38;2;4;2;7m▊[48;2;249;247;251m[38;2;137;135;140m▎[48;2;249;246;250m[38;2;239;233;241m╵[48;2;237;236;226m[38;2;216;100;128m▄[48;2;206;93;115m[38;2;52;23;20m▄[48;2;224;115;136m[38;2;193;63;91m▇[48;2;1;0;0m[38;2;24;22;23m▎[48;2;2;0;1m[38;2;7;5;6m│[48;2;1;1;3m[38;2;1;1;3m  [48;2;3;1;4m[38;2;3;1;4m    [48;2;1;1;3m[38;2;1;1;3m  [48;2;1;1;1m[38;2;1;1;1m                [0m
[48;2;1;1;1m[38;2;1;1;1m                    [48;2;2;2;4m[38;2;2;2;4m  [48;2;1;1;3m[38;2;1;1;3m  [48;2;1;1;1m[38;2;1;1;1m    [48;2;8;6;9m[38;2;26;24;27m▂[48;2;249;247;250m[38;2;134;132;135m▎[48;2;255;232;233m[38;2;249;250;249m▊[48;2;211;69;98m[38;2;216;138;152m▎[48;2;205;67;92m[38;2;214;76;101m┃[48;2;182;44;69m▊[48;2;5;4;4m[38;2;30;28;29m▂[48;2;3;1;2m[38;2;0;0;0m [48;2;1;1;1m[38;2;1;1;1m  [48;2;1;1;3m[38;2;1;1;3m    [48;2;3;1;6m[38;2;3;1;6m  [48;2;1;1;1m[38;2;1;1;1m                [0m
[48;2;1;1;1m[38;2;1;1;1m                [48;2;2;0;3m[38;2;2;0;3m    [48;2;1;1;1m[38;2;1;1;1m    [48;2;7;5;6m[38;2;63;61;62m▁[48;2;17;16;16m[38;2;197;195;196m▄[48;2;20;18;21m[38;2;239;237;239m▄▄[48;2;227;226;228m[38;2;0;0;0m [48;2;255;254;255m[38;2;239;237;240m╺[48;2;247;234;232m[38;2;216;100;130m▄[48;2;209;81;101m[38;2;0;0;0m [48;2;210;71;100m[38;2;228;113;147m▁[48;2;217;86;107m[38;2;240;231;226m▄[48;2;190;185;189m[38;2;237;233;237m▇[48;2;39;34;38m[38;2;240;236;240m▄[48;2;20;18;21m[38;2;213;211;214m▄[48;2;11;9;12m[38;2;0;0;0m [48;2;1;1;1m[38;2;1;1;1m                      [0m
[48;2;1;1;1m[38;2;1;1;1m            [48;2;1;1;3m[38;2;1;1;3m  [48;2;3;1;6m[38;2;3;1;6m    [48;2;1;1;1m[38;2;1;1;1m    [48;2;3;3;3m[38;2;0;0;0m [48;2;0;0;0m[38;2;14;14;14m▂[48;2;233;231;233m[38;2;91;89;92m▎[48;2;250;248;251m[38;2;245;243;246m│[48;2;250;250;252m[38;2;250;250;252m    [48;2;240;229;227m[38;2;249;247;248m▊[48;2;207;80;105m[38;2;227;149;165m▎[48;2;251;248;249m[38;2;222;218;219m▎[48;2;245;241;242m[38;2;254;250;251m┃[48;2;250;250;252m[38;2;250;250;252m  [48;2;238;236;239m[38;2;0;0;0m [48;2;35;33;36m[38;2;219;217;220m▄[48;2;4;2;5m[38;2;4;2;5m  [48;2;1;1;3m[38;2;1;1;3m  [48;2;1;1;1m[38;2;1;1;1m                  [0m
[48;2;1;1;1m[38;2;1;1;1m            [48;2;3;1;6m[38;2;3;1;6m    [48;2;1;1;3m[38;2;1;1;3m  [48;2;1;1;1m[38;2;1;1;1m    [48;2;6;4;5m[38;2;5;3;4m▄[48;2;235;233;234m[38;2;90;88;89m▎[48;2;250;250;252m[38;2;250;250;252m      [48;2;249;249;251m[38;2;249;249;251m  [48;2;250;250;252m[38;2;250;250;252m    [48;2;242;242;244m[38;2;251;251;253m▊[48;2;237;237;239m[38;2;0;0;0m [48;2;40;35;38m[38;2;227;222;226m▄[48;2;13;8;11m[38;2;64;58;62m▁[48;2;1;1;3m[38;2;1;1;3m  [48;2;1;1;1m[38;2;1;1;1m                  [0m
[48;2;1;1;1m[38;2;1;1;1m            [48;2;1;1;3m[38;2;1;1;3m  [48;2;3;1;6m[38;2;3;1;6m  [48;2;1;1;1m[38;2;1;1;1m    [48;2;1;1;3m[38;2;1;1;3m  [48;2;7;5;8m[38;2;6;4;7m▄[48;2;236;234;236m[38;2;91;89;92m▎[48;2;243;220;226m[38;2;215;103;123m▄[48;2;241;242;242m[38;2;213;89;115m▅[48;2;240;236;239m[38;2;0;0;0m [48;2;253;249;253m[38;2;245;240;244m▎[48;2;250;250;252m[38;2;250;250;252m      [48;2;249;249;251m[38;2;249;249;251m  [48;2;246;241;245m[38;2;126;121;125m▁[48;2;249;245;248m[38;2;221;216;220m▗[48;2;234;208;201m[38;2;208;73;103m▄[48;2;164;46;70m[38;2;215;71;103m▊[48;2;4;2;5m[38;2;4;2;5m  [48;2;1;1;1m[38;2;1;1;1m                  [0m
[48;2;1;1;1m[38;2;1;1;1m              [48;2;2;0;3m[38;2;2;0;3m  [48;2;1;1;3m[38;2;1;1;3m  [48;2;1;1;1m[38;2;1;1;1m    [48;2;1;0;0m[38;2;3;1;2m▄[48;2;188;187;188m[38;2;19;17;18m▅[48;2;200;92;111m[38;2;25;14;15m▅[48;2;195;104;124m[38;2;234;217;219m┏[48;2;243;239;243m[38;2;0;0;0m [48;2;251;246;250m[38;2;240;235;239m╵[48;2;250;250;252m[38;2;250;250;252m      [48;2;247;245;248m[38;2;0;0;0m [48;2;226;224;227m[38;2;102;100;103m▁[48;2;23;18;21m[38;2;0;0;0m [48;2;214;208;212m[38;2;42;36;40m▅[48;2;204;70;98m[38;2;187;171;174m▅[48;2;196;63;90m[38;2;30;15;17m▅[48;2;2;2;4m[38;2;2;2;4m  [48;2;1;1;1m[38;2;1;1;1m                  [0m
[48;2;1;1;1m[38;2;1;1;1m                [48;2;1;1;3m[38;2;1;1;3m  [48;2;1;1;1m[38;2;1;1;1m    [48;2;3;1;4m[38;2;3;1;4m  [48;2;1;0;2m[38;2;4;2;5m┛[48;2;189;187;190m[38;2;20;18;21m▅[48;2;219;217;220m[38;2;77;75;78m▁[48;2;246;244;247m[38;2;0;0;0m [48;2;250;250;252m[38;2;250;250;252m    [48;2;249;249;251m[38;2;249;249;251m  [48;2;225;221;225m[38;2;104;99;103m▁[48;2;3;0;2m[38;2;18;13;17m▎[48;2;1;1;1m[38;2;1;1;1m                        [0m
[48;2;1;1;1m[38;2;1;1;1m                      [48;2;3;1;6m[38;2;3;1;6m  [48;2;1;1;3m[38;2;1;1;3m  [48;2;77;72;76m[38;2;226;221;225m┏[48;2;173;168;172m[38;2;64;59;63m┏[48;2;225;220;224m[38;2;24;19;23m▅[48;2;232;228;231m[38;2;20;16;19m▅[48;2;228;223;227m[38;2;21;16;20m▅▅[38;2;27;22;26m▅[48;2;208;203;207m[38;2;75;70;74m▅[48;2;40;35;39m[38;2;217;213;216m▅[48;2;23;18;22m[38;2;160;155;159m▁[48;2;2;2;2m[38;2;2;2;2m  [48;2;1;1;1m[38;2;1;1;1m                      [0m
[48;2;1;1;1m[38;2;1;1;1m                    [48;2;2;0;3m[38;2;2;0;3m  [48;2;3;1;6m[38;2;3;1;6m  [48;2;6;5;7m[38;2;0;0;0m [48;2;75;73;76m[38;2;215;213;216m┏[48;2;234;234;235m[38;2;0;0;0m [48;2;241;241;243m[38;2;249;249;251m▊[48;2;65;60;64m[38;2;236;231;235m▅[48;2;9;5;8m[38;2;73;68;72m▎[48;2;32;27;31m[38;2;206;201;205m▅[48;2;41;36;40m[38;2;7;3;6m┃[48;2;40;38;41m[38;2;221;219;221m▅[48;2;243;241;244m[38;2;0;0;0m [48;2;254;254;255m[38;2;244;244;246m▌[48;2;198;198;200m[38;2;247;247;248m▊[48;2;23;22;22m[38;2;177;175;176m▁[48;2;1;0;0m[38;2;8;6;7m▄[48;2;1;1;1m[38;2;1;1;1m                      [0m
[48;2;1;1;1m[38;2;1;1;1m                    [48;2;2;0;3m[38;2;2;0;3m  [48;2;3;1;6m[38;2;3;1;6m  [48;2;20;16;19m[38;2;144;139;143m▁[48;2;239;234;238m[38;2;133;128;132m▎[48;2;250;250;252m[38;2;250;250;252m  [48;2;238;236;239m[38;2;249;247;249m▊[48;2;38;37;39m[38;2;137;135;138m▎[48;2;212;208;211m[38;2;75;70;74m▁[48;2;65;60;64m[38;2;226;221;225m▅[48;2;211;207;210m[38;2;48;44;47m▅[48;2;249;245;248m[38;2;203;198;202m▎[48;2;250;250;252m[38;2;250;250;252m  [48;2;193;188;192m[38;2;247;242;246m▊[48;2;30;26;29m[38;2;181;176;180m▁[48;2;1;1;1m[38;2;1;1;1m                      [0m
[48;2;1;1;1m[38;2;1;1;1m                  [48;2;1;1;3m[38;2;1;1;3m      [48;2;237;235;238m[38;2;88;86;89m▎[48;2;249;248;250m[38;2;249;248;250m▄[48;2;250;250;252m[38;2;250;250;252m  [48;2;249;247;250m[38;2;249;247;250m  [48;2;13;9;12m[38;2;80;75;79m▎[48;2;194;189;193m[38;2;22;18;21m▅[48;2;59;54;58m[38;2;221;216;220m▅[48;2;189;184;188m[38;2;76;72;75m┳[48;2;250;250;252m[38;2;238;238;240m▌[48;2;248;248;250m[38;2;254;254;255m▌[48;2;249;249;251m[38;2;238;238;240m╷[48;2;183;183;185m[38;2;245;245;247m▊[48;2;24;23;23m[38;2;191;189;190m▁[48;2;1;0;0m[38;2;2;0;1m▄[48;2;1;1;1m[38;2;1;1;1m                    [0m
[48;2;1;1;1m[38;2;1;1;1m                  [48;2;2;0;3m[38;2;2;0;3m  [48;2;3;1;4m[38;2;3;1;4m  [48;2;2;0;5m[38;2;2;0;5m  [48;2;237;235;236m[38;2;88;86;87m▎[48;2;249;248;249m[38;2;249;248;249m▄[48;2;250;250;252m[38;2;250;250;252m  [48;2;247;245;248m[38;2;0;0;0m [48;2;230;228;231m[38;2;52;50;53m▁[48;2;8;6;9m[38;2;61;59;62m▎[48;2;7;6;8m[38;2;0;0;0m [48;2;201;196;200m[38;2;20;16;19m▅[48;2;227;222;226m[38;2;31;26;30m▁[48;2;249;249;251m[38;2;249;249;251m  [48;2;250;250;252m[38;2;250;250;252m  [48;2;244;242;243m[38;2;247;245;246m▌[48;2;1;0;0m[38;2;54;52;53m▎[48;2;1;1;1m[38;2;1;1;1m                    [0m
[48;2;6;2;18m[38;2;34;3;184m▁▁▁▁▁▁▁▁▁▁▁▁▁▁▁▁▁▁[48;2;4;2;7m[38;2;28;4;140m▂▂[48;2;3;1;7m[38;2;27;3;139m▂▂[48;2;5;3;12m[38;2;32;10;144m▂[48;2;81;78;86m[38;2;235;233;237m┏[48;2;234;234;235m[38;2;0;0;0m [48;2;247;247;248m[38;2;246;246;248m▄[48;2;250;250;252m[38;2;250;250;252m  [48;2;246;244;244m[38;2;0;0;0m [48;2;14;6;45m[38;2;134;129;151m▎[48;2;4;2;7m[38;2;28;4;140m▂▂[48;2;7;3;20m[38;2;26;1;177m▁[48;2;22;18;35m[38;2;30;8;181m▁[48;2;222;221;229m[38;2;46;27;152m▁[48;2;248;247;251m[38;2;0;0;0m [48;2;250;250;252m[38;2;250;250;252m  [48;2;242;240;243m[38;2;0;0;0m [48;2;55;53;56m[38;2;227;225;227m▅[48;2;12;8;24m[38;2;41;10;191m▁[48;2;5;2;18m[38;2;33;2;183m▁[48;2;6;2;18m[38;2;34;3;184m▁▁▁▁▁▁▁▁▁▁▁▁▁▁▁▁▁▁[0m
[48;2;38;3;183m[38;2;38;3;183m                      [48;2;33;1;180m[38;2;45;13;184m│[48;2;243;237;249m[38;2;76;52;174m▎[48;2;250;250;252m[38;2;250;250;252m    [48;2;241;237;241m[38;2;72;48;186m▆[48;2;46;16;186m[38;2;0;0;0m [48;2;38;3;183m[38;2;38;3;183m    [48;2;80;52;201m[38;2;35;5;178m▊[48;2;234;229;237m[38;2;81;54;196m▂[48;2;249;249;251m[38;2;249;249;251m  [48;2;250;249;250m[38;2;240;241;235m│[48;2;172;167;199m[38;2;249;247;253m▊[48;2;39;4;182m[38;2;39;4;182m  [48;2;38;3;183m[38;2;38;3;183m                  [0m
[48;2;38;3;183m[38;2;38;3;183m                      [48;2;34;2;181m[38;2;46;14;185m│[48;2;244;238;250m[38;2;77;53;175m▎[48;2;250;250;252m[38;2;250;250;252m  [48;2;248;247;248m[38;2;0;0;0m [48;2;243;241;247m[38;2;86;71;179m▂[48;2;40;6;188m[38;2;108;84;200m▎[48;2;36;3;176m[38;2;55;19;208m╵[48;2;38;3;183m[38;2;38;3;183m    [48;2;44;9;192m[38;2;35;1;184m┃[48;2;68;36;199m[38;2;36;4;172m▊[48;2;236;234;242m[38;2;83;66;175m▂[48;2;245;245;247m[38;2;0;0;0m [48;2;252;251;254m[38;2;247;246;251m▌[48;2;248;247;251m[38;2;220;219;224m▝[48;2;55;29;171m[38;2;218;211;231m▆[48;2;40;12;175m[38;2;44;10;206m▝[48;2;38;3;183m[38;2;38;3;183m                  [0m
[48;2;38;3;185m[38;2;38;3;185m                      [48;2;35;2;182m[38;2;47;15;186m│[48;2;245;239;250m[38;2;78;54;176m▎[48;2;250;250;252m[38;2;250;250;252m  [48;2;247;244;250m[38;2;252;249;255m▌[48;2;36;6;180m[38;2;141;129;193m▎[48;2;38;3;185m[38;2;38;3;185m        [48;2;84;61;192m[38;2;34;6;180m▊[48;2;230;227;235m[38;2;71;46;190m▂[48;2;249;249;251m[38;2;249;249;251m  [48;2;167;160;193m[38;2;249;247;244m▊[48;2;34;4;187m[38;2;63;37;188m▎[48;2;38;3;185m[38;2;38;3;185m                  [0m
[48;2;38;3;185m[38;2;38;3;185m                      [48;2;34;2;181m[38;2;46;14;185m│[48;2;244;238;250m[38;2;77;53;175m▎[48;2;250;250;252m[38;2;250;250;252m  [48;2;238;233;237m[38;2;92;66;200m▂[48;2;35;6;182m[38;2;110;90;188m▎[48;2;38;3;185m[38;2;38;3;185m        [48;2;37;3;184m[38;2;34;0;172m│[48;2;82;54;190m[38;2;41;6;189m▊[48;2;246;246;248m[38;2;206;206;208m▎[48;2;251;251;252m[38;2;251;251;252m▄[48;2;167;160;193m[38;2;249;247;244m▊[48;2;34;4;187m[38;2;63;37;188m▎[48;2;38;3;185m[38;2;38;3;185m                  [0m
[48;2;38;3;185m[38;2;38;3;185m                      [48;2;37;3;181m[38;2;51;8;194m╵[48;2;195;182;214m[38;2;165;69;127m▂[48;2;244;231;235m[38;2;202;69;92m▂[48;2;231;192;195m[38;2;137;57;132m▅[48;2;46;15;170m[38;2;0;0;0m [48;2;41;3;190m[38;2;48;13;178m▎[48;2;38;3;185m[38;2;38;3;185m        [48;2;40;5;185m[38;2;40;5;185m  [48;2;203;205;227m[38;2;63;30;180m▆[48;2;243;230;232m[38;2;186;71;105m▂[48;2;229;212;222m[38;2;179;76;115m▂[48;2;33;6;184m[38;2;70;31;183m▎[48;2;38;3;185m[38;2;38;3;185m                  [0m
[48;2;38;3;185m[38;2;38;3;185m                    [48;2;36;1;179m[38;2;36;2;170m╸[48;2;39;5;178m[38;2;25;10;69m▂[48;2;70;22;152m[38;2;163;66;96m▆[48;2;205;68;103m[38;2;0;0;0m [48;2;196;68;89m[38;2;48;23;20m▂[48;2;76;25;154m[38;2;34;11;33m▇[48;2;33;9;145m[38;2;5;3;9m▆▆[48;2;33;9;144m[38;2;5;3;8m▆▆[48;2;34;10;145m[38;2;6;4;8m▆▆[48;2;33;9;145m[38;2;5;3;9m▆▆▆▆▆▆[48;2;38;14;119m[38;2;24;16;23m▆[48;2;220;76;100m[38;2;177;46;87m▎[48;2;212;69;102m[38;2;0;0;0m [48;2;72;33;152m[38;2;184;73;96m▆[48;2;35;3;164m[38;2;21;8;54m▂[48;2;41;4;192m[38;2;36;4;164m▖[48;2;38;3;185m[38;2;38;3;185m                [0m
[48;2;38;3;185m[38;2;38;3;185m                    [48;2;37;2;179m[38;2;37;0;199m▖[48;2;37;18;100m[38;2;37;3;177m▆[48;2;61;25;54m[38;2;47;9;153m▃[48;2;161;54;88m[38;2;22;10;84m▆[48;2;15;8;26m[38;2;33;3;173m▂[48;2;13;7;24m[38;2;43;10;183m▂[48;2;4;3;8m[38;2;33;8;148m▃▃[48;2;5;3;9m[38;2;34;9;149m▃▃▃▃▃▃▃▃▃▃[48;2;20;10;25m[38;2;46;4;175m▂[48;2;154;43;76m[38;2;23;9;79m▆[48;2;149;56;58m[38;2;25;10;83m▆[48;2;149;54;72m[38;2;25;8;96m▆[48;2;37;19;93m[38;2;37;3;176m▆[48;2;37;1;183m[38;2;0;0;0m [48;2;38;3;185m[38;2;38;3;185m                [0m
[48;2;40;2;185m[38;2;40;2;185m                                                            [0m
[48;2;40;2;185m[38;2;40;2;185m                                                            [0m
