[48;2;1;1;1m[38;2;1;1;1m                                                            [0m
[48;2;1;1;1m[38;2;1;1;1m                                                            [0m
[48;2;1;1;1m[38;2;1;1;1m                                                            [0m
[48;2;1;1;1m[38;2;1;1;1m                                                            [0m
[48;2;1;1;1m[38;2;1;1;1m                            [48;2;1;1;3m[38;2;1;1;3m  [48;2;1;1;1m[38;2;1;1;1m                              [0m
[48;2;1;1;1m[38;2;1;1;1m                          [48;2;1;1;3m[38;2;1;1;3m  [48;2;2;0;3m[38;2;2;0;3m  [48;2;2;1;5m[38;2;10;8;13m▃▃[48;2;5;3;8m[38;2;5;3;8m  [48;2;4;2;5m[38;2;4;2;5m  [48;2;1;1;1m[38;2;1;1;1m                        [0m
[48;2;1;1;1m[38;2;1;1;1m                          [48;2;1;1;3m[38;2;1;1;3m  [48;2;6;5;7m[38;2;0;0;0m [48;2;13;12;14m[38;2;188;186;189m▄[48;2;138;136;139m[38;2;235;234;236m▇[48;2;159;157;160m[38;2;249;247;250m▇[48;2;154;152;153m[38;2;247;245;246m▇[48;2;162;160;161m[38;2;241;239;240m▇[48;2;203;198;202m[38;2;45;41;44m▄[48;2;10;6;9m[38;2;0;0;0m [48;2;1;1;3m[38;2;1;1;3m  [48;2;1;1;1m[38;2;1;1;1m                      [0m
[48;2;1;1;1m[38;2;1;1;1m                          [48;2;3;1;4m[38;2;3;1;4m  [48;2;13;11;16m[38;2;2;0;5m▌[48;2;251;249;254m[38;2;132;130;135m▎[48;2;249;246;244m[38;2;0;0;0m [48;2;237;237;233m[38;2;209;95;129m▄[48;2;209;95;117m[38;2;47;22;19m▄[48;2;171;47;73m[38;2;209;78;106m▊[48;2;3;2;2m[38;2;15;13;14m▌[48;2;6;4;5m[38;2;1;0;0m▊[48;2;1;1;3m[38;2;1;1;3m  [48;2;3;1;4m[38;2;3;1;4m    [48;2;1;1;3m[38;2;1;1;3m  [48;2;1;1;1m[38;2;1;1;1m                [0m
[48;2;1;1;1m[38;2;1;1;1m                    [48;2;2;2;4m[38;2;2;2;4m  [48;2;1;1;3m[38;2;1;1;3m  [48;2;3;3;5m[38;2;10;10;12m▁[48;2;0;0;2m[38;2;18;18;20m▂[48;2;1;0;0m[38;2;46;44;45m▁▁[48;2;19;17;20m[38;2;201;199;202m▄[48;2;235;234;236m[38;2;0;0;0m [48;2;253;247;247m[38;2;235;244;241m│[48;2;214;69;98m[38;2;218;137;152m▎[48;2;213;75;100m[38;2;207;69;94m┃[48;2;195;57;82m[38;2;217;79;104m▌[48;2;8;6;7m[38;2;45;43;44m▁[48;2;1;0;0m[38;2;2;0;1m▄[48;2;1;1;1m[38;2;1;1;1m  [48;2;1;1;3m[38;2;1;1;3m    [48;2;3;1;6m[38;2;3;1;6m  [48;2;1;1;1m[38;2;1;1;1m                [0m
[48;2;1;1;1m[38;2;1;1;1m                [48;2;2;0;3m[38;2;2;0;3m    [48;2;1;1;1m[38;2;1;1;1m    [48;2;19;15;18m[38;2;187;183;186m▄[48;2;227;223;227m[38;2;0;0;0m [48;2;200;198;201m[38;2;250;248;251m▇▇[48;2;250;250;252m[38;2;250;250;252m  [48;2;245;235;232m[38;2;219;102;134m▄[48;2;208;78;98m[38;2;0;0;0m [48;2;208;74;104m[38;2;219;126;141m▁[48;2;213;78;108m[38;2;246;230;220m▄[48;2;193;191;194m[38;2;247;245;248m▇[48;2;173;171;174m[38;2;242;241;243m▇[48;2;29;27;28m[38;2;216;214;215m▄[48;2;10;8;9m[38;2;67;65;66m▁[48;2;1;1;1m[38;2;1;1;1m                      [0m
[48;2;1;1;1m[38;2;1;1;1m            [48;2;1;1;3m[38;2;1;1;3m  [48;2;3;1;6m[38;2;3;1;6m    [48;2;1;1;1m[38;2;1;1;1m    [48;2;1;0;0m[38;2;7;5;6m▄[48;2;18;16;17m[38;2;191;189;190m▄[48;2;223;221;224m[38;2;0;0;0m [48;2;255;254;255m[38;2;252;250;253m▄[48;2;250;250;252m[38;2;250;250;252m    [48;2;240;230;228m[38;2;246;246;248m▊[48;2;218;132;147m[38;2;213;68;100m┣[48;2;251;248;249m[38;2;220;216;217m▎[48;2;245;241;242m[38;2;254;250;251m┃[48;2;250;250;252m[38;2;250;250;252m  [48;2;253;252;254m[38;2;244;242;245m│[48;2;164;162;165m[38;2;242;240;243m▊[48;2;11;9;12m[38;2;84;82;85m▁[48;2;1;0;2m[38;2;18;16;19m─[48;2;1;1;3m[38;2;1;1;3m  [48;2;1;1;1m[38;2;1;1;1m                  [0m
[48;2;1;1;1m[38;2;1;1;1m            [48;2;3;1;6m[38;2;3;1;6m    [48;2;1;1;3m[38;2;1;1;3m  [48;2;1;1;1m[38;2;1;1;1m    [48;2;30;28;31m[38;2;181;180;182m▄[48;2;226;225;227m[38;2;0;0;0m [48;2;250;250;252m[38;2;250;250;252m      [48;2;249;249;251m[38;2;249;249;251m  [48;2;250;250;252m[38;2;250;250;252m      [48;2;236;235;237m[38;2;0;0;0m [48;2;41;40;42m[38;2;226;224;227m▄[48;2;10;8;11m[38;2;114;112;115m▁[48;2;1;0;2m[38;2;6;4;7m▄[48;2;1;1;1m[38;2;1;1;1m                  [0m
[48;2;1;1;1m[38;2;1;1;1m            [48;2;1;1;3m[38;2;1;1;3m  [48;2;3;1;6m[38;2;3;1;6m  [48;2;1;1;1m[38;2;1;1;1m    [48;2;2;0;3m[38;2;2;0;3m  [48;2;212;210;212m[38;2;65;63;66m▎[48;2;242;241;243m[38;2;0;0;0m [48;2;250;250;252m[38;2;250;250;252m          [48;2;242;242;244m[38;2;250;250;251m┃[48;2;241;241;242m[38;2;0;0;0m [48;2;217;213;217m[38;2;35;31;34m▄[48;2;241;237;241m[38;2;114;109;113m▁[48;2;250;250;252m[38;2;250;250;252m  [48;2;154;152;153m[38;2;247;245;246m▊[48;2;1;0;0m[38;2;38;36;37m▎[48;2;1;1;1m[38;2;1;1;1m                  [0m
[48;2;1;1;1m[38;2;1;1;1m              [48;2;2;0;3m[38;2;2;0;3m  [48;2;1;1;3m[38;2;1;1;3m  [48;2;1;1;1m[38;2;1;1;1m    [48;2;3;2;2m[38;2;11;9;10m╸[48;2;183;181;182m[38;2;18;16;17m▅[48;2;218;214;216m[38;2;91;72;78m▁[48;2;247;243;245m[38;2;179;160;166m▁[48;2;235;222;229m[38;2;210;93;119m▄[48;2;245;230;231m[38;2;211;155;156m▁[48;2;249;249;251m[38;2;249;249;251m  [48;2;250;250;252m[38;2;250;250;252m    [48;2;240;239;241m[38;2;0;0;0m [48;2;219;217;219m[38;2;31;29;32m▅[48;2;4;0;1m[38;2;3;0;0m▖[48;2;54;50;51m[38;2;10;6;7m▊[48;2;239;236;235m[38;2;205;85;107m▅[48;2;244;241;240m[38;2;212;92;115m▅[48;2;140;136;137m[38;2;222;218;219m▊[48;2;10;6;7m[38;2;3;0;0m│[48;2;1;1;1m[38;2;1;1;1m                  [0m
[48;2;1;1;1m[38;2;1;1;1m                [48;2;1;1;3m[38;2;1;1;3m  [48;2;1;1;1m[38;2;1;1;1m    [48;2;3;1;4m[38;2;3;1;4m  [48;2;9;4;4m[38;2;0;0;0m [48;2;155;44;79m[38;2;13;11;9m▅[48;2;210;81;104m[38;2;128;74;72m▖[48;2;218;72;101m[38;2;208;71;97m⎽[48;2;235;197;198m[38;2;170;60;83m▄[48;2;237;229;233m[38;2;95;71;81m▁[48;2;243;238;242m[38;2;80;75;79m▁▁[48;2;242;238;242m[38;2;88;83;87m▁[48;2;236;231;235m[38;2;80;75;79m▁[48;2;218;213;217m[38;2;72;67;71m▅[48;2;13;8;12m[38;2;0;0;0m [48;2;3;1;2m[38;2;3;1;2m  [48;2;191;62;88m[38;2;14;8;8m▅▅[48;2;1;1;1m[38;2;1;1;1m                    [0m
[48;2;1;1;1m[38;2;1;1;1m                      [48;2;3;1;6m[38;2;3;1;6m  [48;2;1;0;2m[38;2;4;2;5m▄[48;2;14;13;15m[38;2;135;133;136m▁[48;2;244;239;239m[38;2;137;124;126m▎[48;2;217;103;139m[38;2;238;237;236m▅[48;2;41;36;39m[38;2;178;172;176m▁[48;2;4;0;2m[38;2;9;3;7m▄[48;2;13;11;14m[38;2;146;144;147m▁[48;2;8;6;9m[38;2;0;0;0m [48;2;23;18;22m[38;2;162;157;161m▁[48;2;43;38;42m[38;2;222;217;221m▅[48;2;237;235;238m[38;2;0;0;0m [48;2;36;34;37m[38;2;219;218;220m▅[48;2;4;4;4m[38;2;19;19;19m▖[48;2;0;0;0m[38;2;3;3;3m▝[48;2;1;1;1m[38;2;1;1;1m                      [0m
[48;2;1;1;1m[38;2;1;1;1m                    [48;2;2;0;3m[38;2;2;0;3m  [48;2;3;1;6m[38;2;3;1;6m  [48;2;9;7;10m[38;2;7;5;8m▌[48;2;241;239;242m[38;2;95;93;96m▎[48;2;250;250;252m[38;2;250;250;252m  [48;2;236;231;235m[38;2;110;105;109m▁[48;2;41;36;40m[38;2;124;119;123m▎[48;2;242;240;243m[38;2;161;159;162m▎[48;2;19;17;20m[38;2;77;75;78m▎[48;2;248;248;249m[38;2;196;196;198m▎[48;2;248;248;250m[38;2;255;255;255m▌[48;2;252;252;253m[38;2;247;247;249m▌[48;2;249;249;250m[38;2;219;219;221m▝[48;2;36;34;35m[38;2;217;215;216m▅[48;2;4;3;3m[38;2;34;32;33m▎[48;2;1;1;1m[38;2;1;1;1m                      [0m
[48;2;1;1;1m[38;2;1;1;1m                    [48;2;2;0;3m[38;2;2;0;3m  [48;2;3;1;6m[38;2;3;1;6m  [48;2;80;76;79m[38;2;218;213;217m┏[48;2;235;230;234m[38;2;0;0;0m [48;2;250;250;252m[38;2;250;250;252m  [48;2;51;45;49m[38;2;199;193;197m▁[48;2;215;210;213m[38;2;66;60;64m▁[48;2;218;213;215m[38;2;41;35;37m▅[48;2;63;57;59m[38;2;169;163;165m▅[48;2;254;254;255m[38;2;233;233;235m▌[48;2;251;251;253m[38;2;245;245;247m┃[48;2;250;250;252m[38;2;250;250;252m  [48;2;241;240;242m[38;2;0;0;0m [48;2;43;41;44m[38;2;215;213;216m▅[48;2;2;2;2m[38;2;13;13;13m▌[48;2;4;4;4m[38;2;0;0;0m▊[48;2;1;1;1m[38;2;1;1;1m                    [0m
[48;2;1;1;1m[38;2;1;1;1m                  [48;2;1;1;3m[38;2;1;1;3m      [48;2;234;232;234m[38;2;84;82;85m▎[48;2;250;248;251m[38;2;250;248;251m▄[48;2;250;250;252m[38;2;250;250;252m  [48;2;234;232;235m[38;2;251;250;252m▊[48;2;64;62;65m[38;2;237;235;238m▅[48;2;6;5;7m[38;2;59;57;60m▎[48;2;32;30;33m[38;2;6;5;7m▊[48;2;220;218;221m[38;2;34;32;35m▁[48;2;247;246;248m[38;2;0;0;0m [48;2;250;250;252m[38;2;250;250;252m  [48;2;249;249;251m[38;2;237;237;239m╵[48;2;242;242;243m[38;2;0;0;0m [48;2;38;37;37m[38;2;220;219;220m▅[48;2;1;0;0m[38;2;59;57;58m▎[48;2;1;1;1m[38;2;1;1;1m                    [0m
[48;2;1;1;1m[38;2;1;1;1m                  [48;2;2;0;3m[38;2;2;0;3m  [48;2;3;1;4m[38;2;3;1;4m  [48;2;5;3;6m[38;2;0;0;0m [48;2;77;75;78m[38;2;223;221;224m┏[48;2;234;233;235m[38;2;0;0;0m [48;2;247;246;248m [48;2;250;250;252m[38;2;250;250;252m  [48;2;248;246;249m[38;2;243;241;243m▄[48;2;214;212;214m[38;2;44;43;45m▅[48;2;1;0;2m[38;2;4;2;5m▄[38;2;3;1;4m┛▄[48;2;199;197;200m[38;2;27;25;28m▅[48;2;254;254;255m[38;2;233;233;235m▌[48;2;251;251;253m[38;2;245;245;247m┃[48;2;250;250;252m[38;2;250;250;252m  [48;2;182;180;181m[38;2;246;244;245m▊[48;2;32;30;31m[38;2;217;215;216m▁[48;2;2;2;2m[38;2;2;2;2m  [48;2;1;1;1m[38;2;1;1;1m                  [0m
[48;2;6;2;18m[38;2;36;4;193m▁▁▁▁▁▁[48;2;4;2;5m[38;2;25;3;140m▂▂[48;2;6;2;18m[38;2;36;4;193m▁▁[48;2;4;2;5m[38;2;25;3;140m▂▂▂▂[48;2;6;2;18m[38;2;36;4;193m▁▁[48;2;4;2;5m[38;2;25;3;140m▂▂[48;2;6;2;19m[38;2;37;4;195m▁▁[48;2;6;1;19m[38;2;36;3;194m▁▁[48;2;9;5;21m[38;2;21;0;162m▁[48;2;236;232;241m[38;2;91;86;107m▎[48;2;250;250;252m[38;2;250;250;252m    [48;2;248;245;250m[38;2;0;0;0m [48;2;13;7;38m[38;2;127;122;143m▎[48;2;6;2;19m[38;2;37;4;195m▁▁[48;2;5;1;18m[38;2;41;8;199m▁[48;2;13;9;25m[38;2;37;4;195m▁[48;2;195;192;203m[38;2;31;21;74m▅[48;2;250;249;246m[38;2;219;215;229m▎[48;2;250;250;252m[38;2;250;250;252m  [48;2;255;255;255m▊[48;2;172;172;174m[38;2;246;246;248m▊[48;2;15;11;26m[38;2;35;7;192m▁[48;2;9;6;20m[38;2;31;1;188m▁[48;2;6;2;18m[38;2;36;4;193m▁▁▁▁▁▁▁▁▁▁▁▁▁▁▁▁▁▁[0m
[48;2;38;3;183m[38;2;38;3;183m                      [48;2;39;7;182m[38;2;31;1;168m▎[48;2;195;181;231m[38;2;48;18;186m▆[48;2;241;239;247m[38;2;164;161;180m▎[48;2;247;248;243m[38;2;252;251;252m▌[48;2;250;250;252m[38;2;250;250;252m  [48;2;236;231;240m[38;2;77;54;187m▆[48;2;44;15;185m[38;2;0;0;0m [48;2;38;3;183m[38;2;38;3;183m    [48;2;43;13;182m[38;2;0;0;0m [48;2;235;228;248m[38;2;59;32;182m▆[48;2;250;250;252m[38;2;237;237;239m▌[48;2;248;248;250m[38;2;254;254;255m▌[48;2;251;251;248m[38;2;240;240;242m│[48;2;172;166;200m[38;2;246;245;251m▊[48;2;39;4;182m[38;2;39;4;182m  [48;2;38;3;183m[38;2;38;3;183m                  [0m
[48;2;38;3;183m[38;2;38;3;183m                      [48;2;39;4;184m[38;2;39;4;184m  [48;2;237;235;245m[38;2;156;150;186m▎[48;2;254;254;250m[38;2;246;245;250m│[48;2;250;250;252m[38;2;250;250;252m  [48;2;70;47;182m[38;2;218;212;223m▂[48;2;43;12;186m[38;2;0;0;0m [48;2;38;3;183m[38;2;38;3;183m    [48;2;42;10;184m[38;2;0;0;0m [48;2;54;26;180m[38;2;209;201;228m▂[48;2;249;249;251m[38;2;236;236;238m▌[48;2;247;247;249m[38;2;254;254;255m▌[48;2;255;254;255m[38;2;247;246;251m▌[48;2;195;194;199m[38;2;247;246;250m▊[48;2;40;5;183m[38;2;40;5;183m  [48;2;38;3;183m[38;2;38;3;183m                  [0m
[48;2;38;3;185m[38;2;38;3;185m                        [48;2;179;173;206m[38;2;41;14;180m▆[48;2;242;240;242m[38;2;151;136;219m▎[48;2;250;250;252m[38;2;250;250;252m  [48;2;238;237;235m[38;2;252;250;251m▊[48;2;37;10;183m[38;2;139;127;189m▎[48;2;38;3;185m[38;2;38;3;185m    [48;2;91;68;200m[38;2;36;6;184m▊[48;2;253;251;248m[38;2;199;196;207m▎[48;2;250;250;252m[38;2;250;250;252m  [48;2;255;254;255m[38;2;247;246;251m▌[48;2;195;194;199m[38;2;247;246;250m▊[48;2;40;5;183m[38;2;40;5;183m  [48;2;38;3;185m[38;2;38;3;185m                  [0m
[48;2;38;3;185m[38;2;38;3;185m                        [48;2;34;2;181m[38;2;42;8;185m▄[48;2;177;161;227m[38;2;40;12;177m▆[48;2;241;239;246m[38;2;163;157;193m▎[48;2;250;249;249m[38;2;245;245;244m▂[48;2;247;246;251m[38;2;0;0;0m [48;2;88;73;175m[38;2;241;240;240m▆[48;2;34;2;183m[38;2;104;80;192m▎[48;2;36;3;169m[38;2;44;9;193m┃[48;2;38;3;185m[38;2;38;3;185m  [48;2;91;68;200m[38;2;36;6;184m▊[48;2;253;251;248m[38;2;199;196;207m▎[48;2;250;250;252m[38;2;250;250;252m  [48;2;204;196;238m[38;2;248;246;246m▊[48;2;199;192;225m[38;2;47;23;174m▆[48;2;39;4;184m[38;2;39;4;184m  [48;2;38;3;185m[38;2;38;3;185m                  [0m
[48;2;38;3;185m[38;2;38;3;185m                          [48;2;180;174;202m[38;2;41;16;180m▆[48;2;216;210;236m[38;2;42;17;182m▂[48;2;245;234;234m[38;2;192;66;104m▂[48;2;242;232;231m[38;2;203;76;114m▂[48;2;34;2;183m[38;2;104;79;193m▎[48;2;36;3;171m[38;2;46;10;197m┗[48;2;38;3;185m[38;2;38;3;185m  [48;2;39;7;185m[38;2;0;0;0m [48;2;205;197;223m[38;2;52;23;183m▆[48;2;243;234;236m[38;2;197;75;101m▂▂[48;2;222;214;227m[38;2;173;76;119m▂[48;2;36;2;180m[38;2;75;38;174m▎[48;2;38;3;185m[38;2;38;3;185m                    [0m
[48;2;38;3;185m[38;2;38;3;185m                          [48;2;36;10;171m[38;2;13;6;38m▂[48;2;67;21;162m[38;2;182;66;93m▆[48;2;189;60;91m[38;2;215;73;109m▊[48;2;168;65;78m[38;2;33;9;10m▆[48;2;35;12;146m[38;2;6;4;11m▆▆[48;2;34;11;147m[38;2;5;3;12m▆▆[48;2;34;11;145m[38;2;5;3;11m▆▆[48;2;173;56;75m[38;2;21;6;5m▆[48;2;208;70;101m[38;2;42;20;27m▃[48;2;208;72;98m[38;2;41;13;22m▃[48;2;71;30;78m[38;2;218;72;100m━[48;2;41;10;167m[38;2;20;8;45m▂[48;2;36;3;182m[38;2;35;3;177m▄[48;2;38;3;185m[38;2;38;3;185m                  [0m
[48;2;38;3;185m[38;2;38;3;185m                          [48;2;20;19;66m[38;2;44;6;184m▆[48;2;126;43;66m[38;2;25;10;89m▆[48;2;147;44;70m[38;2;22;9;80m▆[48;2;20;9;22m[38;2;44;11;185m▂[48;2;5;3;7m[38;2;35;10;154m▃▃[48;2;5;3;11m[38;2;35;12;146m▃▃▃▃▃▃[48;2;10;5;26m[38;2;39;10;178m▂▂[48;2;37;20;87m[38;2;37;3;175m▆[48;2;37;2;182m[38;2;0;0;0m [48;2;38;3;185m[38;2;38;3;185m                  [0m
[48;2;40;2;185m[38;2;40;2;185m                                                            [0m
[48;2;40;2;185m[38;2;40;2;185m                                                            [0m
