[48;2;1;1;1m[38;2;1;1;1m                                                            [0m
[48;2;1;1;1m[38;2;1;1;1m                                                            [0m
[48;2;1;1;1m[38;2;1;1;1m                                                            [0m
[48;2;1;1;1m[38;2;1;1;1m                                                            [0m
[48;2;1;1;1m[38;2;1;1;1m                            [48;2;1;1;3m[38;2;1;1;3m  [48;2;1;1;1m[38;2;1;1;1m                              [0m
[48;2;1;1;1m[38;2;1;1;1m                          [48;2;1;1;3m[38;2;1;1;3m  [48;2;4;2;5m[38;2;4;2;5m  [48;2;1;0;2m[38;2;6;4;7m▃▃[48;2;2;2;4m[38;2;2;2;4m  [48;2;1;1;3m[38;2;1;1;3m  [48;2;1;1;1m[38;2;1;1;1m                        [0m
[48;2;1;1;1m[38;2;1;1;1m                          [48;2;1;1;3m[38;2;1;1;3m  [48;2;17;15;18m[38;2;190;188;191m▄[48;2;238;237;239m[38;2;173;171;174m▘[48;2;168;166;169m[38;2;248;247;249m▇[48;2;148;146;149m[38;2;243;241;244m▇[48;2;29;25;28m[38;2;215;210;214m▄[48;2;20;16;19m[38;2;0;0;0m [48;2;1;1;1m[38;2;1;1;1m  [48;2;1;1;3m[38;2;1;1;3m  [48;2;1;1;1m[38;2;1;1;1m                      [0m
[48;2;1;1;1m[38;2;1;1;1m                          [48;2;4;2;5m[38;2;4;2;5m  [48;2;249;248;250m[38;2;135;133;136m▎[48;2;240;238;241m[38;2;253;251;254m▄[48;2;250;241;242m[38;2;205;86;108m▄▄[48;2;245;241;239m[38;2;205;78;116m▄[48;2;202;196;194m[38;2;45;40;37m▄[48;2;0;0;0m[38;2;17;17;17m▌[38;2;2;2;2m▃[48;2;1;1;3m[38;2;1;1;3m  [48;2;3;1;4m[38;2;3;1;4m    [48;2;1;1;3m[38;2;1;1;3m  [48;2;1;1;1m[38;2;1;1;1m                [0m
[48;2;1;1;1m[38;2;1;1;1m                    [48;2;2;2;4m[38;2;2;2;4m  [48;2;1;1;3m[38;2;1;1;3m  [48;2;3;3;3m[38;2;10;10;10m▁[48;2;0;0;0m[38;2;18;18;18m▂[48;2;16;15;17m[38;2;195;193;196m▄[48;2;222;220;223m[38;2;0;0;0m [48;2;252;243;246m[38;2;237;238;240m│[48;2;211;80;106m[38;2;215;143;157m▎[48;2;44;17;11m[38;2;199;66;93m▄[48;2;205;66;95m[38;2;0;0;0m [48;2;47;31;25m[38;2;206;68;101m▄[48;2;233;231;236m[38;2;206;173;180m▎[48;2;26;24;25m[38;2;215;213;214m▄[48;2;17;15;16m[38;2;0;0;0m [48;2;1;1;1m[38;2;1;1;1m  [48;2;1;1;3m[38;2;1;1;3m    [48;2;3;1;6m[38;2;3;1;6m  [48;2;1;1;1m[38;2;1;1;1m                [0m
[48;2;1;1;1m[38;2;1;1;1m                [48;2;2;0;3m[38;2;2;0;3m    [48;2;1;1;1m[38;2;1;1;1m    [48;2;8;6;9m[38;2;50;48;51m▁[48;2;235;233;236m[38;2;102;100;103m▎[48;2;249;249;251m[38;2;249;249;251m  [48;2;253;246;249m[38;2;236;240;241m│[48;2;211;82;108m[38;2;215;144;158m▎[48;2;219;79;105m[38;2;212;72;98m▄[48;2;212;72;98m[38;2;219;79;105m▄[48;2;208;89;117m[38;2;237;231;223m▄[48;2;246;238;244m[38;2;0;0;0m [48;2;245;243;246m[38;2;250;248;251m▆[48;2;181;179;182m[38;2;241;240;242m▊[48;2;19;18;18m[38;2;0;0;0m [48;2;5;4;4m [48;2;1;1;1m[38;2;1;1;1m                      [0m
[48;2;1;1;1m[38;2;1;1;1m            [48;2;1;1;3m[38;2;1;1;3m  [48;2;3;1;6m[38;2;3;1;6m    [48;2;1;1;1m[38;2;1;1;1m    [48;2;1;0;2m[38;2;5;3;6m▄[38;2;6;4;7m▅[48;2;231;230;232m[38;2;90;88;91m▎[48;2;251;249;251m[38;2;243;241;244m▎[48;2;250;250;252m[38;2;250;250;252m  [48;2;249;249;251m[38;2;249;249;251m  [48;2;207;82;107m[38;2;214;132;138m▎[48;2;248;245;246m[38;2;234;189;196m▎[48;2;250;250;252m[38;2;250;250;252m    [48;2;237;235;237m[38;2;0;0;0m [48;2;37;35;38m[38;2;217;215;218m▄[48;2;4;2;5m[38;2;4;2;5m  [48;2;1;1;3m[38;2;1;1;3m  [48;2;1;1;1m[38;2;1;1;1m                  [0m
[48;2;1;1;1m[38;2;1;1;1m            [48;2;3;1;6m[38;2;3;1;6m    [48;2;1;1;3m[38;2;1;1;3m  [48;2;1;1;1m[38;2;1;1;1m    [48;2;9;7;8m[38;2;1;0;0m▊[48;2;235;233;234m[38;2;95;93;94m▎[48;2;250;250;252m[38;2;250;250;252m      [48;2;249;249;251m[38;2;249;249;251m  [48;2;250;250;252m[38;2;250;250;252m    [48;2;247;247;248m[38;2;0;0;0m [48;2;240;240;241m [48;2;42;37;41m[38;2;226;221;225m▄[48;2;3;0;2m[38;2;9;4;8m▄[48;2;1;1;3m[38;2;1;1;3m  [48;2;1;1;1m[38;2;1;1;1m                  [0m
[48;2;1;1;1m[38;2;1;1;1m            [48;2;1;1;3m[38;2;1;1;3m  [48;2;3;1;6m[38;2;3;1;6m  [48;2;1;1;1m[38;2;1;1;1m    [48;2;1;1;3m[38;2;1;1;3m  [48;2;1;0;0m[38;2;11;9;10m╸[48;2;192;190;191m[38;2;22;20;21m▅[48;2;221;219;222m[38;2;0;0;0m [48;2;252;250;252m[38;2;243;241;244m│[48;2;250;250;252m[38;2;250;250;252m        [48;2;236;234;236m[38;2;0;0;0m [48;2;213;211;213m[38;2;41;39;42m▄[48;2;239;238;240m[38;2;130;128;131m▁[48;2;255;254;255m[38;2;245;243;246m▄[48;2;173;169;170m[38;2;247;244;245m▊[48;2;3;0;0m[38;2;57;53;54m▎[48;2;1;1;1m[38;2;1;1;1m                    [0m
[48;2;1;1;1m[38;2;1;1;1m              [48;2;2;0;3m[38;2;2;0;3m  [48;2;1;1;3m[38;2;1;1;3m  [48;2;1;1;1m[38;2;1;1;1m      [48;2;184;182;185m[38;2;20;18;21m▅[48;2;245;243;246m[38;2;166;164;167m▎[48;2;250;250;252m[38;2;250;250;252m      [48;2;249;249;251m[38;2;249;249;251m  [48;2;228;224;227m[38;2;119;114;118m▁[48;2;6;2;5m[38;2;61;56;60m▎[48;2;32;28;31m[38;2;159;154;158m▁[48;2;251;248;251m[38;2;207;202;206m▎[48;2;173;169;170m[38;2;247;244;245m▊[48;2;3;0;0m[38;2;57;53;54m▎[48;2;1;1;1m[38;2;1;1;1m                    [0m
[48;2;1;1;1m[38;2;1;1;1m                [48;2;1;1;3m[38;2;1;1;3m  [48;2;1;1;1m[38;2;1;1;1m    [48;2;3;1;4m[38;2;3;1;4m  [48;2;4;2;5m[38;2;12;10;13m╸[48;2;184;182;185m[38;2;19;17;20m▅[48;2;236;232;233m[38;2;184;74;94m▅[48;2;237;238;237m[38;2;216;85;112m▅[48;2;233;228;230m[38;2;46;24;31m▅[48;2;235;229;232m[38;2;19;22;20m▅[48;2;236;233;234m[38;2;25;21;22m▅▅[48;2;232;228;231m[38;2;30;25;29m▅[48;2;220;215;219m[38;2;77;72;76m▅[48;2;37;32;36m[38;2;205;200;204m▅[48;2;87;82;86m[38;2;17;13;16m▊[48;2;249;249;251m[38;2;217;217;219m▎[48;2;242;242;244m[38;2;251;251;253m┃[48;2;217;213;214m[38;2;88;84;85m▁[48;2;6;3;3m[38;2;52;48;49m▎[48;2;1;1;1m[38;2;1;1;1m                    [0m
[48;2;1;1;1m[38;2;1;1;1m                      [48;2;3;1;6m[38;2;3;1;6m  [48;2;6;6;2m[38;2;6;4;2m▄[48;2;63;30;36m[38;2;182;98;122m┏[48;2;195;64;91m[38;2;217;169;182m▂[48;2;210;72;95m[38;2;240;216;216m▅[48;2;44;29;35m[38;2;228;227;229m▅[48;2;13;7;11m[38;2;72;66;70m▎[48;2;23;22;26m[38;2;201;200;204m▅[48;2;17;15;20m[38;2;42;40;45m▎[48;2;34;32;35m[38;2;224;222;225m▅[48;2;241;239;242m[38;2;0;0;0m [48;2;241;240;242m [48;2;59;57;60m[38;2;235;233;236m▅[48;2;242;238;240m[38;2;221;136;165m▁[48;2;224;219;221m[38;2;202;117;146m▁[48;2;1;0;0m[38;2;25;23;24m▎[48;2;2;0;1m[38;2;7;5;6m│[48;2;1;1;1m[38;2;1;1;1m                    [0m
[48;2;1;1;1m[38;2;1;1;1m                    [48;2;2;0;3m[38;2;2;0;3m  [48;2;3;1;6m[38;2;3;1;6m  [48;2;9;7;10m[38;2;7;5;8m▌[48;2;241;239;242m[38;2;95;93;96m▎[48;2;250;250;252m[38;2;250;250;252m  [48;2;222;217;221m[38;2;53;48;52m▅[48;2;59;54;58m[38;2;208;203;207m▅[48;2;223;219;222m[38;2;82;77;81m▁[48;2;46;42;45m[38;2;104;99;103m▎[48;2;246;246;248m[38;2;204;204;206m▎[48;2;255;255;255m[38;2;250;250;252m▄[48;2;242;240;243m[38;2;253;251;254m▊[48;2;211;209;212m[38;2;247;246;248m▊[48;2;208;68;99m[38;2;105;42;47m▂[48;2;174;54;78m[38;2;64;25;26m▅[48;2;17;8;8m[38;2;134;33;65m▁[48;2;3;2;1m[38;2;0;0;0m [48;2;1;1;1m[38;2;1;1;1m                    [0m
[48;2;1;1;1m[38;2;1;1;1m                    [48;2;2;0;3m[38;2;2;0;3m  [48;2;3;1;6m[38;2;3;1;6m  [48;2;12;10;13m[38;2;3;1;4m▊[48;2;237;235;238m[38;2;98;96;99m▎[48;2;249;245;248m[38;2;0;0;0m [48;2;193;188;192m[38;2;68;63;67m┏[48;2;57;51;55m[38;2;220;215;219m▅[48;2;200;194;198m[38;2;91;85;89m▅[48;2;57;53;56m[38;2;168;163;167m▅[48;2;240;236;239m[38;2;0;0;0m [48;2;250;250;252m[38;2;250;250;252m  [48;2;255;255;255m[38;2;239;239;241m│[48;2;177;177;179m[38;2;249;249;251m▊[48;2;22;14;13m[38;2;0;0;0m [48;2;185;71;105m[38;2;12;8;6m▅[48;2;174;62;95m[38;2;9;6;4m▅[48;2;12;5;4m[38;2;0;0;0m [48;2;1;1;1m[38;2;1;1;1m                    [0m
[48;2;1;1;1m[38;2;1;1;1m                  [48;2;1;1;3m[38;2;1;1;3m      [48;2;1;0;2m[38;2;9;7;10m▄[48;2;178;176;179m[38;2;11;10;12m▅[48;2;242;240;242m[38;2;166;164;167m▎[48;2;252;250;252m[38;2;241;239;242m╵[48;2;250;250;252m[38;2;250;250;252m  [48;2;68;66;69m[38;2;242;240;242m▅[48;2;240;238;240m[38;2;0;0;0m [48;2;250;250;252m[38;2;250;250;252m  [48;2;196;194;197m[38;2;247;245;248m▊[48;2;203;201;204m[38;2;28;26;29m▅[48;2;7;7;7m[38;2;1;1;1m▅[48;2;2;2;2m[38;2;8;8;8m▂[48;2;1;1;1m[38;2;1;1;1m                      [0m
[48;2;1;1;1m[38;2;1;1;1m                  [48;2;2;0;3m[38;2;2;0;3m  [48;2;3;1;4m[38;2;3;1;4m  [48;2;1;1;3m[38;2;1;1;3m  [48;2;1;1;1m[38;2;1;1;1m  [48;2;194;192;195m[38;2;23;21;24m▁[48;2;241;240;242m[38;2;0;0;0m [48;2;250;250;252m[38;2;250;250;252m    [48;2;242;242;244m[38;2;249;249;250m▊[48;2;218;218;220m[38;2;250;250;251m▊[48;2;199;197;198m[38;2;20;18;19m▅[48;2;9;8;8m[38;2;0;0;0m [48;2;1;1;1m[38;2;1;1;1m                        [0m
[48;2;6;2;18m[38;2;36;4;193m▁▁▁▁▁▁[48;2;4;2;5m[38;2;25;3;140m▂▂[48;2;6;2;18m[38;2;36;4;193m▁▁[48;2;4;2;5m[38;2;25;3;140m▂▂▂▂[48;2;6;2;18m[38;2;36;4;193m▁▁[48;2;4;2;5m[38;2;25;3;140m▂▂[48;2;6;2;19m[38;2;37;4;195m▁▁[48;2;6;1;19m[38;2;36;3;194m▁▁[48;2;6;2;18m[38;2;36;4;193m▁▁▁▁[48;2;8;4;24m[38;2;29;1;175m▁[48;2;247;246;244m[38;2;124;120;137m▎[48;2;250;250;252m[38;2;250;250;252m    [48;2;245;244;248m[38;2;0;0;0m [48;2;224;222;230m[38;2;45;25;156m▁[48;2;15;12;27m[38;2;36;8;193m▁[48;2;10;6;21m[38;2;32;2;189m▁[48;2;6;3;18m[38;2;37;5;194m▁▁[48;2;6;2;18m[38;2;36;4;193m▁▁▁▁▁▁▁▁▁▁▁▁▁▁▁▁▁▁▁▁▁▁[0m
[48;2;38;3;183m[38;2;38;3;183m                          [48;2;37;5;182m[38;2;38;12;161m▝[48;2;213;200;242m[38;2;49;18;185m▆[48;2;246;245;249m[38;2;181;180;186m▎[48;2;252;251;254m[38;2;245;244;249m┏[48;2;250;250;252m[38;2;250;250;252m  [48;2;225;222;233m[38;2;250;248;248m▊[48;2;37;6;184m[38;2;63;40;172m▎[48;2;38;3;183m[38;2;38;3;183m                          [0m
[48;2;38;3;183m[38;2;38;3;183m                            [48;2;247;247;244m[38;2;153;145;196m▎[48;2;244;245;239m[38;2;252;251;255m▊[48;2;250;250;252m[38;2;250;250;252m  [48;2;212;204;240m[38;2;249;248;244m▊[48;2;56;32;180m[38;2;215;210;231m▂[48;2;40;5;185m[38;2;40;5;185m  [48;2;38;3;183m[38;2;38;3;183m                        [0m
[48;2;38;3;185m[38;2;38;3;185m                          [48;2;38;3;183m[38;2;38;3;183m  [48;2;247;247;244m[38;2;153;145;196m▎[48;2;244;245;239m[38;2;252;251;255m▊[48;2;250;250;252m[38;2;250;250;252m  [48;2;255;255;255m▄[48;2;204;204;206m[38;2;246;246;248m▊[48;2;41;6;189m[38;2;84;57;190m▎[48;2;37;3;185m[38;2;33;0;171m│[48;2;38;3;185m[38;2;38;3;185m                        [0m
[48;2;38;3;185m[38;2;38;3;185m                          [48;2;40;6;191m[38;2;43;7;175m▄[48;2;139;93;163m[38;2;214;211;230m━[48;2;241;239;241m[38;2;0;0;0m [48;2;242;240;243m[38;2;255;254;255m┃[48;2;250;250;252m[38;2;250;250;252m  [48;2;255;255;255m▄[48;2;204;204;206m[38;2;246;246;248m▊[48;2;41;6;189m[38;2;84;57;190m▎[48;2;37;3;185m[38;2;33;0;171m│[48;2;38;3;185m[38;2;38;3;185m                        [0m
[48;2;38;3;185m[38;2;38;3;185m                          [48;2;73;25;159m[38;2;190;76;113m━[48;2;200;67;95m[38;2;0;0;0m [48;2;236;190;199m[38;2;203;73;91m▆[48;2;209;210;229m[38;2;64;25;165m▆[48;2;208;204;230m[38;2;48;22;176m▆[48;2;232;218;232m[38;2;177;77;92m▂[48;2;245;234;236m[38;2;197;79;117m▂[48;2;202;208;204m[38;2;244;239;240m▊[48;2;41;6;189m[38;2;84;57;190m▎[48;2;37;3;185m[38;2;33;0;171m│[48;2;38;3;185m[38;2;38;3;185m                        [0m
[48;2;38;3;185m[38;2;38;3;185m                        [48;2;41;6;186m[38;2;36;5;159m▗[48;2;35;2;171m[38;2;20;7;55m▂[48;2;31;5;145m[38;2;14;8;30m▆[48;2;141;55;66m[38;2;8;6;14m▆[48;2;218;72;107m[38;2;153;46;61m▎[48;2;91;36;129m[38;2;212;77;98m▆[48;2;82;29;131m[38;2;211;79;95m▆[48;2;217;74;106m[38;2;0;0;0m [48;2;220;75;104m[38;2;219;79;106m▄[48;2;222;188;180m[38;2;204;71;96m▆[48;2;38;14;150m[38;2;9;7;15m▆▆[48;2;35;4;159m[38;2;20;9;44m▂[48;2;41;5;189m[38;2;36;5;159m▖[48;2;38;3;185m[38;2;38;3;185m                      [0m
[48;2;38;3;185m[38;2;38;3;185m                        [48;2;37;1;188m[38;2;37;4;171m▝[48;2;37;18;98m[38;2;37;3;173m▆[48;2;17;10;44m[38;2;39;9;189m▂[48;2;10;6;23m[38;2;31;6;166m▂[48;2;153;52;75m[38;2;23;9;78m▆▆[48;2;165;49;77m[38;2;23;10;79m▆▆[48;2;163;50;77m[38;2;22;11;79m▆▆[48;2;6;3;14m[38;2;36;12;149m▃▃[48;2;37;19;89m[38;2;37;3;171m▆[48;2;37;2;182m[38;2;37;5;166m⎼[48;2;38;3;185m[38;2;38;3;185m                      [0m
[48;2;40;2;185m[38;2;40;2;185m                                                            [0m
[48;2;40;2;185m[38;2;40;2;185m                                                            [0m
