[48;2;1;1;1m[38;2;1;1;1m                                                            [0m
[48;2;1;1;1m[38;2;1;1;1m                                                            [0m
[48;2;1;1;1m[38;2;1;1;1m                                                            [0m
[48;2;1;1;1m[38;2;1;1;1m                                                            [0m
[48;2;1;1;1m[38;2;1;1;1m                            [48;2;1;1;3m[38;2;1;1;3m  [48;2;1;1;1m[38;2;1;1;1m                              [0m
[48;2;1;1;1m[38;2;1;1;1m                          [48;2;1;1;3m[38;2;1;1;3m  [48;2;1;0;2m[38;2;7;5;8m▃▃[48;2;4;2;5m[38;2;4;2;5m  [48;2;2;2;4m[38;2;2;2;4m  [48;2;1;1;3m[38;2;1;1;3m  [48;2;1;1;1m[38;2;1;1;1m                        [0m
[48;2;1;1;1m[38;2;1;1;1m                          [48;2;7;5;8m[38;2;0;0;0m [48;2;13;12;14m[38;2;188;186;189m▄[48;2;123;121;124m[38;2;234;232;235m▇[48;2;158;156;159m[38;2;246;245;247m▇[48;2;168;166;169m[38;2;243;241;244m▇[48;2;28;26;29m[38;2;217;215;218m▄[48;2;5;4;6m[38;2;34;32;35m▖[48;2;4;3;5m[38;2;0;0;0m [48;2;1;1;1m[38;2;1;1;1m  [48;2;1;1;3m[38;2;1;1;3m  [48;2;1;1;1m[38;2;1;1;1m                      [0m
[48;2;1;1;1m[38;2;1;1;1m                          [48;2;3;1;6m[38;2;7;5;10m▌[48;2;249;247;252m[38;2;245;243;248m▊[48;2;247;245;242m[38;2;0;0;0m [48;2;238;241;237m[38;2;217;100;135m▄[48;2;250;241;243m[38;2;202;78;101m▄▄[48;2;209;204;208m[38;2;40;34;38m▄[48;2;15;9;13m[38;2;0;0;0m [48;2;1;1;1m[38;2;1;1;1m  [48;2;1;1;3m[38;2;1;1;3m  [48;2;3;1;4m[38;2;3;1;4m    [48;2;1;1;3m[38;2;1;1;3m  [48;2;1;1;1m[38;2;1;1;1m                [0m
[48;2;1;1;1m[38;2;1;1;1m                    [48;2;2;2;4m[38;2;2;2;4m  [48;2;1;1;3m[38;2;1;1;3m  [48;2;1;1;1m[38;2;1;1;1m  [48;2;5;3;6m[38;2;19;17;20m▂[48;2;246;244;246m[38;2;129;127;130m▎[48;2;208;76;105m[38;2;232;135;152m▎[48;2;43;16;13m[38;2;200;69;97m▄[48;2;214;68;102m[38;2;172;55;78m▎[48;2;42;18;15m[38;2;198;69;96m▄[48;2;17;12;16m[38;2;215;210;214m▄[48;2;22;18;21m[38;2;0;0;0m [48;2;2;1;3m[38;2;15;13;16m▃[48;2;6;4;7m[38;2;4;2;5m▚[48;2;1;1;1m[38;2;1;1;1m  [48;2;1;1;3m[38;2;1;1;3m    [48;2;3;1;6m[38;2;3;1;6m  [48;2;1;1;1m[38;2;1;1;1m                [0m
[48;2;1;1;1m[38;2;1;1;1m                [48;2;2;0;3m[38;2;2;0;3m    [48;2;1;1;1m[38;2;1;1;1m    [48;2;1;0;2m[38;2;9;7;10m▄[48;2;18;16;19m[38;2;194;193;195m▄[48;2;224;222;225m[38;2;0;0;0m [48;2;247;245;248m [48;2;218;77;104m[38;2;227;141;150m▎[48;2;214;76;102m[38;2;206;69;95m▃[48;2;212;75;105m[38;2;202;100;119m▁[48;2;212;87;113m[38;2;250;224;219m▄[48;2;241;239;242m[38;2;250;248;251m▄▄[48;2;236;232;236m[38;2;0;0;0m [48;2;34;30;33m[38;2;223;219;223m▄[48;2;4;4;4m[38;2;19;19;19m▖[48;2;0;0;0m[38;2;2;2;2m▝[48;2;1;1;1m[38;2;1;1;1m                      [0m
[48;2;1;1;1m[38;2;1;1;1m            [48;2;1;1;3m[38;2;1;1;3m  [48;2;3;1;6m[38;2;3;1;6m    [48;2;1;1;1m[38;2;1;1;1m    [48;2;1;1;3m[38;2;1;1;3m  [48;2;24;22;25m[38;2;189;187;190m▄[48;2;228;226;229m[38;2;0;0;0m [48;2;250;250;252m[38;2;250;250;252m  [48;2;226;223;225m[38;2;248;246;247m▇[48;2;209;77;103m[38;2;229;157;171m▎[48;2;248;245;246m[38;2;210;206;207m▎[48;2;254;251;252m[38;2;243;239;240m▎[48;2;250;250;252m[38;2;250;250;252m  [48;2;251;251;253m[38;2;242;242;244m┃[48;2;246;246;248m[38;2;255;255;255m│[48;2;15;13;18m[38;2;77;75;80m▁[48;2;5;3;8m[38;2;0;0;0m [48;2;2;0;3m[38;2;2;0;3m  [48;2;1;1;3m[38;2;1;1;3m  [48;2;1;1;1m[38;2;1;1;1m                  [0m
[48;2;1;1;1m[38;2;1;1;1m            [48;2;3;1;6m[38;2;3;1;6m    [48;2;1;1;3m[38;2;1;1;3m  [48;2;1;1;1m[38;2;1;1;1m    [48;2;1;0;0m[38;2;11;9;10m━[48;2;29;27;28m[38;2;191;190;191m▄[48;2;229;227;229m[38;2;0;0;0m [48;2;251;249;252m[38;2;243;241;244m▌[48;2;250;250;252m[38;2;250;250;252m          [48;2;174;172;177m[38;2;245;243;248m▊[48;2;6;4;9m[38;2;57;55;60m▎[48;2;3;1;4m[38;2;3;1;4m  [48;2;1;1;3m[38;2;1;1;3m  [48;2;1;1;1m[38;2;1;1;1m                  [0m
[48;2;1;1;1m[38;2;1;1;1m            [48;2;1;1;3m[38;2;1;1;3m  [48;2;3;1;6m[38;2;3;1;6m  [48;2;1;1;1m[38;2;1;1;1m    [48;2;1;1;3m[38;2;1;1;3m  [48;2;5;3;4m[38;2;0;0;0m [48;2;215;214;215m[38;2;77;75;76m▎[48;2;251;251;253m[38;2;244;244;246m▄[48;2;244;244;246m[38;2;251;251;253m▄[48;2;250;250;252m[38;2;250;250;252m          [48;2;239;237;239m[38;2;0;0;0m [48;2;28;26;29m[38;2;204;202;205m▅[48;2;7;5;10m[38;2;11;9;14m▌[48;2;1;0;4m[38;2;4;2;7m▎[48;2;1;1;1m[38;2;1;1;1m                    [0m
[48;2;1;1;1m[38;2;1;1;1m              [48;2;2;0;3m[38;2;2;0;3m  [48;2;1;1;3m[38;2;1;1;3m  [48;2;1;1;1m[38;2;1;1;1m      [48;2;211;208;209m[38;2;81;77;78m▎[48;2;244;241;242m[38;2;0;0;0m [48;2;250;250;252m[38;2;250;250;252m      [48;2;249;249;251m[38;2;249;249;251m  [48;2;244;242;244m[38;2;125;123;126m▁[48;2;246;245;247m[38;2;0;0;0m [48;2;248;248;249m[38;2;248;248;249m▄[48;2;163;163;165m[38;2;250;250;251m▊[48;2;1;0;2m[38;2;28;26;29m▎[38;2;6;4;7m┃[48;2;1;1;1m[38;2;1;1;1m                    [0m
[48;2;1;1;1m[38;2;1;1;1m                [48;2;1;1;3m[38;2;1;1;3m  [48;2;1;1;1m[38;2;1;1;1m    [48;2;3;1;4m[38;2;3;1;4m  [48;2;6;4;7m[38;2;1;0;2m│[48;2;210;208;211m[38;2;88;86;89m▎[48;2;243;241;242m[38;2;190;139;156m▁[48;2;250;244;247m[38;2;0;0;0m [48;2;244;242;244m[38;2;109;107;110m▁[48;2;237;236;238m[38;2;88;86;89m▁[48;2;243;239;240m[38;2;77;73;74m▁▁[48;2;233;229;233m[38;2;92;87;91m▁[48;2;221;217;221m[38;2;47;43;46m▅[48;2;54;52;55m[38;2;221;219;222m▅[48;2;243;241;243m[38;2;0;0;0m [48;2;236;235;237m [48;2;211;209;212m[38;2;30;28;31m▅[48;2;4;2;5m[38;2;4;2;5m  [48;2;1;1;1m[38;2;1;1;1m                    [0m
[48;2;1;1;1m[38;2;1;1;1m                      [48;2;3;1;6m[38;2;3;1;6m  [48;2;2;0;3m[38;2;2;0;3m  [48;2;211;71;102m[38;2;63;40;32m▎[48;2;236;215;208m[38;2;214;74;105m▅[48;2;47;31;38m[38;2;168;150;158m▁[48;2;9;9;11m[38;2;0;0;0m [48;2;14;12;17m[38;2;148;146;151m▁[48;2;9;7;12m[38;2;0;0;0m [48;2;10;7;10m[38;2;146;111;125m▂[48;2;37;34;37m[38;2;206;192;199m▅[48;2;250;250;251m[38;2;236;236;238m▘▗[48;2;219;214;219m[38;2;76;71;77m▁[48;2;6;3;7m[38;2;50;45;51m▎[48;2;1;1;1m[38;2;1;1;1m                      [0m
[48;2;1;1;1m[38;2;1;1;1m                    [48;2;2;0;3m[38;2;2;0;3m  [48;2;3;1;6m[38;2;3;1;6m  [48;2;7;4;2m[38;2;0;0;0m [48;2;63;25;33m[38;2;155;45;78m▗[48;2;197;86;110m[38;2;0;0;0m [48;2;215;78;110m[38;2;198;173;169m▅[48;2;237;233;236m[38;2;0;0;0m [48;2;9;4;8m[38;2;128;123;127m▎[48;2;244;243;247m[38;2;148;146;151m▎[48;2;61;59;64m[38;2;228;226;231m▅[48;2;224;201;206m[38;2;82;46;55m▅[48;2;200;73;95m[38;2;0;0;0m [48;2;244;226;229m[38;2;211;121;147m▅[48;2;188;180;178m[38;2;242;243;239m▊[48;2;3;1;4m[38;2;36;34;37m▎[48;2;9;7;10m[38;2;1;0;2m┃[48;2;1;1;1m[38;2;1;1;1m                      [0m
[48;2;1;1;1m[38;2;1;1;1m                    [48;2;2;0;3m[38;2;2;0;3m  [48;2;3;1;6m[38;2;3;1;6m  [48;2;2;0;3m[38;2;2;0;3m  [48;2;239;235;239m[38;2;115;110;114m▎[48;2;70;65;69m[38;2;241;237;240m▅[48;2;182;176;180m[38;2;83;77;81m┳[48;2;60;54;58m[38;2;218;213;217m▅[48;2;226;221;225m[38;2;70;64;68m▁[48;2;223;218;221m[38;2;90;84;88m▅[48;2;215;104;118m[38;2;233;224;222m▅[48;2;214;92;119m[38;2;239;216;226m▁[48;2;245;243;245m[38;2;0;0;0m [48;2;219;217;220m[38;2;56;54;57m▁[48;2;1;0;2m[38;2;28;26;29m▎[38;2;6;4;7m┃[48;2;1;1;3m[38;2;1;1;3m  [48;2;1;1;1m[38;2;1;1;1m                    [0m
[48;2;1;1;1m[38;2;1;1;1m                  [48;2;1;1;3m[38;2;1;1;3m      [48;2;2;0;3m[38;2;2;0;3m  [48;2;242;240;243m[38;2;113;111;114m▎[48;2;252;251;253m[38;2;245;243;246m│[48;2;250;250;252m[38;2;250;250;252m  [48;2;60;58;61m[38;2;243;242;244m▅[48;2;242;240;243m[38;2;0;0;0m [48;2;250;250;252m[38;2;250;250;252m  [48;2;176;174;177m[38;2;250;248;250m▊[48;2;2;0;3m[38;2;56;54;57m▎[48;2;1;1;1m[38;2;1;1;1m                        [0m
[48;2;1;1;1m[38;2;1;1;1m                  [48;2;2;0;3m[38;2;2;0;3m  [48;2;3;1;4m[38;2;3;1;4m  [48;2;1;1;3m[38;2;1;1;3m  [48;2;1;1;1m[38;2;1;1;1m  [48;2;180;178;181m[38;2;11;10;12m▅[48;2;245;243;246m[38;2;164;162;165m▎[48;2;250;250;252m[38;2;250;250;252m    [48;2;241;241;243m[38;2;249;249;250m▊[48;2;217;217;219m[38;2;250;250;251m▊[48;2;201;199;200m[38;2;22;20;21m▅[48;2;1;0;0m[38;2;3;1;2m▄[48;2;1;1;1m[38;2;1;1;1m                        [0m
[48;2;6;2;18m[38;2;37;3;203m▁▁▁▁[48;2;3;2;4m[38;2;26;3;148m▂▂▂▂▂▂▂▂▂▂▂▂▂▂[48;2;7;3;20m[38;2;31;0;186m▁▁[48;2;6;3;19m[38;2;30;0;185m▁▁[48;2;6;2;18m[38;2;37;3;203m▁▁▁▁[48;2;7;4;19m[38;2;29;1;163m▁[48;2;249;246;250m[38;2;123;118;137m▎[48;2;250;250;252m[38;2;250;250;252m    [48;2;246;245;249m[38;2;0;0;0m [48;2;222;220;227m[38;2;58;36;175m▁[48;2;16;13;26m[38;2;31;6;197m▁[48;2;10;7;21m[38;2;27;0;193m▁[48;2;6;3;18m[38;2;38;4;204m▁▁[48;2;6;2;18m[38;2;37;3;203m▁▁▁▁▁▁▁▁▁▁[48;2;3;2;4m[38;2;26;3;148m▂▂[48;2;6;2;18m[38;2;37;3;203m▁▁[48;2;3;2;4m[38;2;26;3;148m▂▂[48;2;6;2;18m[38;2;37;3;203m▁▁▁▁[48;2;3;2;4m[38;2;26;3;148m▂▂[0m
[48;2;38;3;183m[38;2;38;3;183m                          [48;2;40;10;172m[38;2;40;8;189m▚[48;2;212;200;238m[38;2;45;17;182m▆[48;2;245;244;248m[38;2;191;190;196m▎[48;2;250;249;253m[38;2;240;239;245m│[48;2;250;250;252m[38;2;250;250;252m  [48;2;223;218;240m[38;2;250;250;242m▊[48;2;37;7;184m[38;2;65;39;188m▎[48;2;38;3;183m[38;2;38;3;183m                          [0m
[48;2;38;3;183m[38;2;38;3;183m                          [48;2;38;5;187m[38;2;34;9;155m▗[48;2;47;15;183m[38;2;193;179;232m▂[48;2;246;244;251m[38;2;177;174;195m▎[48;2;252;252;251m[38;2;245;245;241m┗[48;2;250;250;252m[38;2;250;250;252m  [48;2;223;218;240m[38;2;250;250;242m▊[48;2;37;7;184m[38;2;65;39;188m▎[48;2;38;3;183m[38;2;38;3;183m                          [0m
[48;2;38;3;185m[38;2;38;3;185m                          [48;2;36;4;178m[38;2;42;6;204m▎[48;2;246;242;242m[38;2;117;96;197m▎[48;2;250;250;252m[38;2;250;250;252m    [48;2;245;244;246m[38;2;0;0;0m [48;2;73;56;177m[38;2;229;227;235m▆[48;2;32;0;173m[38;2;56;22;197m▌[48;2;36;2;177m[38;2;42;8;183m┃[48;2;38;3;185m[38;2;38;3;185m                        [0m
[48;2;38;3;185m[38;2;38;3;185m                          [48;2;41;8;165m[38;2;39;1;197m┃[48;2;208;200;216m[38;2;182;80;128m▂[48;2;247;245;248m[38;2;237;235;238m▖[48;2;248;246;249m[38;2;253;252;254m▅[48;2;250;250;252m[38;2;250;250;252m  [48;2;255;255;255m[38;2;251;251;253m▄[48;2;202;202;204m[38;2;247;247;248m▊[48;2;37;5;176m[38;2;79;49;195m▎[48;2;38;4;178m[38;2;40;4;193m▊[48;2;38;3;185m[38;2;38;3;185m                        [0m
[48;2;38;3;185m[38;2;38;3;185m                          [48;2;53;11;178m[38;2;159;58;117m▂[48;2;216;71;95m[38;2;116;48;93m▎[48;2;243;200;211m[38;2;204;68;95m▆[48;2;207;212;225m[38;2;61;26;158m▆[48;2;217;207;230m[38;2;48;18;171m▆[48;2;231;225;237m[38;2;173;77;89m▂[48;2;245;230;233m[38;2;195;84;119m▂[48;2;200;207;203m[38;2;245;241;240m▊[48;2;37;5;176m[38;2;79;49;195m▎[48;2;38;4;178m[38;2;40;4;193m▊[48;2;38;3;185m[38;2;38;3;185m                        [0m
[48;2;38;3;185m[38;2;38;3;185m                        [48;2;40;4;188m[38;2;35;4;160m▗[48;2;34;1;173m[38;2;19;5;50m▂[48;2;134;51;107m[38;2;17;11;25m▆[48;2;178;60;79m[38;2;23;9;8m▂[48;2;215;78;106m[38;2;193;58;85m▖[48;2;93;29;128m[38;2;216;75;95m▆[48;2;91;33;142m[38;2;220;79;98m▆[48;2;209;73;102m[38;2;0;0;0m [48;2;214;71;99m[38;2;229;84;113m┓[48;2;224;190;181m[38;2;203;71;95m▆[48;2;39;16;146m[38;2;9;7;15m▆▆[48;2;39;8;164m[38;2;24;14;42m▂[48;2;36;1;186m[38;2;34;3;156m▖[48;2;38;3;185m[38;2;38;3;185m                      [0m
[48;2;38;3;185m[38;2;38;3;185m                        [48;2;37;0;189m[38;2;37;4;171m▝[48;2;37;19;94m[38;2;37;3;174m▆[48;2;12;6;32m[38;2;40;15;161m▃[48;2;9;5;25m[38;2;32;7;163m▂[48;2;59;21;42m[38;2;43;9;177m▂▂[48;2;160;54;66m[38;2;25;8;82m▆▆[48;2;62;24;45m[38;2;44;9;178m▂▂[48;2;9;4;26m[38;2;40;11;180m▂▂[48;2;37;20;85m[38;2;37;3;172m▆[48;2;37;2;183m[38;2;37;5;166m⎼[48;2;38;3;185m[38;2;38;3;185m                      [0m
[48;2;40;2;185m[38;2;40;2;185m                                                            [0m
[48;2;40;2;185m[38;2;40;2;185m                                                            [0m
