[48;2;1;1;1m[38;2;1;1;1m                                                            [0m
[48;2;1;1;1m[38;2;1;1;1m                                                            [0m
[48;2;1;1;1m[38;2;1;1;1m                                                            [0m
[48;2;1;1;1m[38;2;1;1;1m                                                            [0m
[48;2;1;1;1m[38;2;1;1;1m                            [48;2;1;1;3m[38;2;1;1;3m  [48;2;1;1;1m[38;2;1;1;1m                              [0m
[48;2;1;1;1m[38;2;1;1;1m                          [48;2;1;1;3m[38;2;1;1;3m  [48;2;1;0;2m[38;2;7;5;8m▃▃[48;2;4;2;5m[38;2;4;2;5m  [48;2;2;2;4m[38;2;2;2;4m  [48;2;1;1;3m[38;2;1;1;3m  [48;2;1;1;1m[38;2;1;1;1m                        [0m
[48;2;1;1;1m[38;2;1;1;1m                          [48;2;7;5;8m[38;2;0;0;0m [48;2;13;12;14m[38;2;188;186;189m▄[48;2;123;121;124m[38;2;234;232;235m▇[48;2;158;156;159m[38;2;246;245;247m▇[48;2;168;166;169m[38;2;243;241;244m▇[48;2;28;26;29m[38;2;217;215;218m▄[48;2;5;4;6m[38;2;34;32;35m▖[48;2;4;3;5m[38;2;0;0;0m [48;2;1;1;1m[38;2;1;1;1m  [48;2;1;1;3m[38;2;1;1;3m  [48;2;1;1;1m[38;2;1;1;1m                      [0m
[48;2;1;1;1m[38;2;1;1;1m                          [48;2;3;1;6m[38;2;7;5;10m▌[48;2;249;247;252m[38;2;245;243;248m▊[48;2;247;245;242m[38;2;0;0;0m [48;2;238;241;237m[38;2;217;100;135m▄[48;2;250;241;243m[38;2;202;78;101m▄▄[48;2;209;204;208m[38;2;40;34;38m▄[48;2;15;9;13m[38;2;0;0;0m [48;2;1;1;1m[38;2;1;1;1m  [48;2;1;1;3m[38;2;1;1;3m  [48;2;3;1;4m[38;2;3;1;4m    [48;2;1;1;3m[38;2;1;1;3m  [48;2;1;1;1m[38;2;1;1;1m                [0m
[48;2;1;1;1m[38;2;1;1;1m                    [48;2;2;2;4m[38;2;2;2;4m  [48;2;1;1;3m[38;2;1;1;3m  [48;2;1;1;1m[38;2;1;1;1m  [48;2;5;3;6m[38;2;19;17;20m▂[48;2;246;244;246m[38;2;129;127;130m▎[48;2;208;76;105m[38;2;232;135;152m▎[48;2;43;16;13m[38;2;200;69;97m▄[48;2;214;68;102m[38;2;172;55;78m▎[48;2;42;18;15m[38;2;198;69;96m▄[48;2;17;12;16m[38;2;215;210;214m▄[48;2;22;18;21m[38;2;0;0;0m [48;2;2;2;4m[38;2;2;2;4m  [48;2;1;1;1m[38;2;1;1;1m  [48;2;1;1;3m[38;2;1;1;3m    [48;2;3;1;6m[38;2;3;1;6m  [48;2;1;1;1m[38;2;1;1;1m                [0m
[48;2;1;1;1m[38;2;1;1;1m                [48;2;2;0;3m[38;2;2;0;3m    [48;2;1;1;1m[38;2;1;1;1m    [48;2;1;0;2m[38;2;9;7;10m▄[48;2;18;16;19m[38;2;194;193;195m▄[48;2;226;224;227m[38;2;0;0;0m [48;2;246;245;247m [48;2;218;77;104m[38;2;227;141;150m▎[48;2;214;76;102m[38;2;206;69;95m▃[48;2;216;79;110m[38;2;206;105;123m▁[48;2;208;82;109m[38;2;248;220;215m▄[48;2;245;243;246m[38;2;0;0;0m [48;2;246;244;246m[38;2;212;210;213m▝[48;2;35;30;34m[38;2;223;218;222m▄[48;2;14;10;13m[38;2;73;68;72m▁[48;2;1;1;3m[38;2;1;1;3m  [48;2;1;1;1m[38;2;1;1;1m                      [0m
[48;2;1;1;1m[38;2;1;1;1m            [48;2;1;1;3m[38;2;1;1;3m  [48;2;3;1;6m[38;2;3;1;6m    [48;2;1;1;1m[38;2;1;1;1m    [48;2;1;1;3m[38;2;1;1;3m  [48;2;24;22;25m[38;2;189;187;190m▄[48;2;228;226;229m[38;2;0;0;0m [48;2;250;250;252m[38;2;250;250;252m  [48;2;226;223;225m[38;2;248;246;247m▇[48;2;209;77;103m[38;2;229;157;171m▎[48;2;248;245;246m[38;2;210;206;207m▎[48;2;254;251;252m[38;2;243;239;240m▎[48;2;250;250;252m[38;2;250;250;252m  [48;2;244;244;246m▖[48;2;249;249;251m[38;2;214;214;216m▝[48;2;37;35;40m[38;2;220;218;222m▄[48;2;1;0;4m[38;2;10;8;13m▄[48;2;2;0;3m[38;2;2;0;3m  [48;2;1;1;3m[38;2;1;1;3m  [48;2;1;1;1m[38;2;1;1;1m                  [0m
[48;2;1;1;1m[38;2;1;1;1m            [48;2;3;1;6m[38;2;3;1;6m    [48;2;1;1;3m[38;2;1;1;3m  [48;2;1;1;1m[38;2;1;1;1m    [48;2;1;0;0m[38;2;11;9;10m━[48;2;29;27;28m[38;2;191;190;191m▄[48;2;229;227;229m[38;2;0;0;0m [48;2;251;249;252m[38;2;243;241;244m▌[48;2;250;250;252m[38;2;250;250;252m          [48;2;178;173;177m[38;2;251;247;250m▊[48;2;4;0;3m[38;2;58;53;57m▎[48;2;3;1;4m[38;2;3;1;4m  [48;2;1;1;3m[38;2;1;1;3m  [48;2;1;1;1m[38;2;1;1;1m                  [0m
[48;2;1;1;1m[38;2;1;1;1m            [48;2;1;1;3m[38;2;1;1;3m  [48;2;3;1;6m[38;2;3;1;6m  [48;2;1;1;1m[38;2;1;1;1m    [48;2;1;1;3m[38;2;1;1;3m  [48;2;5;3;4m[38;2;0;0;0m [48;2;215;214;215m[38;2;77;75;76m▎[48;2;251;251;253m[38;2;244;244;246m▄[48;2;244;244;246m[38;2;251;251;253m▄[48;2;250;250;252m[38;2;250;250;252m          [48;2;239;237;239m[38;2;0;0;0m [48;2;28;26;29m[38;2;204;202;205m▅[48;2;7;5;10m[38;2;11;9;14m▌[48;2;1;0;4m[38;2;4;2;7m▎[48;2;1;1;1m[38;2;1;1;1m                    [0m
[48;2;1;1;1m[38;2;1;1;1m              [48;2;2;0;3m[38;2;2;0;3m  [48;2;1;1;3m[38;2;1;1;3m  [48;2;1;1;1m[38;2;1;1;1m      [48;2;186;182;185m[38;2;24;20;23m▅[48;2;222;218;221m[38;2;93;88;92m▁[48;2;251;251;253m[38;2;244;244;246m▄[48;2;244;244;246m[38;2;251;251;253m▄[48;2;251;247;250m[38;2;0;0;0m [48;2;247;243;246m[38;2;201;196;200m▁[48;2;249;249;251m[38;2;249;249;251m  [48;2;250;250;252m[38;2;250;250;252m    [48;2;248;248;249m[38;2;248;248;249m▄[48;2;163;163;165m[38;2;250;250;251m▊[48;2;1;0;2m[38;2;28;26;29m▎[38;2;6;4;7m┃[48;2;1;1;1m[38;2;1;1;1m                    [0m
[48;2;1;1;1m[38;2;1;1;1m                [48;2;1;1;3m[38;2;1;1;3m  [48;2;1;1;1m[38;2;1;1;1m    [48;2;3;1;4m[38;2;3;1;4m    [48;2;220;216;217m[38;2;97;93;94m▎[48;2;240;237;238m[38;2;92;88;89m▁[48;2;237;211;214m[38;2;172;74;100m▄[48;2;215;77;98m[38;2;199;71;90m┛[48;2;230;195;201m[38;2;175;60;93m▄[48;2;243;235;234m[38;2;207;110;137m▁[48;2;233;229;233m[38;2;91;86;90m▁[48;2;237;233;236m[38;2;50;46;49m▅[48;2;249;249;250m[38;2;225;225;227m▎[48;2;250;250;252m[38;2;244;244;246m┗[48;2;236;235;237m[38;2;0;0;0m [48;2;211;209;212m[38;2;30;28;31m▅[48;2;4;2;5m[38;2;4;2;5m  [48;2;1;1;1m[38;2;1;1;1m                    [0m
[48;2;1;1;1m[38;2;1;1;1m                      [48;2;3;1;6m[38;2;3;1;6m  [48;2;1;1;3m[38;2;1;1;3m  [48;2;6;1;5m[38;2;3;0;2m┛[48;2;80;75;79m[38;2;223;219;222m┏[48;2;41;32;33m[38;2;185;167;171m▁[48;2;172;63;98m[38;2;20;13;13m▅[48;2;27;18;18m[38;2;148;141;141m▁[48;2;177;55;94m[38;2;24;21;20m▅[48;2;46;21;27m[38;2;219;219;220m▅[48;2;43;35;37m[38;2;214;202;206m▅[48;2;238;238;239m[38;2;197;148;164m▁[48;2;249;246;248m[38;2;244;221;229m▁[48;2;219;214;219m[38;2;76;71;77m▁[48;2;6;3;7m[38;2;50;45;51m▎[48;2;1;1;1m[38;2;1;1;1m                      [0m
[48;2;1;1;1m[38;2;1;1;1m                    [48;2;2;0;3m[38;2;2;0;3m  [48;2;3;1;6m[38;2;3;1;6m  [48;2;2;0;3m[38;2;2;0;3m  [48;2;31;26;30m[38;2;197;192;196m▅[48;2;237;233;236m[38;2;0;0;0m [48;2;255;254;255m[38;2;238;236;239m▄[48;2;10;9;11m[38;2;121;119;122m▎[48;2;245;243;246m[38;2;145;143;148m▎[48;2;36;34;39m[38;2;173;171;176m▁[48;2;226;208;197m[38;2;211;73;102m▅[48;2;203;74;99m[38;2;220;90;116m▗[48;2;206;86;122m[38;2;235;234;231m▅[48;2;189;190;185m[38;2;248;238;237m▊[48;2;3;1;4m[38;2;36;34;37m▎[48;2;9;7;10m[38;2;1;0;2m┃[48;2;1;1;1m[38;2;1;1;1m                      [0m
[48;2;1;1;1m[38;2;1;1;1m                    [48;2;2;0;3m[38;2;2;0;3m  [48;2;3;1;6m[38;2;3;1;6m  [48;2;2;0;3m[38;2;2;0;3m  [48;2;242;240;243m[38;2;113;111;114m▎[48;2;252;251;253m[38;2;245;243;246m│[48;2;233;229;233m[38;2;89;84;88m▁[48;2;46;41;45m[38;2;135;130;134m▎[48;2;244;242;245m[38;2;171;169;172m▎[48;2;233;231;234m[38;2;74;72;75m▁[48;2;178;92;109m[38;2;68;59;59m┳[48;2;213;92;113m[38;2;231;224;226m▅[48;2;245;243;245m[38;2;0;0;0m [48;2;219;217;220m[38;2;63;61;64m▁[48;2;1;0;2m[38;2;28;26;29m▎[38;2;6;4;7m┃[48;2;1;1;3m[38;2;1;1;3m  [48;2;1;1;1m[38;2;1;1;1m                    [0m
[48;2;1;1;1m[38;2;1;1;1m                  [48;2;1;1;3m[38;2;1;1;3m        [48;2;197;196;198m[38;2;39;37;40m▁[48;2;243;241;244m[38;2;0;0;0m [48;2;71;70;72m[38;2;243;241;244m▅[48;2;237;236;238m[38;2;0;0;0m [48;2;246;244;246m [48;2;70;68;71m[38;2;241;239;242m▅[48;2;246;246;248m[38;2;236;236;238m▘[48;2;253;253;254m[38;2;247;247;249m▃[48;2;176;174;177m[38;2;250;248;250m▊[48;2;2;0;3m[38;2;56;54;57m▎[48;2;1;1;1m[38;2;1;1;1m                        [0m
[48;2;1;1;1m[38;2;1;1;1m                  [48;2;2;0;3m[38;2;2;0;3m  [48;2;3;1;4m[38;2;3;1;4m  [48;2;1;1;3m[38;2;1;1;3m  [48;2;1;1;1m[38;2;1;1;1m  [48;2;4;2;5m[38;2;8;6;9m▌[48;2;250;248;251m[38;2;246;244;247m▊[48;2;250;250;252m[38;2;250;250;252m    [48;2;241;241;243m[38;2;249;249;250m▊[48;2;217;217;219m[38;2;250;250;251m▊[48;2;201;199;200m[38;2;22;20;21m▅[48;2;1;0;0m[38;2;3;1;2m▄[48;2;1;1;1m[38;2;1;1;1m                        [0m
[48;2;6;2;18m[38;2;37;3;203m▁▁▁▁[48;2;3;2;4m[38;2;26;3;148m▂▂▂▂▂▂▂▂▂▂▂▂▂▂[48;2;7;3;20m[38;2;31;0;186m▁▁[48;2;6;3;19m[38;2;30;0;185m▁▁[48;2;6;2;18m[38;2;37;3;203m▁▁▁▁[48;2;12;8;24m[38;2;43;13;196m▁[48;2;197;193;207m[38;2;38;9;191m▁[48;2;247;247;249m[38;2;226;226;228m▖[48;2;252;252;253m[38;2;247;247;249m▘[48;2;250;250;252m[38;2;250;250;252m  [48;2;246;245;249m[38;2;0;0;0m [48;2;222;220;227m[38;2;58;36;175m▁[48;2;16;12;26m[38;2;38;8;204m▁[48;2;10;6;21m[38;2;33;2;199m▁[48;2;6;3;18m[38;2;38;4;204m▁▁[48;2;6;2;18m[38;2;37;3;203m▁▁▁▁▁▁▁▁▁▁[48;2;3;2;4m[38;2;26;3;148m▂▂[48;2;6;2;18m[38;2;37;3;203m▁▁[48;2;3;2;4m[38;2;26;3;148m▂▂[48;2;6;2;18m[38;2;37;3;203m▁▁▁▁[48;2;3;2;4m[38;2;26;3;148m▂▂[0m
[48;2;38;3;183m[38;2;38;3;183m                            [48;2;249;248;246m[38;2;162;153;208m▎[48;2;247;246;250m[38;2;247;246;250m▄[48;2;250;250;252m[38;2;250;250;252m  [48;2;223;218;240m[38;2;250;250;242m▊[48;2;37;7;184m[38;2;65;39;188m▎[48;2;38;3;183m[38;2;38;3;183m                          [0m
[48;2;38;3;183m[38;2;38;3;183m                          [48;2;38;5;187m[38;2;34;9;155m▗[48;2;47;15;183m[38;2;193;179;232m▂[48;2;246;244;251m[38;2;177;174;195m▎[48;2;252;252;251m[38;2;245;245;241m┗[48;2;250;250;252m[38;2;250;250;252m  [48;2;214;207;242m[38;2;252;252;244m▊[48;2;53;29;176m[38;2;209;202;234m▂[48;2;40;5;185m[38;2;40;5;185m  [48;2;38;3;183m[38;2;38;3;183m                        [0m
[48;2;38;3;185m[38;2;38;3;185m                          [48;2;36;4;178m[38;2;42;6;204m▎[48;2;246;242;242m[38;2;117;96;197m▎[48;2;250;250;252m[38;2;250;250;252m    [48;2;241;241;243m[38;2;249;249;250m▊[48;2;217;217;219m[38;2;250;250;251m▊[48;2;54;26;176m[38;2;216;207;238m▂[48;2;39;9;181m[38;2;53;16;204m╵[48;2;38;3;185m[38;2;38;3;185m                        [0m
[48;2;38;3;185m[38;2;38;3;185m                          [48;2;42;8;191m[38;2;31;5;161m▝[48;2;181;164;230m[38;2;43;13;177m▆[48;2;248;247;250m[38;2;184;183;189m▎[48;2;251;250;254m[38;2;242;241;246m┃[48;2;250;250;252m[38;2;250;250;252m    [48;2;220;214;240m[38;2;247;246;243m▊[48;2;34;4;185m[38;2;62;36;189m▎[48;2;38;3;185m[38;2;38;3;185m                        [0m
[48;2;38;3;185m[38;2;38;3;185m                          [48;2;35;1;180m[38;2;56;10;167m▗[48;2;43;11;182m[38;2;151;47;108m▂[48;2;201;198;202m[38;2;202;70;101m▆[48;2;241;219;226m[38;2;214;62;99m▂[48;2;218;215;240m[38;2;59;37;172m▆[48;2;234;221;230m[38;2;175;68;92m▂[48;2;244;229;232m[38;2;200;89;124m▂[48;2;248;246;244m[38;2;0;0;0m [48;2;220;214;240m[38;2;247;246;243m▊[48;2;34;4;185m[38;2;62;36;189m▎[48;2;38;3;185m[38;2;38;3;185m                        [0m
[48;2;38;3;185m[38;2;38;3;185m                        [48;2;41;5;189m[38;2;36;5;161m▗[48;2;35;2;174m[38;2;20;6;51m▂[48;2;38;15;132m[38;2;17;10;34m▆[48;2;86;34;49m[38;2;202;64;94m┗[48;2;218;76;102m[38;2;204;62;88m▖▝[48;2;101;43;142m[38;2;218;75;98m▆[48;2;211;73;102m[38;2;191;68;107m╶[48;2;216;75;103m[38;2;235;81;113m▎[48;2;229;193;185m[38;2;203;71;96m▆[48;2;181;179;185m[38;2;13;11;14m▆[48;2;39;18;141m[38;2;9;6;20m▆[48;2;39;8;164m[38;2;24;14;42m▂[48;2;36;1;186m[38;2;34;3;156m▖[48;2;38;3;185m[38;2;38;3;185m                      [0m
[48;2;38;3;185m[38;2;38;3;185m                        [48;2;37;0;189m[38;2;37;4;171m▝[48;2;37;19;94m[38;2;37;3;174m▆[48;2;12;6;32m[38;2;40;15;161m▃[48;2;9;5;25m[38;2;32;7;163m▂[48;2;59;21;42m[38;2;43;9;177m▂▂[48;2;160;54;66m[38;2;25;8;82m▆▆[48;2;62;24;45m[38;2;44;9;178m▂▂[48;2;9;4;26m[38;2;40;11;180m▂▂[48;2;37;20;85m[38;2;37;3;172m▆[48;2;37;2;183m[38;2;37;5;166m⎼[48;2;38;3;185m[38;2;38;3;185m                      [0m
[48;2;40;2;185m[38;2;40;2;185m                                                            [0m
[48;2;40;2;185m[38;2;40;2;185m                                                            [0m
