[48;2;1;1;1m[38;2;1;1;1m                                                            [0m
[48;2;1;1;1m[38;2;1;1;1m                                                            [0m
[48;2;1;1;1m[38;2;1;1;1m                                                            [0m
[48;2;1;1;1m[38;2;1;1;1m                                                            [0m
[48;2;1;1;1m[38;2;1;1;1m                            [48;2;1;1;3m[38;2;1;1;3m  [48;2;1;1;1m[38;2;1;1;1m                              [0m
[48;2;1;1;1m[38;2;1;1;1m                          [48;2;1;1;3m[38;2;1;1;3m  [48;2;1;0;2m[38;2;7;5;8m▃▃[48;2;4;2;5m[38;2;4;2;5m  [48;2;2;2;4m[38;2;2;2;4m  [48;2;1;1;3m[38;2;1;1;3m  [48;2;1;1;1m[38;2;1;1;1m                        [0m
[48;2;1;1;1m[38;2;1;1;1m                          [48;2;6;5;7m[38;2;14;12;15m▁[48;2;58;56;59m[38;2;222;221;223m▗[48;2;219;217;220m[38;2;0;0;0m [48;2;168;166;169m[38;2;246;244;246m▇[48;2;167;165;168m[38;2;242;240;243m▇[48;2;29;28;30m[38;2;218;216;219m▄[48;2;5;4;6m[38;2;35;33;36m▖[48;2;4;3;5m[38;2;0;0;0m [48;2;1;1;1m[38;2;1;1;1m  [48;2;1;1;3m[38;2;1;1;3m  [48;2;1;1;1m[38;2;1;1;1m                      [0m
[48;2;1;1;1m[38;2;1;1;1m                          [48;2;13;11;16m[38;2;3;2;6m▌[48;2;250;248;253m[38;2;242;240;245m▊[48;2;246;246;243m[38;2;0;0;0m [48;2;242;239;237m[38;2;210;98;131m▄[48;2;245;240;240m[38;2;208;81;105m▄▄[48;2;210;204;208m[38;2;38;32;36m▄[48;2;4;0;2m[38;2;14;8;12m▄[48;2;1;1;1m[38;2;1;1;1m  [48;2;1;1;3m[38;2;1;1;3m  [48;2;3;1;4m[38;2;3;1;4m    [48;2;1;1;3m[38;2;1;1;3m  [48;2;1;1;1m[38;2;1;1;1m                [0m
[48;2;1;1;1m[38;2;1;1;1m                    [48;2;2;2;4m[38;2;2;2;4m  [48;2;1;1;3m[38;2;1;1;3m  [48;2;8;8;8m[38;2;1;1;1m▅[48;2;2;2;2m[38;2;8;8;8m▂[48;2;10;8;11m[38;2;30;28;31m▁[48;2;244;242;245m[38;2;128;126;129m▎[48;2;210;76;106m[38;2;235;139;156m▎[48;2;44;17;14m[38;2;192;64;91m▄[48;2;217;69;103m[38;2;173;55;79m▎[48;2;37;17;14m[38;2;199;69;97m▄[48;2;15;11;14m[38;2;214;209;213m▄[48;2;24;20;23m[38;2;0;0;0m [48;2;2;2;4m[38;2;2;2;4m  [48;2;1;1;1m[38;2;1;1;1m  [48;2;1;1;3m[38;2;1;1;3m    [48;2;3;1;6m[38;2;3;1;6m  [48;2;1;1;1m[38;2;1;1;1m                [0m
[48;2;1;1;1m[38;2;1;1;1m                [48;2;2;0;3m[38;2;2;0;3m    [48;2;1;1;1m[38;2;1;1;1m    [48;2;1;0;2m[38;2;13;11;14m▄[48;2;233;231;234m[38;2;102;100;103m▎[48;2;225;225;227m[38;2;251;251;253m▆[48;2;229;229;231m[38;2;247;247;248m▇[48;2;219;77;104m[38;2;227;144;152m▎[48;2;214;77;103m[38;2;206;69;95m▄[48;2;216;82;112m[38;2;0;0;0m [48;2;210;83;110m[38;2;244;220;213m▄[48;2;245;243;246m[38;2;0;0;0m [48;2;246;244;246m[38;2;210;208;211m▝[48;2;33;29;32m[38;2;222;217;221m▄[48;2;16;11;15m[38;2;70;65;69m▁[48;2;1;1;3m[38;2;1;1;3m  [48;2;1;1;1m[38;2;1;1;1m                      [0m
[48;2;1;1;1m[38;2;1;1;1m            [48;2;1;1;3m[38;2;1;1;3m  [48;2;3;1;6m[38;2;3;1;6m    [48;2;1;1;1m[38;2;1;1;1m    [48;2;0;0;2m[38;2;3;3;5m▄[48;2;5;5;7m[38;2;69;69;71m▁[48;2;232;230;233m[38;2;91;89;92m▎[48;2;249;247;250m[38;2;252;251;253m▌[48;2;250;250;252m[38;2;250;250;252m  [48;2;243;227;227m[38;2;243;248;249m▊[48;2;214;78;105m[38;2;229;157;171m▎[48;2;248;245;246m[38;2;208;204;205m▎[48;2;254;251;252m[38;2;243;239;240m▎[48;2;250;250;252m[38;2;250;250;252m  [38;2;240;240;242m▘[48;2;247;247;248m[38;2;216;216;218m▝[48;2;31;30;34m[38;2;223;221;225m▄[48;2;11;10;14m[38;2;0;0;0m [48;2;2;0;3m[38;2;2;0;3m  [48;2;1;1;3m[38;2;1;1;3m  [48;2;1;1;1m[38;2;1;1;1m                  [0m
[48;2;1;1;1m[38;2;1;1;1m            [48;2;3;1;6m[38;2;3;1;6m    [48;2;1;1;3m[38;2;1;1;3m  [48;2;1;1;1m[38;2;1;1;1m    [48;2;33;31;34m[38;2;188;187;189m▄[48;2;222;221;223m[38;2;0;0;0m [48;2;250;250;252m[38;2;250;250;252m            [48;2;238;236;239m[38;2;0;0;0m [48;2;44;43;45m[38;2;220;218;221m▄[48;2;5;3;6m[38;2;5;3;6m  [48;2;1;1;3m[38;2;1;1;3m  [48;2;1;1;1m[38;2;1;1;1m                  [0m
[48;2;1;1;1m[38;2;1;1;1m            [48;2;1;1;3m[38;2;1;1;3m  [48;2;3;1;6m[38;2;3;1;6m  [48;2;1;1;1m[38;2;1;1;1m    [48;2;1;1;3m[38;2;1;1;3m  [48;2;213;209;213m[38;2;74;69;73m▎[48;2;246;242;245m[38;2;116;111;115m▁[48;2;250;250;252m[38;2;242;242;244m▃[48;2;243;243;245m[38;2;251;251;253m▄[48;2;250;250;252m[38;2;250;250;252m  [48;2;246;247;248m[38;2;222;150;174m▁▁[48;2;244;244;245m[38;2;201;182;188m▁[48;2;247;246;247m[38;2;0;0;0m [48;2;249;249;251m[38;2;249;249;251m  [48;2;241;241;243m[38;2;151;151;153m▁[48;2;248;248;249m[38;2;0;0;0m [48;2;250;250;252m[38;2;255;255;255m▎[48;2;173;173;175m[38;2;246;246;247m▊[48;2;19;14;18m[38;2;126;121;125m▁[48;2;3;0;2m[38;2;8;3;7m▃[48;2;1;1;1m[38;2;1;1;1m                    [0m
[48;2;1;1;1m[38;2;1;1;1m              [48;2;2;0;3m[38;2;2;0;3m  [48;2;1;1;3m[38;2;1;1;3m  [48;2;1;1;1m[38;2;1;1;1m      [48;2;188;183;187m[38;2;26;21;25m▅[48;2;229;225;229m[38;2;21;17;20m▅[48;2;219;217;220m[38;2;85;83;86m▁[48;2;255;254;255m[38;2;249;247;250m▄[48;2;216;92;111m[38;2;243;229;229m▅[48;2;207;81;109m[38;2;210;187;197m▁[48;2;203;77;101m[38;2;238;183;183m▁[48;2;246;244;247m[38;2;240;199;205m▎[48;2;255;255;255m[38;2;251;251;253m▄[48;2;200;200;202m[38;2;247;247;248m▊[48;2;45;40;44m[38;2;161;156;160m▁[48;2;251;248;251m[38;2;202;197;201m▎[48;2;250;250;252m[38;2;250;250;252m  [48;2;174;172;173m[38;2;244;242;243m▊[48;2;5;3;4m[38;2;53;51;52m▎[48;2;1;1;1m[38;2;1;1;1m                    [0m
[48;2;1;1;1m[38;2;1;1;1m                [48;2;1;1;3m[38;2;1;1;3m  [48;2;1;1;1m[38;2;1;1;1m    [48;2;3;1;4m[38;2;3;1;4m    [48;2;1;0;2m[38;2;7;5;8m▄[48;2;215;213;216m[38;2;119;117;120m▎[48;2;250;250;252m[38;2;242;242;244m▃[48;2;243;243;245m[38;2;251;251;253m▄[48;2;250;250;252m[38;2;250;250;252m  [48;2;245;246;246m[38;2;0;0;0m [48;2;247;242;246m[38;2;225;146;173m▁[48;2;249;242;246m[38;2;213;152;173m▁[48;2;243;246;246m[38;2;0;0;0m [48;2;239;239;241m[38;2;251;251;252m▊[48;2;235;235;236m[38;2;0;0;0m [48;2;209;207;210m[38;2;28;26;29m▅[48;2;1;0;2m[38;2;17;15;18m┏[48;2;1;1;1m[38;2;1;1;1m                    [0m
[48;2;1;1;1m[38;2;1;1;1m                      [48;2;3;1;6m[38;2;3;1;6m  [48;2;1;1;3m[38;2;1;1;3m  [48;2;9;7;10m[38;2;0;0;0m [48;2;14;12;15m[38;2;130;128;131m▁[48;2;203;199;202m[38;2;29;24;28m▅[48;2;227;223;227m[38;2;21;17;20m▅[48;2;230;226;229m[38;2;20;16;19m▅▅[48;2;247;218;211m[38;2;203;73;99m▅[48;2;183;80;96m[38;2;215;75;104m▆[48;2;207;93;127m[38;2;237;232;229m▅[48;2;246;242;240m[38;2;0;0;0m [48;2;229;225;229m[38;2;78;73;77m▁[48;2;208;203;207m[38;2;30;25;29m▅[48;2;2;2;2m[38;2;2;2;2m  [48;2;1;1;1m[38;2;1;1;1m                    [0m
[48;2;1;1;1m[38;2;1;1;1m                    [48;2;2;0;3m[38;2;2;0;3m  [48;2;3;1;6m[38;2;3;1;6m  [48;2;2;0;3m[38;2;2;0;3m  [48;2;36;31;35m[38;2;196;191;195m▅[48;2;236;232;236m[38;2;0;0;0m [48;2;57;56;58m[38;2;235;234;236m▅[48;2;9;7;10m[38;2;71;69;72m▎[48;2;27;23;26m[38;2;205;201;204m▅[48;2;17;13;16m[38;2;57;52;56m▎[48;2;195;71;93m[38;2;232;224;225m▅[48;2;212;88;111m[38;2;244;238;239m▅[48;2;248;246;249m[38;2;248;246;249m▄[48;2;184;182;185m[38;2;248;246;248m▊[48;2;3;1;4m[38;2;38;36;39m▎[48;2;11;9;12m[38;2;1;0;2m┃[48;2;1;1;1m[38;2;1;1;1m                      [0m
[48;2;1;1;1m[38;2;1;1;1m                    [48;2;2;0;3m[38;2;2;0;3m  [48;2;3;1;6m[38;2;3;1;6m  [48;2;2;0;3m[38;2;2;0;3m  [48;2;246;244;247m[38;2;114;112;115m▎[48;2;248;246;249m[38;2;248;246;249m▄[48;2;220;215;219m[38;2;251;247;250m▊[48;2;48;43;47m[38;2;141;136;140m▎[48;2;210;205;209m[38;2;70;65;69m▁[48;2;42;37;41m[38;2;181;176;180m▁[48;2;220;218;221m[38;2;72;70;73m▁[48;2;247;246;248m[38;2;0;0;0m [48;2;245;243;246m [48;2;220;218;221m[38;2;66;64;67m▁[48;2;1;0;2m[38;2;29;27;30m▎[38;2;6;4;7m┃[48;2;1;1;3m[38;2;1;1;3m  [48;2;1;1;1m[38;2;1;1;1m                    [0m
[48;2;1;1;1m[38;2;1;1;1m                  [48;2;1;1;3m[38;2;1;1;3m        [48;2;179;177;180m[38;2;15;14;16m▅[48;2;247;246;248m[38;2;165;163;166m▎[48;2;249;249;251m[38;2;249;249;251m  [48;2;60;58;61m[38;2;244;242;244m▅[48;2;239;237;239m[38;2;0;0;0m [48;2;65;63;66m[38;2;239;237;239m▅[48;2;244;242;244m[38;2;0;0;0m [48;2;177;175;178m[38;2;251;249;251m▊[48;2;1;0;2m[38;2;54;52;55m▎[48;2;1;1;1m[38;2;1;1;1m                        [0m
[48;2;1;1;1m[38;2;1;1;1m                  [48;2;2;0;3m[38;2;2;0;3m  [48;2;3;1;4m[38;2;3;1;4m  [48;2;1;1;3m[38;2;1;1;3m  [48;2;1;1;1m[38;2;1;1;1m  [48;2;10;8;11m[38;2;10;8;11m▄[48;2;243;241;244m[38;2;127;125;128m▎[48;2;250;250;252m[38;2;250;250;252m    [48;2;249;249;251m[38;2;249;249;251m  [48;2;214;212;215m[38;2;26;24;27m▁[48;2;1;0;2m[38;2;14;12;15m▄[48;2;1;1;1m[38;2;1;1;1m                        [0m
[48;2;6;3;17m[38;2;31;0;191m▁▁▁▁▁▁▁▁▁▁▁▁▁▁▁▁▁▁[48;2;7;4;19m[38;2;32;0;194m▁▁[48;2;6;3;19m[38;2;31;0;193m▁▁[48;2;6;3;17m[38;2;31;0;191m▁▁▁▁[48;2;11;6;21m[38;2;38;6;196m▁[48;2;181;176;182m[38;2;17;6;61m▅[48;2;243;242;245m[38;2;172;171;176m▎[48;2;250;249;252m[38;2;242;241;246m╷[48;2;250;250;252m[38;2;250;250;252m  [48;2;255;255;255m[38;2;251;251;253m▄[48;2;200;200;202m[38;2;247;247;248m▊[48;2;22;18;35m[38;2;46;17;192m▁[48;2;3;2;8m[38;2;25;3;134m▂[48;2;7;4;18m[38;2;32;0;192m▁▁[48;2;6;3;17m[38;2;31;0;191m▁▁▁▁▁▁▁▁▁▁▁▁▁▁▁▁▁▁▁▁▁▁[0m
[48;2;38;3;183m[38;2;38;3;183m                            [48;2;250;248;253m[38;2;158;151;192m▎[48;2;250;250;251m[38;2;239;240;234m│[48;2;250;250;252m[38;2;250;250;252m  [48;2;219;212;244m[38;2;249;248;244m▊[48;2;234;231;240m[38;2;58;35;179m▆[48;2;40;5;185m[38;2;40;5;185m  [48;2;38;3;183m[38;2;38;3;183m                        [0m
[48;2;38;3;183m[38;2;38;3;183m                          [48;2;43;9;191m[38;2;31;7;160m▗[48;2;44;13;176m[38;2;190;174;233m▂[48;2;245;244;248m[38;2;189;188;194m▎[48;2;243;242;247m[38;2;253;252;254m▌[48;2;250;250;252m[38;2;250;250;252m  [48;2;245;244;246m[38;2;228;228;230m╷[48;2;59;42;158m[38;2;230;227;242m▆[48;2;31;0;172m[38;2;57;23;198m▌[48;2;36;2;177m[38;2;42;8;183m┃[48;2;38;3;183m[38;2;38;3;183m                        [0m
[48;2;38;3;185m[38;2;38;3;185m                          [48;2;35;3;174m[38;2;45;10;200m▎[48;2;247;242;248m[38;2;115;94;199m▎[48;2;250;250;252m[38;2;250;250;252m    [38;2;243;243;245m┏[48;2;223;223;225m[38;2;248;248;249m▊[48;2;58;28;181m[38;2;212;203;228m▂[48;2;39;8;176m[38;2;42;9;205m▝[48;2;38;3;185m[38;2;38;3;185m                        [0m
[48;2;38;3;185m[38;2;38;3;185m                          [48;2;38;8;181m[38;2;38;5;185m▄[48;2;182;166;230m[38;2;44;13;178m▆[48;2;245;244;248m[38;2;189;188;194m▎[48;2;243;242;247m[38;2;253;252;254m▌[48;2;250;250;252m[38;2;250;250;252m    [48;2;213;207;233m[38;2;247;245;244m▊[48;2;33;4;178m[38;2;69;43;196m▎[48;2;38;3;185m[38;2;38;3;185m                        [0m
[48;2;38;3;185m[38;2;38;3;185m                          [48;2;46;4;175m[38;2;21;1;184m▖[48;2;45;9;183m[38;2;147;53;104m▂[48;2;212;186;202m[38;2;197;71;103m▆[48;2;243;218;223m[38;2;202;73;97m▂[48;2;224;213;241m[38;2;67;36;178m▆[48;2;227;221;226m[38;2;170;70;88m▂[48;2;248;234;237m[38;2;201;86;123m▂[48;2;242;241;239m[38;2;0;0;0m [48;2;223;216;230m[38;2;62;38;176m▂[48;2;43;16;182m[38;2;38;8;188m▄[48;2;38;3;185m[38;2;38;3;185m                        [0m
[48;2;38;3;185m[38;2;38;3;185m                        [48;2;36;1;185m[38;2;34;2;159m▗[48;2;40;6;179m[38;2;23;11;50m▂[48;2;37;17;116m[38;2;12;5;22m▅[48;2;167;57;82m[38;2;27;16;19m▂[48;2;218;76;102m[38;2;203;61;87m▖▝[48;2;96;41;144m[38;2;220;75;97m▆[48;2;212;73;102m[38;2;191;70;97m╶[48;2;204;73;104m[38;2;33;3;1m▂[48;2;215;120;139m[38;2;47;20;19m▃[48;2;39;16;150m[38;2;7;5;12m▆▆[48;2;40;7;172m[38;2;23;13;44m▂[48;2;36;2;178m[38;2;34;4;152m▖[48;2;38;3;185m[38;2;38;3;185m                      [0m
[48;2;38;3;185m[38;2;38;3;185m                        [48;2;37;2;180m[38;2;37;4;166m▝[48;2;37;18;98m[38;2;37;2;182m▆[48;2;16;8;44m[38;2;42;10;193m▂[48;2;9;5;24m[38;2;32;4;168m▂[48;2;60;20;45m[38;2;41;10;172m▂▂[48;2;152;53;71m[38;2;27;7;80m▆▆[48;2;7;3;23m[38;2;40;11;183m▂▂[48;2;7;3;24m[38;2;40;11;185m▂▂[48;2;37;21;81m[38;2;37;3;172m▆[48;2;37;2;184m[38;2;37;5;166m⎼[48;2;38;3;185m[38;2;38;3;185m                      [0m
[48;2;40;2;185m[38;2;40;2;185m                                                            [0m
[48;2;40;2;185m[38;2;40;2;185m                                                            [0m
