[48;2;1;1;1m[38;2;1;1;1m                                                            [0m
[48;2;1;1;1m[38;2;1;1;1m                                                            [0m
[48;2;1;1;1m[38;2;1;1;1m                                                            [0m
[48;2;1;1;1m[38;2;1;1;1m                                                            [0m
[48;2;1;1;1m[38;2;1;1;1m                            [48;2;1;1;3m[38;2;1;1;3m  [48;2;1;1;1m[38;2;1;1;1m                              [0m
[48;2;1;1;1m[38;2;1;1;1m                          [48;2;1;1;3m[38;2;1;1;3m  [48;2;1;0;2m[38;2;7;5;8m▃▃[48;2;4;2;5m[38;2;4;2;5m  [48;2;2;2;4m[38;2;2;2;4m  [48;2;1;1;3m[38;2;1;1;3m  [48;2;1;1;1m[38;2;1;1;1m                        [0m
[48;2;1;1;1m[38;2;1;1;1m                          [48;2;8;6;9m[38;2;0;0;0m [48;2;56;55;57m[38;2;218;217;219m▗[48;2;219;218;220m[38;2;0;0;0m [48;2;166;164;167m[38;2;247;245;247m▇[48;2;174;172;175m[38;2;244;242;244m▇[48;2;31;29;32m[38;2;213;211;214m▄[48;2;7;6;8m[38;2;31;29;32m▖[48;2;8;6;9m[38;2;2;1;3m▊[48;2;1;1;1m[38;2;1;1;1m  [48;2;1;1;3m[38;2;1;1;3m  [48;2;1;1;1m[38;2;1;1;1m                      [0m
[48;2;1;1;1m[38;2;1;1;1m                          [48;2;5;3;8m[38;2;15;13;18m│[48;2;245;243;248m[38;2;120;118;123m▎[48;2;242;244;240m[38;2;0;0;0m [48;2;251;238;239m[38;2;209;107;137m▄[48;2;246;243;242m[38;2;206;76;101m▄▄[48;2;208;202;206m[38;2;36;31;34m▄[48;2;18;12;16m[38;2;0;0;0m [48;2;1;1;1m[38;2;1;1;1m  [48;2;1;1;3m[38;2;1;1;3m  [48;2;3;1;4m[38;2;3;1;4m    [48;2;1;1;3m[38;2;1;1;3m  [48;2;1;1;1m[38;2;1;1;1m                [0m
[48;2;1;1;1m[38;2;1;1;1m                    [48;2;2;2;4m[38;2;2;2;4m  [48;2;1;1;3m[38;2;1;1;3m  [48;2;8;8;8m[38;2;1;1;1m▅[48;2;2;2;2m[38;2;9;9;9m▂[48;2;10;8;11m[38;2;33;31;34m▁[48;2;242;240;243m[38;2;117;115;118m▎[48;2;208;73;103m[38;2;232;135;152m▎[48;2;47;24;17m[38;2;193;65;92m▄[48;2;220;70;105m[38;2;174;55;79m▎[48;2;37;19;14m[38;2;196;66;94m▄[48;2;17;13;16m[38;2;215;210;214m▄[48;2;22;18;21m[38;2;0;0;0m [48;2;2;1;3m[38;2;16;14;17m▃[48;2;6;4;7m[38;2;3;1;4m▚[48;2;1;1;1m[38;2;1;1;1m  [48;2;1;1;3m[38;2;1;1;3m    [48;2;3;1;6m[38;2;3;1;6m  [48;2;1;1;1m[38;2;1;1;1m                [0m
[48;2;1;1;1m[38;2;1;1;1m                [48;2;2;0;3m[38;2;2;0;3m    [48;2;1;1;1m[38;2;1;1;1m    [48;2;16;14;17m[38;2;187;185;188m▄[48;2;225;223;225m[38;2;0;0;0m [48;2;224;224;226m[38;2;252;252;253m▆[48;2;228;228;230m[38;2;247;247;248m▇[48;2;218;77;104m[38;2;228;147;154m▎[48;2;213;64;94m[38;2;209;75;100m▊[48;2;216;81;110m[38;2;0;0;0m [48;2;209;81;109m[38;2;245;224;216m▄[48;2;234;232;235m[38;2;250;248;250m▆▆[48;2;183;181;184m[38;2;239;237;239m▇[48;2;35;33;36m[38;2;225;223;226m▄[48;2;6;4;5m[38;2;31;29;30m▂[48;2;1;0;0m[38;2;6;4;5m▄[48;2;1;1;1m[38;2;1;1;1m                      [0m
[48;2;1;1;1m[38;2;1;1;1m            [48;2;1;1;3m[38;2;1;1;3m  [48;2;3;1;6m[38;2;3;1;6m    [48;2;1;1;1m[38;2;1;1;1m    [48;2;6;5;7m[38;2;76;74;77m▁[48;2;24;22;25m[38;2;195;194;196m▄[48;2;225;223;226m[38;2;0;0;0m [48;2;247;246;248m[38;2;249;247;250m▄[48;2;250;250;252m[38;2;250;250;252m  [48;2;244;229;229m[38;2;248;248;251m▊[48;2;205;77;101m[38;2;228;157;171m▎[48;2;248;245;246m[38;2;207;203;204m▎[48;2;254;251;252m[38;2;243;239;240m▎[48;2;250;250;252m[38;2;250;250;252m    [48;2;237;233;236m[38;2;0;0;0m [48;2;36;32;35m[38;2;219;215;219m▄[48;2;8;7;9m[38;2;90;88;91m▁[48;2;6;5;7m[38;2;0;0;0m [48;2;1;1;3m[38;2;1;1;3m  [48;2;1;1;1m[38;2;1;1;1m                  [0m
[48;2;1;1;1m[38;2;1;1;1m            [48;2;3;1;6m[38;2;3;1;6m    [48;2;1;1;3m[38;2;1;1;3m  [48;2;1;1;1m[38;2;1;1;1m    [48;2;230;228;231m[38;2;82;80;83m▎[48;2;248;246;249m[38;2;255;254;255m│[48;2;250;250;252m[38;2;250;250;252m          [48;2;246;246;248m[38;2;0;0;0m [48;2;245;245;246m[38;2;162;162;164m▁[48;2;250;250;252m[38;2;250;250;252m  [48;2;239;237;239m[38;2;0;0;0m [48;2;44;42;45m[38;2;216;214;217m▄[48;2;6;4;7m[38;2;10;8;11m▌[48;2;1;0;2m[38;2;3;1;4m▎[48;2;1;1;1m[38;2;1;1;1m                  [0m
[48;2;1;1;1m[38;2;1;1;1m            [48;2;1;1;3m[38;2;1;1;3m  [48;2;3;1;6m[38;2;3;1;6m  [48;2;1;1;1m[38;2;1;1;1m    [48;2;1;1;3m[38;2;1;1;3m  [48;2;187;182;186m[38;2;26;22;25m▅[48;2;221;217;221m[38;2;91;86;90m▁[48;2;247;246;248m[38;2;112;110;113m▁▁[48;2;248;248;250m[38;2;248;248;250m  [48;2;241;227;231m[38;2;220;117;133m▄[48;2;239;223;228m[38;2;209;68;97m▄[48;2;244;220;225m[38;2;201;76;113m▄[48;2;245;243;239m[38;2;241;220;222m▎[48;2;250;250;252m[38;2;243;243;245m┗[48;2;222;222;224m[38;2;248;248;249m▊[48;2;227;222;225m[38;2;40;34;38m▅[48;2;39;34;37m[38;2;155;149;153m▁[48;2;250;249;251m[38;2;214;212;215m▎[48;2;243;241;244m[38;2;253;251;254m┃[48;2;236;231;235m[38;2;107;102;106m▁[48;2;217;213;217m[38;2;32;28;31m▅[48;2;3;3;3m[38;2;3;3;3m  [48;2;1;1;1m[38;2;1;1;1m                  [0m
[48;2;1;1;1m[38;2;1;1;1m              [48;2;2;0;3m[38;2;2;0;3m  [48;2;1;1;3m[38;2;1;1;3m  [48;2;1;1;1m[38;2;1;1;1m      [48;2;3;1;4m[38;2;3;1;4m  [48;2;197;195;198m[38;2;28;27;29m▅[48;2;244;243;245m[38;2;177;175;178m▎[48;2;250;245;245m[38;2;0;0;0m [48;2;202;117;144m[38;2;248;243;244m▄[48;2;196;79;114m[38;2;244;233;233m▅[48;2;247;240;239m[38;2;0;0;0m [48;2;243;237;235m[38;2;237;155;177m▁[48;2;233;231;227m[38;2;211;91;126m▅[48;2;67;38;42m[38;2;204;77;114m▄[48;2;240;233;231m[38;2;0;0;0m [48;2;233;229;233m[38;2;112;107;111m▁[48;2;214;209;213m[38;2;32;27;31m▅[48;2;4;2;5m[38;2;4;2;5m  [48;2;1;1;1m[38;2;1;1;1m                    [0m
[48;2;1;1;1m[38;2;1;1;1m                [48;2;1;1;3m[38;2;1;1;3m  [48;2;1;1;1m[38;2;1;1;1m    [48;2;3;1;4m[38;2;3;1;4m    [48;2;34;32;35m[38;2;1;0;2m▊[48;2;215;213;216m[38;2;108;106;109m▎[48;2;250;250;252m[38;2;242;242;244m▃[48;2;243;243;245m[38;2;251;251;253m▄[48;2;250;250;252m[38;2;250;250;252m  [48;2;210;84;101m[38;2;241;229;227m▅[48;2;210;82;109m[38;2;225;186;199m▁[48;2;201;90;125m[38;2;184;168;171m▅[48;2;213;202;204m[38;2;41;31;32m▅[48;2;5;3;8m[38;2;5;3;8m  [48;2;2;0;3m[38;2;2;0;3m  [48;2;1;1;1m[38;2;1;1;1m                    [0m
[48;2;1;1;1m[38;2;1;1;1m                      [48;2;3;1;6m[38;2;3;1;6m  [48;2;1;1;3m[38;2;1;1;3m  [48;2;8;7;9m[38;2;0;0;0m [48;2;14;12;15m[38;2;135;133;136m▁[48;2;203;198;202m[38;2;29;24;28m▅[48;2;228;223;227m[38;2;21;17;20m▅[48;2;229;224;228m[38;2;22;17;21m▅▅[48;2;229;225;228m[38;2;21;16;20m▅[48;2;212;207;211m[38;2;77;72;76m▅[48;2;45;41;44m[38;2;209;204;208m▅[48;2;3;0;2m[38;2;39;34;38m▎[48;2;3;1;6m[38;2;3;1;6m  [48;2;1;1;1m[38;2;1;1;1m                      [0m
[48;2;1;1;1m[38;2;1;1;1m                    [48;2;2;0;3m[38;2;2;0;3m  [48;2;3;1;6m[38;2;3;1;6m  [48;2;2;0;3m[38;2;2;0;3m  [48;2;30;26;29m[38;2;196;191;195m▅[48;2;238;234;237m[38;2;0;0;0m [48;2;61;59;62m[38;2;229;227;230m▅[48;2;10;9;11m[38;2;76;74;77m▎[48;2;33;32;34m[38;2;200;199;201m▅[48;2;14;12;15m[38;2;53;51;54m▎[48;2;32;30;33m[38;2;223;221;223m▅[48;2;243;241;243m[38;2;0;0;0m [48;2;241;239;241m [48;2;40;38;41m[38;2;220;219;221m▅[48;2;4;2;5m[38;2;18;16;19m▌[48;2;7;5;8m[38;2;1;0;2m▊[48;2;1;1;1m[38;2;1;1;1m                      [0m
[48;2;1;1;1m[38;2;1;1;1m                    [48;2;2;0;3m[38;2;2;0;3m  [48;2;3;1;6m[38;2;3;1;6m  [48;2;2;0;3m[38;2;2;0;3m  [48;2;240;239;241m[38;2;114;112;115m▎[48;2;248;246;249m[38;2;255;253;255m│[48;2;240;238;241m[38;2;255;254;255m┃[48;2;12;11;13m[38;2;124;122;125m▎[48;2;246;241;247m[38;2;153;148;154m▎[48;2;43;39;44m[38;2;187;182;188m▁[48;2;234;232;234m[38;2;116;114;117m▂[48;2;244;243;245m[38;2;0;0;0m [48;2;255;254;255m[38;2;247;245;248m▌[48;2;188;186;189m[38;2;247;246;248m▊[48;2;3;1;4m[38;2;39;37;40m▎[48;2;12;10;13m[38;2;1;0;2m┃[48;2;1;1;3m[38;2;1;1;3m  [48;2;1;1;1m[38;2;1;1;1m                    [0m
[48;2;1;1;1m[38;2;1;1;1m                  [48;2;1;1;3m[38;2;1;1;3m      [48;2;2;0;3m[38;2;2;0;3m  [48;2;246;244;247m[38;2;108;106;109m▎[48;2;248;246;249m[38;2;248;246;249m▄[48;2;247;245;247m[38;2;0;0;0m [48;2;68;66;69m[38;2;241;239;242m▅[48;2;238;238;240m[38;2;0;0;0m [48;2;246;246;247m [48;2;63;61;64m[38;2;242;241;243m▅[48;2;241;240;242m[38;2;0;0;0m [48;2;197;195;198m[38;2;249;247;249m▊[48;2;204;202;205m[38;2;24;22;25m▅[48;2;3;3;3m[38;2;3;3;3m  [48;2;1;1;1m[38;2;1;1;1m                      [0m
[48;2;1;1;1m[38;2;1;1;1m                  [48;2;2;0;3m[38;2;2;0;3m  [48;2;3;1;4m[38;2;3;1;4m  [48;2;1;1;3m[38;2;1;1;3m  [48;2;1;1;1m[38;2;1;1;1m  [48;2;246;244;247m[38;2;108;106;109m▎[48;2;248;246;249m[38;2;248;246;249m▄[48;2;250;250;252m[38;2;250;250;252m      [48;2;178;176;179m[38;2;251;250;252m▊[48;2;1;0;2m[38;2;52;50;53m▎[48;2;1;1;1m[38;2;1;1;1m                        [0m
[48;2;3;2;8m[38;2;28;4;141m▂▂▂▂▂▂▂▂▂▂▂▂▂▂▂▂▂▂[48;2;4;2;9m[38;2;29;5;144m▂▂[48;2;3;2;9m[38;2;28;4;143m▂▂[48;2;3;2;8m[38;2;28;4;141m▂▂▂▂[48;2;240;239;242m[38;2;114;112;117m▎[48;2;248;246;251m[38;2;255;253;255m│[48;2;250;250;252m[38;2;250;250;252m    [38;2;243;243;245m┗[48;2;222;222;224m[38;2;248;248;249m▊[48;2;195;191;192m[38;2;26;14;71m▅[48;2;18;12;29m[38;2;40;9;189m▁[48;2;4;2;8m[38;2;29;5;142m▂▂[48;2;3;2;8m[38;2;28;4;141m▂▂▂▂▂▂▂▂▂▂▂▂▂▂▂▂▂▂▂▂▂▂[0m
[48;2;38;3;183m[38;2;38;3;183m                        [48;2;38;3;185m[38;2;38;3;185m  [48;2;207;203;221m[38;2;55;38;169m▂[48;2;242;240;246m[38;2;0;0;0m [48;2;250;250;252m[38;2;250;250;252m    [48;2;255;255;255m[38;2;251;251;253m▄[48;2;198;198;200m[38;2;247;247;248m▊[48;2;37;4;176m[38;2;83;54;198m▎[48;2;38;4;178m[38;2;40;4;193m▊[48;2;38;3;183m[38;2;38;3;183m                        [0m
[48;2;38;3;183m[38;2;38;3;183m                          [48;2;35;7;170m[38;2;34;5;191m┃[48;2;250;248;248m[38;2;124;109;192m▎[48;2;250;250;252m[38;2;250;250;252m    [48;2;244;243;248m[38;2;0;0;0m [48;2;233;232;234m[38;2;77;59;175m▂[48;2;31;0;172m[38;2;58;24;199m▌[48;2;36;2;177m[38;2;42;8;183m┃[48;2;38;3;183m[38;2;38;3;183m                        [0m
[48;2;38;3;185m[38;2;38;3;185m                          [48;2;31;1;172m[38;2;40;4;198m▎[48;2;251;247;248m[38;2;115;94;199m▎[48;2;250;250;252m[38;2;250;250;252m    [48;2;203;193;245m[38;2;251;250;246m▊[48;2;35;5;180m[38;2;85;64;183m▎[48;2;38;3;185m[38;2;38;3;185m                          [0m
[48;2;38;3;185m[38;2;38;3;185m                          [48;2;37;8;181m[38;2;37;4;185m▄[48;2;188;172;231m[38;2;44;13;177m▆[48;2;245;244;248m[38;2;186;185;191m▎[48;2;243;242;247m[38;2;253;252;254m▌[48;2;250;250;252m[38;2;250;250;252m  [48;2;203;193;245m[38;2;251;250;246m▊[48;2;35;5;180m[38;2;85;64;183m▎[48;2;38;3;185m[38;2;38;3;185m                          [0m
[48;2;38;3;185m[38;2;38;3;185m                          [48;2;46;4;175m[38;2;20;0;185m▖[48;2;45;10;180m[38;2;152;54;111m▂[48;2;204;181;196m[38;2;198;70;103m▆[48;2;243;219;224m[38;2;209;77;101m▂[48;2;237;213;223m[38;2;211;87;112m▆[48;2;242;222;223m[38;2;204;80;97m▂[48;2;231;223;227m[38;2;193;80;120m▂[48;2;39;4;172m[38;2;87;45;187m▎[48;2;38;3;185m[38;2;38;3;185m                          [0m
[48;2;38;3;185m[38;2;38;3;185m                        [48;2;36;1;185m[38;2;33;2;162m▗[48;2;40;7;172m[38;2;23;7;67m▂[48;2;37;14;140m[38;2;11;5;25m▆[48;2;136;61;93m[38;2;11;5;10m▆[48;2;211;81;103m[38;2;166;43;63m▎[48;2;212;66;94m[38;2;225;76;105m┏[48;2;215;72;100m[38;2;0;0;0m [48;2;197;68;91m[38;2;49;24;15m▂[48;2;153;61;71m[38;2;16;8;15m▆[48;2;50;10;125m[38;2;8;2;15m▆[48;2;38;8;166m[38;2;12;5;26m▆[48;2;35;6;155m[38;2;9;3;20m▂[48;2;38;3;183m[38;2;38;3;183m  [48;2;38;3;185m[38;2;38;3;185m                      [0m
[48;2;38;3;185m[38;2;38;3;185m                        [48;2;37;2;181m[38;2;37;5;166m▝[48;2;37;18;94m[38;2;37;2;183m▆[48;2;15;9;37m[38;2;34;9;154m▃[48;2;9;4;25m[38;2;26;1;147m▂[48;2;60;20;43m[38;2;41;10;176m▂▂[48;2;130;52;68m[38;2;30;8;83m▆[48;2;15;6;24m[38;2;43;12;174m▂[48;2;6;3;22m[38;2;41;10;188m▂▂[48;2;15;6;39m[38;2;40;6;192m▂[48;2;23;12;53m[38;2;33;3;164m▆[48;2;38;3;185m[38;2;38;3;185m                        [0m
[48;2;40;2;185m[38;2;40;2;185m                                                            [0m
[48;2;40;2;185m[38;2;40;2;185m                                                            [0m
