[48;2;1;1;1m[38;2;1;1;1m                                                            [0m
[48;2;1;1;1m[38;2;1;1;1m                                                            [0m
[48;2;1;1;1m[38;2;1;1;1m                                                            [0m
[48;2;1;1;1m[38;2;1;1;1m                                                            [0m
[48;2;1;1;1m[38;2;1;1;1m                            [48;2;1;1;3m[38;2;1;1;3m  [48;2;1;1;1m[38;2;1;1;1m                              [0m
[48;2;1;1;1m[38;2;1;1;1m                          [48;2;1;1;3m[38;2;1;1;3m  [48;2;4;2;7m[38;2;4;2;7m  [48;2;2;1;3m[38;2;10;8;11m▃▃[48;2;2;2;4m[38;2;2;2;4m  [48;2;1;1;3m[38;2;1;1;3m  [48;2;1;1;1m[38;2;1;1;1m                        [0m
[48;2;1;1;1m[38;2;1;1;1m                          [48;2;1;1;3m[38;2;1;1;3m  [48;2;18;14;17m[38;2;191;186;190m▄[48;2;239;235;238m[38;2;177;172;176m▘[48;2;255;254;255m[38;2;254;252;255m▄[48;2;147;145;148m[38;2;243;241;244m▇[48;2;30;29;31m[38;2;210;208;210m▄[48;2;17;15;18m[38;2;0;0;0m [48;2;1;1;1m[38;2;1;1;1m  [48;2;1;1;3m[38;2;1;1;3m  [48;2;1;1;1m[38;2;1;1;1m                      [0m
[48;2;1;1;1m[38;2;1;1;1m                          [48;2;3;1;6m[38;2;3;1;6m  [48;2;245;243;246m[38;2;135;133;136m▎[48;2;248;247;249m[38;2;248;247;249m▄[48;2;248;239;241m[38;2;206;88;109m▄▄[48;2;241;233;233m[38;2;193;79;113m▄[48;2;203;209;203m[38;2;51;26;29m▄[48;2;2;2;2m[38;2;16;16;16m▌[48;2;5;5;5m[38;2;0;0;0m▊[48;2;1;1;3m[38;2;1;1;3m  [48;2;3;1;4m[38;2;3;1;4m    [48;2;1;1;3m[38;2;1;1;3m  [48;2;1;1;1m[38;2;1;1;1m                [0m
[48;2;1;1;1m[38;2;1;1;1m                    [48;2;2;2;4m[38;2;2;2;4m  [48;2;1;1;3m[38;2;1;1;3m  [48;2;4;2;3m[38;2;38;36;37m▁▁[48;2;15;13;16m[38;2;201;199;201m▄[48;2;17;15;18m[38;2;229;227;229m▄[48;2;234;227;229m[38;2;0;0;0m [48;2;203;73;96m[38;2;229;157;169m▎[48;2;44;26;17m[38;2;196;64;93m▄[48;2;208;64;97m[38;2;0;0;0m [48;2;34;24;14m[38;2;203;71;102m▄[48;2;20;13;18m[38;2;232;213;224m▄[48;2;18;16;19m[38;2;215;213;215m▄[48;2;1;0;2m[38;2;8;6;9m▄[48;2;1;1;1m[38;2;1;1;1m  [48;2;1;1;3m[38;2;1;1;3m    [48;2;3;1;6m[38;2;3;1;6m  [48;2;1;1;1m[38;2;1;1;1m                [0m
[48;2;1;1;1m[38;2;1;1;1m                [48;2;2;0;3m[38;2;2;0;3m    [48;2;2;2;2m[38;2;5;5;5m▚[48;2;1;1;1m[38;2;15;15;15m▃[48;2;21;19;20m[38;2;189;187;188m▄[48;2;18;16;17m[38;2;235;233;234m▄[48;2;243;242;244m[38;2;141;139;142m▘[48;2;202;200;203m[38;2;248;246;249m▇[48;2;249;249;251m[38;2;249;249;251m  [48;2;246;230;230m[38;2;249;251;253m▊[48;2;205;77;101m[38;2;228;157;171m▎[48;2;220;80;106m[38;2;211;71;97m▄[48;2;211;71;97m[38;2;220;80;106m▄[48;2;204;83;119m[38;2;244;229;232m▄[48;2;245;241;239m[38;2;0;0;0m [48;2;250;250;251m[38;2;236;236;238m▂[48;2;247;247;249m[38;2;207;207;209m▝[48;2;31;29;30m[38;2;241;239;240m▄[48;2;22;20;21m[38;2;233;232;233m▄[48;2;23;21;22m[38;2;216;214;215m▄[48;2;18;17;17m[38;2;0;0;0m [48;2;6;6;6m[38;2;56;56;56m▁[48;2;0;0;0m[38;2;1;1;1m▄[48;2;1;1;1m                  [0m
[48;2;1;1;1m[38;2;1;1;1m            [48;2;1;1;3m[38;2;1;1;3m  [48;2;3;1;6m[38;2;3;1;6m    [48;2;1;1;1m[38;2;1;1;1m  [48;2;24;20;23m[38;2;191;188;191m▄[48;2;217;213;217m[38;2;0;0;0m [48;2;250;250;252m[38;2;250;250;252m  [48;2;246;246;247m[38;2;177;177;179m▁[38;2;0;0;0m [48;2;250;250;252m[38;2;250;250;252m  [48;2;249;249;251m[38;2;249;249;251m  [48;2;217;83;111m[38;2;220;133;139m▎[48;2;240;246;246m[38;2;227;184;191m▎[48;2;250;250;252m[38;2;250;250;252m      [48;2;247;247;249m[38;2;247;247;249m  [48;2;140;136;137m[38;2;229;226;227m▊[48;2;7;4;4m[38;2;31;27;28m▎[48;2;1;1;1m[38;2;1;1;1m                  [0m
[48;2;1;1;1m[38;2;1;1;1m            [48;2;3;1;6m[38;2;3;1;6m    [48;2;1;1;3m[38;2;1;1;3m  [48;2;1;1;1m[38;2;1;1;1m  [48;2;48;47;49m[38;2;221;219;222m▝[48;2;216;215;217m[38;2;105;103;106m▁[48;2;248;248;250m[38;2;248;248;250m  [48;2;205;201;204m[38;2;33;29;32m▝[48;2;232;227;231m[38;2;0;0;0m [48;2;250;250;252m[38;2;250;250;252m    [48;2;249;249;251m[38;2;249;249;251m  [48;2;250;247;250m[38;2;242;237;241m⎻[48;2;246;242;245m[38;2;203;198;202m▁[48;2;248;228;232m[38;2;202;83;119m▄[48;2;245;243;241m[38;2;0;0;0m [48;2;244;244;246m [48;2;247;247;248m[38;2;146;146;148m▁[48;2;236;232;235m[38;2;118;113;117m▁[48;2;230;226;229m[38;2;38;33;37m▅[48;2;7;5;8m[38;2;17;15;18m▘[48;2;1;0;2m[38;2;6;4;7m▃[48;2;1;1;1m[38;2;1;1;1m                  [0m
[48;2;1;1;1m[38;2;1;1;1m            [48;2;1;1;3m[38;2;1;1;3m  [48;2;3;1;6m[38;2;3;1;6m  [48;2;1;1;1m[38;2;1;1;1m    [48;2;1;1;3m[38;2;1;1;3m  [48;2;187;182;186m[38;2;26;22;25m▅[48;2;221;217;221m[38;2;91;86;90m▁[48;2;244;241;240m[38;2;197;136;152m▁[48;2;241;224;226m[38;2;214;91;128m▄[48;2;247;232;237m[38;2;202;152;169m▁[48;2;247;247;247m[38;2;227;230;229m╶[48;2;250;250;252m[38;2;250;250;252m  [48;2;249;249;251m[38;2;249;249;251m  [48;2;246;215;211m[38;2;213;104;125m▄[48;2;209;70;101m[38;2;211;102;123m▎[48;2;220;129;148m[38;2;207;82;103m▊[48;2;235;226;228m[38;2;0;0;0m [48;2;220;216;219m[38;2;37;32;36m▅[48;2;14;9;13m[38;2;0;0;0m [48;2;3;1;6m[38;2;3;1;6m  [48;2;1;1;1m[38;2;1;1;1m                    [0m
[48;2;1;1;1m[38;2;1;1;1m              [48;2;2;0;3m[38;2;2;0;3m  [48;2;1;1;3m[38;2;1;1;3m  [48;2;1;1;1m[38;2;1;1;1m      [48;2;176;51;70m[38;2;24;12;10m▅[48;2;192;65;94m[38;2;53;35;43m▁[48;2;203;72;97m[38;2;220;142;149m▁[48;2;250;244;248m[38;2;209;167;173m▎[48;2;250;250;252m[38;2;250;250;252m    [48;2;246;244;243m[38;2;0;0;0m [48;2;193;93;125m[38;2;246;228;234m▅[48;2;209;207;210m[38;2;246;244;246m▊[48;2;220;218;221m[38;2;33;31;34m▅[48;2;5;3;8m[38;2;5;3;8m  [48;2;2;0;3m[38;2;2;0;3m  [48;2;1;1;1m[38;2;1;1;1m                    [0m
[48;2;1;1;1m[38;2;1;1;1m                [48;2;1;1;3m[38;2;1;1;3m  [48;2;1;1;1m[38;2;1;1;1m    [48;2;3;1;4m[38;2;3;1;4m  [48;2;2;0;3m[38;2;2;0;3m  [48;2;193;188;192m[38;2;27;22;26m▅[48;2;221;217;221m[38;2;87;82;86m▁[48;2;250;250;252m[38;2;242;242;244m▃[48;2;243;243;245m[38;2;251;251;253m▄[48;2;250;250;252m[38;2;250;250;252m  [48;2;249;249;251m[38;2;249;249;251m  [48;2;219;215;220m[38;2;101;96;102m▁[48;2;7;3;8m[38;2;50;45;51m▎[48;2;3;1;6m[38;2;3;1;6m  [48;2;2;0;3m[38;2;2;0;3m  [48;2;1;1;1m[38;2;1;1;1m                    [0m
[48;2;1;1;1m[38;2;1;1;1m                      [48;2;3;1;6m[38;2;3;1;6m  [48;2;2;0;3m[38;2;2;0;3m  [48;2;21;17;20m[38;2;200;195;199m▅[48;2;38;33;37m[38;2;179;174;178m▁[48;2;202;197;200m[38;2;69;64;67m▅[48;2;235;230;233m[38;2;27;22;25m▅[48;2;229;224;228m[38;2;22;17;21m▅▅[48;2;229;225;228m[38;2;21;16;20m▅[48;2;212;207;211m[38;2;77;72;76m▅[48;2;38;34;37m[38;2;212;208;212m▅[48;2;24;20;23m[38;2;164;159;163m▁[48;2;4;2;7m[38;2;4;2;7m  [48;2;1;1;1m[38;2;1;1;1m                      [0m
[48;2;1;1;1m[38;2;1;1;1m                    [48;2;2;0;3m[38;2;2;0;3m  [48;2;3;1;6m[38;2;3;1;6m  [48;2;1;0;2m[38;2;14;12;15m▄[48;2;75;73;76m[38;2;224;222;224m┏[48;2;233;233;235m[38;2;0;0;0m [48;2;251;251;252m[38;2;239;239;241m▎[48;2;241;239;242m[38;2;255;254;255m│[48;2;10;8;11m[38;2;113;111;114m▎[48;2;33;32;34m[38;2;200;199;201m▅[48;2;14;12;15m[38;2;53;51;54m▎[48;2;32;30;33m[38;2;223;221;223m▅[48;2;243;241;243m[38;2;0;0;0m [48;2;255;255;255m[38;2;247;247;249m▌[48;2;188;188;190m▊[48;2;26;24;27m[38;2;166;164;167m▁[48;2;1;0;2m[38;2;4;2;5m▄[48;2;1;1;1m[38;2;1;1;1m                      [0m
[48;2;1;1;1m[38;2;1;1;1m                    [48;2;2;0;3m[38;2;2;0;3m  [48;2;3;1;6m[38;2;3;1;6m  [48;2;18;16;19m[38;2;153;151;154m▁[48;2;240;238;240m[38;2;119;117;120m▎[48;2;247;245;248m[38;2;0;0;0m [48;2;238;237;239m[38;2;77;75;78m▁[48;2;224;218;220m[38;2;90;84;86m▅[48;2;67;61;63m[38;2;218;213;215m▅[48;2;222;218;222m[38;2;57;52;56m▁[48;2;47;42;46m[38;2;194;189;193m▁[48;2;237;237;239m[38;2;255;255;255m┃[48;2;250;250;252m[38;2;252;252;254m│[38;2;250;250;252m  [48;2;195;190;194m[38;2;247;243;247m▊[48;2;31;26;30m[38;2;183;178;182m▁[48;2;2;2;4m[38;2;2;2;4m  [48;2;1;1;1m[38;2;1;1;1m                    [0m
[48;2;1;1;1m[38;2;1;1;1m                  [48;2;1;1;3m[38;2;1;1;3m      [48;2;232;230;231m[38;2;84;82;83m▎[48;2;250;248;249m[38;2;255;254;255m│[48;2;239;238;240m[38;2;249;248;250m▆[48;2;69;67;70m[38;2;241;239;242m▅[48;2;236;234;236m[38;2;0;0;0m [48;2;226;224;227m[38;2;255;254;255m▊[48;2;11;7;10m[38;2;84;79;83m▎[48;2;199;195;199m[38;2;23;18;22m▅[48;2;230;228;231m[38;2;43;41;44m▁[48;2;244;242;244m[38;2;0;0;0m [48;2;250;250;252m[38;2;250;250;252m  [48;2;252;252;253m[38;2;237;237;239m▖[48;2;186;186;188m[38;2;246;246;247m▊[48;2;23;21;22m[38;2;193;191;192m▁[48;2;7;5;6m[38;2;0;0;0m [48;2;1;1;1m[38;2;1;1;1m                    [0m
[48;2;1;1;1m[38;2;1;1;1m                  [48;2;2;0;3m[38;2;2;0;3m  [48;2;3;1;4m[38;2;3;1;4m  [48;2;1;0;2m[38;2;29;27;30m [48;2;78;76;79m[38;2;219;218;220m┏[48;2;233;232;234m[38;2;0;0;0m [48;2;255;254;255m[38;2;251;249;252m▄[48;2;250;250;252m[38;2;250;250;252m  [48;2;246;244;246m[38;2;0;0;0m [48;2;231;229;232m[38;2;44;42;45m▁[48;2;9;5;10m[38;2;68;63;69m▎[48;2;3;0;4m[38;2;19;14;20m▗[48;2;45;41;44m[38;2;8;3;7m▊[48;2;215;211;214m[38;2;37;32;36m▁[48;2;249;249;251m[38;2;249;249;251m  [48;2;250;250;252m[38;2;250;250;252m  [48;2;192;191;192m[38;2;243;241;242m▊[48;2;31;30;30m[38;2;218;216;217m▁[48;2;2;2;2m[38;2;2;2;2m  [48;2;1;1;1m[38;2;1;1;1m                  [0m
[48;2;3;2;8m[38;2;28;4;141m▂▂▂▂▂▂▂▂▂▂▂▂▂▂▂▂▂▂[48;2;4;2;9m[38;2;29;5;144m▂▂[48;2;3;2;9m[38;2;28;4;143m▂▂[48;2;10;7;22m[38;2;25;0;172m▁[48;2;236;233;240m[38;2;87;82;103m▎[48;2;250;250;252m[38;2;250;250;252m    [48;2;246;244;247m[38;2;0;0;0m [48;2;16;11;44m[38;2;121;116;137m▎[48;2;6;2;9m[38;2;31;4;144m▂▂[48;2;8;2;21m[38;2;25;0;176m▁[48;2;26;19;38m[38;2;43;13;194m▁[48;2;250;250;251m[38;2;213;213;215m▎[48;2;242;242;244m[38;2;252;252;254m┃[48;2;250;250;252m[38;2;250;250;252m  [48;2;252;252;253m[38;2;245;245;247m┃[48;2;168;168;170m[38;2;244;244;246m▊[48;2;14;11;28m[38;2;37;10;188m▁[48;2;5;3;9m[38;2;29;6;142m▂[48;2;3;2;8m[38;2;28;4;141m▂▂▂▂▂▂▂▂▂▂▂▂▂▂▂▂▂▂[0m
[48;2;38;3;183m[38;2;38;3;183m                      [48;2;33;3;183m[38;2;33;3;183m▄[48;2;241;237;240m[38;2;93;68;196m▎[48;2;250;250;252m[38;2;250;250;252m    [48;2;240;234;243m[38;2;73;48;188m▆[48;2;45;17;183m[38;2;0;0;0m [48;2;38;3;183m[38;2;38;3;183m  [48;2;39;4;184m[38;2;39;4;184m  [48;2;240;235;247m[38;2;61;39;182m▆[48;2;247;246;241m[38;2;222;215;246m▎[48;2;250;250;252m[38;2;250;250;252m  [48;2;197;189;228m[38;2;244;242;242m▊[48;2;220;215;234m[38;2;56;32;184m▆[48;2;39;4;184m[38;2;39;4;184m  [48;2;38;3;183m[38;2;38;3;183m                  [0m
[48;2;38;3;183m[38;2;38;3;183m                      [48;2;33;3;183m[38;2;33;3;183m▄[48;2;241;237;240m[38;2;93;68;196m▎[48;2;250;250;252m[38;2;250;250;252m  [48;2;246;245;246m[38;2;0;0;0m [48;2;241;241;240m[38;2;95;77;189m▂[48;2;36;6;179m[38;2;110;85;203m▎[48;2;42;9;184m[38;2;36;3;174m▘[48;2;38;3;183m[38;2;38;3;183m    [48;2;86;65;184m[38;2;36;6;181m▊[48;2;252;251;246m[38;2;204;194;246m▎[48;2;250;250;252m[38;2;250;250;252m  [48;2;166;158;182m[38;2;251;248;246m▊[48;2;42;11;186m[38;2;42;11;186m▄[48;2;38;3;183m[38;2;38;3;183m                    [0m
[48;2;38;3;185m[38;2;38;3;185m                      [48;2;33;3;183m[38;2;33;3;183m▄[48;2;241;237;240m[38;2;93;68;196m▎[48;2;250;250;252m[38;2;250;250;252m  [48;2;255;254;249m[38;2;245;243;249m┃[48;2;33;3;181m[38;2;150;136;211m▎[48;2;38;3;185m[38;2;38;3;185m    [48;2;39;4;184m[38;2;39;4;184m  [48;2;57;33;176m[38;2;214;206;237m▂[48;2;249;248;245m[38;2;226;218;252m▎[48;2;239;238;243m[38;2;252;251;253m▊[48;2;203;202;207m[38;2;245;244;248m▊[48;2;203;189;240m[38;2;48;19;178m▆[48;2;40;8;182m[38;2;0;0;0m [48;2;38;3;185m[38;2;38;3;185m                    [0m
[48;2;38;3;185m[38;2;38;3;185m                      [48;2;37;4;190m[38;2;39;6;172m▝[48;2;172;156;216m[38;2;43;13;178m▆[48;2;241;238;249m[38;2;167;163;186m▎[48;2;248;248;248m[38;2;236;237;232m╷[48;2;237;231;241m[38;2;94;74;183m▂[48;2;38;6;188m[38;2;113;95;177m▎[48;2;38;3;185m[38;2;38;3;185m    [48;2;40;0;168m[38;2;47;8;201m▌[48;2;50;18;176m[38;2;170;56;100m▂[48;2;246;246;248m[38;2;221;221;223m▎[38;2;255;255;255m┃[48;2;227;223;237m[38;2;55;30;187m▂[48;2;200;195;218m[38;2;42;18;181m▆[48;2;39;4;186m[38;2;39;4;186m  [48;2;38;3;185m[38;2;38;3;185m                    [0m
[48;2;38;3;185m[38;2;38;3;185m                      [48;2;44;6;177m[38;2;40;4;208m▖[48;2;42;7;174m[38;2;137;49;121m▂[48;2;195;183;210m[38;2;193;70;100m▆[48;2;242;216;213m[38;2;215;72;107m▆[48;2;38;6;174m[38;2;78;58;127m▎[48;2;45;7;195m[38;2;36;1;172m│[48;2;38;3;185m[38;2;38;3;185m    [48;2;68;13;183m[38;2;32;2;184m▊[48;2;187;62;105m[38;2;50;7;164m▂[48;2;226;212;207m[38;2;210;77;112m▆[48;2;233;221;215m[38;2;201;70;104m▂[48;2;32;0;169m[38;2;59;27;189m▌[48;2;40;5;192m[38;2;39;4;182m▎[48;2;38;3;185m[38;2;38;3;185m                      [0m
[48;2;38;3;185m[38;2;38;3;185m                      [48;2;52;9;168m[38;2;161;66;119m▂[48;2;205;68;96m[38;2;105;39;120m▎[48;2;198;70;89m[38;2;56;30;32m▂[48;2;173;53;79m[38;2;30;10;19m▆[48;2;32;10;135m[38;2;6;4;11m▆▆[48;2;32;7;149m[38;2;6;3;13m▆▆▆▆[48;2;32;10;137m▆▆[48;2;151;63;85m[38;2;18;5;5m▆[48;2;201;69;106m[38;2;40;15;16m▃[48;2;82;27;94m[38;2;196;61;90m━[48;2;35;8;175m[38;2;77;24;162m╸[48;2;38;3;185m[38;2;38;3;185m                      [0m
[48;2;38;3;185m[38;2;38;3;185m                      [48;2;138;44;115m[38;2;35;3;179m▆[48;2;66;29;70m[38;2;49;8;180m▂[48;2;13;6;25m[38;2;39;6;184m▂▂[48;2;7;3;23m[38;2;42;11;189m▂▂[48;2;7;3;25m[38;2;42;14;176m▂▂▂▂[48;2;6;3;22m[38;2;41;10;188m▂▂[48;2;7;3;23m[38;2;42;11;190m▂▂[48;2;37;21;79m[38;2;37;3;174m▆[48;2;37;1;187m[38;2;37;4;167m⎼[48;2;38;3;185m[38;2;38;3;185m                      [0m
[48;2;40;2;185m[38;2;40;2;185m                                                            [0m
[48;2;40;2;185m[38;2;40;2;185m                                                            [0m
