[48;2;1;1;1m[38;2;1;1;1m                                                            [0m
[48;2;1;1;1m[38;2;1;1;1m                                                            [0m
[48;2;1;1;1m[38;2;1;1;1m                                                            [0m
[48;2;1;1;1m[38;2;1;1;1m                                                            [0m
[48;2;1;1;1m[38;2;1;1;1m                            [48;2;1;1;3m[38;2;1;1;3m  [48;2;1;1;1m[38;2;1;1;1m                              [0m
[48;2;1;1;1m[38;2;1;1;1m                          [48;2;1;1;3m[38;2;1;1;3m  [48;2;4;2;7m[38;2;4;2;7m  [48;2;2;1;3m[38;2;11;9;12m▃▃[48;2;2;2;4m[38;2;2;2;4m  [48;2;1;1;3m[38;2;1;1;3m  [48;2;1;1;1m[38;2;1;1;1m                        [0m
[48;2;1;1;1m[38;2;1;1;1m                          [48;2;1;1;3m[38;2;1;1;3m  [48;2;17;13;16m[38;2;197;192;196m▄[48;2;237;233;236m[38;2;175;170;174m▘[48;2;169;167;170m[38;2;249;247;249m▇[48;2;159;157;160m[38;2;241;239;242m▇[48;2;33;31;34m[38;2;211;209;212m▄[48;2;1;0;2m[38;2;2;0;3m▄[48;2;1;1;1m[38;2;1;1;1m  [48;2;1;1;3m[38;2;1;1;3m  [48;2;1;1;1m[38;2;1;1;1m                      [0m
[48;2;1;1;1m[38;2;1;1;1m                          [48;2;3;1;6m[38;2;3;1;6m  [48;2;245;243;246m[38;2;130;128;131m▎[48;2;249;247;249m[38;2;249;247;249m▄[48;2;250;242;244m[38;2;204;85;106m▄▄[48;2;236;235;232m[38;2;195;83;117m▄[48;2;203;206;201m[38;2;54;26;29m▄[48;2;7;7;7m[38;2;11;11;11m▌[48;2;0;0;0m[38;2;2;2;2m▎[48;2;1;1;3m[38;2;1;1;3m  [48;2;3;1;4m[38;2;3;1;4m    [48;2;1;1;3m[38;2;1;1;3m  [48;2;1;1;1m[38;2;1;1;1m                [0m
[48;2;1;1;1m[38;2;1;1;1m                    [48;2;2;2;4m[38;2;2;2;4m  [48;2;1;1;3m[38;2;1;1;3m  [48;2;8;8;8m[38;2;1;1;1m▅[48;2;2;2;2m[38;2;9;9;9m▂[48;2;5;3;6m[38;2;40;38;41m▁▁[48;2;245;241;241m[38;2;158;136;149m▎[48;2;208;73;96m[38;2;220;147;158m▎[48;2;47;20;16m[38;2;202;62;94m▄[48;2;204;68;98m[38;2;0;0;0m [48;2;38;16;11m[38;2;197;75;102m▄[48;2;26;15;23m[38;2;225;213;223m▄[48;2;17;16;18m[38;2;210;208;210m▄[48;2;17;15;18m[38;2;0;0;0m [48;2;1;1;1m[38;2;1;1;1m  [48;2;1;1;3m[38;2;1;1;3m    [48;2;3;1;6m[38;2;3;1;6m  [48;2;1;1;1m[38;2;1;1;1m                [0m
[48;2;1;1;1m[38;2;1;1;1m                [48;2;2;0;3m[38;2;2;0;3m    [48;2;1;1;1m[38;2;1;1;1m  [48;2;1;0;0m[38;2;56;54;55m▁▁[48;2;25;23;26m[38;2;196;194;197m▄[48;2;220;218;221m[38;2;0;0;0m [48;2;213;211;214m[38;2;248;246;249m▇▇[48;2;250;237;243m[38;2;242;251;250m┃[48;2;211;79;104m[38;2;229;159;170m▎[48;2;220;80;106m[38;2;211;71;97m▄[48;2;211;71;97m[38;2;220;80;106m▄[48;2;210;90;126m[38;2;242;224;226m▄[48;2;247;242;240m[38;2;0;0;0m [48;2;250;250;251m[38;2;239;239;241m▘[48;2;246;246;248m[38;2;212;212;214m▝[48;2;33;31;32m[38;2;240;239;240m▄[48;2;21;19;20m[38;2;216;214;215m▄[48;2;5;4;4m[38;2;31;29;30m▂[48;2;5;3;4m[38;2;1;0;0m▆[48;2;1;1;1m[38;2;1;1;1m                    [0m
[48;2;1;1;1m[38;2;1;1;1m            [48;2;1;1;3m[38;2;1;1;3m  [48;2;3;1;6m[38;2;3;1;6m    [48;2;0;0;0m[38;2;8;8;8m━[48;2;5;5;5m[38;2;66;66;66m▁[48;2;22;21;23m[38;2;195;193;195m▄[48;2;25;24;26m[38;2;236;234;237m▄[48;2;220;219;221m[38;2;0;0;0m [48;2;245;243;246m [48;2;250;250;252m[38;2;250;250;252m    [48;2;249;249;251m[38;2;249;249;251m  [48;2;211;82;108m[38;2;208;138;136m▎[48;2;247;245;248m[38;2;230;184;194m▎[48;2;250;250;252m[38;2;250;250;252m      [48;2;233;231;234m[38;2;0;0;0m [48;2;35;33;36m[38;2;217;215;218m▄[48;2;8;6;7m[38;2;93;91;92m▁[48;2;5;4;4m[38;2;0;0;0m [48;2;1;1;1m[38;2;1;1;1m                  [0m
[48;2;1;1;1m[38;2;1;1;1m            [48;2;3;1;6m[38;2;3;1;6m    [48;2;1;1;3m[38;2;1;1;3m  [48;2;1;0;2m[38;2;8;6;9m┃[48;2;211;210;212m[38;2;59;57;60m▎[48;2;250;250;252m[38;2;242;242;244m▃[48;2;243;243;245m[38;2;251;251;253m▄[48;2;247;247;249m[38;2;0;0;0m [48;2;246;246;247m[38;2;168;168;170m▁[48;2;229;227;229m[38;2;55;53;56m▄[48;2;222;220;223m[38;2;0;0;0m [48;2;250;250;252m[38;2;250;250;252m    [48;2;249;249;251m[38;2;249;249;251m  [48;2;242;240;237m[38;2;220;176;185m▁[48;2;244;230;230m[38;2;211;85;122m▄[48;2;246;226;230m[38;2;208;83;121m▄[48;2;244;249;244m[38;2;237;222;223m▎[48;2;249;249;251m[38;2;249;249;251m  [48;2;247;246;248m[38;2;134;132;135m▁▁[48;2;140;135;139m[38;2;229;224;228m▊[48;2;3;0;2m[38;2;16;11;15m▄[48;2;1;1;1m[38;2;1;1;1m                  [0m
[48;2;1;1;1m[38;2;1;1;1m            [48;2;1;1;3m[38;2;1;1;3m  [48;2;3;1;6m[38;2;3;1;6m  [48;2;1;1;1m[38;2;1;1;1m    [48;2;211;209;212m[38;2;92;90;93m▎[48;2;242;240;242m[38;2;0;0;0m [48;2;252;250;253m[38;2;240;238;241m│[48;2;22;21;23m[38;2;176;174;177m▎[48;2;1;0;0m[38;2;7;5;6m┛[48;2;195;193;194m[38;2;25;23;24m▅[48;2;224;222;225m[38;2;0;0;0m [48;2;253;251;254m[38;2;255;254;255m▌[48;2;250;250;252m[38;2;250;250;252m  [48;2;249;249;251m[38;2;249;249;251m  [48;2;213;81;105m[38;2;244;233;236m▅▅[48;2;189;83;114m[38;2;245;232;233m▅[48;2;233;230;228m[38;2;136;114;117m▁[48;2;218;214;217m[38;2;18;13;17m▄[48;2;223;218;222m[38;2;32;27;31m▅[48;2;5;3;6m[38;2;5;3;6m  [48;2;1;1;1m[38;2;1;1;1m                    [0m
[48;2;1;1;1m[38;2;1;1;1m              [48;2;2;0;3m[38;2;2;0;3m  [48;2;1;1;3m[38;2;1;1;3m  [48;2;1;1;1m[38;2;1;1;1m  [48;2;4;0;0m[38;2;9;3;5m▄[48;2;224;219;221m[38;2;84;78;80m▎[48;2;248;244;246m[38;2;204;160;175m▁[48;2;24;16;17m[38;2;173;162;166m▎[48;2;2;0;3m[38;2;2;0;3m  [48;2;217;216;218m[38;2;104;102;105m▎[48;2;244;242;245m[38;2;0;0;0m [48;2;250;250;252m[38;2;250;250;252m      [48;2;180;178;181m[38;2;252;251;253m▊[48;2;4;2;5m[38;2;51;49;52m▎[48;2;3;1;6m[38;2;3;1;6m  [48;2;2;0;3m[38;2;2;0;3m  [48;2;1;1;1m[38;2;1;1;1m                    [0m
[48;2;1;1;1m[38;2;1;1;1m                [48;2;1;1;3m[38;2;1;1;3m  [48;2;1;1;1m[38;2;1;1;1m  [48;2;16;5;7m[38;2;71;42;51m▁[48;2;206;67;92m[38;2;75;32;33m▎[48;2;208;72;96m[38;2;165;48;66m▂[48;2;20;6;9m[38;2;129;47;66m▎[48;2;3;1;4m[38;2;3;1;4m  [48;2;21;17;20m[38;2;128;123;127m▁[48;2;215;210;214m[38;2;133;128;132m▎[48;2;248;248;250m[38;2;248;248;250m  [48;2;250;250;252m[38;2;250;250;252m  [48;2;249;249;251m[38;2;249;249;251m  [48;2;222;218;223m[38;2;100;95;101m▁[48;2;3;0;4m[38;2;8;3;9m▎[48;2;3;1;6m[38;2;3;1;6m  [48;2;2;0;3m[38;2;2;0;3m  [48;2;1;1;1m[38;2;1;1;1m                    [0m
[48;2;1;1;1m[38;2;1;1;1m                    [48;2;161;59;74m[38;2;12;8;7m▅[48;2;205;60;89m[38;2;20;9;10m▅[48;2;8;2;6m[38;2;40;34;38m▘[48;2;6;0;4m[38;2;4;0;2m▚[48;2;6;5;7m[38;2;0;0;0m [48;2;12;11;13m[38;2;135;133;136m▁[48;2;242;238;241m[38;2;126;121;125m▎[48;2;65;60;64m[38;2;232;228;231m▅[48;2;201;196;200m[38;2;93;88;91m▅[48;2;232;227;230m[38;2;29;24;27m▅[48;2;230;225;229m[38;2;21;16;20m▅▅[48;2;226;222;225m[38;2;24;19;23m▅[48;2;219;214;218m[38;2;28;24;27m▅[48;2;41;36;40m[38;2;212;208;211m▅[48;2;9;5;8m[38;2;32;27;31m▎[48;2;3;1;6m[38;2;3;1;6m  [48;2;1;1;1m[38;2;1;1;1m                      [0m
[48;2;1;1;1m[38;2;1;1;1m                    [48;2;2;0;3m[38;2;2;0;3m  [48;2;3;1;6m[38;2;3;1;6m  [48;2;18;16;19m[38;2;151;149;152m▁[48;2;238;237;239m[38;2;116;114;117m▎[48;2;250;250;252m[38;2;250;250;252m  [48;2;245;243;245m[38;2;0;0;0m [48;2;58;56;59m[38;2;186;184;186m▅[48;2;32;28;31m[38;2;174;169;173m▁[48;2;30;25;29m[38;2;211;206;210m▅[48;2;16;12;15m[38;2;54;49;53m▎[48;2;44;39;43m[38;2;218;214;217m▅[48;2;241;239;241m[38;2;0;0;0m [48;2;40;38;41m[38;2;221;219;221m▅[48;2;21;19;22m[38;2;165;163;166m▁[48;2;9;7;10m[38;2;0;0;0m [48;2;1;1;1m[38;2;1;1;1m                      [0m
[48;2;1;1;1m[38;2;1;1;1m                    [48;2;2;0;3m[38;2;2;0;3m  [48;2;2;0;5m[38;2;2;0;5m  [48;2;235;233;235m[38;2;84;82;85m▎[48;2;243;241;244m[38;2;253;251;253m▌[48;2;246;244;246m[38;2;0;0;0m [48;2;195;194;196m[38;2;71;69;72m┏[48;2;219;214;216m[38;2;77;71;73m▅[48;2;58;53;54m[38;2;171;166;168m▅[48;2;227;223;226m[38;2;44;39;43m▁[48;2;218;214;217m[38;2;86;82;85m▅[48;2;59;57;60m[38;2;229;227;230m▅[48;2;241;239;242m[38;2;0;0;0m [48;2;250;250;252m[38;2;250;250;252m  [48;2;242;240;242m[38;2;0;0;0m [48;2;39;37;40m[38;2;218;216;219m▅[48;2;7;5;8m[38;2;11;9;12m▌[48;2;1;0;2m[38;2;2;0;3m▎[48;2;1;1;1m[38;2;1;1;1m                    [0m
[48;2;1;1;1m[38;2;1;1;1m                  [48;2;1;1;3m[38;2;1;1;3m    [48;2;1;0;2m[38;2;10;8;11m▄[38;2;7;5;8m▂[48;2;238;236;238m[38;2;115;113;116m▎[48;2;250;248;250m[38;2;238;236;239m│[48;2;250;250;252m[38;2;250;250;252m  [48;2;244;243;245m[38;2;0;0;0m [48;2;63;61;64m[38;2;183;181;184m▅[48;2;20;16;21m[38;2;0;0;0m [48;2;197;193;198m[38;2;20;16;21m▅[48;2;229;227;229m[38;2;49;47;50m▁[48;2;244;242;245m[38;2;0;0;0m [48;2;250;250;252m[38;2;250;250;252m  [48;2;249;249;251m[38;2;0;0;0m [48;2;249;249;250m[38;2;215;215;217m▝[48;2;41;39;40m[38;2;217;215;216m▅[48;2;5;3;4m[38;2;35;33;34m▎[48;2;1;1;1m[38;2;1;1;1m                    [0m
[48;2;1;1;1m[38;2;1;1;1m                  [48;2;2;0;3m[38;2;2;0;3m  [48;2;3;1;4m[38;2;3;1;4m  [48;2;21;16;20m[38;2;172;167;171m▁[48;2;239;235;239m[38;2;113;108;112m▎[48;2;250;250;252m[38;2;250;250;252m    [48;2;230;228;230m[38;2;60;58;61m▁[48;2;9;8;10m[38;2;97;95;98m▎[48;2;3;1;6m[38;2;3;1;6m  [48;2;3;0;2m[38;2;5;0;4m▄[48;2;219;215;219m[38;2;33;28;32m▁[48;2;249;249;251m[38;2;249;249;251m  [48;2;250;250;252m[38;2;250;250;252m  [48;2;240;238;240m[38;2;0;0;0m [48;2;48;46;49m[38;2;220;219;221m▅[48;2;3;3;3m[38;2;3;3;3m  [48;2;1;1;1m[38;2;1;1;1m                  [0m
[48;2;3;2;7m[38;2;29;4;146m▂▂▂▂▂▂▂▂▂▂▂▂▂▂▂▂▂▂[48;2;4;2;8m[38;2;30;5;148m▂▂[48;2;3;2;8m[38;2;29;4;147m▂▂[48;2;231;228;234m[38;2;75;72;79m▎[48;2;249;246;253m[38;2;255;253;255m│[48;2;250;250;252m[38;2;250;250;252m  [48;2;245;244;247m[38;2;0;0;0m [48;2;237;234;240m[38;2;62;41;170m▁[48;2;36;30;50m[38;2;37;13;181m▁[48;2;9;6;11m[38;2;25;3;142m▂[48;2;6;2;8m[38;2;32;4;148m▂▂[48;2;9;7;12m[38;2;26;3;145m▂[48;2;18;14;31m[38;2;34;8;192m▁[48;2;237;235;236m[38;2;104;88;183m▂[48;2;245;244;247m[38;2;231;230;238m╴[48;2;250;250;252m[38;2;250;250;252m  [48;2;249;249;251m[38;2;0;0;0m [48;2;249;249;250m[38;2;215;215;217m▝[48;2;48;46;53m[38;2;221;217;227m▅[48;2;13;12;16m[38;2;41;22;145m▂[48;2;3;2;7m[38;2;29;4;146m▂▂▂▂▂▂▂▂▂▂▂▂▂▂▂▂▂▂[0m
[48;2;38;3;183m[38;2;38;3;183m                    [48;2;36;8;175m[38;2;40;6;199m┫[48;2;108;89;188m[38;2;221;215;230m┏[48;2;238;237;241m[38;2;0;0;0m [48;2;246;245;250m[38;2;237;236;242m╸[48;2;250;250;252m[38;2;250;250;252m  [48;2;254;253;253m[38;2;244;241;253m┃[48;2;33;4;174m[38;2;151;138;210m▎[48;2;38;3;183m[38;2;38;3;183m      [48;2;46;21;175m[38;2;37;11;177m▄[48;2;232;227;246m[38;2;96;74;197m▂[48;2;249;249;251m[38;2;249;249;251m  [48;2;243;243;245m[38;2;251;251;253m▄[48;2;250;250;252m[38;2;242;242;244m▃[48;2;223;215;233m[38;2;69;42;190m▂[48;2;35;5;181m[38;2;63;36;176m▎[48;2;38;3;183m[38;2;38;3;183m                  [0m
[48;2;38;3;183m[38;2;38;3;183m                    [48;2;46;20;181m[38;2;183;174;219m▂[48;2;236;233;239m[38;2;130;115;199m▎[48;2;250;250;252m[38;2;250;250;252m    [48;2;235;227;252m[38;2;83;61;188m▆[48;2;43;14;180m[38;2;0;0;0m [48;2;38;3;183m[38;2;38;3;183m      [48;2;74;50;185m[38;2;35;7;180m▊[48;2;71;48;180m[38;2;226;221;241m▆[48;2;249;249;251m[38;2;249;249;251m  [48;2;255;254;255m[38;2;245;244;250m▌[48;2;183;182;188m[38;2;246;245;249m▊[48;2;40;5;183m[38;2;40;5;183m  [48;2;38;3;183m[38;2;38;3;183m                  [0m
[48;2;38;3;185m[38;2;38;3;185m                    [48;2;234;234;236m[38;2;123;112;178m▎[48;2;253;252;251m[38;2;239;237;248m│[48;2;250;250;252m[38;2;250;250;252m  [48;2;240;238;239m[38;2;80;64;171m▂[48;2;227;223;231m[38;2;73;49;198m▆[48;2;37;4;180m[38;2;76;41;218m▘[48;2;32;1;175m[38;2;45;10;188m┗[48;2;38;3;185m[38;2;38;3;185m      [48;2;85;64;185m[38;2;36;6;185m▊[48;2;250;251;242m[38;2;205;195;245m▎[48;2;250;250;252m[38;2;250;250;252m  [48;2;197;189;229m[38;2;250;249;248m▊[48;2;189;180;220m[38;2;50;25;178m▆[48;2;39;4;184m[38;2;39;4;184m  [48;2;38;3;185m[38;2;38;3;185m                  [0m
[48;2;38;3;185m[38;2;38;3;185m                    [48;2;234;234;236m[38;2;123;112;178m▎[48;2;253;252;251m[38;2;239;237;248m│[48;2;247;245;250m[38;2;237;238;231m╸[48;2;218;216;223m[38;2;90;72;189m▆[48;2;45;15;186m[38;2;0;0;0m [48;2;35;3;173m[38;2;48;13;195m┛[48;2;38;3;185m[38;2;38;3;185m      [48;2;38;3;181m[38;2;34;0;177m▌[48;2;48;13;191m[38;2;44;9;187m▌[48;2;84;65;185m[38;2;231;231;230m▆[48;2;246;244;247m[38;2;0;0;0m [48;2;243;243;245m[38;2;251;251;253m▄[48;2;250;250;252m[38;2;242;242;244m▃[48;2;222;214;239m[38;2;67;41;177m▂[48;2;34;4;180m[38;2;62;37;175m▎[48;2;38;3;185m[38;2;38;3;185m                    [0m
[48;2;38;3;185m[38;2;38;3;185m                  [48;2;37;2;187m[38;2;54;11;176m▗[48;2;40;5;169m[38;2;140;48;129m▂[48;2;196;176;196m[38;2;194;69;103m▆[48;2;223;217;221m[38;2;216;73;103m▆[48;2;220;199;229m[38;2;71;30;152m▆[48;2;46;20;186m[38;2;0;0;0m [48;2;38;3;185m[38;2;38;3;185m        [48;2;39;4;184m[38;2;39;4;184m  [48;2;214;207;223m[38;2;112;48;145m▆[48;2;236;223;235m[38;2;195;73;89m▂[48;2;239;236;239m[38;2;176;63;105m▂[48;2;219;210;226m[38;2;60;29;159m▂[48;2;40;5;185m[38;2;40;5;185m  [48;2;38;3;185m[38;2;38;3;185m                    [0m
[48;2;38;3;185m[38;2;38;3;185m                  [48;2;35;5;178m[38;2;32;5;177m▄[48;2;66;22;150m[38;2;14;1;41m▁[48;2;211;73;106m[38;2;93;44;76m▎[48;2;204;71;91m[38;2;232;75;101m┃[48;2;64;26;67m[38;2;186;63;80m▂[48;2;55;11;146m[38;2;30;14;23m▆[48;2;33;10;141m[38;2;6;4;12m▆▆▆▆[48;2;33;9;143m[38;2;6;3;13m▆▆▆▆[48;2;33;10;141m[38;2;6;4;12m▆▆[48;2;145;55;77m[38;2;22;10;8m▆[48;2;200;65;103m[38;2;46;23;24m▃[48;2;210;75;103m[38;2;0;0;0m [48;2;78;30;138m[38;2;208;69;88m▆[48;2;25;8;77m[38;2;163;58;73m▃▃[48;2;37;4;168m[38;2;37;25;59m▂[48;2;37;1;184m[38;2;37;7;152m▖[48;2;38;3;185m[38;2;38;3;185m                  [0m
[48;2;38;3;185m[38;2;38;3;185m                  [48;2;37;1;184m[38;2;37;4;168m▝[48;2;37;19;92m[38;2;37;2;185m▆[48;2;66;24;64m[38;2;29;5;187m▂[48;2;63;24;42m[38;2;42;13;182m▂[48;2;151;49;63m[38;2;28;10;86m▆[48;2;21;4;20m[38;2;31;19;187m▂[48;2;7;3;14m[38;2;31;7;140m▃▃[48;2;3;1;11m[38;2;37;13;146m▃▃[48;2;7;3;14m[38;2;31;7;140m▃▃[48;2;3;1;11m[38;2;37;13;146m▃▃[48;2;3;0;10m[38;2;36;12;145m▃▃[48;2;7;3;14m[38;2;31;7;140m▃▃[48;2;62;21;42m[38;2;41;10;182m▂▂[48;2;63;22;47m[38;2;42;10;187m▂▂[48;2;37;21;83m[38;2;37;1;183m▆[48;2;37;3;177m[38;2;37;6;160m╶[48;2;38;3;185m[38;2;38;3;185m                  [0m
[48;2;40;2;185m[38;2;40;2;185m                                                            [0m
[48;2;40;2;185m[38;2;40;2;185m                                                            [0m
