[48;2;1;1;1m[38;2;1;1;1m                                                            [0m
[48;2;1;1;1m[38;2;1;1;1m                                                            [0m
[48;2;1;1;1m[38;2;1;1;1m                                                            [0m
[48;2;1;1;1m[38;2;1;1;1m                                                            [0m
[48;2;1;1;1m[38;2;1;1;1m                            [48;2;1;1;3m[38;2;1;1;3m  [48;2;1;1;1m[38;2;1;1;1m                              [0m
[48;2;1;1;1m[38;2;1;1;1m                          [48;2;1;1;3m[38;2;1;1;3m  [48;2;2;0;3m[38;2;2;0;3m  [48;2;1;1;3m[38;2;1;1;3m  [48;2;2;2;4m[38;2;2;2;4m  [48;2;1;1;3m[38;2;1;1;3m  [48;2;1;1;1m[38;2;1;1;1m                        [0m
[48;2;1;1;1m[38;2;1;1;1m                          [48;2;1;1;3m[38;2;1;1;3m  [48;2;1;0;2m[38;2;7;5;8m▄[48;2;39;37;40m[38;2;206;204;206m▃[48;2;12;11;13m[38;2;224;222;225m▄▄[48;2;7;5;6m[38;2;33;31;32m▖[48;2;5;3;4m[38;2;1;0;0m▌[48;2;1;1;1m[38;2;1;1;1m  [48;2;1;1;3m[38;2;1;1;3m  [48;2;1;1;1m[38;2;1;1;1m                      [0m
[48;2;1;1;1m[38;2;1;1;1m                          [48;2;3;1;6m[38;2;3;1;6m  [48;2;233;231;234m[38;2;129;127;130m▎[48;2;247;245;247m[38;2;230;228;231m╺[48;2;248;248;250m[38;2;248;248;250m  [48;2;158;156;159m[38;2;239;237;239m▇[48;2;33;31;34m[38;2;214;212;215m▄[48;2;6;6;6m[38;2;18;18;18m▖[48;2;5;5;5m[38;2;0;0;0m▅[48;2;1;1;3m[38;2;1;1;3m  [48;2;3;1;4m[38;2;3;1;4m    [48;2;1;1;3m[38;2;1;1;3m  [48;2;1;1;1m[38;2;1;1;1m                [0m
[48;2;1;1;1m[38;2;1;1;1m                    [48;2;2;2;4m[38;2;2;2;4m  [48;2;1;1;3m[38;2;1;1;3m  [48;2;1;1;1m[38;2;1;1;1m  [48;2;1;1;3m[38;2;1;1;3m  [48;2;218;205;200m[38;2;187;68;98m▄[48;2;207;89;119m[38;2;39;24;20m▄[48;2;216;77;108m[38;2;187;63;89m▄[48;2;208;84;110m[38;2;45;19;14m▄[48;2;182;63;84m[38;2;222;79;106m┃[48;2;9;10;12m[38;2;75;35;43m▎[48;2;1;1;1m[38;2;1;1;1m    [48;2;1;1;3m[38;2;1;1;3m    [48;2;3;1;6m[38;2;3;1;6m  [48;2;1;1;1m[38;2;1;1;1m                [0m
[48;2;1;1;1m[38;2;1;1;1m                [48;2;2;0;3m[38;2;2;0;3m    [48;2;1;1;1m[38;2;1;1;1m    [48;2;4;4;4m[38;2;14;14;14m▁[48;2;0;0;0m[38;2;33;33;33m▂[48;2;1;0;2m[38;2;35;33;36m▁[48;2;21;19;22m[38;2;207;205;207m▄[48;2;190;70;94m[38;2;244;233;222m▄[48;2;221;83;114m[38;2;191;74;98m▘[48;2;216;72;99m[38;2;216;72;99m  [48;2;204;70;95m[38;2;244;110;134m▁[48;2;37;26;31m[38;2;233;223;227m▄[48;2;23;21;24m[38;2;221;219;222m▄[48;2;1;0;2m[38;2;71;69;72m▁[48;2;1;1;1m[38;2;1;1;1m                        [0m
[48;2;1;1;1m[38;2;1;1;1m            [48;2;1;1;3m[38;2;1;1;3m  [48;2;3;1;6m[38;2;3;1;6m    [48;2;1;1;1m[38;2;1;1;1m    [48;2;0;0;0m[38;2;10;10;10m━[48;2;6;6;6m[38;2;73;73;73m▁[48;2;31;26;30m[38;2;200;196;199m▄[48;2;243;239;242m[38;2;162;157;161m▘[48;2;248;248;250m[38;2;248;248;250m  [48;2;250;245;243m[38;2;0;0;0m [48;2;205;109;137m[38;2;243;236;235m▄[48;2;214;71;103m[38;2;194;96;113m▎[48;2;209;85;111m[38;2;243;222;216m▄[48;2;248;246;249m[38;2;248;246;249m  [48;2;251;251;252m[38;2;239;239;241m▘[48;2;247;247;249m[38;2;210;210;212m▝[48;2;39;37;40m[38;2;212;210;213m▄[48;2;13;11;14m[38;2;0;0;0m [48;2;1;1;1m[38;2;1;1;1m                      [0m
[48;2;1;1;1m[38;2;1;1;1m            [48;2;3;1;6m[38;2;3;1;6m    [48;2;1;1;3m[38;2;1;1;3m  [48;2;1;1;1m[38;2;1;1;1m    [48;2;10;8;11m[38;2;86;84;87m▁[48;2;232;230;233m[38;2;101;99;102m▎[48;2;250;250;252m[38;2;250;250;252m      [48;2;212;105;137m[38;2;248;243;242m▄[48;2;240;241;238m[38;2;0;0;0m [48;2;248;247;249m[38;2;239;237;240m▂[48;2;252;250;252m[38;2;225;223;226m▂▂[48;2;248;247;249m[38;2;239;237;240m▂[48;2;237;235;237m[38;2;0;0;0m [48;2;43;41;44m[38;2;221;220;222m▄[48;2;3;3;3m[38;2;3;3;3m  [48;2;1;1;1m[38;2;1;1;1m                    [0m
[48;2;1;1;1m[38;2;1;1;1m            [48;2;1;1;3m[38;2;1;1;3m  [48;2;3;1;6m[38;2;3;1;6m  [48;2;1;1;1m[38;2;1;1;1m      [48;2;231;229;232m[38;2;89;87;90m▎[48;2;254;252;254m[38;2;242;240;243m┃[48;2;250;250;252m[38;2;250;250;252m        [48;2;248;219;225m[38;2;241;249;251m▊[48;2;210;84;108m[38;2;252;161;178m▁[48;2;211;81;104m[38;2;241;156;165m▁[48;2;238;246;247m[38;2;246;215;221m▎[48;2;255;255;255m[38;2;246;246;248m▌[48;2;177;177;179m[38;2;246;246;247m▊[48;2;17;13;16m[38;2;124;119;123m▁[48;2;3;0;2m[38;2;15;10;14m▄[48;2;1;1;1m[38;2;1;1;1m                    [0m
[48;2;1;1;1m[38;2;1;1;1m              [48;2;2;0;3m[38;2;2;0;3m  [48;2;1;1;3m[38;2;1;1;3m  [48;2;1;1;1m[38;2;1;1;1m  [48;2;1;0;2m[38;2;16;14;17m╷[48;2;63;61;64m[38;2;206;204;207m┏[48;2;222;222;223m[38;2;0;0;0m [48;2;248;248;250m [48;2;242;238;241m[38;2;134;129;133m▁[48;2;238;235;238m[38;2;61;56;60m▅[48;2;222;220;223m[38;2;0;0;0m [48;2;253;251;254m[38;2;255;254;255m▌[48;2;250;250;252m[38;2;250;250;252m      [48;2;247;247;248m[38;2;0;0;0m [48;2;240;240;241m[38;2;123;123;125m▁[48;2;249;249;251m[38;2;249;249;251m  [48;2;219;215;216m[38;2;111;107;108m▁[48;2;6;3;3m[38;2;42;39;39m▎[48;2;1;1;1m[38;2;1;1;1m                    [0m
[48;2;1;1;1m[38;2;1;1;1m                [48;2;1;1;3m[38;2;1;1;3m  [48;2;1;1;1m[38;2;1;1;1m  [48;2;1;0;2m[38;2;9;7;10m│[48;2;233;231;234m[38;2;83;81;84m▎[48;2;250;250;252m[38;2;250;250;252m  [48;2;18;13;19m[38;2;164;159;165m▎[48;2;11;6;12m[38;2;7;2;8m▄[48;2;191;189;192m[38;2;28;26;29m▅[48;2;240;238;240m[38;2;186;184;187m▎[48;2;250;250;252m[38;2;250;250;252m      [48;2;173;168;174m[38;2;249;245;249m▊[48;2;17;12;18m[38;2;65;60;66m▎[48;2;223;219;223m[38;2;23;19;22m▅[48;2;215;210;214m[38;2;27;23;26m▅[48;2;4;2;5m[38;2;4;2;5m  [48;2;1;1;1m[38;2;1;1;1m                    [0m
[48;2;1;1;1m[38;2;1;1;1m                    [48;2;5;4;4m[38;2;15;14;14m▖[48;2;171;169;170m[38;2;18;17;17m▅[48;2;214;213;215m[38;2;0;0;0m [48;2;247;245;248m[38;2;248;246;248m▄[48;2;21;17;20m[38;2;160;155;159m▎[48;2;18;14;17m[38;2;144;139;143m▁[48;2;27;23;26m[38;2;204;199;203m▅[48;2;193;188;192m[38;2;56;52;55m▅[48;2;223;219;222m[38;2;51;46;50m▁[48;2;240;237;240m[38;2;62;57;61m▁[48;2;242;237;241m▁▁[48;2;236;235;237m[38;2;67;65;68m▁▁[48;2;217;212;216m[38;2;76;71;75m▅[48;2;13;9;12m[38;2;0;0;0m [48;2;3;1;6m[38;2;3;1;6m  [48;2;1;1;1m[38;2;1;1;1m                      [0m
[48;2;1;1;1m[38;2;1;1;1m                    [48;2;2;0;3m[38;2;2;0;3m  [48;2;170;170;165m[38;2;21;18;15m▅[48;2;227;203;209m[38;2;161;45;79m▄[48;2;77;57;60m[38;2;214;105;137m▄[48;2;226;211;213m[38;2;0;0;0m [48;2;244;242;245m [48;2;71;69;72m[38;2;240;238;241m▅[48;2;39;34;38m[38;2;179;174;178m▁[48;2;3;0;2m[38;2;178;173;177m▂[48;2;1;0;2m[38;2;9;7;10m▄[48;2;17;15;18m[38;2;135;133;136m▁[48;2;1;0;2m[38;2;18;16;19m▄[48;2;35;33;36m[38;2;153;151;154m▁[48;2;230;228;231m[38;2;0;0;0m [48;2;51;49;52m[38;2;224;223;225m▅[48;2;20;19;21m[38;2;167;165;168m▁[48;2;1;0;2m[38;2;4;2;5m▄[48;2;1;1;1m[38;2;1;1;1m                      [0m
[48;2;1;1;1m[38;2;1;1;1m                    [48;2;2;0;3m[38;2;2;0;3m  [48;2;4;4;2m[38;2;0;0;0m [48;2;178;46;91m[38;2;26;11;15m▆[48;2;241;226;232m[38;2;137;114;122m▎[48;2;249;252;252m[38;2;238;247;244m│[48;2;250;250;252m[38;2;250;250;252m    [48;2;67;63;66m[38;2;230;227;230m▅[48;2;195;190;194m[38;2;47;43;46m▅[48;2;58;53;57m[38;2;212;208;212m▅[48;2;209;205;208m[38;2;54;49;53m▅[48;2;245;245;247m[38;2;240;240;242m▊[48;2;254;254;255m[38;2;250;250;252m▌[48;2;240;239;241m[38;2;0;0;0m [48;2;40;38;41m[38;2;220;218;220m▅[48;2;20;18;19m[38;2;166;164;165m▁[48;2;1;0;0m[38;2;3;1;2m▄[48;2;1;1;1m[38;2;1;1;1m                    [0m
[48;2;1;1;1m[38;2;1;1;1m                  [48;2;1;1;3m[38;2;1;1;3m    [48;2;4;2;5m[38;2;15;13;16m┗[48;2;76;74;77m[38;2;217;215;218m┏[48;2;231;231;232m[38;2;0;0;0m [48;2;249;249;250m[38;2;238;238;240m╷[48;2;250;250;252m[38;2;250;250;252m  [48;2;221;217;221m[38;2;103;98;102m▅[48;2;223;219;222m[38;2;42;37;41m▁[48;2;214;209;212m[38;2;36;31;34m▅[48;2;64;58;62m[38;2;166;161;165m▅[48;2;220;215;219m[38;2;50;45;49m▁[48;2;52;48;51m[38;2;221;216;220m▁[48;2;255;255;255m[38;2;237;237;239m▌[48;2;252;252;253m[38;2;245;245;247m┃[48;2;250;250;252m[38;2;250;250;252m  [48;2;190;186;187m[38;2;241;238;239m▊[48;2;33;29;30m[38;2;204;200;201m▁[48;2;2;2;2m[38;2;2;2;2m  [48;2;1;1;1m[38;2;1;1;1m                  [0m
[48;2;1;1;1m[38;2;1;1;1m                  [48;2;2;0;3m[38;2;2;0;3m  [48;2;3;1;4m[38;2;3;1;4m  [48;2;23;18;22m[38;2;180;175;179m▁[48;2;235;231;234m[38;2;118;113;117m▎[48;2;250;250;252m[38;2;250;250;252m    [48;2;255;254;255m[38;2;244;242;245m▄[48;2;9;7;10m[38;2;109;107;110m▎[48;2;3;1;6m[38;2;3;1;6m  [48;2;14;10;15m[38;2;0;0;0m [48;2;197;193;198m[38;2;26;22;27m▅[48;2;250;250;251m[38;2;232;232;234m▌[48;2;250;250;252m[38;2;255;255;255m▌[38;2;250;250;252m  [48;2;242;242;244m[38;2;254;254;255m┃[48;2;185;185;187m[38;2;245;245;247m▊[48;2;26;24;27m[38;2;207;205;208m▁[48;2;6;4;7m[38;2;1;0;2m▅[48;2;1;1;1m[38;2;1;1;1m                  [0m
[48;2;4;3;7m[38;2;23;0;137m▂▂▂▂[48;2;4;3;9m[38;2;23;2;136m▂▂▂▂▂▂▂▂▂▂▂▂▂▂[48;2;5;4;11m[38;2;24;2;139m▂▂[48;2;6;3;21m[38;2;48;22;170m▁[48;2;21;19;29m[38;2;196;186;231m▁[48;2;232;230;233m[38;2;111;109;112m▎[48;2;241;239;242m[38;2;253;252;253m▌[48;2;250;250;252m[38;2;250;250;252m    [48;2;166;156;192m[38;2;38;29;64m┳[48;2;22;17;25m[38;2;22;3;118m▂[48;2;7;2;13m[38;2;26;2;126m▂▂[38;2;35;10;135m▂[48;2;11;5;17m[38;2;21;0;121m▂[48;2;195;190;208m[38;2;39;31;71m▅[48;2;239;236;240m[38;2;0;0;0m [48;2;250;250;252m[38;2;250;250;252m    [48;2;161;157;173m[38;2;244;241;242m▊[48;2;16;15;16m[38;2;33;12;140m▂[48;2;4;3;7m[38;2;23;0;137m▂▂▂▂▂▂[48;2;4;3;9m[38;2;23;2;136m▂▂[48;2;4;3;7m[38;2;23;0;137m▂▂▂▂▂▂▂▂▂▂[0m
[48;2;38;3;183m[38;2;38;3;183m                    [48;2;52;28;180m[38;2;196;187;229m▁[48;2;234;231;241m[38;2;135;122;188m▎[48;2;250;250;252m[38;2;250;250;252m    [48;2;246;244;242m[38;2;0;0;0m [48;2;227;223;238m[38;2;82;61;193m▆[48;2;38;4;181m[38;2;75;40;218m▘[48;2;33;1;176m[38;2;46;11;189m▝[48;2;38;3;183m[38;2;38;3;183m    [48;2;87;66;185m[38;2;34;5;178m▊[48;2;255;254;255m[38;2;251;251;241m▄[48;2;250;250;252m[38;2;250;250;252m    [48;2;182;171;229m[38;2;241;239;242m▊[48;2;34;6;183m[38;2;70;48;174m▎[48;2;38;3;183m[38;2;38;3;183m                  [0m
[48;2;38;3;183m[38;2;38;3;183m                  [48;2;38;5;180m[38;2;42;8;180m▄[48;2;56;25;189m[38;2;188;176;219m▁[48;2;237;237;235m[38;2;133;122;187m▎[48;2;250;249;250m[38;2;239;238;246m│[48;2;250;250;252m[38;2;250;250;252m    [48;2;233;228;245m[38;2;80;61;185m▆[48;2;45;16;184m[38;2;0;0;0m [48;2;38;3;183m[38;2;38;3;183m      [48;2;87;66;185m[38;2;34;5;178m▊[48;2;255;254;255m[38;2;251;251;241m▄[48;2;250;250;252m[38;2;250;250;252m  [48;2;242;242;244m[38;2;251;251;252m▄[48;2;250;250;251m[38;2;240;240;242m▃[48;2;222;215;232m[38;2;76;49;188m▂[48;2;35;4;185m[38;2;60;35;175m▎[48;2;38;3;183m[38;2;38;3;183m                  [0m
[48;2;38;3;185m[38;2;38;3;185m                  [48;2;26;0;179m[38;2;43;11;187m┃[48;2;237;232;235m[38;2;94;71;185m▎[48;2;250;250;252m[38;2;250;250;252m    [48;2;241;237;247m[38;2;87;72;180m▂[48;2;231;227;233m[38;2;66;44;185m▆[48;2;38;4;181m[38;2;75;40;218m▘[48;2;33;1;176m[38;2;46;11;189m▝[48;2;38;3;185m[38;2;38;3;185m    [48;2;39;4;184m[38;2;39;4;184m  [48;2;59;35;178m[38;2;217;212;232m▂[48;2;250;248;247m[38;2;216;209;243m▎[48;2;250;250;252m[38;2;250;250;252m  [48;2;244;243;246m[38;2;0;0;0m [48;2;214;211;229m[38;2;63;43;181m▂[48;2;39;4;184m[38;2;39;4;184m  [48;2;38;3;185m[38;2;38;3;185m                  [0m
[48;2;38;3;185m[38;2;38;3;185m                  [48;2;27;0;182m[38;2;44;11;189m┃[48;2;238;233;236m[38;2;95;72;188m▎[48;2;250;250;252m[38;2;250;250;252m  [48;2;247;245;247m[38;2;242;242;230m▁[48;2;222;219;233m[38;2;70;59;169m▁[48;2;42;11;186m[38;2;132;109;218m▎[48;2;50;14;202m[38;2;35;5;170m▆[48;2;38;3;185m[38;2;38;3;185m      [48;2;32;0;175m[38;2;41;6;184m▌[48;2;56;21;199m[38;2;38;4;181m▌[48;2;255;255;255m[38;2;236;236;238m▌[48;2;251;251;253m[38;2;244;244;246m┃[48;2;250;250;252m[38;2;250;250;252m  [48;2;186;175;231m[38;2;249;248;248m▊[48;2;30;2;177m[38;2;70;48;172m▎[48;2;38;3;185m[38;2;38;3;185m                    [0m
[48;2;38;3;185m[38;2;38;3;185m                  [48;2;40;4;180m[38;2;29;2;188m▎[48;2;191;178;209m[38;2;171;76;135m▂[48;2;249;249;251m[38;2;214;105;123m▃▃[48;2;223;213;242m[38;2;74;50;176m▆[48;2;47;16;179m[38;2;0;0;0m [48;2;38;3;185m[38;2;38;3;185m        [48;2;39;4;184m[38;2;39;4;184m  [48;2;215;205;234m[38;2;56;22;177m▆[48;2;234;230;228m[38;2;194;71;113m▂[48;2;239;232;233m[38;2;205;77;101m▂[48;2;232;226;228m[38;2;200;72;96m▂[48;2;188;175;220m[38;2;47;19;180m▆[48;2;38;7;183m[38;2;40;5;188m▄[48;2;38;3;185m[38;2;38;3;185m                    [0m
[48;2;38;3;185m[38;2;38;3;185m                  [48;2;33;5;183m[38;2;53;6;191m▂[48;2;82;28;94m[38;2;174;57;91m┗[48;2;212;72;98m[38;2;184;44;70m▖[38;2;220;80;106m▌[48;2;71;28;66m[38;2;190;72;98m▂[48;2;42;13;138m[38;2;28;12;25m▆[48;2;35;10;151m[38;2;6;3;10m▆▆▆▆[48;2;35;13;139m[38;2;6;3;15m▆▆▆▆[48;2;35;10;151m[38;2;6;3;10m▆▆[48;2;41;11;123m[38;2;17;8;21m▆[48;2;188;62;87m[38;2;48;23;30m▃[48;2;206;64;92m[38;2;52;28;18m▂[48;2;212;72;98m[38;2;182;62;82m▖[48;2;59;37;147m[38;2;199;72;90m▆[48;2;46;17;69m[38;2;202;57;92m▂[48;2;31;14;78m[38;2;178;56;84m▂[48;2;50;15;171m[38;2;26;5;54m▃[48;2;38;3;185m[38;2;38;3;185m                  [0m
[48;2;38;3;185m[38;2;38;3;185m                  [48;2;37;3;174m[38;2;37;0;200m▘[48;2;37;18;99m[38;2;37;2;182m▆[48;2;137;42;68m[38;2;29;11;104m▆[48;2;150;59;62m[38;2;28;10;82m▆[48;2;139;42;72m[38;2;27;7;79m▆[48;2;24;10;29m[38;2;40;17;176m▂[48;2;8;4;24m[38;2;38;10;174m▂▂▂▂▂▂▂▂[48;2;7;5;11m[38;2;28;4;143m▃▃[48;2;8;4;24m[38;2;38;10;174m▂▂[48;2;15;5;26m[38;2;38;8;171m▂[48;2;137;49;78m[38;2;30;11;84m▆[48;2;163;47;81m[38;2;26;10;80m▆▆[48;2;56;21;60m[38;2;47;1;168m▂[48;2;36;20;81m[38;2;39;9;166m▆[48;2;38;3;185m[38;2;38;3;185m                  [0m
[48;2;40;2;185m[38;2;40;2;185m                                                            [0m
[48;2;40;2;185m[38;2;40;2;185m                                                            [0m
