[48;2;1;1;1m[38;2;1;1;1m                                                            [0m
[48;2;1;1;1m[38;2;1;1;1m                                                            [0m
[48;2;1;1;1m[38;2;1;1;1m                                                            [0m
[48;2;1;1;1m[38;2;1;1;1m                                                            [0m
[48;2;1;1;1m[38;2;1;1;1m                            [48;2;1;1;3m[38;2;1;1;3m  [48;2;1;1;1m[38;2;1;1;1m                              [0m
[48;2;1;1;1m[38;2;1;1;1m                          [48;2;1;1;3m[38;2;1;1;3m  [48;2;2;0;3m[38;2;2;0;3m  [48;2;1;1;3m[38;2;1;1;3m  [48;2;2;2;4m[38;2;2;2;4m  [48;2;1;1;3m[38;2;1;1;3m  [48;2;1;1;1m[38;2;1;1;1m                        [0m
[48;2;1;1;1m[38;2;1;1;1m                          [48;2;1;1;3m[38;2;1;1;3m  [48;2;3;1;6m[38;2;3;1;6m  [48;2;5;3;6m[38;2;5;3;6m  [48;2;2;2;4m[38;2;2;2;4m  [48;2;1;1;1m[38;2;1;1;1m  [48;2;1;1;3m[38;2;1;1;3m  [48;2;1;1;1m[38;2;1;1;1m                      [0m
[48;2;1;1;1m[38;2;1;1;1m                          [48;2;3;1;6m[38;2;3;1;6m  [48;2;15;13;18m[38;2;0;0;0m [38;2;194;192;197m▄[48;2;134;132;135m[38;2;239;237;240m▇[48;2;155;153;156m[38;2;244;242;245m▇[48;2;158;156;159m[38;2;239;237;240m▇[48;2;28;27;29m[38;2;222;220;223m▄[48;2;6;6;6m[38;2;18;18;18m▖[48;2;5;5;5m[38;2;0;0;0m▅[48;2;1;1;3m[38;2;1;1;3m  [48;2;3;1;4m[38;2;3;1;4m    [48;2;1;1;3m[38;2;1;1;3m  [48;2;1;1;1m[38;2;1;1;1m                [0m
[48;2;1;1;1m[38;2;1;1;1m                    [48;2;2;2;4m[38;2;2;2;4m  [48;2;1;1;3m[38;2;1;1;3m  [48;2;1;1;1m[38;2;1;1;1m  [48;2;1;1;3m[38;2;1;1;3m  [48;2;190;185;182m[38;2;31;22;21m▄[48;2;239;230;230m[38;2;175;78;106m▄[48;2;248;241;244m[38;2;209;79;102m▄▄[48;2;247;245;248m[38;2;226;224;227m▖[48;2;194;192;195m[38;2;248;247;249m▊[48;2;3;3;5m[38;2;44;44;46m▎[48;2;12;12;14m[38;2;0;0;2m┃[48;2;1;1;1m[38;2;1;1;1m  [48;2;1;1;3m[38;2;1;1;3m    [48;2;3;1;6m[38;2;3;1;6m  [48;2;1;1;1m[38;2;1;1;1m                [0m
[48;2;1;1;1m[38;2;1;1;1m                [48;2;2;0;3m[38;2;2;0;3m    [48;2;1;1;1m[38;2;1;1;1m      [48;2;1;1;3m[38;2;1;1;3m  [48;2;14;5;5m[38;2;0;0;0m [48;2;24;12;13m[38;2;158;58;90m▄[48;2;196;64;91m[38;2;216;68;100m▄[48;2;54;20;16m[38;2;207;75;102m▄[48;2;206;103;124m[38;2;205;61;86m▊[48;2;217;193;201m[38;2;249;251;253m┃[48;2;4;2;5m[38;2;45;43;46m▎[48;2;13;11;14m[38;2;1;0;2m┃[48;2;1;1;1m[38;2;1;1;1m                        [0m
[48;2;1;1;1m[38;2;1;1;1m            [48;2;1;1;3m[38;2;1;1;3m  [48;2;3;1;6m[38;2;3;1;6m    [48;2;1;1;1m[38;2;1;1;1m      [48;2;1;0;4m[38;2;12;10;15m━[48;2;8;6;11m[38;2;75;73;78m▁[48;2;12;10;15m[38;2;99;97;102m▁[48;2;25;24;28m[38;2;199;198;202m▄[48;2;37;27;26m[38;2;238;235;232m▄[48;2;178;82;110m[38;2;244;241;240m▄[48;2;216;76;101m[38;2;208;110;122m▃[48;2;218;67;96m[38;2;215;78;103m▖[48;2;212;110;131m[38;2;222;80;105m▊[48;2;236;238;240m[38;2;222;182;190m▎[48;2;35;33;36m[38;2;237;235;238m▄[48;2;27;25;28m[38;2;230;228;231m▄[48;2;1;0;2m[38;2;10;8;11m▂[38;2;14;12;15m━[48;2;1;1;1m[38;2;1;1;1m                      [0m
[48;2;1;1;1m[38;2;1;1;1m            [48;2;3;1;6m[38;2;3;1;6m    [48;2;1;1;3m[38;2;1;1;3m  [48;2;1;1;1m[38;2;1;1;1m    [48;2;2;0;3m[38;2;2;0;3m  [48;2;33;29;32m[38;2;193;188;192m▄[48;2;230;226;230m[38;2;0;0;0m [48;2;249;249;251m[38;2;249;249;251m  [48;2;250;250;252m[38;2;250;250;252m  [48;2;245;215;221m[38;2;245;245;249m▊[48;2;221;126;140m[38;2;192;73;93m┃[48;2;249;247;250m[38;2;231;229;232m▌[48;2;247;245;248m[38;2;255;253;255m▌[48;2;255;254;255m[38;2;249;247;250m▄[48;2;248;246;249m[38;2;220;218;221m▂[48;2;237;233;235m[38;2;197;191;193m▁[48;2;46;40;42m[38;2;220;215;217m▄[48;2;3;3;3m[38;2;3;3;3m  [48;2;1;1;1m[38;2;1;1;1m                    [0m
[48;2;1;1;1m[38;2;1;1;1m            [48;2;1;1;3m[38;2;1;1;3m  [48;2;3;1;6m[38;2;3;1;6m  [48;2;1;1;1m[38;2;1;1;1m      [48;2;3;1;6m[38;2;3;1;6m  [48;2;235;232;233m[38;2;82;78;79m▎[48;2;252;249;250m[38;2;252;249;250m▄[48;2;250;250;252m[38;2;250;250;252m        [48;2;236;203;208m[38;2;239;246;248m▊[48;2;214;79;102m[38;2;222;128;146m▎[48;2;224;131;150m[38;2;213;81;105m▊[48;2;232;231;235m[38;2;0;0;0m [48;2;45;40;44m[38;2;215;210;214m▄[48;2;9;5;8m[38;2;41;37;40m▎[48;2;1;1;1m[38;2;1;1;1m                    [0m
[48;2;1;1;1m[38;2;1;1;1m              [48;2;2;0;3m[38;2;2;0;3m  [48;2;1;1;3m[38;2;1;1;3m  [48;2;1;1;1m[38;2;1;1;1m  [48;2;1;1;3m[38;2;1;1;3m  [48;2;2;0;5m[38;2;1;0;4m▆[48;2;12;11;15m[38;2;119;117;122m▁[48;2;237;235;238m[38;2;102;100;103m▎[48;2;254;253;254m[38;2;240;238;241m┃[48;2;250;250;252m[38;2;250;250;252m        [48;2;247;247;248m[38;2;0;0;0m [48;2;240;240;241m[38;2;123;123;125m▁[48;2;249;249;251m[38;2;249;249;251m  [48;2;173;171;172m[38;2;246;244;245m▊[48;2;2;1;1m[38;2;51;49;50m▎[48;2;1;1;1m[38;2;1;1;1m                    [0m
[48;2;1;1;1m[38;2;1;1;1m                [48;2;1;1;3m[38;2;1;1;3m  [48;2;1;1;1m[38;2;1;1;1m  [48;2;2;0;3m[38;2;2;0;3m  [48;2;15;10;14m[38;2;5;1;4m▊[48;2;253;248;252m[38;2;200;195;199m▌[48;2;250;250;252m[38;2;250;250;252m  [48;2;231;229;232m[38;2;65;63;66m▅[48;2;246;245;247m[38;2;168;166;169m▎[48;2;250;250;252m[38;2;250;250;252m      [48;2;173;168;172m[38;2;249;245;248m▊[48;2;17;12;16m[38;2;65;60;64m▎[48;2;226;223;226m[38;2;40;35;39m▅[48;2;233;229;233m[38;2;82;77;81m▁[48;2;220;217;218m[38;2;84;80;81m▁[48;2;3;0;0m[38;2;56;52;53m▎[48;2;1;1;1m[38;2;1;1;1m                    [0m
[48;2;1;1;1m[38;2;1;1;1m                    [48;2;1;1;3m[38;2;1;1;3m  [48;2;7;5;10m[38;2;15;13;18m⎽[48;2;178;176;181m[38;2;17;16;20m▅[48;2;219;218;220m[38;2;0;0;0m [48;2;245;243;246m [48;2;66;62;65m[38;2;237;233;236m▅[48;2;170;166;170m[38;2;65;60;64m┏[48;2;233;229;232m[38;2;132;127;131m▂[48;2;236;231;235m[38;2;80;75;79m▁[48;2;242;237;241m[38;2;62;57;61m▁▁[48;2;236;235;237m[38;2;67;65;68m▁▁[48;2;217;212;216m[38;2;76;71;75m▅[48;2;13;9;12m[38;2;0;0;0m [48;2;3;1;6m[38;2;3;1;6m  [48;2;1;1;1m[38;2;1;1;1m                      [0m
[48;2;1;1;1m[38;2;1;1;1m                    [48;2;2;0;3m[38;2;2;0;3m  [48;2;3;1;6m[38;2;3;1;6m  [48;2;235;232;233m[38;2;82;78;79m▎[48;2;252;249;250m[38;2;252;249;250m▄[48;2;250;250;252m[38;2;250;250;252m  [48;2;62;57;61m[38;2;231;227;230m▅[48;2;34;29;33m[38;2;176;171;175m▁[48;2;1;0;2m[38;2;9;7;10m▄[48;2;17;15;18m[38;2;135;133;136m▁[48;2;1;0;2m[38;2;18;16;19m▄[48;2;35;33;36m[38;2;153;151;154m▁[48;2;230;228;231m[38;2;0;0;0m [48;2;51;49;52m[38;2;224;223;225m▅[48;2;20;19;21m[38;2;167;165;168m▁[48;2;1;0;2m[38;2;4;2;5m▄[48;2;1;1;1m[38;2;1;1;1m                      [0m
[48;2;1;1;1m[38;2;1;1;1m                    [48;2;2;0;3m[38;2;2;0;3m  [48;2;3;4;5m[38;2;0;0;0m [48;2;20;7;11m[38;2;102;48;69m▁[48;2;196;181;183m[38;2;175;66;97m▅[48;2;248;241;239m[38;2;223;179;189m▎[48;2;250;250;252m[38;2;250;250;252m  [48;2;248;248;250m[38;2;248;248;250m  [48;2;50;44;46m[38;2;192;186;188m▁[48;2;211;206;208m[38;2;68;62;64m▁[48;2;45;41;44m[38;2;174;169;173m▁[48;2;219;215;218m[38;2;87;82;86m▁[48;2;249;249;251m[38;2;249;249;251m  [48;2;198;193;197m[38;2;247;243;247m▊[48;2;30;26;29m[38;2;160;155;159m▁[48;2;2;2;4m[38;2;2;2;4m  [48;2;1;1;1m[38;2;1;1;1m                    [0m
[48;2;1;1;1m[38;2;1;1;1m                  [48;2;1;1;3m[38;2;1;1;3m    [48;2;3;3;0m[38;2;0;0;0m [48;2;175;45;87m[38;2;23;10;12m▆[48;2;195;98;126m[38;2;145;136;135m▄[48;2;243;243;241m[38;2;205;180;184m▎[48;2;250;250;252m[38;2;250;250;252m    [48;2;242;240;242m[38;2;0;0;0m [48;2;65;63;66m[38;2;238;236;239m▅[48;2;204;199;203m[38;2;94;88;92m▅[48;2;55;50;53m[38;2;167;161;165m▅[48;2;219;214;217m[38;2;82;77;80m▅[48;2;224;218;222m[38;2;89;83;87m▅[48;2;246;246;247m[38;2;246;246;247m▄[48;2;168;168;170m[38;2;245;245;247m▊[48;2;4;2;5m[38;2;20;18;21m▌[48;2;7;5;8m[38;2;1;0;2m▊[48;2;1;1;1m[38;2;1;1;1m                    [0m
[48;2;1;1;1m[38;2;1;1;1m                  [48;2;2;0;3m[38;2;2;0;3m  [48;2;3;1;4m[38;2;3;1;4m  [48;2;3;1;6m[38;2;3;1;6m  [48;2;22;20;23m[38;2;196;194;197m▁[48;2;237;235;238m[38;2;136;134;137m▎[48;2;250;250;252m[38;2;250;250;252m    [48;2;222;220;223m[38;2;255;254;255m▊[48;2;212;210;213m[38;2;35;34;36m▅[48;2;234;232;235m[38;2;75;73;76m▂[48;2;66;64;67m[38;2;239;237;239m▅[48;2;249;249;251m[38;2;249;249;251m  [48;2;252;252;253m[38;2;241;241;243m▘[48;2;249;249;250m[38;2;212;212;214m▝[48;2;49;44;48m[38;2;220;215;219m▅[48;2;8;4;7m[38;2;35;31;34m▎[48;2;1;1;1m[38;2;1;1;1m                    [0m
[48;2;4;3;7m[38;2;23;0;137m▂▂▂▂[48;2;4;3;9m[38;2;23;2;136m▂▂▂▂▂▂▂▂▂▂▂▂▂▂[48;2;5;4;11m[38;2;24;2;139m▂▂[48;2;4;2;13m[38;2;23;2;125m▂▂[48;2;6;4;20m[38;2;48;20;183m▁[48;2;21;19;29m[38;2;196;189;223m▁[48;2;232;230;233m[38;2;123;121;124m▎[48;2;255;254;255m[38;2;250;248;251m┗[48;2;250;250;252m[38;2;250;250;252m  [48;2;249;249;251m[38;2;249;249;251m  [48;2;208;202;213m[38;2;38;26;79m▅[48;2;17;13;21m[38;2;32;8;130m▂[48;2;16;13;28m[38;2;38;10;175m▁[48;2;218;214;229m[38;2;52;23;189m▁[48;2;249;249;251m[38;2;249;249;251m  [48;2;250;250;252m[38;2;250;250;252m  [48;2;175;170;187m[38;2;244;241;243m▊[48;2;19;17;21m[38;2;37;17;131m▂[48;2;5;3;13m[38;2;24;3;126m▂▂[48;2;4;3;7m[38;2;23;0;137m▂▂▂▂▂▂[48;2;4;3;9m[38;2;23;2;136m▂▂[48;2;4;3;7m[38;2;23;0;137m▂▂▂▂▂▂▂▂▂▂[0m
[48;2;38;3;183m[38;2;38;3;183m                      [48;2;30;0;180m[38;2;46;14;187m│[48;2;239;234;239m[38;2;102;79;193m▎[48;2;250;250;252m[38;2;250;250;252m    [48;2;246;244;246m[38;2;0;0;0m [48;2;227;224;231m[38;2;82;62;187m▆[48;2;38;4;181m[38;2;75;40;218m▘[48;2;33;1;176m[38;2;46;11;189m▝[48;2;41;6;184m[38;2;41;6;184m  [48;2;235;234;236m[38;2;86;66;189m▂[48;2;243;241;248m[38;2;0;0;0m [48;2;250;250;252m[38;2;250;250;252m  [48;2;187;176;232m[38;2;250;248;249m▊[48;2;31;3;178m[38;2;71;49;173m▎[48;2;38;3;183m[38;2;38;3;183m                    [0m
[48;2;38;3;183m[38;2;38;3;183m                    [48;2;38;5;180m[38;2;42;8;180m▄[48;2;56;25;189m[38;2;188;176;219m▁[48;2;83;64;181m[38;2;214;211;226m▅[48;2;234;232;240m[38;2;0;0;0m [48;2;250;250;252m[38;2;250;250;252m  [48;2;248;246;247m[38;2;0;0;0m [48;2;240;239;241m[38;2;86;69;172m▂[48;2;236;229;250m[38;2;66;40;188m▆[48;2;41;14;176m[38;2;0;0;0m [48;2;38;3;183m[38;2;38;3;183m    [48;2;87;66;185m[38;2;34;5;178m▊[48;2;255;254;255m[38;2;251;251;241m▄[48;2;250;250;252m[38;2;250;250;252m  [48;2;206;199;237m[38;2;243;241;244m▊[48;2;52;28;174m[38;2;204;197;221m▂[48;2;39;4;184m[38;2;39;4;184m  [48;2;38;3;183m[38;2;38;3;183m                  [0m
[48;2;38;3;185m[38;2;38;3;185m                    [48;2;91;73;184m[38;2;207;203;220m▅[48;2;235;233;241m[38;2;0;0;0m [48;2;250;250;252m[38;2;250;250;252m    [48;2;226;215;245m[38;2;80;58;187m▆[48;2;43;13;179m[38;2;0;0;0m [48;2;38;3;185m[38;2;38;3;185m      [48;2;87;66;185m[38;2;34;5;178m▊[48;2;255;254;255m[38;2;251;251;241m▄[48;2;250;250;252m[38;2;250;250;252m  [48;2;252;251;255m[38;2;243;242;250m│[48;2;157;156;164m[38;2;245;244;249m▊[48;2;40;5;183m[38;2;40;5;183m  [48;2;38;3;185m[38;2;38;3;185m                  [0m
[48;2;38;3;185m[38;2;38;3;185m                  [48;2;37;4;190m[38;2;0;0;0m [48;2;69;45;178m[38;2;192;182;218m▆[48;2;237;236;239m[38;2;0;0;0m [48;2;251;250;253m[38;2;244;243;247m┗[48;2;250;250;252m[38;2;250;250;252m  [48;2;237;233;242m[38;2;90;71;183m▂[48;2;223;219;226m[38;2;62;41;181m▆[48;2;38;4;181m[38;2;75;40;218m▘[48;2;33;1;176m[38;2;46;11;189m▝[48;2;38;3;185m[38;2;38;3;185m      [48;2;73;47;186m[38;2;36;5;185m▊[48;2;228;221;238m[38;2;65;39;176m▂[48;2;249;249;251m[38;2;249;249;251m  [48;2;255;254;255m[38;2;245;244;250m▌[48;2;176;175;181m[38;2;245;244;249m▊[48;2;40;5;183m[38;2;40;5;183m  [48;2;38;3;185m[38;2;38;3;185m                  [0m
[48;2;38;3;185m[38;2;38;3;185m                  [48;2;40;4;180m[38;2;29;2;188m▎[48;2;191;178;209m[38;2;171;76;135m▂[48;2;249;249;251m[38;2;214;105;123m▃▃[48;2;236;230;241m[38;2;64;45;154m▂[48;2;224;219;225m[38;2;69;43;184m▆[48;2;36;4;179m[38;2;79;44;220m▘[48;2;31;1;174m[38;2;45;10;188m┗[48;2;38;3;185m[38;2;38;3;185m        [48;2;32;0;173m[38;2;41;7;182m▌[48;2;56;22;197m[38;2;38;4;179m▌[48;2;233;223;237m[38;2;63;29;165m▂[48;2;240;238;235m[38;2;185;62;103m▂[48;2;225;224;228m[38;2;187;64;115m▂[48;2;192;181;220m[38;2;48;17;178m▆[48;2;39;4;184m[38;2;39;4;184m  [48;2;38;3;185m[38;2;38;3;185m                  [0m
[48;2;38;3;185m[38;2;38;3;185m                  [48;2;33;5;183m[38;2;53;6;191m▂[48;2;82;28;94m[38;2;174;57;91m┗[48;2;212;72;98m[38;2;184;44;70m▖[38;2;220;80;106m▌[48;2;73;30;69m[38;2;184;66;93m▂[48;2;36;8;133m[38;2;27;12;26m▆[48;2;35;10;151m[38;2;6;3;10m▆▆▆▆[48;2;35;13;139m[38;2;6;3;15m▆▆▆▆[48;2;35;10;151m[38;2;6;3;10m▆▆▆▆[48;2;43;12;120m[38;2;26;11;20m▆[48;2;225;76;104m[38;2;167;57;91m▎[48;2;215;74;103m[38;2;183;68;105m▝[48;2;80;25;150m[38;2;200;66;84m▆[48;2;28;1;150m[38;2;18;11;27m▆[48;2;33;5;157m[38;2;23;16;33m▂[48;2;38;3;185m[38;2;38;3;185m                  [0m
[48;2;38;3;185m[38;2;38;3;185m                  [48;2;37;3;174m[38;2;37;0;200m▘[48;2;37;18;99m[38;2;37;2;182m▆[48;2;137;42;68m[38;2;29;11;104m▆[48;2;150;59;62m[38;2;28;10;82m▆[48;2;139;42;72m[38;2;27;7;79m▆[48;2;24;10;29m[38;2;40;17;176m▂[48;2;8;4;24m[38;2;38;10;174m▂▂▂▂▂▂▂▂[48;2;7;5;11m[38;2;28;4;143m▃▃[48;2;8;4;24m[38;2;38;10;174m▂▂[48;2;15;5;26m[38;2;38;8;171m▂[48;2;137;49;78m[38;2;30;11;84m▆[48;2;144;46;76m[38;2;28;9;81m▆▆[48;2;17;8;38m[38;2;37;3;188m▂[48;2;32;20;70m[38;2;33;2;169m▆[48;2;38;3;185m[38;2;38;3;185m                  [0m
[48;2;40;2;185m[38;2;40;2;185m                                                            [0m
[48;2;40;2;185m[38;2;40;2;185m                                                            [0m
