[48;2;1;1;1m[38;2;1;1;1m                                                            [0m
[48;2;1;1;1m[38;2;1;1;1m                                                            [0m
[48;2;1;1;1m[38;2;1;1;1m                                                            [0m
[48;2;1;1;1m[38;2;1;1;1m                                                            [0m
[48;2;1;1;1m[38;2;1;1;1m                            [48;2;1;1;3m[38;2;1;1;3m  [48;2;1;1;1m[38;2;1;1;1m                              [0m
[48;2;1;1;1m[38;2;1;1;1m                          [48;2;1;1;3m[38;2;1;1;3m  [48;2;2;0;3m[38;2;2;0;3m  [48;2;1;1;3m[38;2;1;1;3m  [48;2;2;2;4m[38;2;2;2;4m  [48;2;1;1;3m[38;2;1;1;3m  [48;2;1;1;1m[38;2;1;1;1m                        [0m
[48;2;1;1;1m[38;2;1;1;1m                          [48;2;1;1;3m[38;2;1;1;3m  [48;2;4;2;5m[38;2;4;2;5m  [48;2;5;3;6m[38;2;5;3;6m  [48;2;1;1;3m[38;2;1;1;3m  [48;2;1;1;1m[38;2;1;1;1m  [48;2;1;1;3m[38;2;1;1;3m  [48;2;1;1;1m[38;2;1;1;1m                      [0m
[48;2;1;1;1m[38;2;1;1;1m                          [48;2;4;2;7m[38;2;4;2;7m  [48;2;13;11;14m[38;2;201;200;202m▄[48;2;238;236;238m[38;2;170;168;171m▘[48;2;154;152;155m[38;2;246;244;246m▇▇[48;2;34;32;35m[38;2;213;211;214m▄[48;2;14;13;15m[38;2;0;0;0m [48;2;1;1;1m[38;2;1;1;1m  [48;2;1;1;3m[38;2;1;1;3m  [48;2;3;1;4m[38;2;3;1;4m    [48;2;1;1;3m[38;2;1;1;3m  [48;2;1;1;1m[38;2;1;1;1m                [0m
[48;2;1;1;1m[38;2;1;1;1m                    [48;2;2;2;4m[38;2;2;2;4m  [48;2;1;1;3m[38;2;1;1;3m  [48;2;1;1;1m[38;2;1;1;1m  [48;2;8;7;9m[38;2;0;0;0m [48;2;178;176;179m[38;2;25;23;26m▄[48;2;248;237;242m[38;2;184;66;84m▄[48;2;250;238;244m[38;2;206;88;106m▄[48;2;244;241;240m[38;2;195;76;112m▄[48;2;247;235;236m[38;2;0;0;0m [48;2;209;207;210m[38;2;246;244;247m▊[48;2;4;3;5m[38;2;72;70;73m▎[48;2;1;1;1m[38;2;1;1;1m    [48;2;1;1;3m[38;2;1;1;3m    [48;2;3;1;6m[38;2;3;1;6m  [48;2;1;1;1m[38;2;1;1;1m                [0m
[48;2;1;1;1m[38;2;1;1;1m                [48;2;2;0;3m[38;2;2;0;3m    [48;2;1;1;1m[38;2;1;1;1m      [48;2;1;1;3m[38;2;1;1;3m  [48;2;30;15;7m[38;2;187;70;94m▄[48;2;200;63;93m[38;2;0;0;0m [48;2;45;23;17m[38;2;209;75;105m▄[48;2;205;68;98m[38;2;0;0;0m [48;2;209;203;205m[38;2;242;237;239m▊[48;2;15;10;11m[38;2;76;70;72m▎[48;2;1;0;2m[38;2;63;61;64m▁▁[48;2;1;1;1m[38;2;1;1;1m                        [0m
[48;2;1;1;1m[38;2;1;1;1m            [48;2;1;1;3m[38;2;1;1;3m  [48;2;3;1;6m[38;2;3;1;6m    [48;2;1;1;1m[38;2;1;1;1m      [48;2;3;1;6m[38;2;3;1;6m  [48;2;11;10;14m[38;2;79;77;82m▁[48;2;21;19;24m[38;2;205;203;208m▄[48;2;191;82;105m[38;2;242;238;228m▄[48;2;213;77;110m[38;2;223;152;162m▁[48;2;207;69;94m[38;2;214;76;101m▗[48;2;212;74;99m[38;2;233;95;120m▃[48;2;246;241;237m[38;2;229;205;208m▎[48;2;244;223;225m[38;2;205;90;123m▄[48;2;234;220;221m[38;2;201;94;126m▄[48;2;249;238;238m[38;2;203;193;192m▝[48;2;39;37;40m[38;2;243;241;244m▄[48;2;24;22;25m[38;2;214;212;215m▄[48;2;3;3;3m[38;2;3;3;3m  [48;2;1;1;1m[38;2;1;1;1m                    [0m
[48;2;1;1;1m[38;2;1;1;1m            [48;2;3;1;6m[38;2;3;1;6m    [48;2;1;1;3m[38;2;1;1;3m  [48;2;1;1;1m[38;2;1;1;1m    [48;2;2;0;3m[38;2;2;0;3m  [48;2;7;5;8m[38;2;0;0;0m [48;2;33;31;34m[38;2;194;192;195m▄[48;2;230;230;231m[38;2;0;0;0m [48;2;247;247;248m [48;2;249;249;251m[38;2;249;249;251m  [48;2;202;82;103m[38;2;227;137;139m▎[48;2;243;247;249m[38;2;234;181;194m▎[48;2;247;241;239m[38;2;0;0;0m [48;2;209;109;138m[38;2;247;240;239m▄[48;2;207;79;106m[38;2;235;171;177m▁[48;2;244;216;211m[38;2;210;98;120m▄[48;2;246;246;247m[38;2;0;0;0m [48;2;215;215;217m[38;2;244;244;246m▊[48;2;41;39;40m[38;2;216;214;215m▄[48;2;1;0;0m[38;2;62;60;61m▎[48;2;1;1;1m[38;2;1;1;1m                    [0m
[48;2;1;1;1m[38;2;1;1;1m            [48;2;1;1;3m[38;2;1;1;3m  [48;2;3;1;6m[38;2;3;1;6m  [48;2;1;1;1m[38;2;1;1;1m      [48;2;3;1;6m[38;2;3;1;6m  [48;2;23;21;24m[38;2;1;0;2m▊[48;2;238;237;239m[38;2;109;107;110m▎[48;2;250;250;252m[38;2;250;250;252m            [48;2;175;170;174m[38;2;246;242;246m▊[48;2;6;2;5m[38;2;52;47;51m▎[48;2;1;1;1m[38;2;1;1;1m                    [0m
[48;2;1;1;1m[38;2;1;1;1m              [48;2;2;0;3m[38;2;2;0;3m  [48;2;1;1;3m[38;2;1;1;3m  [48;2;1;1;1m[38;2;1;1;1m  [48;2;1;1;3m[38;2;1;1;3m  [48;2;3;1;6m[38;2;3;1;6m  [48;2;24;22;25m[38;2;1;0;2m▊[48;2;239;237;240m[38;2;110;108;111m▎[48;2;250;250;252m[38;2;250;250;252m        [48;2;244;242;245m[38;2;0;0;0m [48;2;244;242;244m[38;2;134;132;135m▁[48;2;248;248;250m[38;2;248;248;250m  [48;2;223;220;221m[38;2;113;109;110m▁[48;2;3;0;0m[38;2;14;10;11m▎[48;2;1;1;1m[38;2;1;1;1m                    [0m
[48;2;1;1;1m[38;2;1;1;1m                [48;2;1;1;3m[38;2;1;1;3m  [48;2;1;1;1m[38;2;1;1;1m  [48;2;2;0;3m[38;2;2;0;3m    [48;2;17;15;18m[38;2;132;130;133m▁[48;2;237;235;238m[38;2;119;117;120m▎[48;2;250;250;252m[38;2;250;250;252m        [48;2;173;168;174m[38;2;247;243;248m▊[48;2;18;14;19m[38;2;65;60;66m▎[48;2;223;219;222m[38;2;27;23;26m▅[48;2;211;206;210m[38;2;32;27;31m▅[48;2;2;2;2m[38;2;2;2;2m  [48;2;1;1;1m[38;2;1;1;1m                    [0m
[48;2;1;1;1m[38;2;1;1;1m                    [48;2;1;1;3m[38;2;1;1;3m  [48;2;3;1;6m[38;2;3;1;6m  [48;2;235;232;233m[38;2;77;73;74m▎[48;2;254;252;253m[38;2;247;243;244m▎[48;2;243;241;243m[38;2;0;0;0m [48;2;232;230;232m[38;2;99;97;100m▅[48;2;225;220;224m[38;2;36;32;35m▅[48;2;224;220;223m[38;2;63;58;62m▁[48;2;242;238;241m[38;2;56;51;55m▁▁[48;2;237;235;238m[38;2;62;60;63m▁▁[48;2;211;207;210m[38;2;32;28;31m▅[48;2;14;10;13m[38;2;0;0;0m [48;2;3;1;6m[38;2;3;1;6m  [48;2;1;1;1m[38;2;1;1;1m                      [0m
[48;2;1;1;1m[38;2;1;1;1m                    [48;2;2;0;3m[38;2;2;0;3m  [48;2;3;1;6m[38;2;3;1;6m  [48;2;235;232;233m[38;2;77;73;74m▎[48;2;254;252;253m[38;2;247;243;244m▎[48;2;250;250;252m[38;2;250;250;252m  [48;2;67;63;66m[38;2;233;229;233m▅[48;2;33;29;32m[38;2;187;182;186m▁[48;2;1;0;2m[38;2;26;24;27m╶[48;2;17;15;18m[38;2;139;137;140m▁[48;2;9;8;10m[38;2;0;0;0m [48;2;24;22;25m[38;2;158;156;159m▁[48;2;29;26;26m[38;2;226;222;223m▅▅[48;2;9;7;10m[38;2;14;12;15m▌[48;2;1;0;2m[38;2;4;2;5m▎[48;2;1;1;1m[38;2;1;1;1m                      [0m
[48;2;1;1;1m[38;2;1;1;1m                    [48;2;2;0;3m[38;2;2;0;3m  [48;2;4;3;5m[38;2;0;0;0m [48;2;22;7;11m[38;2;106;49;71m▁[48;2;228;206;214m[38;2;117;86;96m▎[48;2;242;241;243m[38;2;0;0;0m [48;2;250;250;252m[38;2;250;250;252m  [48;2;248;248;250m[38;2;248;248;250m  [48;2;53;48;49m[38;2;189;183;185m▁[48;2;208;202;204m[38;2;70;64;66m▁[48;2;36;32;35m[38;2;137;132;136m▂[48;2;216;212;215m[38;2;88;83;87m▁[48;2;244;242;244m[38;2;0;0;0m [48;2;227;225;228m[38;2;129;127;130m▂[48;2;25;21;24m[38;2;161;156;160m▁[48;2;3;0;2m[38;2;8;3;7m▄[48;2;1;1;3m[38;2;1;1;3m  [48;2;1;1;1m[38;2;1;1;1m                    [0m
[48;2;1;1;1m[38;2;1;1;1m                  [48;2;1;1;3m[38;2;1;1;3m    [48;2;41;12;9m[38;2;118;40;53m▅[48;2;193;68;97m[38;2;81;27;32m▂[48;2;165;47;83m[38;2;47;20;24m▅[48;2;244;238;236m[38;2;146;116;121m▎[48;2;250;250;252m[38;2;250;250;252m    [48;2;243;242;244m[38;2;0;0;0m [48;2;62;60;63m[38;2;237;235;238m▅[48;2;199;194;198m[38;2;98;93;97m▅[48;2;63;58;62m[38;2;222;218;221m▅[48;2;197;192;196m[38;2;99;93;97m▅[48;2;65;59;63m[38;2;231;227;230m▅[48;2;171;169;172m[38;2;243;241;244m▊[48;2;3;1;4m[38;2;48;46;49m▎[48;2;2;0;3m[38;2;2;0;3m  [48;2;1;1;1m[38;2;1;1;1m                    [0m
[48;2;1;1;1m[38;2;1;1;1m                  [48;2;2;0;3m[38;2;2;0;3m  [48;2;3;1;4m[38;2;3;1;4m  [48;2;2;0;5m[38;2;2;0;5m  [48;2;22;21;23m[38;2;183;181;184m▁[48;2;239;237;240m[38;2;131;129;132m▎[48;2;250;250;252m[38;2;250;250;252m    [48;2;246;244;247m[38;2;0;0;0m [48;2;230;229;231m[38;2;59;57;60m▁[48;2;249;249;251m[38;2;249;249;251m  [48;2;250;250;252m[38;2;250;250;252m  [48;2;194;192;195m[38;2;245;243;245m▊[48;2;32;30;33m[38;2;204;202;205m▁[48;2;3;1;6m[38;2;3;1;6m  [48;2;1;1;1m[38;2;1;1;1m                    [0m
[48;2;4;2;10m[38;2;23;2;126m▂▂▂▂▂▂▂▂▂▂▂▂▂▂▂▂▂▂[48;2;5;3;12m[38;2;24;2;129m▂▂[48;2;4;2;11m[38;2;23;1;128m▂▂[48;2;6;3;21m[38;2;57;30;182m▁[48;2;22;19;29m[38;2;195;185;232m▁[48;2;236;234;237m[38;2;128;126;129m▎[48;2;251;250;251m[38;2;239;237;240m┗[48;2;250;250;252m[38;2;250;250;252m  [48;2;245;245;246m[38;2;0;0;0m [48;2;231;228;239m[38;2;71;55;156m▁[48;2;201;195;205m[38;2;32;21;76m▅[48;2;21;14;36m[38;2;55;25;181m▁[48;2;226;224;227m[38;2;45;37;80m▆[48;2;246;244;244m[38;2;207;203;219m▎[48;2;250;250;252m[38;2;250;250;252m  [48;2;255;255;255m[38;2;245;245;247m▌[48;2;174;174;176m▊[48;2;16;11;20m[38;2;35;11;138m▂[48;2;6;2;11m[38;2;24;1;126m▂[48;2;5;3;12m[38;2;24;2;129m▂▂[48;2;4;2;10m[38;2;23;2;126m▂▂▂▂▂▂▂▂▂▂▂▂▂▂▂▂▂▂[0m
[48;2;38;3;183m[38;2;38;3;183m                      [48;2;29;0;186m[38;2;48;15;193m┃[48;2;237;233;233m[38;2;93;70;184m▎[48;2;250;250;252m[38;2;250;250;252m    [48;2;242;238;240m[38;2;98;80;183m▂[48;2;42;12;190m[38;2;107;95;163m▎[48;2;38;3;183m[38;2;38;3;183m  [48;2;70;48;175m[38;2;33;5;185m▊[48;2;248;247;247m[38;2;187;176;232m▎[48;2;250;250;252m[38;2;250;250;252m  [48;2;255;254;255m[38;2;246;245;250m▌[48;2;175;174;179m[38;2;246;245;249m▊[48;2;41;6;184m[38;2;41;6;184m  [48;2;38;3;183m[38;2;38;3;183m                    [0m
[48;2;38;3;183m[38;2;38;3;183m                    [48;2;38;3;185m[38;2;38;3;185m  [48;2;112;95;200m[38;2;217;213;233m┏[48;2;235;234;235m[38;2;0;0;0m [48;2;250;250;252m[38;2;250;250;252m  [48;2;245;244;248m[38;2;0;0;0m [48;2;242;240;244m[38;2;101;86;177m▂[48;2;40;9;186m[38;2;113;89;199m▎[48;2;44;9;189m[38;2;29;0;167m▌[48;2;38;3;183m[38;2;38;3;183m  [48;2;40;8;182m[38;2;0;0;0m [48;2;213;203;235m[38;2;55;26;183m▆[48;2;250;250;251m[38;2;232;232;234m▌[48;2;250;250;252m[38;2;255;255;255m▌[48;2;250;250;251m[38;2;240;240;242m▃[48;2;241;241;243m[38;2;251;251;252m▄[48;2;60;34;183m[38;2;222;214;237m▆[48;2;43;14;179m[38;2;42;15;175m▄[48;2;38;3;183m[38;2;38;3;183m                    [0m
[48;2;38;3;185m[38;2;38;3;185m                      [48;2;232;230;237m[38;2;84;65;181m▎[48;2;251;250;249m[38;2;240;243;222m│[48;2;250;250;252m[38;2;250;250;252m  [48;2;225;216;239m[38;2;83;61;185m▆[48;2;41;12;184m[38;2;0;0;0m [48;2;38;3;185m[38;2;38;3;185m    [48;2;40;5;183m[38;2;40;5;183m  [48;2;227;226;230m[38;2;61;46;169m▂[48;2;244;242;249m[38;2;0;0;0m [48;2;250;250;252m[38;2;250;250;252m  [48;2;187;177;230m[38;2;248;247;246m▊[48;2;33;5;183m[38;2;70;48;174m▎[48;2;38;3;185m[38;2;38;3;185m                    [0m
[48;2;38;3;185m[38;2;38;3;185m                    [48;2;36;5;185m[38;2;34;7;159m▎[48;2;69;45;174m[38;2;196;184;226m▆[48;2;236;235;238m[38;2;0;0;0m [48;2;251;250;252m[38;2;243;242;246m┗[48;2;236;232;250m[38;2;249;247;244m▊[48;2;213;208;230m[38;2;85;64;190m▆[48;2;37;4;180m[38;2;76;41;219m▘[48;2;33;1;176m[38;2;46;11;189m▝[48;2;38;3;185m[38;2;38;3;185m      [48;2;87;66;187m[38;2;37;7;183m▊[48;2;252;251;245m[38;2;203;193;243m▎[48;2;250;250;252m[38;2;250;250;252m  [48;2;243;243;243m[38;2;0;0;0m [48;2;66;47;173m[38;2;222;218;237m▆[48;2;39;4;184m[38;2;39;4;184m  [48;2;38;3;185m[38;2;38;3;185m                  [0m
[48;2;38;3;185m[38;2;38;3;185m                    [48;2;38;6;175m[38;2;41;8;201m┣[48;2;191;180;212m[38;2;160;65;124m▂[48;2;248;236;239m[38;2;207;72;95m▂▂[48;2;224;209;240m[38;2;77;51;176m▆[48;2;47;13;180m[38;2;0;0;0m [48;2;38;3;185m[38;2;38;3;185m        [48;2;42;10;186m[38;2;0;0;0m [48;2;204;193;227m[38;2;48;18;178m▆[48;2;225;223;227m[38;2;70;50;179m▂[48;2;244;242;250m[38;2;0;0;0m [48;2;255;254;255m[38;2;245;244;252m▌[48;2;174;173;181m[38;2;245;244;250m▊[48;2;40;5;183m[38;2;40;5;183m  [48;2;38;3;185m[38;2;38;3;185m                  [0m
[48;2;38;3;185m[38;2;38;3;185m                    [48;2;57;21;177m[38;2;112;40;80m▆[48;2;191;68;89m[38;2;0;0;0m [48;2;198;67;90m[38;2;222;75;95m▊[48;2;164;52;85m[38;2;55;21;26m▆[48;2;38;16;123m[38;2;7;3;13m▆[48;2;38;11;149m[38;2;7;3;8m▆[48;2;36;13;140m[38;2;5;3;12m▆▆[48;2;36;13;142m[38;2;5;3;13m▆▆▆▆[48;2;36;13;140m[38;2;5;3;12m▆▆▆▆[48;2;41;33;139m[38;2;26;12;23m▆[48;2;220;184;197m[38;2;211;73;97m▆[48;2;233;200;214m[38;2;220;74;104m▆[48;2;211;203;208m[38;2;198;76;98m▆[48;2;42;10;168m[38;2;21;10;44m▂[48;2;37;2;183m[38;2;34;3;156m▖[48;2;38;3;185m[38;2;38;3;185m                  [0m
[48;2;38;3;185m[38;2;38;3;185m                    [48;2;26;11;83m[38;2;40;11;181m▆[48;2;54;19;67m[38;2;54;4;189m▂[48;2;137;45;73m[38;2;27;7;82m▆[48;2;21;10;29m[38;2;46;13;182m▂[48;2;8;3;24m[38;2;39;10;180m▂▂[48;2;8;6;11m[38;2;30;5;149m▃▃[48;2;8;3;24m[38;2;39;10;180m▂▂▂▂[48;2;7;5;11m[38;2;29;4;148m▃▃[48;2;8;3;24m[38;2;39;10;180m▂▂[48;2;19;10;28m[38;2;44;13;181m▂[48;2;135;45;72m[38;2;26;7;81m▆[48;2;63;24;48m[38;2;45;4;180m▂▂[48;2;37;22;76m[38;2;37;2;182m▆[48;2;37;2;180m[38;2;37;5;162m▘[48;2;38;3;185m[38;2;38;3;185m                  [0m
[48;2;40;2;185m[38;2;40;2;185m                                                            [0m
[48;2;40;2;185m[38;2;40;2;185m                                                            [0m
