[48;2;1;1;1m[38;2;1;1;1m                                                            [0m
[48;2;1;1;1m[38;2;1;1;1m                                                            [0m
[48;2;1;1;1m[38;2;1;1;1m                                                            [0m
[48;2;1;1;1m[38;2;1;1;1m                                                            [0m
[48;2;1;1;1m[38;2;1;1;1m                            [48;2;1;1;3m[38;2;1;1;3m  [48;2;1;1;1m[38;2;1;1;1m                              [0m
[48;2;1;1;1m[38;2;1;1;1m                          [48;2;1;1;3m[38;2;1;1;3m  [48;2;2;0;3m[38;2;2;0;3m  [48;2;1;1;3m[38;2;1;1;3m  [48;2;2;2;4m[38;2;2;2;4m  [48;2;1;1;3m[38;2;1;1;3m  [48;2;1;1;1m[38;2;1;1;1m                        [0m
[48;2;1;1;1m[38;2;1;1;1m                          [48;2;3;1;4m[38;2;3;1;4m  [48;2;5;3;8m[38;2;5;3;8m  [48;2;5;3;6m[38;2;5;3;6m  [48;2;1;1;3m[38;2;1;1;3m  [48;2;1;1;1m[38;2;1;1;1m  [48;2;1;1;3m[38;2;1;1;3m  [48;2;1;1;1m[38;2;1;1;1m                      [0m
[48;2;1;1;1m[38;2;1;1;1m                          [48;2;9;7;10m[38;2;0;0;0m [48;2;179;177;180m[38;2;26;24;27m▄[48;2;135;133;136m[38;2;229;227;230m▇[48;2;145;143;146m[38;2;245;244;246m▇[48;2;154;152;155m[38;2;246;244;246m▇▇[48;2;34;32;35m[38;2;213;211;214m▄[48;2;14;13;15m[38;2;0;0;0m [48;2;1;1;1m[38;2;1;1;1m  [48;2;1;1;3m[38;2;1;1;3m  [48;2;3;1;4m[38;2;3;1;4m    [48;2;1;1;3m[38;2;1;1;3m  [48;2;1;1;1m[38;2;1;1;1m                [0m
[48;2;1;1;1m[38;2;1;1;1m                    [48;2;2;2;4m[38;2;2;2;4m  [48;2;1;1;3m[38;2;1;1;3m  [48;2;1;1;1m[38;2;1;1;1m  [48;2;2;2;4m[38;2;2;2;4m  [48;2;215;75;107m[38;2;154;60;76m▌[48;2;199;78;103m[38;2;57;16;16m▄[48;2;231;222;223m[38;2;189;79;112m▄[48;2;251;248;247m[38;2;239;212;217m▎[48;2;209;207;210m[38;2;246;244;247m▊[48;2;4;3;5m[38;2;72;70;73m▎[48;2;1;1;1m[38;2;1;1;1m    [48;2;1;1;3m[38;2;1;1;3m    [48;2;3;1;6m[38;2;3;1;6m  [48;2;1;1;1m[38;2;1;1;1m                [0m
[48;2;1;1;1m[38;2;1;1;1m                [48;2;2;0;3m[38;2;2;0;3m    [48;2;1;1;1m[38;2;1;1;1m      [48;2;1;0;2m[38;2;55;53;56m▁▁[48;2;211;78;101m[38;2;141;44;55m▎[48;2;202;68;92m[38;2;219;67;97m▊[48;2;218;82;104m[38;2;206;56;85m│[48;2;246;245;246m[38;2;242;197;204m▎[48;2;240;238;241m[38;2;0;0;0m [48;2;46;44;47m[38;2;235;233;236m▄[48;2;22;20;23m[38;2;217;216;218m▄[48;2;20;18;21m[38;2;0;0;0m [48;2;0;0;0m[38;2;35;35;35m▂[48;2;4;4;4m[38;2;15;15;15m▁[48;2;1;1;1m[38;2;1;1;1m                      [0m
[48;2;1;1;1m[38;2;1;1;1m            [48;2;1;1;3m[38;2;1;1;3m  [48;2;3;1;6m[38;2;3;1;6m    [48;2;1;1;1m[38;2;1;1;1m      [48;2;8;7;9m[38;2;91;89;92m▁[48;2;29;27;30m[38;2;193;191;193m▄[48;2;227;226;228m[38;2;0;0;0m [48;2;245;243;245m [48;2;205;101;122m[38;2;242;237;227m▄[48;2;216;82;113m[38;2;234;144;161m▁[48;2;217;81;103m[38;2;205;55;84m│[48;2;245;244;246m[38;2;241;196;203m▎[48;2;250;250;252m[38;2;250;250;252m  [48;2;248;248;250m[38;2;248;248;250m  [48;2;187;182;186m[38;2;241;236;240m▊[48;2;20;16;19m[38;2;107;102;106m▁[48;2;1;1;1m[38;2;1;1;1m                      [0m
[48;2;1;1;1m[38;2;1;1;1m            [48;2;3;1;6m[38;2;3;1;6m    [48;2;1;1;3m[38;2;1;1;3m  [48;2;1;1;1m[38;2;1;1;1m    [48;2;2;0;3m[38;2;2;0;3m  [48;2;233;232;234m[38;2;75;73;76m▎[48;2;253;252;254m[38;2;245;243;246m▎[48;2;250;250;252m[38;2;250;250;252m  [48;2;243;225;222m[38;2;215;113;138m▄[48;2;242;224;221m[38;2;195;91;116m▄[48;2;209;115;133m[38;2;211;86;105m▊[48;2;244;239;244m[38;2;224;187;194m▎[48;2;250;250;252m[38;2;250;250;252m    [48;2;255;255;255m[38;2;244;244;246m▌[48;2;173;173;175m[38;2;245;245;246m▊[48;2;4;2;5m[38;2;20;18;21m▌[48;2;7;5;8m[38;2;1;0;2m▊[48;2;1;1;1m[38;2;1;1;1m                    [0m
[48;2;1;1;1m[38;2;1;1;1m            [48;2;1;1;3m[38;2;1;1;3m  [48;2;3;1;6m[38;2;3;1;6m  [48;2;1;1;1m[38;2;1;1;1m      [48;2;3;1;6m[38;2;3;1;6m  [48;2;235;232;233m[38;2;78;74;75m▎[48;2;255;254;255m[38;2;254;250;251m▄[48;2;250;250;252m[38;2;250;250;252m    [48;2;249;249;251m[38;2;249;249;251m  [48;2;250;250;252m[38;2;250;250;252m    [48;2;255;254;255m[38;2;252;250;253m▄[48;2;207;205;208m[38;2;0;0;0m [48;2;9;7;12m[38;2;14;12;17m▌[48;2;1;0;4m[38;2;4;2;7m▎[48;2;1;1;1m[38;2;1;1;1m                    [0m
[48;2;1;1;1m[38;2;1;1;1m              [48;2;2;0;3m[38;2;2;0;3m  [48;2;1;1;3m[38;2;1;1;3m  [48;2;1;1;1m[38;2;1;1;1m  [48;2;1;1;3m[38;2;1;1;3m  [48;2;1;0;4m[38;2;3;1;6m▄[48;2;13;12;16m[38;2;113;111;116m▁[48;2;234;230;231m[38;2;108;104;105m▎[48;2;255;254;255m[38;2;242;238;239m│[48;2;238;236;239m[38;2;66;65;67m▅[48;2;242;240;243m[38;2;177;175;178m▎[48;2;250;250;252m[38;2;250;250;252m      [48;2;205;203;206m[38;2;246;244;247m▊[48;2;233;231;234m[38;2;41;39;42m▅[48;2;213;211;216m[38;2;21;19;24m▅[48;2;1;0;4m[38;2;13;11;16m▘[48;2;2;0;3m[38;2;2;0;3m  [48;2;1;1;1m[38;2;1;1;1m                    [0m
[48;2;1;1;1m[38;2;1;1;1m                [48;2;1;1;3m[38;2;1;1;3m  [48;2;1;1;1m[38;2;1;1;1m  [48;2;2;0;3m[38;2;2;0;3m  [48;2;13;8;12m[38;2;7;2;6m┃[48;2;233;228;232m[38;2;95;90;94m▎[48;2;248;246;249m[38;2;0;0;0m [48;2;240;238;241m[38;2;128;126;129m▁[48;2;12;10;15m[38;2;128;126;131m▎[48;2;244;242;247m[38;2;118;116;121m▎[48;2;250;250;252m[38;2;250;250;252m      [48;2;175;173;178m[38;2;246;245;248m▊[48;2;6;4;9m[38;2;52;50;55m▎[48;2;3;1;6m[38;2;3;1;6m  [48;2;1;1;1m[38;2;1;1;1m                      [0m
[48;2;1;1;1m[38;2;1;1;1m                    [48;2;1;1;3m[38;2;1;1;3m  [48;2;14;9;13m[38;2;8;3;7m┃[48;2;234;229;233m[38;2;96;91;95m▎[48;2;240;238;241m[38;2;255;254;255m│[48;2;19;17;20m[38;2;158;156;159m▎[48;2;80;74;78m[38;2;214;209;212m┏[48;2;171;166;169m[38;2;94;89;92m▄[48;2;223;218;222m[38;2;38;33;37m▅[48;2;223;219;223m[38;2;72;67;71m▁[48;2;242;238;241m[38;2;56;51;55m▁▁[48;2;237;235;238m[38;2;62;60;63m▁▁[48;2;209;204;208m[38;2;35;31;34m▅[48;2;25;20;24m[38;2;160;155;159m▁[48;2;3;1;6m[38;2;3;1;6m  [48;2;1;1;1m[38;2;1;1;1m                      [0m
[48;2;1;1;1m[38;2;1;1;1m                    [48;2;2;0;3m[38;2;2;0;3m  [48;2;8;5;7m[38;2;23;1;10m▘[48;2;219;212;217m[38;2;90;81;86m▎[48;2;242;238;241m[38;2;206;140;163m▁[48;2;82;67;72m[38;2;232;227;230m▅[48;2;252;250;252m[38;2;194;192;195m▘[48;2;246;245;247m[38;2;245;243;246m▄[48;2;67;63;66m[38;2;233;229;233m▅[48;2;33;29;32m[38;2;187;182;186m▁[48;2;1;0;2m[38;2;26;24;27m╶[48;2;17;15;18m[38;2;139;137;140m▁[48;2;9;8;10m[38;2;0;0;0m [48;2;24;22;25m[38;2;158;156;159m▁[48;2;52;50;53m[38;2;229;227;230m▅[48;2;235;233;236m[38;2;0;0;0m [48;2;46;41;45m[38;2;215;210;214m▅[48;2;10;5;9m[38;2;32;27;31m▎[48;2;1;1;1m[38;2;1;1;1m                      [0m
[48;2;1;1;1m[38;2;1;1;1m                    [48;2;2;0;3m[38;2;2;0;3m  [48;2;7;1;2m[38;2;7;9;17m▌[48;2;167;56;74m[38;2;55;14;18m▎[48;2;210;65;92m[38;2;84;33;29m▂[48;2;237;236;241m[38;2;201;138;154m▎[48;2;250;250;252m[38;2;250;250;252m  [48;2;249;247;250m[38;2;249;247;250m  [48;2;63;59;60m[38;2;12;8;9m┃[48;2;239;235;236m[38;2;166;162;163m▎[48;2;47;42;46m[38;2;178;173;177m▁[48;2;217;213;216m[38;2;85;80;84m▁[48;2;249;249;251m[38;2;249;249;251m  [48;2;242;240;243m[38;2;0;0;0m [48;2;44;42;45m[38;2;213;211;213m▅[48;2;5;3;6m[38;2;5;3;6m  [48;2;1;1;1m[38;2;1;1;1m                    [0m
[48;2;1;1;1m[38;2;1;1;1m                  [48;2;1;1;3m[38;2;1;1;3m    [48;2;3;1;6m[38;2;3;1;6m  [48;2;19;17;20m[38;2;170;168;171m▁[48;2;238;237;239m[38;2;135;133;136m▎[48;2;250;250;252m[38;2;250;250;252m  [48;2;249;249;251m[38;2;249;249;251m  [48;2;73;68;72m[38;2;233;229;233m▅[48;2;203;199;202m[38;2;41;37;40m▅[48;2;239;237;239m[38;2;209;207;210m╸[48;2;68;66;69m[38;2;230;228;231m▅[48;2;210;205;209m[38;2;83;78;82m▅[48;2;221;216;220m[38;2;93;88;92m▅[48;2;246;246;247m[38;2;246;246;247m▄[48;2;166;166;168m[38;2;245;245;247m▊[48;2;4;2;5m[38;2;20;18;21m▌[48;2;7;5;8m[38;2;1;0;2m▊[48;2;1;1;1m[38;2;1;1;1m                    [0m
[48;2;1;1;1m[38;2;1;1;1m                  [48;2;2;0;3m[38;2;2;0;3m  [48;2;3;1;4m[38;2;3;1;4m  [48;2;1;0;4m[38;2;7;5;10m▄[48;2;21;19;24m[38;2;179;177;182m▁[48;2;234;233;235m[38;2;128;126;129m▎[48;2;249;248;250m[38;2;232;230;233m╵[48;2;250;250;252m[38;2;250;250;252m  [48;2;249;249;251m[38;2;249;249;251m  [48;2;205;200;204m[38;2;37;32;36m▅[48;2;17;13;16m[38;2;0;0;0m [48;2;196;194;197m[38;2;24;22;25m▅[48;2;247;245;247m[38;2;197;195;198m▎[48;2;250;250;252m[38;2;250;250;252m  [48;2;250;250;251m[38;2;0;0;0m [48;2;249;249;250m[38;2;211;211;213m▝[48;2;45;40;44m[38;2;221;216;220m▅[48;2;10;5;9m[38;2;3;0;2m┣[48;2;1;1;1m[38;2;1;1;1m                    [0m
[48;2;4;2;10m[38;2;23;2;126m▂▂▂▂▂▂▂▂▂▂▂▂▂▂▂▂▂▂[48;2;5;3;12m[38;2;24;2;129m▂▂[48;2;4;2;11m[38;2;23;1;128m▂▂[48;2;10;6;24m[38;2;18;1;144m▁[48;2;235;232;235m[38;2;98;93;113m▎[48;2;250;250;252m[38;2;250;250;252m    [48;2;230;228;228m[38;2;244;242;247m▇[48;2;165;158;186m[38;2;39;34;60m┳[48;2;20;15;25m[38;2;29;4;131m▂[48;2;7;2;12m[38;2;32;7;135m▂[48;2;19;15;31m[38;2;33;6;174m▁[48;2;216;212;227m[38;2;55;26;196m▁[48;2;249;249;251m[38;2;249;249;251m  [48;2;250;250;252m[38;2;250;250;252m  [48;2;178;171;187m[38;2;248;244;243m▊[48;2;18;14;18m[38;2;27;10;123m▂[48;2;5;3;12m[38;2;24;2;129m▂▂[48;2;4;2;10m[38;2;23;2;126m▂▂▂▂▂▂▂▂▂▂▂▂▂▂▂▂▂▂[0m
[48;2;38;3;183m[38;2;38;3;183m                      [48;2;29;0;186m[38;2;48;15;193m┃[48;2;237;233;233m[38;2;93;70;184m▎[48;2;250;250;252m[38;2;250;250;252m    [48;2;241;238;240m[38;2;97;79;182m▂[48;2;41;12;189m[38;2;106;94;162m▎[48;2;38;3;183m[38;2;38;3;183m  [48;2;41;6;184m[38;2;41;6;184m  [48;2;255;255;255m[38;2;236;236;238m▌[48;2;252;252;253m[38;2;244;244;246m┃[48;2;250;250;252m[38;2;250;250;252m  [48;2;195;187;225m[38;2;246;245;238m▊[48;2;44;20;178m[38;2;200;189;234m▂[48;2;38;3;183m[38;2;38;3;183m                    [0m
[48;2;38;3;183m[38;2;38;3;183m                      [48;2;43;20;174m[38;2;175;165;217m▂[48;2;238;234;245m[38;2;126;109;199m▎[48;2;250;250;252m[38;2;250;250;252m  [48;2;245;244;248m[38;2;0;0;0m [48;2;242;240;244m[38;2;101;86;177m▂[48;2;40;9;186m[38;2;113;89;199m▎[48;2;44;9;189m[38;2;29;0;167m▌[48;2;38;3;183m[38;2;38;3;183m  [48;2;40;5;185m[38;2;40;5;185m  [48;2;223;218;236m[38;2;61;36;182m▆[48;2;248;247;244m[38;2;217;210;243m▎[48;2;250;250;252m[38;2;250;250;252m  [48;2;255;254;255m[38;2;246;245;251m▌[48;2;175;174;180m[38;2;246;245;249m▊[48;2;40;5;183m[38;2;40;5;183m  [48;2;38;3;183m[38;2;38;3;183m                  [0m
[48;2;38;3;185m[38;2;38;3;185m                      [48;2;232;230;237m[38;2;84;65;181m▎[48;2;251;250;249m[38;2;240;243;222m│[48;2;250;250;252m[38;2;250;250;252m  [48;2;225;216;239m[38;2;83;61;185m▆[48;2;41;12;184m[38;2;0;0;0m [48;2;38;3;185m[38;2;38;3;185m      [48;2;72;48;185m[38;2;33;3;183m▊[48;2;232;225;240m[38;2;76;52;173m▂[48;2;249;249;251m[38;2;249;249;251m  [48;2;255;254;255m[38;2;245;244;250m▌[48;2;174;173;179m[38;2;245;244;249m▊[48;2;40;5;183m[38;2;40;5;183m  [48;2;38;3;185m[38;2;38;3;185m                  [0m
[48;2;38;3;185m[38;2;38;3;185m                      [48;2;232;230;237m[38;2;84;65;181m▎[48;2;251;250;249m[38;2;240;243;222m│[48;2;236;232;250m[38;2;249;247;244m▊[48;2;213;208;230m[38;2;85;64;190m▆[48;2;37;4;180m[38;2;76;41;219m▘[48;2;33;1;176m[38;2;46;11;189m▝[48;2;38;3;185m[38;2;38;3;185m      [48;2;46;10;197m[38;2;34;0;186m┃[48;2;81;50;206m[38;2;34;5;167m▊[48;2;250;250;251m[38;2;232;232;234m▌[48;2;250;250;252m[38;2;255;255;255m▌[48;2;255;254;255m[38;2;245;244;250m▌[48;2;174;173;179m[38;2;245;244;249m▊[48;2;40;5;183m[38;2;40;5;183m  [48;2;38;3;185m[38;2;38;3;185m                  [0m
[48;2;38;3;185m[38;2;38;3;185m                      [48;2;183;173;195m[38;2;175;73;104m▆[48;2;231;215;226m[38;2;214;67;101m▆[48;2;216;208;202m[38;2;157;59;124m▆[48;2;95;36;150m[38;2;219;67;109m━[48;2;42;4;186m[38;2;42;10;154m▌[48;2;42;5;181m[38;2;42;1;197m▌[48;2;38;3;185m[38;2;38;3;185m      [48;2;38;3;181m[38;2;34;0;177m▌[48;2;50;15;193m[38;2;45;10;188m▌[48;2;225;224;228m[38;2;74;55;183m▂[48;2;245;243;250m[38;2;0;0;0m [48;2;255;254;255m[38;2;245;244;252m▌[48;2;174;173;181m[38;2;245;244;250m▊[48;2;40;5;183m[38;2;40;5;183m  [48;2;38;3;185m[38;2;38;3;185m                  [0m
[48;2;38;3;185m[38;2;38;3;185m                    [48;2;40;5;185m[38;2;39;5;183m▄[48;2;104;41;118m[38;2;82;24;77m▄[48;2;189;65;98m[38;2;18;12;6m▂[48;2;170;59;88m[38;2;40;14;16m▆[48;2;38;16;123m[38;2;7;3;13m▆[48;2;38;11;149m[38;2;7;3;8m▆[48;2;36;13;140m[38;2;5;3;12m▆▆[48;2;36;13;142m[38;2;5;3;13m▆▆▆▆[48;2;36;13;140m[38;2;5;3;12m▆▆▆▆[48;2;41;33;139m[38;2;26;12;23m▆[48;2;220;184;197m[38;2;211;73;97m▆[48;2;233;200;214m[38;2;220;74;104m▆[48;2;211;203;208m[38;2;198;76;98m▆[48;2;42;10;168m[38;2;21;10;44m▂[48;2;37;2;183m[38;2;34;3;156m▖[48;2;38;3;185m[38;2;38;3;185m                  [0m
[48;2;38;3;185m[38;2;38;3;185m                    [48;2;37;1;185m[38;2;37;3;174m▝[48;2;37;15;111m[38;2;37;2;180m▆[48;2;13;6;44m[38;2;35;3;192m▂[48;2;13;9;26m[38;2;35;6;172m▂[48;2;8;3;24m[38;2;39;10;180m▂▂[48;2;8;6;11m[38;2;30;5;149m▃▃[48;2;8;3;24m[38;2;39;10;180m▂▂▂▂[48;2;7;5;11m[38;2;29;4;148m▃▃[48;2;8;3;24m[38;2;39;10;180m▂▂[48;2;19;10;28m[38;2;44;13;181m▂[48;2;135;45;72m[38;2;26;7;81m▆[48;2;63;24;48m[38;2;45;4;180m▂▂[48;2;37;22;76m[38;2;37;2;182m▆[48;2;37;2;180m[38;2;37;5;162m▘[48;2;38;3;185m[38;2;38;3;185m                  [0m
[48;2;40;2;185m[38;2;40;2;185m                                                            [0m
[48;2;40;2;185m[38;2;40;2;185m                                                            [0m
