[48;2;1;1;1m[38;2;1;1;1m                                                            [0m
[48;2;1;1;1m[38;2;1;1;1m                                                            [0m
[48;2;1;1;1m[38;2;1;1;1m                                                            [0m
[48;2;1;1;1m[38;2;1;1;1m                                                            [0m
[48;2;1;1;1m[38;2;1;1;1m                            [48;2;1;1;3m[38;2;1;1;3m  [48;2;1;1;1m[38;2;1;1;1m                              [0m
[48;2;1;1;1m[38;2;1;1;1m                        [48;2;2;2;2m[38;2;2;2;2m  [48;2;1;0;2m[38;2;7;5;8m▃▃[48;2;1;0;4m[38;2;7;5;10m▃▃[48;2;1;1;3m[38;2;1;1;3m  [48;2;2;2;4m[38;2;2;2;4m  [48;2;1;1;3m[38;2;1;1;3m  [48;2;1;1;1m[38;2;1;1;1m                        [0m
[48;2;1;1;1m[38;2;1;1;1m                        [48;2;7;5;6m[38;2;0;0;0m [48;2;175;174;175m[38;2;25;24;24m▄[48;2;218;216;219m[38;2;0;0;0m [48;2;178;176;179m[38;2;242;241;243m▇[48;2;165;163;166m[38;2;246;244;246m▇▇[48;2;34;33;35m[38;2;214;212;215m▄[48;2;15;13;16m[38;2;0;0;0m [48;2;1;1;3m[38;2;1;1;3m  [48;2;1;1;1m[38;2;1;1;1m  [48;2;1;1;3m[38;2;1;1;3m  [48;2;1;1;1m[38;2;1;1;1m                      [0m
[48;2;1;1;1m[38;2;1;1;1m                          [48;2;171;73;92m[38;2;23;14;5m▄[48;2;199;74;103m[38;2;0;0;0m [48;2;199;84;110m[38;2;56;28;26m▄[48;2;242;217;215m[38;2;189;73;100m▄[48;2;225;220;224m[38;2;250;246;249m┃[48;2;5;0;4m[38;2;84;79;83m▎[48;2;1;1;1m[38;2;1;1;1m    [48;2;1;1;3m[38;2;1;1;3m  [48;2;3;1;4m[38;2;3;1;4m    [48;2;1;1;3m[38;2;1;1;3m  [48;2;1;1;1m[38;2;1;1;1m                [0m
[48;2;1;1;1m[38;2;1;1;1m                    [48;2;2;2;4m[38;2;2;2;4m  [48;2;1;1;3m[38;2;1;1;3m  [48;2;3;3;3m[38;2;3;3;3m  [48;2;199;71;94m[38;2;95;47;43m▎[48;2;225;71;103m[38;2;203;69;94m▌[48;2;205;65;91m[38;2;216;76;102m▄▄[48;2;226;220;222m[38;2;255;253;255m│[48;2;11;5;7m[38;2;87;81;83m▎[48;2;1;1;1m[38;2;11;11;11m▃▃[38;2;1;1;1m    [48;2;1;1;3m[38;2;1;1;3m    [48;2;3;1;6m[38;2;3;1;6m  [48;2;1;1;1m[38;2;1;1;1m                [0m
[48;2;1;1;1m[38;2;1;1;1m                [48;2;2;0;3m[38;2;2;0;3m    [48;2;1;1;1m[38;2;1;1;1m  [48;2;10;8;9m[38;2;38;36;37m▁[48;2;14;13;13m[38;2;192;190;191m▄[48;2;20;19;21m[38;2;237;235;237m▄[48;2;222;220;222m[38;2;0;0;0m [48;2;210;101;124m[38;2;242;240;230m▄[48;2;220;91;121m[38;2;0;0;0m [48;2;202;77;101m[38;2;223;78;109m▌[48;2;211;78;105m[38;2;247;211;207m▄[48;2;239;237;240m[38;2;250;248;251m▄▄[48;2;190;188;191m[38;2;244;242;245m▇[48;2;39;37;40m[38;2;225;223;226m▄[48;2;7;5;8m[38;2;36;34;37m▂[38;2;1;0;2m▆[48;2;1;1;1m[38;2;1;1;1m                        [0m
[48;2;1;1;1m[38;2;1;1;1m            [48;2;1;1;3m[38;2;1;1;3m  [48;2;3;1;6m[38;2;3;1;6m    [48;2;1;1;1m[38;2;1;1;1m  [48;2;10;6;7m[38;2;92;88;89m▁[48;2;24;21;21m[38;2;187;183;184m▄[48;2;243;242;244m[38;2;150;148;151m▘[48;2;248;246;248m[38;2;0;0;0m [48;2;250;250;252m[38;2;250;250;252m  [48;2;249;249;251m[38;2;249;249;251m  [48;2;209;97;131m[38;2;248;240;240m▄[48;2;240;240;237m[38;2;0;0;0m [48;2;250;250;252m[38;2;250;250;252m    [48;2;190;185;189m[38;2;243;239;242m▊[48;2;22;18;21m[38;2;110;105;109m▁[48;2;1;1;1m[38;2;1;1;1m                        [0m
[48;2;1;1;1m[38;2;1;1;1m            [48;2;3;1;6m[38;2;3;1;6m    [48;2;1;1;3m[38;2;1;1;3m  [48;2;1;0;0m[38;2;3;1;2m▌[48;2;33;31;32m[38;2;179;177;178m▄[48;2;245;243;246m[38;2;152;150;153m▘[48;2;241;239;242m[38;2;255;254;255m┃[48;2;255;255;255m[38;2;239;239;241m━[48;2;244;244;245m[38;2;173;173;175m▁[48;2;249;249;251m[38;2;249;249;251m  [48;2;250;250;252m[38;2;250;250;252m        [48;2;252;252;253m[38;2;245;245;247m▎[48;2;246;246;247m[38;2;218;218;220m▝[48;2;43;41;44m[38;2;217;215;218m▄[48;2;1;0;2m[38;2;50;48;51m [48;2;1;1;3m[38;2;1;1;3m  [48;2;1;1;1m[38;2;1;1;1m                    [0m
[48;2;1;1;1m[38;2;1;1;1m            [48;2;1;1;3m[38;2;1;1;3m  [48;2;3;1;6m[38;2;3;1;6m  [48;2;1;1;1m[38;2;1;1;1m  [48;2;1;0;0m[38;2;4;2;3m▌[48;2;225;223;224m[38;2;71;69;70m▎[48;2;250;250;252m[38;2;250;250;252m  [48;2;187;182;186m[38;2;57;53;56m┏[48;2;31;27;30m[38;2;0;0;0m [48;2;196;192;195m[38;2;26;21;25m▅[48;2;220;216;219m[38;2;91;86;90m▁[48;2;248;248;250m[38;2;248;248;250m  [48;2;250;250;252m[38;2;250;250;252m        [48;2;240;238;240m[38;2;0;0;0m [48;2;25;24;26m[38;2;200;198;201m▅[48;2;5;3;8m[38;2;5;3;8m  [48;2;1;1;1m[38;2;1;1;1m                    [0m
[48;2;1;1;1m[38;2;1;1;1m              [48;2;2;0;3m[38;2;2;0;3m  [48;2;1;1;3m[38;2;1;1;3m  [48;2;4;2;3m[38;2;13;12;12m┏[48;2;172;170;171m[38;2;18;16;17m▅[48;2;238;234;236m[38;2;166;160;162m▎[48;2;245;240;242m[38;2;191;185;187m▁[48;2;186;103;125m[38;2;48;6;14m▝[48;2;30;15;15m[38;2;0;0;0m [48;2;1;1;1m[38;2;1;1;1m  [48;2;221;219;222m[38;2;108;106;109m▎[48;2;241;239;242m[38;2;0;0;0m [48;2;250;250;252m[38;2;250;250;252m        [48;2;196;194;197m[38;2;247;245;248m▊[48;2;218;216;219m[38;2;33;31;34m▅[48;2;4;2;5m[38;2;4;2;5m  [48;2;1;1;1m[38;2;1;1;1m                    [0m
[48;2;1;1;1m[38;2;1;1;1m                [48;2;1;1;3m[38;2;1;1;3m  [48;2;1;1;1m[38;2;1;1;1m  [48;2;192;176;186m[38;2;21;20;23m▅[48;2;192;78;95m[38;2;89;34;37m▖[48;2;193;59;99m[38;2;46;24;25m▅[48;2;28;12;13m[38;2;0;0;0m [48;2;1;1;1m[38;2;1;1;1m  [48;2;15;14;16m[38;2;128;126;129m▁[48;2;243;241;244m[38;2;147;145;148m▎[48;2;240;238;240m[38;2;127;125;128m▁[48;2;244;242;244m[38;2;0;0;0m [48;2;250;250;252m[38;2;250;250;252m    [48;2;249;249;251m[38;2;249;249;251m  [48;2;219;215;218m[38;2;107;102;106m▁[48;2;10;6;9m[38;2;44;40;43m▎[48;2;1;1;1m[38;2;1;1;1m                      [0m
[48;2;1;1;1m[38;2;1;1;1m                    [48;2;1;1;3m[38;2;1;1;3m    [48;2;17;13;16m[38;2;139;134;138m▁[48;2;27;23;26m[38;2;203;199;203m▅[48;2;235;233;236m[38;2;0;0;0m [48;2;246;245;247m[38;2;237;235;238m▎[48;2;39;34;38m[38;2;151;146;150m▎[48;2;198;193;197m[38;2;25;21;24m▅[48;2;233;229;230m[38;2;22;18;19m▅▅[48;2;230;225;229m[38;2;28;23;27m▅[48;2;237;233;236m[38;2;74;69;73m▅[48;2;240;236;238m[38;2;210;136;161m▁[48;2;238;234;236m[38;2;218;144;169m▁[48;2;36;31;35m[38;2;215;210;214m▅[48;2;27;22;26m[38;2;162;157;161m▁[48;2;1;1;1m[38;2;1;1;1m                      [0m
[48;2;1;1;1m[38;2;1;1;1m                    [48;2;2;0;3m[38;2;2;0;3m  [48;2;6;2;5m[38;2;20;15;19m┗[48;2;74;70;73m[38;2;216;212;215m┏[48;2;231;230;232m[38;2;0;0;0m [48;2;250;249;251m[38;2;240;238;241m┏[48;2;250;250;252m[38;2;250;250;252m  [48;2;250;248;251m[38;2;255;254;255m┃[48;2;12;10;13m[38;2;122;120;123m▎[48;2;37;32;36m[38;2;205;200;204m▅[48;2;13;9;12m[38;2;60;55;59m▎[48;2;44;41;41m[38;2;222;219;220m▅[48;2;236;233;234m[38;2;0;0;0m [48;2;205;77;106m[38;2;242;173;184m▂[48;2;208;95;120m[38;2;231;193;193m▅[48;2;242;240;243m[38;2;254;253;255m┃[48;2;183;181;184m[38;2;245;244;246m▊[48;2;22;20;21m[38;2;157;155;156m▁[48;2;1;0;0m[38;2;4;2;3m▄[48;2;1;1;1m[38;2;1;1;1m                    [0m
[48;2;1;1;1m[38;2;1;1;1m                    [48;2;1;0;2m[38;2;15;13;16m━[48;2;14;12;15m[38;2;143;141;144m▁[48;2;32;30;33m[38;2;197;195;198m▅[48;2;230;228;231m[38;2;0;0;0m [48;2;250;250;252m[38;2;250;250;252m    [48;2;255;250;254m[38;2;255;253;255m┃[48;2;43;39;42m[38;2;142;137;141m▎[48;2;213;208;212m[38;2;114;109;113m▂[48;2;41;37;40m[38;2;144;139;143m▂[48;2;232;230;233m[38;2;116;114;117m▂[48;2;248;247;249m[38;2;229;227;230m╹[48;2;247;240;241m[38;2;0;0;0m [48;2;207;109;140m[38;2;240;241;240m▅[48;2;249;249;251m[38;2;249;249;251m  [48;2;174;170;171m[38;2;246;242;243m▊[48;2;6;2;3m[38;2;51;47;48m▎[48;2;1;1;1m[38;2;1;1;1m                    [0m
[48;2;1;1;1m[38;2;1;1;1m                  [48;2;1;1;3m[38;2;1;1;3m  [48;2;3;0;4m[38;2;16;11;17m│[48;2;234;230;234m[38;2;84;79;85m▎[48;2;250;250;252m[38;2;250;250;252m      [48;2;233;229;232m[38;2;72;67;71m▁[48;2;223;218;222m[38;2;36;31;35m▅[48;2;1;0;2m[38;2;6;4;7m▄[48;2;189;187;190m[38;2;14;13;15m▅[48;2;43;39;42m[38;2;14;10;13m▊[48;2;228;224;227m[38;2;105;100;104m▂[48;2;249;249;251m[38;2;249;249;251m  [48;2;250;250;252m[38;2;250;250;252m  [48;2;237;235;238m[38;2;0;0;0m [48;2;51;49;52m[38;2;220;218;221m▅[48;2;7;7;7m[38;2;12;12;12m▌[48;2;0;0;0m[38;2;2;2;2m▎[48;2;1;1;1m[38;2;1;1;1m                  [0m
[48;2;1;1;1m[38;2;1;1;1m                  [48;2;2;0;3m[38;2;2;0;3m  [48;2;1;0;2m[38;2;14;12;15m│[48;2;232;231;233m[38;2;82;80;83m▎[48;2;250;250;252m[38;2;250;250;252m    [48;2;252;250;253m[38;2;255;254;255m┓[48;2;233;231;234m[38;2;59;57;60m▁[48;2;8;6;9m[38;2;97;95;98m▎[48;2;1;0;2m[38;2;3;1;4m┏[48;2;2;0;3m[38;2;2;0;3m  [48;2;13;11;14m[38;2;1;0;2m┃[48;2;46;44;47m[38;2;4;2;5m▊[48;2;223;222;224m[38;2;45;43;46m▁[48;2;243;242;244m[38;2;0;0;0m [48;2;250;250;252m[38;2;250;250;252m  [48;2;252;252;253m[38;2;0;0;0m [48;2;230;230;232m[38;2;251;251;252m▄[48;2;41;39;40m[38;2;217;215;216m▅[48;2;6;4;5m[38;2;1;0;0m┣[48;2;1;1;1m[38;2;1;1;1m                  [0m
[48;2;4;2;10m[38;2;23;2;126m▂▂▂▂▂▂▂▂▂▂▂▂▂▂▂▂▂▂[48;2;5;3;12m[38;2;24;2;129m▂▂[48;2;5;4;9m[38;2;22;3;121m▂[48;2;234;232;235m[38;2;85;80;98m▎[48;2;250;250;252m[38;2;250;250;252m    [48;2;246;243;249m[38;2;237;235;234m▎[48;2;18;13;45m[38;2;138;133;153m▎[48;2;5;3;11m[38;2;24;3;127m▂▂[48;2;5;3;12m[38;2;24;2;129m▂▂▂▂[48;2;24;17;34m[38;2;39;8;178m▁[48;2;221;215;230m[38;2;61;29;200m▁[48;2;249;249;251m[38;2;249;249;251m  [48;2;250;250;252m[38;2;250;250;252m  [48;2;170;168;171m[38;2;243;241;244m▊[48;2;15;13;16m[38;2;174;172;175m▂[48;2;4;2;10m[38;2;23;2;126m▂▂▂▂▂▂▂▂▂▂▂▂▂▂▂▂▂▂[0m
[48;2;38;3;183m[38;2;38;3;183m                    [48;2;38;9;176m[38;2;36;3;199m┃[48;2;233;230;237m[38;2;101;85;174m▎[48;2;250;250;252m[38;2;250;250;252m    [48;2;242;237;240m[38;2;100;76;197m▂[48;2;43;10;191m[38;2;108;92;163m▎[48;2;38;3;183m[38;2;38;3;183m      [48;2;40;5;183m[38;2;40;5;183m  [48;2;229;229;219m[38;2;61;36;186m▆[48;2;238;235;241m[38;2;85;63;192m▂[48;2;249;249;251m[38;2;249;249;251m  [48;2;238;237;242m[38;2;251;250;253m▊[48;2;195;194;199m[38;2;244;243;247m▊[48;2;40;9;185m[38;2;182;167;222m▂[48;2;35;7;167m[38;2;48;13;195m▚[48;2;38;3;183m[38;2;38;3;183m                [0m
[48;2;38;3;183m[38;2;38;3;183m                    [48;2;38;9;176m[38;2;36;3;199m┃[48;2;233;230;237m[38;2;101;85;174m▎[48;2;250;250;252m[38;2;250;250;252m    [48;2;42;9;180m[38;2;174;158;221m▎[48;2;37;5;190m[38;2;35;4;159m▎[48;2;38;3;183m[38;2;38;3;183m        [48;2;32;0;173m[38;2;41;7;182m▌[48;2;56;22;197m[38;2;38;4;179m▌[48;2;233;232;232m[38;2;89;69;194m▂[48;2;243;242;246m[38;2;0;0;0m [48;2;250;250;252m[38;2;250;250;252m  [48;2;174;165;211m[38;2;244;241;248m▊[48;2;43;19;175m[38;2;197;190;218m▂[48;2;38;3;183m[38;2;38;3;183m                [0m
[48;2;38;3;185m[38;2;38;3;185m                    [48;2;40;8;185m[38;2;34;4;176m▝[48;2;190;180;218m[38;2;53;29;187m▂[48;2;236;235;239m[38;2;0;0;0m [48;2;246;245;249m[38;2;236;235;240m╸[48;2;250;250;252m[38;2;250;250;252m  [48;2;42;9;180m[38;2;174;158;221m▎[48;2;37;5;190m[38;2;35;4;159m▎[48;2;38;3;185m[38;2;38;3;185m          [48;2;41;11;179m[38;2;0;0;0m [48;2;224;211;246m[38;2;60;34;181m▆[48;2;237;236;238m[38;2;78;61;185m▂[48;2;244;243;249m[38;2;0;0;0m [48;2;237;236;242m[38;2;251;250;253m▊[48;2;193;192;198m[38;2;243;242;247m▊[48;2;47;17;179m[38;2;205;194;231m▂[48;2;37;7;183m[38;2;0;0;0m [48;2;38;3;185m[38;2;38;3;185m              [0m
[48;2;38;3;185m[38;2;38;3;185m                      [48;2;232;230;237m[38;2;84;65;181m▎[48;2;251;250;249m[38;2;240;243;222m│[48;2;247;245;247m[38;2;0;0;0m [48;2;239;238;238m[38;2;89;74;177m▂[48;2;40;9;184m[38;2;133;110;217m▎[48;2;38;6;184m[38;2;32;2;160m▃[48;2;38;3;185m[38;2;38;3;185m            [48;2;93;73;191m[38;2;35;8;179m▊[48;2;231;226;239m[38;2;73;54;171m▂[48;2;250;250;252m[38;2;250;250;252m  [48;2;138;126;188m[38;2;243;240;247m▊[48;2;30;0;187m[38;2;59;36;170m▎[48;2;38;3;185m[38;2;38;3;185m              [0m
[48;2;38;3;185m[38;2;38;3;185m                  [48;2;34;2;192m[38;2;50;9;175m▗[48;2;42;7;175m[38;2;136;38;110m▂[48;2;42;6;179m[38;2;185;62;93m▂▂[48;2;201;171;196m[38;2;180;73;101m▆[48;2;224;199;210m[38;2;218;78;106m▆[48;2;230;202;201m[38;2;212;80;113m▆[48;2;65;22;169m[38;2;0;0;0m [48;2;38;3;185m[38;2;38;3;185m              [48;2;35;2;178m[38;2;46;11;189m▄[48;2;46;11;189m[38;2;35;2;178m▄[48;2;222;203;243m[38;2;57;35;178m▆[48;2;242;231;229m[38;2;209;99;113m▃[48;2;211;179;201m[38;2;201;76;99m▆[48;2;41;10;174m[38;2;163;53;114m▂[48;2;38;3;185m[38;2;38;3;185m              [0m
[48;2;38;3;185m[38;2;38;3;185m                  [48;2;42;3;180m[38;2;50;10;189m▄[48;2;63;22;151m[38;2;9;14;58m▂[48;2;81;26;137m[38;2;21;14;25m▂[48;2;169;54;102m[38;2;44;22;22m▃[48;2;220;77;100m[38;2;46;14;23m▃▃[48;2;206;68;91m[38;2;60;28;33m▃[48;2;54;17;129m[38;2;27;11;22m▆[48;2;36;13;140m[38;2;5;3;12m▆▆[48;2;36;13;142m[38;2;5;3;13m▆▆▆▆[48;2;36;13;140m[38;2;5;3;12m▆▆▆▆▆▆[48;2;35;13;138m[38;2;5;3;10m▆▆▆▆[48;2;60;29;135m[38;2;7;9;11m▆[48;2;144;52;71m[38;2;40;8;23m▆[48;2;208;68;99m[38;2;0;0;0m [48;2;188;64;102m[38;2;66;22;36m▃[48;2;38;3;185m[38;2;38;3;185m              [0m
[48;2;38;3;185m[38;2;38;3;185m                  [48;2;37;1;184m[38;2;37;3;172m▝[48;2;37;16;109m[38;2;37;3;178m▆[48;2;25;14;58m[38;2;36;5;170m▆[48;2;19;6;63m[38;2;30;0;175m▂[48;2;8;3;24m[38;2;39;10;180m▂▂▂▂[48;2;8;6;11m[38;2;30;5;149m▃▃[48;2;8;3;24m[38;2;39;10;180m▂▂▂▂[48;2;7;5;11m[38;2;29;4;148m▃▃[48;2;8;3;24m[38;2;39;10;180m▂▂[48;2;8;6;11m[38;2;30;5;149m▃▃▃▃[48;2;7;2;23m[38;2;38;9;179m▂▂[48;2;11;4;23m[38;2;42;10;179m▂▂[48;2;55;22;63m[38;2;46;1;175m▂[48;2;34;20;85m[38;2;37;8;173m▆[48;2;38;3;185m[38;2;38;3;185m              [0m
[48;2;40;2;185m[38;2;40;2;185m                                                            [0m
[48;2;40;2;185m[38;2;40;2;185m                                                            [0m
