[48;2;1;1;1m[38;2;1;1;1m                                                            [0m
[48;2;1;1;1m[38;2;1;1;1m                                                            [0m
[48;2;1;1;1m[38;2;1;1;1m                                                            [0m
[48;2;1;1;1m[38;2;1;1;1m                                                            [0m
[48;2;1;1;1m[38;2;1;1;1m                            [48;2;1;1;3m[38;2;1;1;3m  [48;2;1;1;1m[38;2;1;1;1m                              [0m
[48;2;1;1;1m[38;2;1;1;1m                        [48;2;5;3;4m[38;2;5;3;4m  [48;2;1;0;2m[38;2;7;5;8m▃▃[48;2;5;3;8m[38;2;5;3;8m  [48;2;1;1;3m[38;2;1;1;3m  [48;2;2;2;4m[38;2;2;2;4m  [48;2;1;1;3m[38;2;1;1;3m  [48;2;1;1;1m[38;2;1;1;1m                        [0m
[48;2;1;1;1m[38;2;1;1;1m                        [48;2;174;169;173m[38;2;28;23;27m▄[48;2;162;157;161m[38;2;224;219;223m▇[48;2;183;181;184m[38;2;245;244;246m▇▇[48;2;167;162;166m[38;2;244;239;243m▇[48;2;41;36;40m[38;2;221;216;220m▄[48;2;1;0;2m[38;2;5;3;6m▌[48;2;2;1;3m[38;2;9;7;10m▚[48;2;1;1;3m[38;2;1;1;3m  [48;2;1;1;1m[38;2;1;1;1m  [48;2;1;1;3m[38;2;1;1;3m  [48;2;1;1;1m[38;2;1;1;1m                      [0m
[48;2;1;1;1m[38;2;1;1;1m                        [48;2;6;9;1m[38;2;12;1;1m▄[48;2;160;64;92m[38;2;22;17;13m▄[48;2;198;71;98m[38;2;0;0;0m [48;2;197;82;105m[38;2;45;22;16m▄[48;2;232;218;219m[38;2;190;76;109m▄[48;2;244;233;233m[38;2;0;0;0m [48;2;7;6;6m[38;2;78;76;77m▎[48;2;1;0;0m[38;2;13;11;12m│[48;2;1;1;1m[38;2;1;1;1m    [48;2;1;1;3m[38;2;1;1;3m  [48;2;3;1;4m[38;2;3;1;4m    [48;2;1;1;3m[38;2;1;1;3m  [48;2;1;1;1m[38;2;1;1;1m                [0m
[48;2;1;1;1m[38;2;1;1;1m                  [48;2;3;3;3m[38;2;3;3;3m  [48;2;4;3;5m[38;2;45;43;46m▁▁[48;2;12;10;13m[38;2;191;189;192m▄[48;2;22;20;23m[38;2;234;232;235m▄[48;2;23;18;22m[38;2;231;228;232m▄[48;2;188;78;96m[38;2;0;0;0m [48;2;210;68;94m[38;2;221;79;105m▄▄[48;2;202;90;112m[38;2;220;66;92m▊[48;2;249;243;246m[38;2;218;168;177m▎[48;2;13;12;12m[38;2;89;87;88m▎[48;2;1;0;0m[38;2;10;8;9m▗[48;2;1;1;1m[38;2;1;1;1m      [48;2;1;1;3m[38;2;1;1;3m    [48;2;3;1;6m[38;2;3;1;6m  [48;2;1;1;1m[38;2;1;1;1m                [0m
[48;2;1;1;1m[38;2;1;1;1m                [48;2;2;0;3m[38;2;2;0;3m  [48;2;29;24;28m[38;2;181;176;180m▄[48;2;240;236;240m[38;2;122;117;121m▘[48;2;207;205;208m[38;2;248;246;249m▇▇[48;2;250;250;252m[38;2;250;250;252m  [48;2;248;247;244m[38;2;0;0;0m [48;2;204;106;134m[38;2;244;238;236m▄[48;2;205;72;97m[38;2;224;134;144m▖[48;2;224;79;107m[38;2;213;65;95m┏[48;2;221;93;130m[38;2;242;216;221m▄[48;2;243;247;242m[38;2;229;199;203m▎[48;2;204;202;205m[38;2;242;240;242m▇[48;2;47;45;48m[38;2;232;230;233m▄[48;2;13;11;12m[38;2;50;48;49m▁[48;2;7;5;6m[38;2;0;0;0m [48;2;1;1;3m[38;2;1;1;3m  [48;2;1;1;1m[38;2;1;1;1m                        [0m
[48;2;1;1;1m[38;2;1;1;1m            [48;2;1;1;3m[38;2;1;1;3m  [48;2;3;1;6m[38;2;3;1;6m    [48;2;53;49;52m[38;2;230;225;229m▝[48;2;243;239;242m[38;2;125;120;124m▖[48;2;250;247;248m[38;2;210;206;207m▁▁[48;2;250;250;252m[38;2;250;250;252m    [48;2;246;243;240m[38;2;0;0;0m [48;2;210;111;140m[38;2;247;241;240m▄[48;2;246;244;247m[38;2;225;223;226m▘[48;2;255;254;255m[38;2;252;250;253m▗[48;2;250;250;252m[38;2;250;250;252m  [48;2;241;240;242m[38;2;0;0;0m [48;2;42;41;43m[38;2;227;225;227m▄[48;2;9;8;10m[38;2;89;87;90m▁[48;2;9;7;10m[38;2;0;0;0m [48;2;1;1;1m[38;2;1;1;1m                        [0m
[48;2;1;1;1m[38;2;1;1;1m            [48;2;3;1;6m[38;2;3;1;6m    [48;2;1;1;3m[38;2;1;1;3m  [48;2;6;4;7m[38;2;14;12;15m╵[48;2;40;38;41m[38;2;214;213;215m▝[48;2;205;89;108m[38;2;113;49;51m▖[48;2;205;66;92m[38;2;207;68;95m▄[48;2;226;188;196m[38;2;191;69;104m▄[48;2;242;243;240m[38;2;221;186;193m▎[48;2;250;250;252m[38;2;250;250;252m          [48;2;191;189;192m[38;2;244;242;245m▊[48;2;21;19;22m[38;2;120;118;121m▁[48;2;1;1;3m[38;2;1;1;3m    [48;2;1;1;1m[38;2;1;1;1m                    [0m
[48;2;1;1;1m[38;2;1;1;1m            [48;2;1;1;3m[38;2;1;1;3m  [48;2;3;1;6m[38;2;3;1;6m  [48;2;1;1;1m[38;2;1;1;1m    [48;2;5;5;1m[38;2;0;0;0m [48;2;41;12;18m[38;2;171;60;93m▝[48;2;18;13;14m[38;2;0;0;0m [48;2;195;190;192m[38;2;26;21;22m▅[48;2;221;220;222m[38;2;0;0;0m [48;2;246;244;247m [48;2;250;250;252m[38;2;250;250;252m        [48;2;251;251;252m[38;2;0;0;0m [48;2;229;229;231m[38;2;250;250;251m▄[48;2;22;18;21m[38;2;210;205;209m▅[48;2;17;13;16m[38;2;140;135;139m▁[48;2;3;1;6m[38;2;3;1;6m  [48;2;1;1;1m[38;2;1;1;1m                    [0m
[48;2;1;1;1m[38;2;1;1;1m              [48;2;2;0;3m[38;2;2;0;3m  [48;2;1;1;3m[38;2;1;1;3m  [48;2;1;1;1m[38;2;1;1;1m    [48;2;1;1;3m[38;2;1;1;3m  [48;2;186;184;186m[38;2;21;19;22m▅[48;2;236;235;237m[38;2;171;169;172m▎[48;2;250;250;252m[38;2;250;250;252m          [48;2;255;255;255m[38;2;244;244;246m▌[48;2;173;173;175m[38;2;245;245;246m▊[48;2;4;2;5m[38;2;20;18;21m▌[48;2;7;5;8m[38;2;1;0;2m▊[48;2;1;1;1m[38;2;1;1;1m                    [0m
[48;2;1;1;1m[38;2;1;1;1m                [48;2;1;1;3m[38;2;1;1;3m  [48;2;1;1;1m[38;2;1;1;1m    [48;2;1;1;3m[38;2;1;1;3m  [48;2;9;8;8m[38;2;0;0;0m [48;2;190;188;189m[38;2;18;17;17m▅[48;2;221;217;220m[38;2;63;58;62m▁[48;2;239;235;238m[38;2;76;71;75m▁[48;2;248;248;250m[38;2;248;248;250m  [48;2;250;250;252m[38;2;250;250;252m  [48;2;247;245;247m[38;2;0;0;0m [48;2;233;231;234m[38;2;96;94;97m▁[48;2;235;231;234m[38;2;88;84;87m▅[48;2;243;239;242m[38;2;0;0;0m [48;2;248;246;248m[38;2;223;221;224m▁[48;2;216;214;217m[38;2;101;99;102m▁[48;2;8;6;7m[38;2;13;11;12m▌[48;2;1;0;0m[38;2;3;1;2m▎[48;2;1;1;1m[38;2;1;1;1m                    [0m
[48;2;1;1;1m[38;2;1;1;1m                    [48;2;1;1;3m[38;2;1;1;3m      [48;2;20;15;19m[38;2;143;138;142m▁[48;2;30;25;29m[38;2;207;202;206m▅[48;2;168;164;165m[38;2;82;78;79m▄[48;2;227;224;225m[38;2;29;25;26m▅[48;2;232;228;229m[38;2;24;20;21m▅▅[48;2;214;209;213m[38;2;29;24;28m▅[48;2;39;35;38m[38;2;156;151;155m▁[48;2;253;248;251m[38;2;232;223;226m▌[48;2;243;247;248m[38;2;209;168;182m▂[48;2;238;237;239m[38;2;0;0;0m [48;2;36;34;37m[38;2;214;212;215m▅[48;2;15;13;14m[38;2;135;133;134m▁[48;2;1;0;0m[38;2;6;4;5m▄[48;2;1;1;1m[38;2;1;1;1m                    [0m
[48;2;1;1;1m[38;2;1;1;1m                    [48;2;2;0;3m[38;2;2;0;3m  [48;2;1;1;3m[38;2;1;1;3m  [48;2;19;15;18m[38;2;148;143;147m▁[48;2;32;28;31m[38;2;203;198;202m▅[48;2;251;251;252m[38;2;193;193;195m▘[48;2;246;246;247m[38;2;244;244;246m▄[48;2;233;229;233m[38;2;103;98;102m▁[48;2;45;40;44m[38;2;125;120;124m▎[48;2;32;27;31m[38;2;209;205;208m▅[48;2;16;12;15m[38;2;58;53;57m▎[48;2;45;43;46m[38;2;218;216;219m▅[48;2;239;238;240m[38;2;0;0;0m [48;2;237;207;213m[38;2;245;246;251m▊[48;2;213;82;107m[38;2;217;170;166m▂[48;2;232;227;225m[38;2;212;128;152m▅[48;2;248;242;240m[38;2;0;0;0m [48;2;173;171;172m[38;2;245;243;244m▊[48;2;4;3;3m[38;2;50;48;49m▎[48;2;1;1;1m[38;2;1;1;1m                    [0m
[48;2;1;1;1m[38;2;1;1;1m                    [48;2;2;0;3m[38;2;2;0;3m  [48;2;8;7;9m[38;2;0;0;0m [48;2;73;71;74m[38;2;212;210;213m┏[48;2;231;231;232m[38;2;0;0;0m [48;2;250;250;251m[38;2;239;239;241m┏[48;2;249;247;249m[38;2;0;0;0m [48;2;235;233;236m[38;2;92;90;93m▁[48;2;41;37;38m[38;2;138;134;135m▂[48;2;243;240;241m[38;2;156;152;153m▎[48;2;216;212;213m[38;2;55;52;52m▅[48;2;54;51;51m[38;2;215;211;212m▅[48;2;247;247;249m[38;2;247;247;249m  [48;2;250;250;252m[38;2;250;250;252m    [48;2;241;239;241m[38;2;0;0;0m [48;2;48;46;49m[38;2;212;210;213m▅[48;2;4;4;4m[38;2;4;4;4m  [48;2;1;1;1m[38;2;1;1;1m                  [0m
[48;2;1;1;1m[38;2;1;1;1m                  [48;2;1;1;3m[38;2;1;1;3m  [48;2;2;0;3m[38;2;2;0;3m  [48;2;17;16;18m[38;2;168;166;169m▁[48;2;234;232;235m[38;2;124;122;125m▎[48;2;250;250;252m[38;2;250;250;252m  [48;2;228;226;229m[38;2;251;249;252m▊[48;2;56;55;57m[38;2;155;153;156m▎[48;2;245;241;244m[38;2;154;149;153m▎[48;2;231;227;230m[38;2;72;67;71m▁[48;2;13;8;12m[38;2;75;70;74m▎[48;2;187;182;186m[38;2;22;18;21m▅[48;2;227;225;228m[38;2;28;27;29m▁[48;2;244;242;244m[38;2;0;0;0m [48;2;250;250;252m[38;2;250;250;252m    [48;2;241;241;243m[38;2;254;254;255m┃[48;2;182;182;184m[38;2;245;245;246m▊[48;2;1;0;0m[38;2;35;33;34m▎[38;2;8;6;7m┃[48;2;1;1;1m[38;2;1;1;1m                  [0m
[48;2;1;1;1m[38;2;1;1;1m                  [48;2;2;0;3m[38;2;2;0;3m    [48;2;233;231;234m[38;2;62;60;63m▎[48;2;243;241;244m[38;2;253;252;254m▌[48;2;250;250;252m[38;2;250;250;252m    [48;2;229;227;229m[38;2;48;46;49m▁[48;2;9;8;10m[38;2;87;85;88m▎[48;2;2;0;3m[38;2;2;0;3m  [48;2;12;10;13m[38;2;0;0;0m [48;2;193;191;194m[38;2;18;16;19m▅[48;2;225;224;226m[38;2;38;36;39m▁[48;2;255;254;255m[38;2;252;250;253m▄[48;2;250;250;252m[38;2;250;250;252m  [48;2;252;252;253m[38;2;0;0;0m [48;2;230;230;232m[38;2;251;251;252m▄[48;2;41;39;40m[38;2;217;215;216m▅[48;2;6;4;5m[38;2;1;0;0m┣[48;2;1;1;1m[38;2;1;1;1m                  [0m
[48;2;4;2;10m[38;2;23;2;126m▂▂▂▂▂▂▂▂▂▂▂▂▂▂▂▂▂▂[48;2;5;3;12m[38;2;24;2;129m▂▂[48;2;6;4;21m[38;2;40;14;164m▁[48;2;47;46;48m[38;2;189;185;202m▅[48;2;231;231;232m[38;2;0;0;0m [48;2;251;251;252m[38;2;240;240;241m┛[48;2;250;250;252m[38;2;250;250;252m  [48;2;246;245;244m[38;2;0;0;0m [48;2;231;229;238m[38;2;68;48;171m▁[48;2;33;27;46m[38;2;34;16;159m▁[48;2;11;7;14m[38;2;29;6;130m▂[48;2;5;3;12m[38;2;24;2;129m▂▂▂▂[48;2;24;17;34m[38;2;39;8;178m▁[48;2;221;215;230m[38;2;61;29;200m▁[48;2;249;249;251m[38;2;249;249;251m  [48;2;250;250;252m[38;2;250;250;252m  [48;2;170;168;171m[38;2;243;241;244m▊[48;2;15;13;16m[38;2;174;172;175m▂[48;2;4;2;10m[38;2;23;2;126m▂▂▂▂▂▂▂▂▂▂▂▂▂▂▂▂▂▂[0m
[48;2;38;3;183m[38;2;38;3;183m                    [48;2;38;9;176m[38;2;36;3;199m┃[48;2;233;230;237m[38;2;101;85;174m▎[48;2;250;250;252m[38;2;250;250;252m    [48;2;252;251;252m[38;2;250;251;237m▎[48;2;37;6;188m[38;2;134;121;191m▎[48;2;38;3;183m[38;2;38;3;183m      [48;2;40;5;183m[38;2;40;5;183m  [48;2;229;229;219m[38;2;61;36;186m▆[48;2;238;235;241m[38;2;85;63;192m▂[48;2;249;249;251m[38;2;249;249;251m  [48;2;238;237;242m[38;2;251;250;253m▊[48;2;195;194;199m[38;2;244;243;247m▊[48;2;40;9;185m[38;2;182;167;222m▂[48;2;35;7;167m[38;2;48;13;195m▚[48;2;38;3;183m[38;2;38;3;183m                [0m
[48;2;38;3;183m[38;2;38;3;183m                    [48;2;38;9;176m[38;2;36;3;199m┃[48;2;233;230;237m[38;2;101;85;174m▎[48;2;250;250;252m[38;2;250;250;252m    [48;2;244;240;244m[38;2;103;86;185m▂[48;2;34;5;180m[38;2;104;88;180m▎[48;2;38;3;183m[38;2;38;3;183m        [48;2;32;0;173m[38;2;41;7;182m▌[48;2;56;22;197m[38;2;38;4;179m▌[48;2;233;232;232m[38;2;89;69;194m▂[48;2;243;242;246m[38;2;0;0;0m [48;2;250;250;252m[38;2;250;250;252m  [48;2;161;147;209m[38;2;249;244;251m▊[48;2;40;5;196m[38;2;33;9;163m▌[48;2;38;3;183m[38;2;38;3;183m                [0m
[48;2;38;3;185m[38;2;38;3;185m                    [48;2;38;9;176m[38;2;36;3;199m┃[48;2;233;230;237m[38;2;101;85;174m▎[48;2;250;250;252m[38;2;250;250;252m    [48;2;42;9;180m[38;2;174;158;221m▎[48;2;37;5;190m[38;2;35;4;159m▎[48;2;38;3;185m[38;2;38;3;185m          [48;2;38;9;184m[38;2;0;0;0m [48;2;223;213;233m[38;2;71;46;179m▆[48;2;249;249;251m[38;2;249;249;251m  [48;2;242;241;244m[38;2;0;0;0m [48;2;59;41;168m[38;2;214;209;231m▆[48;2;38;3;183m[38;2;38;3;183m  [48;2;38;3;185m[38;2;38;3;185m              [0m
[48;2;38;3;185m[38;2;38;3;185m                    [48;2;37;7;184m[38;2;0;0;0m [48;2;110;90;197m[38;2;224;219;231m┗[48;2;236;235;239m[38;2;0;0;0m [48;2;246;245;249m[38;2;236;235;240m╸[48;2;250;250;252m[38;2;250;250;252m  [48;2;42;9;180m[38;2;174;158;221m▎[48;2;37;5;190m[38;2;35;4;159m▎[48;2;38;3;185m[38;2;38;3;185m          [48;2;35;2;178m[38;2;46;11;189m▄[48;2;46;11;189m[38;2;35;2;178m▄[48;2;213;208;232m[38;2;53;29;175m▆[48;2;232;228;236m[38;2;71;49;181m▂[48;2;250;249;253m[38;2;240;239;244m▃[48;2;241;240;245m[38;2;251;250;253m▄[48;2;72;50;176m[38;2;208;201;223m▆[48;2;38;4;195m[38;2;46;22;166m▎[48;2;38;3;185m[38;2;38;3;185m              [0m
[48;2;38;3;185m[38;2;38;3;185m                      [48;2;214;187;197m[38;2;98;64;179m▎[48;2;242;227;226m[38;2;227;88;112m▂[48;2;237;230;229m[38;2;207;77;106m▂[48;2;219;207;236m[38;2;83;48;182m▆[48;2;40;7;183m[38;2;70;35;213m▘[48;2;41;6;184m[38;2;31;0;174m▚[48;2;38;3;185m[38;2;38;3;185m            [48;2;37;4;184m[38;2;31;2;161m▂[48;2;102;78;190m[38;2;43;10;190m▊[48;2;227;230;239m[38;2;74;36;158m▂[48;2;240;221;224m[38;2;200;76;96m▂[48;2;205;180;198m[38;2;183;74;120m▆[48;2;45;8;173m[38;2;0;0;0m [48;2;38;3;185m[38;2;38;3;185m              [0m
[48;2;38;3;185m[38;2;38;3;185m                  [48;2;46;9;192m[38;2;38;2;179m▄[48;2;43;8;171m[38;2;146;46;114m▂[48;2;54;10;164m[38;2;195;77;93m▂[48;2;63;18;173m[38;2;186;66;102m▆[48;2;214;74;101m[38;2;214;74;101m  [48;2;198;64;91m[38;2;231;71;103m┃[48;2;58;25;119m[38;2;39;19;32m▆[48;2;36;13;140m[38;2;5;3;12m▆▆[48;2;36;13;142m[38;2;5;3;13m▆▆▆▆[48;2;36;13;140m[38;2;5;3;12m▆▆▆▆▆▆[48;2;35;13;138m[38;2;5;3;10m▆▆[48;2;40;15;141m[38;2;9;4;11m▆▆[48;2;148;56;96m[38;2;55;22;29m▂[48;2;228;75;107m[38;2;185;64;95m▎[48;2;216;75;102m[38;2;0;0;0m [48;2;82;17;156m[38;2;173;62;92m▆[48;2;37;4;170m[38;2;27;15;56m▂[48;2;32;2;175m[38;2;42;4;203m▗[48;2;38;3;185m[38;2;38;3;185m            [0m
[48;2;38;3;185m[38;2;38;3;185m                  [48;2;32;3;175m[38;2;48;3;194m▝[48;2;134;31;135m[38;2;40;4;182m▆[48;2;69;21;70m[38;2;37;8;186m▂[48;2;163;48;57m[38;2;28;12;86m▆[48;2;160;41;74m[38;2;25;10;81m▆▆[48;2;137;45;73m[38;2;27;7;82m▆[48;2;21;10;29m[38;2;46;13;182m▂[48;2;8;6;11m[38;2;30;5;149m▃▃[48;2;8;3;24m[38;2;39;10;180m▂▂▂▂[48;2;7;5;11m[38;2;29;4;148m▃▃[48;2;8;3;24m[38;2;39;10;180m▂▂[48;2;8;6;11m[38;2;30;5;149m▃▃▃▃[48;2;7;2;23m[38;2;38;9;179m▂▂[48;2;19;10;27m[38;2;44;14;179m▂[48;2;135;45;70m[38;2;26;7;80m▆[48;2;154;61;61m[38;2;27;9;82m▆[48;2;140;43;67m[38;2;29;11;105m▆[48;2;37;16;109m[38;2;37;3;178m▆[48;2;37;1;184m[38;2;37;3;172m▘[48;2;38;3;185m[38;2;38;3;185m            [0m
[48;2;40;2;185m[38;2;40;2;185m                                                            [0m
[48;2;40;2;185m[38;2;40;2;185m                                                            [0m
