[48;2;1;1;1m[38;2;1;1;1m                                                            [0m
[48;2;1;1;1m[38;2;1;1;1m                                                            [0m
[48;2;1;1;1m[38;2;1;1;1m                                                            [0m
[48;2;1;1;1m[38;2;1;1;1m                                                            [0m
[48;2;1;1;1m[38;2;1;1;1m                            [48;2;1;1;3m[38;2;1;1;3m  [48;2;1;1;1m[38;2;1;1;1m                              [0m
[48;2;1;1;1m[38;2;1;1;1m                        [48;2;5;3;4m[38;2;5;3;4m  [48;2;1;0;2m[38;2;7;5;8m▃▃[48;2;5;3;8m[38;2;5;3;8m  [48;2;1;1;3m[38;2;1;1;3m  [48;2;2;2;4m[38;2;2;2;4m  [48;2;1;1;3m[38;2;1;1;3m  [48;2;1;1;1m[38;2;1;1;1m                        [0m
[48;2;1;1;1m[38;2;1;1;1m                        [48;2;174;169;173m[38;2;28;23;27m▄[48;2;162;157;161m[38;2;224;219;223m▇[48;2;183;181;184m[38;2;245;244;246m▇▇[48;2;167;162;166m[38;2;244;239;243m▇[48;2;41;36;40m[38;2;221;216;220m▄[48;2;1;0;2m[38;2;5;3;6m▌[48;2;2;1;3m[38;2;9;7;10m▚[48;2;1;1;3m[38;2;1;1;3m  [48;2;1;1;1m[38;2;1;1;1m  [48;2;1;1;3m[38;2;1;1;3m  [48;2;1;1;1m[38;2;1;1;1m                      [0m
[48;2;1;1;1m[38;2;1;1;1m                        [48;2;6;9;1m[38;2;12;1;1m▄[48;2;160;64;92m[38;2;22;17;13m▄[48;2;198;71;98m[38;2;0;0;0m [48;2;197;82;105m[38;2;45;22;16m▄[48;2;232;218;219m[38;2;190;76;109m▄[48;2;244;233;233m[38;2;0;0;0m [48;2;7;6;6m[38;2;78;76;77m▎[48;2;1;0;0m[38;2;13;11;12m│[48;2;1;1;1m[38;2;1;1;1m    [48;2;1;1;3m[38;2;1;1;3m  [48;2;3;1;4m[38;2;3;1;4m    [48;2;1;1;3m[38;2;1;1;3m  [48;2;1;1;1m[38;2;1;1;1m                [0m
[48;2;1;1;1m[38;2;1;1;1m                    [48;2;2;2;4m[38;2;2;2;4m  [48;2;1;1;3m[38;2;1;1;3m  [48;2;3;3;3m[38;2;17;0;9m▎[48;2;197;75;94m[38;2;81;18;27m▎[48;2;210;68;94m[38;2;221;79;105m▄▄[48;2;202;90;112m[38;2;220;66;92m▊[48;2;249;243;246m[38;2;218;168;177m▎[48;2;7;6;6m[38;2;78;76;77m▎[48;2;1;0;0m[38;2;13;11;12m│[48;2;1;1;1m[38;2;1;1;1m      [48;2;1;1;3m[38;2;1;1;3m    [48;2;3;1;6m[38;2;3;1;6m  [48;2;1;1;1m[38;2;1;1;1m                [0m
[48;2;1;1;1m[38;2;1;1;1m                [48;2;2;0;3m[38;2;2;0;3m  [48;2;3;3;5m[38;2;6;6;8m▗[48;2;1;1;3m[38;2;17;17;19m▃[48;2;1;0;0m[38;2;63;61;62m▁▁[48;2;14;12;15m[38;2;194;193;195m▄[48;2;25;23;26m[38;2;237;236;238m▄[48;2;29;21;19m[38;2;234;232;229m▄[48;2;165;66;95m[38;2;246;242;240m▄[48;2;208;70;97m[38;2;215;139;144m▖[48;2;221;79;107m[38;2;219;68;98m▚[48;2;212;83;121m[38;2;244;219;224m▄[48;2;238;236;233m[38;2;0;0;0m [48;2;42;38;41m[38;2;231;226;230m▄[48;2;26;22;25m[38;2;0;0;0m [48;2;1;1;3m[38;2;1;1;3m    [48;2;1;1;1m[38;2;1;1;1m                        [0m
[48;2;1;1;1m[38;2;1;1;1m            [48;2;1;1;3m[38;2;1;1;3m  [48;2;3;1;6m[38;2;3;1;6m    [48;2;21;17;20m[38;2;186;181;185m▄[48;2;217;213;217m[38;2;0;0;0m [48;2;232;230;233m[38;2;251;249;251m▆▆[48;2;248;246;249m[38;2;248;246;249m  [48;2;250;250;252m[38;2;250;250;252m  [48;2;246;243;240m[38;2;0;0;0m [48;2;210;111;140m[38;2;247;241;240m▄[48;2;246;244;247m[38;2;225;223;226m▘[48;2;255;254;255m[38;2;252;250;253m▗[48;2;253;253;254m[38;2;246;246;248m▃[48;2;244;244;246m[38;2;231;231;233m▝[48;2;37;32;36m[38;2;236;232;235m▄[48;2;19;15;18m[38;2;100;95;99m▁[48;2;1;1;3m[38;2;1;1;3m  [48;2;1;1;1m[38;2;1;1;1m                        [0m
[48;2;1;1;1m[38;2;1;1;1m            [48;2;3;1;6m[38;2;3;1;6m    [48;2;1;1;3m[38;2;1;1;3m  [48;2;45;41;42m[38;2;224;221;222m▝[48;2;216;213;214m[38;2;113;109;110m▁[48;2;243;242;241m[38;2;130;129;127m▁[48;2;225;203;210m[38;2;178;64;101m▗[48;2;218;83;113m[38;2;0;0;0m [48;2;209;113;130m[38;2;242;229;219m▝[48;2;247;230;236m[38;2;220;195;204m▖[48;2;240;251;247m[38;2;250;252;252m▊[48;2;250;250;252m[38;2;250;250;252m      [48;2;253;253;254m[38;2;246;246;248m▃[48;2;244;244;246m[38;2;231;231;233m▝[48;2;45;43;46m[38;2;225;223;226m▄[48;2;9;7;10m[38;2;37;35;38m▎[48;2;1;1;3m[38;2;1;1;3m    [48;2;1;1;1m[38;2;1;1;1m                    [0m
[48;2;1;1;1m[38;2;1;1;1m            [48;2;1;1;3m[38;2;1;1;3m  [48;2;3;1;6m[38;2;3;1;6m  [48;2;1;1;1m[38;2;1;1;1m      [48;2;153;62;88m[38;2;27;12;11m▅[48;2;220;213;211m[38;2;146;100;111m▎[48;2;209;114;142m[38;2;236;224;225m▅[48;2;243;235;234m[38;2;0;0;0m [48;2;250;250;252m[38;2;250;250;252m        [48;2;239;238;240m[38;2;0;0;0m [48;2;24;22;25m[38;2;213;211;214m▅[48;2;14;13;15m[38;2;126;124;127m▁[48;2;2;0;3m[38;2;1;0;2m━[48;2;3;1;4m[38;2;3;1;4m  [48;2;1;1;1m[38;2;1;1;1m                    [0m
[48;2;1;1;1m[38;2;1;1;1m              [48;2;2;0;3m[38;2;2;0;3m  [48;2;1;1;3m[38;2;1;1;3m  [48;2;1;1;1m[38;2;1;1;1m    [48;2;1;1;3m[38;2;1;1;3m  [48;2;214;213;215m[38;2;84;82;85m▎[48;2;241;240;242m[38;2;0;0;0m [48;2;250;250;252m[38;2;250;250;252m          [48;2;236;234;236m[38;2;0;0;0m [48;2;28;27;29m[38;2;208;206;209m▅[48;2;4;2;5m[38;2;4;2;5m  [48;2;1;1;1m[38;2;1;1;1m                    [0m
[48;2;1;1;1m[38;2;1;1;1m                [48;2;1;1;3m[38;2;1;1;3m  [48;2;1;1;1m[38;2;1;1;1m    [48;2;1;1;3m[38;2;1;1;3m  [48;2;6;4;5m[38;2;1;0;0m▊[48;2;210;209;210m[38;2;93;91;92m▎[48;2;251;251;252m[38;2;241;241;243m▃[48;2;241;241;243m[38;2;251;251;252m▅[48;2;250;250;252m[38;2;250;250;252m    [48;2;249;249;251m[38;2;249;249;251m  [48;2;239;237;240m[38;2;124;122;125m▁[48;2;246;244;247m[38;2;0;0;0m [48;2;255;255;255m[38;2;245;245;247m▌[48;2;174;174;176m▊[48;2;3;2;2m[38;2;19;17;18m▌[48;2;6;4;5m[38;2;1;0;0m▊[48;2;1;1;1m[38;2;1;1;1m                    [0m
[48;2;1;1;1m[38;2;1;1;1m                    [48;2;1;1;3m[38;2;1;1;3m      [48;2;193;189;190m[38;2;19;16;16m▅[48;2;232;229;230m[38;2;65;61;62m▅[48;2;233;229;232m[38;2;128;123;127m▂[48;2;236;232;235m[38;2;75;70;74m▁[48;2;241;240;242m[38;2;55;53;56m▁▁[48;2;230;227;230m[38;2;68;63;67m▁[48;2;216;211;215m[38;2;51;46;50m▅[48;2;54;45;48m[38;2;227;217;220m▅[48;2;238;235;238m[38;2;173;128;143m▁[48;2;237;238;239m[38;2;205;164;178m▁[48;2;168;162;164m[38;2;249;244;246m▊[48;2;4;2;3m[38;2;20;18;19m▌[48;2;7;5;6m[38;2;1;0;0m▊[48;2;1;1;1m[38;2;1;1;1m                    [0m
[48;2;1;1;1m[38;2;1;1;1m                    [48;2;2;0;3m[38;2;2;0;3m  [48;2;1;1;3m[38;2;1;1;3m  [48;2;1;0;2m[38;2;8;6;9m━[38;2;6;4;7m▃[48;2;32;31;33m[38;2;207;205;208m▅[48;2;234;232;235m[38;2;0;0;0m [48;2;64;62;65m[38;2;231;230;232m▅[48;2;25;23;26m[38;2;0;0;0m [48;2;17;15;18m[38;2;139;137;140m▁[48;2;1;0;2m[38;2;26;24;27m╴[48;2;26;21;25m[38;2;172;167;171m▁[48;2;37;32;36m[38;2;221;217;220m▅[48;2;235;205;211m[38;2;242;244;249m▊[48;2;208;90;110m[38;2;239;185;184m▁[48;2;197;96;126m[38;2;231;200;207m▅[48;2;240;232;232m[38;2;0;0;0m [48;2;43;38;42m[38;2;214;209;213m▅[48;2;24;20;23m[38;2;156;151;155m▁[48;2;1;1;1m[38;2;1;1;1m                    [0m
[48;2;1;1;1m[38;2;1;1;1m                    [48;2;2;0;3m[38;2;2;0;3m  [48;2;1;0;2m[38;2;7;5;8m▄[38;2;203;201;204m▁[48;2;26;24;27m[38;2;200;198;201m▅[48;2;234;232;234m[38;2;0;0;0m [48;2;245;243;245m [48;2;239;237;240m[38;2;98;96;99m▁[48;2;221;216;218m[38;2;93;87;89m▅[48;2;59;53;55m[38;2;216;211;213m▅[48;2;200;196;199m[38;2;49;44;48m▅[48;2;57;53;56m[38;2;214;209;213m▅[48;2;247;247;249m[38;2;247;247;249m  [48;2;248;248;250m[38;2;248;248;250m  [48;2;220;103;141m[38;2;243;241;240m▅[48;2;243;244;242m[38;2;0;0;0m [48;2;242;242;244m[38;2;254;254;255m┃[48;2;183;183;185m[38;2;245;245;247m▊[48;2;23;21;22m[38;2;158;156;157m▁[48;2;1;0;0m[38;2;5;3;4m▄[48;2;1;1;1m[38;2;1;1;1m                  [0m
[48;2;1;1;1m[38;2;1;1;1m                  [48;2;1;1;3m[38;2;1;1;3m    [48;2;11;9;10m[38;2;1;0;0m▊[48;2;255;254;255m[38;2;203;201;202m▌[48;2;250;250;252m[38;2;250;250;252m  [48;2;230;228;230m[38;2;76;74;77m▁[48;2;54;53;55m[38;2;207;205;208m▁[48;2;246;242;245m[38;2;153;148;152m▎[48;2;219;215;219m[38;2;50;45;49m▅[48;2;61;56;60m[38;2;216;211;215m▅[48;2;227;223;226m[38;2;52;47;51m▁[48;2;232;230;233m[38;2;44;42;45m▁[48;2;245;244;246m[38;2;0;0;0m [48;2;250;250;252m[38;2;250;250;252m      [48;2;159;155;156m[38;2;245;241;242m▊[48;2;3;0;0m[38;2;60;56;57m▎[48;2;1;1;1m[38;2;1;1;1m                  [0m
[48;2;1;1;1m[38;2;1;1;1m                  [48;2;2;0;3m[38;2;2;0;3m  [48;2;1;1;3m[38;2;1;1;3m  [48;2;74;73;75m[38;2;215;213;215m┏[48;2;231;230;232m[38;2;0;0;0m [48;2;250;250;252m[38;2;250;250;252m  [48;2;80;78;81m[38;2;244;242;245m▅[48;2;237;235;238m[38;2;0;0;0m [48;2;243;242;244m [48;2;79;77;80m[38;2;176;174;177m▅[48;2;186;181;185m[38;2;27;23;26m▅[48;2;15;11;14m[38;2;0;0;0m [48;2;1;0;2m[38;2;14;12;15m▄[48;2;204;202;205m[38;2;24;22;25m▅[48;2;250;250;251m[38;2;232;232;234m▌[48;2;250;250;252m[38;2;255;255;255m▌[38;2;250;250;252m  [48;2;248;248;250m[38;2;248;248;250m  [48;2;218;213;217m[38;2;76;71;75m▂[48;2;3;0;2m[38;2;70;65;69m▎[48;2;1;1;1m[38;2;1;1;1m                  [0m
[48;2;4;2;10m[38;2;23;2;126m▂▂▂▂▂▂▂▂▂▂▂▂▂▂▂▂▂▂[48;2;5;3;12m[38;2;24;2;129m▂▂[48;2;6;4;21m[38;2;40;14;164m▁[48;2;47;46;48m[38;2;189;185;202m▅[48;2;231;231;232m[38;2;0;0;0m [48;2;251;251;252m[38;2;240;240;241m┛[48;2;250;250;252m[38;2;250;250;252m    [48;2;163;154;188m[38;2;32;23;58m┳[48;2;24;19;26m[38;2;24;4;123m▂[48;2;5;3;12m[38;2;24;2;129m▂▂[48;2;9;6;15m[38;2;27;6;132m▂[48;2;16;14;23m[38;2;33;14;138m▂[48;2;235;233;235m[38;2;91;73;170m▂[48;2;246;244;242m[38;2;0;0;0m [48;2;250;250;252m[38;2;250;250;252m  [48;2;237;237;239m[38;2;252;252;253m▊[48;2;194;194;196m[38;2;244;244;246m▊[48;2;19;18;19m[38;2;166;158;190m▂[48;2;6;4;18m[38;2;53;27;175m▁[48;2;4;2;10m[38;2;23;2;126m▂▂▂▂▂▂▂▂▂▂▂▂▂▂▂▂▂▂[0m
[48;2;38;3;183m[38;2;38;3;183m                    [48;2;38;9;176m[38;2;36;3;199m┃[48;2;233;230;237m[38;2;101;85;174m▎[48;2;250;250;252m[38;2;250;250;252m    [48;2;248;246;242m[38;2;0;0;0m [48;2;228;225;238m[38;2;78;58;192m▆[48;2;40;7;183m[38;2;70;35;213m▘[48;2;41;6;184m[38;2;31;0;174m▚[48;2;38;3;183m[38;2;38;3;183m    [48;2;75;49;186m[38;2;36;5;184m▊[48;2;233;227;240m[38;2;79;56;174m▂[48;2;249;249;251m[38;2;249;249;251m  [48;2;250;250;252m[38;2;250;250;252m  [48;2;184;176;215m[38;2;248;248;240m▊[48;2;45;19;184m[38;2;193;184;221m▂[48;2;38;3;183m[38;2;38;3;183m                  [0m
[48;2;38;3;183m[38;2;38;3;183m                    [48;2;38;9;176m[38;2;36;3;199m┃[48;2;233;230;237m[38;2;101;85;174m▎[48;2;250;250;252m[38;2;250;250;252m    [48;2;252;251;252m[38;2;250;251;237m▎[48;2;37;6;188m[38;2;134;121;191m▎[48;2;38;3;183m[38;2;38;3;183m      [48;2;40;5;183m[38;2;40;5;183m  [48;2;222;218;234m[38;2;62;37;181m▆[48;2;246;245;241m[38;2;226;220;250m▎[48;2;250;250;252m[38;2;250;250;252m  [48;2;238;237;242m[38;2;253;252;254m▊[48;2;195;194;199m[38;2;245;244;248m▊[48;2;41;12;184m[38;2;184;169;222m▂[48;2;43;10;180m[38;2;0;0;0m [48;2;38;3;183m[38;2;38;3;183m                [0m
[48;2;38;3;185m[38;2;38;3;185m                    [48;2;38;9;176m[38;2;36;3;199m┃[48;2;233;230;237m[38;2;101;85;174m▎[48;2;250;250;252m[38;2;250;250;252m    [48;2;224;215;239m[38;2;82;60;184m▆[48;2;40;12;183m[38;2;0;0;0m [48;2;38;3;185m[38;2;38;3;185m        [48;2;47;14;189m[38;2;0;0;0m [48;2;217;207;238m[38;2;48;18;176m▆[48;2;235;235;234m[38;2;81;61;186m▂[48;2;243;241;246m[38;2;0;0;0m [48;2;250;250;252m[38;2;250;250;252m  [48;2;184;176;219m[38;2;250;247;253m▊[48;2;44;20;174m[38;2;200;193;220m▂[48;2;38;3;183m[38;2;38;3;183m  [48;2;38;3;185m[38;2;38;3;185m              [0m
[48;2;38;3;185m[38;2;38;3;185m                    [48;2;38;9;176m[38;2;36;3;199m┃[48;2;233;230;237m[38;2;101;85;174m▎[48;2;250;250;252m[38;2;250;250;252m    [48;2;42;9;180m[38;2;174;158;221m▎[48;2;37;5;190m[38;2;35;4;159m▎[48;2;38;3;185m[38;2;38;3;185m          [48;2;47;15;187m[38;2;0;0;0m [48;2;206;193;236m[38;2;54;28;176m▆[48;2;237;236;237m[38;2;74;55;181m▂[48;2;245;243;249m[38;2;0;0;0m [48;2;253;252;254m[38;2;246;245;250m▃[48;2;244;243;248m[38;2;231;230;235m▝[48;2;72;50;176m[38;2;208;201;223m▆[48;2;38;4;195m[38;2;46;22;166m▎[48;2;38;3;185m[38;2;38;3;185m              [0m
[48;2;38;3;185m[38;2;38;3;185m                    [48;2;40;6;181m[38;2;37;4;181m▄[48;2;165;151;209m[38;2;40;8;189m▆[48;2;233;233;232m[38;2;136;124;192m▎[48;2;247;245;248m[38;2;0;0;0m [48;2;245;244;248m [48;2;233;232;233m[38;2;94;74;199m▂[48;2;35;7;181m[38;2;125;101;211m▎[48;2;44;10;192m[38;2;37;5;167m▃[48;2;38;3;185m[38;2;38;3;185m            [48;2;46;15;187m[38;2;0;0;0m [48;2;202;190;232m[38;2;54;29;177m▆[48;2;236;233;242m[38;2;45;19;169m▂▂[48;2;208;130;162m[38;2;237;236;229m┛[48;2;76;14;149m[38;2;162;63;108m▊[48;2;38;3;185m[38;2;38;3;185m              [0m
[48;2;38;3;185m[38;2;38;3;185m                  [48;2;46;9;192m[38;2;38;2;179m▄[48;2;43;8;171m[38;2;146;46;114m▂[48;2;55;9;167m[38;2;187;69;87m▂[48;2;96;32;147m[38;2;189;65;105m▅[48;2;197;170;179m[38;2;214;74;100m▆[48;2;230;203;212m[38;2;218;78;104m▆[48;2;239;200;214m[38;2;214;73;96m▆[48;2;70;58;163m[38;2;40;20;31m▆[48;2;36;13;140m[38;2;5;3;12m▆▆[48;2;36;13;142m[38;2;5;3;13m▆▆▆▆[48;2;36;13;140m[38;2;5;3;12m▆▆▆▆▆▆[48;2;35;13;138m[38;2;5;3;10m▆▆▆▆[48;2;38;13;158m[38;2;20;10;19m▆[48;2;60;20;149m[38;2;99;34;40m▆[48;2;219;72;91m[38;2;219;69;109m▅[48;2;75;34;92m[38;2;212;73;96m▊[48;2;37;4;170m[38;2;27;15;56m▂[48;2;32;2;175m[38;2;42;4;203m▗[48;2;38;3;185m[38;2;38;3;185m            [0m
[48;2;38;3;185m[38;2;38;3;185m                  [48;2;32;3;175m[38;2;48;3;194m▝[48;2;134;31;135m[38;2;40;4;182m▆[48;2;69;21;70m[38;2;37;8;186m▂[48;2;163;48;57m[38;2;28;12;86m▆[48;2;160;41;74m[38;2;25;10;81m▆▆[48;2;137;45;73m[38;2;27;7;82m▆[48;2;21;10;29m[38;2;46;13;182m▂[48;2;8;6;11m[38;2;30;5;149m▃▃[48;2;8;3;24m[38;2;39;10;180m▂▂▂▂[48;2;7;5;11m[38;2;29;4;148m▃▃[48;2;8;3;24m[38;2;39;10;180m▂▂[48;2;8;6;11m[38;2;30;5;149m▃▃▃▃[48;2;7;2;23m[38;2;38;9;179m▂▂[48;2;20;9;27m[38;2;45;13;179m▂[48;2;136;45;70m[38;2;27;7;80m▆[48;2;154;61;61m[38;2;27;9;82m▆[48;2;140;43;67m[38;2;29;11;105m▆[48;2;37;16;109m[38;2;37;3;178m▆[48;2;37;1;184m[38;2;37;3;172m▘[48;2;38;3;185m[38;2;38;3;185m            [0m
[48;2;40;2;185m[38;2;40;2;185m                                                            [0m
[48;2;40;2;185m[38;2;40;2;185m                                                            [0m
