[48;2;1;1;1m[38;2;1;1;1m                                                            [0m
[48;2;1;1;1m[38;2;1;1;1m                                                            [0m
[48;2;1;1;1m[38;2;1;1;1m                                                            [0m
[48;2;1;1;1m[38;2;1;1;1m                                                            [0m
[48;2;1;1;1m[38;2;1;1;1m                            [48;2;1;1;3m[38;2;1;1;3m  [48;2;1;1;1m[38;2;1;1;1m                              [0m
[48;2;1;1;1m[38;2;1;1;1m                        [48;2;6;5;7m[38;2;16;14;17m╷[48;2;50;49;51m[38;2;210;208;210m▗[48;2;10;8;11m[38;2;220;218;221m▄▄[48;2;13;9;12m[38;2;217;213;216m▄▄[48;2;6;4;7m[38;2;43;41;44m▖[48;2;3;1;4m[38;2;1;0;2m▖[48;2;2;2;4m[38;2;2;2;4m  [48;2;1;1;3m[38;2;1;1;3m  [48;2;1;1;1m[38;2;1;1;1m                        [0m
[48;2;1;1;1m[38;2;1;1;1m                        [48;2;4;2;7m[38;2;0;0;0m [48;2;70;68;73m[38;2;10;8;13m▇[48;2;205;187;193m[38;2;160;68;77m▃[48;2;249;243;247m[38;2;211;79;104m▄[48;2;241;239;237m[38;2;208;92;126m▄[48;2;244;234;234m[38;2;0;0;0m [48;2;164;162;165m[38;2;235;233;235m▇[48;2;8;6;9m[38;2;86;84;87m▎[48;2;1;1;3m[38;2;1;1;3m  [48;2;1;1;1m[38;2;1;1;1m  [48;2;1;1;3m[38;2;1;1;3m  [48;2;1;1;1m[38;2;1;1;1m                      [0m
[48;2;1;1;1m[38;2;1;1;1m                        [48;2;1;1;3m[38;2;1;1;3m  [48;2;28;16;9m[38;2;159;54;75m▄[48;2;217;71;107m[38;2;137;52;67m▎[48;2;62;24;22m[38;2;190;73;97m▄[48;2;200;89;110m[38;2;207;61;94m▆[48;2;224;218;220m[38;2;255;253;255m│[48;2;9;3;5m[38;2;85;79;81m▎[48;2;1;1;1m[38;2;1;1;1m    [48;2;1;1;3m[38;2;1;1;3m  [48;2;3;1;4m[38;2;3;1;4m    [48;2;1;1;3m[38;2;1;1;3m  [48;2;1;1;1m[38;2;1;1;1m                [0m
[48;2;1;1;1m[38;2;1;1;1m                    [48;2;2;2;4m[38;2;2;2;4m  [48;2;4;2;5m[38;2;4;2;5m  [48;2;4;3;5m[38;2;45;43;46m▁▁[48;2;211;76;101m[38;2;75;48;37m▎[48;2;202;72;96m[38;2;233;76;109m┃[48;2;217;75;101m[38;2;217;75;101m  [48;2;226;220;222m[38;2;255;253;255m│[48;2;11;5;7m[38;2;87;81;83m▎[48;2;1;1;1m[38;2;11;11;11m▃▃[38;2;1;1;1m    [48;2;1;1;3m[38;2;1;1;3m    [48;2;3;1;6m[38;2;3;1;6m  [48;2;1;1;1m[38;2;1;1;1m                [0m
[48;2;1;1;1m[38;2;1;1;1m                [48;2;2;0;3m[38;2;2;0;3m  [48;2;10;8;11m[38;2;35;33;36m▁[48;2;17;15;18m[38;2;182;180;183m▄[48;2;23;21;24m[38;2;236;234;237m▄▄[38;2;239;238;240m▄[48;2;217;215;218m[38;2;0;0;0m [48;2;208;206;209m[38;2;249;247;249m▇▇[48;2;245;242;240m[38;2;0;0;0m [48;2;209;110;139m[38;2;246;240;239m▄[48;2;216;105;122m[38;2;209;72;96m┃[48;2;247;240;246m[38;2;230;165;182m▎[48;2;244;244;246m[38;2;249;249;251m▚[48;2;233;233;235m[38;2;251;251;252m▅[48;2;236;234;237m[38;2;0;0;0m [48;2;40;38;41m[38;2;236;234;237m▄[48;2;22;20;23m[38;2;217;216;218m▄[48;2;20;18;21m[38;2;0;0;0m [48;2;1;1;1m[38;2;1;1;1m                        [0m
[48;2;1;1;1m[38;2;1;1;1m            [48;2;1;1;3m[38;2;1;1;3m  [48;2;3;1;6m[38;2;3;1;6m    [48;2;210;205;209m[38;2;80;75;79m▎[48;2;248;244;247m[38;2;155;150;154m▁[48;2;248;248;250m[38;2;248;248;250m  [48;2;247;241;240m[38;2;0;0;0m [48;2;238;205;212m[38;2;189;69;105m▗[48;2;247;237;241m[38;2;222;170;187m▖[48;2;245;251;250m[38;2;243;236;238m▖[48;2;250;250;252m[38;2;250;250;252m  [48;2;249;249;251m[38;2;249;249;251m  [48;2;250;250;252m[38;2;250;250;252m    [48;2;253;253;254m[38;2;245;245;247m▌[48;2;244;244;246m[38;2;216;216;218m▝[48;2;35;33;36m[38;2;223;221;224m▄[48;2;12;11;13m[38;2;83;81;84m▁[48;2;1;1;1m[38;2;1;1;1m                      [0m
[48;2;1;1;1m[38;2;1;1;1m            [48;2;3;1;6m[38;2;3;1;6m    [48;2;1;1;3m[38;2;1;1;3m  [48;2;4;2;5m[38;2;4;2;5m  [48;2;45;43;46m[38;2;222;221;223m▝[48;2;219;217;220m[38;2;10;8;11m▄[48;2;188;98;116m[38;2;17;8;3m▄[48;2;189;58;90m[38;2;90;43;46m▁[48;2;211;86;118m[38;2;229;213;209m▄[48;2;241;203;206m[38;2;213;111;135m▄[48;2;249;245;248m[38;2;216;211;215m▖[48;2;253;249;252m[38;2;247;242;246m┃[48;2;250;250;252m[38;2;250;250;252m        [48;2;244;244;246m[38;2;251;251;252m▖[48;2;250;250;251m[38;2;205;205;207m▝[48;2;36;34;35m[38;2;228;227;228m▄[48;2;13;11;12m[38;2;115;113;114m▁[48;2;1;1;1m[38;2;1;1;1m                    [0m
[48;2;1;1;1m[38;2;1;1;1m            [48;2;1;1;3m[38;2;1;1;3m  [48;2;3;1;6m[38;2;3;1;6m  [48;2;1;1;1m[38;2;1;1;1m      [48;2;3;1;6m[38;2;3;1;6m  [48;2;216;214;217m[38;2;85;83;86m▎[48;2;242;240;243m[38;2;0;0;0m [48;2;250;250;252m[38;2;250;250;252m      [48;2;255;255;255m[38;2;251;251;253m▘[48;2;245;245;247m[38;2;224;224;226m▗[48;2;242;238;241m[38;2;45;41;44m▅▅[48;2;239;237;240m[38;2;138;136;139m▁[48;2;248;247;249m[38;2;0;0;0m [48;2;241;241;243m[38;2;254;254;255m┃[48;2;182;182;184m[38;2;245;245;246m▊[48;2;0;0;0m[38;2;34;34;34m▎[38;2;7;7;7m┃[48;2;1;1;1m[38;2;1;1;1m                  [0m
[48;2;1;1;1m[38;2;1;1;1m              [48;2;2;0;3m[38;2;2;0;3m  [48;2;1;1;3m[38;2;1;1;3m  [48;2;1;1;1m[38;2;1;1;1m    [48;2;1;1;3m[38;2;1;1;3m  [48;2;24;22;27m[38;2;1;0;4m▊[48;2;239;237;241m[38;2;110;108;113m▎[48;2;250;250;252m[38;2;250;250;252m      [48;2;247;247;249m[38;2;247;247;249m  [48;2;28;23;27m[38;2;218;214;218m▅[48;2;8;4;7m[38;2;36;32;35m▎[48;2;79;77;80m[38;2;8;6;9m▊[48;2;248;247;249m[38;2;202;200;203m▎[48;2;242;242;244m[38;2;254;254;255m┃[48;2;183;183;185m[38;2;245;245;247m▊[48;2;3;3;5m[38;2;45;45;47m▎[48;2;12;12;14m[38;2;0;0;2m┃[48;2;1;1;1m[38;2;1;1;1m                  [0m
[48;2;1;1;1m[38;2;1;1;1m                [48;2;1;1;3m[38;2;1;1;3m  [48;2;1;1;1m[38;2;1;1;1m    [48;2;1;1;3m[38;2;1;1;3m  [48;2;1;0;2m[38;2;3;1;4m╏[48;2;193;191;194m[38;2;24;23;25m▅[48;2;228;227;229m[38;2;0;0;0m [48;2;247;245;247m [48;2;250;250;252m[38;2;250;250;252m      [48;2;188;183;187m[38;2;247;242;246m▊[48;2;5;1;4m[38;2;64;59;63m▎[48;2;79;77;80m[38;2;8;6;9m▊[48;2;248;247;249m[38;2;202;200;203m▎[48;2;255;254;255m[38;2;245;243;246m▄[48;2;217;215;218m[38;2;105;103;106m▁[48;2;0;0;2m[38;2;33;33;35m▎[38;2;8;8;10m│[48;2;1;1;1m[38;2;1;1;1m                  [0m
[48;2;1;1;1m[38;2;1;1;1m                    [48;2;1;1;3m[38;2;1;1;3m      [48;2;196;191;195m[38;2;65;61;64m▅[48;2;224;219;223m[38;2;31;27;30m▅[48;2;232;227;231m[38;2;24;19;23m▅▅[48;2;231;226;230m[38;2;23;18;22m▅▅[48;2;230;224;228m[38;2;28;23;26m▅[48;2;237;232;235m[38;2;74;68;72m▅[48;2;235;231;235m[38;2;0;0;0m [48;2;36;32;35m[38;2;222;218;221m▅[48;2;41;29;28m[38;2;159;167;159m▁[48;2;236;216;220m[38;2;204;75;113m▅[48;2;222;213;212m[38;2;141;56;80m▅[48;2;6;3;1m[38;2;59;33;37m▎[48;2;1;1;1m[38;2;1;1;1m                    [0m
[48;2;1;1;1m[38;2;1;1;1m                    [48;2;2;0;3m[38;2;2;0;3m  [48;2;1;1;3m[38;2;1;1;3m  [48;2;19;15;18m[38;2;158;153;157m▁[48;2;28;24;27m[38;2;205;200;204m▅[48;2;234;233;235m[38;2;0;0;0m [48;2;66;64;67m[38;2;231;229;232m▅[48;2;18;14;17m[38;2;71;66;70m▎[48;2;33;29;32m[38;2;199;195;198m▅[48;2;19;15;16m[38;2;56;52;53m▎[48;2;32;28;29m[38;2;208;205;206m▅[48;2;46;45;47m[38;2;236;234;237m▅[48;2;240;238;241m[38;2;0;0;0m [48;2;250;250;252m[38;2;250;250;252m  [48;2;247;246;243m[38;2;228;228;223m╷[48;2;193;86;118m[38;2;235;217;219m▅[48;2;64;24;33m[38;2;166;68;97m▖[48;2;15;7;5m[38;2;0;0;0m [48;2;1;1;1m[38;2;1;1;1m                    [0m
[48;2;1;1;1m[38;2;1;1;1m                    [48;2;2;0;3m[38;2;2;0;3m  [48;2;7;6;8m[38;2;15;13;16m╵[48;2;73;71;74m[38;2;213;211;214m┏[48;2;231;230;232m[38;2;0;0;0m [48;2;250;249;251m[38;2;240;238;241m┏[48;2;248;246;249m[38;2;0;0;0m [48;2;234;232;235m[38;2;91;89;92m▁[48;2;49;44;45m[38;2;174;168;170m▁[48;2;211;206;208m[38;2;143;137;139m▎[48;2;37;33;34m[38;2;135;131;132m▂[48;2;245;242;243m[38;2;169;165;166m▎[48;2;250;250;252m[38;2;250;250;252m    [48;2;250;250;251m[38;2;0;0;0m [48;2;249;249;250m[38;2;211;211;213m▝[48;2;42;38;41m[38;2;212;207;211m▅[48;2;8;4;7m[38;2;40;36;39m▎[48;2;1;1;1m[38;2;1;1;1m                    [0m
[48;2;1;1;1m[38;2;1;1;1m                  [48;2;1;1;3m[38;2;1;1;3m  [48;2;2;0;3m[38;2;2;0;3m  [48;2;17;16;18m[38;2;168;166;169m▁[48;2;234;232;235m[38;2;124;122;125m▎[48;2;250;250;252m[38;2;250;250;252m  [48;2;238;236;239m[38;2;255;253;255m┃[48;2;12;11;13m[38;2;135;133;136m▎[48;2;241;236;240m[38;2;136;131;135m▎[48;2;12;7;11m[38;2;126;121;125m▎[48;2;209;207;210m[38;2;24;23;25m▁[48;2;237;235;237m[38;2;42;40;43m▁[48;2;249;249;251m[38;2;249;249;251m  [48;2;250;250;252m[38;2;250;250;252m    [48;2;238;236;239m[38;2;0;0;0m [48;2;52;50;53m[38;2;222;220;222m▅[48;2;8;6;9m[38;2;13;11;14m▌[48;2;1;0;2m[38;2;3;1;4m▎[48;2;1;1;1m[38;2;1;1;1m                  [0m
[48;2;1;1;1m[38;2;1;1;1m                  [48;2;2;0;3m[38;2;2;0;3m    [48;2;232;231;233m[38;2;72;70;73m▎[48;2;252;250;252m[38;2;234;232;235m│[48;2;250;250;252m[38;2;250;250;252m  [48;2;197;193;196m[38;2;75;71;74m┏[48;2;70;66;69m[38;2;222;217;221m▅[48;2;220;216;219m[38;2;59;54;58m▁[48;2;11;7;10m[38;2;102;97;101m▎[48;2;4;2;7m[38;2;4;2;7m  [48;2;196;194;197m[38;2;24;22;25m▅[48;2;247;245;247m[38;2;197;195;198m▎[48;2;250;250;252m[38;2;250;250;252m    [48;2;241;241;243m[38;2;254;254;255m┃[48;2;182;182;184m[38;2;245;245;246m▊[48;2;4;2;5m[38;2;20;18;21m▌[48;2;7;5;8m[38;2;1;0;2m▊[48;2;1;1;1m[38;2;1;1;1m                  [0m
[48;2;4;2;10m[38;2;23;2;126m▂▂▂▂▂▂▂▂▂▂▂▂▂▂▂▂▂▂[48;2;5;3;12m[38;2;24;2;129m▂▂[48;2;6;4;21m[38;2;40;14;164m▁[48;2;47;46;48m[38;2;189;185;202m▅[48;2;231;231;232m[38;2;0;0;0m [48;2;251;251;252m[38;2;240;240;241m┛[48;2;250;250;252m[38;2;250;250;252m  [48;2;247;246;248m[38;2;0;0;0m [48;2;233;230;242m[38;2;86;69;172m▁[48;2;33;26;48m[38;2;34;13;160m▁[48;2;9;5;14m[38;2;27;6;129m▂[48;2;5;3;12m[38;2;24;2;129m▂▂[48;2;14;10;17m[38;2;34;11;135m▂[48;2;217;213;219m[38;2;47;36;83m▆[48;2;249;249;251m[38;2;231;231;233m▌[38;2;255;255;255m▌[48;2;250;250;252m[38;2;250;250;252m  [48;2;247;247;249m[38;2;255;255;255m┃[48;2;184;184;186m[38;2;246;246;247m▊[48;2;19;18;19m[38;2;166;158;190m▂[48;2;6;4;18m[38;2;53;27;175m▁[48;2;4;2;10m[38;2;23;2;126m▂▂▂▂▂▂▂▂▂▂▂▂▂▂▂▂▂▂[0m
[48;2;38;3;183m[38;2;38;3;183m                    [48;2;38;9;176m[38;2;36;3;199m┃[48;2;233;230;237m[38;2;101;85;174m▎[48;2;250;250;252m[38;2;250;250;252m    [48;2;252;251;252m[38;2;250;251;237m▎[48;2;37;6;188m[38;2;134;121;191m▎[48;2;38;3;183m[38;2;38;3;183m    [48;2;39;4;184m[38;2;39;4;184m  [48;2;233;232;226m[38;2;55;30;183m▆[48;2;237;233;242m[38;2;73;50;184m▂[48;2;249;249;251m[38;2;249;249;251m  [48;2;250;250;252m[38;2;250;250;252m  [48;2;184;176;215m[38;2;248;248;240m▊[48;2;45;19;184m[38;2;193;184;221m▂[48;2;38;3;183m[38;2;38;3;183m                  [0m
[48;2;38;3;183m[38;2;38;3;183m                    [48;2;38;9;176m[38;2;36;3;199m┃[48;2;233;230;237m[38;2;101;85;174m▎[48;2;250;250;252m[38;2;250;250;252m    [48;2;240;236;241m[38;2;97;79;178m▂[48;2;40;10;186m[38;2;105;89;181m▎[48;2;38;3;183m[38;2;38;3;183m      [48;2;39;4;182m[38;2;41;6;193m▊[48;2;62;31;188m[38;2;31;0;164m▌[48;2;235;235;235m[38;2;82;62;187m▂[48;2;244;243;247m[38;2;0;0;0m [48;2;250;250;252m[38;2;250;250;252m  [48;2;238;237;242m[38;2;253;252;254m▊[48;2;195;194;199m[38;2;245;244;248m▊[48;2;41;12;184m[38;2;184;169;222m▂[48;2;43;10;180m[38;2;0;0;0m [48;2;38;3;183m[38;2;38;3;183m                [0m
[48;2;38;3;185m[38;2;38;3;185m                    [48;2;38;9;176m[38;2;36;3;199m┃[48;2;233;230;237m[38;2;101;85;174m▎[48;2;250;250;252m[38;2;250;250;252m    [48;2;42;9;180m[38;2;174;158;221m▎[48;2;37;5;190m[38;2;35;4;159m▎[48;2;38;3;185m[38;2;38;3;185m        [48;2;46;15;187m[38;2;0;0;0m [48;2;216;208;236m[38;2;47;19;174m▆[48;2;235;235;234m[38;2;81;61;186m▂[48;2;243;241;246m[38;2;0;0;0m [48;2;250;250;252m[38;2;250;250;252m  [48;2;184;176;219m[38;2;250;247;253m▊[48;2;44;20;174m[38;2;200;193;220m▂[48;2;38;3;183m[38;2;38;3;183m  [48;2;38;3;185m[38;2;38;3;185m              [0m
[48;2;38;3;185m[38;2;38;3;185m                    [48;2;38;9;176m[38;2;36;3;199m┃[48;2;233;230;237m[38;2;101;85;174m▎[48;2;250;250;252m[38;2;250;250;252m    [48;2;42;9;180m[38;2;174;158;221m▎[48;2;37;5;190m[38;2;35;4;159m▎[48;2;38;3;185m[38;2;38;3;185m          [48;2;47;15;187m[38;2;0;0;0m [48;2;206;193;236m[38;2;54;28;176m▆[48;2;237;236;237m[38;2;74;55;181m▂[48;2;245;243;249m[38;2;0;0;0m [48;2;253;252;254m[38;2;246;245;250m▃[48;2;244;243;248m[38;2;231;230;235m▝[48;2;72;50;176m[38;2;208;201;223m▆[48;2;38;4;195m[38;2;46;22;166m▎[48;2;38;3;185m[38;2;38;3;185m              [0m
[48;2;38;3;185m[38;2;38;3;185m                    [48;2;40;6;181m[38;2;37;4;181m▄[48;2;165;151;209m[38;2;40;8;189m▆[48;2;233;233;232m[38;2;136;124;192m▎[48;2;247;245;248m[38;2;0;0;0m [48;2;245;244;248m [48;2;233;232;233m[38;2;94;74;199m▂[48;2;35;7;181m[38;2;125;101;211m▎[48;2;44;10;192m[38;2;37;5;167m▃[48;2;38;3;185m[38;2;38;3;185m            [48;2;39;10;178m[38;2;0;0;0m [48;2;211;199;237m[38;2;63;36;184m▆[48;2;243;233;235m[38;2;205;70;93m▂▂[48;2;207;197;216m[38;2;197;85;138m▂[48;2;38;5;188m[38;2;59;22;155m▎[48;2;38;3;185m[38;2;38;3;185m              [0m
[48;2;38;3;185m[38;2;38;3;185m                  [48;2;46;9;192m[38;2;38;2;179m▄[48;2;43;8;171m[38;2;146;46;114m▂[48;2;55;9;167m[38;2;187;69;87m▂[48;2;96;32;147m[38;2;189;65;105m▅[48;2;197;170;179m[38;2;214;74;100m▆[48;2;230;203;212m[38;2;218;78;104m▆[48;2;239;200;214m[38;2;214;73;96m▆[48;2;70;58;163m[38;2;40;20;31m▆[48;2;36;13;140m[38;2;5;3;12m▆▆[48;2;36;13;142m[38;2;5;3;13m▆▆▆▆[48;2;36;13;140m[38;2;5;3;12m▆▆▆▆▆▆[48;2;35;13;138m[38;2;5;3;10m▆▆[48;2;35;13;136m[38;2;5;3;8m▆▆[48;2;155;54;86m[38;2;38;20;22m▆[48;2;219;69;92m[38;2;184;65;87m▎[48;2;149;49;86m[38;2;212;72;101m▊[48;2;57;26;74m[38;2;182;75;98m▁[48;2;38;5;171m[38;2;28;16;57m▂[48;2;33;2;176m[38;2;43;5;204m▗[48;2;38;3;185m[38;2;38;3;185m            [0m
[48;2;38;3;185m[38;2;38;3;185m                  [48;2;32;3;175m[38;2;48;3;194m▝[48;2;134;31;135m[38;2;40;4;182m▆[48;2;69;21;70m[38;2;37;8;186m▂[48;2;163;48;57m[38;2;28;12;86m▆[48;2;160;41;74m[38;2;25;10;81m▆▆[48;2;137;45;73m[38;2;27;7;82m▆[48;2;21;10;29m[38;2;46;13;182m▂[48;2;8;6;11m[38;2;30;5;149m▃▃[48;2;8;3;24m[38;2;39;10;180m▂▂▂▂[48;2;7;5;11m[38;2;29;4;148m▃▃[48;2;8;3;24m[38;2;39;10;180m▂▂[48;2;8;6;11m[38;2;30;5;149m▃▃▃▃[48;2;7;2;23m[38;2;38;9;179m▂▂[48;2;20;9;27m[38;2;45;13;179m▂[48;2;136;45;70m[38;2;27;7;80m▆[48;2;153;60;60m[38;2;26;9;81m▆[48;2;139;42;66m[38;2;28;10;104m▆[48;2;37;16;109m[38;2;37;3;178m▆[48;2;37;1;184m[38;2;37;3;172m▘[48;2;38;3;185m[38;2;38;3;185m            [0m
[48;2;40;2;185m[38;2;40;2;185m                                                            [0m
[48;2;40;2;185m[38;2;40;2;185m                                                            [0m
