[48;2;1;1;1m[38;2;1;1;1m                                                            [0m
[48;2;1;1;1m[38;2;1;1;1m                                                            [0m
[48;2;1;1;1m[38;2;1;1;1m                                                            [0m
[48;2;1;1;1m[38;2;1;1;1m                                                            [0m
[48;2;1;1;1m[38;2;1;1;1m                            [48;2;4;2;3m[38;2;4;2;3m  [48;2;2;2;2m[38;2;2;2;2m  [48;2;1;1;1m[38;2;1;1;1m                            [0m
[48;2;1;1;1m[38;2;1;1;1m                        [48;2;1;1;3m[38;2;1;1;3m  [48;2;6;4;7m[38;2;25;23;26m▂[48;2;12;11;13m[38;2;181;179;182m▄[48;2;105;103;106m[38;2;234;233;235m▇[48;2;127;125;128m[38;2;241;239;241m▇[48;2;123;121;124m[38;2;241;239;242m▇[48;2;30;28;31m[38;2;211;209;212m▄[48;2;7;5;8m[38;2;28;26;29m▖[48;2;1;0;2m[38;2;5;3;6m▝[48;2;1;1;3m[38;2;1;1;3m  [48;2;1;1;1m[38;2;1;1;1m                        [0m
[48;2;1;1;1m[38;2;1;1;1m                        [48;2;3;1;6m[38;2;3;1;6m  [48;2;180;175;172m[38;2;39;30;28m▄[48;2;242;235;234m[38;2;175;75;104m▄[48;2;248;246;248m[38;2;210;83;105m▄▄[38;2;223;221;224m▎[48;2;223;221;224m[38;2;248;246;248m▊[48;2;7;6;6m[38;2;65;63;64m▎[48;2;1;0;0m[38;2;6;4;5m│[48;2;1;1;1m[38;2;1;1;1m  [48;2;1;1;3m[38;2;1;1;3m  [48;2;1;1;1m[38;2;1;1;1m                      [0m
[48;2;1;1;1m[38;2;1;1;1m                        [48;2;3;1;4m[38;2;13;11;14m▃▃[48;2;17;8;6m[38;2;0;0;0m [48;2;54;23;29m[38;2;198;71;109m▗[48;2;213;68;102m[38;2;172;51;76m▘[48;2;63;24;22m[38;2;186;66;91m▄[48;2;202;103;123m[38;2;206;76;96m▊[48;2;221;190;202m[38;2;248;244;247m┃[48;2;12;10;11m[38;2;69;67;68m▎[48;2;1;0;0m[38;2;17;15;16m▂[48;2;3;3;3m[38;2;3;3;3m  [48;2;1;1;3m[38;2;1;1;3m  [48;2;3;1;4m[38;2;3;1;4m    [48;2;1;1;3m[38;2;1;1;3m  [48;2;1;1;1m[38;2;1;1;1m                [0m
[48;2;1;1;1m[38;2;1;1;1m                    [48;2;5;3;6m[38;2;35;33;36m▁▁[48;2;12;10;13m[38;2;191;189;192m▄[48;2;22;20;23m[38;2;234;232;235m▄[48;2;243;241;243m[38;2;144;142;145m▘[48;2;169;167;170m[38;2;243;242;244m▇[48;2;182;171;173m[38;2;249;244;244m▇[48;2;208;107;139m[38;2;242;233;235m▄[48;2;218;69;97m[38;2;225;97;119m▄[48;2;202;75;96m[38;2;218;69;97m▄[48;2;218;84;105m[38;2;206;57;86m│[48;2;246;247;247m[38;2;241;198;205m▎[48;2;255;254;255m[38;2;243;241;244m▄▄[48;2;159;157;160m[38;2;239;238;240m▇[48;2;29;27;30m[38;2;232;231;233m▄[48;2;14;13;15m[38;2;210;208;211m▄[48;2;19;17;20m[38;2;0;0;0m [48;2;1;1;3m[38;2;1;1;3m    [48;2;3;1;6m[38;2;3;1;6m  [48;2;1;1;1m[38;2;1;1;1m                [0m
[48;2;1;1;1m[38;2;1;1;1m                [48;2;2;0;3m[38;2;2;0;3m  [48;2;10;8;11m[38;2;35;33;36m▁[48;2;17;15;18m[38;2;182;180;183m▄[48;2;239;237;239m[38;2;141;139;142m▘[48;2;195;193;196m[38;2;248;246;248m▇[48;2;249;249;251m[38;2;249;249;251m  [48;2;250;250;252m[38;2;250;250;252m    [48;2;249;233;242m[38;2;243;247;249m┃[48;2;201;75;96m[38;2;225;157;168m▎[48;2;255;253;254m[38;2;227;223;224m▌[48;2;253;249;250m[38;2;245;241;242m┃[48;2;250;250;252m[38;2;250;250;252m    [48;2;250;248;251m[38;2;255;254;255m┗[48;2;243;241;243m[38;2;191;189;192m▝[48;2;28;26;29m[38;2;238;236;238m▄[48;2;21;19;22m[38;2;210;208;211m▄[48;2;6;4;5m[38;2;25;23;24m▃[48;2;1;0;0m[38;2;2;0;1m▖[48;2;1;1;1m[38;2;1;1;1m                  [0m
[48;2;1;1;1m[38;2;1;1;1m            [48;2;1;1;3m[38;2;1;1;3m  [48;2;3;1;6m[38;2;3;1;6m    [48;2;48;43;47m[38;2;214;209;213m▝[48;2;237;233;236m[38;2;127;122;126m▖[48;2;248;248;250m[38;2;248;248;250m  [48;2;242;240;243m[38;2;252;250;252m▄[48;2;251;249;251m[38;2;241;239;242m▃[48;2;250;250;252m[38;2;250;250;252m    [48;2;249;249;251m[38;2;249;249;251m  [48;2;250;250;252m[38;2;250;250;252m          [48;2;149;145;146m[38;2;248;244;245m▊[48;2;3;0;0m[38;2;26;22;23m▄[48;2;1;1;1m[38;2;1;1;1m                  [0m
[48;2;1;1;1m[38;2;1;1;1m            [48;2;3;1;6m[38;2;3;1;6m    [48;2;1;1;3m[38;2;1;1;3m  [48;2;3;1;4m[38;2;3;1;4m  [48;2;44;40;43m[38;2;225;221;224m▝[48;2;221;217;221m[38;2;122;117;121m▁[48;2;243;233;225m[38;2;186;93;111m▄[48;2;209;85;113m[38;2;0;0;0m [48;2;231;189;196m[38;2;208;72;110m▄[48;2;238;240;233m[38;2;236;164;182m▖[48;2;250;250;252m[38;2;250;250;252m            [48;2;246;244;246m[38;2;0;0;0m [48;2;234;233;235m[38;2;144;142;145m▁[48;2;216;215;217m[38;2;32;31;33m▅[48;2;1;0;2m[38;2;70;68;71m [48;2;1;1;1m[38;2;1;1;1m                  [0m
[48;2;1;1;1m[38;2;1;1;1m            [48;2;1;1;3m[38;2;1;1;3m  [48;2;3;1;6m[38;2;3;1;6m  [48;2;1;1;1m[38;2;1;1;1m      [48;2;5;4;2m[38;2;0;0;0m [48;2;41;12;19m[38;2;171;60;95m▝[48;2;207;73;106m[38;2;35;15;11m▅[48;2;178;57;85m[38;2;65;33;33m▁[48;2;251;240;245m[38;2;200;174;183m▎[48;2;230;242;238m[38;2;249;251;251m▊[48;2;250;250;252m[38;2;250;250;252m      [48;2;247;236;236m[38;2;220;160;175m▁[48;2;229;223;220m[38;2;209;79;117m▄[48;2;234;226;225m[38;2;178;75;105m▄[48;2;234;225;225m[38;2;106;99;97m▁[48;2;214;210;214m[38;2;30;26;29m▅[48;2;15;11;14m[38;2;0;0;0m [48;2;1;1;1m[38;2;1;1;1m                    [0m
[48;2;1;1;1m[38;2;1;1;1m              [48;2;2;0;3m[38;2;2;0;3m  [48;2;1;1;3m[38;2;1;1;3m  [48;2;1;1;1m[38;2;1;1;1m    [48;2;1;1;3m[38;2;1;1;3m  [48;2;3;1;6m[38;2;3;1;6m  [48;2;198;194;197m[38;2;27;22;26m▅[48;2;223;219;222m[38;2;95;90;94m▁[48;2;249;249;251m[38;2;249;249;251m  [48;2;250;250;252m[38;2;250;250;252m  [38;2;254;254;255m▌[48;2;239;239;241m[38;2;243;243;245m▌[48;2;211;74;100m[38;2;76;48;37m▁[48;2;201;63;89m[38;2;65;37;26m▁[48;2;8;3;7m[38;2;8;3;7m  [48;2;3;1;6m[38;2;3;1;6m  [48;2;1;1;1m[38;2;1;1;1m                    [0m
[48;2;1;1;1m[38;2;1;1;1m                [48;2;1;1;3m[38;2;1;1;3m  [48;2;1;1;1m[38;2;1;1;1m    [48;2;1;1;3m[38;2;1;1;3m  [48;2;1;0;2m[38;2;2;0;3m▄[38;2;169;167;170m▁[48;2;25;21;24m[38;2;202;197;201m▅[48;2;36;32;35m[38;2;180;175;179m▁[48;2;206;202;206m[38;2;29;24;30m▅[48;2;232;228;233m[38;2;26;22;27m▅[48;2;232;230;235m[38;2;25;23;28m▅▅[48;2;228;224;229m[38;2;36;31;37m▅[48;2;213;208;214m[38;2;78;74;79m▅[48;2;26;22;25m[38;2;210;206;210m▅[38;2;166;161;165m▁[48;2;4;2;7m[38;2;4;2;7m  [48;2;3;1;6m[38;2;3;1;6m  [48;2;1;1;1m[38;2;1;1;1m                    [0m
[48;2;1;1;1m[38;2;1;1;1m                    [48;2;1;1;3m[38;2;1;1;3m    [48;2;18;16;19m[38;2;136;134;137m▁[48;2;237;235;238m[38;2;119;117;120m▎[48;2;250;250;252m[38;2;250;250;252m  [48;2;61;57;60m[38;2;232;228;232m▅[48;2;26;22;25m[38;2;0;0;0m [48;2;29;25;30m[38;2;197;192;197m▅[48;2;16;12;17m[38;2;59;54;60m▎[48;2;31;29;32m[38;2;213;212;214m▅[48;2;242;241;243m[38;2;0;0;0m [48;2;255;255;255m[38;2;251;251;253m▖[48;2;245;245;247m[38;2;224;224;226m▝[48;2;32;27;31m[38;2;220;215;219m▅[48;2;24;20;23m[38;2;158;153;157m▁[48;2;3;1;4m[38;2;3;1;4m  [48;2;1;1;1m[38;2;1;1;1m                    [0m
[48;2;1;1;1m[38;2;1;1;1m                    [48;2;2;0;3m[38;2;2;0;3m  [48;2;1;0;2m[38;2;15;13;16m━[48;2;14;12;15m[38;2;143;141;144m▁[48;2;233;231;234m[38;2;107;105;108m▎[48;2;248;247;249m[38;2;0;0;0m [48;2;250;250;252m[38;2;250;250;252m  [48;2;234;230;233m[38;2;112;107;111m▁[48;2;44;40;43m[38;2;125;120;124m▎[48;2;216;212;217m[38;2;121;116;122m▂[48;2;44;40;45m[38;2;171;166;172m▁[48;2;249;249;250m[38;2;206;206;208m▎[48;2;241;241;243m[38;2;253;253;254m┃[48;2;250;250;252m[38;2;250;250;252m  [48;2;250;250;251m[38;2;0;0;0m [48;2;249;249;250m[38;2;211;211;213m▝[48;2;43;38;42m[38;2;213;208;212m▅[48;2;14;10;13m[38;2;121;116;120m▂[48;2;1;1;1m[38;2;1;1;1m                    [0m
[48;2;1;1;1m[38;2;1;1;1m                    [48;2;2;0;3m[38;2;2;0;3m  [48;2;78;76;79m[38;2;200;198;201m┏[48;2;230;228;230m[38;2;0;0;0m [48;2;250;250;252m[38;2;250;250;252m  [48;2;248;246;249m[38;2;0;0;0m [48;2;234;232;235m[38;2;91;89;92m▁[48;2;49;44;45m[38;2;174;168;170m▁[48;2;211;206;208m[38;2;143;137;139m▎[48;2;16;12;15m[38;2;76;71;75m▎[48;2;212;208;211m[38;2;74;69;73m▁[48;2;249;249;251m[38;2;249;249;251m  [48;2;250;250;252m[38;2;250;250;252m    [48;2;241;241;243m[38;2;254;254;255m┃[48;2;182;182;184m[38;2;245;245;246m▊[48;2;1;0;2m[38;2;35;33;36m▎[38;2;8;6;9m┃[48;2;1;1;1m[38;2;1;1;1m                  [0m
[48;2;1;1;1m[38;2;1;1;1m                  [48;2;1;1;3m[38;2;1;1;3m  [48;2;2;0;3m[38;2;2;0;3m  [48;2;231;229;232m[38;2;83;81;84m▎[48;2;254;252;254m[38;2;242;240;243m┃[48;2;250;250;252m[38;2;250;250;252m  [48;2;247;245;247m[38;2;0;0;0m [48;2;75;73;76m[38;2;237;235;238m▅[48;2;217;213;217m[38;2;76;71;75m▁[48;2;12;8;11m[38;2;103;98;102m▎[48;2;4;2;7m[38;2;4;2;7m  [48;2;203;198;204m[38;2;14;10;15m▅[48;2;221;217;222m[38;2;32;27;33m▅[48;2;243;243;245m[38;2;239;239;241m▌[48;2;254;254;255m[38;2;250;250;252m▌[48;2;250;250;252m  [48;2;237;237;239m[38;2;252;252;253m▊[48;2;194;194;196m[38;2;244;244;246m▊[48;2;24;22;25m[38;2;178;176;179m▁[48;2;7;6;8m[38;2;0;0;0m [48;2;1;1;1m[38;2;1;1;1m                  [0m
[48;2;1;1;1m[38;2;1;1;1m                  [48;2;2;0;3m[38;2;2;0;3m  [48;2;6;4;7m[38;2;0;0;0m [48;2;80;78;80m[38;2;215;213;216m┏[48;2;248;248;249m[38;2;177;177;179m▘[48;2;251;251;252m[38;2;237;237;239m▘[48;2;250;250;252m[38;2;250;250;252m  [48;2;245;243;246m[38;2;0;0;0m [48;2;245;243;245m[38;2;107;105;108m▂[48;2;8;6;9m[38;2;79;77;80m▎[48;2;14;12;15m[38;2;1;0;2m▌[48;2;3;1;6m[38;2;3;1;6m  [48;2;5;3;8m[38;2;5;3;8m  [48;2;202;198;202m[38;2;30;25;29m▅[48;2;250;247;250m[38;2;213;209;213m▎[48;2;250;250;252m[38;2;250;250;252m    [48;2;159;155;156m[38;2;245;241;242m▊[48;2;3;0;0m[38;2;60;56;57m▎[48;2;1;1;1m[38;2;1;1;1m                  [0m
[48;2;4;2;10m[38;2;23;2;126m▂▂▂▂▂▂▂▂▂▂▂▂▂▂▂▂▂▂[48;2;5;3;12m[38;2;24;2;129m▂▂[48;2;6;4;10m[38;2;23;3;122m▂[48;2;235;232;235m[38;2;86;81;99m▎[48;2;250;250;252m[38;2;250;250;252m    [48;2;247;244;249m[38;2;238;236;235m▎[48;2;19;14;46m[38;2;139;134;154m▎[48;2;5;3;12m[38;2;24;2;129m▂▂▂▂▂▂[48;2;24;17;34m[38;2;39;8;178m▁[48;2;221;215;230m[38;2;61;29;200m▁[48;2;249;249;251m[38;2;249;249;251m  [48;2;250;250;252m[38;2;250;250;252m  [48;2;165;158;174m[38;2;249;245;244m▊[48;2;16;12;16m[38;2;24;8;120m▂[48;2;4;2;10m[38;2;23;2;126m▂▂▂▂▂▂▂▂▂▂▂▂▂▂▂▂▂▂[0m
[48;2;38;3;183m[38;2;38;3;183m                    [48;2;38;9;176m[38;2;36;3;199m┃[48;2;233;230;237m[38;2;101;85;174m▎[48;2;250;250;252m[38;2;250;250;252m    [48;2;242;237;239m[38;2;100;76;197m▂[48;2;43;9;191m[38;2;108;92;163m▎[48;2;38;3;183m[38;2;38;3;183m      [48;2;47;11;196m[38;2;35;0;185m┃[48;2;82;51;206m[38;2;35;6;166m▊[48;2;243;243;245m[38;2;239;239;241m▌[48;2;254;254;255m[38;2;250;250;252m▌[48;2;250;250;252m  [48;2;184;173;229m[38;2;246;244;245m▊[48;2;30;3;182m[38;2;67;45;172m▎[48;2;38;3;183m[38;2;38;3;183m                  [0m
[48;2;38;3;183m[38;2;38;3;183m                    [48;2;38;9;176m[38;2;36;3;199m┃[48;2;233;230;237m[38;2;101;85;174m▎[48;2;250;250;252m[38;2;250;250;252m  [48;2;251;251;253m[38;2;251;251;253m  [48;2;42;9;180m[38;2;174;158;221m▎[48;2;37;5;190m[38;2;35;4;159m▎[48;2;38;3;183m[38;2;38;3;183m      [48;2;38;3;181m[38;2;40;5;192m▊[48;2;61;30;187m[38;2;30;0;163m▌[48;2;235;235;235m[38;2;82;62;187m▂[48;2;244;243;247m[38;2;0;0;0m [48;2;250;250;252m[38;2;250;250;252m  [48;2;184;173;229m[38;2;246;244;245m▊[48;2;30;3;182m[38;2;67;45;172m▎[48;2;38;3;183m[38;2;38;3;183m                  [0m
[48;2;38;3;185m[38;2;38;3;185m                    [48;2;38;9;176m[38;2;36;3;199m┃[48;2;233;230;237m[38;2;101;85;174m▎[48;2;250;250;252m[38;2;250;250;252m    [48;2;42;9;180m[38;2;174;158;221m▎[48;2;37;5;190m[38;2;35;4;159m▎[48;2;38;3;185m[38;2;38;3;185m        [48;2;99;82;178m[38;2;37;7;185m▊[48;2;249;248;245m[38;2;216;211;234m▎[48;2;252;251;255m[38;2;255;254;255m┃[48;2;194;193;198m[38;2;244;243;247m▊[48;2;198;186;225m[38;2;47;18;178m▆[48;2;40;7;185m[38;2;0;0;0m [48;2;38;3;185m[38;2;38;3;185m                  [0m
[48;2;38;3;185m[38;2;38;3;185m                    [48;2;38;9;176m[38;2;36;3;199m┃[48;2;233;230;237m[38;2;101;85;174m▎[48;2;250;250;252m[38;2;250;250;252m    [48;2;42;9;180m[38;2;174;158;221m▎[48;2;37;5;190m[38;2;35;4;159m▎[48;2;38;3;185m[38;2;38;3;185m        [48;2;103;68;168m[38;2;44;9;186m▊[48;2;229;223;226m[38;2;213;84;129m▂[48;2;230;221;228m[38;2;206;83;109m▂[48;2;198;186;219m[38;2;105;45;146m▆[48;2;39;4;184m[38;2;39;4;184m  [48;2;38;3;185m[38;2;38;3;185m                  [0m
[48;2;38;3;185m[38;2;38;3;185m                    [48;2;40;6;181m[38;2;37;4;181m▄[48;2;165;151;209m[38;2;40;8;189m▆[48;2;233;233;232m[38;2;136;124;192m▎[48;2;247;245;248m[38;2;0;0;0m [48;2;245;244;248m [48;2;233;232;233m[38;2;94;74;199m▂[48;2;35;7;181m[38;2;125;101;211m▎[48;2;44;10;192m[38;2;37;5;167m▃[48;2;38;3;185m[38;2;38;3;185m        [48;2;39;5;178m[38;2;0;0;0m [48;2;155;58;119m[38;2;51;16;175m▆[48;2;225;75;104m[38;2;192;71;90m▌[48;2;192;71;90m[38;2;225;75;104m▌[48;2;44;7;168m[38;2;147;48;111m▂[48;2;49;8;186m[38;2;26;1;173m▗[48;2;38;3;185m[38;2;38;3;185m                  [0m
[48;2;38;3;185m[38;2;38;3;185m                  [48;2;36;0;189m[38;2;36;4;165m▗[48;2;36;3;169m[38;2;36;23;64m▂[48;2;53;16;148m[38;2;178;56;71m▁[48;2;105;37;154m[38;2;192;63;105m▅[48;2;197;170;179m[38;2;214;74;100m▆[48;2;230;203;212m[38;2;218;78;104m▆[48;2;223;213;209m[38;2;146;53;73m▆[48;2;160;65;117m[38;2;55;13;24m▃[48;2;41;15;143m[38;2;21;14;24m▆[48;2;30;4;131m[38;2;11;5;14m▆[48;2;36;13;142m[38;2;5;3;13m▆▆▆▆[48;2;36;13;140m[38;2;5;3;12m▆▆▆▆[48;2;36;14;139m[38;2;5;3;10m▆▆[48;2;167;50;85m[38;2;8;6;3m▆▆[48;2;142;55;78m[38;2;16;7;26m▆[48;2;34;6;167m[38;2;21;12;62m▃[48;2;38;3;185m[38;2;38;3;185m                  [0m
[48;2;38;3;185m[38;2;38;3;185m                  [48;2;37;1;184m[38;2;37;3;172m▝[48;2;37;16;109m[38;2;37;3;178m▆[48;2;62;23;70m[38;2;36;2;176m▂[48;2;153;59;61m[38;2;26;8;83m▆[48;2;160;41;74m[38;2;25;10;81m▆▆[48;2;12;5;25m[38;2;43;11;182m▂▂[48;2;8;6;11m[38;2;30;5;149m▃▃[48;2;8;3;24m[38;2;39;10;180m▂▂▂▂[48;2;7;5;11m[38;2;29;4;148m▃▃[48;2;8;3;24m[38;2;39;10;180m▂▂[48;2;8;6;11m[38;2;30;5;149m▃▃▃▃[48;2;16;8;37m[38;2;36;4;175m▂[48;2;31;22;53m[38;2;32;1;173m▆[48;2;38;3;185m[38;2;38;3;185m                  [0m
[48;2;40;2;185m[38;2;40;2;185m                                                            [0m
[48;2;40;2;185m[38;2;40;2;185m                                                            [0m
