[48;2;1;1;1m[38;2;1;1;1m                                                            [0m
[48;2;1;1;1m[38;2;1;1;1m                                                            [0m
[48;2;1;1;1m[38;2;1;1;1m                                                            [0m
[48;2;1;1;1m[38;2;1;1;1m                                                            [0m
[48;2;1;1;1m[38;2;1;1;1m                            [48;2;2;2;2m[38;2;2;2;2m  [48;2;2;1;1m[38;2;12;10;11m▃▃[48;2;1;1;1m[38;2;1;1;1m                            [0m
[48;2;1;1;1m[38;2;1;1;1m                        [48;2;1;1;3m[38;2;1;1;3m  [48;2;4;2;5m[38;2;4;2;5m  [48;2;37;33;36m[38;2;214;209;213m▃[48;2;115;110;114m[38;2;231;227;230m▇[48;2;131;129;132m[38;2;244;243;245m▇▇[48;2;32;27;31m[38;2;211;206;210m▄[48;2;3;0;2m[38;2;36;31;35m [48;2;1;1;3m[38;2;1;1;3m  [48;2;1;1;1m[38;2;1;1;1m                        [0m
[48;2;1;1;1m[38;2;1;1;1m                        [48;2;3;1;6m[38;2;3;1;6m  [48;2;3;0;2m[38;2;19;14;18m┏[48;2;181;176;180m[38;2;28;24;27m▄[48;2;237;237;239m[38;2;199;74;95m▄[48;2;244;243;246m[38;2;210;85;106m▄[48;2;250;239;240m[38;2;202;97;128m▄[48;2;246;237;236m[38;2;0;0;0m [48;2;209;207;210m[38;2;246;244;247m▊[48;2;4;3;5m[38;2;72;70;73m▎[48;2;1;1;1m[38;2;1;1;1m  [48;2;1;1;3m[38;2;1;1;3m  [48;2;1;1;1m[38;2;1;1;1m                      [0m
[48;2;1;1;1m[38;2;1;1;1m                        [48;2;4;2;5m[38;2;4;2;5m  [48;2;3;1;6m[38;2;13;11;16m▃▃[48;2;38;14;9m[38;2;161;56;75m▄[48;2;219;74;107m[38;2;157;45;67m▎[48;2;56;16;16m[38;2;196;65;94m▄[48;2;209;85;111m[38;2;171;62;83m▘[48;2;224;218;220m[38;2;255;253;255m│[48;2;9;3;5m[38;2;85;79;81m▎[48;2;1;0;0m[38;2;6;4;5m▃▃[48;2;1;1;3m[38;2;1;1;3m  [48;2;3;1;4m[38;2;3;1;4m    [48;2;1;1;3m[38;2;1;1;3m  [48;2;1;1;1m[38;2;1;1;1m                [0m
[48;2;1;1;1m[38;2;1;1;1m                    [48;2;2;2;4m[38;2;2;2;4m  [48;2;11;9;12m[38;2;0;0;0m [48;2;17;15;18m[38;2;186;184;187m▄[48;2;21;19;22m[38;2;227;225;228m▄[48;2;240;239;241m[38;2;151;149;152m▘[48;2;255;254;255m[38;2;243;241;246m▄▄[48;2;198;101;120m[38;2;249;227;223m▄[48;2;217;84;115m[38;2;0;0;0m [48;2;215;75;101m[38;2;215;75;101m  [48;2;249;245;248m[38;2;224;219;223m▎[48;2;208;203;207m[38;2;250;245;249m▆[48;2;178;176;181m[38;2;249;247;250m▇[48;2;152;150;155m[38;2;241;239;243m▇[48;2;27;25;28m[38;2;225;223;226m▄[48;2;18;17;19m[38;2;219;217;220m▄[48;2;6;4;7m[38;2;25;23;26m▃[48;2;1;0;2m[38;2;2;0;3m▖[48;2;1;1;3m[38;2;1;1;3m  [48;2;3;1;6m[38;2;3;1;6m  [48;2;1;1;1m[38;2;1;1;1m                [0m
[48;2;1;1;1m[38;2;1;1;1m                [48;2;2;0;3m[38;2;2;0;3m    [48;2;10;8;13m[38;2;30;28;33m▁[48;2;19;17;22m[38;2;188;186;190m▄[48;2;243;241;243m[38;2;149;147;150m▘[48;2;247;246;248m[38;2;0;0;0m [48;2;250;250;252m[38;2;250;250;252m    [48;2;248;248;250m[38;2;248;248;250m  [48;2;216;114;127m[38;2;200;71;93m┃[48;2;242;244;247m[38;2;245;189;202m▎[48;2;250;250;252m[38;2;250;250;252m      [48;2;178;176;179m[38;2;237;235;238m▇[48;2;36;34;37m[38;2;239;237;240m▄[48;2;19;18;20m[38;2;211;210;212m▄[48;2;12;10;13m[38;2;70;68;71m▁[48;2;1;1;1m[38;2;1;1;1m                  [0m
[48;2;1;1;1m[38;2;1;1;1m            [48;2;1;1;3m[38;2;1;1;3m  [48;2;3;1;6m[38;2;3;1;6m    [48;2;1;0;4m[38;2;9;7;12m▄[48;2;26;24;29m[38;2;174;172;176m▄[48;2;220;219;221m[38;2;0;0;0m [48;2;246;245;247m[38;2;248;246;248m▄[48;2;250;250;251m[38;2;0;0;0m [48;2;244;244;245m[38;2;184;184;186m▁[48;2;245;245;246m[38;2;164;164;166m▁[48;2;245;245;247m[38;2;0;0;0m [48;2;250;250;252m[38;2;250;250;252m    [48;2;249;249;251m[38;2;249;249;251m  [48;2;250;250;252m[38;2;250;250;252m        [48;2;255;254;255m[38;2;254;252;255m▄[48;2;146;144;147m[38;2;226;224;227m▊[48;2;3;3;3m[38;2;3;3;3m  [48;2;1;1;1m[38;2;1;1;1m                [0m
[48;2;1;1;1m[38;2;1;1;1m            [48;2;3;1;6m[38;2;3;1;6m    [48;2;1;1;3m[38;2;1;1;3m  [48;2;5;4;6m[38;2;0;0;0m [48;2;209;207;210m[38;2;72;70;73m▎[48;2;248;248;250m[38;2;248;248;250m  [48;2;193;189;192m[38;2;48;44;47m▗[48;2;35;31;34m[38;2;0;0;0m [48;2;31;26;30m[38;2;12;8;11m▇[48;2;220;216;220m[38;2;102;97;101m▎[48;2;249;249;251m[38;2;249;249;251m  [48;2;250;250;252m[38;2;250;250;252m    [48;2;255;254;255m[38;2;248;246;249m▄[48;2;247;245;248m[38;2;218;216;219m▂[48;2;238;227;227m[38;2;220;93;130m▄[48;2;243;239;236m[38;2;213;181;186m▁[48;2;246;246;247m[38;2;0;0;0m [48;2;244;244;245m[38;2;153;153;155m▁[48;2;232;230;233m[38;2;110;108;111m▁[48;2;221;220;222m[38;2;24;22;25m▄[48;2;211;209;212m[38;2;27;25;28m▅[48;2;12;10;13m[38;2;0;0;0m [48;2;1;1;1m[38;2;1;1;1m                  [0m
[48;2;1;1;1m[38;2;1;1;1m            [48;2;1;1;3m[38;2;1;1;3m  [48;2;3;1;6m[38;2;3;1;6m  [48;2;1;1;1m[38;2;1;1;1m    [48;2;212;203;206m[38;2;103;94;97m▎[48;2;249;243;246m[38;2;151;142;145m▁[48;2;238;221;222m[38;2;209;98;130m▄[48;2;38;18;20m[38;2;157;109;120m▎[48;2;4;2;7m[38;2;4;2;7m  [48;2;239;237;240m[38;2;129;127;130m▎[48;2;254;252;254m[38;2;239;237;240m│[48;2;250;250;252m[38;2;250;250;252m  [48;2;249;249;251m[38;2;249;249;251m  [48;2;233;217;208m[38;2;218;108;129m▄[48;2;214;77;108m[38;2;0;0;0m [48;2;218;77;111m[38;2;225;172;176m▁[48;2;214;146;156m[38;2;94;103;86m▁[48;2;214;209;213m[38;2;30;25;29m▅[48;2;14;10;13m[38;2;0;0;0m [48;2;3;1;6m[38;2;3;1;6m  [48;2;1;1;1m[38;2;1;1;1m                    [0m
[48;2;1;1;1m[38;2;1;1;1m              [48;2;2;0;3m[38;2;2;0;3m  [48;2;1;1;3m[38;2;1;1;3m  [48;2;1;1;1m[38;2;1;1;1m  [48;2;7;6;2m[38;2;0;0;0m [48;2;150;45;76m[38;2;26;8;9m▅[48;2;191;67;89m[38;2;45;32;18m▁[48;2;212;65;94m[38;2;66;30;22m▁[48;2;14;6;7m[38;2;118;44;69m▎[48;2;11;15;14m[38;2;10;1;2m▊[48;2;196;191;195m[38;2;60;56;59m▅[48;2;230;226;229m[38;2;96;91;95m▁[48;2;249;249;251m[38;2;249;249;251m  [48;2;250;250;252m[38;2;250;250;252m  [48;2;246;244;243m[38;2;0;0;0m [48;2;202;94;128m[38;2;241;227;231m▅[48;2;219;215;218m[38;2;123;118;122m▁[48;2;9;5;8m[38;2;54;49;53m▎[48;2;3;1;6m[38;2;3;1;6m    [48;2;1;1;1m[38;2;1;1;1m                    [0m
[48;2;1;1;1m[38;2;1;1;1m                [48;2;1;1;3m[38;2;1;1;3m  [48;2;1;1;1m[38;2;1;1;1m    [48;2;1;1;3m[38;2;1;1;3m  [48;2;3;0;2m[38;2;14;9;13m▃[48;2;26;22;25m[38;2;201;197;201m▅[48;2;230;226;230m[38;2;0;0;0m [48;2;39;34;38m[38;2;163;158;162m▎[48;2;206;202;206m[38;2;29;24;30m▅[48;2;232;228;233m[38;2;26;22;27m▅[48;2;232;230;235m[38;2;25;23;28m▅▅[48;2;228;224;229m[38;2;36;31;37m▅[48;2;213;208;214m[38;2;78;74;79m▅[48;2;29;24;28m[38;2;212;207;211m▅[48;2;26;22;25m[38;2;172;167;171m▁[48;2;4;2;7m[38;2;4;2;7m  [48;2;3;1;6m[38;2;3;1;6m  [48;2;1;1;1m[38;2;1;1;1m                    [0m
[48;2;1;1;1m[38;2;1;1;1m                    [48;2;1;1;3m[38;2;1;1;3m  [48;2;4;2;5m[38;2;1;0;2m▆[48;2;12;10;13m[38;2;123;121;124m▁[48;2;233;231;234m[38;2;107;105;108m▎[48;2;248;247;249m[38;2;0;0;0m [48;2;250;250;252m[38;2;250;250;252m  [48;2;61;57;60m[38;2;232;228;232m▅[48;2;26;22;25m[38;2;0;0;0m [48;2;29;25;30m[38;2;197;192;197m▅[48;2;16;12;17m[38;2;59;54;60m▎[48;2;31;29;32m[38;2;213;212;214m▅[48;2;242;241;243m[38;2;0;0;0m [48;2;255;255;255m[38;2;251;251;253m▖[48;2;245;245;247m[38;2;224;224;226m▝[48;2;32;27;31m[38;2;220;215;219m▅[48;2;24;20;23m[38;2;158;153;157m▁[48;2;3;1;4m[38;2;3;1;4m  [48;2;1;1;1m[38;2;1;1;1m                    [0m
[48;2;1;1;1m[38;2;1;1;1m                    [48;2;2;0;3m[38;2;2;0;3m  [48;2;14;9;13m[38;2;8;3;7m┃[48;2;234;229;233m[38;2;96;91;95m▎[48;2;250;250;252m[38;2;250;250;252m  [48;2;244;243;245m[38;2;68;66;69m▁[48;2;237;235;238m[38;2;41;39;42m▁[48;2;228;222;224m[38;2;92;87;88m▅[48;2;61;55;57m[38;2;215;210;212m▅[48;2;219;215;220m[38;2;101;96;102m▁[48;2;48;44;49m[38;2;108;103;109m▎[48;2;249;249;250m[38;2;206;206;208m▎[48;2;241;241;243m[38;2;253;253;254m┃[48;2;250;250;252m[38;2;250;250;252m  [48;2;250;250;251m[38;2;0;0;0m [48;2;249;249;250m[38;2;211;211;213m▝[48;2;43;38;42m[38;2;213;208;212m▅[48;2;14;10;13m[38;2;121;116;120m▂[48;2;1;1;1m[38;2;1;1;1m                    [0m
[48;2;1;1;1m[38;2;1;1;1m                    [48;2;2;0;3m[38;2;2;0;3m  [48;2;76;74;77m[38;2;202;200;203m┏[48;2;230;228;230m[38;2;0;0;0m [48;2;250;250;252m[38;2;250;250;252m  [48;2;61;60;62m[38;2;236;234;236m▅[48;2;36;34;37m[38;2;239;237;240m▅[48;2;222;218;221m[38;2;83;78;82m▁[48;2;221;216;220m[38;2;38;33;37m▅[48;2;19;14;18m[38;2;0;0;0m [48;2;201;196;200m[38;2;24;19;23m▅[48;2;230;228;231m[38;2;65;63;66m▁[48;2;243;241;243m[38;2;0;0;0m [48;2;250;250;252m[38;2;250;250;252m    [48;2;237;237;239m[38;2;252;252;253m▊[48;2;194;194;196m[38;2;244;244;246m▊[48;2;23;21;22m[38;2;168;166;167m▁[48;2;1;0;0m[38;2;8;6;7m▄[48;2;1;1;1m[38;2;1;1;1m                  [0m
[48;2;1;1;1m[38;2;1;1;1m                  [48;2;1;1;3m[38;2;1;1;3m  [48;2;2;0;3m[38;2;2;0;3m  [48;2;231;229;232m[38;2;83;81;84m▎[48;2;254;252;254m[38;2;242;240;243m┃[48;2;250;250;252m[38;2;250;250;252m  [48;2;249;249;251m[38;2;249;249;251m  [48;2;10;8;11m[38;2;101;99;102m▎[48;2;3;1;4m[38;2;12;10;13m│[48;2;3;1;6m[38;2;3;1;6m  [48;2;3;0;4m[38;2;13;8;14m▄[48;2;205;200;206m[38;2;29;24;30m▅[48;2;232;231;233m[38;2;55;53;56m▁[48;2;242;240;243m[38;2;0;0;0m [48;2;250;250;252m[38;2;250;250;252m    [48;2;149;145;146m[38;2;245;242;243m▊[48;2;3;0;0m[38;2;50;46;47m▎[48;2;1;1;1m[38;2;1;1;1m                  [0m
[48;2;1;1;1m[38;2;1;1;1m                  [48;2;2;0;3m[38;2;2;0;3m  [48;2;6;4;7m[38;2;0;0;0m [48;2;80;78;80m[38;2;215;213;216m┏[48;2;248;248;249m[38;2;177;177;179m▘[48;2;251;251;252m[38;2;237;237;239m▘[48;2;250;250;252m[38;2;250;250;252m  [48;2;246;244;247m[38;2;244;242;244m▄[48;2;166;164;167m[38;2;25;23;26m┏[48;2;15;14;18m[38;2;0;0;0m [48;2;3;2;6m[38;2;19;17;22m╵[48;2;3;1;6m[38;2;3;1;6m    [48;2;51;46;50m[38;2;8;4;7m▊[48;2;236;233;236m[38;2;95;90;94m▂[48;2;249;249;251m[38;2;249;249;251m  [48;2;250;250;252m[38;2;250;250;252m  [48;2;158;154;155m[38;2;244;240;241m▊[48;2;3;0;0m[38;2;59;55;56m▎[48;2;1;1;1m[38;2;1;1;1m                  [0m
[48;2;4;2;10m[38;2;23;2;126m▂▂▂▂▂▂▂▂▂▂▂▂▂▂▂▂▂▂[48;2;5;3;12m[38;2;24;2;129m▂▂[48;2;6;4;10m[38;2;23;3;122m▂[48;2;235;232;235m[38;2;86;81;99m▎[48;2;250;250;252m[38;2;250;250;252m    [48;2;247;244;249m[38;2;238;236;235m▎[48;2;19;14;46m[38;2;139;134;154m▎[48;2;5;3;12m[38;2;24;2;129m▂▂▂▂▂▂[48;2;8;3;12m[38;2;33;8;135m▂[48;2;27;21;31m[38;2;36;14;138m▂[48;2;234;233;235m[38;2;108;92;189m▂[48;2;246;245;243m[38;2;0;0;0m [48;2;250;250;252m[38;2;250;250;252m  [48;2;165;158;174m[38;2;249;245;244m▊[48;2;16;12;16m[38;2;24;8;120m▂[48;2;4;2;10m[38;2;23;2;126m▂▂▂▂▂▂▂▂▂▂▂▂▂▂▂▂▂▂[0m
[48;2;38;3;183m[38;2;38;3;183m                    [48;2;38;9;176m[38;2;36;3;199m┃[48;2;233;230;237m[38;2;101;85;174m▎[48;2;250;250;252m[38;2;250;250;252m    [48;2;244;237;254m[38;2;80;58;180m▆[48;2;45;16;185m[38;2;0;0;0m [48;2;38;3;183m[38;2;38;3;183m        [48;2;88;70;169m[38;2;38;7;188m▊[48;2;252;251;247m[38;2;204;198;224m▎[48;2;250;250;252m[38;2;250;250;252m  [48;2;184;173;229m[38;2;246;244;245m▊[48;2;30;3;182m[38;2;67;45;172m▎[48;2;38;3;183m[38;2;38;3;183m                  [0m
[48;2;38;3;183m[38;2;38;3;183m                    [48;2;38;9;176m[38;2;36;3;199m┃[48;2;233;230;237m[38;2;101;85;174m▎[48;2;250;250;252m[38;2;250;250;252m  [48;2;251;251;253m[38;2;251;251;253m  [48;2;42;9;180m[38;2;174;158;221m▎[48;2;37;5;190m[38;2;35;4;159m▎[48;2;38;3;183m[38;2;38;3;183m      [48;2;39;4;184m[38;2;39;4;184m  [48;2;57;33;178m[38;2;210;205;225m▂[48;2;249;248;245m[38;2;223;216;249m▎[48;2;250;250;252m[38;2;250;250;252m  [48;2;184;173;229m[38;2;246;244;245m▊[48;2;30;3;182m[38;2;67;45;172m▎[48;2;38;3;183m[38;2;38;3;183m                  [0m
[48;2;38;3;185m[38;2;38;3;185m                    [48;2;38;9;176m[38;2;36;3;199m┃[48;2;233;230;237m[38;2;101;85;174m▎[48;2;250;250;252m[38;2;250;250;252m    [48;2;42;9;180m[38;2;174;158;221m▎[48;2;37;5;190m[38;2;35;4;159m▎[48;2;38;3;185m[38;2;38;3;185m      [48;2;36;2;177m[38;2;44;10;185m┃[48;2;61;27;202m[38;2;30;0;171m▌[48;2;243;243;245m[38;2;239;239;241m▌[48;2;254;254;255m[38;2;250;250;252m▌[48;2;252;251;255m[38;2;255;254;255m┃[48;2;194;193;198m[38;2;244;243;247m▊[48;2;198;186;225m[38;2;47;18;178m▆[48;2;40;7;185m[38;2;0;0;0m [48;2;38;3;185m[38;2;38;3;185m                  [0m
[48;2;38;3;185m[38;2;38;3;185m                    [48;2;38;9;176m[38;2;36;3;199m┃[48;2;233;230;237m[38;2;101;85;174m▎[48;2;250;250;252m[38;2;250;250;252m    [48;2;42;9;180m[38;2;174;158;221m▎[48;2;37;5;190m[38;2;35;4;159m▎[48;2;38;3;185m[38;2;38;3;185m      [48;2;42;4;165m[38;2;43;7;199m▖[48;2;60;35;174m[38;2;193;64;110m▆[48;2;245;225;222m[38;2;208;90;120m▆[48;2;245;228;226m[38;2;194;74;104m▂[48;2;224;220;236m[38;2;52;28;184m▂[48;2;201;196;215m[38;2;47;22;180m▆[48;2;39;4;184m[38;2;39;4;184m  [48;2;38;3;185m[38;2;38;3;185m                  [0m
[48;2;38;3;185m[38;2;38;3;185m                    [48;2;40;6;181m[38;2;37;4;181m▄[48;2;165;151;209m[38;2;40;8;189m▆[48;2;233;233;232m[38;2;136;124;192m▎[48;2;247;245;248m[38;2;0;0;0m [48;2;245;244;248m [48;2;233;232;233m[38;2;94;74;199m▂[48;2;35;7;181m[38;2;125;101;211m▎[48;2;44;10;192m[38;2;37;5;167m▃[48;2;38;3;185m[38;2;38;3;185m      [48;2;35;4;190m[38;2;55;14;176m▝[48;2;153;56;123m[38;2;39;7;169m▆[48;2;196;62;105m[38;2;55;26;150m▂[48;2;189;79;88m[38;2;224;64;109m▌[48;2;43;7;176m[38;2;186;63;91m▂▂[48;2;38;3;183m[38;2;38;3;183m  [48;2;38;3;185m[38;2;38;3;185m                  [0m
[48;2;38;3;185m[38;2;38;3;185m                  [48;2;36;0;189m[38;2;36;4;165m▗[48;2;36;3;169m[38;2;36;23;64m▂[48;2;53;16;148m[38;2;178;56;71m▁[48;2;105;37;154m[38;2;192;63;105m▅[48;2;197;170;179m[38;2;214;74;100m▆[48;2;230;203;212m[38;2;218;78;104m▆[48;2;223;213;209m[38;2;146;53;73m▆[48;2;160;65;117m[38;2;55;13;24m▃[48;2;41;15;143m[38;2;21;14;24m▆[48;2;30;4;131m[38;2;11;5;14m▆[48;2;36;13;142m[38;2;5;3;13m▆▆▆▆[48;2;36;13;140m[38;2;5;3;12m▆▆▆▆[48;2;44;21;127m[38;2;8;4;9m▆[48;2;140;51;70m[38;2;16;4;14m▆[48;2;168;50;88m[38;2;8;6;4m▆▆[48;2;41;9;167m[38;2;20;9;43m▂[48;2;36;1;182m[38;2;33;2;155m▖[48;2;38;3;185m[38;2;38;3;185m                  [0m
[48;2;38;3;185m[38;2;38;3;185m                  [48;2;37;1;184m[38;2;37;3;172m▝[48;2;37;16;109m[38;2;37;3;178m▆[48;2;62;23;70m[38;2;36;2;176m▂[48;2;153;59;61m[38;2;26;8;83m▆[48;2;160;41;74m[38;2;25;10;81m▆▆[48;2;12;5;25m[38;2;43;11;182m▂▂[48;2;8;6;11m[38;2;30;5;149m▃▃[48;2;8;3;24m[38;2;39;10;180m▂▂▂▂[48;2;7;5;11m[38;2;29;4;148m▃▃[48;2;8;3;24m[38;2;39;10;180m▂▂[48;2;8;6;11m[38;2;30;5;149m▃▃[48;2;8;6;12m[38;2;31;5;151m▃▃[48;2;37;22;76m[38;2;37;2;182m▆[48;2;37;2;180m[38;2;37;5;162m▘[48;2;38;3;185m[38;2;38;3;185m                  [0m
[48;2;40;2;185m[38;2;40;2;185m                                                            [0m
[48;2;40;2;185m[38;2;40;2;185m                                                            [0m
