[48;2;1;1;1m[38;2;1;1;1m                                                            [0m
[48;2;1;1;1m[38;2;1;1;1m                                                            [0m
[48;2;1;1;1m[38;2;1;1;1m                                                            [0m
[48;2;1;1;1m[38;2;1;1;1m                                                            [0m
[48;2;1;1;1m[38;2;1;1;1m                            [48;2;1;1;3m[38;2;1;1;3m  [48;2;2;1;1m[38;2;12;10;11m▃▃[48;2;2;2;2m[38;2;2;2;2m  [48;2;1;1;1m[38;2;1;1;1m                          [0m
[48;2;1;1;1m[38;2;1;1;1m                        [48;2;1;1;3m[38;2;1;1;3m  [48;2;3;1;6m[38;2;3;1;6m  [48;2;3;0;2m[38;2;6;1;5m▄[48;2;40;36;39m[38;2;211;207;210m▃[48;2;116;114;117m[38;2;237;235;238m▇[48;2;137;135;138m[38;2;242;240;242m▇[48;2;121;119;122m[38;2;240;238;240m▇[48;2;28;26;29m[38;2;209;207;210m▄[48;2;7;5;8m[38;2;20;18;21m▖[48;2;6;4;7m[38;2;1;0;2m▅[48;2;1;1;1m[38;2;1;1;1m                        [0m
[48;2;1;1;1m[38;2;1;1;1m                        [48;2;3;1;6m[38;2;3;1;6m    [48;2;183;181;177m[38;2;39;31;29m▄[48;2;244;238;237m[38;2;178;80;108m▄[48;2;242;239;242m[38;2;216;89;110m▄▄[48;2;239;237;240m[38;2;251;249;252m┃[48;2;204;202;205m[38;2;248;246;248m▊[48;2;0;0;2m[38;2;35;35;37m▎[48;2;1;1;3m[38;2;8;8;10m┃[38;2;1;1;3m  [48;2;1;1;1m[38;2;1;1;1m                      [0m
[48;2;1;1;1m[38;2;1;1;1m                        [48;2;1;1;3m[38;2;1;1;3m  [48;2;4;2;7m[38;2;4;2;7m  [48;2;16;6;6m[38;2;0;0;0m [48;2;24;19;16m[38;2;169;55;89m▄[48;2;187;68;90m[38;2;221;63;98m▄[48;2;63;25;21m[38;2;187;67;90m▄[48;2;205;106;126m[38;2;202;72;91m▊[48;2;220;189;200m[38;2;251;247;251m┃[48;2;7;5;6m[38;2;50;48;49m▎[48;2;8;6;7m[38;2;27;25;26m▁[48;2;1;0;0m[38;2;6;4;5m▃▃[48;2;3;1;4m[38;2;3;1;4m    [48;2;1;1;3m[38;2;1;1;3m  [48;2;1;1;1m[38;2;1;1;1m                [0m
[48;2;1;1;1m[38;2;1;1;1m                    [48;2;2;2;4m[38;2;2;2;4m  [48;2;2;0;3m[38;2;2;0;3m  [48;2;7;6;8m[38;2;42;40;43m▁[48;2;12;10;13m[38;2;193;192;194m▄[48;2;22;21;23m[38;2;228;227;229m▄[48;2;144;142;145m[38;2;231;229;232m▇[48;2;182;169;169m[38;2;249;242;241m▇[48;2;207;105;135m[38;2;242;231;231m▄[48;2;218;80;105m[38;2;231;93;118m▖[48;2;213;75;100m[38;2;200;62;87m▗[48;2;217;85;108m[38;2;206;59;88m│[48;2;245;248;249m[38;2;241;200;208m▎[48;2;255;254;255m[38;2;243;241;246m▄▄[48;2;174;172;175m[38;2;245;243;246m▇[48;2;152;150;153m[38;2;240;238;241m▇[48;2;30;25;29m[38;2;205;200;204m▄[48;2;6;1;5m[38;2;3;0;2m▚[48;2;1;1;3m[38;2;1;1;3m  [48;2;3;1;6m[38;2;3;1;6m  [48;2;1;1;1m[38;2;1;1;1m                [0m
[48;2;1;1;1m[38;2;1;1;1m                [48;2;2;0;3m[38;2;2;0;3m      [48;2;4;2;5m[38;2;7;5;8m▗[48;2;2;1;3m[38;2;18;16;19m▃[48;2;232;230;232m[38;2;73;71;74m▎[48;2;252;251;253m[38;2;244;242;245m▎[48;2;250;250;252m[38;2;250;250;252m    [48;2;247;212;218m[38;2;240;248;248m▊[48;2;210;70;93m[38;2;231;134;153m▎[48;2;247;218;230m[38;2;213;79;102m▄[48;2;242;235;239m[38;2;208;98;114m▄[48;2;249;249;251m[38;2;249;249;251m  [48;2;250;250;252m[38;2;250;250;252m  [48;2;237;236;238m[38;2;0;0;0m [48;2;28;27;29m[38;2;210;208;211m▄[48;2;6;5;5m[38;2;26;24;25m▃[48;2;2;0;1m[38;2;1;0;0m▗[48;2;1;1;1m[38;2;1;1;1m                  [0m
[48;2;1;1;1m[38;2;1;1;1m            [48;2;1;1;3m[38;2;1;1;3m  [48;2;3;1;6m[38;2;3;1;6m      [48;2;1;0;2m[38;2;12;10;13m━[48;2;8;6;9m[38;2;77;75;78m▁[48;2;26;22;25m[38;2;197;193;196m▄[48;2;222;218;221m[38;2;0;0;0m [48;2;250;250;252m[38;2;250;250;252m      [48;2;248;243;241m[38;2;0;0;0m [48;2;211;111;140m[38;2;248;241;240m▄[48;2;202;99;129m[38;2;249;240;240m▄[48;2;246;238;237m[38;2;0;0;0m [48;2;250;250;252m[38;2;250;250;252m  [48;2;255;254;255m[38;2;241;239;242m━[48;2;245;243;246m[38;2;175;173;176m▁[48;2;248;247;249m[38;2;150;148;151m▁▁[48;2;151;146;150m[38;2;230;226;229m▊[48;2;8;4;7m[38;2;31;26;30m▎[48;2;1;1;1m[38;2;1;1;1m                  [0m
[48;2;1;1;1m[38;2;1;1;1m            [48;2;3;1;6m[38;2;3;1;6m    [48;2;1;1;3m[38;2;1;1;3m  [48;2;1;1;1m[38;2;1;1;1m  [48;2;11;9;12m[38;2;90;88;91m▁[48;2;225;223;226m▎[48;2;250;250;252m[38;2;250;250;252m  [48;2;244;242;244m[38;2;138;136;139m▁[48;2;220;219;221m[38;2;52;50;53m▄[48;2;229;227;229m[38;2;0;0;0m [48;2;238;236;239m[38;2;249;247;249m▊[48;2;250;250;252m[38;2;250;250;252m      [48;2;250;250;251m[38;2;241;241;243m┗[48;2;216;216;218m[38;2;248;248;249m▊[48;2;193;191;193m[38;2;18;16;19m▄[48;2;1;0;2m[38;2;15;13;16m▄[48;2;4;2;5m[38;2;4;2;5m  [48;2;2;2;2m[38;2;2;2;2m  [48;2;1;1;1m[38;2;1;1;1m                  [0m
[48;2;1;1;1m[38;2;1;1;1m            [48;2;1;1;3m[38;2;1;1;3m  [48;2;3;1;6m[38;2;3;1;6m  [48;2;1;1;1m[38;2;1;1;1m    [48;2;231;229;232m[38;2;105;103;106m▎[48;2;252;251;253m[38;2;237;235;238m│[48;2;247;244;247m[38;2;140;135;139m▁[48;2;245;241;244m[38;2;67;63;66m▅[48;2;1;0;4m[38;2;156;154;159m [48;2;11;9;14m[38;2;1;0;4m▊[48;2;239;237;240m[38;2;129;127;130m▎[48;2;254;252;254m[38;2;239;237;240m│[48;2;250;250;252m[38;2;250;250;252m      [48;2;246;245;247m[38;2;0;0;0m [48;2;226;225;227m[38;2;116;114;117m▁[48;2;1;0;2m[38;2;35;33;36m▎[38;2;8;6;9m┃[48;2;3;1;6m[38;2;3;1;6m  [48;2;1;1;1m[38;2;1;1;1m                    [0m
[48;2;1;1;1m[38;2;1;1;1m              [48;2;2;0;3m[38;2;2;0;3m  [48;2;1;1;3m[38;2;1;1;3m  [48;2;1;1;1m[38;2;1;1;1m  [48;2;226;214;218m[38;2;100;87;91m▎[48;2;244;241;243m[38;2;230;158;182m▁[48;2;21;17;18m[38;2;148;144;145m▎[48;2;3;0;0m[38;2;16;12;13m│[48;2;3;1;6m[38;2;3;1;6m  [48;2;196;191;195m[38;2;60;56;59m▅[48;2;230;226;229m[38;2;96;91;95m▁[48;2;249;249;251m[38;2;249;249;251m  [48;2;250;250;252m[38;2;250;250;252m  [48;2;249;249;251m[38;2;249;249;251m  [48;2;224;220;223m[38;2;125;120;124m▁[48;2;8;3;7m[38;2;3;0;2m│[48;2;3;1;6m[38;2;3;1;6m    [48;2;1;1;1m[38;2;1;1;1m                    [0m
[48;2;1;1;1m[38;2;1;1;1m                [48;2;1;1;3m[38;2;1;1;3m  [48;2;1;1;1m[38;2;1;1;1m  [48;2;185;61;85m[38;2;55;36;25m▎[48;2;206;64;94m[38;2;98;24;31m▁[48;2;16;4;7m[38;2;99;52;68m▎[48;2;20;9;13m[38;2;0;4;1m▊[48;2;3;0;2m[38;2;14;9;13m▃[48;2;26;22;25m[38;2;201;197;201m▅[48;2;230;226;230m[38;2;0;0;0m [48;2;39;34;38m[38;2;163;158;162m▎[48;2;206;202;206m[38;2;29;24;30m▅[48;2;232;228;233m[38;2;26;22;27m▅[48;2;232;230;235m[38;2;25;23;28m▅▅[48;2;228;224;229m[38;2;36;31;37m▅[48;2;213;208;214m[38;2;78;74;79m▅[48;2;29;24;28m[38;2;212;207;211m▅[48;2;26;22;25m[38;2;172;167;171m▁[48;2;4;2;7m[38;2;4;2;7m  [48;2;3;1;6m[38;2;3;1;6m  [48;2;1;1;1m[38;2;1;1;1m                    [0m
[48;2;1;1;1m[38;2;1;1;1m                    [48;2;1;1;3m[38;2;1;1;3m  [48;2;4;2;5m[38;2;1;0;2m▆[48;2;12;10;13m[38;2;123;121;124m▁[48;2;233;231;234m[38;2;107;105;108m▎[48;2;248;247;249m[38;2;0;0;0m [48;2;250;250;252m[38;2;250;250;252m  [48;2;60;54;58m[38;2;190;184;188m▅[48;2;33;28;31m[38;2;181;175;179m▁[48;2;27;23;26m[38;2;208;203;207m▅[48;2;14;10;13m[38;2;56;51;55m▎[48;2;31;29;32m[38;2;213;212;214m▅[48;2;242;241;243m[38;2;0;0;0m [48;2;255;255;255m[38;2;251;251;253m▄[48;2;187;187;189m[38;2;245;245;247m▊[48;2;25;20;24m[38;2;160;155;159m▁[48;2;3;0;2m[38;2;7;2;6m▄[48;2;2;0;3m[38;2;2;0;3m  [48;2;1;1;1m[38;2;1;1;1m                    [0m
[48;2;1;1;1m[38;2;1;1;1m                    [48;2;1;1;3m[38;2;1;1;3m  [48;2;19;15;18m[38;2;135;130;134m▁[48;2;235;231;234m[38;2;113;108;112m▎[48;2;245;245;247m[38;2;0;0;0m [48;2;239;239;240m[38;2;99;99;101m▁[48;2;233;230;233m[38;2;57;52;56m▁[48;2;224;219;223m[38;2;95;90;94m▅[48;2;63;58;62m[38;2;219;214;218m▅[48;2;222;217;221m[38;2;89;84;88m▁[48;2;219;213;217m[38;2;87;81;85m▅[48;2;62;56;60m[38;2;220;215;218m▅[48;2;248;248;250m[38;2;248;248;250m  [48;2;250;250;252m[38;2;250;250;252m  [48;2;236;235;237m[38;2;0;0;0m [48;2;43;41;44m[38;2;221;219;222m▅[48;2;20;18;21m[38;2;142;140;143m▁[48;2;5;3;6m[38;2;1;0;2m▇[48;2;1;1;1m[38;2;1;1;1m                    [0m
[48;2;1;1;1m[38;2;1;1;1m                    [48;2;2;0;3m[38;2;2;0;3m  [48;2;230;229;234m[38;2;82;81;86m▎[48;2;253;252;255m[38;2;241;240;245m┃[48;2;253;251;254m[38;2;255;254;255m┣[48;2;76;74;77m[38;2;237;235;237m▅[48;2;36;35;37m[38;2;238;237;239m▅[48;2;236;234;237m[38;2;0;0;0m [48;2;232;227;231m[38;2;96;91;95m▁[48;2;15;11;14m[38;2;93;89;92m▎[48;2;192;187;191m[38;2;25;21;24m▅[48;2;226;222;225m[38;2;71;66;70m▁[48;2;249;249;251m[38;2;249;249;251m  [48;2;250;250;252m[38;2;250;250;252m    [48;2;191;186;190m[38;2;243;239;242m▊[48;2;24;20;23m[38;2;125;120;124m▂[48;2;1;1;1m[38;2;1;1;1m                    [0m
[48;2;1;1;1m[38;2;1;1;1m                  [48;2;1;1;3m[38;2;1;1;3m  [48;2;2;0;3m[38;2;2;0;3m  [48;2;231;229;232m[38;2;83;81;84m▎[48;2;254;252;254m[38;2;242;240;243m┃[48;2;250;250;252m[38;2;250;250;252m  [48;2;249;249;251m[38;2;249;249;251m  [48;2;10;8;11m[38;2;101;99;102m▎[48;2;3;1;4m[38;2;12;10;13m│[48;2;5;3;8m[38;2;5;3;8m  [48;2;211;206;210m[38;2;24;20;23m▅[48;2;224;220;223m[38;2;56;51;55m▁[48;2;249;249;251m[38;2;249;249;251m  [48;2;250;250;252m[38;2;250;250;252m  [48;2;242;242;244m[38;2;254;254;255m┃[48;2;183;183;185m[38;2;245;245;247m▊[48;2;4;2;5m[38;2;20;18;21m▌[48;2;7;5;8m[38;2;1;0;2m▊[48;2;1;1;1m[38;2;1;1;1m                  [0m
[48;2;1;1;1m[38;2;1;1;1m                  [48;2;2;0;3m[38;2;2;0;3m  [48;2;1;1;3m[38;2;1;1;3m  [48;2;231;229;232m[38;2;83;81;84m▎[48;2;254;252;254m[38;2;242;240;243m┃[48;2;250;250;252m[38;2;250;250;252m  [48;2;246;244;246m[38;2;0;0;0m [48;2;232;230;233m[38;2;58;56;59m▁[48;2;12;11;13m[38;2;88;86;89m▎[48;2;1;0;2m[38;2;10;8;11m▗[48;2;3;1;6m[38;2;3;1;6m  [48;2;12;10;15m[38;2;1;0;4m┃[48;2;47;45;50m[38;2;4;3;7m▊[48;2;238;236;238m[38;2;88;86;89m▂[48;2;244;242;245m[38;2;0;0;0m [48;2;250;250;252m[38;2;250;250;252m  [48;2;253;253;254m[38;2;246;246;248m▃[48;2;244;244;246m[38;2;231;231;233m▝[48;2;43;38;42m[38;2;219;214;218m▅[48;2;8;3;7m[38;2;3;0;2m┣[48;2;1;1;1m[38;2;1;1;1m                  [0m
[48;2;4;2;10m[38;2;23;2;126m▂▂▂▂▂▂▂▂▂▂▂▂▂▂▂▂▂▂[48;2;5;3;12m[38;2;24;2;129m▂▂[48;2;6;4;21m[38;2;40;14;164m▁[48;2;47;46;48m[38;2;189;185;202m▅[48;2;231;231;232m[38;2;0;0;0m [48;2;251;251;252m[38;2;240;240;241m┛[48;2;250;250;252m[38;2;250;250;252m  [48;2;247;244;249m[38;2;238;236;235m▎[48;2;19;14;46m[38;2;139;134;154m▎[48;2;5;3;12m[38;2;24;2;129m▂▂▂▂▂▂[48;2;27;21;31m[38;2;27;14;108m▂[48;2;253;249;248m[38;2;196;189;205m▎[48;2;250;250;252m[38;2;250;250;252m    [48;2;165;158;174m[38;2;249;245;244m▊[48;2;16;12;16m[38;2;24;8;120m▂[48;2;4;2;10m[38;2;23;2;126m▂▂▂▂▂▂▂▂▂▂▂▂▂▂▂▂▂▂[0m
[48;2;38;3;183m[38;2;38;3;183m                    [48;2;38;9;176m[38;2;36;3;199m┃[48;2;233;230;237m[38;2;101;85;174m▎[48;2;250;250;252m[38;2;250;250;252m    [48;2;252;250;251m[38;2;249;250;236m▎[48;2;36;6;187m[38;2;133;120;190m▎[48;2;38;3;183m[38;2;38;3;183m      [48;2;50;19;192m[38;2;34;8;166m┳[48;2;234;227;243m[38;2;59;33;185m▆[48;2;248;248;250m[38;2;248;248;250m  [48;2;250;250;252m[38;2;250;250;252m  [48;2;184;173;229m[38;2;246;244;245m▊[48;2;30;3;182m[38;2;67;45;172m▎[48;2;38;3;183m[38;2;38;3;183m                  [0m
[48;2;38;3;183m[38;2;38;3;183m                    [48;2;38;9;176m[38;2;36;3;199m┃[48;2;233;230;237m[38;2;101;85;174m▎[48;2;250;250;252m[38;2;250;250;252m    [48;2;233;226;248m[38;2;82;60;183m▆[48;2;43;14;184m[38;2;0;0;0m [48;2;38;3;183m[38;2;38;3;183m      [48;2;38;9;177m[38;2;57;23;204m│[48;2;54;25;181m[38;2;204;195;227m▂[48;2;247;247;249m[38;2;247;247;249m  [48;2;250;250;252m[38;2;250;250;252m  [48;2;184;173;229m[38;2;246;244;245m▊[48;2;30;3;182m[38;2;67;45;172m▎[48;2;38;3;183m[38;2;38;3;183m                  [0m
[48;2;38;3;185m[38;2;38;3;185m                    [48;2;38;9;176m[38;2;36;3;199m┃[48;2;233;230;237m[38;2;101;85;174m▎[48;2;250;250;252m[38;2;250;250;252m    [48;2;42;9;180m[38;2;174;158;221m▎[48;2;37;5;190m[38;2;35;4;159m▎[48;2;38;3;185m[38;2;38;3;185m      [48;2;85;64;185m[38;2;35;5;181m▊[48;2;250;250;244m[38;2;201;191;241m▎[48;2;250;250;252m[38;2;250;250;252m  [48;2;252;251;255m[38;2;255;254;255m┃[48;2;194;193;198m[38;2;244;243;247m▊[48;2;198;186;225m[38;2;47;18;178m▆[48;2;40;7;185m[38;2;0;0;0m [48;2;38;3;185m[38;2;38;3;185m                  [0m
[48;2;38;3;185m[38;2;38;3;185m                    [48;2;38;9;176m[38;2;36;3;199m┃[48;2;233;230;237m[38;2;101;85;174m▎[48;2;250;250;252m[38;2;250;250;252m    [48;2;42;9;180m[38;2;174;158;221m▎[48;2;37;5;190m[38;2;35;4;159m▎[48;2;38;3;185m[38;2;38;3;185m    [48;2;38;3;183m[38;2;38;3;183m  [48;2;56;12;174m[38;2;185;65;115m▂[48;2;223;203;220m[38;2;204;89;111m▆[48;2;235;234;234m[38;2;221;97;137m▂[48;2;243;238;238m[38;2;0;0;0m [48;2;226;221;239m[38;2;54;30;188m▂[48;2;198;193;215m[38;2;45;21;180m▆[48;2;39;4;184m[38;2;39;4;184m  [48;2;38;3;185m[38;2;38;3;185m                  [0m
[48;2;38;3;185m[38;2;38;3;185m                    [48;2;40;6;181m[38;2;37;4;181m▄[48;2;165;151;209m[38;2;40;8;189m▆[48;2;233;233;232m[38;2;136;124;192m▎[48;2;247;245;248m[38;2;0;0;0m [48;2;245;244;248m [48;2;233;232;233m[38;2;94;74;199m▂[48;2;35;7;181m[38;2;125;101;211m▎[48;2;44;10;192m[38;2;37;5;167m▃[48;2;38;3;185m[38;2;38;3;185m    [48;2;39;4;184m[38;2;39;4;184m  [48;2;189;72;107m[38;2;63;11;161m▂[48;2;223;73;99m[38;2;178;58;115m▖[48;2;191;71;125m[38;2;223;76;108m▊[48;2;192;191;194m[38;2;98;41;135m▆[48;2;39;4;184m[38;2;39;4;184m  [48;2;38;3;185m[38;2;38;3;185m                    [0m
[48;2;38;3;185m[38;2;38;3;185m                  [48;2;39;4;191m[38;2;29;4;167m▗[48;2;69;21;107m[38;2;158;62;112m━[48;2;72;36;141m[38;2;195;61;89m▆[48;2;69;33;138m[38;2;212;77;105m▆[48;2;197;170;179m[38;2;214;74;100m▆[48;2;230;203;212m[38;2;218;78;104m▆[48;2;239;200;214m[38;2;214;73;96m▆[48;2;70;58;163m[38;2;40;20;31m▆[48;2;36;13;140m[38;2;5;3;12m▆▆[48;2;36;13;142m[38;2;5;3;13m▆▆▆▆[48;2;36;13;140m[38;2;5;3;12m▆▆[48;2;50;29;136m[38;2;5;3;11m▆[48;2;132;44;65m[38;2;14;7;16m▆[48;2;198;64;91m[38;2;56;21;18m▂[48;2;208;67;96m[38;2;173;70;87m▝[48;2;34;18;84m[38;2;174;47;74m▂[48;2;44;11;160m[38;2;31;11;41m▂[48;2;39;4;184m[38;2;39;4;184m  [48;2;38;3;185m[38;2;38;3;185m                  [0m
[48;2;38;3;185m[38;2;38;3;185m                  [48;2;37;1;184m[38;2;37;3;172m▝[48;2;37;16;109m[38;2;37;3;178m▆[48;2;64;24;59m[38;2;42;7;159m▃[48;2;153;58;68m[38;2;26;9;82m▆[48;2;160;41;74m[38;2;25;10;81m▆▆[48;2;137;45;73m[38;2;27;7;82m▆[48;2;21;10;29m[38;2;46;13;182m▂[48;2;8;6;11m[38;2;30;5;149m▃▃[48;2;8;3;24m[38;2;39;10;180m▂▂▂▂[48;2;7;5;11m[38;2;29;4;148m▃▃[48;2;8;3;24m[38;2;39;10;180m▂▂[48;2;19;10;27m[38;2;44;14;179m▂[48;2;135;45;70m[38;2;26;7;80m▆[48;2;132;44;62m[38;2;29;10;98m▆[48;2;40;25;86m[38;2;39;8;169m▆[48;2;38;3;185m[38;2;38;3;185m                    [0m
[48;2;40;2;185m[38;2;40;2;185m                                                            [0m
[48;2;40;2;185m[38;2;40;2;185m                                                            [0m
