[48;2;1;1;1m[38;2;1;1;1m                                                            [0m
[48;2;1;1;1m[38;2;1;1;1m                                                            [0m
[48;2;1;1;1m[38;2;1;1;1m                                                            [0m
[48;2;1;1;1m[38;2;1;1;1m                                                            [0m
[48;2;1;1;1m[38;2;1;1;1m                            [48;2;1;1;3m[38;2;1;1;3m  [48;2;1;1;1m[38;2;1;1;1m                              [0m
[48;2;1;1;1m[38;2;1;1;1m                        [48;2;1;1;3m[38;2;1;1;3m  [48;2;3;1;4m[38;2;3;1;4m  [48;2;1;1;3m[38;2;1;1;3m  [48;2;16;12;13m[38;2;0;0;0m [48;2;35;31;32m[38;2;212;209;210m▃[48;2;10;9;11m[38;2;221;219;222m▄[48;2;32;31;33m[38;2;230;229;231m▃[48;2;6;4;7m[38;2;25;23;26m▃[48;2;1;0;2m[38;2;2;0;3m▖[48;2;1;1;1m[38;2;1;1;1m                        [0m
[48;2;1;1;1m[38;2;1;1;1m                        [48;2;3;1;6m[38;2;3;1;6m    [48;2;9;7;10m[38;2;1;0;2m┓[48;2;40;38;41m[38;2;200;199;201m▃[48;2;163;161;164m[38;2;231;229;232m▇[48;2;244;242;244m[38;2;0;0;0m [48;2;249;249;251m[38;2;249;249;251m  [48;2;166;164;167m[38;2;231;229;232m▊[48;2;7;6;8m[38;2;46;44;47m▎[48;2;1;1;3m[38;2;1;1;3m  [48;2;1;1;1m[38;2;1;1;1m                      [0m
[48;2;1;1;1m[38;2;1;1;1m                        [48;2;1;1;3m[38;2;1;1;3m  [48;2;3;1;6m[38;2;3;1;6m  [48;2;4;2;5m[38;2;0;0;0m [48;2;70;68;71m[38;2;10;8;11m▇[48;2;186;87;107m[38;2;34;13;10m▄[48;2;215;140;152m[38;2;200;61;94m▇[48;2;204;93;120m[38;2;36;12;12m▄[48;2;245;227;225m[38;2;199;87;115m▄[48;2;192;187;191m[38;2;246;242;245m▊[48;2;5;1;4m[38;2;56;51;55m▎[48;2;1;1;3m[38;2;1;1;3m  [48;2;3;1;4m[38;2;3;1;4m    [48;2;1;1;3m[38;2;1;1;3m  [48;2;1;1;1m[38;2;1;1;1m                [0m
[48;2;1;1;1m[38;2;1;1;1m                    [48;2;2;2;4m[38;2;2;2;4m  [48;2;2;0;3m[38;2;2;0;3m  [48;2;1;1;3m[38;2;1;1;3m  [48;2;1;1;1m[38;2;1;1;1m  [48;2;4;3;5m[38;2;45;43;46m▁▁[48;2;220;80;107m[38;2;163;62;76m▌[48;2;211;64;93m[38;2;219;85;110m▝[48;2;214;74;100m[38;2;214;74;100m  [48;2;233;231;234m[38;2;0;0;0m [48;2;38;36;39m[38;2;229;227;230m▄[48;2;18;17;19m[38;2;231;229;232m▄▄[48;2;14;12;15m[38;2;210;208;211m▄[48;2;19;17;20m[38;2;0;0;0m [48;2;1;1;3m[38;2;1;1;3m  [48;2;3;1;6m[38;2;3;1;6m  [48;2;1;1;1m[38;2;1;1;1m                [0m
[48;2;1;1;1m[38;2;1;1;1m                [48;2;2;0;3m[38;2;2;0;3m      [48;2;1;1;3m[38;2;1;1;3m  [48;2;3;3;3m[38;2;6;6;6m▗[48;2;1;1;1m[38;2;17;17;17m▃[48;2;19;17;20m[38;2;201;199;201m▄[48;2;21;20;22m[38;2;232;231;233m▄[48;2;242;240;243m[38;2;178;176;179m▘[48;2;205;203;206m[38;2;247;245;247m▇[48;2;249;243;241m[38;2;0;0;0m [48;2;195;93;123m[38;2;246;236;236m▄[48;2;217;67;102m[38;2;209;109;127m▄[48;2;209;85;111m[38;2;247;224;218m▄[48;2;249;249;251m[38;2;249;249;251m  [48;2;250;250;252m[38;2;250;250;252m  [48;2;250;248;250m[38;2;237;235;238m▘[48;2;245;243;246m[38;2;207;205;208m▝[48;2;27;25;28m[38;2;213;211;214m▄[48;2;17;16;18m[38;2;0;0;0m [48;2;1;1;1m[38;2;1;1;1m                  [0m
[48;2;1;1;1m[38;2;1;1;1m            [48;2;1;1;3m[38;2;1;1;3m  [48;2;3;1;6m[38;2;3;1;6m      [48;2;1;1;3m[38;2;1;1;3m  [48;2;1;1;1m[38;2;1;1;1m  [48;2;1;0;2m[38;2;26;24;27m▄[48;2;234;232;235m[38;2;111;109;112m▎[48;2;250;250;252m[38;2;250;250;252m    [48;2;249;249;251m[38;2;249;249;251m  [48;2;241;232;236m[38;2;215;79;103m▄▄[48;2;231;234;230m[38;2;209;95;129m▄[48;2;250;242;241m[38;2;0;0;0m [48;2;250;250;252m[38;2;250;250;252m  [48;2;247;245;248m[38;2;156;154;157m▁▁[48;2;249;245;248m[38;2;156;151;155m▁[48;2;151;146;150m[38;2;227;222;226m▊[48;2;3;3;3m[38;2;3;3;3m  [48;2;1;1;1m[38;2;1;1;1m                [0m
[48;2;1;1;1m[38;2;1;1;1m            [48;2;3;1;6m[38;2;3;1;6m    [48;2;1;1;3m[38;2;1;1;3m  [48;2;1;1;1m[38;2;1;1;1m    [48;2;6;6;8m[38;2;0;0;2m▄[38;2;93;93;95m▁[48;2;232;230;233m[38;2;106;104;107m▎[48;2;249;247;250m[38;2;255;254;255m▌[48;2;250;250;252m[38;2;250;250;252m    [48;2;249;249;251m[38;2;249;249;251m  [48;2;219;95;117m[38;2;244;246;249m▄▄[48;2;248;248;250m[38;2;248;248;250m  [48;2;247;245;247m[38;2;229;227;230m╸[48;2;213;211;214m[38;2;0;0;0m [48;2;5;3;6m[38;2;22;20;23m▌[48;2;9;7;10m[38;2;1;0;2m▊[48;2;4;2;3m[38;2;4;2;3m  [48;2;1;1;1m[38;2;1;1;1m                  [0m
[48;2;1;1;1m[38;2;1;1;1m            [48;2;1;1;3m[38;2;1;1;3m  [48;2;3;1;6m[38;2;3;1;6m  [48;2;1;1;1m[38;2;1;1;1m      [48;2;44;42;45m[38;2;185;183;186m▄[48;2;222;220;223m[38;2;0;0;0m [48;2;246;245;247m [48;2;245;243;245m[38;2;146;144;147m▁[48;2;237;234;237m[38;2;61;56;60m▅[48;2;246;242;245m[38;2;185;180;184m▎[48;2;250;250;252m[38;2;250;250;252m        [48;2;175;170;174m[38;2;246;242;246m▊[48;2;6;2;5m[38;2;52;47;51m▎[48;2;3;1;6m[38;2;3;1;6m  [48;2;1;1;1m[38;2;1;1;1m                    [0m
[48;2;1;1;1m[38;2;1;1;1m              [48;2;2;0;3m[38;2;2;0;3m  [48;2;1;1;3m[38;2;1;1;3m  [48;2;1;1;1m[38;2;1;1;1m  [48;2;1;0;0m[38;2;10;8;9m▄[48;2;67;65;66m[38;2;203;201;202m┏[48;2;225;225;227m[38;2;0;0;0m [48;2;236;236;238m[38;2;248;248;249m▊[48;2;241;237;240m[38;2;139;134;138m▁[48;2;21;17;20m[38;2;150;145;149m▎[48;2;32;30;33m[38;2;1;0;2m▊[48;2;215;214;216m[38;2;115;113;116m▎[48;2;249;249;251m[38;2;249;249;251m  [48;2;250;250;252m[38;2;250;250;252m    [48;2;249;249;251m[38;2;240;240;242m┗[48;2;215;215;217m[38;2;247;247;248m▊[48;2;209;204;210m[38;2;28;23;29m▅[48;2;14;10;15m[38;2;0;0;0m [48;2;3;1;6m[38;2;3;1;6m  [48;2;1;1;1m[38;2;1;1;1m                    [0m
[48;2;1;1;1m[38;2;1;1;1m                [48;2;1;1;3m[38;2;1;1;3m  [48;2;1;1;1m[38;2;1;1;1m  [48;2;74;72;75m[38;2;196;194;197m┏[48;2;225;223;226m[38;2;0;0;0m [48;2;242;239;242m[38;2;133;128;132m▁[48;2;232;227;231m[38;2;61;57;60m▅[48;2;23;21;24m[38;2;0;0;0m [48;2;1;0;2m[38;2;10;8;11m▎[48;2;19;14;18m[38;2;158;153;157m▁[48;2;22;18;21m[38;2;208;204;207m▅[48;2;198;194;197m[38;2;63;59;62m▅[48;2;220;216;220m[38;2;77;72;76m▁[48;2;242;239;240m[38;2;78;74;75m▁▁▁▁[48;2;231;227;230m[38;2;87;82;86m▁[48;2;220;215;219m[38;2;72;68;71m▅[48;2;5;3;8m[38;2;5;3;8m  [48;2;3;1;6m[38;2;3;1;6m  [48;2;1;1;1m[38;2;1;1;1m                    [0m
[48;2;1;1;1m[38;2;1;1;1m                  [48;2;14;8;7m[38;2;121;47;70m▁[48;2;78;66;68m[38;2;223;203;208m▗[48;2;228;223;227m[38;2;0;0;0m [48;2;237;233;237m[38;2;113;108;112m▁[48;2;23;22;22m[38;2;127;125;126m▎[48;2;1;0;0m[38;2;4;2;3m▎[38;2;7;5;6m━[38;2;5;3;4m▃[48;2;239;237;239m[38;2;131;129;132m▎[48;2;255;254;255m[38;2;254;252;255m▄[48;2;54;49;53m[38;2;233;229;232m▅[48;2;30;26;29m[38;2;175;170;174m▁[48;2;1;0;2m[38;2;18;16;19m▁[48;2;17;15;18m[38;2;134;132;135m▁[48;2;9;7;10m[38;2;0;0;0m [48;2;23;22;24m[38;2;157;155;158m▁[48;2;51;46;50m[38;2;226;222;225m▅[48;2;183;178;182m[38;2;240;236;239m▊[48;2;25;20;24m[38;2;160;155;159m▁[48;2;3;0;2m[38;2;7;2;6m▄[48;2;2;0;3m[38;2;2;0;3m  [48;2;1;1;1m[38;2;1;1;1m                    [0m
[48;2;1;1;1m[38;2;1;1;1m                  [48;2;168;57;77m[38;2;57;21;16m▎[48;2;209;67;97m[38;2;63;32;24m▁[48;2;205;179;186m[38;2;56;30;36m▅[48;2;32;21;22m[38;2;0;0;0m [48;2;1;1;3m[38;2;1;1;3m  [48;2;74;69;73m[38;2;217;213;216m┏[48;2;235;231;235m[38;2;0;0;0m [48;2;244;243;245m[38;2;68;66;69m▁[48;2;237;235;238m[38;2;41;39;42m▁[48;2;226;221;225m[38;2;85;79;83m▅[48;2;222;218;221m[38;2;75;70;73m▅[48;2;56;51;55m[38;2;216;212;215m▅[48;2;222;217;221m[38;2;81;76;80m▁[48;2;44;41;41m[38;2;160;156;157m▁[48;2;250;247;248m[38;2;179;175;176m▎[48;2;250;250;252m[38;2;250;250;252m  [48;2;174;172;175m[38;2;246;244;246m▊[48;2;5;3;6m[38;2;51;49;52m▎[48;2;1;1;3m[38;2;1;1;3m  [48;2;1;1;1m[38;2;1;1;1m                    [0m
[48;2;1;1;1m[38;2;1;1;1m                    [48;2;2;0;3m[38;2;2;0;3m  [48;2;6;4;5m[38;2;0;0;0m [48;2;12;11;11m[38;2;152;150;151m▁[48;2;231;229;232m[38;2;118;116;119m▎[48;2;255;254;255m[38;2;251;249;252m▄[48;2;56;54;57m[38;2;238;236;239m▅[48;2;42;40;43m[38;2;237;235;238m▅[48;2;234;230;233m[38;2;0;0;0m [48;2;231;226;230m[38;2;99;94;98m▅[48;2;213;208;212m[38;2;33;28;32m▅[48;2;57;52;56m[38;2;220;216;219m▅[48;2;247;247;249m[38;2;247;247;249m  [48;2;250;250;252m[38;2;250;250;252m  [48;2;242;241;243m[38;2;0;0;0m [48;2;40;38;41m[38;2;214;213;215m▅[48;2;4;2;5m[38;2;4;2;5m  [48;2;1;1;1m[38;2;1;1;1m                    [0m
[48;2;1;1;1m[38;2;1;1;1m                  [48;2;1;1;3m[38;2;1;1;3m  [48;2;2;0;3m[38;2;2;0;3m  [48;2;13;9;10m[38;2;7;3;4m┃[48;2;233;229;230m[38;2;95;91;92m▎[48;2;250;250;252m[38;2;250;250;252m    [48;2;237;235;237m[38;2;247;245;247m▊[48;2;219;218;220m[38;2;49;47;50m▅[48;2;18;13;17m[38;2;0;0;0m [48;2;193;188;192m[38;2;26;22;25m▅[48;2;255;255;255m[38;2;237;237;239m▌[48;2;253;253;254m[38;2;245;245;247m┃[48;2;250;250;252m[38;2;250;250;252m  [48;2;250;250;251m[38;2;0;0;0m [48;2;249;249;250m[38;2;211;211;213m▝[48;2;40;35;39m[38;2;213;208;212m▅[48;2;3;0;2m[38;2;60;55;59m▎[48;2;1;1;1m[38;2;1;1;1m                    [0m
[48;2;1;1;1m[38;2;1;1;1m                  [48;2;2;0;3m[38;2;2;0;3m  [48;2;1;1;3m[38;2;1;1;3m  [48;2;82;80;83m[38;2;214;213;215m┏[48;2;229;227;230m[38;2;0;0;0m [48;2;250;250;252m[38;2;250;250;252m    [48;2;210;208;211m[38;2;44;42;45m▅[48;2;14;13;15m[38;2;0;0;0m [48;2;1;0;4m[38;2;7;5;10m▎[48;2;20;18;23m[38;2;4;2;7m▌[48;2;248;248;250m[38;2;205;205;207m▎[48;2;240;240;242m[38;2;252;252;253m┃[48;2;250;250;252m[38;2;250;250;252m    [48;2;174;170;171m[38;2;246;242;243m▊[48;2;6;2;3m[38;2;51;47;48m▎[48;2;1;1;1m[38;2;1;1;1m                    [0m
[48;2;4;2;10m[38;2;23;2;126m▂▂▂▂▂▂▂▂▂▂▂▂▂▂▂▂▂▂[48;2;5;3;12m[38;2;24;2;129m▂▂[48;2;4;2;11m[38;2;23;1;128m▂▂[48;2;231;230;235m[38;2;83;82;88m▎[48;2;254;253;255m[38;2;242;241;247m┃[48;2;250;250;252m[38;2;250;250;252m  [48;2;245;244;246m[38;2;0;0;0m [48;2;233;230;241m[38;2;82;65;168m▁[48;2;35;28;49m[38;2;35;14;161m▁[48;2;12;7;16m[38;2;28;4;130m▂[48;2;6;3;13m[38;2;25;3;130m▂▂[48;2;226;224;227m[38;2;45;37;80m▆[48;2;246;244;244m[38;2;207;203;219m▎[48;2;250;250;252m[38;2;250;250;252m    [48;2;178;171;186m[38;2;248;244;242m▊[48;2;18;14;17m[38;2;27;11;121m▂[48;2;4;2;10m[38;2;23;2;126m▂▂▂▂▂▂▂▂▂▂▂▂▂▂▂▂▂▂▂▂[0m
[48;2;38;3;183m[38;2;38;3;183m                    [48;2;38;3;185m[38;2;38;3;185m  [48;2;233;231;238m[38;2;85;66;182m▎[48;2;252;251;250m[38;2;241;244;223m│[48;2;250;250;252m[38;2;250;250;252m  [48;2;252;250;251m[38;2;249;250;236m▎[48;2;36;6;187m[38;2;133;120;190m▎[48;2;38;3;183m[38;2;38;3;183m    [48;2;71;49;176m[38;2;34;5;186m▊[48;2;249;248;248m[38;2;188;177;233m▎[48;2;250;250;252m[38;2;250;250;252m  [48;2;237;236;241m[38;2;247;246;250m▊[48;2;204;203;208m[38;2;248;247;251m▊[48;2;217;206;238m[38;2;56;27;182m▆[48;2;41;10;181m[38;2;0;0;0m [48;2;38;3;183m[38;2;38;3;183m                    [0m
[48;2;38;3;183m[38;2;38;3;183m                    [48;2;40;8;187m[38;2;34;3;178m▗[48;2;53;28;189m[38;2;190;179;219m▆[48;2;236;235;239m[38;2;0;0;0m [48;2;246;245;249m[38;2;235;234;240m╸[48;2;250;250;252m[38;2;250;250;252m  [48;2;252;251;252m[38;2;250;251;237m▎[48;2;37;6;188m[38;2;134;121;191m▎[48;2;38;3;183m[38;2;38;3;183m    [48;2;82;60;186m[38;2;32;2;182m▊[48;2;247;246;245m[38;2;198;188;241m▎[48;2;250;250;252m[38;2;250;250;252m  [48;2;255;254;255m[38;2;246;245;250m▌[48;2;175;174;179m[38;2;246;245;249m▊[48;2;41;6;184m[38;2;41;6;184m  [48;2;38;3;183m[38;2;38;3;183m                    [0m
[48;2;38;3;185m[38;2;38;3;185m                    [48;2;38;9;176m[38;2;36;3;199m┃[48;2;233;230;237m[38;2;101;85;174m▎[48;2;250;250;252m[38;2;250;250;252m    [48;2;224;216;239m[38;2;82;59;184m▆[48;2;40;10;183m[38;2;0;0;0m [48;2;38;3;185m[38;2;38;3;185m    [48;2;43;15;173m[38;2;46;13;198m▅[48;2;225;218;236m[38;2;59;38;160m▂[48;2;249;249;251m[38;2;249;249;251m  [48;2;255;254;255m[38;2;246;245;250m▌[48;2;175;174;179m[38;2;246;245;249m▊[48;2;41;6;184m[38;2;41;6;184m  [48;2;38;3;185m[38;2;38;3;185m                    [0m
[48;2;38;3;185m[38;2;38;3;185m                    [48;2;38;9;176m[38;2;36;3;199m┃[48;2;233;230;237m[38;2;101;85;174m▎[48;2;250;250;252m[38;2;250;250;252m    [48;2;42;9;180m[38;2;174;158;221m▎[48;2;37;5;190m[38;2;35;4;159m▎[48;2;38;3;185m[38;2;38;3;185m    [48;2;37;2;180m[38;2;33;0;176m▌[48;2;49;14;192m[38;2;44;9;187m▌[48;2;255;255;255m[38;2;236;236;238m▌[48;2;252;252;253m[38;2;244;244;246m┃[48;2;195;186;228m[38;2;246;243;248m▊[48;2;200;194;219m[38;2;44;20;172m▆[48;2;39;4;186m[38;2;39;4;186m  [48;2;38;3;185m[38;2;38;3;185m                    [0m
[48;2;38;3;185m[38;2;38;3;185m                    [48;2;40;6;181m[38;2;37;4;181m▄[48;2;165;151;209m[38;2;40;8;189m▆[48;2;233;233;232m[38;2;136;124;192m▎[48;2;247;245;248m[38;2;0;0;0m [48;2;245;244;248m [48;2;233;232;233m[38;2;94;74;199m▂[48;2;35;7;181m[38;2;125;101;211m▎[48;2;44;10;192m[38;2;37;5;167m▃[48;2;38;3;185m[38;2;38;3;185m    [48;2;39;4;182m[38;2;39;4;182m  [48;2;228;213;204m[38;2;209;76;107m▆[48;2;234;217;210m[38;2;215;82;113m▆[48;2;219;206;219m[38;2;216;80;111m▂[48;2;52;18;168m[38;2;203;64;110m▂[48;2;38;3;185m[38;2;38;3;185m                      [0m
[48;2;38;3;185m[38;2;38;3;185m                  [48;2;40;4;176m[38;2;22;6;48m▂[48;2;62;19;159m[38;2;159;55;56m▁[48;2;54;10;164m[38;2;195;77;93m▂[48;2;63;18;173m[38;2;186;66;102m▆[48;2;197;170;179m[38;2;214;74;100m▆[48;2;230;203;212m[38;2;218;78;104m▆[48;2;226;168;180m[38;2;134;44;55m▅[48;2;64;57;134m[38;2;29;13;33m▆[48;2;36;13;140m[38;2;5;3;12m▆▆[48;2;36;13;142m[38;2;5;3;13m▆▆▆▆[48;2;36;13;140m[38;2;5;3;12m▆▆[48;2;169;51;89m[38;2;9;6;5m▆▆[48;2;198;64;91m[38;2;56;21;18m▂[48;2;208;67;96m[38;2;173;70;87m▝[48;2;34;18;84m[38;2;174;47;74m▂[48;2;44;11;160m[38;2;31;11;41m▂[48;2;39;4;184m[38;2;39;4;184m  [48;2;38;3;185m[38;2;38;3;185m                  [0m
[48;2;38;3;185m[38;2;38;3;185m                  [48;2;26;11;81m[38;2;40;11;179m▆[48;2;54;19;66m[38;2;54;4;187m▂[48;2;167;48;81m[38;2;24;10;81m▆▆[48;2;160;41;74m[38;2;25;10;81m▆▆[48;2;12;5;25m[38;2;43;11;182m▂▂[48;2;8;6;11m[38;2;30;5;149m▃▃[48;2;8;3;24m[38;2;39;10;180m▂▂▂▂[48;2;7;5;11m[38;2;29;4;148m▃▃[48;2;8;3;24m[38;2;39;10;180m▂▂[48;2;19;10;27m[38;2;44;14;179m▂[48;2;135;45;70m[38;2;26;7;80m▆[48;2;132;44;62m[38;2;29;10;98m▆[48;2;40;25;86m[38;2;39;8;169m▆[48;2;38;3;185m[38;2;38;3;185m                    [0m
[48;2;40;2;185m[38;2;40;2;185m                                                            [0m
[48;2;40;2;185m[38;2;40;2;185m                                                            [0m
