[48;2;1;1;1m[38;2;1;1;1m                                                            [0m
[48;2;1;1;1m[38;2;1;1;1m                                                            [0m
[48;2;1;1;1m[38;2;1;1;1m                                                            [0m
[48;2;1;1;1m[38;2;1;1;1m                                                            [0m
[48;2;1;1;1m[38;2;1;1;1m                            [48;2;1;1;3m[38;2;1;1;3m  [48;2;1;1;1m[38;2;1;1;1m                              [0m
[48;2;1;1;1m[38;2;1;1;1m                        [48;2;1;1;3m[38;2;1;1;3m  [48;2;3;1;4m[38;2;3;1;4m  [48;2;4;2;5m[38;2;4;2;5m  [48;2;1;0;0m[38;2;34;32;33m▁▁[48;2;1;0;2m[38;2;6;4;7m▃▃[48;2;1;1;3m[38;2;1;1;3m  [48;2;1;1;1m[38;2;1;1;1m                        [0m
[48;2;1;1;1m[38;2;1;1;1m                        [48;2;3;1;6m[38;2;3;1;6m    [48;2;13;9;12m[38;2;0;0;0m [48;2;183;178;182m[38;2;31;27;30m▄[48;2;187;185;188m[38;2;233;231;234m▇[48;2;186;184;187m[38;2;242;240;243m▇[48;2;175;173;176m[38;2;247;246;248m▇[48;2;149;147;150m[38;2;239;237;240m▇[48;2;28;26;29m[38;2;208;206;209m▄[48;2;1;0;2m[38;2;25;23;26m▄[48;2;1;1;3m[38;2;1;1;3m  [48;2;1;1;1m[38;2;1;1;1m                      [0m
[48;2;1;1;1m[38;2;1;1;1m                        [48;2;1;1;3m[38;2;1;1;3m  [48;2;3;1;6m[38;2;3;1;6m  [48;2;3;1;4m[38;2;3;1;4m  [48;2;194;81;106m[38;2;28;15;9m▄[48;2;218;74;109m[38;2;153;52;73m▖[48;2;204;93;120m[38;2;36;12;12m▄[48;2;245;227;225m[38;2;199;87;115m▄[48;2;192;187;191m[38;2;246;242;245m▊[48;2;5;1;4m[38;2;56;51;55m▎[48;2;1;1;3m[38;2;1;1;3m  [48;2;3;1;4m[38;2;3;1;4m    [48;2;1;1;3m[38;2;1;1;3m  [48;2;1;1;1m[38;2;1;1;1m                [0m
[48;2;1;1;1m[38;2;1;1;1m                    [48;2;2;2;4m[38;2;2;2;4m  [48;2;2;0;3m[38;2;2;0;3m  [48;2;1;1;3m[38;2;1;1;3m  [48;2;1;1;1m[38;2;1;1;1m  [48;2;4;3;5m[38;2;45;43;46m▁▁[48;2;221;79;107m[38;2;164;61;75m▌[48;2;211;79;103m[38;2;215;64;95m▊[48;2;214;74;100m[38;2;214;74;100m  [48;2;233;231;234m[38;2;0;0;0m [48;2;38;36;39m[38;2;229;227;230m▄[48;2;18;17;19m[38;2;231;229;232m▄▄[48;2;14;12;15m[38;2;210;208;211m▄[48;2;19;17;20m[38;2;0;0;0m [48;2;1;1;3m[38;2;1;1;3m  [48;2;3;1;6m[38;2;3;1;6m  [48;2;1;1;1m[38;2;1;1;1m                [0m
[48;2;1;1;1m[38;2;1;1;1m                [48;2;2;0;3m[38;2;2;0;3m      [48;2;1;1;3m[38;2;1;1;3m  [48;2;3;3;3m[38;2;6;6;6m▗[48;2;1;1;1m[38;2;17;17;17m▃[48;2;19;17;20m[38;2;201;199;201m▄[48;2;21;20;22m[38;2;232;231;233m▄[48;2;242;240;243m[38;2;178;176;179m▘[48;2;205;203;206m[38;2;247;245;247m▇[48;2;202;94;117m[38;2;244;230;223m▄[48;2;212;70;104m[38;2;230;121;144m▎[48;2;218;76;102m[38;2;218;76;102m  [48;2;242;240;243m[38;2;238;236;239m▌[48;2;254;252;254m[38;2;249;247;250m▌[48;2;250;250;252m[38;2;250;250;252m  [48;2;250;248;250m[38;2;237;235;238m▘[48;2;245;243;246m[38;2;207;205;208m▝[48;2;27;25;28m[38;2;213;211;214m▄[48;2;17;16;18m[38;2;0;0;0m [48;2;1;1;1m[38;2;1;1;1m                  [0m
[48;2;1;1;1m[38;2;1;1;1m            [48;2;1;1;3m[38;2;1;1;3m  [48;2;3;1;6m[38;2;3;1;6m      [48;2;1;1;3m[38;2;1;1;3m  [48;2;1;1;1m[38;2;1;1;1m  [48;2;1;0;2m[38;2;26;24;27m▄[48;2;234;232;235m[38;2;111;109;112m▎[48;2;250;250;252m[38;2;250;250;252m    [48;2;249;249;251m[38;2;249;249;251m  [48;2;220;93;115m[38;2;245;247;247m▄[48;2;209;82;103m[38;2;239;239;239m▄[48;2;211;82;110m[38;2;209;145;151m▁[48;2;246;217;212m[38;2;208;96;118m▄[48;2;248;248;250m[38;2;248;248;250m  [48;2;247;245;248m[38;2;156;154;157m▁▁[48;2;249;245;248m[38;2;156;151;155m▁[48;2;151;146;150m[38;2;227;222;226m▊[48;2;3;3;3m[38;2;3;3;3m  [48;2;1;1;1m[38;2;1;1;1m                [0m
[48;2;1;1;1m[38;2;1;1;1m            [48;2;3;1;6m[38;2;3;1;6m    [48;2;1;1;3m[38;2;1;1;3m  [48;2;1;1;1m[38;2;1;1;1m    [48;2;6;6;8m[38;2;0;0;2m▄[38;2;93;93;95m▁[48;2;232;230;233m[38;2;106;104;107m▎[48;2;249;247;250m[38;2;255;254;255m▌[48;2;250;250;252m[38;2;250;250;252m        [48;2;249;249;251m[38;2;249;249;251m  [48;2;247;245;247m[38;2;229;227;230m╸[48;2;213;211;214m[38;2;0;0;0m [48;2;5;3;6m[38;2;22;20;23m▌[48;2;9;7;10m[38;2;1;0;2m▊[48;2;4;2;3m[38;2;4;2;3m  [48;2;1;1;1m[38;2;1;1;1m                  [0m
[48;2;1;1;1m[38;2;1;1;1m            [48;2;1;1;3m[38;2;1;1;3m  [48;2;3;1;6m[38;2;3;1;6m  [48;2;1;1;1m[38;2;1;1;1m      [48;2;44;42;45m[38;2;185;183;186m▄[48;2;222;220;223m[38;2;0;0;0m [48;2;246;245;247m [48;2;245;243;245m[38;2;146;144;147m▁[48;2;237;234;237m[38;2;61;56;60m▅[48;2;246;242;245m[38;2;185;180;184m▎[48;2;250;250;252m[38;2;250;250;252m        [48;2;175;170;174m[38;2;246;242;246m▊[48;2;6;2;5m[38;2;52;47;51m▎[48;2;3;1;6m[38;2;3;1;6m  [48;2;1;1;1m[38;2;1;1;1m                    [0m
[48;2;1;1;1m[38;2;1;1;1m              [48;2;2;0;3m[38;2;2;0;3m  [48;2;1;1;3m[38;2;1;1;3m  [48;2;1;1;1m[38;2;1;1;1m  [48;2;1;0;2m[38;2;19;17;20m [48;2;12;10;13m[38;2;122;120;123m▁[48;2;232;230;233m[38;2;86;84;87m▎[48;2;255;254;255m[38;2;244;242;245m▄[48;2;241;237;240m[38;2;139;134;138m▁[48;2;21;17;20m[38;2;150;145;149m▎[48;2;32;30;33m[38;2;1;0;2m▊[48;2;215;214;216m[38;2;115;113;116m▎[48;2;249;249;251m[38;2;249;249;251m  [48;2;250;250;252m[38;2;250;250;252m    [48;2;249;249;251m[38;2;240;240;242m┗[48;2;215;215;217m[38;2;247;247;248m▊[48;2;209;204;210m[38;2;28;23;29m▅[48;2;14;10;15m[38;2;0;0;0m [48;2;3;1;6m[38;2;3;1;6m  [48;2;1;1;1m[38;2;1;1;1m                    [0m
[48;2;1;1;1m[38;2;1;1;1m                [48;2;1;1;3m[38;2;1;1;3m  [48;2;1;1;1m[38;2;1;1;1m  [48;2;1;0;2m[38;2;13;11;14m│[48;2;232;230;232m[38;2;81;79;82m▎[48;2;255;254;255m[38;2;253;251;254m▄[48;2;241;239;242m[38;2;138;136;139m▁[48;2;16;15;17m[38;2;124;122;125m▎[48;2;1;0;2m[38;2;2;0;3m▄[48;2;19;14;18m[38;2;158;153;157m▁[48;2;22;18;21m[38;2;208;204;207m▅[48;2;198;194;197m[38;2;63;59;62m▅[48;2;220;216;220m[38;2;77;72;76m▁[48;2;242;239;240m[38;2;78;74;75m▁▁▁▁[48;2;232;227;230m[38;2;88;82;86m▁[48;2;220;215;219m[38;2;73;68;71m▅[48;2;5;3;8m[38;2;5;3;8m  [48;2;3;1;6m[38;2;3;1;6m  [48;2;1;1;1m[38;2;1;1;1m                    [0m
[48;2;1;1;1m[38;2;1;1;1m                    [48;2;15;8;10m[38;2;7;1;2m▊[48;2;216;209;212m[38;2;80;72;74m▎[48;2;246;244;245m[38;2;208;183;192m▂[48;2;26;19;21m[38;2;158;149;152m▎[48;2;1;0;0m[38;2;7;5;6m━[38;2;5;3;4m▃[48;2;239;237;239m[38;2;131;129;132m▎[48;2;255;254;255m[38;2;254;252;255m▄[48;2;55;50;54m[38;2;233;229;233m▅[48;2;31;27;30m[38;2;176;171;175m▁[48;2;1;0;2m[38;2;18;16;19m▁[48;2;17;15;18m[38;2;134;132;135m▁[48;2;9;7;10m[38;2;0;0;0m [48;2;23;22;24m[38;2;157;155;158m▁[48;2;51;46;50m[38;2;226;222;225m▅[48;2;183;178;182m[38;2;240;236;239m▊[48;2;25;20;24m[38;2;160;155;159m▁[48;2;3;0;2m[38;2;7;2;6m▄[48;2;2;0;3m[38;2;2;0;3m  [48;2;1;1;1m[38;2;1;1;1m                    [0m
[48;2;1;1;1m[38;2;1;1;1m                    [48;2;5;1;5m[38;2;0;0;0m [48;2;179;64;81m[38;2;61;16;19m▎[48;2;203;69;91m[38;2;83;36;29m▁[48;2;24;7;12m[38;2;118;35;55m▎[48;2;72;70;73m[38;2;215;214;216m┏[48;2;234;232;235m[38;2;0;0;0m [48;2;250;250;252m[38;2;250;250;252m  [48;2;247;246;248m[38;2;0;0;0m [48;2;232;230;232m[38;2;96;94;97m▁[48;2;48;44;47m[38;2;166;161;165m▁[48;2;236;232;235m[38;2;175;170;174m▎[48;2;64;60;61m[38;2;6;2;3m┃[48;2;247;244;245m[38;2;168;164;165m▎[48;2;250;250;252m[38;2;250;250;252m  [48;2;174;172;175m[38;2;246;244;246m▊[48;2;5;3;6m[38;2;51;49;52m▎[48;2;1;1;3m[38;2;1;1;3m  [48;2;1;1;1m[38;2;1;1;1m                    [0m
[48;2;1;1;1m[38;2;1;1;1m                    [48;2;1;1;3m[38;2;1;1;3m  [48;2;0;0;0m[38;2;0;0;0m  [48;2;233;232;234m[38;2;75;73;76m▎[48;2;253;252;254m[38;2;245;243;246m▎[48;2;248;248;249m[38;2;0;0;0m [48;2;234;234;236m[38;2;91;91;93m▁[48;2;221;217;221m[38;2;94;89;93m▅[48;2;60;55;59m[38;2;216;211;215m▅[48;2;224;220;223m[38;2;82;77;81m▁[48;2;221;216;220m[38;2;92;87;91m▅[48;2;57;55;58m[38;2;230;229;231m▅[48;2;238;237;239m[38;2;0;0;0m [48;2;250;250;252m[38;2;250;250;252m  [48;2;193;188;192m[38;2;245;240;244m▊[48;2;24;19;23m[38;2;134;129;133m▂[48;2;1;1;3m[38;2;1;1;3m  [48;2;1;1;1m[38;2;1;1;1m                    [0m
[48;2;1;1;1m[38;2;1;1;1m                  [48;2;1;1;3m[38;2;1;1;3m  [48;2;2;0;3m[38;2;2;0;3m  [48;2;1;0;0m[38;2;6;4;5m▄[48;2;78;76;77m[38;2;218;217;218m┏[48;2;231;231;233m[38;2;0;0;0m [48;2;250;250;251m[38;2;240;240;242m┏[48;2;247;246;248m[38;2;0;0;0m [48;2;76;74;77m[38;2;238;236;238m▅[48;2;239;238;240m[38;2;0;0;0m [48;2;223;221;224m[38;2;247;245;248m▊[48;2;13;9;12m[38;2;89;84;88m▎[48;2;194;190;194m[38;2;24;20;23m▅[48;2;255;255;255m[38;2;237;237;239m▌[48;2;253;253;254m[38;2;245;245;247m┃[48;2;250;250;252m[38;2;250;250;252m  [48;2;255;255;255m[38;2;245;245;247m▌[48;2;174;174;176m▊[48;2;4;2;5m[38;2;20;18;21m▌[48;2;7;5;8m[38;2;1;0;2m▊[48;2;1;1;1m[38;2;1;1;1m                    [0m
[48;2;1;1;1m[38;2;1;1;1m                  [48;2;2;0;3m[38;2;2;0;3m    [48;2;19;17;20m[38;2;171;169;172m▁[48;2;236;234;237m[38;2;127;125;128m▎[48;2;250;250;252m[38;2;250;250;252m    [48;2;244;242;245m[38;2;242;240;242m▄[48;2;211;209;212m[38;2;50;48;51m▅[48;2;2;1;3m[38;2;26;24;27m▘▝[48;2;196;195;197m[38;2;23;22;24m▅[48;2;248;246;248m[38;2;200;198;200m▎[48;2;250;250;252m[38;2;250;250;252m  [48;2;250;250;251m[38;2;0;0;0m [48;2;249;249;250m[38;2;211;211;213m▝[48;2;45;40;44m[38;2;221;216;220m▅[48;2;10;5;9m[38;2;3;0;2m┣[48;2;1;1;1m[38;2;1;1;1m                    [0m
[48;2;4;2;10m[38;2;23;2;126m▂▂▂▂▂▂▂▂▂▂▂▂▂▂▂▂▂▂[48;2;5;3;12m[38;2;24;2;129m▂▂[48;2;4;2;11m[38;2;23;1;128m▂▂[48;2;231;230;235m[38;2;83;82;88m▎[48;2;254;253;255m[38;2;242;241;247m┃[48;2;250;250;252m[38;2;250;250;252m    [48;2;239;237;240m[38;2;114;93;208m▂[48;2;19;13;45m[38;2;94;87;119m▎[48;2;5;3;12m[38;2;24;2;129m▂▂[48;2;19;15;31m[38;2;33;6;174m▁[48;2;216;212;227m[38;2;55;26;196m▁[48;2;249;249;251m[38;2;249;249;251m  [48;2;250;250;252m[38;2;250;250;252m  [48;2;239;237;240m[38;2;0;0;0m [48;2;55;53;56m[38;2;222;220;223m▅[48;2;5;3;10m[38;2;35;13;138m▂▂[48;2;4;2;10m[38;2;23;2;126m▂▂▂▂▂▂▂▂▂▂▂▂▂▂▂▂▂▂[0m
[48;2;38;3;183m[38;2;38;3;183m                    [48;2;35;5;179m[38;2;0;0;0m [48;2;109;88;201m[38;2;223;216;238m┏[48;2;236;235;239m[38;2;0;0;0m [48;2;246;245;250m[38;2;236;235;241m╸[48;2;250;250;252m[38;2;250;250;252m    [48;2;39;4;184m[38;2;141;118;226m▎[48;2;31;0;174m[38;2;54;22;183m│[48;2;38;3;183m[38;2;38;3;183m  [48;2;41;6;184m[38;2;41;6;184m  [48;2;235;234;238m[38;2;82;64;174m▂[48;2;244;243;247m[38;2;0;0;0m [48;2;250;250;252m[38;2;250;250;252m  [48;2;255;254;255m[38;2;245;244;250m▌[48;2;174;173;179m[38;2;245;244;249m▊[48;2;39;4;182m[38;2;39;4;182m  [48;2;38;3;183m[38;2;38;3;183m                  [0m
[48;2;38;3;183m[38;2;38;3;183m                    [48;2;38;9;176m[38;2;36;3;199m┃[48;2;233;230;237m[38;2;101;85;174m▎[48;2;250;250;252m[38;2;250;250;252m    [48;2;239;236;244m[38;2;99;79;191m▂[48;2;240;236;237m[38;2;65;41;184m▆[48;2;40;7;183m[38;2;70;35;213m▘[48;2;41;6;184m[38;2;31;0;174m▚[48;2;38;3;183m[38;2;38;3;183m    [48;2;75;49;186m[38;2;36;5;184m▊[48;2;233;227;240m[38;2;79;56;174m▂[48;2;249;249;251m[38;2;249;249;251m  [48;2;255;254;255m[38;2;246;245;251m▌[48;2;175;174;180m[38;2;246;245;249m▊[48;2;40;5;183m[38;2;40;5;183m  [48;2;38;3;183m[38;2;38;3;183m                  [0m
[48;2;38;3;185m[38;2;38;3;185m                    [48;2;60;38;174m[38;2;196;191;217m▆[48;2;237;236;243m[38;2;0;0;0m [48;2;250;250;252m[38;2;250;250;252m  [48;2;247;246;248m[38;2;0;0;0m [48;2;222;219;234m[38;2;65;51;169m▁[48;2;40;9;184m[38;2;133;110;217m▎[48;2;38;6;184m[38;2;32;2;160m▃[48;2;38;3;185m[38;2;38;3;185m      [48;2;38;3;183m[38;2;40;5;194m▊[48;2;61;30;188m[38;2;30;0;165m▌[48;2;243;243;245m[38;2;239;239;241m▌[48;2;254;254;255m[38;2;250;250;252m▌[48;2;255;254;255m[38;2;246;245;251m▌[48;2;175;174;180m[38;2;246;245;249m▊[48;2;40;5;183m[38;2;40;5;183m  [48;2;38;3;185m[38;2;38;3;185m                  [0m
[48;2;38;3;185m[38;2;38;3;185m                    [48;2;237;237;237m[38;2;127;115;187m▎[48;2;252;251;252m[38;2;237;235;246m│[48;2;250;250;252m[38;2;250;250;252m  [48;2;237;234;240m[38;2;95;80;173m▂[48;2;41;14;189m[38;2;125;114;180m▎[48;2;38;3;185m[38;2;38;3;185m        [48;2;40;5;185m[38;2;40;5;185m  [48;2;216;211;229m[38;2;62;38;184m▆[48;2;244;242;241m[38;2;209;202;236m▎[48;2;245;237;241m[38;2;208;86;109m▂[48;2;227;219;223m[38;2;191;68;92m▂[48;2;40;5;183m[38;2;40;5;183m  [48;2;38;3;185m[38;2;38;3;185m                  [0m
[48;2;38;3;185m[38;2;38;3;185m                    [48;2;162;163;226m[38;2;46;13;177m▆[48;2;211;198;222m[38;2;132;53;105m▂[48;2;247;236;238m[38;2;206;71;94m▂▂[48;2;43;11;181m[38;2;149;134;173m▎[48;2;36;4;165m[38;2;47;8;198m┃[48;2;38;3;185m[38;2;38;3;185m          [48;2;51;15;182m[38;2;0;0;0m [48;2;225;194;191m[38;2;206;65;98m▆[48;2;206;66;102m[38;2;0;0;0m [48;2;184;63;104m[38;2;56;16;168m▂[48;2;39;4;182m[38;2;39;4;182m  [48;2;38;3;185m[38;2;38;3;185m                  [0m
[48;2;38;3;185m[38;2;38;3;185m                  [48;2;36;0;190m[38;2;36;3;167m▗[48;2;36;3;170m[38;2;36;23;66m▂[48;2;56;14;168m[38;2;152;51;69m▂[48;2;197;65;102m[38;2;100;39;124m▘[48;2;200;66;95m[38;2;225;73;108m▊[48;2;170;58;80m[38;2;54;22;18m▆[48;2;38;16;123m[38;2;7;3;13m▆[48;2;38;11;149m[38;2;7;3;8m▆[48;2;36;13;140m[38;2;5;3;12m▆▆[48;2;36;13;142m[38;2;5;3;13m▆▆▆▆[48;2;36;13;140m[38;2;5;3;12m▆▆[48;2;37;14;141m[38;2;6;4;12m▆▆[48;2;150;46;103m[38;2;17;12;6m▂[48;2;193;71;97m[38;2;27;6;21m▂[48;2;178;57;93m[38;2;22;21;13m▂[48;2;38;5;163m[38;2;19;7;38m▂[48;2;39;4;184m[38;2;39;4;184m  [48;2;38;3;185m[38;2;38;3;185m                  [0m
[48;2;38;3;185m[38;2;38;3;185m                  [48;2;37;1;184m[38;2;37;3;172m▝[48;2;37;16;109m[38;2;37;3;178m▆[48;2;139;43;62m[38;2;28;9;108m▆[48;2;61;25;49m[38;2;50;9;176m▂[48;2;137;46;71m[38;2;27;8;81m▆[48;2;21;10;28m[38;2;46;14;180m▂[48;2;8;6;11m[38;2;30;5;149m▃▃▃▃[48;2;8;3;24m[38;2;39;10;180m▂▂▂▂[48;2;7;5;11m[38;2;29;4;148m▃▃[48;2;8;3;24m[38;2;39;10;180m▂▂[48;2;8;6;11m[38;2;30;5;149m▃▃[48;2;16;8;35m[38;2;36;3;190m▂[48;2;31;19;68m[38;2;32;1;170m▆[48;2;38;3;185m[38;2;38;3;185m                    [0m
[48;2;40;2;185m[38;2;40;2;185m                                                            [0m
[48;2;40;2;185m[38;2;40;2;185m                                                            [0m
