[48;2;1;1;1m[38;2;1;1;1m                                                            [0m
[48;2;1;1;1m[38;2;1;1;1m                                                            [0m
[48;2;1;1;1m[38;2;1;1;1m                                                            [0m
[48;2;1;1;1m[38;2;1;1;1m                                                            [0m
[48;2;1;1;1m[38;2;1;1;1m                            [48;2;1;1;3m[38;2;1;1;3m  [48;2;1;1;1m[38;2;1;1;1m                              [0m
[48;2;1;1;1m[38;2;1;1;1m                        [48;2;1;1;3m[38;2;1;1;3m  [48;2;3;1;4m[38;2;3;1;4m  [48;2;4;2;5m[38;2;4;2;5m  [48;2;1;0;0m[38;2;34;32;33m▁▁[48;2;1;0;2m[38;2;6;4;7m▃▃[48;2;1;1;3m[38;2;1;1;3m  [48;2;1;1;1m[38;2;1;1;1m                        [0m
[48;2;1;1;1m[38;2;1;1;1m                        [48;2;3;1;6m[38;2;3;1;6m    [48;2;13;9;12m[38;2;0;0;0m [48;2;183;178;182m[38;2;31;27;30m▄[48;2;187;185;188m[38;2;233;231;234m▇[48;2;186;184;187m[38;2;242;240;243m▇[48;2;175;173;176m[38;2;247;246;248m▇[48;2;149;147;150m[38;2;239;237;240m▇[48;2;28;26;29m[38;2;208;206;209m▄[48;2;1;0;2m[38;2;25;23;26m▄[48;2;1;1;3m[38;2;1;1;3m  [48;2;1;1;1m[38;2;1;1;1m                      [0m
[48;2;1;1;1m[38;2;1;1;1m                        [48;2;1;1;3m[38;2;1;1;3m  [48;2;3;1;6m[38;2;3;1;6m  [48;2;3;1;4m[38;2;3;1;4m  [48;2;194;81;106m[38;2;28;15;9m▄[48;2;218;74;109m[38;2;153;52;73m▖[48;2;204;93;120m[38;2;36;12;12m▄[48;2;245;227;225m[38;2;199;87;115m▄[48;2;192;187;191m[38;2;246;242;245m▊[48;2;5;1;4m[38;2;56;51;55m▎[48;2;1;1;3m[38;2;1;1;3m  [48;2;3;1;4m[38;2;3;1;4m    [48;2;1;1;3m[38;2;1;1;3m  [48;2;1;1;1m[38;2;1;1;1m                [0m
[48;2;1;1;1m[38;2;1;1;1m                    [48;2;2;2;4m[38;2;2;2;4m  [48;2;2;0;3m[38;2;2;0;3m  [48;2;1;1;3m[38;2;1;1;3m  [48;2;1;1;1m[38;2;1;1;1m  [48;2;4;3;5m[38;2;45;43;46m▁▁[48;2;221;79;107m[38;2;164;61;75m▌[48;2;211;79;103m[38;2;215;64;95m▊[48;2;213;73;99m[38;2;213;73;99m  [48;2;228;213;214m[38;2;193;86;117m▄[48;2;14;7;5m[38;2;59;29;35m▎[48;2;1;0;0m[38;2;44;42;43m▁▁[48;2;1;1;3m[38;2;1;1;3m    [48;2;3;1;6m[38;2;3;1;6m  [48;2;1;1;1m[38;2;1;1;1m                [0m
[48;2;1;1;1m[38;2;1;1;1m                [48;2;2;0;3m[38;2;2;0;3m      [48;2;1;1;3m[38;2;1;1;3m  [48;2;1;1;1m[38;2;1;1;1m  [48;2;19;17;20m[38;2;201;199;201m▄[48;2;21;20;22m[38;2;232;231;233m▄[48;2;242;240;243m[38;2;178;176;179m▘[48;2;205;203;206m[38;2;247;245;247m▇[48;2;202;94;117m[38;2;244;230;223m▄[48;2;212;70;104m[38;2;230;121;144m▎[48;2;217;75;101m[38;2;217;75;101m  [48;2;207;104;125m[38;2;214;67;93m▊[48;2;240;241;244m[38;2;247;207;215m▎[48;2;205;203;206m[38;2;246;244;247m▇[48;2;234;232;235m[38;2;0;0;0m [48;2;28;26;29m[38;2;208;206;209m▄[48;2;13;12;14m[38;2;0;0;0m [48;2;1;1;1m[38;2;1;1;1m                    [0m
[48;2;1;1;1m[38;2;1;1;1m            [48;2;1;1;3m[38;2;1;1;3m  [48;2;3;1;6m[38;2;3;1;6m      [48;2;1;1;3m[38;2;1;1;3m  [48;2;1;1;1m[38;2;1;1;1m  [48;2;4;3;5m[38;2;0;0;0m [48;2;27;26;28m[38;2;190;188;191m▄[48;2;230;229;231m[38;2;0;0;0m [48;2;248;246;248m [48;2;250;250;252m[38;2;250;250;252m  [48;2;249;249;251m[38;2;249;249;251m  [48;2;220;108;141m[38;2;249;241;241m▄[48;2;225;227;222m[38;2;250;245;242m▄[48;2;207;101;132m[38;2;250;240;242m▄[48;2;244;243;240m[38;2;0;0;0m [48;2;250;250;252m[38;2;250;250;252m  [48;2;236;234;237m[38;2;0;0;0m [48;2;36;34;37m[38;2;218;216;219m▄[48;2;8;6;7m[38;2;78;76;77m▁[48;2;7;5;6m[38;2;21;19;20m─[48;2;1;1;1m[38;2;1;1;1m                  [0m
[48;2;1;1;1m[38;2;1;1;1m            [48;2;3;1;6m[38;2;3;1;6m    [48;2;1;1;3m[38;2;1;1;3m  [48;2;1;1;1m[38;2;1;1;1m    [48;2;6;6;8m[38;2;0;0;2m▄[38;2;93;93;95m▁[48;2;34;33;35m[38;2;198;196;198m▄[48;2;229;227;230m[38;2;0;0;0m [48;2;250;250;252m[38;2;250;250;252m            [48;2;249;249;251m[38;2;249;249;251m  [48;2;160;156;157m[38;2;225;222;223m▊[48;2;3;0;0m[38;2;7;3;4m▎[48;2;1;1;1m[38;2;1;1;1m                  [0m
[48;2;1;1;1m[38;2;1;1;1m            [48;2;1;1;3m[38;2;1;1;3m  [48;2;3;1;6m[38;2;3;1;6m  [48;2;1;1;1m[38;2;1;1;1m      [48;2;24;19;23m[38;2;3;0;2m▊[48;2;213;209;212m[38;2;95;90;94m▎[48;2;248;248;250m[38;2;248;248;250m  [48;2;250;250;252m[38;2;250;250;252m          [48;2;207;205;208m[38;2;247;245;248m▊[48;2;237;235;238m[38;2;46;44;47m▅[48;2;240;239;241m[38;2;32;30;33m▅[48;2;219;217;220m[38;2;28;26;29m▅[48;2;3;3;3m[38;2;3;3;3m  [48;2;1;1;1m[38;2;1;1;1m                  [0m
[48;2;1;1;1m[38;2;1;1;1m              [48;2;2;0;3m[38;2;2;0;3m  [48;2;1;1;3m[38;2;1;1;3m  [48;2;1;1;1m[38;2;1;1;1m      [48;2;184;180;184m[38;2;22;18;21m▅[48;2;221;217;221m[38;2;85;80;84m▁[48;2;243;245;245m[38;2;209;141;164m▁▁[48;2;243;221;224m[38;2;197;82;115m▄[48;2;244;236;234m[38;2;0;0;0m [48;2;250;250;252m[38;2;250;250;252m    [48;2;249;249;251m[38;2;240;240;242m┗[48;2;215;215;217m[38;2;247;247;248m▊[48;2;209;204;210m[38;2;28;23;29m▅[48;2;14;10;15m[38;2;0;0;0m [48;2;3;1;6m[38;2;3;1;6m  [48;2;1;1;1m[38;2;1;1;1m                    [0m
[48;2;1;1;1m[38;2;1;1;1m                [48;2;1;1;3m[38;2;1;1;3m  [48;2;1;1;1m[38;2;1;1;1m        [48;2;176;59;86m[38;2;21;14;7m▅[48;2;208;81;112m[38;2;141;47;67m▎[48;2;204;82;118m[38;2;201;181;184m▅[48;2;240;232;232m[38;2;0;0;0m [48;2;250;250;252m[38;2;250;250;252m    [48;2;247;245;247m[38;2;0;0;0m [48;2;219;218;220m[38;2;104;102;105m▁[48;2;4;3;7m[38;2;21;19;24m▌[48;2;8;6;11m[38;2;1;0;4m▊[48;2;3;1;6m[38;2;3;1;6m  [48;2;1;1;1m[38;2;1;1;1m                    [0m
[48;2;1;1;1m[38;2;1;1;1m                          [48;2;24;20;23m[38;2;139;134;138m▁[48;2;241;237;240m[38;2;136;131;135m▎[48;2;54;50;53m[38;2;230;226;230m▅[48;2;199;195;199m[38;2;91;87;90m▅[48;2;232;228;229m[38;2;26;22;23m▅▅▅▅[48;2;205;200;203m[38;2;84;78;82m▅[48;2;39;33;37m[38;2;211;206;209m▅[48;2;8;6;9m[38;2;13;11;14m▌[48;2;1;0;2m[38;2;3;1;4m▎[48;2;2;0;3m[38;2;2;0;3m  [48;2;1;1;1m[38;2;1;1;1m                    [0m
[48;2;1;1;1m[38;2;1;1;1m                        [48;2;1;0;2m[38;2;9;7;10m━[38;2;7;5;8m▃[48;2;239;238;240m[38;2;132;130;133m▎[48;2;255;254;255m[38;2;255;253;255m▄[48;2;249;249;251m[38;2;249;249;251m  [48;2;54;49;53m[38;2;225;221;224m▅[48;2;15;11;14m[38;2;59;54;58m▎[48;2;39;34;38m[38;2;207;202;206m▅[48;2;54;49;53m[38;2;14;9;13m┃[48;2;248;246;248m[38;2;223;221;224m▎[48;2;223;221;224m[38;2;248;246;248m▊[48;2;39;37;40m[38;2;213;211;214m▅[48;2;7;5;8m[38;2;29;27;30m▎[48;2;1;1;3m[38;2;1;1;3m  [48;2;1;1;1m[38;2;1;1;1m                    [0m
[48;2;1;1;1m[38;2;1;1;1m                    [48;2;2;0;3m[38;2;2;0;3m  [48;2;1;1;1m[38;2;1;1;1m  [48;2;24;22;25m[38;2;1;0;2m▊[48;2;239;237;240m[38;2;110;108;111m▎[48;2;250;250;252m[38;2;250;250;252m  [48;2;249;249;251m[38;2;249;249;251m  [48;2;212;208;209m[38;2;51;48;48m▅[48;2;60;56;57m[38;2;218;215;216m▅[48;2;223;221;224m[38;2;249;247;249m┃[48;2;69;67;70m[38;2;5;3;6m┃[48;2;255;255;255m[38;2;236;236;238m▌[48;2;252;252;253m[38;2;244;244;246m┃[48;2;185;183;186m[38;2;244;242;245m▊[48;2;1;0;2m[38;2;61;59;62m▎[48;2;1;1;3m[38;2;1;1;3m  [48;2;1;1;1m[38;2;1;1;1m                    [0m
[48;2;1;1;1m[38;2;1;1;1m                  [48;2;1;1;3m[38;2;1;1;3m  [48;2;2;0;3m[38;2;2;0;3m  [48;2;0;0;0m[38;2;0;0;0m  [48;2;18;16;19m[38;2;170;168;171m▁[48;2;240;238;240m[38;2;124;122;125m▎[48;2;250;250;252m[38;2;250;250;252m  [48;2;222;218;221m[38;2;103;98;102m▅[48;2;212;207;211m[38;2;79;74;78m▅[48;2;62;57;61m[38;2;218;214;217m▅[48;2;198;193;197m[38;2;41;37;40m▅[48;2;217;212;216m[38;2;81;77;80m▅[48;2;60;56;59m[38;2;229;225;228m▅[48;2;248;248;250m[38;2;248;248;250m  [48;2;239;238;240m[38;2;0;0;0m [48;2;48;46;49m[38;2;222;220;222m▅[48;2;4;2;5m[38;2;4;2;5m  [48;2;1;1;1m[38;2;1;1;1m                    [0m
[48;2;1;1;1m[38;2;1;1;1m                  [48;2;2;0;3m[38;2;2;0;3m    [48;2;1;0;2m[38;2;9;7;10m▄[48;2;80;78;81m[38;2;221;219;221m┏[48;2;232;232;233m[38;2;0;0;0m [48;2;249;249;250m[38;2;236;236;238m╹[48;2;250;250;252m[38;2;250;250;252m  [48;2;249;249;251m[38;2;249;249;251m  [48;2;205;200;204m[38;2;37;32;36m▅[48;2;17;13;16m[38;2;0;0;0m [48;2;196;194;197m[38;2;24;22;25m▅[48;2;245;244;246m[38;2;204;203;205m▎[48;2;250;250;252m[38;2;250;250;252m  [48;2;255;255;255m[38;2;247;247;249m▌[48;2;176;176;178m[38;2;247;247;248m▊[48;2;27;25;28m[38;2;214;212;215m▁[48;2;6;4;7m[38;2;1;0;2m▅[48;2;1;1;1m[38;2;1;1;1m                    [0m
[48;2;4;2;10m[38;2;23;2;126m▂▂▂▂▂▂▂▂▂▂▂▂▂▂▂▂▂▂[48;2;5;3;12m[38;2;24;2;129m▂▂[48;2;6;3;19m[38;2;56;30;180m▁[48;2;21;19;27m[38;2;195;185;231m▁[48;2;49;47;50m[38;2;205;203;206m▅[48;2;230;229;231m[38;2;0;0;0m [48;2;250;250;252m[38;2;250;250;252m    [48;2;243;241;244m[38;2;0;0;0m [48;2;234;228;243m[38;2;70;63;95m▆[48;2;20;15;25m[38;2;29;4;131m▂[48;2;7;2;12m[38;2;32;7;135m▂[48;2;19;15;31m[38;2;33;6;174m▁[48;2;216;212;227m[38;2;55;26;196m▁[48;2;249;249;251m[38;2;249;249;251m  [48;2;250;250;252m[38;2;250;250;252m  [48;2;192;188;191m[38;2;241;237;241m▊[48;2;20;16;19m[38;2;179;174;178m▂[48;2;4;2;10m[38;2;23;2;126m▂▂▂▂▂▂▂▂▂▂▂▂▂▂▂▂▂▂▂▂[0m
[48;2;38;3;183m[38;2;38;3;183m                    [48;2;37;12;178m[38;2;176;163;221m▂[48;2;236;233;240m[38;2;140;128;193m▎[48;2;250;250;252m[38;2;250;250;252m    [48;2;243;242;245m[38;2;0;0;0m [48;2;244;242;246m[38;2;105;90;181m▂[48;2;242;236;245m[38;2;68;42;188m▆[48;2;41;15;175m[38;2;0;0;0m [48;2;38;3;183m[38;2;38;3;183m  [48;2;41;6;184m[38;2;41;6;184m  [48;2;235;234;238m[38;2;82;64;174m▂[48;2;244;243;247m[38;2;0;0;0m [48;2;250;250;252m[38;2;250;250;252m  [48;2;255;254;255m[38;2;245;244;250m▌[48;2;174;173;179m[38;2;245;244;249m▊[48;2;39;4;182m[38;2;39;4;182m  [48;2;38;3;183m[38;2;38;3;183m                  [0m
[48;2;38;3;183m[38;2;38;3;183m                  [48;2;41;7;180m[38;2;0;0;0m [48;2;57;26;189m[38;2;197;186;223m▁[48;2;236;234;243m[38;2;138;130;178m▎[48;2;247;247;245m[38;2;0;0;0m [48;2;250;250;252m[38;2;250;250;252m  [48;2;246;245;250m[38;2;0;0;0m [48;2;229;226;239m[38;2;88;71;176m▁[48;2;234;227;247m[38;2;73;47;193m▆[48;2;41;14;175m[38;2;0;0;0m [48;2;38;3;183m[38;2;38;3;183m      [48;2;75;49;186m[38;2;36;5;184m▊[48;2;233;227;240m[38;2;79;56;174m▂[48;2;249;249;251m[38;2;249;249;251m  [48;2;253;252;254m[38;2;246;245;250m▃[48;2;244;243;248m[38;2;231;230;235m▝[48;2;55;31;182m[38;2;217;208;236m▆[48;2;33;5;178m[38;2;68;42;185m▎[48;2;38;3;183m[38;2;38;3;183m                  [0m
[48;2;38;3;185m[38;2;38;3;185m                  [48;2;38;3;194m[38;2;36;3;181m┃[48;2;233;229;226m[38;2;101;78;192m▎[48;2;250;250;252m[38;2;250;250;252m    [48;2;222;212;241m[38;2;89;67;190m▆[48;2;45;18;179m[38;2;0;0;0m [48;2;38;3;185m[38;2;38;3;185m        [48;2;40;5;185m[38;2;40;5;185m  [48;2;217;213;228m[38;2;49;24;179m▆[48;2;233;229;241m[38;2;66;39;194m▂[48;2;249;249;251m[38;2;249;249;251m  [48;2;241;241;242m[38;2;0;0;0m [48;2;63;42;183m[38;2;218;215;231m▆[48;2;38;3;183m[38;2;38;3;183m  [48;2;38;3;185m[38;2;38;3;185m                [0m
[48;2;38;3;185m[38;2;38;3;185m                  [48;2;39;3;187m[38;2;30;5;187m▖[48;2;186;176;205m[38;2;164;69;127m▂[48;2;250;246;249m[38;2;213;208;212m▖[48;2;251;247;250m[38;2;0;0;0m [48;2;237;234;241m[38;2;74;61;166m▂[48;2;226;223;224m[38;2;70;47;189m▆[48;2;37;5;185m[38;2;81;49;211m▘[48;2;41;7;191m[38;2;29;3;161m▃[48;2;38;3;185m[38;2;38;3;185m          [48;2;32;0;175m[38;2;41;6;184m▌[48;2;56;21;199m[38;2;38;4;181m▌[48;2;226;225;227m[38;2;83;64;190m▂[48;2;246;245;251m[38;2;0;0;0m [48;2;248;248;250m[38;2;248;248;250m  [48;2;67;41;197m[38;2;223;219;234m▆[48;2;47;22;179m[38;2;210;206;222m▂[48;2;38;3;185m[38;2;38;3;185m                [0m
[48;2;38;3;185m[38;2;38;3;185m                  [48;2;20;1;187m[38;2;58;8;176m┃[48;2;197;63;103m[38;2;48;16;162m▎[48;2;232;179;191m[38;2;208;71;92m▆[48;2;208;213;228m[38;2;79;25;160m▆[48;2;37;4;178m[38;2;76;42;217m▘[48;2;36;6;177m[38;2;35;5;176m▄[48;2;38;3;185m[38;2;38;3;185m              [48;2;39;9;180m[38;2;0;0;0m [48;2;207;195;237m[38;2;59;33;182m▆[48;2;232;231;233m[38;2;86;66;193m▂[48;2;242;241;248m[38;2;0;0;0m [48;2;251;251;249m[38;2;242;243;237m│[48;2;153;149;176m[38;2;244;241;254m▊[48;2;38;3;183m[38;2;38;3;183m  [48;2;38;3;185m[38;2;38;3;185m              [0m
[48;2;38;3;185m[38;2;38;3;185m                  [48;2;40;3;197m[38;2;33;6;168m┃[48;2;90;24;98m[38;2;202;73;94m▝[48;2;224;72;100m[38;2;160;45;95m▖[48;2;140;52;82m[38;2;40;18;47m┗[48;2;31;6;133m[38;2;21;15;25m▆[48;2;34;9;137m[38;2;7;2;11m▆[48;2;35;12;139m[38;2;5;3;11m▆▆[48;2;36;13;140m[38;2;5;3;12m▆▆[48;2;36;13;142m[38;2;5;3;13m▆▆▆▆[48;2;36;13;140m[38;2;5;3;12m▆▆▆▆[48;2;35;12;139m[38;2;5;3;11m▆▆[48;2;50;20;161m[38;2;20;7;12m▆[48;2;29;13;65m[38;2;184;57;88m▂[48;2;63;27;63m[38;2;198;68;92m▂[48;2;236;202;230m[38;2;205;77;100m▆[48;2;237;209;204m[38;2;177;65;95m▆[48;2;190;175;214m[38;2;44;19;125m▆[48;2;38;3;185m[38;2;38;3;185m                [0m
[48;2;38;3;185m[38;2;38;3;185m                  [48;2;37;1;184m[38;2;37;3;172m▝[48;2;37;16;109m[38;2;37;3;178m▆[48;2;129;48;62m[38;2;31;8;108m▆[48;2;163;51;81m[38;2;23;11;80m▆[48;2;12;5;25m[38;2;43;11;182m▂▂[48;2;8;6;11m[38;2;30;5;149m▃▃▃▃[48;2;8;3;24m[38;2;39;10;180m▂▂▂▂[48;2;7;5;11m[38;2;29;4;148m▃▃[48;2;8;3;24m[38;2;39;10;180m▂▂[48;2;8;6;11m[38;2;30;5;149m▃▃[48;2;19;10;28m[38;2;44;13;181m▂[48;2;135;45;72m[38;2;26;7;81m▆[48;2;167;48;81m[38;2;24;10;81m▆▆[48;2;56;21;63m[38;2;47;0;175m▂[48;2;36;19;85m[38;2;39;8;173m▆[48;2;38;3;185m[38;2;38;3;185m                [0m
[48;2;40;2;185m[38;2;40;2;185m                                                            [0m
[48;2;40;2;185m[38;2;40;2;185m                                                            [0m
