[48;2;1;1;1m[38;2;1;1;1m                                                            [0m
[48;2;1;1;1m[38;2;1;1;1m                                                            [0m
[48;2;1;1;1m[38;2;1;1;1m                                                            [0m
[48;2;1;1;1m[38;2;1;1;1m                                                            [0m
[48;2;1;1;1m[38;2;1;1;1m                            [48;2;1;1;3m[38;2;1;1;3m  [48;2;1;1;1m[38;2;1;1;1m                              [0m
[48;2;1;1;1m[38;2;1;1;1m                        [48;2;1;1;3m[38;2;1;1;3m  [48;2;3;1;4m[38;2;3;1;4m  [48;2;2;1;3m[38;2;12;10;13m▃▃[48;2;1;0;0m[38;2;34;32;33m▁▁[48;2;4;2;5m[38;2;4;2;5m  [48;2;1;1;3m[38;2;1;1;3m  [48;2;1;1;1m[38;2;1;1;1m                        [0m
[48;2;1;1;1m[38;2;1;1;1m                        [48;2;3;1;6m[38;2;3;1;6m    [48;2;187;183;187m[38;2;29;24;28m▄[48;2;162;157;161m[38;2;230;226;229m▇[48;2;183;181;184m[38;2;245;244;246m▇▇[48;2;162;157;161m[38;2;240;236;239m▇[48;2;34;29;33m[38;2;213;208;212m▄[48;2;5;5;5m[38;2;18;18;18m▖[48;2;4;4;4m[38;2;0;0;0m▆[48;2;1;1;3m[38;2;1;1;3m  [48;2;1;1;1m[38;2;1;1;1m                      [0m
[48;2;1;1;1m[38;2;1;1;1m                        [48;2;1;1;3m[38;2;1;1;3m  [48;2;3;1;6m[38;2;3;1;6m  [48;2;13;6;4m[38;2;0;0;0m [48;2;176;65;98m[38;2;17;17;12m▄[48;2;211;146;152m[38;2;203;63;94m▇[48;2;206;89;113m[38;2;46;18;14m▄[48;2;243;229;230m[38;2;193;86;117m▄[48;2;209;209;204m[38;2;246;230;232m▊[48;2;1;0;2m[38;2;36;34;37m▎[48;2;2;0;3m[38;2;9;7;10m┃[48;2;1;1;3m[38;2;1;1;3m  [48;2;3;1;4m[38;2;3;1;4m    [48;2;1;1;3m[38;2;1;1;3m  [48;2;1;1;1m[38;2;1;1;1m                [0m
[48;2;1;1;1m[38;2;1;1;1m                    [48;2;2;2;4m[38;2;2;2;4m  [48;2;2;0;3m[38;2;2;0;3m  [48;2;1;1;3m[38;2;1;1;3m  [48;2;3;3;3m[38;2;3;3;3m  [48;2;48;17;21m[38;2;5;12;13m▊[48;2;202;64;87m[38;2;128;34;52m▎[48;2;214;72;98m[38;2;214;72;98m  [48;2;212;105;125m[38;2;223;73;98m▊[48;2;222;195;203m[38;2;248;250;249m┃[48;2;28;26;29m[38;2;227;225;228m▄[48;2;20;18;21m[38;2;221;219;222m▄[48;2;6;4;5m[38;2;47;45;46m▁▁[48;2;1;1;3m[38;2;1;1;3m    [48;2;3;1;6m[38;2;3;1;6m  [48;2;1;1;1m[38;2;1;1;1m                [0m
[48;2;1;1;1m[38;2;1;1;1m                [48;2;2;0;3m[38;2;2;0;3m      [48;2;1;1;3m[38;2;1;1;3m  [48;2;3;3;3m[38;2;6;6;6m▗[48;2;1;1;1m[38;2;17;17;17m▃[48;2;25;23;26m[38;2;199;198;200m▄[48;2;227;225;227m[38;2;0;0;0m [48;2;205;195;194m[38;2;247;242;240m▇[48;2;205;105;134m[38;2;245;237;236m▄[48;2;208;76;99m[38;2;215;105;120m▃[48;2;212;71;97m[38;2;225;57;92m▗[48;2;220;99;119m[38;2;213;63;92m┃[48;2;248;249;251m[38;2;228;187;195m▎[48;2;250;250;252m[38;2;250;250;252m  [48;2;211;209;212m[38;2;244;243;245m▇[48;2;235;233;235m[38;2;0;0;0m [48;2;28;26;29m[38;2;208;206;209m▄[48;2;13;12;14m[38;2;0;0;0m [48;2;1;1;1m[38;2;1;1;1m                    [0m
[48;2;1;1;1m[38;2;1;1;1m            [48;2;1;1;3m[38;2;1;1;3m  [48;2;3;1;6m[38;2;3;1;6m      [48;2;1;1;3m[38;2;1;1;3m  [48;2;1;1;1m[38;2;1;1;1m  [48;2;1;0;2m[38;2;25;23;26m▄[48;2;233;231;234m[38;2;110;108;111m▎[48;2;250;250;252m[38;2;250;250;252m  [48;2;250;247;248m[38;2;210;206;207m▁▁[48;2;246;243;240m[38;2;0;0;0m [48;2;202;104;132m[38;2;248;242;242m▄[48;2;242;234;233m[38;2;238;204;211m▁[48;2;240;231;230m[38;2;208;98;131m▄[48;2;233;231;226m[38;2;209;83;120m▄[48;2;246;239;237m[38;2;247;195;209m▁[48;2;250;250;252m[38;2;250;250;252m  [48;2;238;236;238m[38;2;0;0;0m [48;2;38;36;39m[38;2;215;214;216m▄[48;2;3;3;3m[38;2;3;3;3m  [48;2;1;1;1m[38;2;1;1;1m                  [0m
[48;2;1;1;1m[38;2;1;1;1m            [48;2;3;1;6m[38;2;3;1;6m    [48;2;1;1;3m[38;2;1;1;3m  [48;2;1;1;1m[38;2;1;1;1m    [48;2;1;0;0m[38;2;20;18;19m╵[48;2;31;30;30m[38;2;193;191;192m▄[48;2;228;228;229m[38;2;0;0;0m [48;2;236;236;238m[38;2;249;249;250m▊[48;2;248;246;248m[38;2;236;234;237m▁[48;2;252;250;252m[38;2;225;223;226m▂[48;2;211;72;99m[38;2;240;128;146m▎[48;2;212;77;102m[38;2;218;103;122m▁[48;2;251;248;249m[38;2;209;205;206m▎[48;2;244;240;241m[38;2;254;252;253m┃[48;2;215;103;136m[38;2;245;241;240m▄[48;2;240;239;236m[38;2;0;0;0m [48;2;219;95;117m[38;2;244;246;249m▄▄[48;2;249;249;251m[38;2;249;249;251m  [38;2;233;233;235m╵[48;2;238;238;239m[38;2;0;0;0m [48;2;45;42;42m[38;2;211;207;208m▄[48;2;3;0;0m[38;2;64;60;61m▎[48;2;1;1;1m[38;2;1;1;1m                  [0m
[48;2;1;1;1m[38;2;1;1;1m            [48;2;1;1;3m[38;2;1;1;3m  [48;2;3;1;6m[38;2;3;1;6m  [48;2;1;1;1m[38;2;1;1;1m      [48;2;1;0;2m[38;2;23;21;24m [48;2;195;193;196m▅[48;2;231;229;231m[38;2;116;114;117m▖[48;2;246;244;247m[38;2;255;254;255m┗[48;2;237;236;236m[38;2;122;125;122m▁[48;2;209;103;137m[38;2;240;231;234m▅[48;2;196;78;114m[38;2;246;232;233m▅[48;2;244;240;238m[38;2;0;0;0m [48;2;250;250;252m[38;2;250;250;252m      [48;2;202;197;201m[38;2;246;241;245m▊[48;2;217;212;216m[38;2;48;43;47m▄[48;2;241;240;242m[38;2;111;109;112m▁[48;2;233;231;234m[38;2;100;98;101m▁[48;2;205;203;204m[38;2;28;27;27m▅[48;2;11;9;10m[38;2;0;0;0m [48;2;1;1;1m[38;2;1;1;1m                  [0m
[48;2;1;1;1m[38;2;1;1;1m              [48;2;2;0;3m[38;2;2;0;3m  [48;2;1;1;3m[38;2;1;1;3m  [48;2;1;1;1m[38;2;1;1;1m        [48;2;31;29;32m[38;2;4;3;5m▊[48;2;214;212;215m[38;2;108;106;109m▎[48;2;249;249;251m[38;2;249;249;251m  [48;2;250;250;252m[38;2;250;250;252m    [48;2;249;249;251m[38;2;240;240;242m┗[48;2;215;215;217m[38;2;247;247;248m▊[48;2;209;204;210m[38;2;28;23;29m▅[48;2;14;10;15m[38;2;0;0;0m [48;2;3;1;6m[38;2;3;1;6m  [48;2;1;1;1m[38;2;1;1;1m                    [0m
[48;2;1;1;1m[38;2;1;1;1m                [48;2;1;1;3m[38;2;1;1;3m  [48;2;1;1;1m[38;2;1;1;1m        [48;2;1;0;2m[38;2;6;4;7m▄[48;2;13;11;14m[38;2;144;142;145m▁[48;2;215;211;214m[38;2;134;129;133m▎[48;2;255;253;255m[38;2;255;252;255m▄[48;2;250;250;252m[38;2;250;250;252m  [48;2;249;249;251m[38;2;249;249;251m  [48;2;233;230;231m[38;2;96;92;93m▁[48;2;208;204;205m[38;2;76;73;73m▅[48;2;5;3;8m[38;2;5;3;8m  [48;2;3;1;6m[38;2;3;1;6m  [48;2;1;1;1m[38;2;1;1;1m                    [0m
[48;2;1;1;1m[38;2;1;1;1m                          [48;2;79;77;80m[38;2;220;218;221m┏[48;2;234;232;235m[38;2;0;0;0m [48;2;56;51;55m[38;2;234;230;233m▅[48;2;199;195;199m[38;2;93;88;92m▅[48;2;232;228;229m[38;2;26;22;23m▅▅[48;2;225;221;222m[38;2;22;19;19m▅[48;2;213;209;210m[38;2;28;24;25m▅[48;2;41;37;40m[38;2;158;153;157m▁[48;2;201;196;200m[38;2;245;240;244m┃[48;2;25;20;24m[38;2;160;155;159m▁[48;2;3;0;2m[38;2;7;2;6m▄[48;2;2;0;3m[38;2;2;0;3m  [48;2;1;1;1m[38;2;1;1;1m                    [0m
[48;2;1;1;1m[38;2;1;1;1m                        [48;2;1;0;2m[38;2;4;2;5m▄[48;2;81;79;81m[38;2;221;219;222m┏[48;2;251;251;252m[38;2;193;193;195m▘[48;2;246;246;247m[38;2;244;244;246m▄[48;2;249;249;251m[38;2;249;249;251m  [48;2;54;49;53m[38;2;225;221;224m▅[48;2;15;11;14m[38;2;59;54;58m▎[48;2;39;34;38m[38;2;207;202;206m▅[48;2;54;49;53m[38;2;14;9;13m┃[48;2;255;255;255m[38;2;236;236;238m▌[48;2;252;252;253m[38;2;244;244;246m┃[48;2;174;172;175m[38;2;246;244;246m▊[48;2;5;3;6m[38;2;51;49;52m▎[48;2;1;1;3m[38;2;1;1;3m  [48;2;1;1;1m[38;2;1;1;1m                    [0m
[48;2;1;1;1m[38;2;1;1;1m                    [48;2;2;0;3m[38;2;2;0;3m  [48;2;1;1;1m[38;2;1;1;1m  [48;2;24;22;25m[38;2;1;0;2m▊[48;2;239;237;240m[38;2;110;108;111m▎[48;2;250;250;252m[38;2;250;250;252m    [48;2;210;205;209m[38;2;249;245;248m▊[48;2;52;47;51m[38;2;189;184;188m▁[48;2;220;215;219m[38;2;78;73;77m▁[48;2;65;60;64m[38;2;223;218;222m▅[48;2;217;213;216m[38;2;44;39;43m▅[48;2;249;246;249m[38;2;209;204;208m▎[48;2;193;188;192m[38;2;245;240;244m▊[48;2;24;19;23m[38;2;134;129;133m▂[48;2;1;1;3m[38;2;1;1;3m  [48;2;1;1;1m[38;2;1;1;1m                    [0m
[48;2;1;1;1m[38;2;1;1;1m                  [48;2;1;1;3m[38;2;1;1;3m  [48;2;2;0;3m[38;2;2;0;3m  [48;2;0;0;0m[38;2;0;0;0m  [48;2;78;76;79m[38;2;226;224;226m┏[48;2;232;230;233m[38;2;0;0;0m [48;2;250;250;252m[38;2;250;250;252m  [48;2;249;249;251m[38;2;249;249;251m  [48;2;224;220;223m[38;2;92;88;91m▅[48;2;211;206;210m[38;2;26;22;25m▅[48;2;62;60;63m[38;2;225;223;226m▅[48;2;202;200;203m[38;2;239;237;240m▊[48;2;55;51;52m[38;2;211;207;208m▁[48;2;248;245;246m[38;2;215;212;213m▎[48;2;255;255;255m[38;2;245;245;247m▌[48;2;174;174;176m▊[48;2;4;2;5m[38;2;20;18;21m▌[48;2;7;5;8m[38;2;1;0;2m▊[48;2;1;1;1m[38;2;1;1;1m                    [0m
[48;2;1;1;1m[38;2;1;1;1m                  [48;2;2;0;3m[38;2;2;0;3m    [48;2;1;0;2m[38;2;8;6;9m▄[48;2;83;82;84m[38;2;220;218;220m┏[48;2;231;231;232m[38;2;0;0;0m [48;2;250;250;251m[38;2;239;239;241m╵[48;2;250;250;252m[38;2;250;250;252m  [48;2;245;243;246m[38;2;0;0;0m [48;2;231;230;232m[38;2;57;55;58m▁[48;2;217;213;217m[38;2;30;26;29m▅[48;2;3;0;2m[38;2;10;5;9m▄[48;2;196;194;197m[38;2;24;22;25m▅[48;2;247;245;247m[38;2;197;195;198m▎[48;2;250;250;252m[38;2;250;250;252m  [48;2;255;255;255m[38;2;247;247;249m▌[48;2;176;176;178m[38;2;247;247;248m▊[48;2;27;25;28m[38;2;214;212;215m▁[48;2;6;4;7m[38;2;1;0;2m▅[48;2;1;1;1m[38;2;1;1;1m                    [0m
[48;2;4;2;10m[38;2;23;2;126m▂▂▂▂▂▂▂▂▂▂▂▂▂▂▂▂▂▂[48;2;5;3;12m[38;2;24;2;129m▂▂[48;2;4;2;10m[38;2;23;2;126m▂▂[48;2;22;21;25m[38;2;202;200;203m▁[48;2;233;231;235m[38;2;127;125;130m▎[48;2;250;250;252m[38;2;250;250;252m    [48;2;239;237;240m[38;2;114;93;208m▂[48;2;19;13;45m[38;2;94;87;119m▎[48;2;5;3;12m[38;2;24;2;129m▂▂[48;2;14;10;17m[38;2;34;11;135m▂[48;2;217;213;219m[38;2;47;36;83m▆[48;2;250;250;251m[38;2;232;232;234m▌[48;2;250;250;252m[38;2;255;255;255m▌[38;2;250;250;252m  [48;2;178;171;186m[38;2;248;244;243m▊[48;2;18;14;17m[38;2;34;13;128m▂[48;2;4;2;10m[38;2;23;2;126m▂▂▂▂▂▂▂▂▂▂▂▂▂▂▂▂▂▂▂▂[0m
[48;2;38;3;183m[38;2;38;3;183m                    [48;2;37;4;181m[38;2;40;6;181m▄[48;2;55;25;191m[38;2;191;179;220m▁[48;2;234;233;233m[38;2;136;124;188m▎[48;2;242;243;237m[38;2;247;245;251m▊[48;2;250;250;252m[38;2;250;250;252m  [48;2;243;242;245m[38;2;0;0;0m [48;2;244;242;246m[38;2;105;90;181m▂[48;2;40;7;186m[38;2;113;89;199m▎[48;2;44;10;189m[38;2;29;0;167m▌[48;2;38;3;183m[38;2;38;3;183m  [48;2;40;5;183m[38;2;40;5;183m  [48;2;235;234;238m[38;2;82;64;174m▂[48;2;244;243;247m[38;2;0;0;0m [48;2;250;250;252m[38;2;250;250;252m  [48;2;241;240;245m[38;2;0;0;0m [48;2;50;31;173m[38;2;212;208;230m▆[48;2;39;4;184m[38;2;39;4;184m  [48;2;38;3;183m[38;2;38;3;183m                  [0m
[48;2;38;3;183m[38;2;38;3;183m                    [48;2;55;32;173m[38;2;208;200;232m▁[48;2;238;233;249m[38;2;142;130;197m▎[48;2;250;250;252m[38;2;250;250;252m    [48;2;242;236;242m[38;2;100;79;179m▂[48;2;43;10;187m[38;2;108;89;182m▎[48;2;38;3;183m[38;2;38;3;183m      [48;2;87;66;187m[38;2;37;7;183m▊[48;2;252;251;245m[38;2;203;193;243m▎[48;2;250;250;252m[38;2;250;250;252m  [48;2;238;237;243m[38;2;251;250;253m▊[48;2;195;194;200m[38;2;244;243;248m▊[48;2;46;15;177m[38;2;199;187;226m▂[48;2;39;8;184m[38;2;0;0;0m [48;2;38;3;183m[38;2;38;3;183m                  [0m
[48;2;38;3;185m[38;2;38;3;185m                  [48;2;40;6;181m[38;2;43;10;181m▄[48;2;58;27;190m[38;2;193;182;219m▁[48;2;237;234;244m[38;2;139;131;179m▎[48;2;248;248;246m[38;2;0;0;0m [48;2;250;250;252m[38;2;250;250;252m  [48;2;238;233;246m[38;2;250;249;247m▊[48;2;215;212;217m[38;2;87;65;195m▆[48;2;36;5;179m[38;2;80;45;223m▘[48;2;40;6;183m[38;2;32;1;175m▌[48;2;38;3;185m[38;2;38;3;185m      [48;2;33;6;174m[38;2;50;16;199m│[48;2;212;203;234m[38;2;59;29;188m▆[48;2;248;248;250m[38;2;248;248;250m  [48;2;250;250;252m[38;2;250;250;252m  [48;2;184;173;229m[38;2;246;244;245m▊[48;2;30;3;182m[38;2;67;45;172m▎[48;2;38;3;185m[38;2;38;3;185m                  [0m
[48;2;38;3;185m[38;2;38;3;185m                  [48;2;36;1;194m[38;2;34;2;181m┃[48;2;231;227;226m[38;2;99;76;192m▎[48;2;250;250;252m[38;2;250;250;252m  [48;2;248;247;251m[38;2;0;0;0m [48;2;223;220;233m[38;2;72;61;160m▁[48;2;216;208;230m[38;2;64;42;186m▆[48;2;51;21;187m[38;2;0;0;0m [48;2;38;3;185m[38;2;38;3;185m        [48;2;40;5;185m[38;2;40;5;185m  [48;2;202;196;218m[38;2;59;36;181m▆[48;2;250;247;247m[38;2;224;220;234m▎[48;2;250;250;252m[38;2;250;250;252m  [48;2;242;241;247m[38;2;0;0;0m [48;2;65;48;160m[38;2;221;219;227m▆[48;2;38;3;185m[38;2;38;3;185m                  [0m
[48;2;38;3;185m[38;2;38;3;185m                  [48;2;41;8;180m[38;2;38;4;180m▄[48;2;166;152;208m[38;2;41;9;188m▆[48;2;207;206;213m[38;2;160;70;124m▂[48;2;246;232;236m[38;2;205;67;97m▂[48;2;225;214;240m[38;2;71;49;171m▆[48;2;48;18;181m[38;2;0;0;0m [48;2;38;3;185m[38;2;38;3;185m            [48;2;42;11;187m[38;2;0;0;0m [48;2;204;195;228m[38;2;48;20;179m▆[48;2;225;224;226m[38;2;83;63;190m▂[48;2;246;244;251m[38;2;0;0;0m [48;2;255;254;255m[38;2;246;245;251m▌[48;2;175;174;180m[38;2;246;245;249m▊[48;2;39;4;184m[38;2;39;4;184m  [48;2;38;3;185m[38;2;38;3;185m                [0m
[48;2;38;3;185m[38;2;38;3;185m                  [48;2;38;8;164m[38;2;29;14;63m▂[48;2;51;19;90m[38;2;157;49;91m▁[48;2;213;70;98m[38;2;115;42;47m▎[48;2;206;74;98m[38;2;239;81;114m▝[48;2;146;51;96m[38;2;50;25;27m▁[48;2;30;9;146m[38;2;35;14;23m▆[48;2;35;12;139m[38;2;5;3;11m▆▆[48;2;36;13;140m[38;2;5;3;12m▆▆[48;2;36;13;142m[38;2;5;3;13m▆▆▆▆[48;2;36;13;140m[38;2;5;3;12m▆▆▆▆[48;2;35;12;139m[38;2;5;3;11m▆▆[48;2;55;24;132m[38;2;16;13;16m▆[48;2;185;180;199m[38;2;100;35;52m▆[48;2;230;209;200m[38;2;217;78;109m▆[48;2;219;197;189m[38;2;206;67;98m▆[48;2;73;29;87m[38;2;191;72;109m━[48;2;44;4;181m[38;2;21;10;57m▃[48;2;38;3;185m[38;2;38;3;185m                [0m
[48;2;38;3;185m[38;2;38;3;185m                  [48;2;26;11;82m[38;2;40;12;181m▆[48;2;54;19;66m[38;2;54;4;189m▂[48;2;160;41;74m[38;2;25;10;81m▆▆[48;2;12;5;25m[38;2;43;11;182m▂▂[48;2;8;6;11m[38;2;30;5;149m▃▃▃▃[48;2;8;3;24m[38;2;39;10;180m▂▂▂▂[48;2;7;5;11m[38;2;29;4;148m▃▃[48;2;8;3;24m[38;2;39;10;180m▂▂[48;2;8;6;11m[38;2;30;5;149m▃▃[48;2;19;10;28m[38;2;44;13;181m▂[48;2;135;45;72m[38;2;26;7;81m▆[48;2;147;47;73m[38;2;27;9;80m▆▆[48;2;17;7;46m[38;2;37;4;182m▂[48;2;32;17;85m[38;2;33;2;170m▆[48;2;38;3;185m[38;2;38;3;185m                [0m
[48;2;40;2;185m[38;2;40;2;185m                                                            [0m
[48;2;40;2;185m[38;2;40;2;185m                                                            [0m
