[48;2;1;1;1m[38;2;1;1;1m                                                            [0m
[48;2;1;1;1m[38;2;1;1;1m                                                            [0m
[48;2;1;1;1m[38;2;1;1;1m                                                            [0m
[48;2;1;1;1m[38;2;1;1;1m                                                            [0m
[48;2;1;1;1m[38;2;1;1;1m                            [48;2;1;1;3m[38;2;1;1;3m  [48;2;1;1;1m[38;2;1;1;1m                              [0m
[48;2;1;1;1m[38;2;1;1;1m                        [48;2;1;1;3m[38;2;1;1;3m  [48;2;3;1;4m[38;2;3;1;4m  [48;2;35;30;34m[38;2;204;200;203m▃[48;2;17;12;16m[38;2;213;209;212m▄[48;2;11;9;12m[38;2;215;214;216m▄▄[48;2;14;12;15m[38;2;198;196;199m▄[48;2;18;17;19m[38;2;0;0;0m [48;2;1;1;3m[38;2;1;1;3m  [48;2;1;1;1m[38;2;1;1;1m                        [0m
[48;2;1;1;1m[38;2;1;1;1m                        [48;2;3;1;6m[38;2;3;1;6m    [48;2;94;91;87m[38;2;17;10;8m▇[48;2;220;212;212m[38;2;177;76;106m▄[48;2;250;239;240m[38;2;202;97;128m▄[48;2;246;237;236m[38;2;0;0;0m [48;2;246;245;247m [48;2;224;222;225m [48;2;1;0;0m[38;2;36;34;35m▎[48;2;2;0;1m[38;2;9;7;8m┃[48;2;1;1;3m[38;2;1;1;3m  [48;2;1;1;1m[38;2;1;1;1m                      [0m
[48;2;1;1;1m[38;2;1;1;1m                        [48;2;1;1;3m[38;2;1;1;3m  [48;2;3;1;6m[38;2;3;1;6m  [48;2;31;0;2m[38;2;1;5;6m▊[48;2;214;74;98m[38;2;127;30;49m▎[48;2;54;14;14m[38;2;197;67;95m▄[48;2;199;78;103m[38;2;0;0;0m [48;2;250;247;248m[38;2;213;209;210m▎[48;2;213;209;210m[38;2;250;247;248m▊[48;2;9;8;8m[38;2;40;38;39m▎[48;2;5;3;4m[38;2;23;21;22m▂[48;2;1;1;3m[38;2;1;1;3m  [48;2;3;1;4m[38;2;3;1;4m    [48;2;1;1;3m[38;2;1;1;3m  [48;2;1;1;1m[38;2;1;1;1m                [0m
[48;2;1;1;1m[38;2;1;1;1m                    [48;2;2;2;4m[38;2;2;2;4m  [48;2;2;0;3m[38;2;2;0;3m  [48;2;1;1;3m[38;2;1;1;3m  [48;2;8;7;9m[38;2;44;42;45m▁[48;2;13;11;14m[38;2;195;193;196m▄[48;2;26;20;22m[38;2;221;218;221m▄[48;2;208;78;101m[38;2;0;0;0m [48;2;214;74;100m[38;2;214;74;100m  [48;2;255;254;255m[38;2;239;235;236m▌[48;2;254;251;252m[38;2;247;243;244m┃[48;2;178;176;179m[38;2;249;247;249m▇[48;2;152;150;153m[38;2;241;239;241m▇[48;2;31;30;32m[38;2;231;229;232m▄[48;2;15;13;16m[38;2;214;212;215m▄[48;2;6;4;7m[38;2;25;23;26m▃[48;2;1;0;2m[38;2;2;0;3m▖[48;2;1;1;3m[38;2;1;1;3m  [48;2;3;1;6m[38;2;3;1;6m  [48;2;1;1;1m[38;2;1;1;1m                [0m
[48;2;1;1;1m[38;2;1;1;1m                [48;2;2;0;3m[38;2;2;0;3m      [48;2;1;1;3m[38;2;1;1;3m  [48;2;15;8;7m[38;2;0;0;0m [48;2;37;16;19m[38;2;178;66;100m▃[48;2;204;187;189m[38;2;193;84;116m▄[48;2;247;233;234m[38;2;0;0;0m [48;2;248;248;250m[38;2;248;248;250m  [48;2;214;96;122m[38;2;250;234;228m▄[48;2;210;66;101m[38;2;202;108;126m▄[48;2;255;253;255m[38;2;239;234;238m▌[48;2;254;250;253m[38;2;247;242;246m┃[48;2;250;250;252m[38;2;250;250;252m    [48;2;174;169;173m[38;2;240;235;239m▊[48;2;15;10;14m[38;2;54;49;53m▎[48;2;1;1;1m[38;2;1;1;1m                    [0m
[48;2;1;1;1m[38;2;1;1;1m            [48;2;1;1;3m[38;2;1;1;3m  [48;2;3;1;6m[38;2;3;1;6m      [48;2;1;1;3m[38;2;1;1;3m  [48;2;1;0;2m[38;2;14;12;15m╵[48;2;26;25;27m[38;2;189;187;190m▄[48;2;225;223;220m[38;2;0;0;0m [48;2;212;113;142m[38;2;241;236;234m▄[48;2;209;92;128m[38;2;243;240;239m▄[48;2;246;234;235m[38;2;0;0;0m [48;2;250;250;252m[38;2;250;250;252m  [48;2;249;249;251m[38;2;249;249;251m  [48;2;250;250;252m[38;2;250;250;252m      [48;2;245;245;247m[38;2;255;255;255m┃[48;2;172;172;174m[38;2;239;239;241m▊[48;2;15;14;14m[38;2;87;85;86m▁[48;2;1;0;0m[38;2;14;12;13m╺[48;2;1;1;1m[38;2;1;1;1m                  [0m
[48;2;1;1;1m[38;2;1;1;1m            [48;2;3;1;6m[38;2;3;1;6m    [48;2;1;1;3m[38;2;1;1;3m  [48;2;1;1;1m[38;2;1;1;1m    [48;2;9;6;6m[38;2;10;7;7m▄[48;2;218;215;216m[38;2;87;83;84m▎[48;2;249;247;249m[38;2;120;118;121m▁▁[48;2;218;217;219m[38;2;52;50;53m▄[48;2;228;226;229m[38;2;0;0;0m [48;2;250;250;252m[38;2;250;250;252m          [48;2;246;246;247m[38;2;0;0;0m [48;2;244;244;245m[38;2;153;153;155m▁[48;2;160;156;157m[38;2;225;222;223m▊[48;2;3;0;0m[38;2;7;3;4m▎[48;2;1;1;1m[38;2;1;1;1m                  [0m
[48;2;1;1;1m[38;2;1;1;1m            [48;2;1;1;3m[38;2;1;1;3m  [48;2;3;1;6m[38;2;3;1;6m  [48;2;1;1;1m[38;2;1;1;1m      [48;2;2;2;4m[38;2;2;2;4m  [48;2;4;2;7m[38;2;4;2;7m  [48;2;12;7;11m[38;2;0;0;0m [48;2;201;196;200m[38;2;28;24;27m▅[48;2;231;231;233m[38;2;0;0;0m [48;2;251;251;252m[38;2;238;238;240m▎[48;2;250;250;252m[38;2;250;250;252m  [48;2;252;247;249m[38;2;0;0;0m [48;2;248;244;246m[38;2;213;207;209m▂[48;2;246;228;235m[38;2;206;84;104m▄[48;2;236;218;225m[38;2;216;94;114m▄[48;2;234;230;233m[38;2;100;95;99m▁[48;2;214;210;214m[38;2;24;19;23m▄[48;2;213;208;212m[38;2;30;26;29m▅[48;2;15;11;14m[38;2;0;0;0m [48;2;2;2;4m[38;2;2;2;4m  [48;2;1;1;1m[38;2;1;1;1m                  [0m
[48;2;1;1;1m[38;2;1;1;1m              [48;2;2;0;3m[38;2;2;0;3m  [48;2;1;1;3m[38;2;1;1;3m  [48;2;1;1;1m[38;2;1;1;1m        [48;2;1;0;2m[38;2;20;18;21m [48;2;12;11;13m[38;2;123;121;124m▁[48;2;244;242;245m[38;2;153;151;154m▎[48;2;252;251;253m[38;2;245;243;246m┃[48;2;250;250;252m[38;2;250;250;252m  [48;2;240;208;214m[38;2;249;249;253m▊[48;2;204;87;107m[38;2;250;173;180m▁[48;2;204;81;101m[38;2;244;173;180m▁[48;2;225;210;217m[38;2;106;93;99m▁[48;2;1;0;4m[38;2;36;34;39m▎[48;2;2;0;5m[38;2;9;7;12m┃[48;2;3;1;6m[38;2;3;1;6m  [48;2;1;1;1m[38;2;1;1;1m                    [0m
[48;2;1;1;1m[38;2;1;1;1m                [48;2;1;1;3m[38;2;1;1;3m  [48;2;1;1;1m[38;2;1;1;1m        [48;2;24;23;25m[38;2;192;190;192m▅[48;2;233;231;234m[38;2;0;0;0m [48;2;237;232;234m[38;2;93;87;89m▅[48;2;227;222;224m[38;2;92;86;88m▁[48;2;243;239;242m[38;2;79;74;78m▁▁[48;2;239;234;238m[38;2;86;81;85m▁▁[48;2;217;212;215m[38;2;89;84;87m▅[48;2;34;29;32m[38;2;211;205;209m▅[48;2;18;14;19m[38;2;148;143;149m▁[48;2;11;6;12m[38;2;0;0;0m [48;2;3;1;6m[38;2;3;1;6m  [48;2;1;1;1m[38;2;1;1;1m                    [0m
[48;2;1;1;1m[38;2;1;1;1m                        [48;2;8;7;9m[38;2;0;0;0m [48;2;78;76;79m[38;2;219;217;220m┏[48;2;231;231;233m[38;2;0;0;0m [48;2;255;255;255m[38;2;239;239;241m▎[48;2;226;224;227m[38;2;248;246;248m▊[48;2;38;36;39m[38;2;137;135;138m▎[48;2;1;0;4m[38;2;19;17;22m▁[48;2;18;16;21m[38;2;135;133;138m▁[48;2;13;9;12m[38;2;37;33;36m▁[48;2;41;36;40m[38;2;217;212;216m▅[48;2;248;248;250m[38;2;248;248;250m  [48;2;176;171;175m[38;2;247;243;246m▊[48;2;7;3;6m[38;2;53;48;52m▎[48;2;2;0;3m[38;2;2;0;3m  [48;2;1;1;1m[38;2;1;1;1m                    [0m
[48;2;1;1;1m[38;2;1;1;1m                        [48;2;19;17;20m[38;2;138;136;139m▁[48;2;239;237;239m[38;2;121;119;122m▎[48;2;250;250;252m[38;2;250;250;252m  [48;2;249;249;251m[38;2;249;249;251m  [48;2;62;56;60m[38;2;228;223;226m▅[48;2;199;194;198m[38;2;48;42;46m▅[48;2;52;47;50m[38;2;217;212;216m▅[48;2;212;207;210m[38;2;97;91;95m▅[48;2;231;229;232m[38;2;94;92;95m▁[48;2;246;244;246m[38;2;0;0;0m [48;2;240;239;241m [48;2;43;41;44m[38;2;208;207;209m▅[48;2;4;2;5m[38;2;4;2;5m  [48;2;1;1;1m[38;2;1;1;1m                    [0m
[48;2;1;1;1m[38;2;1;1;1m                    [48;2;2;0;3m[38;2;2;0;3m  [48;2;0;0;0m[38;2;0;0;0m  [48;2;234;232;235m[38;2;76;74;77m▎[48;2;255;254;255m[38;2;252;250;253m▄[48;2;250;250;252m[38;2;250;250;252m    [48;2;245;241;244m[38;2;0;0;0m [48;2;66;61;65m[38;2;180;175;179m▅[48;2;210;204;208m[38;2;88;83;86m▅[48;2;234;229;233m[38;2;111;105;109m▂[48;2;54;49;52m[38;2;227;223;226m▅[48;2;206;201;204m[38;2;84;78;82m▅[48;2;226;223;224m[38;2;88;84;85m▅[48;2;173;169;170m[38;2;236;233;234m▊[48;2;4;2;5m[38;2;20;18;21m▌[48;2;7;5;8m[38;2;1;0;2m▊[48;2;1;1;1m[38;2;1;1;1m                    [0m
[48;2;1;1;1m[38;2;1;1;1m                  [48;2;1;1;3m[38;2;1;1;3m  [48;2;2;0;3m[38;2;2;0;3m  [48;2;0;0;2m[38;2;2;2;4m▄[48;2;17;17;19m[38;2;159;159;161m▁[48;2;231;229;232m[38;2;119;117;120m▎[48;2;255;254;255m[38;2;251;249;252m┛[48;2;250;250;252m[38;2;250;250;252m  [48;2;247;245;248m[38;2;0;0;0m [48;2;232;231;233m[38;2;73;71;74m▁[48;2;211;206;212m[38;2;32;27;33m▅[48;2;25;20;26m[38;2;0;0;0m [48;2;238;236;239m[38;2;210;208;211m▎[48;2;64;62;65m[38;2;241;240;242m▅[48;2;248;248;250m[38;2;248;248;250m  [48;2;255;255;255m[38;2;245;245;247m▌[48;2;174;174;176m▊[48;2;4;2;5m[38;2;20;18;21m▌[48;2;7;5;8m[38;2;1;0;2m▊[48;2;1;1;1m[38;2;1;1;1m                    [0m
[48;2;1;1;1m[38;2;1;1;1m                  [48;2;2;0;3m[38;2;2;0;3m    [48;2;12;10;13m[38;2;6;4;7m┃[48;2;232;230;233m[38;2;94;92;95m▎[48;2;250;250;252m[38;2;250;250;252m    [48;2;230;228;230m[38;2;59;57;60m▁[48;2;10;8;11m[38;2;88;86;89m▎[48;2;4;2;7m[38;2;4;2;7m  [48;2;196;194;197m[38;2;24;22;25m▅[48;2;247;245;247m[38;2;197;195;198m▎[48;2;250;250;252m[38;2;250;250;252m  [48;2;255;255;255m[38;2;247;247;249m▌[48;2;176;176;178m[38;2;247;247;248m▊[48;2;27;25;28m[38;2;214;212;215m▁[48;2;6;4;7m[38;2;1;0;2m▅[48;2;1;1;1m[38;2;1;1;1m                    [0m
[48;2;4;2;10m[38;2;23;2;126m▂▂▂▂▂▂▂▂▂▂▂▂▂▂▂▂▂▂[48;2;5;3;12m[38;2;24;2;129m▂▂[48;2;4;2;10m[38;2;23;2;126m▂▂[48;2;6;5;11m[38;2;24;4;125m▂[48;2;236;233;237m[38;2;87;82;102m▎[48;2;250;250;252m[38;2;250;250;252m    [48;2;39;32;50m[38;2;59;32;182m▁[48;2;9;5;11m[38;2;27;5;126m▂[48;2;5;3;12m[38;2;24;2;129m▂▂[48;2;18;14;31m[38;2;32;5;173m▁[48;2;215;211;226m[38;2;54;25;195m▁[48;2;249;249;251m[38;2;249;249;251m  [48;2;250;250;252m[38;2;250;250;252m  [48;2;178;171;186m[38;2;248;244;243m▊[48;2;18;14;17m[38;2;34;13;128m▂[48;2;4;2;10m[38;2;23;2;126m▂▂▂▂▂▂▂▂▂▂▂▂▂▂▂▂▂▂▂▂[0m
[48;2;38;3;183m[38;2;38;3;183m                    [48;2;38;3;185m[38;2;38;3;185m  [48;2;103;86;191m[38;2;220;215;236m┏[48;2;231;230;234m[38;2;0;0;0m [48;2;250;250;252m[38;2;250;250;252m  [48;2;248;246;242m[38;2;0;0;0m [48;2;228;225;238m[38;2;78;58;192m▆[48;2;40;7;183m[38;2;70;35;213m▘[48;2;41;6;184m[38;2;31;0;174m▚[48;2;38;3;183m[38;2;38;3;183m  [48;2;40;5;183m[38;2;40;5;183m  [48;2;235;234;238m[38;2;82;64;174m▂[48;2;244;243;247m[38;2;0;0;0m [48;2;250;250;252m[38;2;250;250;252m  [48;2;175;161;220m[38;2;251;246;249m▊[48;2;39;11;173m[38;2;48;13;204m│[48;2;38;3;183m[38;2;38;3;183m                    [0m
[48;2;38;3;183m[38;2;38;3;183m                    [48;2;38;3;185m[38;2;38;3;185m  [48;2;232;232;230m[38;2;84;68;166m▎[48;2;251;249;252m[38;2;240;241;235m│[48;2;250;250;252m[38;2;250;250;252m  [48;2;242;236;241m[38;2;100;79;178m▂[48;2;43;10;185m[38;2;108;89;180m▎[48;2;38;3;183m[38;2;38;3;183m      [48;2;75;49;186m[38;2;36;5;184m▊[48;2;233;227;240m[38;2;79;56;174m▂[48;2;249;249;251m[38;2;249;249;251m  [48;2;244;244;246m[38;2;0;0;0m [48;2;56;38;178m[38;2;213;210;229m▆[48;2;39;4;184m[38;2;39;4;184m  [48;2;38;3;183m[38;2;38;3;183m                  [0m
[48;2;38;3;185m[38;2;38;3;185m                      [48;2;233;231;238m[38;2;85;66;182m▎[48;2;252;251;250m[38;2;241;244;223m│[48;2;251;251;253m[38;2;251;251;253m  [48;2;42;9;180m[38;2;174;158;221m▎[48;2;37;5;190m[38;2;35;4;159m▎[48;2;38;3;185m[38;2;38;3;185m      [48;2;32;0;173m[38;2;41;7;182m▌[48;2;56;22;197m[38;2;38;4;179m▌[48;2;230;230;231m[38;2;70;56;177m▂[48;2;246;244;250m[38;2;0;0;0m [48;2;255;254;255m[38;2;253;252;255m▌[48;2;164;163;171m[38;2;240;239;246m▊[48;2;40;5;183m[38;2;40;5;183m  [48;2;38;3;185m[38;2;38;3;185m                  [0m
[48;2;38;3;185m[38;2;38;3;185m                      [48;2;112;95;200m[38;2;217;213;233m┗[48;2;235;234;235m[38;2;0;0;0m [48;2;236;232;250m[38;2;249;247;244m▊[48;2;213;208;230m[38;2;85;64;190m▆[48;2;37;4;180m[38;2;76;41;219m▘[48;2;33;1;176m[38;2;46;11;189m▝[48;2;38;3;185m[38;2;38;3;185m        [48;2;83;61;196m[38;2;36;7;186m▊[48;2;229;225;236m[38;2;61;45;158m▂[48;2;250;250;251m[38;2;240;240;242m▃[48;2;241;241;243m[38;2;251;251;252m▄[48;2;69;44;169m[38;2;221;214;232m▆[48;2;39;8;194m[38;2;49;19;182m▄[48;2;38;3;185m[38;2;38;3;185m                  [0m
[48;2;38;3;185m[38;2;38;3;185m                      [48;2;47;14;174m[38;2;149;58;119m▂[48;2;181;162;211m[38;2;189;61;100m▆[48;2;231;204;202m[38;2;212;80;113m▆[48;2;65;23;170m[38;2;0;0;0m [48;2;38;3;185m[38;2;38;3;185m          [48;2;38;3;181m[38;2;40;5;192m▊[48;2;61;30;187m[38;2;30;0;163m▌[48;2;232;223;227m[38;2;210;77;102m▂[48;2;243;234;237m[38;2;221;88;113m▂[48;2;214;209;222m[38;2;209;80;134m▂[48;2;44;14;185m[38;2;52;10;161m▖[48;2;38;3;185m[38;2;38;3;185m                  [0m
[48;2;38;3;185m[38;2;38;3;185m                    [48;2;59;17;162m[38;2;102;44;67m▆[48;2;154;58;119m[38;2;18;3;16m▂[48;2;209;69;102m[38;2;45;20;16m▃▃[48;2;129;46;63m[38;2;21;15;24m▅[48;2;74;13;130m[38;2;7;8;10m▆[48;2;36;13;140m[38;2;5;3;12m▆▆[48;2;36;13;142m[38;2;5;3;13m▆▆▆▆[48;2;36;13;140m[38;2;5;3;12m▆▆▆▆[48;2;36;14;139m[38;2;5;3;10m▆▆[48;2;147;51;81m[38;2;28;14;14m▆[48;2;224;78;99m[38;2;170;56;76m▎[48;2;165;57;91m[38;2;208;71;93m▊[48;2;75;28;83m[38;2;205;75;106m━[48;2;38;6;169m[38;2;28;16;55m▂[48;2;33;2;174m[38;2;43;5;202m▗[48;2;38;3;185m[38;2;38;3;185m                [0m
[48;2;38;3;185m[38;2;38;3;185m                    [48;2;33;14;107m[38;2;34;3;173m▆[48;2;18;6;55m[38;2;38;7;176m▂[48;2;8;6;11m[38;2;30;5;149m▃▃▃▃▃▃[48;2;8;3;24m[38;2;39;10;180m▂▂▂▂[48;2;7;5;11m[38;2;29;4;148m▃▃[48;2;8;3;24m[38;2;39;10;180m▂▂[48;2;8;6;11m[38;2;30;5;149m▃▃[48;2;19;10;28m[38;2;44;13;181m▂[48;2;135;45;72m[38;2;26;7;81m▆[48;2;134;45;74m[38;2;25;7;82m▆[48;2;18;10;30m[38;2;42;14;183m▂[48;2;37;22;78m[38;2;37;2;183m▆[48;2;37;2;182m[38;2;37;5;163m▘[48;2;38;3;185m[38;2;38;3;185m                [0m
[48;2;40;2;185m[38;2;40;2;185m                                                            [0m
[48;2;40;2;185m[38;2;40;2;185m                                                            [0m
