[48;2;1;1;1m[38;2;1;1;1m                                                            [0m
[48;2;1;1;1m[38;2;1;1;1m                                                            [0m
[48;2;1;1;1m[38;2;1;1;1m                                                            [0m
[48;2;1;1;1m[38;2;1;1;1m                                                            [0m
[48;2;1;1;1m[38;2;1;1;1m                            [48;2;1;1;3m[38;2;1;1;3m  [48;2;1;1;1m[38;2;1;1;1m                              [0m
[48;2;1;1;1m[38;2;1;1;1m                        [48;2;1;1;3m[38;2;1;1;3m  [48;2;3;1;4m[38;2;3;1;4m  [48;2;35;30;34m[38;2;204;200;203m▃[48;2;17;12;16m[38;2;213;209;212m▄[48;2;11;9;12m[38;2;215;214;216m▄▄[48;2;14;12;15m[38;2;198;196;199m▄[48;2;18;17;19m[38;2;0;0;0m [48;2;1;1;3m[38;2;1;1;3m  [48;2;1;1;1m[38;2;1;1;1m                        [0m
[48;2;1;1;1m[38;2;1;1;1m                        [48;2;3;1;6m[38;2;3;1;6m    [48;2;94;91;87m[38;2;17;10;8m▇[48;2;220;212;212m[38;2;177;76;106m▄[48;2;250;239;240m[38;2;202;97;128m▄[48;2;246;237;236m[38;2;0;0;0m [48;2;246;245;247m [48;2;224;222;225m [48;2;1;0;0m[38;2;36;34;35m▎[48;2;2;0;1m[38;2;9;7;8m┃[48;2;1;1;3m[38;2;1;1;3m  [48;2;1;1;1m[38;2;1;1;1m                      [0m
[48;2;1;1;1m[38;2;1;1;1m                        [48;2;1;1;3m[38;2;1;1;3m  [48;2;4;2;7m[38;2;4;2;7m  [48;2;33;0;4m[38;2;1;6;8m▊[48;2;216;76;100m[38;2;129;32;51m▎[48;2;55;15;15m[38;2;195;64;93m▄[48;2;204;81;107m[38;2;163;56;76m⎻[48;2;250;247;248m[38;2;213;209;210m▎[48;2;213;209;210m[38;2;250;247;248m▊[48;2;8;6;7m[38;2;57;55;56m▎[48;2;1;0;0m[38;2;14;12;13m▎[48;2;1;1;3m[38;2;1;1;3m  [48;2;3;1;4m[38;2;3;1;4m    [48;2;1;1;3m[38;2;1;1;3m  [48;2;1;1;1m[38;2;1;1;1m                [0m
[48;2;1;1;1m[38;2;1;1;1m                    [48;2;5;3;6m[38;2;5;3;6m  [48;2;4;3;5m[38;2;45;43;46m▁▁[48;2;19;14;18m[38;2;191;187;190m▄[48;2;21;17;20m[38;2;224;220;223m▄[48;2;22;20;23m[38;2;228;226;228m▄[48;2;143;141;144m[38;2;230;229;231m▇[48;2;201;200;204m[38;2;243;243;246m▆[48;2;217;72;99m[38;2;228;152;165m▎[48;2;215;75;101m[38;2;215;75;101m  [48;2;255;254;255m[38;2;239;235;236m▌[48;2;254;251;252m[38;2;247;243;244m┃[48;2;169;167;170m[38;2;239;237;239m▇[48;2;28;26;29m[38;2;232;230;232m▄[48;2;14;13;15m[38;2;210;208;211m▄[48;2;19;17;20m[38;2;0;0;0m [48;2;1;1;3m[38;2;1;1;3m    [48;2;3;1;6m[38;2;3;1;6m  [48;2;1;1;1m[38;2;1;1;1m                [0m
[48;2;1;1;1m[38;2;1;1;1m                [48;2;2;0;3m[38;2;2;0;3m  [48;2;9;7;10m[38;2;41;40;42m▁[48;2;18;16;19m[38;2;182;181;183m▄[48;2;26;24;27m[38;2;233;231;234m▄[48;2;239;237;240m[38;2;136;134;137m▘[48;2;244;242;245m[38;2;186;184;187m▁▁[48;2;249;249;251m[38;2;249;249;251m  [48;2;250;250;252m[38;2;250;250;252m  [48;2;248;248;250m[38;2;248;248;250m  [48;2;214;96;122m[38;2;250;234;228m▄[48;2;210;66;101m[38;2;202;108;126m▄[48;2;255;253;255m[38;2;239;234;238m▌[48;2;254;250;253m[38;2;247;242;246m┃[48;2;250;250;252m[38;2;250;250;252m  [48;2;255;255;255m[38;2;246;246;248m▄[48;2;247;247;248m[38;2;188;188;190m▝[48;2;28;26;29m[38;2;238;236;238m▄[48;2;21;19;22m[38;2;210;208;211m▄[48;2;5;5;5m[38;2;24;24;24m▃[48;2;0;0;0m[38;2;1;1;1m▖[48;2;1;1;1m                  [0m
[48;2;1;1;1m[38;2;1;1;1m            [48;2;1;1;3m[38;2;1;1;3m  [48;2;3;1;6m[38;2;3;1;6m  [48;2;7;3;2m[38;2;0;0;0m [48;2;44;17;23m[38;2;203;71;114m▗[48;2;182;91;116m[38;2;235;224;223m▝[48;2;241;223;224m[38;2;185;139;149m▁[48;2;233;231;233m[38;2;57;55;58m▄[48;2;226;224;226m[38;2;10;9;11m▄[48;2;28;26;29m[38;2;0;0;0m [48;2;33;31;34m[38;2;8;6;9m▇[48;2;189;187;190m[38;2;10;8;11m▄[48;2;222;220;222m[38;2;11;10;12m▄[48;2;224;222;224m[38;2;18;17;19m▄[48;2;226;224;226m[38;2;0;0;0m [48;2;250;250;252m[38;2;250;250;252m  [48;2;249;249;251m[38;2;249;249;251m  [48;2;250;250;252m[38;2;250;250;252m    [48;2;250;248;250m[38;2;152;150;153m▁▁[48;2;250;250;252m[38;2;250;250;252m  [48;2;229;228;230m[38;2;0;0;0m [48;2;34;32;35m[38;2;217;215;218m▄[48;2;7;7;7m[38;2;77;77;77m▁[48;2;0;0;0m[38;2;12;12;12m━[48;2;1;1;1m[38;2;1;1;1m                [0m
[48;2;1;1;1m[38;2;1;1;1m            [48;2;3;1;6m[38;2;3;1;6m    [48;2;6;5;3m[38;2;13;6;6m▎[48;2;37;11;17m[38;2;184;57;98m▝[48;2;185;58;95m[38;2;12;8;5m▄[48;2;11;7;3m[38;2;95;41;54m▘[48;2;1;1;1m[38;2;1;1;1m  [48;2;2;0;3m[38;2;2;0;3m  [48;2;3;1;6m[38;2;3;1;6m  [48;2;22;20;25m[38;2;1;0;4m▊[48;2;242;241;244m[38;2;120;118;123m▎[48;2;250;250;252m[38;2;250;250;252m      [48;2;255;255;255m▄[48;2;186;186;188m[38;2;244;244;246m▊[48;2;9;4;8m[38;2;46;41;45m▎[48;2;19;15;18m[38;2;0;0;0m [48;2;213;211;214m[38;2;33;32;34m▄[48;2;240;238;240m[38;2;149;147;150m▁[48;2;250;250;252m[38;2;250;250;252m  [48;2;145;143;144m[38;2;244;242;243m▊[48;2;1;0;0m[38;2;22;20;21m▄[48;2;1;1;1m[38;2;1;1;1m                [0m
[48;2;1;1;1m[38;2;1;1;1m            [48;2;1;1;3m[38;2;1;1;3m  [48;2;3;1;6m[38;2;3;1;6m  [48;2;1;1;1m[38;2;1;1;1m      [48;2;1;1;3m[38;2;1;1;3m  [48;2;3;1;6m[38;2;3;1;6m  [48;2;12;7;11m[38;2;0;0;0m [48;2;201;196;200m[38;2;28;24;27m▅[48;2;231;231;233m[38;2;0;0;0m [48;2;251;251;252m[38;2;238;238;240m▎[48;2;250;250;252m[38;2;250;250;252m    [48;2;255;254;255m[38;2;251;249;252m▄[48;2;187;185;188m[38;2;245;243;246m▊[48;2;1;0;4m[38;2;36;34;39m▎[48;2;2;0;5m[38;2;9;7;12m┃[48;2;3;0;2m[38;2;16;11;15m│[48;2;51;46;50m[38;2;0;0;0m [48;2;248;248;250m[38;2;230;230;232m▌[48;2;246;246;248m[38;2;254;254;255m▌[48;2;135;133;134m[38;2;226;224;225m▊[48;2;1;0;0m[38;2;23;21;22m▎[48;2;1;1;1m[38;2;1;1;1m                [0m
[48;2;1;1;1m[38;2;1;1;1m              [48;2;2;0;3m[38;2;2;0;3m  [48;2;1;1;3m[38;2;1;1;3m  [48;2;1;1;1m[38;2;1;1;1m        [48;2;1;0;2m[38;2;20;18;21m [48;2;12;11;13m[38;2;123;121;124m▁[48;2;221;219;221m[38;2;143;141;144m▎[48;2;244;243;245m[38;2;0;0;0m [48;2;250;250;252m[38;2;250;250;252m  [48;2;249;249;251m[38;2;249;249;251m  [48;2;238;234;237m[38;2;113;108;112m▁[48;2;217;213;216m[38;2;71;67;70m▅[48;2;17;12;16m[38;2;143;138;142m▁[48;2;3;0;2m[38;2;12;7;11m▄[48;2;81;72;77m[38;2;15;7;11m▊[48;2;237;230;235m[38;2;169;160;165m▁[48;2;249;245;249m[38;2;165;137;149m▁[48;2;214;207;212m[38;2;105;77;89m▁[48;2;4;4;4m[38;2;4;4;4m  [48;2;1;1;1m[38;2;1;1;1m                [0m
[48;2;1;1;1m[38;2;1;1;1m                [48;2;1;1;3m[38;2;1;1;3m  [48;2;1;1;1m[38;2;1;1;1m        [48;2;24;23;25m[38;2;192;190;192m▅[48;2;233;231;234m[38;2;0;0;0m [48;2;48;44;47m[38;2;173;168;172m▁[48;2;206;201;205m[38;2;31;26;30m▅[48;2;234;229;235m[38;2;27;23;28m▅▅[48;2;226;221;225m[38;2;72;67;71m▅[48;2;222;217;221m[38;2;75;70;74m▅[48;2;51;49;52m[38;2;224;222;225m▅[48;2;240;238;241m[38;2;0;0;0m [48;2;188;183;187m[38;2;241;236;240m▊[48;2;32;27;31m[38;2;143;138;142m▁[48;2;21;10;11m[38;2;0;0;0m [48;2;179;58;97m[38;2;30;11;15m▅[48;2;203;70;101m[38;2;98;32;41m▂[48;2;22;10;3m[38;2;148;46;67m▅[48;2;1;1;1m[38;2;1;1;1m                  [0m
[48;2;1;1;1m[38;2;1;1;1m                        [48;2;8;7;9m[38;2;0;0;0m [48;2;78;76;79m[38;2;219;217;220m┏[48;2;231;231;233m[38;2;0;0;0m [48;2;255;255;255m[38;2;239;239;241m▎[48;2;227;225;227m[38;2;249;247;249m▊[48;2;38;37;39m[38;2;138;136;139m▎[48;2;27;21;25m[38;2;161;156;159m▅[48;2;39;34;37m[38;2;178;172;176m▁[48;2;225;223;226m[38;2;102;100;103m▁[48;2;246;244;246m[38;2;227;225;228m▁[48;2;250;250;252m[38;2;250;250;252m  [48;2;255;255;255m[38;2;244;244;246m▌[48;2;173;173;175m[38;2;245;245;246m▊[48;2;4;2;5m[38;2;20;18;21m▌[48;2;7;5;8m[38;2;1;0;2m▊[48;2;1;1;1m[38;2;1;1;1m                    [0m
[48;2;1;1;1m[38;2;1;1;1m                        [48;2;24;22;25m[38;2;1;0;2m▊[48;2;239;237;240m[38;2;110;108;111m▎[48;2;250;250;252m[38;2;250;250;252m  [48;2;248;248;250m[38;2;248;248;250m  [48;2;50;46;47m[38;2;188;184;185m▁[48;2;243;240;241m[38;2;158;154;155m▎[48;2;59;54;58m[38;2;227;223;227m▅[48;2;205;200;204m[38;2;88;84;87m▅[48;2;225;221;225m[38;2;84;80;83m▅[48;2;243;240;243m[38;2;0;0;0m [48;2;244;242;244m [48;2;215;213;216m[38;2;91;89;92m▁[48;2;8;6;9m[38;2;13;11;14m▌[48;2;1;0;2m[38;2;3;1;4m▎[48;2;1;1;1m[38;2;1;1;1m                    [0m
[48;2;1;1;1m[38;2;1;1;1m                    [48;2;2;0;3m[38;2;2;0;3m  [48;2;1;1;1m[38;2;1;1;1m  [48;2;24;22;27m[38;2;1;0;4m▊[48;2;239;237;241m[38;2;110;108;113m▎[48;2;250;250;252m[38;2;250;250;252m        [48;2;249;249;251m[38;2;249;249;251m  [48;2;213;209;214m[38;2;72;67;73m▁[48;2;3;0;4m[38;2;6;1;7m▄[48;2;1;1;3m[38;2;1;1;3m  [48;2;1;1;1m[38;2;1;1;1m                    [0m
[48;2;1;1;1m[38;2;1;1;1m                  [48;2;1;1;3m[38;2;1;1;3m  [48;2;2;0;3m[38;2;2;0;3m  [48;2;1;1;3m[38;2;1;1;3m  [48;2;24;22;27m[38;2;1;0;4m▊[48;2;239;237;241m[38;2;110;108;113m▎[48;2;250;250;252m[38;2;250;250;252m        [48;2;255;254;255m[38;2;251;249;252m▄[48;2;187;185;188m[38;2;245;243;246m▊[48;2;1;0;4m[38;2;36;34;39m▎[48;2;2;0;5m[38;2;9;7;12m┃[48;2;1;1;3m[38;2;1;1;3m  [48;2;1;1;1m[38;2;1;1;1m                    [0m
[48;2;1;1;1m[38;2;1;1;1m                  [48;2;2;0;3m[38;2;2;0;3m    [48;2;3;1;6m[38;2;3;1;6m  [48;2;9;7;10m[38;2;0;0;0m [48;2;170;168;171m[38;2;11;10;12m▅[48;2;242;240;243m[38;2;153;151;154m▎[48;2;247;246;248m[38;2;0;0;0m [48;2;250;250;252m[38;2;250;250;252m  [48;2;229;228;230m[38;2;56;54;57m▁[48;2;244;242;245m[38;2;0;0;0m [48;2;250;250;252m[38;2;250;250;252m  [48;2;255;254;255m[38;2;248;246;249m▌[48;2;177;175;178m[38;2;247;246;248m▊[48;2;1;0;4m[38;2;36;34;39m▎[48;2;2;0;5m[38;2;9;7;12m┃[48;2;1;1;3m[38;2;1;1;3m  [48;2;1;1;1m[38;2;1;1;1m                    [0m
[48;2;4;2;10m[38;2;23;2;126m▂▂▂▂▂▂▂▂▂▂▂▂▂▂▂▂▂▂[48;2;5;3;12m[38;2;24;2;129m▂▂[48;2;4;2;10m[38;2;23;2;126m▂▂[48;2;5;3;12m[38;2;24;2;129m▂▂[48;2;7;2;12m[38;2;26;1;129m▂▂[48;2;239;237;241m[38;2;129;127;132m▎[48;2;254;252;255m[38;2;239;237;242m│[48;2;248;248;250m[38;2;248;248;250m  [48;2;42;38;39m[38;2;186;180;189m▂[48;2;213;208;218m[38;2;56;33;155m▁[48;2;249;249;251m[38;2;249;249;251m  [48;2;250;250;251m[38;2;240;240;242m▃[48;2;241;241;243m[38;2;251;251;252m▄[48;2;26;22;22m[38;2;211;205;216m▆[48;2;15;12;21m[38;2;36;17;117m▂[48;2;5;3;12m[38;2;24;2;129m▂▂[48;2;4;2;10m[38;2;23;2;126m▂▂▂▂▂▂▂▂▂▂▂▂▂▂▂▂▂▂▂▂[0m
[48;2;38;3;183m[38;2;38;3;183m                        [48;2;38;3;185m[38;2;38;3;185m  [48;2;205;200;223m[38;2;51;27;183m▆[48;2;240;237;241m[38;2;174;165;205m▎[48;2;250;250;252m[38;2;250;250;252m  [48;2;227;220;250m[38;2;249;248;245m▊[48;2;59;35;181m[38;2;206;201;219m▂[48;2;231;228;240m[38;2;95;80;175m▂[48;2;242;240;247m[38;2;0;0;0m [48;2;250;250;252m[38;2;250;250;252m  [48;2;172;161;219m[38;2;248;246;248m▊[48;2;36;11;172m[38;2;45;12;203m│[48;2;38;3;183m[38;2;38;3;183m                      [0m
[48;2;38;3;183m[38;2;38;3;183m                          [48;2;35;6;175m[38;2;45;9;204m▘[48;2;203;192;230m[38;2;47;15;179m▆[48;2;242;241;245m[38;2;185;184;190m▎[48;2;251;250;253m[38;2;245;244;249m▗[48;2;249;249;251m[38;2;249;249;251m  [48;2;65;46;177m[38;2;219;217;217m▂[48;2;248;246;244m[38;2;196;186;236m▎[48;2;250;250;252m[38;2;250;250;252m  [48;2;172;161;219m[38;2;248;246;248m▊[48;2;36;11;172m[38;2;45;12;203m│[48;2;38;3;183m[38;2;38;3;183m                      [0m
[48;2;38;3;185m[38;2;38;3;185m                          [48;2;38;3;183m[38;2;38;3;183m  [48;2;200;194;218m[38;2;42;18;179m▆[48;2;225;220;240m[38;2;48;23;184m▂[48;2;251;251;252m[38;2;241;241;243m▃[48;2;241;241;243m[38;2;251;251;252m▅[48;2;243;242;244m[38;2;0;0;0m [48;2;154;142;209m[38;2;154;142;209m▄[48;2;247;247;249m[38;2;247;247;249m  [48;2;221;212;241m[38;2;55;34;167m▂[48;2;40;14;165m[38;2;41;10;188m▄[48;2;38;3;185m[38;2;38;3;185m                      [0m
[48;2;38;3;185m[38;2;38;3;185m                              [48;2;180;184;230m[38;2;55;19;178m▆[48;2;229;225;228m[38;2;186;78;102m▂[48;2;240;214;230m[38;2;202;81;101m▆[48;2;215;214;235m[38;2;112;46;148m▆[48;2;232;222;212m[38;2;203;77;106m▆▆[48;2;40;5;185m[38;2;40;5;185m  [48;2;38;3;185m[38;2;38;3;185m                      [0m
[48;2;38;3;185m[38;2;38;3;185m                              [48;2;35;5;186m[38;2;55;13;179m▝[48;2;153;58;115m[38;2;39;6;169m▆[48;2;212;70;96m[38;2;208;66;92m▌[48;2;224;82;108m[38;2;219;77;103m▌[48;2;222;75;98m[38;2;178;60;114m▗[48;2;192;72;106m[38;2;53;15;160m▂[48;2;38;3;183m[38;2;38;3;183m  [48;2;38;3;185m[38;2;38;3;185m                      [0m
[48;2;38;3;185m[38;2;38;3;185m                          [48;2;34;3;169m[38;2;23;9;69m▃[48;2;26;3;122m[38;2;15;8;24m▅[48;2;36;13;142m[38;2;5;3;13m▆▆[48;2;28;12;140m[38;2;18;4;19m▆[48;2;72;33;70m[38;2;185;68;102m━[48;2;173;51;88m[38;2;11;6;4m▆▆[48;2;138;50;73m[38;2;14;3;16m▆[48;2;41;20;129m[38;2;6;3;11m▆[48;2;37;14;143m[38;2;6;4;14m▆▆[48;2;38;6;168m[38;2;28;16;53m▂[48;2;33;2;172m[38;2;43;5;201m▗[48;2;38;3;185m[38;2;38;3;185m                    [0m
[48;2;38;3;185m[38;2;38;3;185m                          [48;2;32;17;85m[38;2;33;2;170m▆[48;2;17;7;46m[38;2;37;4;182m▂[48;2;8;3;24m[38;2;39;10;180m▂▂▂▂[48;2;7;5;11m[38;2;29;4;148m▃▃[48;2;8;3;24m[38;2;39;10;180m▂▂[48;2;8;6;12m[38;2;31;5;151m▃▃[48;2;37;22;76m[38;2;37;2;182m▆[48;2;37;2;180m[38;2;37;5;162m▘[48;2;38;3;185m[38;2;38;3;185m                    [0m
[48;2;40;2;185m[38;2;40;2;185m                                                            [0m
[48;2;40;2;185m[38;2;40;2;185m                                                            [0m
