[48;2;1;1;1m[38;2;1;1;1m                                                            [0m
[48;2;1;1;1m[38;2;1;1;1m                                                            [0m
[48;2;1;1;1m[38;2;1;1;1m                                                            [0m
[48;2;1;1;1m[38;2;1;1;1m                                                            [0m
[48;2;1;1;1m[38;2;1;1;1m                            [48;2;1;1;3m[38;2;1;1;3m  [48;2;1;1;1m[38;2;1;1;1m                              [0m
[48;2;1;1;1m[38;2;1;1;1m                        [48;2;1;1;3m[38;2;1;1;3m  [48;2;3;1;4m[38;2;3;1;4m  [48;2;35;30;34m[38;2;204;200;203m▃[48;2;17;12;16m[38;2;213;209;212m▄[48;2;11;9;12m[38;2;215;214;216m▄▄[48;2;14;12;15m[38;2;198;196;199m▄[48;2;18;17;19m[38;2;0;0;0m [48;2;1;1;3m[38;2;1;1;3m  [48;2;1;1;1m[38;2;1;1;1m                        [0m
[48;2;1;1;1m[38;2;1;1;1m                        [48;2;3;1;6m[38;2;3;1;6m    [48;2;94;91;87m[38;2;17;10;8m▇[48;2;220;212;212m[38;2;177;76;106m▄[48;2;250;239;240m[38;2;202;97;128m▄[48;2;246;237;236m[38;2;0;0;0m [48;2;246;245;247m [48;2;224;222;225m [48;2;1;0;0m[38;2;36;34;35m▎[48;2;2;0;1m[38;2;9;7;8m┃[48;2;1;1;3m[38;2;1;1;3m  [48;2;1;1;1m[38;2;1;1;1m                      [0m
[48;2;1;1;1m[38;2;1;1;1m                        [48;2;1;1;3m[38;2;1;1;3m  [48;2;4;2;7m[38;2;4;2;7m  [48;2;33;0;4m[38;2;1;6;8m▊[48;2;216;76;100m[38;2;129;32;51m▎[48;2;55;15;15m[38;2;195;64;93m▄[48;2;204;81;107m[38;2;163;56;76m⎻[48;2;250;247;248m[38;2;213;209;210m▎[48;2;213;209;210m[38;2;250;247;248m▊[48;2;8;6;7m[38;2;57;55;56m▎[48;2;1;0;0m[38;2;14;12;13m▎[48;2;1;1;3m[38;2;1;1;3m  [48;2;3;1;4m[38;2;3;1;4m    [48;2;1;1;3m[38;2;1;1;3m  [48;2;1;1;1m[38;2;1;1;1m                [0m
[48;2;1;1;1m[38;2;1;1;1m                    [48;2;5;3;6m[38;2;35;33;36m▁▁[48;2;16;14;17m[38;2;182;180;183m▄[48;2;23;21;24m[38;2;230;228;231m▄[48;2;18;17;19m[38;2;231;229;232m▄▄[48;2;22;20;23m[38;2;228;226;228m▄[48;2;143;141;144m[38;2;230;229;231m▇[48;2;201;200;204m[38;2;243;243;246m▆[48;2;217;72;99m[38;2;228;152;165m▎[48;2;215;75;101m[38;2;215;75;101m  [48;2;255;254;255m[38;2;239;235;236m▌[48;2;254;251;252m[38;2;247;243;244m┃[48;2;169;167;170m[38;2;239;237;239m▇[48;2;28;26;29m[38;2;232;230;232m▄[48;2;14;13;15m[38;2;210;208;211m▄[48;2;19;17;20m[38;2;0;0;0m [48;2;1;1;3m[38;2;1;1;3m    [48;2;3;1;6m[38;2;3;1;6m  [48;2;1;1;1m[38;2;1;1;1m                [0m
[48;2;1;1;1m[38;2;1;1;1m                [48;2;4;2;5m[38;2;7;5;8m▗[48;2;2;1;3m[38;2;18;16;19m▃[48;2;22;20;23m[38;2;179;177;180m▄[48;2;21;20;22m[38;2;237;235;238m▄[48;2;239;238;240m[38;2;142;140;143m▘[48;2;196;194;197m[38;2;248;247;249m▇[48;2;249;247;249m[38;2;189;187;190m▁▁[48;2;249;249;250m[38;2;200;200;202m▁[48;2;247;247;248m[38;2;216;216;218m▁[48;2;250;250;252m[38;2;250;250;252m  [48;2;248;248;250m[38;2;248;248;250m  [48;2;214;96;122m[38;2;250;234;228m▄[48;2;210;66;101m[38;2;202;108;126m▄[48;2;255;253;255m[38;2;239;234;238m▌[48;2;254;250;253m[38;2;247;242;246m┃[48;2;250;250;252m[38;2;250;250;252m  [48;2;255;255;255m[38;2;246;246;248m▄[48;2;247;247;248m[38;2;188;188;190m▝[48;2;30;25;29m[38;2;215;211;215m▄[48;2;20;16;19m[38;2;0;0;0m [48;2;1;1;1m[38;2;1;1;1m                    [0m
[48;2;1;1;1m[38;2;1;1;1m            [48;2;1;1;3m[38;2;1;1;3m  [48;2;1;0;4m[38;2;3;1;6m▄[48;2;9;8;12m[38;2;69;67;72m▁[48;2;27;22;26m[38;2;188;183;187m▄[48;2;242;237;241m[38;2;128;123;127m▘[48;2;245;243;246m[38;2;182;180;183m▁[48;2;246;245;247m[38;2;167;165;168m▁[48;2;233;231;233m[38;2;57;55;58m▄[48;2;226;224;226m[38;2;10;9;11m▄[48;2;28;26;29m[38;2;0;0;0m [48;2;33;31;34m[38;2;8;6;9m▇[48;2;37;35;38m[38;2;10;8;11m▇[48;2;182;180;183m[38;2;11;9;12m▄[48;2;224;222;224m[38;2;18;17;19m▄[48;2;226;224;226m[38;2;0;0;0m [48;2;250;250;252m[38;2;250;250;252m  [48;2;249;249;251m[38;2;249;249;251m  [48;2;250;250;252m[38;2;250;250;252m    [48;2;244;244;246m[38;2;174;174;176m▁[48;2;255;255;255m[38;2;240;240;242m━[48;2;243;243;245m[38;2;251;251;252m▖[48;2;249;249;250m[38;2;204;204;206m▝[48;2;33;31;34m[38;2;240;238;240m▄[48;2;25;24;26m[38;2;214;212;215m▄[48;2;7;7;7m[38;2;77;77;77m▁[48;2;0;0;0m[38;2;12;12;12m━[48;2;1;1;1m[38;2;1;1;1m                [0m
[48;2;1;1;1m[38;2;1;1;1m            [48;2;3;1;6m[38;2;3;1;6m  [48;2;46;15;19m[38;2;204;84;103m▗[48;2;184;78;100m[38;2;232;227;230m▝[48;2;244;231;231m[38;2;184;65;99m▄[48;2;225;217;215m[38;2;52;22;26m▄[48;2;35;33;34m[38;2;0;0;0m [48;2;2;0;1m[38;2;1;0;0m┛[48;2;1;1;1m[38;2;1;1;1m  [48;2;2;0;3m[38;2;2;0;3m  [48;2;3;1;6m[38;2;3;1;6m  [48;2;22;20;25m[38;2;1;0;4m▊[48;2;242;241;244m[38;2;120;118;123m▎[48;2;250;250;252m[38;2;250;250;252m      [48;2;255;255;255m▄[48;2;186;186;188m[38;2;244;244;246m▊[48;2;26;22;25m[38;2;0;0;0m [48;2;206;202;205m[38;2;38;34;37m▄[48;2;246;244;247m[38;2;124;122;125m▁▁[48;2;250;250;252m[38;2;250;250;252m  [48;2;145;143;144m[38;2;244;242;243m▊[48;2;1;0;0m[38;2;22;20;21m▄[48;2;1;1;1m[38;2;1;1;1m                [0m
[48;2;1;1;1m[38;2;1;1;1m            [48;2;1;1;3m[38;2;1;1;3m  [48;2;27;11;13m[38;2;187;67;90m▝[48;2;215;72;100m[38;2;27;10;17m▅[48;2;9;4;3m[38;2;94;27;50m▘[48;2;4;5;3m[38;2;14;22;19m╵[48;2;1;1;1m[38;2;1;1;1m    [48;2;1;1;3m[38;2;1;1;3m  [48;2;3;1;6m[38;2;3;1;6m  [48;2;12;7;11m[38;2;0;0;0m [48;2;201;196;200m[38;2;28;24;27m▅[48;2;231;231;233m[38;2;0;0;0m [48;2;251;251;252m[38;2;238;238;240m▎[48;2;250;250;252m[38;2;250;250;252m    [48;2;255;254;255m[38;2;251;249;252m▄[48;2;187;185;188m[38;2;245;243;246m▊[48;2;5;3;8m[38;2;22;20;25m▌[48;2;9;7;12m[38;2;1;0;4m▊[48;2;26;21;25m[38;2;149;144;148m▁[48;2;37;33;36m[38;2;219;214;218m▅[48;2;247;245;248m[38;2;229;227;230m▎[48;2;232;231;233m[38;2;0;0;0m [48;2;203;201;204m[38;2;27;25;28m▅[48;2;1;0;2m[38;2;13;11;14m▗[48;2;1;1;1m[38;2;1;1;1m                [0m
[48;2;1;1;1m[38;2;1;1;1m              [48;2;2;0;3m[38;2;2;0;3m  [48;2;1;1;3m[38;2;1;1;3m  [48;2;1;1;1m[38;2;1;1;1m        [48;2;2;0;3m[38;2;2;0;3m  [48;2;250;248;250m[38;2;137;135;138m▎[48;2;247;245;248m[38;2;247;245;248m▄[48;2;250;250;252m[38;2;250;250;252m  [48;2;245;243;246m[38;2;91;89;92m▁▁[48;2;234;230;233m[38;2;99;94;98m▁[48;2;216;211;215m[38;2;79;74;78m▅[48;2;23;17;21m[38;2;142;136;140m▁[38;2;0;0;0m [48;2;227;208;210m[38;2;172;73;102m▄[48;2;245;241;239m[38;2;202;130;150m▁[48;2;229;225;228m[38;2;86;81;85m▁[48;2;208;203;207m[38;2;32;27;31m▅[48;2;2;2;2m[38;2;2;2;2m  [48;2;1;1;1m[38;2;1;1;1m                [0m
[48;2;1;1;1m[38;2;1;1;1m                [48;2;1;1;3m[38;2;1;1;3m  [48;2;1;1;1m[38;2;1;1;1m        [48;2;5;4;6m[38;2;23;21;24m━[48;2;77;75;78m[38;2;216;214;217m┏[48;2;175;170;174m[38;2;87;82;86m▄[48;2;234;229;233m[38;2;36;32;35m▅[48;2;232;227;233m[38;2;26;21;27m▅▅[48;2;22;17;21m[38;2;162;157;161m▁[48;2;21;16;20m[38;2;169;164;168m▁[48;2;38;36;39m[38;2;228;226;229m▅[48;2;240;238;241m[38;2;0;0;0m [48;2;238;236;239m [48;2;31;29;32m[38;2;210;209;211m▅[48;2;23;10;12m[38;2;0;0;0m [48;2;155;51;84m[38;2;25;8;10m▅[48;2;3;1;6m[38;2;3;1;6m  [48;2;1;1;1m[38;2;1;1;1m                  [0m
[48;2;1;1;1m[38;2;1;1;1m                        [48;2;1;1;3m[38;2;1;1;3m  [48;2;13;11;14m[38;2;102;100;103m▂[48;2;239;237;240m[38;2;147;145;148m▎[48;2;227;225;227m[38;2;249;247;249m▊[48;2;38;37;39m[38;2;138;136;139m▎[48;2;27;21;25m[38;2;176;171;174m▅[48;2;35;29;33m[38;2;183;177;181m▅[48;2;240;238;241m[38;2;137;135;138m▂[48;2;245;243;246m[38;2;0;0;0m [48;2;250;250;252m[38;2;250;250;252m  [48;2;255;255;255m[38;2;245;245;247m▌[48;2;174;174;176m▊[48;2;4;2;5m[38;2;20;18;21m▌[48;2;7;5;8m[38;2;1;0;2m▊[48;2;1;1;1m[38;2;1;1;1m                    [0m
[48;2;1;1;1m[38;2;1;1;1m                        [48;2;2;0;3m[38;2;2;0;3m  [48;2;239;237;240m[38;2;129;127;130m▎[48;2;254;252;254m[38;2;239;237;240m│[48;2;249;249;251m[38;2;249;249;251m  [48;2;52;48;51m[38;2;239;235;238m▅[48;2;30;26;29m[38;2;235;231;234m▅[48;2;46;45;47m[38;2;236;234;237m▅[48;2;240;238;241m[38;2;0;0;0m [48;2;249;249;251m[38;2;249;249;251m  [48;2;224;219;223m[38;2;68;63;67m▁[48;2;208;203;207m[38;2;28;23;27m▅[48;2;2;2;4m[38;2;2;2;4m  [48;2;1;1;1m[38;2;1;1;1m                    [0m
[48;2;1;1;1m[38;2;1;1;1m                    [48;2;2;0;3m[38;2;2;0;3m  [48;2;1;1;1m[38;2;1;1;1m  [48;2;7;6;10m[38;2;0;0;0m [48;2;75;73;78m[38;2;227;226;229m┏[48;2;251;251;252m[38;2;193;193;195m▘[48;2;246;246;247m[38;2;244;244;246m▄[48;2;250;250;252m[38;2;250;250;252m    [48;2;249;249;251m[38;2;249;249;251m  [48;2;226;221;225m[38;2;60;55;59m▁[48;2;213;208;212m[38;2;27;23;26m▅[48;2;5;3;8m[38;2;5;3;8m  [48;2;1;1;3m[38;2;1;1;3m  [48;2;1;1;1m[38;2;1;1;1m                    [0m
[48;2;1;1;1m[38;2;1;1;1m                  [48;2;1;1;3m[38;2;1;1;3m  [48;2;2;0;3m[38;2;2;0;3m  [48;2;1;1;3m[38;2;1;1;3m  [48;2;24;22;27m[38;2;1;0;4m▊[48;2;239;237;241m[38;2;110;108;113m▎[48;2;250;250;252m[38;2;250;250;252m      [48;2;245;243;246m[38;2;0;0;0m [48;2;223;222;224m[38;2;38;36;39m▁[48;2;1;0;4m[38;2;36;34;39m▎[48;2;2;0;5m[38;2;9;7;12m┃[48;2;3;1;6m[38;2;3;1;6m  [48;2;1;1;3m[38;2;1;1;3m  [48;2;1;1;1m[38;2;1;1;1m                    [0m
[48;2;1;1;1m[38;2;1;1;1m                  [48;2;2;0;3m[38;2;2;0;3m    [48;2;3;1;6m[38;2;3;1;6m  [48;2;9;7;10m[38;2;0;0;0m [48;2;170;168;171m[38;2;11;10;12m▅[48;2;242;240;243m[38;2;153;151;154m▎[48;2;247;246;248m[38;2;0;0;0m [48;2;250;250;252m[38;2;250;250;252m    [48;2;217;215;218m[38;2;248;247;249m▊[48;2;22;20;23m[38;2;170;168;171m▂[48;2;4;2;7m[38;2;4;2;7m  [48;2;3;1;6m[38;2;3;1;6m  [48;2;1;1;3m[38;2;1;1;3m  [48;2;1;1;1m[38;2;1;1;1m                    [0m
[48;2;4;2;10m[38;2;23;2;126m▂▂▂▂▂▂▂▂▂▂▂▂▂▂▂▂▂▂[48;2;5;3;12m[38;2;24;2;129m▂▂[48;2;4;2;10m[38;2;23;2;126m▂▂[48;2;5;3;12m[38;2;24;2;129m▂▂[48;2;7;2;12m[38;2;26;1;129m▂▂[48;2;208;206;208m[38;2;83;62;180m▂[48;2;243;240;243m[38;2;0;0;0m [48;2;250;250;252m[38;2;250;250;252m    [48;2;252;252;253m[38;2;244;244;246m┃[48;2;236;236;238m[38;2;255;255;255m▌[48;2;25;20;23m[38;2;177;167;199m▂[48;2;12;6;24m[38;2;52;24;174m▁[48;2;5;3;12m[38;2;24;2;129m▂▂▂▂[48;2;4;2;10m[38;2;23;2;126m▂▂▂▂▂▂▂▂▂▂▂▂▂▂▂▂▂▂▂▂[0m
[48;2;38;3;183m[38;2;38;3;183m                          [48;2;42;9;190m[38;2;38;8;189m▄[48;2;208;199;228m[38;2;72;51;163m▂[48;2;251;251;252m[38;2;241;241;243m▃[48;2;241;241;243m[38;2;251;251;252m▅[48;2;250;250;252m[38;2;250;250;252m    [48;2;210;202;242m[38;2;246;244;246m▊[48;2;49;25;175m[38;2;206;200;224m▂[48;2;39;4;184m[38;2;39;4;184m  [48;2;38;3;183m[38;2;38;3;183m                      [0m
[48;2;38;3;183m[38;2;38;3;183m                            [48;2;204;199;220m[38;2;49;24;174m▆[48;2;249;247;249m[38;2;199;192;229m▎[48;2;250;250;252m[38;2;250;250;252m    [48;2;255;255;255m▌[48;2;232;232;234m[38;2;250;250;251m▌[48;2;60;30;189m[38;2;207;198;230m▂[48;2;32;6;173m[38;2;48;14;197m│[48;2;38;3;183m[38;2;38;3;183m                      [0m
[48;2;38;3;185m[38;2;38;3;185m                            [48;2;37;6;184m[38;2;0;0;0m [48;2;208;196;234m[38;2;47;15;180m▆[48;2;248;247;251m[38;2;204;203;208m▎[48;2;247;246;250m[38;2;237;236;241m▎[48;2;250;250;252m[38;2;250;250;252m  [48;2;249;249;251m[38;2;249;249;251m  [48;2;225;215;229m[38;2;190;95;136m▂[48;2;31;2;177m[38;2;70;35;163m▎[48;2;38;3;185m[38;2;38;3;185m                      [0m
[48;2;38;3;185m[38;2;38;3;185m                              [48;2;192;184;201m[38;2;99;37;152m▆[48;2;227;219;231m[38;2;204;83;107m▂[48;2;231;216;215m[38;2;146;55;136m▆[48;2;215;213;229m[38;2;54;22;180m▆[48;2;214;213;228m[38;2;50;13;180m▆[48;2;236;221;218m[38;2;137;55;127m▆[48;2;215;73;96m[38;2;0;0;0m [48;2;64;24;155m[38;2;193;70;100m▆[48;2;44;6;168m[38;2;158;56;123m▂[48;2;41;3;189m[38;2;60;13;175m▖[48;2;38;3;185m[38;2;38;3;185m                    [0m
[48;2;38;3;185m[38;2;38;3;185m                            [48;2;38;7;181m[38;2;41;9;170m▄[48;2;64;20;169m[38;2;177;74;115m▆[48;2;189;73;105m[38;2;209;75;100m▇[48;2;202;67;104m[38;2;64;14;158m▂[48;2;42;5;183m[38;2;42;5;183m  [48;2;41;8;171m[38;2;41;4;192m┃[48;2;41;21;110m▊[48;2;210;68;99m[38;2;0;0;0m [48;2;190;68;103m[38;2;51;12;157m▂[48;2;135;40;109m[38;2;42;9;175m▆[48;2;34;4;191m[38;2;50;11;174m▘[48;2;38;3;185m[38;2;38;3;185m                    [0m
[48;2;38;3;185m[38;2;38;3;185m                        [48;2;36;0;189m[38;2;36;4;165m▗[48;2;36;3;169m[38;2;36;23;64m▂[48;2;37;11;161m[38;2;6;4;14m▆▆[48;2;37;14;142m[38;2;6;4;13m▆[48;2;140;51;93m[38;2;12;5;12m▆[48;2;142;55;76m[38;2;13;5;15m▆[48;2;39;18;125m[38;2;7;4;13m▆[48;2;36;13;140m[38;2;5;3;12m▆▆[48;2;33;18;145m[38;2;20;7;22m▆[48;2;66;26;71m[38;2;178;64;81m━[48;2;131;43;64m[38;2;13;6;15m▆[48;2;49;28;135m[38;2;5;3;11m▆[48;2;40;12;158m[38;2;10;3;25m▆[48;2;39;8;172m[38;2;12;1;46m▃[48;2;39;4;184m[38;2;39;4;184m  [48;2;38;3;185m[38;2;38;3;185m                  [0m
[48;2;38;3;185m[38;2;38;3;185m                        [48;2;37;3;172m[38;2;37;0;199m▘[48;2;37;18;95m[38;2;37;2;180m▆[48;2;9;5;26m[38;2;32;4;165m▃[48;2;12;9;24m[38;2;34;5;169m▂[48;2;8;3;24m[38;2;39;10;180m▂▂▂▂[48;2;7;5;11m[38;2;29;4;148m▃▃[48;2;8;3;24m[38;2;39;10;180m▂▂[48;2;8;6;11m[38;2;30;5;149m▃▃[48;2;16;7;42m[38;2;36;4;177m▂[48;2;31;17;80m[38;2;32;2;165m▆[48;2;38;3;185m[38;2;38;3;185m                    [0m
[48;2;40;2;185m[38;2;40;2;185m                                                            [0m
[48;2;40;2;185m[38;2;40;2;185m                                                            [0m
