[48;2;1;1;1m[38;2;1;1;1m                                                            [0m
[48;2;1;1;1m[38;2;1;1;1m                                                            [0m
[48;2;1;1;1m[38;2;1;1;1m                                                            [0m
[48;2;1;1;1m[38;2;1;1;1m                                                            [0m
[48;2;1;1;1m[38;2;1;1;1m                            [48;2;1;1;3m[38;2;1;1;3m  [48;2;1;1;1m[38;2;1;1;1m                              [0m
[48;2;1;1;1m[38;2;1;1;1m                        [48;2;1;1;3m[38;2;1;1;3m  [48;2;3;1;4m[38;2;3;1;4m  [48;2;35;30;34m[38;2;204;200;203m▃[48;2;17;12;16m[38;2;213;209;212m▄[48;2;11;9;12m[38;2;215;214;216m▄▄[48;2;14;12;15m[38;2;198;196;199m▄[48;2;18;17;19m[38;2;0;0;0m [48;2;1;1;3m[38;2;1;1;3m  [48;2;1;1;1m[38;2;1;1;1m                        [0m
[48;2;1;1;1m[38;2;1;1;1m                        [48;2;3;1;6m[38;2;3;1;6m    [48;2;94;91;87m[38;2;17;10;8m▇[48;2;220;212;212m[38;2;177;76;106m▄[48;2;250;239;240m[38;2;202;97;128m▄[48;2;246;237;236m[38;2;0;0;0m [48;2;246;245;247m [48;2;224;222;225m [48;2;1;0;0m[38;2;36;34;35m▎[48;2;2;0;1m[38;2;9;7;8m┃[48;2;1;1;3m[38;2;1;1;3m  [48;2;1;1;1m[38;2;1;1;1m                      [0m
[48;2;1;1;1m[38;2;1;1;1m                        [48;2;1;1;3m[38;2;1;1;3m  [48;2;4;2;7m[38;2;4;2;7m  [48;2;33;0;4m[38;2;1;6;8m▊[48;2;216;76;100m[38;2;129;32;51m▎[48;2;55;15;15m[38;2;195;64;93m▄[48;2;204;81;107m[38;2;163;56;76m⎻[48;2;250;247;248m[38;2;213;209;210m▎[48;2;213;209;210m[38;2;250;247;248m▊[48;2;8;6;7m[38;2;57;55;56m▎[48;2;1;0;0m[38;2;14;12;13m▎[48;2;1;1;3m[38;2;1;1;3m  [48;2;3;1;4m[38;2;3;1;4m    [48;2;1;1;3m[38;2;1;1;3m  [48;2;1;1;1m[38;2;1;1;1m                [0m
[48;2;1;1;1m[38;2;1;1;1m                    [48;2;2;2;4m[38;2;2;2;4m  [48;2;4;3;7m[38;2;45;43;48m▁▁[48;2;3;0;2m[38;2;32;27;31m▁[48;2;15;11;14m[38;2;198;194;197m▄[48;2;22;20;23m[38;2;228;226;228m▄[48;2;143;141;144m[38;2;230;229;231m▇[48;2;201;200;204m[38;2;243;243;246m▆[48;2;217;72;99m[38;2;228;152;165m▎[48;2;215;75;101m[38;2;215;75;101m  [48;2;255;254;255m[38;2;239;235;236m▌[48;2;254;251;252m[38;2;247;243;244m┃[48;2;169;167;170m[38;2;239;237;239m▇[48;2;28;26;29m[38;2;232;230;232m▄[48;2;17;15;18m[38;2;232;230;233m▄[38;2;215;213;216m▄[48;2;6;4;7m[38;2;25;23;26m▃[48;2;1;0;2m[38;2;2;0;3m▖[48;2;1;1;3m[38;2;1;1;3m  [48;2;3;1;6m[38;2;3;1;6m  [48;2;1;1;1m[38;2;1;1;1m                [0m
[48;2;1;1;1m[38;2;1;1;1m                [48;2;2;0;3m[38;2;2;0;3m  [48;2;5;3;6m[38;2;46;44;47m▁▁[48;2;21;16;20m[38;2;188;183;187m▄[48;2;28;23;27m[38;2;235;230;234m▄[48;2;239;238;240m[38;2;142;140;143m▘[48;2;196;194;197m[38;2;248;247;249m▇[48;2;241;241;243m[38;2;252;252;253m▄▄[48;2;250;250;252m[38;2;250;250;252m  [48;2;248;248;250m[38;2;248;248;250m  [48;2;214;96;122m[38;2;250;234;228m▄[48;2;210;66;101m[38;2;202;108;126m▄[48;2;255;253;255m[38;2;239;234;238m▌[48;2;254;250;253m[38;2;247;242;246m┃[48;2;250;250;252m[38;2;250;250;252m    [48;2;232;230;233m[38;2;0;0;0m [48;2;27;26;28m[38;2;218;216;218m▄[48;2;3;3;3m[38;2;3;3;3m  [48;2;1;1;1m[38;2;1;1;1m                  [0m
[48;2;1;1;1m[38;2;1;1;1m            [48;2;1;1;3m[38;2;1;1;3m  [48;2;3;1;6m[38;2;3;1;6m  [48;2;5;3;8m[38;2;12;10;15m┏[48;2;47;45;50m[38;2;234;232;235m▗[48;2;216;215;217m[38;2;0;0;0m [48;2;244;243;245m [48;2;246;244;247m[38;2;175;173;176m▁▁[48;2;233;231;233m[38;2;57;55;58m▄[48;2;226;224;226m[38;2;10;9;11m▄[48;2;224;222;225m[38;2;12;10;13m▄▄[48;2;229;228;230m[38;2;0;0;0m [48;2;239;237;240m[38;2;255;254;255m▊[48;2;250;250;252m[38;2;250;250;252m  [48;2;249;249;251m[38;2;249;249;251m  [48;2;250;250;252m[38;2;250;250;252m    [48;2;244;244;246m[38;2;174;174;176m▁[48;2;255;255;255m[38;2;240;240;242m━[48;2;244;244;246m[38;2;251;251;252m▖[48;2;250;250;251m[38;2;205;205;207m▝[48;2;31;29;32m[38;2;217;216;218m▄[48;2;11;9;12m[38;2;89;87;90m▁[48;2;1;1;1m[38;2;1;1;1m                  [0m
[48;2;1;1;1m[38;2;1;1;1m            [48;2;3;1;6m[38;2;3;1;6m    [48;2;30;25;26m[38;2;169;164;166m▄[48;2;213;208;210m[38;2;0;0;0m [48;2;247;242;244m[38;2;176;170;172m▁[48;2;227;222;224m[38;2;64;59;60m▄[48;2;27;25;26m[38;2;0;0;0m [48;2;14;12;13m[38;2;1;0;0m▊[48;2;2;0;3m[38;2;2;0;3m  [48;2;3;1;6m[38;2;3;1;6m  [48;2;179;178;180m[38;2;20;18;21m▄[48;2;241;239;241m[38;2;185;183;186m▎[48;2;250;250;252m[38;2;250;250;252m      [48;2;255;255;255m▄[48;2;186;186;188m[38;2;244;244;246m▊[48;2;30;26;29m[38;2;0;0;0m [48;2;208;204;208m[38;2;64;59;63m▄[48;2;248;248;250m[38;2;248;248;250m  [48;2;248;247;249m[38;2;0;0;0m [48;2;205;203;206m [48;2;4;2;5m[38;2;4;2;5m  [48;2;1;1;1m[38;2;1;1;1m                [0m
[48;2;1;1;1m[38;2;1;1;1m            [48;2;1;1;3m[38;2;1;1;3m  [48;2;3;1;6m[38;2;3;1;6m  [48;2;173;60;80m[38;2;58;21;16m▎[48;2;209;69;98m[38;2;100;48;47m▁[48;2;178;63;96m[38;2;64;20;29m▄[48;2;21;12;10m[38;2;0;0;0m [48;2;1;1;1m[38;2;1;1;1m  [48;2;1;1;3m[38;2;1;1;3m  [48;2;3;1;6m[38;2;3;1;6m  [48;2;29;24;28m[38;2;7;3;6m▊[48;2;220;215;219m[38;2;120;115;119m▎[48;2;249;249;251m[38;2;249;249;251m  [48;2;250;250;252m[38;2;250;250;252m    [48;2;255;255;255m[38;2;251;251;253m▖[48;2;245;245;247m[38;2;224;224;226m▝[48;2;40;38;41m[38;2;223;221;224m▅[48;2;242;241;243m[38;2;0;0;0m [48;2;249;247;249m [48;2;230;228;231m[38;2;111;109;112m▁[48;2;207;203;206m[38;2;31;27;30m▅[48;2;14;9;13m[38;2;0;0;0m [48;2;1;1;3m[38;2;1;1;3m  [48;2;1;1;1m[38;2;1;1;1m                [0m
[48;2;1;1;1m[38;2;1;1;1m              [48;2;2;0;3m[38;2;2;0;3m  [48;2;1;1;3m[38;2;1;1;3m  [48;2;1;1;1m[38;2;1;1;1m        [48;2;2;0;3m[38;2;2;0;3m  [48;2;250;248;250m[38;2;137;135;138m▎[48;2;247;245;248m[38;2;247;245;248m▄[48;2;250;250;252m[38;2;250;250;252m  [48;2;245;243;246m[38;2;91;89;92m▁▁[48;2;238;233;230m[38;2;127;119;116m▁[48;2;242;215;220m[38;2;198;75;111m▄[48;2;235;216;219m[38;2;186;95;121m▄[48;2;237;232;230m[38;2;34;23;23m▅[48;2;212;210;215m[38;2;20;18;23m▅[48;2;1;0;4m[38;2;12;10;15m▘[48;2;3;1;6m[38;2;3;1;6m  [48;2;1;1;1m[38;2;1;1;1m                  [0m
[48;2;1;1;1m[38;2;1;1;1m                [48;2;1;1;3m[38;2;1;1;3m  [48;2;1;1;1m[38;2;1;1;1m        [48;2;1;0;2m[38;2;6;4;7m▄[48;2;13;11;14m[38;2;144;142;145m▁[48;2;198;194;198m[38;2;69;64;68m▅[48;2;233;230;233m[38;2;34;29;33m▅[48;2;232;227;233m[38;2;26;21;27m▅▅[48;2;22;17;21m[38;2;162;157;161m▁[48;2;21;16;20m[38;2;169;164;168m▁[48;2;42;33;33m[38;2;218;217;215m▅[48;2;185;78;112m[38;2;245;233;237m▅[48;2;218;195;198m[38;2;200;109;135m▄[48;2;27;17;16m[38;2;150;140;139m▁[48;2;3;1;6m[38;2;3;1;6m    [48;2;1;1;1m[38;2;1;1;1m                  [0m
[48;2;1;1;1m[38;2;1;1;1m                        [48;2;1;1;3m[38;2;1;1;3m  [48;2;23;21;24m[38;2;1;0;2m▊[48;2;243;241;244m[38;2;121;119;122m▎[48;2;228;224;227m[38;2;250;246;249m▊[48;2;40;36;39m[38;2;140;135;139m▎[48;2;27;22;26m[38;2;173;168;172m▅[48;2;36;32;35m[38;2;228;224;227m▅[48;2;241;241;243m[38;2;251;251;252m▄[48;2;250;250;251m[38;2;240;240;242m▃[48;2;250;250;252m[38;2;250;250;252m  [48;2;255;255;255m[38;2;245;245;247m▌[48;2;174;174;176m▊[48;2;4;2;5m[38;2;20;18;21m▌[48;2;7;5;8m[38;2;1;0;2m▊[48;2;1;1;1m[38;2;1;1;1m                    [0m
[48;2;1;1;1m[38;2;1;1;1m                        [48;2;1;1;3m[38;2;1;1;3m  [48;2;23;21;24m[38;2;1;0;2m▊[48;2;243;241;244m[38;2;121;119;122m▎[48;2;249;249;251m[38;2;249;249;251m  [48;2;60;58;61m[38;2;235;233;235m▅[48;2;237;235;238m[38;2;0;0;0m [48;2;250;250;252m[38;2;250;250;252m    [48;2;195;193;198m[38;2;248;247;250m▊[48;2;198;196;201m[38;2;31;29;34m▅[48;2;2;2;4m[38;2;2;2;4m  [48;2;1;1;1m[38;2;1;1;1m                    [0m
[48;2;1;1;1m[38;2;1;1;1m                    [48;2;2;0;3m[38;2;2;0;3m  [48;2;1;1;1m[38;2;1;1;1m  [48;2;3;1;6m[38;2;3;1;6m  [48;2;32;30;33m[38;2;199;197;200m▅[48;2;238;236;239m[38;2;0;0;0m [48;2;250;250;252m[38;2;250;250;252m      [48;2;243;242;244m[38;2;0;0;0m [48;2;228;226;229m[38;2;75;73;76m▁[48;2;196;194;199m[38;2;29;27;32m▅[48;2;1;0;4m[38;2;6;4;9m▄[48;2;1;1;3m[38;2;1;1;3m  [48;2;1;1;1m[38;2;1;1;1m                    [0m
[48;2;1;1;1m[38;2;1;1;1m                  [48;2;1;1;3m[38;2;1;1;3m  [48;2;2;0;3m[38;2;2;0;3m  [48;2;1;1;3m[38;2;1;1;3m  [48;2;3;1;6m[38;2;3;1;6m  [48;2;239;237;240m[38;2;129;127;130m▎[48;2;254;252;254m[38;2;239;237;240m│[48;2;250;250;252m[38;2;250;250;252m    [48;2;249;249;251m[38;2;249;249;251m  [48;2;231;227;230m[38;2;101;96;100m▂[48;2;3;0;2m[38;2;15;10;14m▄[48;2;3;1;6m[38;2;3;1;6m  [48;2;1;1;3m[38;2;1;1;3m  [48;2;1;1;1m[38;2;1;1;1m                    [0m
[48;2;1;1;1m[38;2;1;1;1m                  [48;2;2;0;3m[38;2;2;0;3m    [48;2;3;1;6m[38;2;3;1;6m    [48;2;239;237;240m[38;2;129;127;130m▎[48;2;254;252;254m[38;2;239;237;240m│[48;2;250;250;252m[38;2;250;250;252m    [48;2;243;242;244m[38;2;225;223;226m⎽[48;2;206;204;207m[38;2;90;88;91m▅[48;2;9;7;12m[38;2;14;12;17m▌[48;2;1;0;4m[38;2;4;2;7m▎[48;2;3;1;6m[38;2;3;1;6m  [48;2;1;1;3m[38;2;1;1;3m  [48;2;1;1;1m[38;2;1;1;1m                    [0m
[48;2;4;2;10m[38;2;23;2;126m▂▂▂▂▂▂▂▂▂▂▂▂▂▂▂▂▂▂[48;2;5;3;12m[38;2;24;2;129m▂▂[48;2;4;2;10m[38;2;23;2;126m▂▂[48;2;5;3;12m[38;2;24;2;129m▂▂▂▂[48;2;173;171;178m[38;2;23;15;64m▅[48;2;239;237;240m[38;2;158;154;172m▎[48;2;250;250;252m[38;2;250;250;252m    [48;2;248;248;250m[38;2;248;248;250m  [48;2;56;52;55m[38;2;234;230;233m▅[48;2;17;13;16m[38;2;188;183;187m▂[48;2;4;2;9m[38;2;34;12;137m▂▂[48;2;5;3;12m[38;2;24;2;129m▂▂[48;2;4;2;10m[38;2;23;2;126m▂▂▂▂▂▂▂▂▂▂▂▂▂▂▂▂▂▂▂▂[0m
[48;2;38;3;183m[38;2;38;3;183m                          [48;2;34;7;176m[38;2;43;7;205m│[48;2;247;243;247m[38;2;121;102;191m▎[48;2;250;250;252m[38;2;250;250;252m      [48;2;249;249;251m[38;2;249;249;251m  [48;2;46;23;170m[38;2;227;222;241m▆[48;2;75;54;180m[38;2;238;235;242m▅[48;2;41;11;184m[38;2;187;173;224m▂[48;2;44;12;181m[38;2;0;0;0m [48;2;38;3;183m[38;2;38;3;183m                    [0m
[48;2;38;3;183m[38;2;38;3;183m                          [48;2;60;37;171m[38;2;31;0;188m▊[48;2;243;241;248m[38;2;139;127;189m▎[48;2;250;250;252m[38;2;250;250;252m  [48;2;249;249;251m[38;2;249;249;251m  [48;2;232;229;236m[38;2;72;50;186m▆[48;2;231;227;236m[38;2;70;46;187m▂[48;2;249;249;251m[38;2;249;249;251m  [48;2;250;250;252m[38;2;250;250;252m  [48;2;206;199;238m[38;2;245;243;245m▊[48;2;47;23;173m[38;2;204;198;221m▂[48;2;39;4;184m[38;2;39;4;184m  [48;2;38;3;183m[38;2;38;3;183m                  [0m
[48;2;38;3;185m[38;2;38;3;185m                          [48;2;34;7;165m[38;2;46;12;193m▚[48;2;186;171;225m[38;2;44;11;189m▆[48;2;244;243;247m[38;2;185;184;190m▎[48;2;251;250;254m[38;2;238;237;243m╵[48;2;244;243;248m[38;2;0;0;0m [48;2;236;235;237m[38;2;73;55;180m▂[48;2;36;6;173m[38;2;83;55;191m▎[48;2;47;10;198m[38;2;27;0;168m▗[48;2;218;215;228m[38;2;50;25;178m▆[48;2;234;230;240m[38;2;67;40;194m▂[48;2;249;249;251m[38;2;249;249;251m  [48;2;253;253;254m[38;2;246;246;248m▃[48;2;244;244;246m[38;2;231;231;233m▝[48;2;65;41;166m[38;2;218;211;230m▆[48;2;36;5;190m[38;2;71;45;187m▎[48;2;38;3;185m[38;2;38;3;185m                  [0m
[48;2;38;3;185m[38;2;38;3;185m                          [48;2;38;3;183m[38;2;38;3;183m  [48;2;245;242;254m[38;2;154;150;177m▎[48;2;249;249;242m[38;2;250;250;251m▌[48;2;216;210;236m[38;2;249;248;246m▊[48;2;37;7;187m[38;2;99;81;180m▎[48;2;38;3;185m[38;2;38;3;185m  [48;2;40;5;185m[38;2;40;5;185m  [48;2;200;206;227m[38;2;66;27;184m▆[48;2;234;229;223m[38;2;201;90;123m▂[48;2;239;233;233m[38;2;208;83;123m▂[48;2;233;226;227m[38;2;202;77;117m▂[48;2;191;179;218m[38;2;49;17;180m▆[48;2;39;8;184m[38;2;0;0;0m [48;2;38;3;185m[38;2;38;3;185m                  [0m
[48;2;38;3;185m[38;2;38;3;185m                            [48;2;221;206;222m[38;2;191;68;123m▂[48;2;241;229;225m[38;2;212;94;125m▂[48;2;230;225;229m[38;2;216;86;131m▂[48;2;42;7;184m[38;2;96;62;161m▎[48;2;38;3;185m[38;2;38;3;185m    [48;2;70;18;162m[38;2;41;7;183m▊[48;2;114;42;131m[38;2;114;42;131m▄[48;2;232;78;110m[38;2;203;79;101m▌[48;2;187;64;85m[38;2;225;72;103m▌[48;2;70;19;155m[38;2;178;64;91m━[48;2;38;9;188m[38;2;81;14;167m╸[48;2;38;3;185m[38;2;38;3;185m                  [0m
[48;2;38;3;185m[38;2;38;3;185m                        [48;2;36;0;189m[38;2;36;4;165m▗[48;2;36;3;169m[38;2;36;23;64m▂[48;2;35;16;73m[38;2;173;75;100m▂[48;2;72;16;147m[38;2;192;68;91m▆[48;2;205;71;98m[38;2;0;0;0m [48;2;203;67;95m[38;2;54;23;19m▂[48;2;135;46;67m[38;2;16;8;18m▆[48;2;53;30;138m[38;2;8;4;12m▆[48;2;36;13;140m[38;2;5;3;12m▆▆[48;2;37;14;141m[38;2;6;4;12m▆▆[48;2;145;51;104m[38;2;21;11;8m▂[48;2;175;62;84m[38;2;38;9;26m▂[48;2;168;50;88m[38;2;8;6;4m▆▆[48;2;29;6;122m[38;2;13;7;20m▅[48;2;35;7;156m[38;2;15;5;43m▂[48;2;38;3;185m[38;2;38;3;185m                  [0m
[48;2;38;3;185m[38;2;38;3;185m                        [48;2;37;3;172m[38;2;37;0;199m▘[48;2;37;18;95m[38;2;37;2;180m▆[48;2;140;42;74m[38;2;29;11;103m▆[48;2;154;59;68m[38;2;27;10;81m▆[48;2;135;45;72m[38;2;26;7;81m▆[48;2;19;10;28m[38;2;44;13;181m▂[48;2;8;3;24m[38;2;39;10;180m▂▂[48;2;7;5;11m[38;2;29;4;148m▃▃[48;2;8;3;24m[38;2;39;10;180m▂▂[48;2;8;6;11m[38;2;30;5;149m▃▃[48;2;8;3;24m[38;2;39;10;180m▂▂[48;2;17;8;43m[38;2;37;5;178m▂[48;2;32;18;81m[38;2;33;3;166m▆[48;2;38;3;185m[38;2;38;3;185m                  [0m
[48;2;40;2;185m[38;2;40;2;185m                                                            [0m
[48;2;40;2;185m[38;2;40;2;185m                                                            [0m
