[48;2;1;1;1m[38;2;1;1;1m                                                            [0m
[48;2;1;1;1m[38;2;1;1;1m                                                            [0m
[48;2;1;1;1m[38;2;1;1;1m                                                            [0m
[48;2;1;1;1m[38;2;1;1;1m                                                            [0m
[48;2;1;1;1m[38;2;1;1;1m                            [48;2;1;1;3m[38;2;1;1;3m  [48;2;1;1;1m[38;2;1;1;1m                              [0m
[48;2;1;1;1m[38;2;1;1;1m                        [48;2;1;1;3m[38;2;1;1;3m  [48;2;4;2;5m[38;2;4;2;5m  [48;2;5;3;6m[38;2;5;3;6m    [48;2;2;2;4m[38;2;2;2;4m  [48;2;1;1;3m[38;2;1;1;3m  [48;2;1;1;1m[38;2;1;1;1m                        [0m
[48;2;1;1;1m[38;2;1;1;1m                        [48;2;3;1;6m[38;2;3;1;6m  [48;2;3;0;4m[38;2;19;14;20m┏[48;2;181;176;181m[38;2;28;24;29m▄[48;2;155;153;156m[38;2;228;226;229m▇[48;2;165;163;166m[38;2;246;244;246m▇[48;2;154;152;155m▇▇[48;2;33;29;32m[38;2;213;208;212m▄[48;2;3;0;2m[38;2;38;33;37m╵[48;2;1;1;3m[38;2;1;1;3m    [48;2;1;1;1m[38;2;1;1;1m                      [0m
[48;2;1;1;1m[38;2;1;1;1m                        [48;2;1;1;3m[38;2;1;1;3m  [48;2;3;1;6m[38;2;3;1;6m  [48;2;186;71;97m[38;2;17;13;6m▄[48;2;207;77;107m[38;2;0;0;0m [48;2;243;230;231m[38;2;196;88;120m▄[48;2;247;234;235m[38;2;0;0;0m [48;2;204;202;207m[38;2;250;248;252m▊[48;2;9;7;12m[38;2;81;79;84m▎[48;2;1;1;3m[38;2;1;1;3m    [48;2;3;1;4m[38;2;3;1;4m    [48;2;1;1;3m[38;2;1;1;3m  [48;2;1;1;1m[38;2;1;1;1m                [0m
[48;2;1;1;1m[38;2;1;1;1m                    [48;2;2;2;4m[38;2;2;2;4m  [48;2;3;1;6m[38;2;3;1;6m    [48;2;2;1;6m[38;2;2;1;6m  [48;2;210;83;106m[38;2;172;55;74m▌[48;2;224;71;102m[38;2;209;65;94m▊[48;2;217;83;104m[38;2;205;56;85m│[48;2;245;246;246m[38;2;240;197;204m▎[48;2;205;203;206m[38;2;250;248;250m▊[48;2;10;8;11m[38;2;82;80;83m▎[48;2;6;4;9m[38;2;6;4;9m  [48;2;3;1;6m[38;2;3;1;6m  [48;2;1;1;3m[38;2;1;1;3m    [48;2;3;1;6m[38;2;3;1;6m  [48;2;1;1;1m[38;2;1;1;1m                [0m
[48;2;1;1;1m[38;2;1;1;1m                [48;2;2;0;3m[38;2;2;0;3m  [48;2;3;1;4m[38;2;3;1;4m  [48;2;3;1;6m[38;2;3;1;6m      [48;2;11;9;12m[38;2;59;57;60m▁[48;2;20;19;21m[38;2;203;201;203m▄[48;2;186;73;97m[38;2;240;231;221m▄[48;2;223;82;116m[38;2;211;135;148m▁[48;2;216;80;102m[38;2;204;54;83m│[48;2;244;243;245m[38;2;240;195;202m▎[48;2;247;247;249m[38;2;247;247;249m  [48;2;180;178;181m[38;2;239;237;239m▇[48;2;37;35;38m[38;2;240;239;241m▄[48;2;21;16;20m[38;2;215;210;214m▄[48;2;23;19;22m[38;2;0;0;0m [48;2;3;1;6m[38;2;3;1;6m  [48;2;1;1;1m[38;2;1;1;1m                    [0m
[48;2;1;1;1m[38;2;1;1;1m            [48;2;1;1;3m[38;2;1;1;3m  [48;2;3;1;6m[38;2;3;1;6m            [48;2;238;236;239m[38;2;128;126;129m▎[48;2;253;251;254m[38;2;238;236;239m│[48;2;250;242;241m[38;2;0;0;0m [48;2;242;232;231m[38;2;202;99;130m▄[48;2;216;103;118m[38;2;208;69;92m┃[48;2;246;233;240m[38;2;225;180;187m▎[48;2;250;250;252m[38;2;250;250;252m    [48;2;243;243;245m[38;2;251;251;252m▖[48;2;249;249;250m[38;2;204;204;206m▝[48;2;31;27;30m[38;2;211;207;210m▄[48;2;16;12;15m[38;2;0;0;0m [48;2;3;1;6m[38;2;3;1;6m  [48;2;1;1;1m[38;2;1;1;1m                  [0m
[48;2;1;1;1m[38;2;1;1;1m            [48;2;3;1;6m[38;2;3;1;6m        [48;2;1;1;1m[38;2;1;1;1m  [48;2;2;0;3m[38;2;2;0;3m  [48;2;3;1;6m[38;2;3;1;6m  [48;2;183;181;184m[38;2;43;41;44m▄[48;2;228;226;229m[38;2;0;0;0m [48;2;246;243;243m [48;2;210;113;143m[38;2;246;242;243m▄[48;2;211;77;102m[38;2;243;153;163m▁▁[48;2;250;248;251m[38;2;232;230;233m▌[38;2;255;254;255m▌[48;2;250;250;252m[38;2;250;250;252m  [48;2;249;249;251m[38;2;249;249;251m  [48;2;165;160;164m[38;2;230;226;230m▊[48;2;8;4;7m[38;2;45;40;44m▎[48;2;3;1;6m[38;2;3;1;6m  [48;2;1;1;3m[38;2;1;1;3m  [48;2;1;1;1m[38;2;1;1;1m                [0m
[48;2;1;1;1m[38;2;1;1;1m            [48;2;1;1;3m[38;2;1;1;3m  [48;2;3;1;6m[38;2;3;1;6m    [48;2;1;1;3m[38;2;1;1;3m  [48;2;1;1;1m[38;2;1;1;1m  [48;2;1;1;3m[38;2;1;1;3m  [48;2;9;4;10m[38;2;0;0;0m [48;2;11;7;12m[38;2;109;104;110m▁[48;2;240;238;240m[38;2;130;128;131m▎[48;2;255;254;255m[38;2;253;251;254m┃[48;2;250;250;252m[38;2;250;250;252m  [48;2;249;249;251m[38;2;249;249;251m  [48;2;250;250;252m[38;2;250;250;252m    [48;2;255;255;255m[38;2;245;245;247m▌[48;2;174;174;176m▊[48;2;6;2;7m[38;2;23;18;24m▌[48;2;10;5;11m[38;2;3;0;4m▊[48;2;3;1;6m[38;2;3;1;6m  [48;2;1;1;3m[38;2;1;1;3m  [48;2;1;1;1m[38;2;1;1;1m                [0m
[48;2;1;1;1m[38;2;1;1;1m              [48;2;2;0;3m[38;2;2;0;3m  [48;2;1;1;3m[38;2;1;1;3m  [48;2;1;1;1m[38;2;1;1;1m    [48;2;1;0;0m[38;2;19;17;18m [48;2;12;10;11m[38;2;122;120;121m▁[48;2;23;21;24m[38;2;188;187;189m▅[48;2;230;228;231m[38;2;0;0;0m [48;2;254;254;255m[38;2;255;255;255m━[48;2;241;241;242m[38;2;129;129;131m▁[48;2;249;249;251m[38;2;249;249;251m  [48;2;250;250;252m[38;2;250;250;252m    [48;2;247;247;248m[38;2;0;0;0m [48;2;240;240;241m[38;2;118;118;120m▁[48;2;230;226;229m[38;2;95;90;94m▁[48;2;221;217;221m[38;2;34;29;33m▅[48;2;5;3;8m[38;2;5;3;8m  [48;2;3;1;6m[38;2;3;1;6m  [48;2;1;1;1m[38;2;1;1;1m                  [0m
[48;2;1;1;1m[38;2;1;1;1m                [48;2;1;1;3m[38;2;1;1;3m  [48;2;1;1;1m[38;2;1;1;1m    [48;2;38;14;21m[38;2;164;59;72m▄[48;2;199;85;107m[38;2;231;219;222m▝[48;2;235;217;224m[38;2;124;85;98m▁[48;2;236;227;231m[38;2;49;56;53m▅[48;2;226;222;226m[38;2;29;25;28m▅[48;2;21;17;20m[38;2;0;0;0m [48;2;207;203;206m[38;2;23;19;22m▅[48;2;228;224;227m[38;2;75;70;74m▁[48;2;242;237;241m[38;2;77;72;76m▁▁[48;2;233;230;234m[38;2;35;30;36m▅[48;2;228;224;229m[38;2;25;20;26m▅[48;2;210;206;209m[38;2;44;38;42m▅[48;2;33;27;31m[38;2;200;195;199m▅[48;2;9;7;12m[38;2;14;12;17m▌[48;2;1;0;4m[38;2;4;2;7m▎[48;2;3;1;6m[38;2;3;1;6m    [48;2;1;1;1m[38;2;1;1;1m                  [0m
[48;2;1;1;1m[38;2;1;1;1m                    [48;2;0;0;0m[38;2;0;0;0m  [48;2;154;60;70m[38;2;12;7;8m▅[48;2;211;67;94m[38;2;20;7;10m▅[48;2;7;2;3m[38;2;43;37;39m▘[48;2;4;0;0m[38;2;5;0;1m▝[48;2;3;1;6m[38;2;3;1;6m  [48;2;24;19;23m[38;2;200;196;199m▅[48;2;13;8;12m[38;2;82;77;81m▎[48;2;15;11;16m[38;2;141;136;142m▁[48;2;11;6;12m[38;2;132;127;133m▂[48;2;17;15;18m[38;2;224;222;225m▅[48;2;24;22;25m[38;2;235;233;235m▅[48;2;45;43;46m[38;2;229;227;230m▅[48;2;236;234;236m[38;2;0;0;0m [48;2;44;39;45m[38;2;213;208;214m▅[48;2;3;0;4m[38;2;4;0;5m▄[48;2;2;0;3m[38;2;2;0;3m  [48;2;1;1;1m[38;2;1;1;1m                    [0m
[48;2;1;1;1m[38;2;1;1;1m                        [48;2;1;1;3m[38;2;1;1;3m  [48;2;3;1;6m[38;2;3;1;6m  [48;2;243;241;244m[38;2;137;135;138m▎[48;2;60;58;61m[38;2;234;232;235m▅[48;2;185;181;185m[38;2;74;69;73m┳[48;2;236;232;235m[38;2;0;0;0m [48;2;250;250;252m[38;2;250;250;252m    [48;2;176;171;177m[38;2;247;243;248m▊[48;2;7;3;8m[38;2;53;48;54m▎[48;2;1;1;3m[38;2;1;1;3m  [48;2;1;1;1m[38;2;1;1;1m                    [0m
[48;2;1;1;1m[38;2;1;1;1m                    [48;2;2;0;3m[38;2;2;0;3m  [48;2;1;1;1m[38;2;1;1;1m  [48;2;3;1;6m[38;2;3;1;6m    [48;2;247;247;249m[38;2;146;146;148m▎[48;2;255;255;255m[38;2;233;233;235m│[48;2;250;250;252m[38;2;250;250;252m    [48;2;249;249;251m[38;2;249;249;251m  [48;2;217;215;219m[38;2;70;68;73m▁[48;2;5;4;8m[38;2;37;35;40m▎[48;2;1;1;3m[38;2;1;1;3m  [48;2;1;1;1m[38;2;1;1;1m                    [0m
[48;2;1;1;1m[38;2;1;1;1m                  [48;2;1;1;3m[38;2;1;1;3m  [48;2;2;0;3m[38;2;2;0;3m  [48;2;1;1;3m[38;2;1;1;3m  [48;2;3;1;6m[38;2;3;1;6m    [48;2;206;204;207m[38;2;34;32;35m▁[48;2;241;240;242m[38;2;0;0;0m [48;2;250;250;252m[38;2;250;250;252m    [48;2;255;254;255m[38;2;251;249;252m▄[48;2;187;185;188m[38;2;245;243;246m▊[48;2;1;0;4m[38;2;36;34;39m▎[48;2;2;0;5m[38;2;9;7;12m┃[48;2;1;1;3m[38;2;1;1;3m  [48;2;1;1;1m[38;2;1;1;1m                    [0m
[48;2;1;1;1m[38;2;1;1;1m                  [48;2;2;0;3m[38;2;2;0;3m    [48;2;3;1;6m[38;2;3;1;6m      [48;2;1;0;4m[38;2;23;21;26m▄[48;2;245;243;248m[38;2;146;144;149m▎[48;2;250;250;252m[38;2;250;250;252m    [48;2;239;234;238m[38;2;0;0;0m [48;2;204;199;203m[38;2;88;84;87m▅[48;2;5;3;8m[38;2;5;3;8m  [48;2;1;1;3m[38;2;1;1;3m  [48;2;1;1;1m[38;2;1;1;1m                    [0m
[48;2;4;2;10m[38;2;23;2;126m▂▂▂▂▂▂▂▂▂▂▂▂▂▂▂▂▂▂[48;2;5;3;12m[38;2;24;2;129m▂▂[48;2;4;2;10m[38;2;23;2;126m▂▂[48;2;5;3;12m[38;2;24;2;129m▂▂▂▂▂▂[48;2;10;9;14m[38;2;19;5;119m▂[48;2;248;245;245m[38;2;150;146;164m▎[48;2;250;250;252m[38;2;250;250;252m    [48;2;240;240;242m[38;2;252;252;253m┃[48;2;205;205;207m[38;2;248;248;250m▊[48;2;20;19;21m[38;2;171;163;194m▂[48;2;8;6;22m[38;2;50;24;174m▁[48;2;5;3;12m[38;2;24;2;129m▂▂[48;2;4;2;10m[38;2;23;2;126m▂▂▂▂▂▂▂▂▂▂▂▂▂▂▂▂▂▂▂▂[0m
[48;2;38;3;183m[38;2;38;3;183m                            [48;2;71;46;174m[38;2;34;3;184m▊[48;2;249;245;247m[38;2;188;175;231m▎[48;2;250;250;252m[38;2;250;250;252m      [48;2;185;177;220m[38;2;249;246;251m▊[48;2;43;19;174m[38;2;200;194;221m▂[48;2;39;4;184m[38;2;39;4;184m  [48;2;38;3;183m[38;2;38;3;183m                    [0m
[48;2;38;3;183m[38;2;38;3;183m                            [48;2;71;46;174m[38;2;34;3;184m▊[48;2;249;245;247m[38;2;188;175;231m▎[48;2;250;250;252m[38;2;250;250;252m      [48;2;238;237;242m[38;2;251;250;253m▊[48;2;195;194;199m[38;2;244;243;247m▊[48;2;47;19;178m[38;2;203;191;228m▂[48;2;41;7;186m[38;2;0;0;0m [48;2;38;3;183m[38;2;38;3;183m                    [0m
[48;2;38;3;185m[38;2;38;3;185m                          [48;2;38;3;183m[38;2;38;3;183m  [48;2;57;39;166m[38;2;213;209;232m▆[48;2;245;245;245m[38;2;0;0;0m [48;2;250;250;252m[38;2;250;250;252m  [48;2;229;225;230m[38;2;55;36;168m▂[48;2;233;227;250m[38;2;59;35;187m▆[48;2;233;232;236m[38;2;58;44;166m▂[48;2;244;242;249m[38;2;0;0;0m [48;2;250;250;252m[38;2;250;250;252m  [48;2;242;240;248m[38;2;0;0;0m [48;2;54;40;164m[38;2;227;226;231m▆[48;2;49;17;179m[38;2;209;198;233m▂[48;2;39;8;183m[38;2;0;0;0m [48;2;38;3;185m[38;2;38;3;185m                  [0m
[48;2;38;3;185m[38;2;38;3;185m                          [48;2;38;3;183m[38;2;38;3;183m  [48;2;245;242;254m[38;2;154;150;177m▎[48;2;249;249;242m[38;2;250;250;251m▌[48;2;249;249;251m[38;2;249;249;251m  [48;2;43;8;191m[38;2;102;78;190m▎[48;2;37;4;184m[38;2;32;0;164m│[48;2;43;10;184m[38;2;43;9;189m▄[48;2;208;198;232m[38;2;46;19;176m▆[48;2;236;235;237m[38;2;80;59;186m▂[48;2;241;240;247m[38;2;0;0;0m [48;2;250;250;252m[38;2;250;250;252m  [48;2;242;241;247m[38;2;0;0;0m [48;2;65;48;160m[38;2;221;219;227m▆[48;2;38;3;185m[38;2;38;3;185m                  [0m
[48;2;38;3;185m[38;2;38;3;185m                            [48;2;187;179;213m[38;2;51;18;188m▆[48;2;223;213;222m[38;2;176;84;115m▂[48;2;233;230;222m[38;2;210;83;121m▂[48;2;212;202;231m[38;2;59;25;181m▆[48;2;40;5;185m[38;2;40;5;185m  [48;2;38;3;185m[38;2;38;3;185m  [48;2;43;12;188m[38;2;0;0;0m [48;2;205;196;229m[38;2;49;20;180m▆[48;2;232;220;234m[38;2;66;32;157m▂[48;2;241;237;238m[38;2;194;68;92m▂[48;2;223;216;220m[38;2;186;77;101m▂[48;2;186;187;226m[38;2;56;18;177m▆[48;2;38;3;185m[38;2;38;3;185m                  [0m
[48;2;38;3;185m[38;2;38;3;185m                        [48;2;36;0;189m[38;2;36;4;165m▗[48;2;36;3;169m[38;2;36;23;64m▂[48;2;41;15;73m[38;2;178;58;89m▂[48;2;36;12;69m[38;2;193;73;103m▂[48;2;96;30;149m[38;2;198;67;89m▆[48;2;169;65;103m[38;2;224;80;108m▆[48;2;172;65;98m[38;2;225;76;102m▊[48;2;40;15;108m[38;2;22;11;22m▆[48;2;36;13;140m[38;2;5;3;12m▆▆[48;2;37;14;141m[38;2;6;4;12m▆▆[48;2;34;13;65m[38;2;194;56;87m▂[48;2;43;22;73m[38;2;206;68;99m▂[48;2;106;35;135m[38;2;210;74;99m▆[48;2;217;74;100m[38;2;193;63;95m▘[48;2;131;45;93m[38;2;217;67;95m▊[48;2;37;9;160m[38;2;27;19;44m▂[48;2;38;3;185m[38;2;38;3;185m                  [0m
[48;2;38;3;185m[38;2;38;3;185m                        [48;2;37;3;172m[38;2;37;0;199m▘[48;2;37;18;95m[38;2;37;2;180m▆[48;2;140;42;74m[38;2;29;11;103m▆[48;2;154;59;68m[38;2;27;10;81m▆[48;2;168;49;82m[38;2;25;10;82m▆▆[48;2;141;51;76m[38;2;30;11;84m▆[48;2;15;6;24m[38;2;38;8;174m▂[48;2;7;5;11m[38;2;29;4;148m▃▃[48;2;8;3;24m[38;2;39;10;180m▂▂[48;2;167;48;81m[38;2;24;10;81m▆▆[48;2;168;49;82m[38;2;25;10;82m▆▆[48;2;56;22;60m[38;2;47;1;172m▂[48;2;36;20;82m[38;2;39;8;170m▆[48;2;38;3;185m[38;2;38;3;185m                  [0m
[48;2;40;2;185m[38;2;40;2;185m                                                            [0m
[48;2;40;2;185m[38;2;40;2;185m                                                            [0m
