[48;2;1;1;1m[38;2;1;1;1m                                                            [0m
[48;2;1;1;1m[38;2;1;1;1m                                                            [0m
[48;2;1;1;1m[38;2;1;1;1m                                                            [0m
[48;2;1;1;1m[38;2;1;1;1m                                                            [0m
[48;2;1;1;1m[38;2;1;1;1m                            [48;2;1;1;3m[38;2;1;1;3m  [48;2;1;1;1m[38;2;1;1;1m                              [0m
[48;2;1;1;1m[38;2;1;1;1m                        [48;2;1;1;3m[38;2;1;1;3m  [48;2;10;8;11m[38;2;0;0;0m [48;2;31;30;32m[38;2;196;194;197m▃[48;2;11;10;12m[38;2;216;214;217m▄▄[48;2;9;8;10m[38;2;219;217;220m▄▄[48;2;7;5;8m[38;2;34;32;35m▖[48;2;5;3;6m[38;2;1;0;2m▊[48;2;1;1;3m[38;2;1;1;3m  [48;2;1;1;1m[38;2;1;1;1m                        [0m
[48;2;1;1;1m[38;2;1;1;1m                        [48;2;3;1;6m[38;2;3;1;6m  [48;2;4;2;7m[38;2;0;0;0m [48;2;70;68;73m[38;2;10;8;13m▇[48;2;216;218;220m[38;2;197;72;94m▄[48;2;244;245;247m[38;2;208;83;106m▄[48;2;245;243;246m[38;2;232;230;233m▖[48;2;247;245;248m[38;2;253;252;254m▅[48;2;162;160;163m[38;2;232;231;233m▇[48;2;9;7;10m[38;2;74;72;75m▎[48;2;1;1;3m[38;2;1;1;3m    [48;2;1;1;1m[38;2;1;1;1m                      [0m
[48;2;1;1;1m[38;2;1;1;1m                        [48;2;1;1;3m[38;2;1;1;3m  [48;2;3;1;6m[38;2;3;1;6m  [48;2;34;10;7m[38;2;168;62;82m▄[48;2;222;72;107m[38;2;151;53;70m▘[48;2;216;84;107m[38;2;205;58;87m│[48;2;245;247;248m[38;2;240;199;207m▎[48;2;204;202;207m[38;2;250;248;252m▊[48;2;9;7;12m[38;2;81;79;84m▎[48;2;1;1;3m[38;2;1;1;3m    [48;2;3;1;4m[38;2;3;1;4m    [48;2;1;1;3m[38;2;1;1;3m  [48;2;1;1;1m[38;2;1;1;1m                [0m
[48;2;1;1;1m[38;2;1;1;1m                    [48;2;2;2;4m[38;2;2;2;4m  [48;2;3;1;6m[38;2;3;1;6m    [48;2;2;1;6m[38;2;2;1;6m  [48;2;221;78;105m[38;2;164;60;73m▌[48;2;211;77;101m[38;2;215;63;93m▊[48;2;217;83;104m[38;2;205;56;85m│[48;2;245;246;246m[38;2;240;197;204m▎[48;2;205;203;206m[38;2;250;249;251m▊[48;2;10;8;11m[38;2;82;80;83m▎[48;2;3;1;6m[38;2;3;1;6m    [48;2;1;1;3m[38;2;1;1;3m    [48;2;3;1;6m[38;2;3;1;6m  [48;2;1;1;1m[38;2;1;1;1m                [0m
[48;2;1;1;1m[38;2;1;1;1m                [48;2;2;0;3m[38;2;2;0;3m  [48;2;3;1;4m[38;2;3;1;4m  [48;2;3;1;6m[38;2;3;1;6m      [48;2;4;2;7m[38;2;4;2;7m  [48;2;56;19;26m[38;2;9;13;15m▊[48;2;218;76;100m[38;2;138;39;59m▎[48;2;203;95;126m[38;2;241;226;226m▄[48;2;247;234;233m[38;2;0;0;0m [48;2;252;250;253m[38;2;245;243;246m▝[48;2;228;226;229m[38;2;249;248;250m▄[48;2;35;30;34m[38;2;222;217;221m▄[48;2;13;9;12m[38;2;79;74;78m▁[48;2;3;1;6m[38;2;3;1;6m    [48;2;1;1;1m[38;2;1;1;1m                    [0m
[48;2;1;1;1m[38;2;1;1;1m            [48;2;1;1;3m[38;2;1;1;3m  [48;2;3;1;6m[38;2;3;1;6m            [48;2;10;7;5m[38;2;0;0;0m [48;2;186;76;111m[38;2;187;188;186m▄[48;2;234;208;207m[38;2;210;96;124m▄[48;2;210;96;124m[38;2;234;208;207m▄[48;2;244;242;245m[38;2;240;238;241m▌[48;2;255;253;255m[38;2;251;249;252m▌[48;2;250;250;252m[38;2;250;250;252m  [48;2;253;253;254m[38;2;246;246;248m▌[48;2;245;245;247m[38;2;217;217;219m▝[48;2;33;31;36m[38;2;208;206;210m▄[48;2;14;12;17m[38;2;0;0;0m [48;2;3;1;6m[38;2;3;1;6m    [48;2;1;1;1m[38;2;1;1;1m                  [0m
[48;2;1;1;1m[38;2;1;1;1m            [48;2;3;1;6m[38;2;3;1;6m        [48;2;1;1;1m[38;2;1;1;1m  [48;2;2;0;3m[38;2;2;0;3m  [48;2;3;1;6m[38;2;3;1;6m  [48;2;31;13;15m[38;2;2;2;0m▊[48;2;178;81;111m[38;2;207;202;203m▄[48;2;216;83;108m[38;2;245;159;169m▁[48;2;205;72;96m[38;2;237;147;157m▁[48;2;255;254;255m[38;2;237;235;238m▌[48;2;253;251;253m[38;2;245;243;246m┃[48;2;250;250;252m[38;2;250;250;252m    [48;2;188;183;187m[38;2;247;242;246m▊[48;2;5;1;4m[38;2;64;59;63m▎[48;2;3;1;6m[38;2;3;1;6m    [48;2;1;1;3m[38;2;1;1;3m  [48;2;1;1;1m[38;2;1;1;1m                [0m
[48;2;1;1;1m[38;2;1;1;1m            [48;2;1;1;3m[38;2;1;1;3m  [48;2;3;1;6m[38;2;3;1;6m    [48;2;1;1;3m[38;2;1;1;3m  [48;2;1;1;1m[38;2;1;1;1m  [48;2;1;1;3m[38;2;1;1;3m  [48;2;3;1;6m[38;2;3;1;6m  [48;2;9;8;12m[38;2;0;0;0m [48;2;199;197;202m[38;2;28;27;31m▅[48;2;231;231;232m[38;2;0;0;0m [48;2;250;250;251m[38;2;237;237;239m▎[48;2;250;250;252m[38;2;250;250;252m    [48;2;250;250;251m[38;2;241;241;243m┗[48;2;216;216;218m[38;2;248;248;249m▊[48;2;220;215;221m[38;2;36;31;37m▅[48;2;3;0;4m[38;2;5;0;6m▄[48;2;3;1;6m[38;2;3;1;6m    [48;2;1;1;3m[38;2;1;1;3m  [48;2;1;1;1m[38;2;1;1;1m                [0m
[48;2;1;1;1m[38;2;1;1;1m              [48;2;2;0;3m[38;2;2;0;3m  [48;2;1;1;3m[38;2;1;1;3m  [48;2;1;1;1m[38;2;1;1;1m      [48;2;3;1;6m[38;2;3;1;6m  [48;2;18;10;14m[38;2;78;69;74m▁[48;2;23;15;19m[38;2;193;185;189m▅[48;2;238;238;239m[38;2;0;0;0m [48;2;249;249;250m[38;2;232;232;234m╵[48;2;250;250;252m[38;2;250;250;252m    [48;2;255;254;255m[38;2;251;249;252m▄[48;2;187;185;188m[38;2;245;243;246m▊[48;2;1;0;4m[38;2;36;34;39m▎[48;2;2;0;5m[38;2;9;7;12m┃[48;2;3;1;6m[38;2;3;1;6m    [48;2;1;1;1m[38;2;1;1;1m                  [0m
[48;2;1;1;1m[38;2;1;1;1m                [48;2;1;1;3m[38;2;1;1;3m  [48;2;1;1;1m[38;2;1;1;1m    [48;2;3;1;6m[38;2;3;1;6m  [48;2;3;3;0m[38;2;0;0;0m [48;2;71;23;35m[38;2;176;67;99m┏[48;2;222;77;110m[38;2;162;51;72m▘[48;2;223;192;187m[38;2;179;55;81m▄[48;2;233;227;229m[38;2;70;64;66m▁[48;2;241;237;239m[38;2;81;75;77m▁[48;2;228;223;229m[38;2;41;37;42m▅[48;2;234;231;235m[38;2;30;26;31m▅[48;2;234;229;235m[38;2;32;28;33m▅[48;2;225;221;226m[38;2;71;66;72m▅[48;2;233;229;231m[38;2;79;73;75m▅[48;2;222;217;219m[38;2;70;64;66m▁[48;2;4;3;7m[38;2;21;19;24m▌[48;2;8;6;11m[38;2;1;0;4m▊[48;2;3;1;6m[38;2;3;1;6m    [48;2;1;1;1m[38;2;1;1;1m                  [0m
[48;2;1;1;1m[38;2;1;1;1m                    [48;2;0;0;0m[38;2;0;0;0m  [48;2;1;1;3m[38;2;1;1;3m  [48;2;4;4;2m[38;2;0;0;0m [48;2;151;48;81m[38;2;20;6;7m▅[48;2;178;60;98m[38;2;27;10;13m▅[48;2;15;7;7m[38;2;0;0;0m [48;2;14;10;15m[38;2;149;144;150m▁[48;2;21;16;22m[38;2;176;171;177m▁[48;2;24;23;25m[38;2;220;218;221m▅[48;2;19;18;20m[38;2;232;230;232m▅[48;2;39;37;40m[38;2;231;229;232m▅[48;2;242;240;242m[38;2;0;0;0m [48;2;242;241;243m [48;2;40;38;41m[38;2;232;230;233m▅[48;2;24;19;25m[38;2;218;214;219m▅[48;2;11;6;12m[38;2;3;0;4m┣[48;2;2;0;3m[38;2;2;0;3m  [48;2;1;1;1m[38;2;1;1;1m                    [0m
[48;2;1;1;1m[38;2;1;1;1m                        [48;2;1;1;3m[38;2;1;1;3m  [48;2;3;1;6m[38;2;3;1;6m  [48;2;247;247;249m[38;2;146;146;148m▎[48;2;255;255;255m[38;2;233;233;235m│[48;2;250;250;252m[38;2;250;250;252m      [48;2;176;171;177m[38;2;247;243;248m▊[48;2;7;3;8m[38;2;53;48;54m▎[48;2;1;1;3m[38;2;1;1;3m  [48;2;1;1;1m[38;2;1;1;1m                    [0m
[48;2;1;1;1m[38;2;1;1;1m                    [48;2;2;0;3m[38;2;2;0;3m  [48;2;1;1;1m[38;2;1;1;1m  [48;2;3;1;6m[38;2;3;1;6m    [48;2;208;206;208m[38;2;47;45;48m▁[48;2;244;242;244m[38;2;0;0;0m [48;2;250;250;252m[38;2;250;250;252m      [48;2;174;172;177m[38;2;246;244;248m▊[48;2;5;3;8m[38;2;51;49;54m▎[48;2;1;1;3m[38;2;1;1;3m  [48;2;1;1;1m[38;2;1;1;1m                    [0m
[48;2;1;1;1m[38;2;1;1;1m                  [48;2;1;1;3m[38;2;1;1;3m  [48;2;2;0;3m[38;2;2;0;3m  [48;2;1;1;3m[38;2;1;1;3m  [48;2;3;1;6m[38;2;3;1;6m    [48;2;1;0;4m[38;2;23;21;26m▄[48;2;245;243;248m[38;2;146;144;149m▎[48;2;250;250;252m[38;2;250;250;252m      [48;2;177;172;176m[38;2;248;244;247m▊[48;2;8;3;7m[38;2;54;49;53m▎[48;2;1;1;3m[38;2;1;1;3m  [48;2;1;1;1m[38;2;1;1;1m                    [0m
[48;2;1;1;1m[38;2;1;1;1m                  [48;2;2;0;3m[38;2;2;0;3m    [48;2;3;1;6m[38;2;3;1;6m      [48;2;1;0;4m[38;2;23;21;26m▄[48;2;245;243;248m[38;2;146;144;149m▎[48;2;250;250;252m[38;2;250;250;252m    [48;2;238;238;240m[38;2;248;248;249m▊[48;2;205;205;207m[38;2;249;249;250m▊[48;2;196;191;195m[38;2;19;15;18m▅[48;2;13;9;12m[38;2;0;0;0m [48;2;1;1;3m[38;2;1;1;3m  [48;2;1;1;1m[38;2;1;1;1m                    [0m
[48;2;4;2;10m[38;2;23;2;126m▂▂▂▂▂▂▂▂▂▂▂▂▂▂▂▂▂▂[48;2;5;3;12m[38;2;24;2;129m▂▂[48;2;4;2;10m[38;2;23;2;126m▂▂[48;2;5;3;12m[38;2;24;2;129m▂▂▂▂▂▂[48;2;10;9;14m[38;2;19;5;119m▂[48;2;248;245;245m[38;2;150;146;164m▎[48;2;250;250;252m[38;2;250;250;252m    [48;2;255;255;255m[38;2;251;251;253m▄[48;2;187;187;189m[38;2;245;245;247m▊[48;2;17;13;32m[38;2;36;13;163m▁[48;2;7;5;12m[38;2;26;5;129m▂[48;2;5;3;12m[38;2;24;2;129m▂▂[48;2;4;2;10m[38;2;23;2;126m▂▂▂▂▂▂▂▂▂▂▂▂▂▂▂▂▂▂▂▂[0m
[48;2;38;3;183m[38;2;38;3;183m                            [48;2;71;46;174m[38;2;34;3;184m▊[48;2;249;245;247m[38;2;188;175;231m▎[48;2;250;250;252m[38;2;250;250;252m    [48;2;248;248;250m[38;2;248;248;250m  [48;2;86;60;194m[38;2;231;224;244m▅[48;2;40;13;181m[38;2;35;10;173m▄[48;2;38;3;183m[38;2;38;3;183m                      [0m
[48;2;38;3;183m[38;2;38;3;183m                            [48;2;45;21;173m[38;2;200;193;217m▂[48;2;248;245;251m[38;2;194;185;227m▎[48;2;250;250;252m[38;2;250;250;252m      [48;2;245;244;246m[38;2;0;0;0m [48;2;57;39;179m[38;2;214;211;229m▆[48;2;40;5;185m[38;2;40;5;185m  [48;2;38;3;183m[38;2;38;3;183m                    [0m
[48;2;38;3;185m[38;2;38;3;185m                          [48;2;38;3;183m[38;2;38;3;183m  [48;2;245;242;254m[38;2;154;150;177m▎[48;2;249;249;242m[38;2;250;250;251m▌[48;2;250;250;252m[38;2;250;250;252m  [48;2;246;244;249m[38;2;0;0;0m [48;2;238;237;239m[38;2;72;54;179m▂[48;2;249;249;251m[38;2;249;249;251m  [48;2;250;250;251m[38;2;240;240;242m▃[48;2;241;241;243m[38;2;251;251;252m▄[48;2;64;37;194m[38;2;225;221;235m▆[48;2;45;22;177m[38;2;208;204;221m▂[48;2;39;4;184m[38;2;39;4;184m  [48;2;38;3;185m[38;2;38;3;185m                  [0m
[48;2;38;3;185m[38;2;38;3;185m                          [48;2;38;3;183m[38;2;38;3;183m  [48;2;245;242;254m[38;2;154;150;177m▎[48;2;249;249;242m[38;2;250;250;251m▌[48;2;249;249;251m[38;2;249;249;251m  [48;2;213;201;241m[38;2;60;33;183m▆[48;2;38;8;179m[38;2;0;0;0m [48;2;202;198;215m[38;2;49;23;181m▆[48;2;229;224;239m[38;2;58;31;188m▂[48;2;249;249;251m[38;2;249;249;251m  [48;2;250;250;251m[38;2;240;240;242m▃[48;2;241;241;243m[38;2;251;251;252m▄[48;2;69;44;195m[38;2;230;226;236m▆[48;2;50;27;178m[38;2;213;209;222m▂[48;2;38;3;185m[38;2;38;3;185m                  [0m
[48;2;38;3;185m[38;2;38;3;185m                            [48;2;187;178;212m[38;2;50;17;187m▆[48;2;223;212;221m[38;2;175;83;114m▂[48;2;240;238;238m[38;2;203;79;102m▂[48;2;235;226;243m[38;2;61;29;153m▂[48;2;35;5;168m[38;2;82;51;207m▎[48;2;39;6;191m[38;2;49;12;200m▁[48;2;40;5;185m[38;2;40;5;185m  [48;2;211;207;224m[38;2;49;26;180m▆[48;2;228;224;238m[38;2;48;21;178m▂[48;2;240;232;244m[38;2;58;23;164m▂[48;2;238;236;231m[38;2;190;60;102m▂[48;2;223;216;220m[38;2;186;77;101m▂[48;2;186;187;226m[38;2;56;18;177m▆[48;2;38;3;185m[38;2;38;3;185m                  [0m
[48;2;38;3;185m[38;2;38;3;185m                        [48;2;36;0;189m[38;2;36;4;165m▗[48;2;36;3;169m[38;2;36;23;64m▂[48;2;41;15;73m[38;2;178;58;89m▂[48;2;36;12;69m[38;2;193;73;103m▂[48;2;96;30;149m[38;2;198;67;89m▆[48;2;169;65;103m[38;2;224;80;108m▆[48;2;173;66;99m[38;2;226;77;103m▊[48;2;41;15;109m[38;2;22;11;23m▆[48;2;36;13;140m[38;2;5;3;12m▆▆[48;2;37;14;141m[38;2;6;4;12m▆▆[48;2;38;17;68m[38;2;200;62;93m▂▂[48;2;106;35;135m[38;2;210;74;99m▆[48;2;217;74;100m[38;2;193;63;95m▘[48;2;131;45;93m[38;2;217;67;95m▊[48;2;37;9;160m[38;2;27;19;44m▂[48;2;38;3;185m[38;2;38;3;185m                  [0m
[48;2;38;3;185m[38;2;38;3;185m                        [48;2;37;3;172m[38;2;37;0;199m▘[48;2;37;18;95m[38;2;37;2;180m▆[48;2;140;42;74m[38;2;29;11;103m▆[48;2;154;59;68m[38;2;27;10;81m▆[48;2;168;49;82m[38;2;25;10;82m▆▆[48;2;141;51;76m[38;2;30;11;84m▆[48;2;15;6;24m[38;2;38;8;174m▂[48;2;7;5;11m[38;2;29;4;148m▃▃[48;2;8;3;24m[38;2;39;10;180m▂▂[48;2;167;48;81m[38;2;24;10;81m▆▆[48;2;168;49;82m[38;2;25;10;82m▆▆[48;2;56;22;60m[38;2;47;1;172m▂[48;2;36;20;82m[38;2;39;8;170m▆[48;2;38;3;185m[38;2;38;3;185m                  [0m
[48;2;40;2;185m[38;2;40;2;185m                                                            [0m
[48;2;40;2;185m[38;2;40;2;185m                                                            [0m
