[48;2;1;1;1m[38;2;1;1;1m                                                            [0m
[48;2;1;1;1m[38;2;1;1;1m                                                            [0m
[48;2;1;1;1m[38;2;1;1;1m                                                            [0m
[48;2;1;1;1m[38;2;1;1;1m                                                            [0m
[48;2;1;1;1m[38;2;1;1;1m                            [48;2;1;1;3m[38;2;1;1;3m  [48;2;1;1;1m[38;2;1;1;1m                              [0m
[48;2;1;1;1m[38;2;1;1;1m                        [48;2;1;1;3m[38;2;1;1;3m  [48;2;10;8;11m[38;2;0;0;0m [48;2;31;30;32m[38;2;196;194;197m▃[48;2;11;10;12m[38;2;216;214;217m▄▄[48;2;9;8;10m[38;2;219;217;220m▄▄[48;2;7;5;8m[38;2;34;32;35m▖[48;2;5;3;6m[38;2;1;0;2m▊[48;2;1;1;3m[38;2;1;1;3m  [48;2;1;1;1m[38;2;1;1;1m                        [0m
[48;2;1;1;1m[38;2;1;1;1m                        [48;2;3;1;6m[38;2;3;1;6m  [48;2;4;2;7m[38;2;0;0;0m [48;2;70;68;73m[38;2;10;8;13m▇[48;2;223;211;211m[38;2;194;80;114m▄[48;2;239;237;234m[38;2;0;0;0m [48;2;250;250;252m[38;2;250;250;252m  [48;2;162;160;163m[38;2;232;231;233m▇[48;2;9;7;10m[38;2;74;72;75m▎[48;2;1;1;3m[38;2;1;1;3m    [48;2;1;1;1m[38;2;1;1;1m                      [0m
[48;2;1;1;1m[38;2;1;1;1m                        [48;2;1;1;3m[38;2;1;1;3m  [48;2;3;1;6m[38;2;3;1;6m  [48;2;214;73;99m[38;2;144;32;48m▎[48;2;213;86;107m[38;2;215;60;91m▎[48;2;255;254;255m[38;2;236;234;237m▌[48;2;252;250;253m[38;2;244;242;245m┃[48;2;204;202;207m[38;2;250;248;252m▊[48;2;9;7;12m[38;2;81;79;84m▎[48;2;1;1;3m[38;2;1;1;3m    [48;2;3;1;4m[38;2;3;1;4m    [48;2;1;1;3m[38;2;1;1;3m  [48;2;1;1;1m[38;2;1;1;1m                [0m
[48;2;1;1;1m[38;2;1;1;1m                    [48;2;2;2;4m[38;2;2;2;4m  [48;2;3;1;6m[38;2;3;1;6m    [48;2;2;1;6m[38;2;2;1;6m  [48;2;222;79;106m[38;2;165;61;74m▌[48;2;212;78;102m[38;2;216;64;94m▊[48;2;255;253;254m[38;2;226;222;223m▌[48;2;252;248;249m[38;2;244;240;241m┃[48;2;205;203;206m[38;2;250;249;251m▊[48;2;10;8;11m[38;2;82;80;83m▎[48;2;3;1;6m[38;2;3;1;6m    [48;2;1;1;3m[38;2;1;1;3m    [48;2;3;1;6m[38;2;3;1;6m  [48;2;1;1;1m[38;2;1;1;1m                [0m
[48;2;1;1;1m[38;2;1;1;1m                [48;2;2;0;3m[38;2;2;0;3m  [48;2;3;1;4m[38;2;3;1;4m  [48;2;3;1;6m[38;2;3;1;6m        [48;2;19;10;8m[38;2;65;60;57m▁[48;2;188;85;115m[38;2;218;206;206m▄[48;2;207;94;127m[38;2;249;240;239m▄[48;2;245;235;235m[38;2;0;0;0m [48;2;252;250;253m[38;2;245;243;246m▝[48;2;228;226;229m[38;2;249;248;250m▄[48;2;33;28;32m[38;2;218;213;217m▄[48;2;17;13;16m[38;2;0;0;0m [48;2;3;1;6m[38;2;3;1;6m    [48;2;1;1;1m[38;2;1;1;1m                    [0m
[48;2;1;1;1m[38;2;1;1;1m            [48;2;1;1;3m[38;2;1;1;3m  [48;2;3;1;6m[38;2;3;1;6m            [48;2;1;0;4m[38;2;13;11;16m━[48;2;8;7;11m[38;2;78;76;81m▁[48;2;242;240;243m[38;2;150;148;151m▎[48;2;255;254;255m[38;2;244;242;245m▊[48;2;250;250;252m[38;2;250;250;252m    [48;2;240;238;241m[38;2;0;0;0m [48;2;37;35;40m[38;2;222;220;223m▄[48;2;6;4;9m[38;2;6;4;9m  [48;2;3;1;6m[38;2;3;1;6m    [48;2;1;1;1m[38;2;1;1;1m                  [0m
[48;2;1;1;1m[38;2;1;1;1m            [48;2;3;1;6m[38;2;3;1;6m        [48;2;1;1;1m[38;2;1;1;1m  [48;2;9;5;3m[38;2;0;0;0m [48;2;50;19;25m[38;2;178;63;98m▗[48;2;9;6;9m[38;2;196;65;89m▅▅[48;2;34;19;20m[38;2;205;89;123m▄[48;2;244;237;236m[38;2;176;142;147m▎[48;2;250;250;252m[38;2;250;250;252m      [48;2;255;255;255m[38;2;251;251;253m▄[48;2;187;187;189m[38;2;245;245;247m▊[48;2;17;15;20m[38;2;109;107;112m▁[48;2;6;5;9m[38;2;0;0;0m [48;2;3;1;6m[38;2;3;1;6m    [48;2;1;1;3m[38;2;1;1;3m  [48;2;1;1;1m[38;2;1;1;1m                [0m
[48;2;1;1;1m[38;2;1;1;1m            [48;2;1;1;3m[38;2;1;1;3m  [48;2;3;1;6m[38;2;3;1;6m    [48;2;1;1;3m[38;2;1;1;3m  [48;2;1;1;1m[38;2;1;1;1m  [48;2;1;1;3m[38;2;1;1;3m  [48;2;174;51;72m[38;2;20;8;13m▅[48;2;198;74;96m[38;2;25;12;17m▅[48;2;225;220;224m[38;2;36;31;34m▅[48;2;225;221;224m[38;2;98;92;96m▁[48;2;249;249;251m[38;2;249;249;251m  [48;2;250;250;252m[38;2;250;250;252m      [48;2;187;182;186m[38;2;246;241;245m▊[48;2;3;0;2m[38;2;63;58;62m▎[48;2;3;1;6m[38;2;3;1;6m    [48;2;1;1;3m[38;2;1;1;3m  [48;2;1;1;1m[38;2;1;1;1m                [0m
[48;2;1;1;1m[38;2;1;1;1m              [48;2;2;0;3m[38;2;2;0;3m  [48;2;1;1;3m[38;2;1;1;3m  [48;2;1;1;1m[38;2;1;1;1m      [48;2;3;1;6m[38;2;3;1;6m    [48;2;245;243;245m[38;2;142;140;143m▎[48;2;252;250;252m[38;2;236;234;237m│[48;2;250;250;252m[38;2;250;250;252m    [48;2;249;249;251m[38;2;249;249;251m  [48;2;224;220;224m[38;2;105;100;104m▁[48;2;3;0;2m[38;2;58;53;57m▎[48;2;3;1;6m[38;2;3;1;6m    [48;2;1;1;1m[38;2;1;1;1m                  [0m
[48;2;1;1;1m[38;2;1;1;1m                [48;2;1;1;3m[38;2;1;1;3m  [48;2;1;1;1m[38;2;1;1;1m    [48;2;3;1;6m[38;2;3;1;6m      [48;2;205;201;205m[38;2;74;69;73m▁[48;2;235;230;234m[38;2;48;43;47m▅[48;2;234;229;235m[38;2;27;23;28m▅▅[48;2;235;231;234m[38;2;37;33;36m▅[48;2;229;225;228m[38;2;83;78;82m▁[48;2;228;224;227m[38;2;75;70;74m▁[48;2;219;214;218m[38;2;31;26;30m▅[48;2;5;3;8m[38;2;5;3;8m  [48;2;3;1;6m[38;2;3;1;6m    [48;2;1;1;1m[38;2;1;1;1m                  [0m
[48;2;1;1;1m[38;2;1;1;1m                    [48;2;0;0;0m[38;2;0;0;0m  [48;2;1;1;3m[38;2;1;1;3m  [48;2;2;0;3m[38;2;2;0;3m  [48;2;3;1;6m[38;2;3;1;6m  [48;2;20;16;19m[38;2;161;156;160m▁[48;2;24;20;23m[38;2;210;206;210m▅[48;2;22;21;23m[38;2;234;232;235m▅▅[48;2;22;20;23m[38;2;233;231;234m▅▅[48;2;31;27;30m[38;2;223;219;223m▅[48;2;22;18;21m[38;2;169;164;168m▁[48;2;3;1;6m[38;2;3;1;6m  [48;2;2;0;3m[38;2;2;0;3m  [48;2;1;1;1m[38;2;1;1;1m                    [0m
[48;2;1;1;1m[38;2;1;1;1m                        [48;2;1;1;3m[38;2;1;1;3m  [48;2;3;1;6m[38;2;3;1;6m  [48;2;247;247;249m[38;2;146;146;148m▎[48;2;255;255;255m[38;2;233;233;235m│[48;2;250;250;252m[38;2;250;250;252m    [48;2;253;253;254m[38;2;246;246;248m▃[48;2;244;244;246m[38;2;231;231;233m▝[48;2;46;41;47m[38;2;215;210;216m▅[48;2;10;5;11m[38;2;32;27;33m▎[48;2;1;1;3m[38;2;1;1;3m  [48;2;1;1;1m[38;2;1;1;1m                    [0m
[48;2;1;1;1m[38;2;1;1;1m                    [48;2;2;0;3m[38;2;2;0;3m  [48;2;1;1;1m[38;2;1;1;1m  [48;2;3;1;6m[38;2;3;1;6m    [48;2;208;206;208m[38;2;47;45;48m▁[48;2;244;242;244m[38;2;0;0;0m [48;2;250;250;252m[38;2;250;250;252m      [48;2;174;172;177m[38;2;246;244;248m▊[48;2;5;3;8m[38;2;51;49;54m▎[48;2;1;1;3m[38;2;1;1;3m  [48;2;1;1;1m[38;2;1;1;1m                    [0m
[48;2;1;1;1m[38;2;1;1;1m                  [48;2;1;1;3m[38;2;1;1;3m  [48;2;2;0;3m[38;2;2;0;3m  [48;2;1;1;3m[38;2;1;1;3m  [48;2;3;1;6m[38;2;3;1;6m    [48;2;1;0;4m[38;2;23;21;26m▄[48;2;245;243;248m[38;2;146;144;149m▎[48;2;250;250;252m[38;2;250;250;252m    [48;2;249;249;251m[38;2;249;249;251m  [48;2;217;212;216m[38;2;50;45;49m▁[48;2;9;5;8m[38;2;47;42;46m▎[48;2;1;1;3m[38;2;1;1;3m  [48;2;1;1;1m[38;2;1;1;1m                    [0m
[48;2;1;1;1m[38;2;1;1;1m                  [48;2;2;0;3m[38;2;2;0;3m    [48;2;3;1;6m[38;2;3;1;6m      [48;2;1;0;4m[38;2;23;21;26m▄[48;2;245;243;248m[38;2;146;144;149m▎[48;2;250;250;252m[38;2;250;250;252m    [48;2;255;254;255m[38;2;251;249;252m▄[48;2;187;185;188m[38;2;245;243;246m▊[48;2;1;0;4m[38;2;36;34;39m▎[48;2;2;0;5m[38;2;9;7;12m┃[48;2;1;1;3m[38;2;1;1;3m  [48;2;1;1;1m[38;2;1;1;1m                    [0m
[48;2;4;2;10m[38;2;23;2;126m▂▂▂▂▂▂▂▂▂▂▂▂▂▂▂▂▂▂[48;2;5;3;12m[38;2;24;2;129m▂▂[48;2;4;2;10m[38;2;23;2;126m▂▂[48;2;5;3;12m[38;2;24;2;129m▂▂▂▂▂▂[48;2;10;9;14m[38;2;19;5;119m▂[48;2;248;245;245m[38;2;150;146;164m▎[48;2;250;250;252m[38;2;250;250;252m    [48;2;240;240;242m[38;2;252;252;253m┃[48;2;205;205;207m[38;2;248;248;250m▊[48;2;20;19;21m[38;2;171;163;194m▂[48;2;8;6;22m[38;2;50;24;174m▁[48;2;5;3;12m[38;2;24;2;129m▂▂[48;2;4;2;10m[38;2;23;2;126m▂▂▂▂▂▂▂▂▂▂▂▂▂▂▂▂▂▂▂▂[0m
[48;2;38;3;183m[38;2;38;3;183m                            [48;2;53;32;178m[38;2;209;205;229m▆[48;2;241;240;245m[38;2;0;0;0m [48;2;250;250;252m[38;2;250;250;252m      [48;2;173;162;220m[38;2;249;247;249m▊[48;2;37;11;173m[38;2;46;13;204m│[48;2;38;3;183m[38;2;38;3;183m                      [0m
[48;2;38;3;183m[38;2;38;3;183m                            [48;2;245;242;254m[38;2;154;150;177m▎[48;2;249;249;242m[38;2;250;250;251m▌[48;2;250;250;252m[38;2;250;250;252m      [48;2;245;244;246m[38;2;0;0;0m [48;2;57;39;179m[38;2;214;211;229m▆[48;2;40;5;185m[38;2;40;5;185m  [48;2;38;3;183m[38;2;38;3;183m                    [0m
[48;2;38;3;185m[38;2;38;3;185m                          [48;2;38;3;183m[38;2;38;3;183m  [48;2;245;242;254m[38;2;154;150;177m▎[48;2;249;249;242m[38;2;250;250;251m▌[48;2;249;249;251m[38;2;249;249;251m  [48;2;223;221;221m[38;2;65;41;189m▆[48;2;227;222;235m[38;2;50;25;187m▂[48;2;249;249;251m[38;2;249;249;251m  [48;2;250;250;251m[38;2;240;240;242m▃[48;2;241;241;243m[38;2;251;251;252m▄[48;2;64;37;194m[38;2;225;221;235m▆[48;2;45;22;177m[38;2;208;204;221m▂[48;2;39;4;184m[38;2;39;4;184m  [48;2;38;3;185m[38;2;38;3;185m                  [0m
[48;2;38;3;185m[38;2;38;3;185m                          [48;2;38;3;183m[38;2;38;3;183m  [48;2;245;242;254m[38;2;154;150;177m▎[48;2;249;249;242m[38;2;250;250;251m▌[48;2;245;243;249m[38;2;0;0;0m [48;2;237;236;237m[38;2;74;55;181m▂[48;2;36;6;173m[38;2;83;55;191m▎[48;2;39;4;185m[38;2;50;12;209m▎[48;2;202;198;215m[38;2;49;23;181m▆[48;2;229;224;239m[38;2;58;31;188m▂[48;2;249;249;251m[38;2;249;249;251m  [48;2;253;252;255m[38;2;255;254;255m┃[48;2;195;194;199m[38;2;244;243;247m▊[48;2;51;25;179m[38;2;203;192;227m▂[48;2;44;11;186m[38;2;0;0;0m [48;2;38;3;185m[38;2;38;3;185m                  [0m
[48;2;38;3;185m[38;2;38;3;185m                            [48;2;187;178;212m[38;2;50;17;187m▆[48;2;223;212;221m[38;2;175;83;114m▂[48;2;230;224;228m[38;2;212;82;127m▂[48;2;42;6;184m[38;2;96;61;161m▎[48;2;38;3;185m[38;2;38;3;185m  [48;2;40;5;185m[38;2;40;5;185m  [48;2;211;207;224m[38;2;49;26;180m▆[48;2;228;224;238m[38;2;48;21;178m▂[48;2;240;232;244m[38;2;58;23;164m▂[48;2;238;236;231m[38;2;190;60;102m▂[48;2;214;207;221m[38;2;209;78;133m▂[48;2;44;13;184m[38;2;52;9;160m▖[48;2;38;3;185m[38;2;38;3;185m                  [0m
[48;2;38;3;185m[38;2;38;3;185m                        [48;2;36;0;189m[38;2;36;4;165m▗[48;2;36;3;169m[38;2;36;23;64m▂[48;2;41;15;73m[38;2;178;58;89m▂[48;2;36;12;69m[38;2;193;73;103m▂[48;2;96;30;149m[38;2;198;67;89m▆[48;2;169;65;103m[38;2;224;80;108m▆[48;2;173;66;99m[38;2;226;77;103m▊[48;2;41;15;109m[38;2;22;11;23m▆[48;2;36;13;140m[38;2;5;3;12m▆▆[48;2;37;14;141m[38;2;6;4;12m▆▆[48;2;38;17;68m[38;2;200;62;93m▂▂[48;2;81;29;141m[38;2;202;71;94m▆[48;2;196;65;90m[38;2;53;18;27m▂[48;2;192;60;98m[38;2;51;28;36m▃[48;2;38;5;167m[38;2;24;7;34m▂[48;2;38;3;185m[38;2;38;3;185m                  [0m
[48;2;38;3;185m[38;2;38;3;185m                        [48;2;37;3;172m[38;2;37;0;199m▘[48;2;37;18;95m[38;2;37;2;180m▆[48;2;140;42;74m[38;2;29;11;103m▆[48;2;154;59;68m[38;2;27;10;81m▆[48;2;168;49;82m[38;2;25;10;82m▆▆[48;2;141;51;76m[38;2;30;11;84m▆[48;2;15;6;24m[38;2;38;8;174m▂[48;2;7;5;11m[38;2;29;4;148m▃▃[48;2;8;3;24m[38;2;39;10;180m▂▂[48;2;167;48;81m[38;2;24;10;81m▆▆[48;2;134;44;71m[38;2;25;7;80m▆[48;2;18;9;28m[38;2;43;12;180m▂[48;2;17;8;43m[38;2;37;5;178m▂[48;2;32;18;81m[38;2;33;3;166m▆[48;2;38;3;185m[38;2;38;3;185m                  [0m
[48;2;40;2;185m[38;2;40;2;185m                                                            [0m
[48;2;40;2;185m[38;2;40;2;185m                                                            [0m
