[48;2;1;1;1m[38;2;1;1;1m                                                            [0m
[48;2;1;1;1m[38;2;1;1;1m                                                            [0m
[48;2;1;1;1m[38;2;1;1;1m                                                            [0m
[48;2;1;1;1m[38;2;1;1;1m                                                            [0m
[48;2;1;1;1m[38;2;1;1;1m                            [48;2;2;1;1m[38;2;12;10;11m▃▃▃▃[48;2;2;2;2m[38;2;2;2;2m  [48;2;1;1;1m[38;2;1;1;1m                          [0m
[48;2;1;1;1m[38;2;1;1;1m                        [48;2;1;1;3m[38;2;1;1;3m    [48;2;178;173;177m[38;2;46;41;45m▄[48;2;121;116;120m[38;2;229;225;228m▇[48;2;132;131;136m[38;2;245;244;248m▇▇[48;2;122;117;121m[38;2;240;237;240m▇[48;2;29;25;28m[38;2;210;205;209m▄[48;2;5;3;6m[38;2;5;3;6m  [48;2;1;1;1m[38;2;1;1;1m                        [0m
[48;2;1;1;1m[38;2;1;1;1m                        [48;2;3;1;6m[38;2;3;1;6m    [48;2;22;8;6m[38;2;6;7;4m▊[48;2;217;212;210m[38;2;177;81;109m▄[48;2;248;246;249m[38;2;248;246;249m  [48;2;240;240;242m[38;2;252;252;253m┃[48;2;205;205;207m[38;2;248;248;250m▊[48;2;1;0;2m[38;2;36;34;37m▎[48;2;2;0;3m[38;2;9;7;10m┃[48;2;1;1;3m[38;2;1;1;3m  [48;2;1;1;1m[38;2;1;1;1m                      [0m
[48;2;1;1;1m[38;2;1;1;1m                        [48;2;1;1;3m[38;2;1;1;3m  [48;2;3;1;6m[38;2;3;1;6m  [48;2;42;7;13m[38;2;4;7;8m▊[48;2;212;72;95m[38;2;139;42;61m▎[48;2;255;253;255m[38;2;238;233;237m▌[48;2;253;249;253m[38;2;246;241;245m┃[48;2;240;240;242m[38;2;252;252;253m┃[48;2;205;205;207m[38;2;248;248;250m▊[48;2;4;2;3m[38;2;46;44;45m▎[48;2;13;11;12m[38;2;1;0;0m┃[48;2;1;1;3m[38;2;1;1;3m  [48;2;3;1;4m[38;2;3;1;4m    [48;2;1;1;3m[38;2;1;1;3m  [48;2;1;1;1m[38;2;1;1;1m                [0m
[48;2;1;1;1m[38;2;1;1;1m                    [48;2;2;2;4m[38;2;2;2;4m  [48;2;3;1;6m[38;2;3;1;6m    [48;2;9;7;10m[38;2;45;43;46m▁[48;2;14;12;15m[38;2;197;195;198m▄[48;2;30;19;19m[38;2;231;227;224m▄[48;2;167;66;96m[38;2;248;241;240m▄[48;2;244;242;245m[38;2;240;238;241m▌[48;2;255;253;255m[38;2;251;249;252m▌[48;2;253;253;254m[38;2;246;246;248m▃[48;2;244;244;246m[38;2;231;231;233m▝[48;2;32;27;31m[38;2;217;213;217m▄[48;2;13;9;12m[38;2;67;62;66m▁[48;2;4;3;5m[38;2;45;43;46m▁▁[48;2;1;1;3m[38;2;1;1;3m    [48;2;3;1;6m[38;2;3;1;6m  [48;2;1;1;1m[38;2;1;1;1m                [0m
[48;2;1;1;1m[38;2;1;1;1m                [48;2;2;0;3m[38;2;2;0;3m  [48;2;3;1;4m[38;2;3;1;4m  [48;2;3;1;6m[38;2;3;1;6m      [48;2;231;229;232m[38;2;117;115;118m▎[48;2;255;254;255m[38;2;254;252;255m▊[48;2;250;250;252m[38;2;250;250;252m      [48;2;247;247;249m[38;2;247;247;249m  [48;2;204;202;205m[38;2;245;243;246m▇[48;2;233;232;234m[38;2;0;0;0m [48;2;31;26;30m[38;2;215;210;214m▄[48;2;14;9;13m[38;2;69;64;68m▁[48;2;1;1;1m[38;2;1;1;1m                    [0m
[48;2;1;1;1m[38;2;1;1;1m            [48;2;1;1;3m[38;2;1;1;3m  [48;2;3;1;6m[38;2;3;1;6m          [48;2;4;3;7m[38;2;0;0;0m [48;2;27;26;30m[38;2;190;188;193m▄[48;2;230;229;231m[38;2;0;0;0m [48;2;248;246;248m [48;2;250;250;252m[38;2;250;250;252m          [48;2;240;238;241m[38;2;253;251;254m┃[48;2;181;179;182m[38;2;244;242;245m▊[48;2;16;14;19m[38;2;88;86;91m▁[48;2;1;0;4m[38;2;15;13;18m╺[48;2;1;1;1m[38;2;1;1;1m                  [0m
[48;2;1;1;1m[38;2;1;1;1m            [48;2;3;1;6m[38;2;3;1;6m        [48;2;1;1;1m[38;2;1;1;1m  [48;2;1;1;3m[38;2;1;1;3m  [48;2;10;8;11m[38;2;94;92;95m▁[48;2;239;238;240m[38;2;105;103;106m▎[48;2;250;250;252m[38;2;250;250;252m          [48;2;237;233;236m[38;2;0;0;0m [48;2;224;219;223m[38;2;77;72;76m▄[48;2;248;248;250m[38;2;248;248;250m  [48;2;150;145;149m[38;2;249;244;248m▊[48;2;3;0;2m[38;2;27;22;26m▄[48;2;1;1;3m[38;2;1;1;3m  [48;2;1;1;1m[38;2;1;1;1m                [0m
[48;2;1;1;1m[38;2;1;1;1m            [48;2;1;1;3m[38;2;1;1;3m  [48;2;3;1;6m[38;2;3;1;6m    [48;2;1;1;3m[38;2;1;1;3m  [48;2;1;1;1m[38;2;1;1;1m  [48;2;1;1;3m[38;2;1;1;3m  [48;2;190;169;168m[38;2;183;56;91m▄[48;2;237;230;227m[38;2;217;144;161m▁[48;2;217;213;217m[38;2;42;38;41m▄[48;2;238;234;237m[38;2;36;32;35m▅[48;2;227;225;228m[38;2;121;119;122m▁[48;2;243;242;244m[38;2;0;0;0m [48;2;250;250;252m[38;2;250;250;252m      [48;2;249;249;251m[38;2;249;249;251m  [48;2;242;240;243m[38;2;118;116;119m▁[48;2;236;234;237m[38;2;97;95;98m▁[48;2;207;203;206m[38;2;31;27;30m▅[48;2;14;9;13m[38;2;0;0;0m [48;2;1;1;3m[38;2;1;1;3m  [48;2;1;1;1m[38;2;1;1;1m                [0m
[48;2;1;1;1m[38;2;1;1;1m              [48;2;2;0;3m[38;2;2;0;3m  [48;2;1;1;3m[38;2;1;1;3m  [48;2;1;1;1m[38;2;1;1;1m      [48;2;176;59;85m[38;2;59;28;27m▁[48;2;204;66;99m[38;2;46;16;15m▅[48;2;10;5;9m[38;2;23;18;22m▘[48;2;3;0;2m[38;2;9;4;8m▂[48;2;11;9;12m[38;2;11;9;12m▄[48;2;219;217;220m[38;2;131;129;132m▎[48;2;249;249;251m[38;2;249;249;251m  [48;2;250;250;252m[38;2;250;250;252m    [48;2;205;203;206m[38;2;242;240;243m▊[48;2;217;215;218m[38;2;35;33;36m▅[48;2;5;3;8m[38;2;5;3;8m  [48;2;3;1;6m[38;2;3;1;6m  [48;2;1;1;1m[38;2;1;1;1m                  [0m
[48;2;1;1;1m[38;2;1;1;1m                [48;2;1;1;3m[38;2;1;1;3m  [48;2;1;1;1m[38;2;1;1;1m    [48;2;3;1;6m[38;2;3;1;6m      [48;2;7;5;8m[38;2;0;0;0m [48;2;13;12;14m[38;2;145;143;146m▁[48;2;209;204;210m[38;2;74;69;75m▅[48;2;233;228;234m[38;2;32;28;33m▅[48;2;232;230;233m[38;2;25;23;26m▅▅[48;2;232;230;235m[38;2;25;23;28m▅▅[48;2;210;206;210m[38;2;68;63;67m▅[48;2;3;0;2m[38;2;12;7;11m▘[48;2;3;1;6m[38;2;3;1;6m    [48;2;1;1;1m[38;2;1;1;1m                  [0m
[48;2;1;1;1m[38;2;1;1;1m                    [48;2;0;0;0m[38;2;0;0;0m  [48;2;1;1;3m[38;2;1;1;3m  [48;2;2;0;3m[38;2;2;0;3m  [48;2;3;1;6m[38;2;3;1;6m  [48;2;16;15;17m[38;2;106;104;107m▂[48;2;240;239;241m[38;2;160;158;161m▎[48;2;255;254;255m[38;2;251;249;252m▄[48;2;43;41;44m[38;2;235;233;236m▅[48;2;22;20;23m[38;2;233;231;234m▅▅[38;2;231;229;232m▅[48;2;45;43;46m[38;2;234;232;235m▅[48;2;171;166;170m[38;2;243;239;243m▊[48;2;29;25;28m[38;2;155;150;154m▁[48;2;3;1;4m[38;2;3;1;4m  [48;2;1;1;1m[38;2;1;1;1m                    [0m
[48;2;1;1;1m[38;2;1;1;1m                        [48;2;1;1;3m[38;2;1;1;3m  [48;2;1;0;4m[38;2;10;8;13m━[38;2;8;6;11m▃[48;2;245;245;246m[38;2;154;154;156m▎[48;2;252;252;253m[38;2;243;243;245m│[48;2;250;250;252m[38;2;250;250;252m      [48;2;255;255;255m[38;2;245;245;247m▌[48;2;174;174;176m▊[48;2;4;2;5m[38;2;20;18;21m▌[48;2;7;5;8m[38;2;1;0;2m▊[48;2;1;1;1m[38;2;1;1;1m                    [0m
[48;2;1;1;1m[38;2;1;1;1m                    [48;2;2;0;3m[38;2;2;0;3m  [48;2;1;1;1m[38;2;1;1;1m  [48;2;3;1;6m[38;2;3;1;6m  [48;2;23;21;24m[38;2;1;0;2m▊[48;2;243;241;244m[38;2;121;119;122m▎[48;2;250;250;252m[38;2;250;250;252m        [48;2;246;244;247m[38;2;231;229;232m━[48;2;216;214;217m[38;2;75;73;76m▁[48;2;3;2;4m[38;2;19;17;20m▌[48;2;6;4;7m[38;2;1;0;2m▊[48;2;1;1;1m[38;2;1;1;1m                    [0m
[48;2;1;1;1m[38;2;1;1;1m                  [48;2;1;1;3m[38;2;1;1;3m  [48;2;2;0;3m[38;2;2;0;3m  [48;2;1;1;3m[38;2;1;1;3m  [48;2;3;1;6m[38;2;3;1;6m  [48;2;23;21;24m[38;2;1;0;2m▊[48;2;243;241;244m[38;2;121;119;122m▎[48;2;250;250;252m[38;2;250;250;252m      [48;2;249;249;251m[38;2;249;249;251m  [48;2;217;212;216m[38;2;50;45;49m▁[48;2;9;5;8m[38;2;47;42;46m▎[48;2;1;1;3m[38;2;1;1;3m  [48;2;1;1;1m[38;2;1;1;1m                    [0m
[48;2;1;1;1m[38;2;1;1;1m                  [48;2;2;0;3m[38;2;2;0;3m    [48;2;3;1;6m[38;2;3;1;6m    [48;2;23;21;24m[38;2;1;0;2m▊[48;2;243;241;244m[38;2;121;119;122m▎[48;2;250;250;252m[38;2;250;250;252m      [48;2;208;204;208m[38;2;248;244;247m▊[48;2;204;199;203m[38;2;26;21;25m▅[48;2;4;2;7m[38;2;4;2;7m  [48;2;1;1;3m[38;2;1;1;3m  [48;2;1;1;1m[38;2;1;1;1m                    [0m
[48;2;4;2;10m[38;2;23;2;126m▂▂▂▂▂▂▂▂▂▂▂▂▂▂▂▂▂▂[48;2;5;3;12m[38;2;24;2;129m▂▂[48;2;4;2;10m[38;2;23;2;126m▂▂[48;2;5;3;12m[38;2;24;2;129m▂▂▂▂[48;2;15;11;28m[38;2;23;4;147m▁[48;2;240;237;240m[38;2;122;118;136m▎[48;2;250;250;252m[38;2;250;250;252m      [48;2;241;239;241m[38;2;0;0;0m [48;2;62;60;63m[38;2;232;230;233m▅[48;2;11;8;15m[38;2;41;20;144m▂[48;2;3;1;8m[38;2;30;8;133m▂[48;2;5;3;12m[38;2;24;2;129m▂▂[48;2;4;2;10m[38;2;23;2;126m▂▂▂▂▂▂▂▂▂▂▂▂▂▂▂▂▂▂▂▂[0m
[48;2;38;3;183m[38;2;38;3;183m                          [48;2;30;0;172m[38;2;52;16;214m│[48;2;250;246;249m[38;2;110;91;180m▎[48;2;250;250;252m[38;2;250;250;252m      [48;2;249;249;251m[38;2;249;249;251m  [48;2;57;32;183m[38;2;218;210;239m▆[48;2;38;9;180m[38;2;40;20;164m▖[48;2;38;3;183m[38;2;38;3;183m                      [0m
[48;2;38;3;183m[38;2;38;3;183m                          [48;2;34;4;176m[38;2;44;9;205m▘[48;2;198;187;227m[38;2;48;18;182m▆[48;2;242;241;245m[38;2;185;184;190m▎[48;2;251;250;253m[38;2;245;244;249m▗[48;2;250;250;252m[38;2;250;250;252m      [48;2;186;178;220m[38;2;250;247;251m▊[48;2;44;20;173m[38;2;201;195;221m▂[48;2;39;4;184m[38;2;39;4;184m  [48;2;38;3;183m[38;2;38;3;183m                    [0m
[48;2;38;3;185m[38;2;38;3;185m                          [48;2;38;3;183m[38;2;38;3;183m  [48;2;245;242;254m[38;2;154;150;177m▎[48;2;249;249;242m[38;2;250;250;251m▌[48;2;249;249;251m[38;2;249;249;251m  [48;2;223;221;221m[38;2;65;41;189m▆[48;2;227;222;235m[38;2;50;25;187m▂[48;2;249;249;251m[38;2;249;249;251m  [48;2;239;238;243m[38;2;251;250;253m▊[48;2;196;195;200m[38;2;245;244;248m▊[48;2;47;19;177m[38;2;205;193;230m▂[48;2;43;10;187m[38;2;0;0;0m [48;2;38;3;185m[38;2;38;3;185m                    [0m
[48;2;38;3;185m[38;2;38;3;185m                            [48;2;212;209;229m[38;2;55;38;179m▂[48;2;244;243;246m[38;2;0;0;0m [48;2;249;249;251m[38;2;249;249;251m  [48;2;35;2;174m[38;2;103;79;189m▎[48;2;44;13;181m[38;2;52;12;222m│[48;2;228;227;231m[38;2;62;47;170m▂[48;2;245;243;249m[38;2;0;0;0m [48;2;250;250;252m[38;2;250;250;252m  [48;2;196;189;224m[38;2;243;241;240m▊[48;2;53;28;180m[38;2;213;209;227m▂[48;2;38;3;185m[38;2;38;3;185m                    [0m
[48;2;38;3;185m[38;2;38;3;185m                            [48;2;58;25;154m[38;2;40;8;188m▊[48;2;218;210;227m[38;2;183;73;123m▂[48;2;232;229;226m[38;2;205;80;104m▂[48;2;199;186;228m[38;2;60;26;180m▆[48;2;40;5;185m[38;2;40;5;185m  [48;2;42;10;186m[38;2;0;0;0m [48;2;204;193;227m[38;2;48;18;178m▆[48;2;234;224;239m[38;2;57;22;165m▂[48;2;240;238;236m[38;2;185;57;100m▂[48;2;244;233;240m[38;2;191;77;100m▂[48;2;225;212;220m[38;2;189;74;97m▂[48;2;39;4;182m[38;2;39;4;182m  [48;2;38;3;185m[38;2;38;3;185m                  [0m
[48;2;38;3;185m[38;2;38;3;185m                          [48;2;70;34;97m[38;2;189;67;109m━[48;2;47;15;68m[38;2;182;64;89m▂[48;2;88;23;141m[38;2;199;68;90m▆[48;2;176;71;109m[38;2;221;77;104m▆[48;2;211;71;99m[38;2;0;0;0m [48;2;91;34;145m[38;2;215;74;95m▆[48;2;47;21;149m[38;2;17;9;20m▆[48;2;36;9;137m[38;2;7;1;11m▆[48;2;37;14;141m[38;2;6;4;12m▆▆[48;2;55;19;70m[38;2;193;61;90m▂[48;2;216;76;97m[38;2;180;59;95m▎[48;2;210;70;101m[38;2;0;0;0m [48;2;194;72;97m[38;2;63;20;22m▃[48;2;38;6;166m[38;2;28;17;52m▂[48;2;33;2;170m[38;2;43;6;199m▗[48;2;38;3;185m[38;2;38;3;185m                  [0m
[48;2;38;3;185m[38;2;38;3;185m                          [48;2;36;20;83m[38;2;39;8;171m▆[48;2;56;21;61m[38;2;47;1;174m▂[48;2;168;49;82m[38;2;25;10;82m▆▆[48;2;155;55;81m[38;2;27;8;81m▆▆[48;2;8;3;24m[38;2;39;10;180m▂▂▂▂[48;2;167;48;81m[38;2;24;10;81m▆▆[48;2;135;45;74m[38;2;26;7;82m▆[48;2;19;9;30m[38;2;44;13;183m▂[48;2;37;22;76m[38;2;37;2;182m▆[48;2;37;2;180m[38;2;37;5;162m▘[48;2;38;3;185m[38;2;38;3;185m                  [0m
[48;2;40;2;185m[38;2;40;2;185m                                                            [0m
[48;2;40;2;185m[38;2;40;2;185m                                                            [0m
