[48;2;1;1;1m[38;2;1;1;1m                                                            [0m
[48;2;1;1;1m[38;2;1;1;1m                                                            [0m
[48;2;1;1;1m[38;2;1;1;1m                                                            [0m
[48;2;1;1;1m[38;2;1;1;1m                                                            [0m
[48;2;1;1;1m[38;2;1;1;1m                            [48;2;1;1;3m[38;2;1;1;3m  [48;2;2;2;2m[38;2;2;2;2m  [48;2;2;1;1m[38;2;12;10;11m▃▃[48;2;1;1;1m[38;2;1;1;1m                          [0m
[48;2;1;1;1m[38;2;1;1;1m                        [48;2;1;1;3m[38;2;1;1;3m    [48;2;3;1;6m[38;2;3;1;6m  [48;2;18;16;19m[38;2;191;189;192m▄[48;2;124;122;125m[38;2;236;235;237m▇[48;2;130;128;131m[38;2;244;242;244m▇▇[48;2;23;19;22m[38;2;201;197;200m▄[48;2;14;9;13m[38;2;0;0;0m [48;2;1;1;1m[38;2;1;1;1m                        [0m
[48;2;1;1;1m[38;2;1;1;1m                        [48;2;3;1;6m[38;2;3;1;6m    [48;2;4;2;7m[38;2;4;2;7m  [48;2;248;247;252m[38;2;147;146;151m▎[48;2;255;254;255m[38;2;234;233;238m│[48;2;250;250;252m[38;2;250;250;252m  [48;2;185;183;186m[38;2;244;242;245m▊[48;2;1;0;2m[38;2;61;59;62m▎[48;2;1;1;3m[38;2;1;1;3m  [48;2;1;1;1m[38;2;1;1;1m                      [0m
[48;2;1;1;1m[38;2;1;1;1m                        [48;2;1;1;3m[38;2;1;1;3m  [48;2;3;1;6m[38;2;3;1;6m  [48;2;3;1;4m[38;2;3;1;4m  [48;2;247;246;251m[38;2;146;145;150m▎[48;2;255;254;255m[38;2;233;232;237m│[48;2;250;250;252m[38;2;250;250;252m  [48;2;187;182;186m[38;2;246;241;245m▊[48;2;3;0;2m[38;2;63;58;62m▎[48;2;1;1;3m[38;2;1;1;3m  [48;2;3;1;4m[38;2;3;1;4m    [48;2;1;1;3m[38;2;1;1;3m  [48;2;1;1;1m[38;2;1;1;1m                [0m
[48;2;1;1;1m[38;2;1;1;1m                    [48;2;2;2;4m[38;2;2;2;4m  [48;2;3;1;6m[38;2;3;1;6m  [48;2;5;3;8m[38;2;5;3;8m  [48;2;9;8;10m[38;2;46;44;47m▁[48;2;15;13;16m[38;2;198;196;199m▄[48;2;19;17;20m[38;2;232;230;233m▄▄[48;2;202;90;124m[38;2;241;231;231m▄[48;2;241;241;239m[38;2;0;0;0m [48;2;248;248;250m[38;2;248;248;250m  [48;2;186;82;113m[38;2;244;237;237m▄[48;2;28;25;22m[38;2;226;232;227m▄[48;2;17;16;18m[38;2;233;231;234m▄[38;2;216;214;216m▄[48;2;5;4;6m[38;2;24;22;25m▃[48;2;1;0;2m[38;2;3;1;4m▖[48;2;1;1;3m[38;2;1;1;3m  [48;2;3;1;6m[38;2;3;1;6m  [48;2;1;1;1m[38;2;1;1;1m                [0m
[48;2;1;1;1m[38;2;1;1;1m                [48;2;2;0;3m[38;2;2;0;3m  [48;2;3;1;4m[38;2;3;1;4m  [48;2;3;1;6m[38;2;3;1;6m    [48;2;11;6;10m[38;2;49;44;48m▁[48;2;233;229;233m[38;2;110;105;109m▎[48;2;232;232;234m[38;2;251;251;252m▅[48;2;248;248;250m[38;2;243;243;245m▚[48;2;250;250;252m[38;2;250;250;252m          [48;2;228;226;229m[38;2;0;0;0m [48;2;29;28;30m[38;2;217;215;218m▄[48;2;3;3;3m[38;2;3;3;3m  [48;2;1;1;1m[38;2;1;1;1m                  [0m
[48;2;1;1;1m[38;2;1;1;1m            [48;2;1;1;3m[38;2;1;1;3m  [48;2;3;1;6m[38;2;3;1;6m        [48;2;1;0;4m[38;2;12;10;15m━[48;2;8;6;11m[38;2;77;75;80m▁[48;2;237;235;237m[38;2;95;93;96m▎[48;2;254;253;255m[38;2;238;236;239m┃[48;2;255;255;255m[38;2;241;241;243m━[48;2;245;245;247m[38;2;175;175;177m▁[48;2;249;249;251m[38;2;249;249;251m  [48;2;250;250;252m[38;2;250;250;252m        [48;2;241;239;242m[38;2;191;189;192m▁[48;2;250;248;250m[38;2;204;202;205m▝[48;2;30;25;29m[38;2;209;205;209m▄[48;2;15;11;14m[38;2;0;0;0m [48;2;1;1;1m[38;2;1;1;1m                  [0m
[48;2;1;1;1m[38;2;1;1;1m            [48;2;3;1;6m[38;2;3;1;6m        [48;2;1;1;1m[38;2;1;1;1m  [48;2;11;9;10m[38;2;5;3;4m┃[48;2;231;229;230m[38;2;93;91;92m▎[48;2;250;250;252m[38;2;250;250;252m  [48;2;247;245;247m[38;2;234;232;235m╏[48;2;55;53;56m[38;2;225;223;226m▅[48;2;248;248;250m[38;2;255;255;255m│[48;2;239;239;241m[38;2;249;249;251m┃[48;2;250;250;252m[38;2;250;250;252m      [38;2;243;243;245m▚[48;2;250;250;251m[38;2;206;206;208m▝[48;2;40;38;41m[38;2;223;221;224m▅[48;2;242;241;243m[38;2;0;0;0m [48;2;151;146;150m[38;2;250;245;249m▊[48;2;3;0;2m[38;2;28;23;27m▄[48;2;1;1;3m[38;2;1;1;3m  [48;2;1;1;1m[38;2;1;1;1m                [0m
[48;2;1;1;1m[38;2;1;1;1m            [48;2;1;1;3m[38;2;1;1;3m  [48;2;3;1;6m[38;2;3;1;6m    [48;2;1;1;3m[38;2;1;1;3m  [48;2;1;1;1m[38;2;1;1;1m  [48;2;1;0;2m[38;2;12;10;13m┓[48;2;194;192;195m[38;2;23;22;24m▅[48;2;216;215;217m[38;2;98;96;99m▁[48;2;242;240;242m[38;2;0;0;0m [48;2;246;246;247m [48;2;244;244;245m[38;2;145;145;147m▁[48;2;249;249;251m[38;2;249;249;251m  [48;2;250;250;252m[38;2;250;250;252m      [48;2;249;249;251m[38;2;249;249;251m  [48;2;242;240;243m[38;2;118;116;119m▁[48;2;236;234;237m[38;2;97;95;98m▁[48;2;207;203;206m[38;2;31;27;30m▅[48;2;14;9;13m[38;2;0;0;0m [48;2;1;1;3m[38;2;1;1;3m  [48;2;1;1;1m[38;2;1;1;1m                [0m
[48;2;1;1;1m[38;2;1;1;1m              [48;2;2;0;3m[38;2;2;0;3m  [48;2;1;1;3m[38;2;1;1;3m  [48;2;1;1;1m[38;2;1;1;1m      [48;2;12;8;13m[38;2;0;0;0m [48;2;196;192;197m[38;2;17;13;18m▅[48;2;229;225;229m[38;2;28;24;27m▅[48;2;22;18;21m[38;2;0;0;0m [48;2;209;207;210m[38;2;96;94;97m▁[48;2;247;245;247m[38;2;0;0;0m [48;2;250;250;252m[38;2;250;250;252m      [48;2;205;203;206m[38;2;242;240;243m▊[48;2;217;215;218m[38;2;35;33;36m▅[48;2;5;3;8m[38;2;5;3;8m  [48;2;3;1;6m[38;2;3;1;6m  [48;2;1;1;1m[38;2;1;1;1m                  [0m
[48;2;1;1;1m[38;2;1;1;1m                [48;2;1;1;3m[38;2;1;1;3m  [48;2;1;1;1m[38;2;1;1;1m    [48;2;3;1;6m[38;2;3;1;6m      [48;2;27;25;28m[38;2;5;3;6m▊[48;2;215;213;216m[38;2;116;114;117m▎[48;2;228;223;229m[38;2;41;37;42m▅[48;2;234;231;235m[38;2;30;26;31m▅[48;2;232;230;233m[38;2;25;23;26m▅▅[48;2;232;230;235m[38;2;25;23;28m▅▅[48;2;210;206;210m[38;2;68;63;67m▅[48;2;3;0;2m[38;2;12;7;11m▘[48;2;3;1;6m[38;2;3;1;6m    [48;2;1;1;1m[38;2;1;1;1m                  [0m
[48;2;1;1;1m[38;2;1;1;1m                    [48;2;0;0;0m[38;2;0;0;0m  [48;2;1;1;3m[38;2;1;1;3m  [48;2;2;0;3m[38;2;2;0;3m  [48;2;3;1;6m[38;2;3;1;6m  [48;2;19;15;18m[38;2;207;203;206m▅[48;2;30;25;29m[38;2;233;229;232m▅[48;2;22;20;23m[38;2;233;231;234m▅▅▅▅[38;2;231;229;232m▅[48;2;45;43;46m[38;2;234;232;235m▅[48;2;173;168;172m[38;2;246;241;245m▊[48;2;8;4;7m[38;2;49;44;48m▎[48;2;2;0;3m[38;2;2;0;3m  [48;2;1;1;1m[38;2;1;1;1m                    [0m
[48;2;1;1;1m[38;2;1;1;1m                        [48;2;1;1;3m[38;2;1;1;3m  [48;2;11;6;10m[38;2;3;0;2m┓[48;2;29;25;28m[38;2;205;201;205m▅[48;2;238;238;239m[38;2;0;0;0m [48;2;249;249;251m[38;2;233;233;235m╵[48;2;250;250;252m[38;2;250;250;252m      [48;2;241;239;242m[38;2;0;0;0m [48;2;44;42;45m[38;2;209;207;210m▅[48;2;4;2;5m[38;2;4;2;5m  [48;2;1;1;1m[38;2;1;1;1m                    [0m
[48;2;1;1;1m[38;2;1;1;1m                    [48;2;2;0;3m[38;2;2;0;3m  [48;2;1;1;1m[38;2;1;1;1m  [48;2;3;1;6m[38;2;3;1;6m  [48;2;23;21;24m[38;2;1;0;2m▊[48;2;243;241;244m[38;2;121;119;122m▎[48;2;250;250;252m[38;2;250;250;252m        [48;2;250;250;251m[38;2;0;0;0m [48;2;249;249;250m[38;2;211;211;213m▝[48;2;40;38;41m[38;2;214;212;215m▅[48;2;7;6;8m[38;2;30;28;31m▎[48;2;1;1;1m[38;2;1;1;1m                    [0m
[48;2;1;1;1m[38;2;1;1;1m                  [48;2;1;1;3m[38;2;1;1;3m  [48;2;2;0;3m[38;2;2;0;3m  [48;2;1;1;3m[38;2;1;1;3m  [48;2;3;1;6m[38;2;3;1;6m  [48;2;23;21;24m[38;2;1;0;2m▊[48;2;243;241;244m[38;2;121;119;122m▎[48;2;250;250;252m[38;2;250;250;252m          [48;2;174;172;175m[38;2;246;244;246m▊[48;2;5;3;6m[38;2;51;49;52m▎[48;2;1;1;1m[38;2;1;1;1m                    [0m
[48;2;1;1;1m[38;2;1;1;1m                  [48;2;2;0;3m[38;2;2;0;3m    [48;2;3;1;6m[38;2;3;1;6m    [48;2;23;21;24m[38;2;1;0;2m▊[48;2;243;241;244m[38;2;121;119;122m▎[48;2;250;250;252m[38;2;250;250;252m  [38;2;254;254;255m▌[48;2;239;239;241m[38;2;243;243;245m▌[48;2;219;217;220m[38;2;39;37;40m▅[48;2;245;244;246m[38;2;198;196;199m▎[48;2;250;250;252m[38;2;250;250;252m    [48;2;174;172;173m[38;2;246;244;245m▊[48;2;5;3;4m[38;2;51;49;50m▎[48;2;1;1;1m[38;2;1;1;1m                    [0m
[48;2;4;2;10m[38;2;23;2;126m▂▂▂▂▂▂▂▂▂▂▂▂▂▂▂▂▂▂[48;2;5;3;12m[38;2;24;2;129m▂▂[48;2;4;2;10m[38;2;23;2;126m▂▂[48;2;5;3;12m[38;2;24;2;129m▂▂▂▂[48;2;15;11;28m[38;2;23;4;147m▁[48;2;240;237;240m[38;2;122;118;136m▎[48;2;250;250;252m[38;2;250;250;252m  [48;2;253;253;254m[38;2;245;245;247m┃[48;2;237;237;239m[38;2;255;255;255m▌[48;2;40;34;47m[38;2;44;15;181m▁[48;2;212;206;219m[38;2;63;31;200m▁[48;2;249;249;251m[38;2;249;249;251m  [48;2;238;238;240m[38;2;252;252;253m▊[48;2;194;194;196m[38;2;244;244;245m▊[48;2;189;184;193m[38;2;28;16;71m▅[48;2;12;8;15m[38;2;34;10;135m▂[48;2;4;2;10m[38;2;23;2;126m▂▂▂▂▂▂▂▂▂▂▂▂▂▂▂▂▂▂▂▂[0m
[48;2;38;3;183m[38;2;38;3;183m                          [48;2;40;14;183m[38;2;186;173;228m▂[48;2;242;240;243m[38;2;136;126;175m▎[48;2;250;250;252m[38;2;250;250;252m  [48;2;249;249;251m[38;2;249;249;251m  [48;2;36;1;182m[38;2;104;78;203m▎[48;2;45;16;171m[38;2;53;15;212m│[48;2;255;255;255m[38;2;236;236;238m▌[48;2;252;252;253m[38;2;244;244;246m┃[48;2;255;254;255m[38;2;246;245;250m▌[48;2;175;174;179m[38;2;246;245;249m▊[48;2;41;6;184m[38;2;41;6;184m  [48;2;38;3;183m[38;2;38;3;183m                    [0m
[48;2;38;3;183m[38;2;38;3;183m                        [48;2;38;3;185m[38;2;38;3;185m  [48;2;244;242;251m[38;2;141;133;182m▎[48;2;251;251;247m[38;2;235;234;239m│[48;2;250;250;252m[38;2;250;250;252m  [48;2;226;220;248m[38;2;248;247;242m▊[48;2;225;220;235m[38;2;65;40;183m▆[48;2;51;18;194m[38;2;39;8;178m▄[48;2;51;25;174m[38;2;202;191;231m▂[48;2;249;249;251m[38;2;231;231;233m▌[38;2;255;255;255m▌[48;2;255;254;255m[38;2;246;245;250m▌[48;2;175;174;179m[38;2;246;245;249m▊[48;2;41;6;184m[38;2;41;6;184m  [48;2;38;3;183m[38;2;38;3;183m                    [0m
[48;2;38;3;185m[38;2;38;3;185m                          [48;2;244;242;251m[38;2;141;133;182m▎[48;2;251;251;247m[38;2;235;234;239m│[48;2;249;249;251m[38;2;249;249;251m  [48;2;218;208;240m[38;2;65;38;184m▆[48;2;43;13;181m[38;2;0;0;0m [48;2;72;47;177m[38;2;35;4;186m▊[48;2;250;246;248m[38;2;189;175;234m▎[48;2;250;250;252m[38;2;250;250;252m  [48;2;255;254;255m[38;2;246;245;250m▌[48;2;175;174;179m[38;2;246;245;249m▊[48;2;41;6;184m[38;2;41;6;184m  [48;2;38;3;185m[38;2;38;3;185m                    [0m
[48;2;38;3;185m[38;2;38;3;185m                        [48;2;37;2;184m[38;2;37;2;184m  [48;2;244;242;251m[38;2;141;133;182m▎[48;2;251;251;247m[38;2;235;234;239m│[48;2;249;249;251m[38;2;249;249;251m  [48;2;34;0;185m[38;2;131;111;200m▎[48;2;36;3;166m[38;2;47;11;199m┃[48;2;43;16;180m[38;2;42;8;197m▌[48;2;223;216;233m[38;2;57;35;172m▂[48;2;249;249;251m[38;2;249;249;251m  [48;2;195;186;228m[38;2;246;243;247m▊[48;2;194;187;214m[38;2;46;22;174m▆[48;2;39;4;186m[38;2;39;4;186m  [48;2;38;3;185m[38;2;38;3;185m                    [0m
[48;2;38;3;185m[38;2;38;3;185m                          [48;2;122;106;199m[38;2;118;36;126m▄[48;2;223;209;226m[38;2;191;76;100m▂[48;2;238;233;232m[38;2;192;64;92m▂[48;2;221;211;237m[38;2;67;35;167m▆[48;2;40;5;183m[38;2;40;5;183m  [48;2;37;2;180m[38;2;60;14;170m▗[48;2;53;13;171m[38;2;167;65;126m▂[48;2;237;226;231m[38;2;195;59;85m▂[48;2;247;236;239m[38;2;206;71;97m▂[48;2;213;208;222m[38;2;208;79;133m▂[48;2;40;8;186m[38;2;60;27;153m▎[48;2;38;3;185m[38;2;38;3;185m                      [0m
[48;2;38;3;185m[38;2;38;3;185m                        [48;2;34;3;173m[38;2;23;9;73m▃[48;2;26;2;126m[38;2;15;7;27m▅[48;2;187;66;93m[38;2;43;24;19m▃[48;2;209;64;99m[38;2;57;19;21m▃[48;2;191;68;103m[38;2;214;72;92m▊[48;2;51;19;65m[38;2;215;69;109m▂[48;2;39;14;141m[38;2;8;3;12m▆▆[48;2;44;21;129m[38;2;8;4;10m▆[48;2;140;51;72m[38;2;16;4;15m▆[48;2;205;64;87m[38;2;49;18;26m▃[48;2;200;71;93m[38;2;25;19;21m▂[48;2;172;55;92m[38;2;208;72;94m▊[48;2;48;16;65m[38;2;185;56;93m▂[48;2;29;6;122m[38;2;13;7;20m▅[48;2;35;7;156m[38;2;15;5;43m▂[48;2;39;4;184m[38;2;39;4;184m  [48;2;38;3;185m[38;2;38;3;185m                  [0m
[48;2;38;3;185m[38;2;38;3;185m                        [48;2;32;17;88m[38;2;33;2;173m▆[48;2;17;6;49m[38;2;37;3;185m▂[48;2;8;3;24m[38;2;39;10;180m▂▂[48;2;145;47;73m[38;2;26;10;80m▆▆[48;2;9;4;24m[38;2;40;11;181m▂▂[48;2;7;5;11m[38;2;29;4;148m▃▃[48;2;8;3;24m[38;2;39;10;180m▂▂[48;2;148;48;74m[38;2;28;10;81m▆▆[48;2;17;8;39m[38;2;37;5;178m▂[48;2;32;23;56m[38;2;33;2;175m▆[48;2;38;3;185m[38;2;38;3;185m                    [0m
[48;2;40;2;185m[38;2;40;2;185m                                                            [0m
[48;2;40;2;185m[38;2;40;2;185m                                                            [0m
