[48;2;1;1;1m[38;2;1;1;1m                                                            [0m
[48;2;1;1;1m[38;2;1;1;1m                                                            [0m
[48;2;1;1;1m[38;2;1;1;1m                                                            [0m
[48;2;1;1;1m[38;2;1;1;1m                                                            [0m
[48;2;1;1;1m[38;2;1;1;1m                            [48;2;1;1;3m[38;2;1;1;3m  [48;2;1;1;1m[38;2;1;1;1m                              [0m
[48;2;1;1;1m[38;2;1;1;1m                        [48;2;1;1;3m[38;2;1;1;3m    [48;2;3;1;6m[38;2;3;1;6m  [48;2;3;2;4m[38;2;8;6;9m▚[48;2;3;1;4m[38;2;19;17;20m▃[48;2;35;33;36m[38;2;223;221;224m▃[48;2;14;13;15m[38;2;218;216;218m▄[48;2;16;11;15m[38;2;218;214;218m▄[48;2;36;32;35m[38;2;224;219;223m▃[48;2;3;3;3m[38;2;11;11;11m▂[48;2;10;10;10m[38;2;1;1;1m▅[48;2;1;1;1m                      [0m
[48;2;1;1;1m[38;2;1;1;1m                        [48;2;3;1;6m[38;2;3;1;6m      [48;2;32;30;33m[38;2;7;6;8m▊[48;2;231;229;232m[38;2;152;150;153m▎[48;2;250;250;252m[38;2;250;250;252m  [48;2;243;245;241m[38;2;0;0;0m [48;2;245;235;236m[38;2;196;92;123m▄[48;2;187;183;184m[38;2;32;29;29m▄[48;2;16;13;13m[38;2;0;0;0m [48;2;1;1;1m[38;2;1;1;1m                      [0m
[48;2;1;1;1m[38;2;1;1;1m                        [48;2;1;1;3m[38;2;1;1;3m  [48;2;3;1;6m[38;2;3;1;6m  [48;2;1;1;3m[38;2;1;1;3m  [48;2;38;36;39m[38;2;6;5;7m▊[48;2;247;245;248m[38;2;161;159;162m▎[48;2;249;249;251m[38;2;249;249;251m  [48;2;240;227;216m[38;2;208;92;115m▄[48;2;203;47;84m[38;2;214;84;112m▊[48;2;8;6;7m[38;2;13;11;12m▌[48;2;1;0;0m[38;2;3;1;2m▎[48;2;3;1;4m[38;2;3;1;4m    [48;2;1;1;3m[38;2;1;1;3m  [48;2;1;1;1m[38;2;1;1;1m                [0m
[48;2;1;1;1m[38;2;1;1;1m                    [48;2;2;2;4m[38;2;2;2;4m  [48;2;3;1;6m[38;2;3;1;6m    [48;2;1;1;3m[38;2;1;1;3m  [48;2;15;13;16m[38;2;0;0;0m [48;2;15;14;16m[38;2;200;198;201m▄[48;2;31;30;32m[38;2;227;225;228m▄[48;2;238;236;238m[38;2;0;0;0m [48;2;248;246;249m[38;2;248;246;249m  [48;2;207;73;97m[38;2;235;101;125m▎[48;2;189;55;79m[38;2;214;80;104m┫[48;2;8;4;5m[38;2;49;45;46m▁▁[48;2;1;1;3m[38;2;1;1;3m    [48;2;3;1;6m[38;2;3;1;6m  [48;2;1;1;1m[38;2;1;1;1m                [0m
[48;2;1;1;1m[38;2;1;1;1m                [48;2;2;0;3m[38;2;2;0;3m  [48;2;3;1;4m[38;2;3;1;4m  [48;2;3;1;6m[38;2;3;1;6m    [48;2;1;1;3m[38;2;1;1;3m  [48;2;1;0;2m[38;2;10;8;11m┗[48;2;28;26;29m[38;2;194;192;194m▄[48;2;243;241;244m[38;2;180;178;181m▘[48;2;251;249;252m[38;2;236;234;237m▎[48;2;250;250;252m[38;2;250;250;252m    [48;2;247;247;249m[38;2;247;247;249m  [48;2;215;213;216m[38;2;245;243;246m▇[48;2;193;191;194m[38;2;239;237;240m▇[48;2;28;26;29m[38;2;214;212;215m▄[48;2;18;16;19m[38;2;0;0;0m [48;2;1;1;1m[38;2;1;1;1m                    [0m
[48;2;1;1;1m[38;2;1;1;1m            [48;2;1;1;3m[38;2;1;1;3m  [48;2;3;1;6m[38;2;3;1;6m          [48;2;1;1;1m[38;2;1;1;1m  [48;2;13;12;14m[38;2;72;70;73m▁[48;2;237;235;238m[38;2;139;137;140m▎[48;2;250;250;252m[38;2;250;250;252m          [48;2;246;244;247m[38;2;255;254;255m┃[48;2;173;171;174m[38;2;240;238;241m▊[48;2;1;0;2m[38;2;35;33;36m▎[38;2;8;6;9m┃[48;2;1;1;1m[38;2;1;1;1m                  [0m
[48;2;1;1;1m[38;2;1;1;1m            [48;2;3;1;6m[38;2;3;1;6m        [48;2;1;1;1m[38;2;1;1;1m      [48;2;239;237;240m[38;2;129;127;130m▎[48;2;254;252;254m[38;2;239;237;240m│[48;2;250;250;252m[38;2;250;250;252m          [48;2;201;197;200m[38;2;250;246;249m▊[48;2;218;213;217m[38;2;41;36;40m▅[48;2;4;2;5m[38;2;4;2;5m  [48;2;1;1;3m[38;2;1;1;3m  [48;2;1;1;1m[38;2;1;1;1m                [0m
[48;2;1;1;1m[38;2;1;1;1m            [48;2;1;1;3m[38;2;1;1;3m  [48;2;3;1;6m[38;2;3;1;6m    [48;2;1;1;3m[38;2;1;1;3m  [48;2;1;1;1m[38;2;1;1;1m  [48;2;1;1;3m[38;2;1;1;3m  [48;2;1;1;1m[38;2;1;1;1m  [48;2;223;221;224m[38;2;110;108;111m▎[48;2;247;246;248m[38;2;218;216;219m▁[48;2;250;250;252m[38;2;250;250;252m          [48;2;239;237;240m[38;2;0;0;0m [48;2;25;23;26m[38;2;199;197;200m▅[48;2;5;3;6m[38;2;5;3;6m  [48;2;1;1;3m[38;2;1;1;3m  [48;2;1;1;1m[38;2;1;1;1m                [0m
[48;2;1;1;1m[38;2;1;1;1m              [48;2;2;0;3m[38;2;2;0;3m  [48;2;1;1;3m[38;2;1;1;3m  [48;2;1;1;1m[38;2;1;1;1m      [48;2;2;0;3m[38;2;2;0;3m  [48;2;15;13;18m[38;2;1;0;4m▆[48;2;200;198;202m[38;2;21;19;24m▅[48;2;233;231;233m[38;2;30;28;31m▅[48;2;243;242;244m[38;2;178;176;179m▎[48;2;250;250;252m[38;2;250;250;252m      [48;2;247;247;248m[38;2;0;0;0m [48;2;240;240;241m[38;2;118;118;120m▁[48;2;232;228;232m[38;2;98;93;97m▁[48;2;214;209;213m[38;2;28;24;27m▅[48;2;5;3;8m[38;2;5;3;8m  [48;2;1;1;1m[38;2;1;1;1m                  [0m
[48;2;1;1;1m[38;2;1;1;1m                [48;2;1;1;3m[38;2;1;1;3m  [48;2;1;1;1m[38;2;1;1;1m    [48;2;3;1;6m[38;2;3;1;6m      [48;2;10;9;11m[38;2;10;8;11m▄[48;2;211;209;211m[38;2;80;78;81m▁[48;2;242;239;240m[38;2;78;74;75m▁▁▁▁[48;2;242;238;242m[38;2;90;85;89m▁[48;2;232;228;231m[38;2;78;73;77m▁[48;2;206;202;205m[38;2;31;26;30m▅[48;2;13;9;12m[38;2;0;0;0m [48;2;3;1;6m[38;2;3;1;6m    [48;2;1;1;1m[38;2;1;1;1m                  [0m
[48;2;1;1;1m[38;2;1;1;1m                    [48;2;0;0;0m[38;2;0;0;0m  [48;2;1;1;3m[38;2;1;1;3m  [48;2;2;0;3m[38;2;2;0;3m  [48;2;3;1;6m[38;2;3;1;6m  [48;2;10;8;13m[38;2;0;0;0m [48;2;20;18;23m[38;2;199;197;202m▅[48;2;27;23;26m[38;2;191;186;190m▁[48;2;19;15;18m[38;2;185;180;184m▁[48;2;3;0;2m[38;2;193;188;192m▁▁[48;2;19;14;18m[38;2;184;179;183m▁[48;2;26;22;25m[38;2;190;185;189m▁[38;2;206;201;205m▅[48;2;3;0;2m[38;2;22;17;21m━[48;2;2;0;3m[38;2;2;0;3m  [48;2;1;1;1m[38;2;1;1;1m                    [0m
[48;2;1;1;1m[38;2;1;1;1m                        [48;2;1;1;3m[38;2;1;1;3m  [48;2;3;1;6m[38;2;3;1;6m  [48;2;36;35;37m[38;2;202;200;203m▅[48;2;235;233;236m[38;2;0;0;0m [48;2;250;250;252m[38;2;250;250;252m      [48;2;191;186;190m[38;2;243;239;242m▊[48;2;24;20;23m[38;2;125;120;124m▂[48;2;1;1;3m[38;2;1;1;3m  [48;2;1;1;1m[38;2;1;1;1m                    [0m
[48;2;1;1;1m[38;2;1;1;1m                    [48;2;2;0;3m[38;2;2;0;3m  [48;2;1;1;1m[38;2;1;1;1m  [48;2;3;1;6m[38;2;3;1;6m  [48;2;10;6;9m[38;2;0;0;0m [48;2;30;26;29m[38;2;206;202;205m▅[48;2;238;238;239m[38;2;0;0;0m [48;2;249;249;251m[38;2;233;233;235m╵[48;2;250;250;252m[38;2;250;250;252m      [48;2;255;255;255m[38;2;247;247;249m▌[48;2;176;176;178m[38;2;247;247;248m▊[48;2;23;21;24m[38;2;168;166;169m▁[48;2;1;0;2m[38;2;8;6;9m▄[48;2;1;1;1m[38;2;1;1;1m                    [0m
[48;2;1;1;1m[38;2;1;1;1m                  [48;2;1;1;3m[38;2;1;1;3m  [48;2;2;0;3m[38;2;2;0;3m  [48;2;1;1;3m[38;2;1;1;3m  [48;2;3;1;6m[38;2;3;1;6m  [48;2;23;21;24m[38;2;1;0;2m▊[48;2;243;241;244m[38;2;121;119;122m▎[48;2;250;250;252m[38;2;250;250;252m          [48;2;174;172;175m[38;2;246;244;246m▊[48;2;5;3;6m[38;2;51;49;52m▎[48;2;1;1;1m[38;2;1;1;1m                    [0m
[48;2;1;1;1m[38;2;1;1;1m                  [48;2;2;0;3m[38;2;2;0;3m    [48;2;3;1;6m[38;2;3;1;6m    [48;2;8;6;9m[38;2;1;0;2m┣[48;2;177;175;178m[38;2;16;14;17m▅[48;2;245;243;245m[38;2;175;173;176m▎[48;2;250;248;250m[38;2;234;232;235m╷[48;2;250;250;252m[38;2;250;250;252m        [48;2;174;172;173m[38;2;246;244;245m▊[48;2;5;3;4m[38;2;51;49;50m▎[48;2;1;1;1m[38;2;1;1;1m                    [0m
[48;2;4;2;10m[38;2;23;2;126m▂▂▂▂▂▂▂▂▂▂▂▂▂▂▂▂▂▂[48;2;5;3;12m[38;2;24;2;129m▂▂[48;2;4;2;10m[38;2;23;2;126m▂▂[48;2;5;3;12m[38;2;24;2;129m▂▂▂▂▂▂[48;2;245;244;246m[38;2;143;141;144m▎[48;2;252;251;253m[38;2;237;235;238m│[48;2;250;250;252m[38;2;250;250;252m  [48;2;246;246;243m[38;2;0;0;0m [48;2;230;228;238m[38;2;68;48;172m▁[48;2;249;249;251m[38;2;249;249;251m  [48;2;248;248;250m[38;2;248;248;250m  [48;2;223;218;223m[38;2;101;77;200m▂[48;2;21;15;31m[38;2;38;9;177m▁[48;2;4;2;10m[38;2;23;2;126m▂▂▂▂▂▂▂▂▂▂▂▂▂▂▂▂▂▂▂▂[0m
[48;2;38;3;183m[38;2;38;3;183m                          [48;2;40;8;185m[38;2;31;7;174m▗[48;2;116;96;201m[38;2;234;229;239m┏[48;2;244;243;248m[38;2;231;230;235m▘[48;2;253;252;254m[38;2;246;245;250m▃[48;2;250;250;252m[38;2;250;250;252m  [48;2;234;227;245m[38;2;80;56;181m▂[48;2;58;33;172m[38;2;48;20;184m▄[48;2;255;255;255m[38;2;236;236;238m▌[48;2;252;252;253m[38;2;244;244;246m┃[48;2;255;254;255m[38;2;246;245;250m▌[48;2;175;174;179m[38;2;246;245;249m▊[48;2;41;6;184m[38;2;41;6;184m  [48;2;38;3;183m[38;2;38;3;183m                    [0m
[48;2;38;3;183m[38;2;38;3;183m                          [48;2;44;20;174m[38;2;187;178;219m▂[48;2;242;238;247m[38;2;159;150;198m▎[48;2;250;250;252m[38;2;250;250;252m  [48;2;246;245;249m[38;2;0;0;0m [48;2;237;236;236m[38;2;84;64;189m▂[48;2;40;11;178m[38;2;84;60;198m▎[48;2;56;36;177m[38;2;218;213;233m▆[48;2;249;249;251m[38;2;249;249;251m  [48;2;243;244;242m[38;2;0;0;0m [48;2;222;219;233m[38;2;66;47;184m▂[48;2;40;5;185m[38;2;40;5;185m  [48;2;38;3;183m[38;2;38;3;183m                    [0m
[48;2;38;3;185m[38;2;38;3;185m                          [48;2;244;242;251m[38;2;141;133;182m▎[48;2;251;251;247m[38;2;235;234;239m│[48;2;250;250;252m[38;2;250;250;252m  [48;2;235;229;235m[38;2;77;54;179m▂[48;2;34;5;182m[38;2;86;61;198m▎[48;2;72;47;177m[38;2;35;4;186m▊[48;2;250;246;248m[38;2;189;175;234m▎[48;2;250;250;252m[38;2;250;250;252m  [48;2;173;162;220m[38;2;249;247;249m▊[48;2;37;11;173m[38;2;46;13;204m│[48;2;38;3;185m[38;2;38;3;185m                      [0m
[48;2;38;3;185m[38;2;38;3;185m                        [48;2;36;5;189m[38;2;0;0;0m [48;2;70;48;165m[38;2;197;187;219m▆[48;2;249;248;251m[38;2;211;210;215m▘[48;2;250;249;252m[38;2;0;0;0m [48;2;245;244;248m [48;2;237;237;237m[38;2;75;58;180m▂[48;2;34;7;168m[38;2;95;68;199m▎[48;2;43;10;189m[38;2;0;0;0m [48;2;69;53;165m[38;2;224;223;230m▆[48;2;246;244;250m[38;2;0;0;0m [48;2;250;250;252m[38;2;254;254;255m▌[48;2;239;239;241m[38;2;243;243;245m▌[48;2;199;187;223m[38;2;53;23;182m▆[48;2;42;10;194m[38;2;37;7;172m▌[48;2;38;3;185m[38;2;38;3;185m                      [0m
[48;2;38;3;185m[38;2;38;3;185m                        [48;2;38;8;187m[38;2;38;8;187m▄[48;2;245;241;239m[38;2;96;74;185m▎[48;2;250;250;252m[38;2;250;250;252m  [48;2;227;221;239m[38;2;72;52;180m▂[48;2;40;11;178m[38;2;105;89;182m▎[48;2;40;5;183m[38;2;40;5;183m  [48;2;248;247;251m[38;2;205;204;209m▎[48;2;240;239;244m[38;2;252;251;254m┃[48;2;242;240;249m[38;2;0;0;0m [48;2;223;221;228m[38;2;58;38;168m▂[48;2;45;10;188m[38;2;50;15;193m▌[48;2;34;0;177m[38;2;38;3;181m▌[48;2;38;3;185m[38;2;38;3;185m                      [0m
[48;2;38;3;185m[38;2;38;3;185m                        [48;2;36;5;163m[38;2;25;8;43m▂[48;2;196;168;219m[38;2;171;68;99m▆[48;2;237;214;204m[38;2;215;74;104m▆▆[48;2;51;27;77m[38;2;204;62;92m▂[48;2;40;16;67m[38;2;212;70;100m▂[48;2;41;16;143m[38;2;10;5;14m▆▆[48;2;229;207;197m[38;2;208;69;98m▆[48;2;236;214;204m[38;2;213;75;103m▆[48;2;225;201;211m[38;2;212;73;99m▆[48;2;84;43;153m[38;2;213;75;100m▆[48;2;39;18;71m[38;2;201;63;96m▂▂[48;2;37;4;166m[38;2;37;25;61m▂[48;2;37;1;186m[38;2;37;5;162m▖[48;2;38;3;185m[38;2;38;3;185m                    [0m
[48;2;38;3;185m[38;2;38;3;185m                        [48;2;34;19;86m[38;2;36;7;174m▆[48;2;54;20;64m[38;2;45;0;176m▂[48;2;168;49;82m[38;2;25;10;82m▆▆▆▆[48;2;9;4;24m[38;2;40;11;181m▂▂[48;2;155;55;81m[38;2;27;8;81m▆▆[48;2;167;48;81m[38;2;24;10;81m▆▆[48;2;149;48;79m[38;2;29;10;84m▆▆[48;2;38;23;79m[38;2;38;3;184m▆[48;2;38;2;183m[38;2;38;6;164m▘[48;2;38;3;185m[38;2;38;3;185m                    [0m
[48;2;40;2;185m[38;2;40;2;185m                                                            [0m
[48;2;40;2;185m[38;2;40;2;185m                                                            [0m
