[48;2;1;1;1m[38;2;1;1;1m                                                            [0m
[48;2;1;1;1m[38;2;1;1;1m                                                            [0m
[48;2;1;1;1m[38;2;1;1;1m                                                            [0m
[48;2;1;1;1m[38;2;1;1;1m                                                            [0m
[48;2;1;1;1m[38;2;1;1;1m                            [48;2;1;1;3m[38;2;1;1;3m  [48;2;1;1;1m[38;2;1;1;1m                              [0m
[48;2;1;1;1m[38;2;1;1;1m                        [48;2;1;1;3m[38;2;1;1;3m    [48;2;3;1;6m[38;2;3;1;6m  [48;2;2;0;3m[38;2;2;0;3m  [48;2;12;10;13m[38;2;0;0;0m [48;2;17;15;18m[38;2;194;192;195m▄[48;2;13;9;12m[38;2;218;213;217m▄▄[48;2;33;31;32m[38;2;211;209;210m▃[48;2;14;12;13m[38;2;0;0;0m [48;2;1;1;1m[38;2;1;1;1m                      [0m
[48;2;1;1;1m[38;2;1;1;1m                        [48;2;3;1;6m[38;2;3;1;6m      [48;2;1;0;2m[38;2;7;5;8m▎[48;2;20;18;21m[38;2;4;2;5m▌[48;2;223;221;224m[38;2;0;0;0m [48;2;246;244;246m [48;2;248;246;249m[38;2;248;246;249m  [48;2;244;234;234m[38;2;191;89;119m▄[48;2;196;189;187m[38;2;39;29;28m▄[48;2;3;3;3m[38;2;3;3;3m  [48;2;1;1;1m[38;2;1;1;1m                    [0m
[48;2;1;1;1m[38;2;1;1;1m                        [48;2;1;1;3m[38;2;1;1;3m  [48;2;3;1;6m[38;2;3;1;6m  [48;2;1;1;3m[38;2;1;1;3m  [48;2;2;0;3m[38;2;9;7;10m┃[48;2;36;34;37m[38;2;1;0;2m▊[48;2;248;248;250m[38;2;205;205;207m▎[48;2;240;240;242m[38;2;252;252;253m┃[48;2;249;212;219m[38;2;243;248;250m▊[48;2;215;73;97m[38;2;209;110;130m▎[48;2;30;13;13m[38;2;182;54;91m▄[48;2;11;8;4m[38;2;0;0;0m [48;2;3;1;4m[38;2;3;1;4m    [48;2;1;1;3m[38;2;1;1;3m  [48;2;1;1;1m[38;2;1;1;1m                [0m
[48;2;1;1;1m[38;2;1;1;1m                    [48;2;2;2;4m[38;2;2;2;4m  [48;2;3;1;6m[38;2;3;1;6m    [48;2;1;1;3m[38;2;1;1;3m    [48;2;1;0;2m[38;2;40;38;41m▁[48;2;26;24;27m[38;2;211;209;211m▄[48;2;245;245;247m[38;2;224;224;226m▘[48;2;255;255;255m[38;2;251;251;253m▗[48;2;243;242;239m[38;2;0;0;0m [48;2;210;91;127m[38;2;248;223;228m▄[48;2;152;53;73m[38;2;213;71;95m▊[48;2;3;4;6m[38;2;56;19;26m▎[48;2;1;1;3m[38;2;1;1;3m    [48;2;3;1;6m[38;2;3;1;6m  [48;2;1;1;1m[38;2;1;1;1m                [0m
[48;2;1;1;1m[38;2;1;1;1m                [48;2;2;0;3m[38;2;2;0;3m  [48;2;3;1;4m[38;2;3;1;4m  [48;2;3;1;6m[38;2;3;1;6m    [48;2;1;1;3m[38;2;1;1;3m  [48;2;1;1;1m[38;2;1;1;1m  [48;2;5;3;4m[38;2;1;0;0m▆[48;2;5;4;4m[38;2;34;32;33m▂[48;2;236;235;239m[38;2;160;159;164m▎[48;2;252;251;254m[38;2;241;240;245m│[48;2;250;250;252m[38;2;250;250;252m    [48;2;236;232;235m[38;2;0;0;0m [48;2;38;34;37m[38;2;213;209;212m▄[48;2;4;2;5m[38;2;4;2;5m  [48;2;1;1;1m[38;2;1;1;1m                    [0m
[48;2;1;1;1m[38;2;1;1;1m            [48;2;1;1;3m[38;2;1;1;3m  [48;2;3;1;6m[38;2;3;1;6m          [48;2;1;1;1m[38;2;1;1;1m    [48;2;1;0;2m[38;2;21;19;22m▄[48;2;243;241;244m[38;2;144;142;145m▎[48;2;250;250;252m[38;2;250;250;252m      [48;2;255;255;255m[38;2;245;245;247m▌[48;2;174;174;176m▊[48;2;4;2;5m[38;2;20;18;21m▌[48;2;7;5;8m[38;2;1;0;2m▊[48;2;1;1;3m[38;2;1;1;3m  [48;2;1;1;1m[38;2;1;1;1m                  [0m
[48;2;1;1;1m[38;2;1;1;1m            [48;2;3;1;6m[38;2;3;1;6m        [48;2;1;1;1m[38;2;1;1;1m        [48;2;1;0;2m[38;2;23;21;24m▄[48;2;245;243;246m[38;2;146;144;147m▎[48;2;250;250;252m[38;2;250;250;252m      [48;2;240;235;239m[38;2;254;250;253m▊[48;2;197;192;196m[38;2;246;242;246m▊[48;2;43;17;19m[38;2;190;69;102m▄[48;2;21;7;5m[38;2;102;48;58m▁[48;2;35;16;17m[38;2;175;63;95m▄[48;2;15;7;5m[38;2;52;15;22m▖[48;2;1;1;3m[38;2;1;1;3m  [48;2;1;1;1m[38;2;1;1;1m                [0m
[48;2;1;1;1m[38;2;1;1;1m            [48;2;1;1;3m[38;2;1;1;3m  [48;2;3;1;6m[38;2;3;1;6m    [48;2;1;1;3m[38;2;1;1;3m  [48;2;1;1;1m[38;2;1;1;1m  [48;2;1;1;3m[38;2;1;1;3m  [48;2;1;1;1m[38;2;1;1;1m    [48;2;1;0;2m[38;2;23;21;24m▄[48;2;245;243;246m[38;2;146;144;147m▎[48;2;250;250;252m[38;2;250;250;252m      [48;2;253;252;254m[38;2;247;245;248m▃[48;2;245;243;246m[38;2;232;230;233m▝[48;2;207;75;106m[38;2;235;219;212m▅[48;2;216;72;107m[38;2;79;45;43m▁[48;2;202;66;98m[38;2;84;37;40m▁[48;2;188;64;93m[38;2;26;14;9m▅[48;2;3;1;4m[38;2;3;1;4m  [48;2;1;1;1m[38;2;1;1;1m                [0m
[48;2;1;1;1m[38;2;1;1;1m              [48;2;2;0;3m[38;2;2;0;3m  [48;2;1;1;3m[38;2;1;1;3m  [48;2;1;1;1m[38;2;1;1;1m      [48;2;2;0;3m[38;2;2;0;3m  [48;2;1;1;3m[38;2;1;1;3m  [48;2;3;1;4m[38;2;1;0;2m│[48;2;224;223;225m[38;2;133;131;134m▎[48;2;235;233;236m[38;2;111;109;112m▁[48;2;234;232;235m[38;2;38;36;39m▅[48;2;232;230;233m[38;2;20;19;21m▅▅[48;2;237;233;236m[38;2;32;28;31m▅[48;2;237;234;237m[38;2;105;100;104m▁[48;2;255;254;255m[38;2;246;244;247m▄[48;2;230;228;231m[38;2;105;103;106m▁[48;2;215;210;214m[38;2;25;21;24m▅[48;2;14;9;13m[38;2;0;0;0m [48;2;3;1;6m[38;2;3;1;6m  [48;2;1;1;1m[38;2;1;1;1m                  [0m
[48;2;1;1;1m[38;2;1;1;1m                [48;2;1;1;3m[38;2;1;1;3m  [48;2;1;1;1m[38;2;1;1;1m    [48;2;3;1;6m[38;2;3;1;6m      [48;2;6;4;7m[38;2;0;0;0m [48;2;12;11;13m[38;2;152;150;153m▁[48;2;24;19;23m[38;2;163;158;162m▁[48;2;18;14;17m[38;2;213;208;212m▅[48;2;20;19;21m[38;2;231;229;232m▅▅[48;2;22;18;21m[38;2;221;217;220m▅[48;2;31;27;30m[38;2;150;145;149m▁[48;2;193;188;192m[38;2;25;20;24m▅[48;2;16;12;15m[38;2;0;0;0m [48;2;3;1;6m[38;2;3;1;6m    [48;2;1;1;1m[38;2;1;1;1m                  [0m
[48;2;1;1;1m[38;2;1;1;1m                    [48;2;0;0;0m[38;2;0;0;0m  [48;2;1;1;3m[38;2;1;1;3m  [48;2;2;0;3m[38;2;2;0;3m  [48;2;3;1;6m[38;2;3;1;6m  [48;2;27;26;28m[38;2;197;195;197m▅[48;2;237;235;237m[38;2;0;0;0m [48;2;250;250;252m[38;2;250;250;252m    [48;2;255;255;255m[38;2;251;251;253m▄[48;2;187;187;189m[38;2;245;245;247m▊[48;2;23;22;24m[38;2;159;157;160m▁[48;2;1;0;2m[38;2;6;4;7m▄[48;2;2;0;3m[38;2;2;0;3m  [48;2;1;1;1m[38;2;1;1;1m                    [0m
[48;2;1;1;1m[38;2;1;1;1m                        [48;2;1;1;3m[38;2;1;1;3m  [48;2;3;1;6m[38;2;3;1;6m  [48;2;249;247;250m[38;2;136;134;137m▎[48;2;246;244;247m[38;2;246;244;247m▄[48;2;250;250;252m[38;2;250;250;252m      [48;2;191;186;190m[38;2;243;239;242m▊[48;2;33;29;32m[38;2;150;145;149m▁[48;2;1;1;3m[38;2;1;1;3m  [48;2;1;1;1m[38;2;1;1;1m                    [0m
[48;2;1;1;1m[38;2;1;1;1m                    [48;2;2;0;3m[38;2;2;0;3m  [48;2;1;1;1m[38;2;1;1;1m  [48;2;3;1;6m[38;2;3;1;6m  [48;2;3;1;4m[38;2;3;1;4m  [48;2;216;214;217m[38;2;100;98;101m▂[48;2;242;240;242m[38;2;0;0;0m [48;2;250;250;252m[38;2;250;250;252m      [48;2;255;255;255m[38;2;247;247;249m▌[48;2;176;176;178m[38;2;247;247;248m▊[48;2;23;21;24m[38;2;168;166;169m▁[48;2;1;0;2m[38;2;8;6;9m▄[48;2;1;1;1m[38;2;1;1;1m                    [0m
[48;2;1;1;1m[38;2;1;1;1m                  [48;2;1;1;3m[38;2;1;1;3m  [48;2;2;0;3m[38;2;2;0;3m  [48;2;1;1;3m[38;2;1;1;3m  [48;2;3;1;6m[38;2;3;1;6m  [48;2;2;0;3m[38;2;2;0;3m  [48;2;1;0;2m[38;2;23;21;24m▄[48;2;245;243;246m[38;2;146;144;147m▎[48;2;250;250;252m[38;2;250;250;252m        [48;2;174;172;175m[38;2;246;244;246m▊[48;2;5;3;6m[38;2;51;49;52m▎[48;2;1;1;1m[38;2;1;1;1m                    [0m
[48;2;1;1;1m[38;2;1;1;1m                  [48;2;2;0;3m[38;2;2;0;3m    [48;2;3;1;6m[38;2;3;1;6m    [48;2;2;0;3m[38;2;2;0;3m  [48;2;1;0;2m[38;2;22;20;23m▄[48;2;244;242;245m[38;2;145;143;146m▎[48;2;250;250;252m[38;2;250;250;252m        [48;2;174;172;173m[38;2;246;244;245m▊[48;2;5;3;4m[38;2;51;49;50m▎[48;2;1;1;1m[38;2;1;1;1m                    [0m
[48;2;4;2;10m[38;2;23;2;126m▂▂▂▂▂▂▂▂▂▂▂▂▂▂▂▂▂▂[48;2;5;3;12m[38;2;24;2;129m▂▂[48;2;4;2;10m[38;2;23;2;126m▂▂[48;2;5;3;12m[38;2;24;2;129m▂▂▂▂▂▂[48;2;10;9;12m[38;2;26;8;124m▂[48;2;249;246;245m[38;2;150;146;162m▎[48;2;250;250;252m[38;2;250;250;252m        [48;2;177;172;189m[38;2;247;244;245m▊[48;2;17;15;19m[38;2;25;10;123m▂[48;2;4;2;10m[38;2;23;2;126m▂▂▂▂▂▂▂▂▂▂▂▂▂▂▂▂▂▂▂▂[0m
[48;2;38;3;183m[38;2;38;3;183m                            [48;2;50;27;175m[38;2;210;206;229m▆[48;2;240;239;244m[38;2;0;0;0m [48;2;250;250;252m[38;2;250;250;252m  [48;2;214;208;235m[38;2;246;245;238m▊[48;2;240;236;247m[38;2;67;43;184m▆[48;2;243;243;245m[38;2;239;239;241m▌[48;2;254;254;255m[38;2;250;250;252m▌[48;2;243;242;247m[38;2;252;251;254m▎[48;2;246;245;248m[38;2;211;210;215m▗[48;2;210;200;232m[38;2;57;28;183m▆[48;2;40;10;180m[38;2;0;0;0m [48;2;38;3;183m[38;2;38;3;183m                    [0m
[48;2;38;3;183m[38;2;38;3;183m                          [48;2;35;6;179m[38;2;29;6;169m▗[48;2;48;26;180m[38;2;208;198;234m▆[48;2;244;243;248m[38;2;231;230;235m▘[48;2;253;252;254m[38;2;246;245;250m▃[48;2;248;248;250m[38;2;248;248;250m  [48;2;221;216;234m[38;2;68;45;183m▆[48;2;68;46;183m[38;2;221;216;231m▆[48;2;249;249;251m[38;2;249;249;251m  [48;2;243;244;242m[38;2;0;0;0m [48;2;222;219;233m[38;2;66;47;184m▂[48;2;40;5;185m[38;2;40;5;185m  [48;2;38;3;183m[38;2;38;3;183m                    [0m
[48;2;38;3;185m[38;2;38;3;185m                          [48;2;62;42;174m[38;2;199;194;220m▆[48;2;242;240;246m[38;2;0;0;0m [48;2;250;250;252m[38;2;250;250;252m  [48;2;225;218;248m[38;2;246;245;242m▊[48;2;223;219;235m[38;2;63;38;182m▆[48;2;37;12;162m[38;2;42;12;193m▌[48;2;247;246;245m[38;2;214;204;255m▎[48;2;250;250;252m[38;2;250;250;252m  [48;2;173;162;220m[38;2;249;247;249m▊[48;2;37;11;173m[38;2;46;13;204m│[48;2;38;3;185m[38;2;38;3;185m                      [0m
[48;2;38;3;185m[38;2;38;3;185m                        [48;2;38;5;185m[38;2;0;0;0m [48;2;46;15;179m[38;2;188;177;218m▂[48;2;242;241;245m[38;2;181;180;186m▎[48;2;240;239;245m[38;2;250;249;252m┃[48;2;249;249;251m[38;2;249;249;251m  [48;2;220;212;232m[38;2;65;39;187m▆[48;2;43;14;179m[38;2;0;0;0m [48;2;149;135;193m[38;2;209;143;163m▄[48;2;236;227;239m[38;2;206;86;103m▂[48;2;215;208;245m[38;2;248;246;247m▊[48;2;201;195;221m[38;2;48;25;173m▆[48;2;187;172;226m[38;2;45;12;190m▆[48;2;41;9;180m[38;2;0;0;0m [48;2;38;3;185m[38;2;38;3;185m                      [0m
[48;2;38;3;185m[38;2;38;3;185m                        [48;2;34;2;174m[38;2;39;7;199m▎[48;2;198;187;214m[38;2;179;82;137m▂[48;2;243;233;235m[38;2;205;70;93m▂▂[48;2;228;223;231m[38;2;57;29;180m▂[48;2;228;223;235m[38;2;59;33;183m▆[48;2;47;17;171m[38;2;40;9;185m▄[48;2;76;24;156m[38;2;184;66;115m━[48;2;216;74;100m[38;2;216;74;100m  [48;2;224;197;200m[38;2;189;75;107m▆[48;2;63;19;178m[38;2;22;1;180m┃[48;2;38;3;185m[38;2;38;3;185m                        [0m
[48;2;38;3;185m[38;2;38;3;185m                        [48;2;36;7;166m[38;2;16;6;43m▂[48;2;89;33;67m[38;2;183;68;103m┗[48;2;205;66;93m[38;2;38;21;10m▂[48;2;210;73;99m[38;2;171;56;75m▖[48;2;92;34;143m[38;2;202;76;95m▆[48;2;56;12;71m[38;2;204;82;92m▂[48;2;39;14;141m[38;2;8;3;12m▆▆[48;2;169;52;87m[38;2;9;7;4m▆▆[48;2;178;61;92m[38;2;24;10;6m▂[48;2;151;53;105m[38;2;13;12;12m▂[48;2;31;8;137m[38;2;10;7;18m▆▆[48;2;38;6;168m[38;2;28;16;53m▂[48;2;33;2;172m[38;2;43;5;201m▗[48;2;38;3;185m[38;2;38;3;185m                    [0m
[48;2;38;3;185m[38;2;38;3;185m                        [48;2;33;13;108m[38;2;34;1;179m▅[48;2;14;6;35m[38;2;35;6;161m▃[48;2;16;9;27m[38;2;40;12;179m▂[48;2;132;44;70m[38;2;23;7;80m▆[48;2;168;49;82m[38;2;25;10;82m▆▆[48;2;9;4;24m[38;2;40;11;181m▂▂[48;2;8;6;11m[38;2;30;5;149m▃▃▃▃[48;2;8;6;12m[38;2;31;5;151m▃▃[48;2;37;22;76m[38;2;37;2;182m▆[48;2;37;2;180m[38;2;37;5;162m▘[48;2;38;3;185m[38;2;38;3;185m                    [0m
[48;2;40;2;185m[38;2;40;2;185m                                                            [0m
[48;2;40;2;185m[38;2;40;2;185m                                                            [0m
