[48;2;1;1;1m[38;2;1;1;1m                                                            [0m
[48;2;1;1;1m[38;2;1;1;1m                                                            [0m
[48;2;1;1;1m[38;2;1;1;1m                                                            [0m
[48;2;1;1;1m[38;2;1;1;1m                                                            [0m
[48;2;1;1;1m[38;2;1;1;1m                            [48;2;1;1;3m[38;2;1;1;3m  [48;2;1;1;1m[38;2;1;1;1m                              [0m
[48;2;1;1;1m[38;2;1;1;1m                        [48;2;1;1;3m[38;2;1;1;3m    [48;2;3;1;6m[38;2;3;1;6m  [48;2;2;0;3m[38;2;2;0;3m  [48;2;1;1;1m[38;2;1;1;1m  [48;2;5;3;6m[38;2;5;3;6m  [48;2;5;3;4m[38;2;5;3;4m  [48;2;1;1;1m[38;2;1;1;1m                      [0m
[48;2;1;1;1m[38;2;1;1;1m                        [48;2;3;1;6m[38;2;3;1;6m      [48;2;1;1;3m[38;2;1;1;3m  [48;2;1;0;2m[38;2;24;22;25m▄[48;2;27;25;28m[38;2;207;206;208m▄[48;2;158;156;159m[38;2;240;238;241m▇[48;2;170;168;171m[38;2;249;247;249m▇[48;2;171;169;172m[38;2;243;241;244m▇[48;2;149;147;150m[38;2;238;236;239m▇[48;2;22;18;19m[38;2;195;191;192m▄[48;2;3;0;0m[38;2;5;1;2m▄[48;2;1;1;1m[38;2;1;1;1m                    [0m
[48;2;1;1;1m[38;2;1;1;1m                        [48;2;1;1;3m[38;2;1;1;3m  [48;2;3;1;6m[38;2;3;1;6m  [48;2;1;1;3m[38;2;1;1;3m    [48;2;52;50;53m[38;2;6;4;7m▊[48;2;246;245;247m[38;2;175;173;176m▎[48;2;248;246;249m[38;2;248;246;249m  [48;2;244;229;234m[38;2;192;89;103m▄[48;2;192;88;103m[38;2;32;14;19m▄[48;2;79;77;80m[38;2;9;7;10m▇[48;2;1;0;2m[38;2;14;12;15m━[48;2;3;1;4m[38;2;3;1;4m  [48;2;1;1;3m[38;2;1;1;3m  [48;2;1;1;1m[38;2;1;1;1m                [0m
[48;2;1;1;1m[38;2;1;1;1m                    [48;2;2;2;4m[38;2;2;2;4m  [48;2;3;1;6m[38;2;3;1;6m    [48;2;1;1;3m[38;2;1;1;3m      [48;2;54;52;55m[38;2;7;5;8m▊[48;2;248;246;248m[38;2;177;175;178m▎[48;2;253;250;251m[38;2;246;242;243m┃[48;2;238;234;235m[38;2;255;254;255m▌[48;2;209;72;98m[38;2;223;115;131m▎[48;2;152;44;60m[38;2;204;67;93m▊[48;2;2;2;4m[38;2;2;2;4m  [48;2;1;1;3m[38;2;1;1;3m  [48;2;3;1;6m[38;2;3;1;6m  [48;2;1;1;1m[38;2;1;1;1m                [0m
[48;2;1;1;1m[38;2;1;1;1m                [48;2;2;0;3m[38;2;2;0;3m  [48;2;3;1;4m[38;2;3;1;4m  [48;2;3;1;6m[38;2;3;1;6m    [48;2;1;1;3m[38;2;1;1;3m  [48;2;1;1;1m[38;2;1;1;1m    [48;2;1;0;2m[38;2;56;54;57m▁[48;2;30;29;31m[38;2;217;215;218m▄[48;2;226;226;228m[38;2;248;248;249m▄[48;2;250;250;252m[38;2;243;243;245m▘[48;2;250;243;242m[38;2;0;0;0m [48;2;196;94;124m[38;2;246;237;237m▄[48;2;216;85;108m[38;2;215;209;213m▄[48;2;196;65;87m[38;2;28;21;24m▄[48;2;20;13;11m[38;2;0;0;0m [48;2;47;14;20m[38;2;186;63;99m▃[48;2;4;2;3m[38;2;4;2;3m  [48;2;1;1;1m[38;2;1;1;1m                  [0m
[48;2;1;1;1m[38;2;1;1;1m            [48;2;1;1;3m[38;2;1;1;3m  [48;2;3;1;6m[38;2;3;1;6m          [48;2;1;1;1m[38;2;1;1;1m    [48;2;1;0;2m[38;2;14;12;15m━[48;2;9;7;10m[38;2;79;77;80m▁[48;2;244;244;245m[38;2;153;153;155m▎[48;2;251;251;252m[38;2;242;242;244m│[48;2;250;250;252m[38;2;250;250;252m    [48;2;237;234;235m[38;2;0;0;0m [48;2;48;45;45m[38;2;230;228;229m▄[48;2;209;66;94m[38;2;213;94;114m▃[48;2;217;71;100m[38;2;181;59;80m▄[48;2;156;55;84m[38;2;21;11;11m▄[48;2;11;4;3m[38;2;0;0;0m [48;2;1;1;1m[38;2;1;1;1m                  [0m
[48;2;1;1;1m[38;2;1;1;1m            [48;2;3;1;6m[38;2;3;1;6m        [48;2;1;1;1m[38;2;1;1;1m        [48;2;1;0;2m[38;2;22;20;23m▄[48;2;244;242;245m[38;2;145;143;146m▎[48;2;250;250;252m[38;2;250;250;252m      [48;2;245;245;247m[38;2;0;0;0m [48;2;235;235;237m[38;2;134;134;136m▁[48;2;218;216;219m[38;2;34;32;35m▅[48;2;1;0;2m[38;2;3;1;4m▄[48;2;1;1;3m[38;2;1;1;3m    [48;2;1;1;1m[38;2;1;1;1m                [0m
[48;2;1;1;1m[38;2;1;1;1m            [48;2;1;1;3m[38;2;1;1;3m  [48;2;3;1;6m[38;2;3;1;6m    [48;2;1;1;3m[38;2;1;1;3m  [48;2;1;1;1m[38;2;1;1;1m  [48;2;1;1;3m[38;2;1;1;3m  [48;2;1;1;1m[38;2;1;1;1m    [48;2;43;41;44m[38;2;212;211;213m▄[48;2;233;231;234m[38;2;0;0;0m [48;2;250;250;252m[38;2;250;250;252m      [48;2;194;189;193m[38;2;246;242;246m▊[48;2;24;20;23m[38;2;123;118;122m▁[48;2;1;1;1m[38;2;1;1;1m  [48;2;1;1;3m[38;2;1;1;3m    [48;2;1;1;1m[38;2;1;1;1m                [0m
[48;2;1;1;1m[38;2;1;1;1m              [48;2;2;0;3m[38;2;2;0;3m  [48;2;1;1;3m[38;2;1;1;3m  [48;2;1;1;1m[38;2;1;1;1m      [48;2;2;0;3m[38;2;2;0;3m    [48;2;216;212;215m[38;2;117;112;116m▎[48;2;236;232;236m[38;2;55;50;54m▅[48;2;232;230;233m[38;2;20;19;21m▅▅[48;2;231;229;232m[38;2;19;18;20m▅[48;2;239;237;240m[38;2;29;27;30m▅[48;2;237;235;238m[38;2;92;90;93m▁[48;2;245;244;246m[38;2;104;102;105m▁[48;2;255;255;255m[38;2;245;245;247m▌[48;2;174;174;176m▊[48;2;18;14;17m[38;2;130;125;129m▁[48;2;3;0;2m[38;2;17;12;16m▄[48;2;3;1;6m[38;2;3;1;6m  [48;2;1;1;1m[38;2;1;1;1m                  [0m
[48;2;1;1;1m[38;2;1;1;1m                [48;2;1;1;3m[38;2;1;1;3m  [48;2;1;1;1m[38;2;1;1;1m    [48;2;3;1;6m[38;2;3;1;6m    [48;2;5;4;8m[38;2;0;0;0m [48;2;13;12;16m[38;2;135;133;138m▁[48;2;22;18;21m[38;2;188;183;187m▁[48;2;21;17;20m[38;2;206;201;205m▅[48;2;20;18;21m[38;2;230;228;231m▅▅[48;2;19;17;20m[38;2;229;227;230m▅▅[48;2;20;15;19m[38;2;179;174;178m▁[48;2;22;17;21m[38;2;172;167;171m▁[48;2;226;221;225m[38;2;38;34;37m▅[48;2;234;230;233m[38;2;100;95;99m▁[48;2;234;232;235m[38;2;0;0;0m [48;2;39;37;40m[38;2;211;209;212m▅[48;2;15;10;11m[38;2;146;53;84m▁[48;2;9;4;4m[38;2;135;42;73m▁[48;2;1;1;1m[38;2;1;1;1m                  [0m
[48;2;1;1;1m[38;2;1;1;1m                    [48;2;0;0;0m[38;2;0;0;0m  [48;2;1;1;3m[38;2;1;1;3m  [48;2;2;0;3m[38;2;2;0;3m  [48;2;23;21;24m[38;2;1;0;2m▊[48;2;243;241;244m[38;2;121;119;122m▎[48;2;250;250;252m[38;2;250;250;252m      [48;2;253;253;254m[38;2;246;246;248m▃[48;2;244;244;246m[38;2;231;231;233m▝[48;2;34;30;33m[38;2;217;213;216m▅[38;2;166;161;165m▁[48;2;220;211;214m[38;2;29;21;23m▅▅[48;2;189;67;95m[38;2;58;25;22m▁[48;2;178;64;89m[38;2;40;10;10m▅[48;2;42;22;23m[38;2;138;50;74m▄[48;2;12;4;3m[38;2;0;0;0m [48;2;1;1;1m[38;2;1;1;1m                [0m
[48;2;1;1;1m[38;2;1;1;1m                        [48;2;1;1;3m[38;2;1;1;3m  [48;2;23;21;24m[38;2;1;0;2m▊[48;2;243;241;244m[38;2;121;119;122m▎[48;2;250;250;252m[38;2;250;250;252m        [48;2;250;250;251m[38;2;0;0;0m [48;2;249;249;250m[38;2;211;211;213m▝[48;2;39;34;38m[38;2;216;211;215m▅[48;2;24;19;23m[38;2;165;160;164m▁[48;2;1;1;1m[38;2;1;1;1m                    [0m
[48;2;1;1;1m[38;2;1;1;1m                    [48;2;2;0;3m[38;2;2;0;3m  [48;2;1;1;1m[38;2;1;1;1m  [48;2;3;1;6m[38;2;3;1;6m  [48;2;19;17;20m[38;2;1;0;2m┗[48;2;187;186;188m[38;2;13;12;14m▅[48;2;245;244;246m[38;2;176;174;177m▎[48;2;250;249;251m[38;2;235;233;236m╷[48;2;250;250;252m[38;2;250;250;252m        [48;2;250;250;251m[38;2;0;0;0m [48;2;249;249;250m[38;2;211;211;213m▝[48;2;35;33;34m[38;2;209;207;208m▅[48;2;1;0;0m[38;2;55;53;54m▎[48;2;1;1;1m[38;2;1;1;1m                  [0m
[48;2;1;1;1m[38;2;1;1;1m                  [48;2;1;1;3m[38;2;1;1;3m  [48;2;2;0;3m[38;2;2;0;3m  [48;2;1;1;3m[38;2;1;1;3m  [48;2;3;1;6m[38;2;3;1;6m  [48;2;2;0;3m[38;2;2;0;3m  [48;2;202;200;203m[38;2;31;29;32m▁[48;2;255;254;255m[38;2;239;237;240m▄[48;2;250;250;252m[38;2;250;250;252m        [48;2;248;248;250m[38;2;248;248;250m  [48;2;203;200;201m[38;2;40;36;37m▁[48;2;7;3;4m[38;2;54;50;51m▎[48;2;1;1;1m[38;2;1;1;1m                  [0m
[48;2;1;1;1m[38;2;1;1;1m                  [48;2;2;0;3m[38;2;2;0;3m    [48;2;3;1;6m[38;2;3;1;6m    [48;2;2;0;3m[38;2;2;0;3m  [48;2;1;0;2m[38;2;22;20;23m▄[48;2;244;242;245m[38;2;145;143;146m▎[48;2;250;250;252m[38;2;250;250;252m      [48;2;241;240;242m[38;2;0;0;0m [48;2;246;245;247m[38;2;91;89;92m▂[48;2;220;216;219m[38;2;22;18;21m▁[48;2;189;184;188m[38;2;25;21;24m▅[48;2;2;2;2m[38;2;2;2;2m  [48;2;1;1;1m[38;2;1;1;1m                  [0m
[48;2;4;2;10m[38;2;23;2;126m▂▂▂▂▂▂▂▂▂▂▂▂▂▂▂▂▂▂[48;2;5;3;12m[38;2;24;2;129m▂▂[48;2;4;2;10m[38;2;23;2;126m▂▂[48;2;5;3;12m[38;2;24;2;129m▂▂▂▂▂▂[48;2;14;12;17m[38;2;172;170;175m▂[48;2;242;240;244m[38;2;167;165;170m▎[48;2;250;250;252m[38;2;250;250;252m    [48;2;244;243;243m[38;2;0;0;0m [48;2;221;219;231m[38;2;65;44;171m▁[48;2;191;185;196m[38;2;27;13;70m▅[48;2;14;8;29m[38;2;45;15;171m▁[48;2;4;2;11m[38;2;23;1;128m▂▂[48;2;4;2;10m[38;2;23;2;126m▂▂▂▂▂▂▂▂▂▂▂▂▂▂▂▂▂▂▂▂[0m
[48;2;38;3;183m[38;2;38;3;183m                          [48;2;41;8;180m[38;2;0;0;0m [48;2;55;27;188m[38;2;206;195;232m▁[48;2;246;245;250m[38;2;176;175;181m▎[48;2;254;253;255m[38;2;255;254;255m▌[48;2;240;229;226m[38;2;194;90;117m▁[48;2;247;238;235m[38;2;216;90;125m▆[48;2;251;236;234m[38;2;206;91;122m▆[48;2;243;230;228m[38;2;202;85;117m▂[48;2;227;219;247m[38;2;55;26;182m▆[48;2;36;8;182m[38;2;62;32;189m▎[48;2;38;3;183m[38;2;38;3;183m                        [0m
[48;2;38;3;183m[38;2;38;3;183m                          [48;2;44;20;174m[38;2;187;178;219m▂[48;2;242;238;247m[38;2;159;150;198m▎[48;2;250;250;252m[38;2;250;250;252m  [48;2;208;104;129m[38;2;241;237;229m▆[48;2;212;85;118m[38;2;248;221;220m▂[48;2;185;65;101m[38;2;216;76;87m┫[48;2;193;61;118m[38;2;64;16;164m▆[48;2;39;4;184m[38;2;39;4;184m  [48;2;38;3;183m[38;2;38;3;183m                        [0m
[48;2;38;3;185m[38;2;38;3;185m                        [48;2;40;6;181m[38;2;34;6;171m▄[48;2;63;32;195m[38;2;207;196;231m▁[48;2;239;236;249m[38;2;163;159;186m▎[48;2;252;253;248m[38;2;238;239;233m╵[48;2;250;250;252m[38;2;250;250;252m  [48;2;233;230;236m[38;2;73;48;197m▂[48;2;218;214;226m[38;2;55;31;181m▆[48;2;168;72;110m[38;2;56;9;177m▆[48;2;113;34;135m[38;2;111;35;127m▄[48;2;104;34;139m[38;2;104;34;139m▄[48;2;44;8;180m[38;2;0;0;0m [48;2;38;3;185m[38;2;38;3;185m                        [0m
[48;2;38;3;185m[38;2;38;3;185m                        [48;2;44;21;172m[38;2;192;186;215m▂[48;2;242;239;245m[38;2;151;139;200m▎[48;2;250;250;252m[38;2;250;250;252m  [48;2;246;245;249m[38;2;0;0;0m [48;2;234;234;234m[38;2;83;63;188m▂[48;2;42;9;189m[38;2;101;77;189m▎[48;2;36;4;183m[38;2;30;0;162m│[48;2;38;3;185m[38;2;38;3;185m                            [0m
[48;2;38;3;185m[38;2;38;3;185m                        [48;2;185;176;201m[38;2;182;56;120m▆[48;2;229;215;198m[38;2;207;76;98m▆[48;2;235;242;238m[38;2;232;189;200m▎[48;2;245;234;236m[38;2;217;98;133m▂[48;2;213;201;236m[38;2;66;39;183m▆[48;2;42;12;177m[38;2;0;0;0m [48;2;38;3;185m[38;2;38;3;185m                              [0m
[48;2;38;3;185m[38;2;38;3;185m                      [48;2;36;0;189m[38;2;36;4;165m▗[48;2;36;3;169m[38;2;36;23;64m▂[48;2;125;52;88m[38;2;14;9;20m▆[48;2;178;59;87m[38;2;19;10;6m▂[48;2;206;105;124m[38;2;29;8;4m▂[48;2;218;77;109m[38;2;163;70;85m▖[48;2;59;17;73m[38;2;207;68;97m▂[48;2;38;17;67m[38;2;186;70;91m▂[48;2;39;14;141m[38;2;8;3;12m▆▆[48;2;35;13;138m[38;2;5;3;10m▆▆▆▆[48;2;37;14;143m[38;2;6;4;14m▆▆[48;2;38;6;168m[38;2;28;16;53m▂[48;2;33;2;172m[38;2;43;5;201m▗[48;2;38;3;185m[38;2;38;3;185m                    [0m
[48;2;38;3;185m[38;2;38;3;185m                      [48;2;37;2;182m[38;2;37;4;170m▝[48;2;37;16;107m[38;2;37;3;176m▆[48;2;9;7;15m[38;2;32;6;156m▃▃[48;2;16;9;27m[38;2;40;12;179m▂[48;2;132;44;70m[38;2;23;7;80m▆[48;2;168;49;82m[38;2;25;10;82m▆▆[48;2;9;4;24m[38;2;40;11;181m▂▂[48;2;8;6;11m[38;2;30;5;149m▃▃▃▃[48;2;8;6;12m[38;2;31;5;151m▃▃[48;2;37;22;76m[38;2;37;2;182m▆[48;2;37;2;180m[38;2;37;5;162m▘[48;2;38;3;185m[38;2;38;3;185m                    [0m
[48;2;40;2;185m[38;2;40;2;185m                                                            [0m
[48;2;40;2;185m[38;2;40;2;185m                                                            [0m
