[48;2;1;1;1m[38;2;1;1;1m                                                            [0m
[48;2;1;1;1m[38;2;1;1;1m                                                            [0m
[48;2;1;1;1m[38;2;1;1;1m                                                            [0m
[48;2;1;1;1m[38;2;1;1;1m                                                            [0m
[48;2;1;1;1m[38;2;1;1;1m                            [48;2;1;1;3m[38;2;1;1;3m  [48;2;1;1;1m[38;2;1;1;1m                              [0m
[48;2;1;1;1m[38;2;1;1;1m                        [48;2;1;1;3m[38;2;1;1;3m    [48;2;3;1;6m[38;2;3;1;6m  [48;2;2;0;3m[38;2;2;0;3m  [48;2;1;1;1m[38;2;1;1;1m  [48;2;3;1;4m[38;2;3;1;4m  [48;2;2;1;1m[38;2;12;10;11m▃▃[48;2;3;3;3m[38;2;3;3;3m  [48;2;1;1;1m[38;2;1;1;1m                    [0m
[48;2;1;1;1m[38;2;1;1;1m                        [48;2;3;1;6m[38;2;3;1;6m      [48;2;1;1;3m[38;2;1;1;3m  [48;2;6;4;7m[38;2;1;0;2m▅[48;2;7;5;8m[38;2;20;18;21m▗[48;2;33;29;32m[38;2;212;207;211m▄[48;2;161;156;160m[38;2;239;235;239m▇[48;2;166;164;167m[38;2;246;245;247m▇▇[48;2;157;152;156m[38;2;233;228;232m▇[48;2;25;21;24m[38;2;201;196;200m▄[48;2;2;2;2m[38;2;2;2;2m  [48;2;1;1;1m[38;2;1;1;1m                  [0m
[48;2;1;1;1m[38;2;1;1;1m                        [48;2;1;1;3m[38;2;1;1;3m  [48;2;3;1;6m[38;2;3;1;6m  [48;2;1;1;3m[38;2;1;1;3m    [48;2;1;0;4m[38;2;6;4;9m│[48;2;65;63;68m[38;2;7;6;10m▊[48;2;255;255;255m[38;2;236;236;238m▌[48;2;252;252;253m[38;2;244;244;246m┃[48;2;247;239;239m[38;2;0;0;0m [48;2;235;227;226m[38;2;191;81;114m▄[48;2;186;73;107m[38;2;20;14;11m▄[48;2;12;9;7m[38;2;68;36;42m▘[48;2;3;1;4m[38;2;3;1;4m  [48;2;1;1;3m[38;2;1;1;3m  [48;2;1;1;1m[38;2;1;1;1m                [0m
[48;2;1;1;1m[38;2;1;1;1m                    [48;2;2;2;4m[38;2;2;2;4m  [48;2;3;1;6m[38;2;3;1;6m    [48;2;1;1;3m[38;2;1;1;3m      [48;2;1;0;4m[38;2;6;4;9m│[48;2;65;63;68m[38;2;7;6;10m▊[48;2;255;255;255m[38;2;236;236;238m▌[48;2;252;252;253m[38;2;244;244;246m┃[48;2;227;186;194m[38;2;247;248;251m▊[48;2;219;98;118m[38;2;212;62;91m┃[48;2;144;45;65m[38;2;211;69;92m▊[48;2;0;4;5m[38;2;62;25;32m▎[48;2;1;1;3m[38;2;1;1;3m  [48;2;3;1;6m[38;2;3;1;6m  [48;2;1;1;1m[38;2;1;1;1m                [0m
[48;2;1;1;1m[38;2;1;1;1m                [48;2;2;0;3m[38;2;2;0;3m  [48;2;3;1;4m[38;2;3;1;4m  [48;2;3;1;6m[38;2;3;1;6m    [48;2;1;1;3m[38;2;1;1;3m  [48;2;1;1;1m[38;2;1;1;1m    [48;2;6;4;7m[38;2;1;0;2m▆[38;2;35;33;36m▂[48;2;19;17;20m[38;2;218;217;219m▄[48;2;40;38;41m[38;2;239;237;240m▄[48;2;247;247;249m[38;2;247;247;249m  [48;2;250;240;239m[38;2;0;0;0m [48;2;200;95;126m[38;2;227;215;215m▄[48;2;167;62;93m[38;2;36;24;23m▄[48;2;17;6;6m[38;2;0;0;0m [48;2;1;1;1m[38;2;1;1;1m                    [0m
[48;2;1;1;1m[38;2;1;1;1m            [48;2;1;1;3m[38;2;1;1;3m  [48;2;3;1;6m[38;2;3;1;6m          [48;2;1;1;1m[38;2;1;1;1m    [48;2;3;1;4m[38;2;3;1;4m  [48;2;37;35;38m[38;2;213;211;214m▄[48;2;234;233;235m[38;2;0;0;0m [48;2;250;250;252m[38;2;250;250;252m      [48;2;232;230;233m[38;2;0;0;0m [48;2;35;33;36m[38;2;242;240;242m▄[48;2;31;23;20m[38;2;237;216;220m▄[48;2;25;12;12m[38;2;189;72;107m▄[48;2;16;8;7m[38;2;166;58;88m▄[48;2;9;5;1m[38;2;48;21;24m▖[48;2;1;1;1m[38;2;1;1;1m                [0m
[48;2;1;1;1m[38;2;1;1;1m            [48;2;3;1;6m[38;2;3;1;6m        [48;2;1;1;1m[38;2;1;1;1m        [48;2;38;36;39m[38;2;1;0;2m▊[48;2;44;42;45m[38;2;210;208;211m▄[48;2;238;238;239m[38;2;0;0;0m [48;2;249;249;251m[38;2;233;233;235m╵[48;2;250;250;252m[38;2;250;250;252m      [48;2;236;234;236m[38;2;0;0;0m [48;2;212;211;213m[38;2;24;22;25m▄[48;2;203;199;196m[38;2;14;12;9m▄[48;2;170;63;95m[38;2;15;2;1m▄[48;2;14;9;6m[38;2;0;0;0m [48;2;168;54;88m[38;2;17;5;5m▄[48;2;1;1;1m[38;2;1;1;1m                [0m
[48;2;1;1;1m[38;2;1;1;1m            [48;2;1;1;3m[38;2;1;1;3m  [48;2;3;1;6m[38;2;3;1;6m    [48;2;1;1;3m[38;2;1;1;3m  [48;2;1;1;1m[38;2;1;1;1m  [48;2;1;1;3m[38;2;1;1;3m  [48;2;1;1;1m[38;2;1;1;1m    [48;2;14;13;15m[38;2;114;112;115m▁[48;2;246;245;247m[38;2;155;153;156m▎[48;2;250;250;252m[38;2;250;250;252m      [48;2;249;249;250m[38;2;232;232;234m╷[48;2;238;238;239m[38;2;0;0;0m [48;2;216;215;216m[38;2;32;31;31m▅[48;2;1;0;0m[38;2;70;68;69m [48;2;1;1;3m[38;2;1;1;3m    [48;2;1;1;1m[38;2;1;1;1m                [0m
[48;2;1;1;1m[38;2;1;1;1m              [48;2;2;0;3m[38;2;2;0;3m  [48;2;1;1;3m[38;2;1;1;3m  [48;2;1;1;1m[38;2;1;1;1m      [48;2;2;0;3m[38;2;2;0;3m    [48;2;244;240;243m[38;2;135;130;134m▎[48;2;243;239;242m▁[48;2;244;242;245m[38;2;90;88;91m▁▁[48;2;240;240;241m[38;2;118;118;120m▁[48;2;247;247;248m[38;2;0;0;0m [48;2;250;250;252m[38;2;250;250;252m  [48;2;255;255;255m[38;2;244;244;246m▌[48;2;173;173;175m[38;2;245;245;246m▊[48;2;4;2;5m[38;2;20;18;21m▌[48;2;7;5;8m[38;2;1;0;2m▊[48;2;3;1;6m[38;2;3;1;6m  [48;2;1;1;1m[38;2;1;1;1m                  [0m
[48;2;1;1;1m[38;2;1;1;1m                [48;2;1;1;3m[38;2;1;1;3m  [48;2;1;1;1m[38;2;1;1;1m    [48;2;3;1;6m[38;2;3;1;6m      [48;2;197;192;196m[38;2;25;21;24m▅[48;2;30;26;29m[38;2;139;134;138m▁[48;2;14;10;13m[38;2;180;175;179m▁▁[48;2;21;15;19m[38;2;194;188;192m▁[48;2;209;204;208m[38;2;80;74;78m▅[48;2;237;235;238m[38;2;112;110;113m▁[48;2;243;242;244m[38;2;0;0;0m [48;2;250;250;251m [48;2;249;249;250m[38;2;211;211;213m▝[48;2;25;20;24m[38;2;202;197;201m▅[48;2;12;7;11m[38;2;44;39;43m▎[48;2;3;1;6m[38;2;3;1;6m  [48;2;1;1;1m[38;2;1;1;1m                  [0m
[48;2;1;1;1m[38;2;1;1;1m                    [48;2;0;0;0m[38;2;0;0;0m  [48;2;1;1;3m[38;2;1;1;3m  [48;2;2;0;3m[38;2;2;0;3m  [48;2;10;8;11m[38;2;0;0;0m [48;2;76;74;77m[38;2;221;219;222m┏[48;2;29;27;30m[38;2;231;229;232m▅[48;2;238;236;238m[38;2;0;0;0m [48;2;249;249;251m[38;2;249;249;251m  [48;2;247;247;249m[38;2;247;247;249m  [48;2;59;57;60m[38;2;231;229;232m▅[48;2;241;240;242m[38;2;0;0;0m [48;2;250;250;252m[38;2;250;250;252m  [48;2;174;170;171m[38;2;246;242;243m▊[48;2;6;2;3m[38;2;51;47;48m▎[48;2;3;1;6m[38;2;3;1;6m  [48;2;1;1;3m[38;2;1;1;3m  [48;2;1;1;1m[38;2;1;1;1m                [0m
[48;2;1;1;1m[38;2;1;1;1m                        [48;2;1;1;3m[38;2;1;1;3m  [48;2;23;21;24m[38;2;1;0;2m▊[48;2;243;241;244m[38;2;121;119;122m▎[48;2;250;250;252m[38;2;250;250;252m        [48;2;234;216;217m[38;2;242;247;241m▊[48;2;246;227;229m[38;2;210;88;123m▅[48;2;218;208;204m[38;2;195;83;113m▅[48;2;39;38;32m[38;2;218;184;190m▅[48;2;15;13;14m[38;2;135;133;134m▁[48;2;1;0;0m[38;2;6;4;5m▄[48;2;1;1;1m[38;2;1;1;1m                  [0m
[48;2;1;1;1m[38;2;1;1;1m                    [48;2;2;0;3m[38;2;2;0;3m  [48;2;1;1;1m[38;2;1;1;1m  [48;2;3;1;6m[38;2;3;1;6m  [48;2;23;21;24m[38;2;1;0;2m▊[48;2;243;241;244m[38;2;121;119;122m▎[48;2;250;250;252m[38;2;250;250;252m        [48;2;243;241;238m[38;2;0;0;0m [48;2;211;97;131m[38;2;244;231;231m▅[48;2;215;78;104m[38;2;229;180;176m▁[48;2;230;125;140m[38;2;205;72;97m▊[48;2;124;119;123m[38;2;207;203;206m▊[48;2;9;5;8m[38;2;37;33;36m▎[48;2;1;1;1m[38;2;1;1;1m                  [0m
[48;2;1;1;1m[38;2;1;1;1m                  [48;2;1;1;3m[38;2;1;1;3m  [48;2;2;0;3m[38;2;2;0;3m  [48;2;1;1;3m[38;2;1;1;3m  [48;2;3;1;6m[38;2;3;1;6m  [48;2;1;0;2m[38;2;42;40;43m [48;2;185;183;186m[38;2;14;13;15m▅[48;2;245;244;246m[38;2;176;174;177m▎[48;2;250;249;251m[38;2;235;233;236m╷[48;2;250;250;252m[38;2;250;250;252m      [48;2;248;248;250m[38;2;248;248;250m  [48;2;235;225;227m[38;2;106;80;86m▂[48;2;192;74;112m[38;2;32;19;20m▆[48;2;2;0;3m[38;2;2;0;3m  [48;2;1;1;1m[38;2;1;1;1m                  [0m
[48;2;1;1;1m[38;2;1;1;1m                  [48;2;2;0;3m[38;2;2;0;3m    [48;2;3;1;6m[38;2;3;1;6m    [48;2;3;1;4m[38;2;3;1;4m  [48;2;245;243;245m[38;2;142;140;143m▎[48;2;252;250;252m[38;2;236;234;237m│[48;2;250;250;252m[38;2;250;250;252m    [48;2;242;240;243m[38;2;0;0;0m [48;2;247;245;247m[38;2;92;90;93m▂[48;2;233;229;232m[38;2;82;77;81m▂[48;2;191;187;191m[38;2;24;19;23m▅[48;2;4;2;7m[38;2;4;2;7m  [48;2;1;1;1m[38;2;1;1;1m                    [0m
[48;2;4;2;10m[38;2;23;2;126m▂▂▂▂▂▂▂▂▂▂▂▂▂▂▂▂▂▂[48;2;5;3;12m[38;2;24;2;129m▂▂[48;2;4;2;10m[38;2;23;2;126m▂▂[48;2;5;3;12m[38;2;24;2;129m▂▂▂▂▂▂[48;2;245;244;246m[38;2;143;141;144m▎[48;2;252;251;253m[38;2;237;235;238m│[48;2;247;246;247m[38;2;0;0;0m [48;2;243;231;237m[38;2;202;101;135m▁[48;2;242;240;242m[38;2;0;0;0m [48;2;230;227;232m[38;2;49;26;169m▁[48;2;189;183;194m[38;2;29;15;72m▅[48;2;16;11;21m[38;2;29;7;132m▂[48;2;5;3;12m[38;2;24;2;129m▂▂[48;2;4;2;11m[38;2;23;1;128m▂▂[48;2;4;2;10m[38;2;23;2;126m▂▂▂▂▂▂▂▂▂▂▂▂▂▂▂▂▂▂▂▂[0m
[48;2;38;3;183m[38;2;38;3;183m                          [48;2;42;10;189m[38;2;30;8;158m▗[48;2;51;25;183m[38;2;199;189;224m▆[48;2;246;245;249m[38;2;218;217;222m▘[48;2;245;244;249m[38;2;252;251;254m▊[48;2;229;187;186m[38;2;202;77;104m━[48;2;211;68;100m[38;2;228;119;140m▎[48;2;215;188;195m[38;2;204;66;110m▅[48;2;40;7;173m[38;2;86;38;158m▎[48;2;38;3;183m[38;2;38;3;183m                          [0m
[48;2;38;3;183m[38;2;38;3;183m                        [48;2;38;3;185m[38;2;38;3;185m  [48;2;41;24;168m[38;2;202;198;222m▆[48;2;238;236;245m[38;2;0;0;0m [48;2;250;250;252m[38;2;250;250;252m  [48;2;245;240;244m[38;2;0;0;0m [48;2;217;187;192m[38;2;108;64;192m▂[48;2;203;77;105m[38;2;63;22;174m▂[48;2;52;15;162m[38;2;192;65;94m▆[48;2;43;7;166m[38;2;157;57;121m▂[48;2;39;4;187m[38;2;59;14;174m▖[48;2;38;3;183m[38;2;38;3;183m                        [0m
[48;2;38;3;185m[38;2;38;3;185m                        [48;2;40;6;181m[38;2;34;6;171m▄[48;2;63;32;195m[38;2;207;196;231m▁[48;2;237;236;243m[38;2;163;162;170m▎[48;2;255;254;255m[38;2;248;247;255m▄[48;2;250;250;252m[38;2;250;250;252m  [48;2;238;231;243m[38;2;70;47;168m▂[48;2;35;7;179m[38;2;87;65;185m▎[48;2;41;3;191m[38;2;60;13;177m▝[48;2;158;55;124m[38;2;44;6;170m▆▆[48;2;41;3;191m[38;2;60;13;177m▘[48;2;38;3;185m[38;2;38;3;185m                        [0m
[48;2;38;3;185m[38;2;38;3;185m                        [48;2;44;21;172m[38;2;192;186;215m▂[48;2;242;239;245m[38;2;151;139;200m▎[48;2;250;250;252m[38;2;250;250;252m  [48;2;236;232;241m[38;2;250;248;245m▊[48;2;208;203;221m[38;2;68;46;186m▆[48;2;46;11;191m[38;2;35;2;180m▄[48;2;35;2;180m[38;2;46;11;191m▄[48;2;38;3;185m[38;2;38;3;185m                            [0m
[48;2;38;3;185m[38;2;38;3;185m                      [48;2;39;4;186m[38;2;39;4;186m  [48;2;211;199;215m[38;2;181;67;114m▂[48;2;243;242;243m[38;2;209;115;147m▃[48;2;236;231;231m[38;2;220;91;132m▂[48;2;248;239;240m[38;2;0;0;0m [48;2;212;201;235m[38;2;65;40;182m▆[48;2;46;15;183m[38;2;0;0;0m [48;2;38;3;185m[38;2;38;3;185m                              [0m
[48;2;38;3;185m[38;2;38;3;185m                      [48;2;36;0;189m[38;2;36;4;165m▗[48;2;36;3;169m[38;2;36;23;64m▂[48;2;165;60;93m[38;2;43;18;30m▃[48;2;212;67;102m[38;2;0;0;0m [48;2;212;71;98m[38;2;233;89;117m▁[48;2;235;179;178m[38;2;217;78;105m▆[48;2;51;27;76m[38;2;204;62;90m▂[48;2;40;16;65m[38;2;212;71;99m▂[48;2;39;14;141m[38;2;8;3;12m▆▆[48;2;35;13;138m[38;2;5;3;10m▆▆▆▆[48;2;37;14;143m[38;2;6;4;14m▆▆[48;2;38;6;168m[38;2;28;16;53m▂[48;2;33;2;172m[38;2;43;5;201m▗[48;2;38;3;185m[38;2;38;3;185m                    [0m
[48;2;38;3;185m[38;2;38;3;185m                      [48;2;37;2;182m[38;2;37;4;170m▝[48;2;37;16;107m[38;2;37;3;176m▆[48;2;16;10;27m[38;2;32;9;163m▃[48;2;124;39;58m[38;2;23;12;76m▆[48;2;167;48;81m[38;2;24;10;81m▆▆[48;2;168;49;82m[38;2;25;10;82m▆▆[48;2;9;4;24m[38;2;40;11;181m▂▂[48;2;8;6;11m[38;2;30;5;149m▃▃▃▃[48;2;8;6;12m[38;2;31;5;151m▃▃[48;2;37;22;76m[38;2;37;2;182m▆[48;2;37;2;180m[38;2;37;5;162m▘[48;2;38;3;185m[38;2;38;3;185m                    [0m
[48;2;40;2;185m[38;2;40;2;185m                                                            [0m
[48;2;40;2;185m[38;2;40;2;185m                                                            [0m
