[48;2;1;1;1m[38;2;1;1;1m                                                            [0m
[48;2;1;1;1m[38;2;1;1;1m                                                            [0m
[48;2;1;1;1m[38;2;1;1;1m                                                            [0m
[48;2;1;1;1m[38;2;1;1;1m                                                            [0m
[48;2;1;1;1m[38;2;1;1;1m                            [48;2;1;1;3m[38;2;1;1;3m  [48;2;1;1;1m[38;2;1;1;1m                              [0m
[48;2;1;1;1m[38;2;1;1;1m                        [48;2;1;1;3m[38;2;1;1;3m    [48;2;3;1;6m[38;2;3;1;6m  [48;2;2;0;3m[38;2;2;0;3m  [48;2;1;1;1m[38;2;1;1;1m  [48;2;1;1;3m[38;2;1;1;3m  [48;2;2;1;1m[38;2;12;10;11m▃▃▃▃[48;2;1;1;1m[38;2;1;1;1m                    [0m
[48;2;1;1;1m[38;2;1;1;1m                        [48;2;3;1;6m[38;2;3;1;6m      [48;2;1;1;3m[38;2;1;1;3m  [48;2;3;1;4m[38;2;3;1;4m  [48;2;15;11;14m[38;2;0;0;0m [48;2;32;27;31m[38;2;212;208;212m▄[48;2;163;161;164m[38;2;244;243;245m▇▇[48;2;170;168;171m[38;2;243;241;244m▇[48;2;149;147;150m[38;2;237;235;238m▇[48;2;22;20;21m[38;2;186;184;185m▄[48;2;1;0;0m[38;2;5;3;4m▄[48;2;1;1;1m[38;2;1;1;1m                  [0m
[48;2;1;1;1m[38;2;1;1;1m                        [48;2;1;1;3m[38;2;1;1;3m  [48;2;3;1;6m[38;2;3;1;6m  [48;2;1;1;3m[38;2;1;1;3m    [48;2;2;0;3m[38;2;2;0;3m  [48;2;68;66;69m[38;2;8;6;9m▊[48;2;251;249;252m[38;2;192;190;193m▎[48;2;247;245;248m[38;2;253;252;254m▅[48;2;245;243;246m[38;2;232;230;233m▗[48;2;237;227;230m[38;2;197;81;100m▄[48;2;186;69;88m[38;2;30;19;22m▄[48;2;70;68;71m[38;2;10;8;11m▇[48;2;4;2;5m[38;2;0;0;0m [48;2;1;1;3m[38;2;1;1;3m  [48;2;1;1;1m[38;2;1;1;1m                [0m
[48;2;1;1;1m[38;2;1;1;1m                    [48;2;2;2;4m[38;2;2;2;4m  [48;2;3;1;6m[38;2;3;1;6m    [48;2;1;1;3m[38;2;1;1;3m      [48;2;2;0;3m[38;2;1;0;2m▖[48;2;6;5;7m[38;2;26;24;27m▃[48;2;37;36;38m[38;2;223;221;223m▄[48;2;239;237;240m[38;2;0;0;0m [48;2;240;238;239m[38;2;248;255;253m▊[48;2;213;187;196m[38;2;253;240;246m▊[48;2;202;66;90m[38;2;213;77;101m▃[48;2;185;49;73m[38;2;216;80;104m▌[48;2;2;2;4m[38;2;2;2;4m  [48;2;3;1;6m[38;2;3;1;6m  [48;2;1;1;1m[38;2;1;1;1m                [0m
[48;2;1;1;1m[38;2;1;1;1m                [48;2;2;0;3m[38;2;2;0;3m  [48;2;3;1;4m[38;2;3;1;4m  [48;2;3;1;6m[38;2;3;1;6m    [48;2;1;1;3m[38;2;1;1;3m  [48;2;1;1;1m[38;2;1;1;1m    [48;2;1;1;3m[38;2;1;1;3m  [48;2;67;62;66m[38;2;14;10;13m▊[48;2;240;236;239m[38;2;187;182;186m▎[48;2;250;250;252m[38;2;250;250;252m  [48;2;255;254;255m[38;2;252;250;253m▖[48;2;246;244;247m[38;2;225;223;226m▝[48;2;206;86;105m[38;2;231;215;222m▄[48;2;182;62;81m[38;2;38;23;30m▄[48;2;2;2;2m[38;2;2;2;2m  [48;2;1;1;1m[38;2;1;1;1m                  [0m
[48;2;1;1;1m[38;2;1;1;1m            [48;2;1;1;3m[38;2;1;1;3m  [48;2;3;1;6m[38;2;3;1;6m          [48;2;1;1;1m[38;2;1;1;1m    [48;2;1;1;3m[38;2;1;1;3m  [48;2;12;10;13m[38;2;78;76;79m▁[48;2;34;32;35m[38;2;221;219;222m▄[48;2;245;245;247m[38;2;217;217;219m▘[48;2;244;244;246m[38;2;251;251;253m▊[48;2;250;250;252m[38;2;250;250;252m    [38;2;238;238;240m▘[48;2;246;246;248m[38;2;208;208;210m▝[48;2;32;30;33m[38;2;241;240;242m▄[48;2;26;24;27m[38;2;214;212;215m▄[48;2;8;7;7m[38;2;78;76;77m▁[48;2;1;0;0m[38;2;13;11;12m━[48;2;1;1;1m[38;2;1;1;1m                [0m
[48;2;1;1;1m[38;2;1;1;1m            [48;2;3;1;6m[38;2;3;1;6m        [48;2;1;1;1m[38;2;1;1;1m        [48;2;6;5;7m[38;2;0;0;0m [48;2;9;7;10m[38;2;98;96;99m▁[48;2;245;245;247m[38;2;255;255;255m│[48;2;252;252;253m[38;2;240;240;242m┃[48;2;250;250;252m[38;2;250;250;252m      [48;2;246;246;247m[38;2;0;0;0m [48;2;244;244;245m[38;2;153;153;155m▁[48;2;249;248;250m[38;2;130;128;131m▁▁[48;2;234;232;234m[38;2;0;0;0m [48;2;44;43;45m[38;2;235;234;236m▄[48;2;30;32;30m[38;2;200;181;188m▄[48;2;16;10;11m[38;2;58;31;40m▁[48;2;1;1;1m[38;2;1;1;1m              [0m
[48;2;1;1;1m[38;2;1;1;1m            [48;2;1;1;3m[38;2;1;1;3m  [48;2;3;1;6m[38;2;3;1;6m    [48;2;1;1;3m[38;2;1;1;3m  [48;2;1;1;1m[38;2;1;1;1m  [48;2;1;1;3m[38;2;1;1;3m  [48;2;1;1;1m[38;2;1;1;1m    [48;2;1;0;2m[38;2;23;21;24m▄[48;2;245;243;246m[38;2;146;144;147m▎[48;2;250;250;252m[38;2;250;250;252m        [48;2;173;171;172m[38;2;245;243;244m▊[48;2;4;3;3m[38;2;50;48;49m▎[48;2;4;2;3m[38;2;20;18;19m╵[48;2;16;14;15m[38;2;0;0;0m [48;2;233;228;231m[38;2;33;28;31m▅▅[48;2;202;71;99m[38;2;46;20;16m▅[48;2;192;62;90m[38;2;114;34;46m▁[48;2;35;12;14m[38;2;165;51;84m▄[48;2;9;9;5m[38;2;0;0;0m [48;2;1;1;1m[38;2;1;1;1m            [0m
[48;2;1;1;1m[38;2;1;1;1m              [48;2;2;0;3m[38;2;2;0;3m  [48;2;1;1;3m[38;2;1;1;3m  [48;2;1;1;1m[38;2;1;1;1m      [48;2;2;0;3m[38;2;2;0;3m    [48;2;23;18;22m[38;2;201;197;200m▅[48;2;229;224;228m[38;2;142;137;141m▁[48;2;244;242;245m[38;2;90;88;91m▁▁[48;2;240;240;241m[38;2;118;118;120m▁[48;2;247;247;248m[38;2;0;0;0m [48;2;250;250;252m[38;2;250;250;252m  [48;2;240;240;242m[38;2;250;250;251m┃[48;2;249;249;251m[38;2;255;255;255m│[48;2;209;204;208m[38;2;28;23;27m▅[48;2;14;10;13m[38;2;0;0;0m [48;2;3;1;6m[38;2;3;1;6m  [48;2;1;1;1m[38;2;1;1;1m  [48;2;1;0;0m[38;2;6;4;5m▂[48;2;7;5;6m[38;2;20;18;19m▝[48;2;155;50;81m[38;2;23;8;9m▅[48;2;9;6;3m[38;2;0;0;0m [48;2;1;1;1m[38;2;1;1;1m            [0m
[48;2;1;1;1m[38;2;1;1;1m                [48;2;1;1;3m[38;2;1;1;3m  [48;2;1;1;1m[38;2;1;1;1m    [48;2;3;1;6m[38;2;3;1;6m    [48;2;6;5;9m[38;2;0;0;0m [48;2;1;0;4m[38;2;10;8;13m▄[48;2;201;195;197m[38;2;70;64;66m▅[48;2;32;27;28m[38;2;183;177;179m▁[48;2;14;10;13m[38;2;180;175;179m▁▁[48;2;21;15;19m[38;2;194;188;192m▁[48;2;209;204;208m[38;2;80;74;78m▅[48;2;229;223;225m[38;2;93;87;89m▁[48;2;236;231;233m[38;2;88;82;84m▅[48;2;242;242;244m[38;2;0;0;0m  [48;2;25;20;24m[38;2;202;197;201m▅[48;2;12;7;11m[38;2;44;39;43m▎[48;2;3;1;6m[38;2;3;1;6m  [48;2;1;1;1m[38;2;1;1;1m                  [0m
[48;2;1;1;1m[38;2;1;1;1m                    [48;2;0;0;0m[38;2;0;0;0m  [48;2;1;1;3m[38;2;1;1;3m  [48;2;2;0;3m[38;2;2;0;3m  [48;2;23;21;24m[38;2;1;0;2m▊[48;2;243;241;244m[38;2;121;119;122m▎[48;2;250;250;252m[38;2;250;250;252m  [48;2;249;249;251m[38;2;249;249;251m  [48;2;247;247;249m[38;2;247;247;249m  [48;2;54;52;55m[38;2;232;230;233m▅[48;2;242;240;242m[38;2;0;0;0m [48;2;250;250;252m[38;2;250;250;252m  [48;2;174;170;171m[38;2;246;242;243m▊[48;2;6;2;3m[38;2;51;47;48m▎[48;2;3;1;6m[38;2;3;1;6m  [48;2;1;1;3m[38;2;1;1;3m  [48;2;1;1;1m[38;2;1;1;1m                [0m
[48;2;1;1;1m[38;2;1;1;1m                        [48;2;1;1;3m[38;2;1;1;3m  [48;2;23;21;24m[38;2;1;0;2m▊[48;2;243;241;244m[38;2;121;119;122m▎[48;2;250;250;252m[38;2;250;250;252m        [48;2;231;215;215m[38;2;242;247;241m▊[48;2;239;204;212m[38;2;214;85;123m▄[48;2;228;224;226m[38;2;189;144;159m▁[48;2;50;41;44m[38;2;217;208;212m▅[48;2;4;4;4m[38;2;4;4;4m  [48;2;1;1;1m[38;2;1;1;1m                  [0m
[48;2;1;1;1m[38;2;1;1;1m                    [48;2;2;0;3m[38;2;2;0;3m  [48;2;1;1;1m[38;2;1;1;1m  [48;2;3;1;6m[38;2;3;1;6m  [48;2;19;17;20m[38;2;1;0;2m┗[48;2;187;186;188m[38;2;13;12;14m▅[48;2;245;244;246m[38;2;176;174;177m▎[48;2;250;249;251m[38;2;235;233;236m╷[48;2;250;250;252m[38;2;250;250;252m      [48;2;243;241;238m[38;2;0;0;0m [48;2;211;97;131m[38;2;244;231;231m▅[48;2;211;98;117m[38;2;241;194;199m▁[48;2;222;218;224m[38;2;91;88;92m▂[48;2;4;2;3m[38;2;20;18;19m▌[48;2;7;5;6m[38;2;1;0;0m▊[48;2;1;1;1m[38;2;1;1;1m                  [0m
[48;2;1;1;1m[38;2;1;1;1m                  [48;2;1;1;3m[38;2;1;1;3m  [48;2;2;0;3m[38;2;2;0;3m  [48;2;1;1;3m[38;2;1;1;3m  [48;2;3;1;6m[38;2;3;1;6m  [48;2;1;0;2m[38;2;7;5;8m▗[48;2;20;19;21m[38;2;179;177;180m▁[48;2;245;243;245m[38;2;154;152;155m▎[48;2;251;249;252m[38;2;236;234;237m╷[48;2;250;250;252m[38;2;250;250;252m      [48;2;248;248;250m[38;2;248;248;250m  [48;2;221;217;221m[38;2;91;86;90m▂[48;2;10;6;9m[38;2;46;41;45m▎[48;2;1;1;3m[38;2;1;1;3m  [48;2;1;1;1m[38;2;1;1;1m                  [0m
[48;2;1;1;1m[38;2;1;1;1m                  [48;2;2;0;3m[38;2;2;0;3m    [48;2;3;1;6m[38;2;3;1;6m    [48;2;23;22;24m[38;2;195;193;196m▁[48;2;244;242;244m[38;2;141;139;142m▎[48;2;250;250;252m[38;2;250;250;252m  [48;2;249;249;251m[38;2;249;249;251m  [48;2;232;230;232m[38;2;49;47;50m▁[48;2;245;244;246m[38;2;0;0;0m [48;2;250;250;252m[38;2;250;250;252m  [48;2;243;241;243m[38;2;0;0;0m [48;2;211;209;212m[38;2;28;27;29m▁[48;2;8;6;9m[38;2;13;11;14m▌[48;2;1;0;2m[38;2;3;1;4m▎[48;2;1;1;1m[38;2;1;1;1m                    [0m
[48;2;4;2;10m[38;2;23;2;126m▂▂▂▂▂▂▂▂▂▂▂▂▂▂▂▂▂▂[48;2;5;3;12m[38;2;24;2;129m▂▂[48;2;4;2;10m[38;2;23;2;126m▂▂[48;2;5;3;12m[38;2;24;2;129m▂▂[48;2;7;2;12m[38;2;26;1;129m▂▂[48;2;240;238;242m[38;2;130;128;133m▎[48;2;255;254;255m[38;2;253;251;255m┃[48;2;250;250;252m[38;2;250;250;252m  [48;2;226;222;234m[38;2;248;247;247m▊[48;2;228;222;239m[38;2;54;47;78m▆[48;2;26;23;38m[38;2;17;2;158m▁[48;2;214;210;223m[38;2;58;29;199m▁[48;2;245;245;247m[38;2;255;255;255m┃[48;2;216;216;218m[38;2;246;246;248m▊[48;2;184;179;188m[38;2;26;14;68m▅[48;2;18;13;21m[38;2;35;11;136m▂[48;2;4;2;11m[38;2;23;1;128m▂▂[48;2;4;2;10m[38;2;23;2;126m▂▂▂▂▂▂▂▂▂▂▂▂▂▂▂▂▂▂▂▂[0m
[48;2;38;3;183m[38;2;38;3;183m                        [48;2;40;7;194m[38;2;29;5;159m▎[48;2;106;84;194m[38;2;234;228;241m┏[48;2;239;238;241m[38;2;0;0;0m [48;2;251;250;253m[38;2;236;235;240m┗[48;2;243;243;247m[38;2;0;0;0m [48;2;242;240;245m[38;2;104;89;180m▂[48;2;231;223;240m[38;2;64;39;187m▆[48;2;45;17;181m[38;2;0;0;0m [48;2;47;10;172m[38;2;166;73;94m▂[48;2;47;14;189m[38;2;191;66;111m▆[48;2;231;225;234m[38;2;172;81;122m▂[48;2;235;231;242m[38;2;57;31;177m▆[48;2;40;5;183m[38;2;40;5;183m  [48;2;38;3;183m[38;2;38;3;183m                      [0m
[48;2;38;3;183m[38;2;38;3;183m                        [48;2;38;8;187m[38;2;38;8;187m▄[48;2;245;241;239m[38;2;96;74;185m▎[48;2;250;250;252m[38;2;250;250;252m  [48;2;236;233;239m[38;2;92;73;186m▂[48;2;39;9;191m[38;2;110;96;168m▎[48;2;38;3;183m[38;2;38;3;183m  [48;2;192;71;92m[38;2;60;11;169m▆[48;2;192;70;104m[38;2;59;10;182m▂[48;2;167;51;116m[38;2;205;63;94m▊[48;2;46;13;176m[38;2;155;62;108m▂[48;2;38;3;183m[38;2;38;3;183m                        [0m
[48;2;38;3;185m[38;2;38;3;185m                        [48;2;56;36;168m[38;2;208;203;229m▆[48;2;235;233;240m[38;2;0;0;0m [48;2;250;250;252m[38;2;250;250;252m  [48;2;39;4;184m[38;2;141;118;226m▎[48;2;31;0;174m[38;2;54;22;183m│[48;2;38;3;185m[38;2;38;3;185m  [48;2;38;3;183m[38;2;38;3;183m  [48;2;184;65;102m[38;2;52;7;173m▆[48;2;184;66;101m[38;2;52;9;172m▂[48;2;79;23;157m[38;2;186;69;93m━[48;2;35;4;179m[38;2;81;10;160m╸[48;2;38;3;185m[38;2;38;3;185m                      [0m
[48;2;38;3;185m[38;2;38;3;185m                        [48;2;240;238;248m[38;2;131;123;172m▎[48;2;254;254;248m[38;2;241;240;245m│[48;2;236;233;241m[38;2;251;249;246m▊[48;2;209;204;222m[38;2;69;47;187m▆[48;2;43;8;186m[38;2;56;21;199m▘[48;2;38;4;181m[38;2;25;0;168m▝[48;2;38;3;185m[38;2;38;3;185m                              [0m
[48;2;38;3;185m[38;2;38;3;185m                        [48;2;212;197;214m[38;2;169;69;113m▂[48;2;238;244;242m[38;2;217;110;146m▃[48;2;233;227;237m[38;2;59;38;161m▂[48;2;39;8;187m[38;2;99;81;176m▎[48;2;38;3;185m[38;2;38;3;185m                                [0m
[48;2;38;3;185m[38;2;38;3;185m                      [48;2;36;0;189m[38;2;36;4;165m▗[48;2;36;3;169m[38;2;36;23;64m▂[48;2;220;70;97m[38;2;90;27;93m▎[48;2;213;76;92m[38;2;213;73;110m▅[48;2;95;42;132m[38;2;201;76;100m▆[48;2;56;16;69m[38;2;200;78;103m▂[48;2;42;20;58m[38;2;197;76;111m▂[48;2;79;28;73m[38;2;193;63;108m━[48;2;40;15;142m[38;2;9;4;13m▆▆[48;2;35;13;138m[38;2;5;3;10m▆▆▆▆[48;2;37;14;143m[38;2;6;4;14m▆▆[48;2;38;6;168m[38;2;28;16;53m▂[48;2;33;2;172m[38;2;43;5;201m▗[48;2;38;3;185m[38;2;38;3;185m                    [0m
[48;2;38;3;185m[38;2;38;3;185m                      [48;2;37;2;182m[38;2;37;4;170m▝[48;2;37;16;107m[38;2;37;3;176m▆[48;2;146;47;80m[38;2;27;10;85m▆▆[48;2;167;48;81m[38;2;24;10;81m▆▆[48;2;142;52;77m[38;2;31;12;84m▆[48;2;15;6;24m[38;2;39;9;175m▂[48;2;8;3;24m[38;2;39;10;180m▂▂[48;2;8;6;11m[38;2;30;5;149m▃▃▃▃[48;2;8;6;12m[38;2;31;5;151m▃▃[48;2;37;22;76m[38;2;37;2;182m▆[48;2;37;2;180m[38;2;37;5;162m▘[48;2;38;3;185m[38;2;38;3;185m                    [0m
[48;2;40;2;185m[38;2;40;2;185m                                                            [0m
[48;2;40;2;185m[38;2;40;2;185m                                                            [0m
