[48;2;1;1;1m[38;2;1;1;1m                                                            [0m
[48;2;1;1;1m[38;2;1;1;1m                                                            [0m
[48;2;1;1;1m[38;2;1;1;1m                                                            [0m
[48;2;1;1;1m[38;2;1;1;1m                                                            [0m
[48;2;1;1;1m[38;2;1;1;1m                            [48;2;1;1;3m[38;2;1;1;3m  [48;2;1;1;1m[38;2;1;1;1m                              [0m
[48;2;1;1;1m[38;2;1;1;1m                        [48;2;1;1;3m[38;2;1;1;3m    [48;2;3;1;6m[38;2;3;1;6m  [48;2;2;0;3m[38;2;2;0;3m  [48;2;1;1;1m[38;2;1;1;1m  [48;2;1;1;3m[38;2;1;1;3m  [48;2;2;2;2m[38;2;2;2;2m  [48;2;2;1;1m[38;2;12;10;11m▃▃[48;2;2;2;2m[38;2;2;2;2m  [48;2;1;1;1m[38;2;1;1;1m                  [0m
[48;2;1;1;1m[38;2;1;1;1m                        [48;2;3;1;6m[38;2;3;1;6m      [48;2;1;1;3m[38;2;1;1;3m  [48;2;3;1;4m[38;2;3;1;4m  [48;2;9;7;10m[38;2;2;1;3m▚[48;2;5;3;6m[38;2;1;0;2m▌[48;2;32;31;33m[38;2;212;210;213m▄[48;2;161;159;162m[38;2;239;238;240m▇[48;2;156;154;157m[38;2;247;245;248m▇▇[48;2;150;145;149m[38;2;234;230;233m▇[48;2;22;17;21m[38;2;187;182;186m▄[48;2;2;2;2m[38;2;2;2;2m  [48;2;1;1;1m[38;2;1;1;1m                [0m
[48;2;1;1;1m[38;2;1;1;1m                        [48;2;1;1;3m[38;2;1;1;3m  [48;2;3;1;6m[38;2;3;1;6m  [48;2;1;1;3m[38;2;1;1;3m    [48;2;2;0;3m[38;2;2;0;3m  [48;2;1;0;2m[38;2;13;11;14m│[48;2;78;76;79m[38;2;7;6;8m▊[48;2;249;249;251m[38;2;231;231;233m▌[38;2;255;255;255m▌[48;2;248;240;240m[38;2;0;0;0m [48;2;231;222;222m[38;2;189;79;112m▄[48;2;187;73;107m[38;2;19;15;10m▄[48;2;89;79;78m[38;2;18;8;8m▇[48;2;1;1;3m[38;2;1;1;3m  [48;2;1;1;1m[38;2;1;1;1m                [0m
[48;2;1;1;1m[38;2;1;1;1m                    [48;2;2;2;4m[38;2;2;2;4m  [48;2;3;1;6m[38;2;3;1;6m    [48;2;1;1;3m[38;2;1;1;3m      [48;2;3;1;4m[38;2;3;1;4m  [48;2;3;0;2m[38;2;11;6;10m│[48;2;92;87;91m[38;2;15;10;14m▊[48;2;255;255;255m[38;2;237;237;239m▌[48;2;253;253;254m[38;2;245;245;247m┃[48;2;225;182;191m[38;2;246;245;249m▊[48;2;218;94;115m[38;2;210;59;88m┃[48;2;104;31;42m[38;2;213;71;95m▊[48;2;2;8;8m[38;2;20;10;8m▎[48;2;3;1;6m[38;2;3;1;6m  [48;2;1;1;1m[38;2;1;1;1m                [0m
[48;2;1;1;1m[38;2;1;1;1m                [48;2;2;0;3m[38;2;2;0;3m  [48;2;3;1;4m[38;2;3;1;4m  [48;2;3;1;6m[38;2;3;1;6m    [48;2;1;1;3m[38;2;1;1;3m  [48;2;1;1;1m[38;2;1;1;1m    [48;2;1;1;3m[38;2;1;1;3m  [48;2;1;0;2m[38;2;8;6;9m▄[48;2;8;6;9m[38;2;37;35;38m▂[48;2;38;36;39m[38;2;223;221;224m▄[48;2;188;186;189m[38;2;243;241;243m▇[48;2;250;250;252m[38;2;250;250;252m  [48;2;248;237;237m[38;2;0;0;0m [48;2;199;94;125m[38;2;229;216;216m▄[48;2;156;55;85m[38;2;25;15;14m▄[48;2;14;7;6m[38;2;0;0;0m [48;2;1;1;1m[38;2;1;1;1m                  [0m
[48;2;1;1;1m[38;2;1;1;1m            [48;2;1;1;3m[38;2;1;1;3m  [48;2;3;1;6m[38;2;3;1;6m          [48;2;1;1;1m[38;2;1;1;1m    [48;2;1;1;3m[38;2;1;1;3m  [48;2;3;1;6m[38;2;3;1;6m  [48;2;21;17;20m[38;2;101;96;100m▁[48;2;241;237;241m[38;2;190;185;189m▎[48;2;250;250;252m[38;2;250;250;252m    [38;2;243;243;245m▚[48;2;250;250;251m[38;2;206;206;208m▝[48;2;33;28;32m[38;2;219;214;218m▄[48;2;13;9;12m[38;2;80;75;79m▁[48;2;1;1;1m[38;2;1;1;1m                  [0m
[48;2;1;1;1m[38;2;1;1;1m            [48;2;3;1;6m[38;2;3;1;6m        [48;2;1;1;1m[38;2;1;1;1m        [48;2;2;0;3m[38;2;2;0;3m  [48;2;3;0;2m[38;2;6;1;5m▄[48;2;45;40;44m[38;2;218;213;217m▄[48;2;246;246;247m[38;2;218;218;220m▘[48;2;245;245;247m[38;2;252;252;253m▊[48;2;250;250;252m[38;2;250;250;252m    [48;2;245;245;247m[38;2;0;0;0m [48;2;245;245;246m[38;2;164;164;166m▁[48;2;248;248;249m[38;2;231;231;233m╵[48;2;237;237;238m[38;2;0;0;0m [48;2;38;33;37m[38;2;202;198;202m▄[48;2;7;3;6m[38;2;35;30;34m▎[48;2;1;1;3m[38;2;1;1;3m  [48;2;1;1;1m[38;2;1;1;1m              [0m
[48;2;1;1;1m[38;2;1;1;1m            [48;2;1;1;3m[38;2;1;1;3m  [48;2;3;1;6m[38;2;3;1;6m    [48;2;1;1;3m[38;2;1;1;3m  [48;2;1;1;1m[38;2;1;1;1m  [48;2;1;1;3m[38;2;1;1;3m  [48;2;1;1;1m[38;2;1;1;1m    [48;2;3;1;6m[38;2;3;1;6m  [48;2;24;22;25m[38;2;198;196;199m▅[48;2;238;236;239m[38;2;0;0;0m [48;2;250;250;252m[38;2;250;250;252m      [48;2;163;159;160m[38;2;248;245;246m▊[48;2;21;18;18m[38;2;54;50;51m▎[48;2;232;228;231m[38;2;54;50;53m▅[48;2;240;235;239m[38;2;126;121;125m▁[48;2;236;232;235m[38;2;0;0;0m [48;2;23;18;22m[38;2;196;192;195m▅[48;2;13;12;16m[38;2;113;111;116m▁[48;2;1;0;4m[38;2;3;1;6m▄[48;2;1;1;3m[38;2;1;1;3m  [48;2;1;1;1m[38;2;1;1;1m            [0m
[48;2;1;1;1m[38;2;1;1;1m              [48;2;2;0;3m[38;2;2;0;3m  [48;2;1;1;3m[38;2;1;1;3m  [48;2;1;1;1m[38;2;1;1;1m      [48;2;2;0;3m[38;2;2;0;3m  [48;2;1;1;3m[38;2;1;1;3m  [48;2;3;0;2m[38;2;14;9;13m▄[48;2;49;44;48m[38;2;178;174;178m▄[48;2;232;231;233m[38;2;95;93;96m▁[48;2;242;240;243m[38;2;94;92;95m▁[48;2;240;240;241m[38;2;118;118;120m▁[48;2;247;247;248m[38;2;0;0;0m [48;2;250;250;252m[38;2;250;250;252m  [48;2;240;240;242m[38;2;250;250;251m┃[48;2;249;249;251m[38;2;255;255;255m│[48;2;209;204;208m[38;2;28;23;27m▅[48;2;14;10;13m[38;2;0;0;0m [48;2;4;2;7m[38;2;20;18;23m╵[48;2;16;14;19m[38;2;0;0;0m [48;2;236;235;237m[38;2;47;46;48m▅[48;2;235;233;236m[38;2;123;121;124m▁[48;2;234;233;235m[38;2;0;0;0m [48;2;22;21;23m[38;2;196;194;197m▅[48;2;12;11;11m[38;2;123;121;122m▁[48;2;1;0;0m[38;2;20;18;19m [48;2;1;1;1m[38;2;1;1;1m            [0m
[48;2;1;1;1m[38;2;1;1;1m                [48;2;1;1;3m[38;2;1;1;3m  [48;2;1;1;1m[38;2;1;1;1m    [48;2;3;1;6m[38;2;3;1;6m      [48;2;3;0;2m[38;2;8;3;7m▄▄[48;2;14;10;13m[38;2;180;175;179m▁▁[48;2;21;15;19m[38;2;194;188;192m▁[48;2;209;204;208m[38;2;80;74;78m▅[48;2;247;247;249m[38;2;247;247;249m  [48;2;208;203;207m[38;2;243;239;242m▊[48;2;211;206;210m[38;2;40;35;39m▅[48;2;5;3;8m[38;2;5;3;8m  [48;2;3;1;6m[38;2;3;1;6m  [48;2;3;2;2m[38;2;19;17;18m╵[48;2;15;14;14m[38;2;0;0;0m [48;2;236;225;223m[38;2;52;34;35m▅[48;2;230;241;233m[38;2;174;67;98m▅[48;2;189;199;189m[38;2;187;73;103m▅[48;2;19;6;5m[38;2;111;49;62m▁[48;2;1;1;1m[38;2;1;1;1m            [0m
[48;2;1;1;1m[38;2;1;1;1m                    [48;2;0;0;0m[38;2;0;0;0m  [48;2;1;1;3m[38;2;1;1;3m  [48;2;2;0;3m[38;2;2;0;3m  [48;2;11;9;14m[38;2;0;0;0m [48;2;20;18;23m[38;2;200;198;202m▅[48;2;238;238;239m[38;2;0;0;0m [48;2;249;249;250m[38;2;232;232;234m╵[48;2;249;249;251m[38;2;249;249;251m  [48;2;250;250;252m[38;2;250;250;252m    [48;2;239;237;239m[38;2;0;0;0m [48;2;32;30;33m[38;2;211;209;212m▅[48;2;5;3;6m[38;2;5;3;6m  [48;2;3;1;6m[38;2;3;1;6m  [48;2;1;1;3m[38;2;1;1;3m  [48;2;3;0;0m[38;2;10;6;7m┃[48;2;37;33;34m[38;2;3;0;0m▊[48;2;204;71;98m[38;2;47;23;13m▁[48;2;178;58;80m[38;2;34;17;7m▁[48;2;1;1;1m[38;2;1;1;1m            [0m
[48;2;1;1;1m[38;2;1;1;1m                        [48;2;1;1;3m[38;2;1;1;3m  [48;2;23;21;24m[38;2;1;0;2m▊[48;2;243;241;244m[38;2;121;119;122m▎[48;2;250;250;252m[38;2;250;250;252m      [48;2;245;241;244m[38;2;222;129;160m▁▁[48;2;255;255;255m[38;2;247;247;249m▌[48;2;247;247;248m[38;2;206;206;208m▝[48;2;41;37;40m[38;2;211;206;210m▅[48;2;3;0;2m[38;2;55;50;54m▎[48;2;1;1;1m[38;2;1;1;1m                    [0m
[48;2;1;1;1m[38;2;1;1;1m                    [48;2;2;0;3m[38;2;2;0;3m  [48;2;1;1;1m[38;2;1;1;1m  [48;2;3;1;6m[38;2;3;1;6m  [48;2;25;20;24m[38;2;144;139;143m▁[48;2;243;239;242m[38;2;152;147;151m▎[48;2;250;250;252m[38;2;250;250;252m    [48;2;248;246;249m[38;2;248;246;249m  [48;2;208;83;107m[38;2;249;219;213m▁▁[48;2;249;247;250m[38;2;249;247;250m  [48;2;241;239;242m[38;2;0;0;0m [48;2;46;44;47m[38;2;209;207;210m▅[48;2;8;6;7m[38;2;13;11;12m▌[48;2;1;0;0m[38;2;3;1;2m▎[48;2;1;1;1m[38;2;1;1;1m                  [0m
[48;2;1;1;1m[38;2;1;1;1m                  [48;2;1;1;3m[38;2;1;1;3m  [48;2;2;0;3m[38;2;2;0;3m  [48;2;1;1;3m[38;2;1;1;3m  [48;2;3;1;6m[38;2;3;1;6m  [48;2;239;237;240m[38;2;129;127;130m▎[48;2;254;252;254m[38;2;239;237;240m│[48;2;250;250;252m[38;2;250;250;252m  [38;2;254;254;255m▌[48;2;239;239;241m[38;2;243;243;245m▌[48;2;223;219;223m[38;2;36;32;35m▅[48;2;226;222;225m[38;2;59;54;58m▁[48;2;249;249;251m[38;2;249;249;251m  [48;2;250;250;252m[38;2;250;250;252m  [48;2;250;250;251m[38;2;0;0;0m [48;2;249;249;250m[38;2;211;211;213m▝[48;2;39;34;38m[38;2;212;208;211m▅[48;2;3;0;2m[38;2;59;54;58m▎[48;2;1;1;1m[38;2;1;1;1m                  [0m
[48;2;1;1;1m[38;2;1;1;1m                  [48;2;2;0;3m[38;2;2;0;3m    [48;2;3;1;6m[38;2;3;1;6m  [48;2;6;4;9m[38;2;0;0;0m [48;2;21;20;24m[38;2;180;178;183m▁[48;2;244;243;245m[38;2;141;139;142m▎[48;2;250;249;251m[38;2;236;234;237m│[48;2;250;250;252m[38;2;250;250;252m  [48;2;244;242;244m[38;2;0;0;0m [48;2;208;206;209m[38;2;34;32;35m▅[48;2;3;1;6m[38;2;27;25;30m▘▝[48;2;202;197;201m[38;2;28;24;27m▅[48;2;224;220;223m[38;2;44;39;43m▁[48;2;249;249;251m[38;2;249;249;251m  [48;2;250;250;252m[38;2;250;250;252m  [48;2;159;155;156m[38;2;245;241;242m▊[48;2;3;0;0m[38;2;60;56;57m▎[48;2;1;1;1m[38;2;1;1;1m                  [0m
[48;2;4;2;10m[38;2;23;2;126m▂▂▂▂▂▂▂▂▂▂▂▂▂▂▂▂▂▂[48;2;5;3;12m[38;2;24;2;129m▂▂[48;2;4;2;10m[38;2;23;2;126m▂▂[48;2;5;3;12m[38;2;24;2;129m▂▂[48;2;26;24;29m[38;2;208;206;211m▁[48;2;238;236;240m[38;2;139;137;142m▎[48;2;250;250;252m[38;2;250;250;252m  [48;2;249;249;251m[38;2;249;249;251m  [48;2;198;193;200m[38;2;46;34;87m▅[48;2;18;13;20m[38;2;33;9;132m▂[48;2;5;3;12m[38;2;24;2;129m▂▂[48;2;8;3;11m[38;2;24;4;125m▂[48;2;30;23;43m[38;2;50;22;175m▁[48;2;249;249;251m[38;2;231;231;233m▌[38;2;255;255;255m▌[48;2;248;248;250m[38;2;248;248;250m  [48;2;205;199;215m[38;2;58;26;197m▁[48;2;20;15;31m[38;2;36;5;175m▁[48;2;4;2;10m[38;2;23;2;126m▂▂▂▂▂▂▂▂▂▂▂▂▂▂▂▂▂▂[0m
[48;2;38;3;183m[38;2;38;3;183m                      [48;2;32;3;179m[38;2;37;7;180m▄[48;2;103;82;197m[38;2;227;220;243m┏[48;2;238;237;241m[38;2;0;0;0m [48;2;249;248;252m[38;2;233;232;237m╵[48;2;250;250;252m[38;2;250;250;252m  [48;2;240;237;243m[38;2;100;80;190m▂[48;2;244;241;239m[38;2;66;43;183m▆[48;2;57;22;200m[38;2;35;2;178m▄[48;2;33;0;176m[38;2;40;5;183m▘[48;2;38;3;183m[38;2;38;3;183m  [48;2;36;2;177m[38;2;44;10;185m┃[48;2;61;27;202m[38;2;30;0;171m▌[48;2;249;249;251m[38;2;231;231;233m▌[38;2;255;255;255m▌[48;2;255;254;255m[38;2;253;252;255m▌[48;2;164;163;171m[38;2;240;239;246m▊[48;2;40;5;183m[38;2;40;5;183m  [48;2;38;3;183m[38;2;38;3;183m                  [0m
[48;2;38;3;183m[38;2;38;3;183m                    [48;2;38;3;185m[38;2;38;3;185m  [48;2;112;95;202m[38;2;217;213;233m┏[48;2;235;234;235m[38;2;0;0;0m [48;2;250;250;252m[38;2;250;250;252m  [48;2;237;234;240m[38;2;249;248;243m▊[48;2;229;225;238m[38;2;74;52;189m▆[48;2;37;5;178m[38;2;76;42;217m▘[48;2;33;1;174m[38;2;46;12;187m▝[48;2;38;3;183m[38;2;38;3;183m    [48;2;37;8;176m[38;2;56;22;203m│[48;2;52;24;179m[38;2;208;199;229m▂[48;2;247;247;249m[38;2;247;247;249m  [48;2;243;242;242m[38;2;0;0;0m [48;2;220;216;235m[38;2;73;53;180m▂[48;2;39;4;184m[38;2;39;4;184m  [48;2;38;3;183m[38;2;38;3;183m                  [0m
[48;2;38;3;185m[38;2;38;3;185m                    [48;2;42;8;181m[38;2;0;0;0m [48;2;58;27;190m[38;2;197;187;223m▁[48;2;235;234;234m[38;2;137;125;189m▎[48;2;243;243;238m[38;2;248;246;251m▊[48;2;250;250;252m[38;2;250;250;252m  [48;2;220;211;237m[38;2;77;55;179m▆[48;2;46;15;188m[38;2;0;0;0m [48;2;38;3;185m[38;2;38;3;185m      [48;2;88;64;186m[38;2;38;5;182m▊[48;2;252;250;245m[38;2;204;192;242m▎[48;2;250;250;252m[38;2;250;250;252m  [48;2;187;177;230m[38;2;248;247;246m▊[48;2;33;5;183m[38;2;70;48;174m▎[48;2;38;3;185m[38;2;38;3;185m                    [0m
[48;2;38;3;185m[38;2;38;3;185m                    [48;2;46;20;173m[38;2;185;177;215m▂[48;2;237;233;245m[38;2;139;128;189m▎[48;2;250;250;252m[38;2;250;250;252m  [48;2;235;231;247m[38;2;248;246;243m▊[48;2;212;207;227m[38;2;84;63;188m▆[48;2;37;4;180m[38;2;76;41;219m▘[48;2;33;1;176m[38;2;46;11;189m▝[48;2;38;3;185m[38;2;38;3;185m      [48;2;46;15;177m[38;2;37;6;189m▄[48;2;208;195;240m[38;2;52;23;176m▆[48;2;242;236;240m[38;2;219;78;105m▂▂[48;2;216;212;223m[38;2;212;83;135m▂[48;2;47;17;186m[38;2;55;11;162m▖[48;2;38;3;185m[38;2;38;3;185m                    [0m
[48;2;38;3;185m[38;2;38;3;185m                    [48;2;116;97;201m[38;2;215;219;228m┗[48;2;241;232;230m[38;2;152;80;107m▂[48;2;237;232;233m[38;2;212;83;124m▂[48;2;244;236;238m[38;2;0;0;0m [48;2;216;205;237m[38;2;79;55;183m▆[48;2;46;17;184m[38;2;0;0;0m [48;2;38;3;185m[38;2;38;3;185m        [48;2;40;2;197m[38;2;40;5;181m▌[48;2;40;11;154m[38;2;40;4;186m▌[48;2;214;73;100m[38;2;67;18;148m▃▃[48;2;211;72;100m[38;2;0;0;0m [48;2;64;27;162m[38;2;188;68;103m▆[48;2;39;9;175m[38;2;183;61;105m▂▂[48;2;38;3;185m[38;2;38;3;185m                  [0m
[48;2;38;3;185m[38;2;38;3;185m                  [48;2;36;0;189m[38;2;36;4;165m▗[48;2;36;3;169m[38;2;36;23;64m▂[48;2;67;29;83m[38;2;168;56;110m━[48;2;188;65;89m[38;2;21;9;19m▂[48;2;215;81;106m[38;2;164;54;71m▖[48;2;240;182;183m[38;2;217;69;99m▆[48;2;69;35;68m[38;2;227;70;104m▂[48;2;34;15;75m[38;2;202;69;88m▂[48;2;26;1;128m[38;2;16;9;19m▆[48;2;41;14;142m[38;2;11;4;14m▆[48;2;36;13;142m[38;2;5;3;13m▆▆▆▆[48;2;35;13;138m[38;2;5;3;10m▆▆▆▆[48;2;36;14;139m▆▆[48;2;155;57;88m[38;2;11;5;4m▆▆[48;2;190;77;85m[38;2;24;13;32m▇[48;2;182;63;101m[38;2;38;13;108m▇[48;2;38;3;185m[38;2;38;3;185m                  [0m
[48;2;38;3;185m[38;2;38;3;185m                  [48;2;37;1;184m[38;2;37;3;172m▝[48;2;37;16;109m[38;2;37;3;178m▆[48;2;25;14;58m[38;2;36;5;170m▆[48;2;19;6;63m[38;2;30;0;175m▂[48;2;59;22;35m[38;2;50;13;157m▃[48;2;152;54;82m[38;2;24;8;78m▆[48;2;168;49;82m[38;2;25;10;82m▆▆[48;2;12;5;25m[38;2;43;11;182m▂▂[48;2;8;3;24m[38;2;39;10;180m▂▂▂▂[48;2;8;6;11m[38;2;30;5;149m▃▃▃▃▃▃[48;2;8;3;24m[38;2;39;10;180m▂▂[48;2;17;9;38m[38;2;37;5;176m▂[48;2;32;23;54m[38;2;33;2;174m▆[48;2;38;3;185m[38;2;38;3;185m                  [0m
[48;2;40;2;185m[38;2;40;2;185m                                                            [0m
[48;2;40;2;185m[38;2;40;2;185m                                                            [0m
