[48;2;1;1;1m[38;2;1;1;1m                                                            [0m
[48;2;1;1;1m[38;2;1;1;1m                                                            [0m
[48;2;1;1;1m[38;2;1;1;1m                                                            [0m
[48;2;1;1;1m[38;2;1;1;1m                                                            [0m
[48;2;1;1;1m[38;2;1;1;1m                            [48;2;1;1;3m[38;2;1;1;3m  [48;2;1;1;1m[38;2;1;1;1m                              [0m
[48;2;1;1;1m[38;2;1;1;1m                        [48;2;1;1;3m[38;2;1;1;3m    [48;2;3;1;6m[38;2;3;1;6m  [48;2;2;0;3m[38;2;2;0;3m  [48;2;1;1;1m[38;2;1;1;1m  [48;2;1;1;3m[38;2;1;1;3m  [48;2;1;1;1m[38;2;1;1;1m                        [0m
[48;2;1;1;1m[38;2;1;1;1m                        [48;2;3;1;6m[38;2;3;1;6m      [48;2;1;1;3m[38;2;1;1;3m  [48;2;3;1;4m[38;2;3;1;4m  [48;2;3;1;6m[38;2;3;1;6m  [48;2;16;14;17m[38;2;0;0;0m [48;2;18;16;19m[38;2;204;202;205m▄[48;2;14;12;15m[38;2;225;223;226m▄▄[48;2;18;17;19m[38;2;194;192;195m▄[48;2;1;0;2m[38;2;13;11;14m▄[48;2;1;1;1m[38;2;1;1;1m                  [0m
[48;2;1;1;1m[38;2;1;1;1m                        [48;2;1;1;3m[38;2;1;1;3m  [48;2;3;1;6m[38;2;3;1;6m  [48;2;1;1;3m[38;2;1;1;3m    [48;2;2;0;3m[38;2;2;0;3m  [48;2;1;0;2m[38;2;12;10;13m│[48;2;77;75;78m[38;2;7;5;8m▊[48;2;164;164;166m[38;2;236;236;238m▇[48;2;255;255;255m[38;2;252;252;254m▄[48;2;254;251;254m[38;2;249;244;248m▌[48;2;247;243;247m[38;2;220;215;219m▗[48;2;240;235;233m[38;2;189;82;114m▄[48;2;186;186;182m[38;2;41;26;26m▄[48;2;3;1;4m[38;2;3;1;4m  [48;2;1;1;1m[38;2;1;1;1m                [0m
[48;2;1;1;1m[38;2;1;1;1m                    [48;2;2;2;4m[38;2;2;2;4m  [48;2;3;1;6m[38;2;3;1;6m    [48;2;1;1;3m[38;2;1;1;3m      [48;2;3;1;4m[38;2;3;1;4m  [48;2;3;0;2m[38;2;11;6;10m│[48;2;92;87;91m[38;2;15;10;14m▊[48;2;255;255;255m[38;2;237;237;239m▌[48;2;253;253;254m[38;2;245;245;247m┃[48;2;247;206;214m[38;2;251;243;250m▊[48;2;193;63;83m[38;2;200;101;121m▎[48;2;22;11;10m[38;2;163;60;90m▄[48;2;13;4;3m[38;2;0;0;0m [48;2;3;1;6m[38;2;3;1;6m  [48;2;1;1;1m[38;2;1;1;1m                [0m
[48;2;1;1;1m[38;2;1;1;1m                [48;2;2;0;3m[38;2;2;0;3m  [48;2;3;1;4m[38;2;3;1;4m  [48;2;3;1;6m[38;2;3;1;6m    [48;2;1;1;3m[38;2;1;1;3m  [48;2;1;1;1m[38;2;1;1;1m    [48;2;1;1;3m[38;2;1;1;3m  [48;2;1;0;2m[38;2;8;6;9m▄[48;2;8;6;9m[38;2;37;35;38m▂[48;2;38;36;39m[38;2;223;221;224m▄[48;2;188;186;189m[38;2;243;241;243m▇[48;2;250;250;252m[38;2;250;250;252m  [48;2;239;198;206m[38;2;244;246;248m▊[48;2;215;83;106m[38;2;204;57;86m│[48;2;102;29;40m[38;2;211;69;93m▊[48;2;2;6;7m[38;2;18;8;6m▎[48;2;1;1;1m[38;2;1;1;1m                  [0m
[48;2;1;1;1m[38;2;1;1;1m            [48;2;1;1;3m[38;2;1;1;3m  [48;2;3;1;6m[38;2;3;1;6m          [48;2;1;1;1m[38;2;1;1;1m    [48;2;1;1;3m[38;2;1;1;3m  [48;2;3;1;6m[38;2;3;1;6m  [48;2;21;17;20m[38;2;101;96;100m▁[48;2;241;237;241m[38;2;190;185;189m▎[48;2;250;250;252m[38;2;250;250;252m    [48;2;244;244;246m[38;2;251;251;252m▖[48;2;250;250;251m[38;2;205;205;207m▝[48;2;30;25;29m[38;2;209;205;209m▄[48;2;15;11;14m[38;2;0;0;0m [48;2;1;1;1m[38;2;1;1;1m                  [0m
[48;2;1;1;1m[38;2;1;1;1m            [48;2;3;1;6m[38;2;3;1;6m        [48;2;1;1;1m[38;2;1;1;1m        [48;2;2;0;3m[38;2;2;0;3m  [48;2;1;0;4m[38;2;3;1;6m▄[48;2;16;15;19m[38;2;108;106;111m▁[48;2;248;248;250m[38;2;205;205;207m▎[48;2;240;240;242m[38;2;252;252;253m┃[48;2;250;250;252m[38;2;250;250;252m      [48;2;233;231;234m[38;2;0;0;0m [48;2;18;17;19m[38;2;195;193;196m▅[48;2;4;2;7m[38;2;4;2;7m  [48;2;1;1;3m[38;2;1;1;3m  [48;2;1;1;1m[38;2;1;1;1m              [0m
[48;2;1;1;1m[38;2;1;1;1m            [48;2;1;1;3m[38;2;1;1;3m  [48;2;3;1;6m[38;2;3;1;6m    [48;2;1;1;3m[38;2;1;1;3m  [48;2;1;1;1m[38;2;1;1;1m  [48;2;1;1;3m[38;2;1;1;3m  [48;2;1;1;1m[38;2;1;1;1m    [48;2;3;1;6m[38;2;3;1;6m  [48;2;18;16;19m[38;2;127;125;128m▁[48;2;248;246;249m[38;2;169;167;170m▎[48;2;250;250;252m[38;2;250;250;252m      [48;2;244;244;246m[38;2;0;0;0m [48;2;245;245;246m[38;2;144;144;146m▁[48;2;249;249;250m[38;2;232;232;234m╵[48;2;238;238;239m[38;2;0;0;0m [48;2;46;42;45m[38;2;211;206;210m▄[48;2;6;2;5m[38;2;36;31;35m▎[48;2;3;1;6m[38;2;3;1;6m  [48;2;1;1;3m[38;2;1;1;3m  [48;2;1;1;1m[38;2;1;1;1m            [0m
[48;2;1;1;1m[38;2;1;1;1m              [48;2;2;0;3m[38;2;2;0;3m  [48;2;1;1;3m[38;2;1;1;3m  [48;2;1;1;1m[38;2;1;1;1m      [48;2;2;0;3m[38;2;2;0;3m  [48;2;1;1;3m[38;2;1;1;3m  [48;2;4;2;5m[38;2;4;2;5m  [48;2;248;247;252m[38;2;147;146;151m▎[48;2;255;254;255m[38;2;234;233;238m│[48;2;250;250;252m[38;2;250;250;252m    [48;2;240;240;242m[38;2;250;250;251m┃[48;2;249;249;251m[38;2;255;255;255m│[48;2;210;205;209m[38;2;29;25;28m▅[48;2;24;19;23m[38;2;0;0;0m [48;2;233;231;234m[38;2;56;54;57m▅[48;2;246;244;247m[38;2;214;212;215m▎[48;2;237;233;237m[38;2;0;0;0m [48;2;21;17;20m[38;2;199;195;199m▅[48;2;3;1;4m[38;2;3;1;4m  [48;2;1;1;1m[38;2;1;1;1m              [0m
[48;2;1;1;1m[38;2;1;1;1m                [48;2;1;1;3m[38;2;1;1;3m  [48;2;1;1;1m[38;2;1;1;1m    [48;2;3;1;6m[38;2;3;1;6m      [48;2;3;0;2m[38;2;13;8;12m▄[48;2;24;20;23m[38;2;205;201;204m▅[48;2;207;203;206m[38;2;50;45;49m▅[48;2;226;222;225m[38;2;76;71;75m▁[48;2;240;238;241m[38;2;108;106;109m▁[48;2;245;243;245m[38;2;0;0;0m [48;2;250;250;252m[38;2;250;250;252m  [48;2;208;203;207m[38;2;243;239;242m▊[48;2;211;206;210m[38;2;40;35;39m▅[48;2;5;3;8m[38;2;5;3;8m  [48;2;20;16;21m[38;2;0;0;0m [48;2;223;219;224m[38;2;45;40;46m▅[48;2;235;233;236m[38;2;115;113;116m▁[48;2;244;242;245m[38;2;210;208;211m▝[48;2;20;16;19m[38;2;203;199;203m▅[48;2;20;15;19m[38;2;136;131;135m▁[48;2;1;1;1m[38;2;1;1;1m              [0m
[48;2;1;1;1m[38;2;1;1;1m                    [48;2;0;0;0m[38;2;0;0;0m  [48;2;1;1;3m[38;2;1;1;3m  [48;2;2;0;3m[38;2;2;0;3m  [48;2;1;0;4m[38;2;9;7;12m━[38;2;7;5;10m▃[48;2;244;242;245m[38;2;153;151;154m▎[48;2;243;241;244m[38;2;251;250;252m▅[48;2;44;40;43m[38;2;228;224;227m▅[48;2;30;25;29m[38;2;196;191;195m▁[48;2;24;18;22m[38;2;187;181;185m▁[48;2;208;203;206m[38;2;83;77;81m▅[48;2;245;243;244m[38;2;242;223;230m▖[48;2;242;239;241m[38;2;189;163;172m▁[48;2;196;191;195m[38;2;244;239;243m▊[48;2;29;24;28m[38;2;141;136;140m▁[48;2;3;1;6m[38;2;3;1;6m    [48;2;19;15;18m[38;2;0;0;0m [48;2;224;219;223m[38;2;45;40;44m▅[48;2;232;223;221m[38;2;103;89;88m▁[48;2;205;197;197m[38;2;170;65;95m▅[48;2;10;5;6m[38;2;45;39;41m▂[48;2;4;0;0m[38;2;7;1;3m▄[48;2;1;1;1m[38;2;1;1;1m            [0m
[48;2;1;1;1m[38;2;1;1;1m                        [48;2;1;1;3m[38;2;1;1;3m  [48;2;23;21;24m[38;2;1;0;2m▊[48;2;243;241;244m[38;2;121;119;122m▎[48;2;250;250;252m[38;2;250;250;252m    [48;2;249;247;250m[38;2;249;247;250m  [48;2;248;215;212m[38;2;213;78;108m▅[48;2;219;99;124m[38;2;189;66;92m┃[48;2;242;241;243m[38;2;242;241;243m▄[48;2;174;172;175m[38;2;246;244;246m▊[48;2;4;2;5m[38;2;20;18;21m▌[48;2;7;5;8m[38;2;1;0;2m▊[48;2;1;1;1m[38;2;1;1;1m    [48;2;89;47;54m[38;2;14;6;8m▊[48;2;209;72;95m[38;2;113;38;40m▂[48;2;99;36;44m[38;2;183;62;79m▊[48;2;24;9;13m[38;2;2;4;2m┃[48;2;1;1;1m[38;2;1;1;1m            [0m
[48;2;1;1;1m[38;2;1;1;1m                    [48;2;2;0;3m[38;2;2;0;3m  [48;2;1;1;1m[38;2;1;1;1m  [48;2;3;1;6m[38;2;3;1;6m  [48;2;23;21;24m[38;2;1;0;2m▊[48;2;243;241;244m[38;2;121;119;122m▎[48;2;250;250;252m[38;2;250;250;252m    [48;2;249;249;251m[38;2;249;249;251m  [48;2;204;87;107m[38;2;247;241;244m▅▅[48;2;249;249;250m[38;2;0;0;0m [48;2;248;248;249m[38;2;210;210;212m▝[48;2;39;34;38m[38;2;212;208;211m▅[48;2;3;0;2m[38;2;59;54;58m▎[48;2;1;1;1m[38;2;1;1;1m                    [0m
[48;2;1;1;1m[38;2;1;1;1m                  [48;2;1;1;3m[38;2;1;1;3m  [48;2;2;0;3m[38;2;2;0;3m  [48;2;1;1;3m[38;2;1;1;3m  [48;2;3;1;6m[38;2;3;1;6m  [48;2;37;35;38m[38;2;199;197;200m▅[48;2;239;238;240m[38;2;0;0;0m [48;2;250;250;252m[38;2;250;250;252m          [48;2;242;240;242m[38;2;0;0;0m [48;2;46;45;47m[38;2;213;211;213m▅[48;2;8;6;9m[38;2;13;11;14m▌[48;2;1;0;2m[38;2;3;1;4m▎[48;2;1;1;1m[38;2;1;1;1m                  [0m
[48;2;1;1;1m[38;2;1;1;1m                  [48;2;2;0;3m[38;2;2;0;3m    [48;2;3;1;6m[38;2;3;1;6m  [48;2;6;4;9m[38;2;0;0;0m [48;2;21;20;24m[38;2;180;178;183m▁[48;2;244;243;245m[38;2;141;139;142m▎[48;2;250;249;251m[38;2;236;234;237m│[48;2;250;250;252m[38;2;250;250;252m  [38;2;254;254;255m▌[48;2;239;239;241m[38;2;243;243;245m▌[48;2;220;215;219m[38;2;41;37;40m▅[48;2;219;214;218m[38;2;41;36;40m▁[48;2;249;249;251m[38;2;249;249;251m  [48;2;250;250;252m[38;2;250;250;252m  [48;2;250;250;251m[38;2;0;0;0m [48;2;249;249;250m[38;2;211;211;213m▝[48;2;40;38;41m[38;2;216;215;217m▅[48;2;5;3;6m[38;2;1;0;2m┣[48;2;1;1;1m[38;2;1;1;1m                  [0m
[48;2;4;2;10m[38;2;23;2;126m▂▂▂▂▂▂▂▂▂▂▂▂▂▂▂▂▂▂[48;2;5;3;12m[38;2;24;2;129m▂▂[48;2;4;2;10m[38;2;23;2;126m▂▂[48;2;5;3;12m[38;2;24;2;129m▂▂[48;2;50;48;53m[38;2;203;201;205m▅[48;2;232;231;234m[38;2;0;0;0m [48;2;250;250;252m[38;2;250;250;252m    [48;2;226;222;234m[38;2;248;247;247m▊[48;2;228;222;239m[38;2;54;47;78m▆[48;2;14;9;18m[38;2;21;4;123m▂[48;2;23;18;27m[38;2;32;8;134m▂[48;2;235;234;236m[38;2;91;75;173m▂[48;2;246;244;244m[38;2;0;0;0m [48;2;250;250;252m[38;2;250;250;252m    [48;2;173;166;183m[38;2;240;235;237m▊[48;2;20;16;19m[38;2;30;11;125m▂[48;2;4;2;10m[38;2;23;2;126m▂▂▂▂▂▂▂▂▂▂▂▂▂▂▂▂▂▂[0m
[48;2;38;3;183m[38;2;38;3;183m                      [48;2;55;29;183m[38;2;199;188;230m▁[48;2;66;43;185m[38;2;219;211;236m▅[48;2;239;238;241m[38;2;0;0;0m [48;2;251;250;253m[38;2;236;235;240m┗[48;2;250;250;252m[38;2;250;250;252m  [48;2;244;243;247m[38;2;0;0;0m [48;2;244;242;246m[38;2;104;89;180m▂[48;2;231;223;240m[38;2;64;39;187m▆[48;2;45;17;181m[38;2;0;0;0m [48;2;38;3;183m[38;2;38;3;183m  [48;2;76;49;187m[38;2;37;6;185m▊[48;2;234;228;241m[38;2;80;57;175m▂[48;2;249;249;251m[38;2;249;249;251m  [48;2;250;250;252m[38;2;250;250;252m  [48;2;184;173;229m[38;2;246;244;245m▊[48;2;30;3;182m[38;2;67;45;172m▎[48;2;38;3;183m[38;2;38;3;183m                  [0m
[48;2;38;3;183m[38;2;38;3;183m                    [48;2;40;8;187m[38;2;34;3;178m▗[48;2;53;28;189m[38;2;190;179;219m▆[48;2;236;235;239m[38;2;0;0;0m [48;2;246;245;249m[38;2;235;234;240m╸[48;2;250;250;252m[38;2;250;250;252m  [48;2;245;244;247m[38;2;0;0;0m [48;2;242;241;242m[38;2;101;84;190m▂[48;2;226;219;237m[38;2;64;38;187m▆[48;2;45;15;181m[38;2;0;0;0m [48;2;38;3;183m[38;2;38;3;183m    [48;2;37;8;176m[38;2;56;22;203m│[48;2;52;24;179m[38;2;208;199;229m▂[48;2;247;247;249m[38;2;247;247;249m  [48;2;237;236;241m[38;2;247;246;250m▊[48;2;204;203;208m[38;2;248;247;251m▊[48;2;205;193;230m[38;2;47;19;177m▆[48;2;43;10;187m[38;2;0;0;0m [48;2;38;3;183m[38;2;38;3;183m                  [0m
[48;2;38;3;185m[38;2;38;3;185m                    [48;2;62;40;178m[38;2;194;188;219m▆[48;2;233;230;233m[38;2;0;0;0m [48;2;250;250;252m[38;2;250;250;252m  [48;2;247;246;248m[38;2;0;0;0m [48;2;222;219;234m[38;2;65;51;169m▁[48;2;221;211;245m[38;2;66;41;185m▆[48;2;44;13;181m[38;2;0;0;0m [48;2;38;3;185m[38;2;38;3;185m      [48;2;88;64;186m[38;2;38;5;182m▊[48;2;252;250;245m[38;2;204;192;242m▎[48;2;250;250;252m[38;2;250;250;252m  [48;2;237;236;242m[38;2;252;251;254m▊[48;2;194;193;199m[38;2;244;243;248m▊[48;2;40;5;183m[38;2;40;5;183m  [48;2;38;3;185m[38;2;38;3;185m                  [0m
[48;2;38;3;185m[38;2;38;3;185m                  [48;2;42;17;176m[38;2;194;185;226m▂[48;2;60;34;185m[38;2;208;202;228m▆[48;2;236;235;239m[38;2;0;0;0m [48;2;250;249;252m[38;2;244;243;248m▝[48;2;247;246;249m[38;2;0;0;0m [48;2;222;220;233m[38;2;72;58;174m▁[48;2;212;205;226m[38;2;63;39;185m▆[48;2;50;19;186m[38;2;0;0;0m [48;2;38;3;185m[38;2;38;3;185m      [48;2;40;5;183m[38;2;40;5;183m  [48;2;81;63;173m[38;2;235;234;238m▆[48;2;243;242;246m[38;2;0;0;0m [48;2;250;250;252m[38;2;250;250;252m  [48;2;206;199;238m[38;2;245;243;245m▊[48;2;204;198;221m[38;2;47;23;173m▆[48;2;39;4;184m[38;2;39;4;184m  [48;2;38;3;185m[38;2;38;3;185m                  [0m
[48;2;38;3;185m[38;2;38;3;185m                  [48;2;111;91;200m[38;2;227;222;234m┗[48;2;233;228;229m[38;2;156;66;102m▂[48;2;238;230;232m[38;2;211;80;122m▂[48;2;244;234;237m[38;2;0;0;0m [48;2;222;211;240m[38;2;85;61;188m▆[48;2;42;14;177m[38;2;0;0;0m [48;2;38;3;185m[38;2;38;3;185m        [48;2;39;4;184m[38;2;39;4;184m  [48;2;205;194;226m[38;2;56;22;181m▆[48;2;232;229;226m[38;2;195;68;110m▂[48;2;240;231;230m[38;2;195;78;113m▂[48;2;233;224;223m[38;2;189;72;107m▂[48;2;193;181;220m[38;2;46;19;180m▆[48;2;37;5;184m[38;2;44;9;193m╷[48;2;38;3;185m[38;2;38;3;185m                    [0m
[48;2;38;3;185m[38;2;38;3;185m                  [48;2;95;38;83m[38;2;72;17;170m▎[48;2;183;64;98m[38;2;26;6;15m▂[48;2;199;61;92m[38;2;30;14;6m▂[48;2;226;179;179m[38;2;193;66;93m▆[48;2;67;34;68m[38;2;225;71;104m▂[48;2;34;16;75m[38;2;201;70;88m▂[48;2;31;4;132m[38;2;21;13;24m▆[48;2;34;8;136m[38;2;7;1;11m▆[48;2;36;13;142m[38;2;5;3;13m▆▆▆▆▆▆[48;2;35;13;138m[38;2;5;3;10m▆▆[48;2;40;11;126m[38;2;16;8;20m▆[48;2;192;63;87m[38;2;47;23;29m▃[48;2;209;66;94m[38;2;49;29;18m▂[48;2;215;74;101m[38;2;183;64;84m▖[48;2;79;24;149m[38;2;194;75;89m▆[48;2;50;11;67m[38;2;184;66;91m▂[48;2;33;13;83m[38;2;169;61;84m▂[48;2;44;10;159m[38;2;28;24;50m▂[48;2;38;3;185m[38;2;38;3;185m                  [0m
[48;2;38;3;185m[38;2;38;3;185m                  [48;2;33;16;98m[38;2;34;3;174m▆[48;2;15;7;37m[38;2;36;7;163m▃[48;2;14;9;26m[38;2;38;12;178m▂[48;2;129;43;69m[38;2;22;7;79m▆[48;2;168;49;82m[38;2;25;10;82m▆▆[48;2;12;5;25m[38;2;43;11;182m▂▂[48;2;8;3;24m[38;2;39;10;180m▂▂▂▂▂▂[48;2;8;6;11m[38;2;30;5;149m▃▃▃▃[48;2;18;9;28m[38;2;43;12;180m▂[48;2;134;44;71m[38;2;25;7;80m▆[48;2;167;48;81m[38;2;24;10;81m▆▆[48;2;56;24;59m[38;2;47;2;171m▂[48;2;35;22;81m[38;2;38;10;169m▆[48;2;38;3;185m[38;2;38;3;185m                  [0m
[48;2;40;2;185m[38;2;40;2;185m                                                            [0m
[48;2;40;2;185m[38;2;40;2;185m                                                            [0m
