[48;2;1;1;1m[38;2;1;1;1m                                                            [0m
[48;2;1;1;1m[38;2;1;1;1m                                                            [0m
[48;2;1;1;1m[38;2;1;1;1m                                                            [0m
[48;2;1;1;1m[38;2;1;1;1m                                                            [0m
[48;2;1;1;1m[38;2;1;1;1m                            [48;2;1;1;3m[38;2;1;1;3m  [48;2;1;1;1m[38;2;1;1;1m                              [0m
[48;2;1;1;1m[38;2;1;1;1m                        [48;2;1;1;3m[38;2;1;1;3m    [48;2;3;1;6m[38;2;3;1;6m  [48;2;2;0;3m[38;2;2;0;3m  [48;2;1;1;1m[38;2;1;1;1m  [48;2;1;1;3m[38;2;1;1;3m  [48;2;1;1;1m[38;2;1;1;1m                        [0m
[48;2;1;1;1m[38;2;1;1;1m                        [48;2;3;1;6m[38;2;3;1;6m      [48;2;1;1;3m[38;2;1;1;3m  [48;2;3;1;4m[38;2;3;1;4m  [48;2;3;1;6m[38;2;3;1;6m  [48;2;1;1;3m[38;2;1;1;3m  [48;2;2;1;3m[38;2;12;10;13m▃▃[48;2;5;3;6m[38;2;5;3;6m  [48;2;1;1;1m[38;2;1;1;1m                  [0m
[48;2;1;1;1m[38;2;1;1;1m                        [48;2;1;1;3m[38;2;1;1;3m  [48;2;3;1;6m[38;2;3;1;6m  [48;2;1;1;3m[38;2;1;1;3m    [48;2;2;0;3m[38;2;2;0;3m  [48;2;3;1;4m[38;2;3;1;4m  [48;2;14;13;15m[38;2;0;0;0m [48;2;37;35;38m[38;2;215;213;216m▄[48;2;153;152;157m[38;2;245;244;248m▇▇[48;2;160;158;161m[38;2;242;240;242m▇[48;2;138;136;139m[38;2;237;235;238m▇[48;2;19;18;18m[38;2;189;187;188m▄[48;2;1;0;0m[38;2;8;6;7m▄[48;2;1;1;1m[38;2;1;1;1m                [0m
[48;2;1;1;1m[38;2;1;1;1m                    [48;2;2;2;4m[38;2;2;2;4m  [48;2;3;1;6m[38;2;3;1;6m    [48;2;1;1;3m[38;2;1;1;3m      [48;2;3;1;4m[38;2;3;1;4m  [48;2;3;1;6m[38;2;3;1;6m  [48;2;79;77;80m[38;2;8;6;9m▊[48;2;248;247;249m[38;2;202;200;203m▎[48;2;253;251;253m[38;2;246;244;247m▎[48;2;247;245;247m[38;2;219;217;220m▗[48;2;234;224;227m[38;2;193;76;96m▄[48;2;187;70;90m[38;2;24;13;16m▄[48;2;41;39;42m[38;2;6;5;7m▆[48;2;1;0;2m[38;2;3;1;4m▄[48;2;1;1;1m[38;2;1;1;1m                [0m
[48;2;1;1;1m[38;2;1;1;1m                [48;2;2;0;3m[38;2;2;0;3m  [48;2;3;1;4m[38;2;3;1;4m  [48;2;3;1;6m[38;2;3;1;6m    [48;2;1;1;3m[38;2;1;1;3m  [48;2;1;1;1m[38;2;1;1;1m    [48;2;1;1;3m[38;2;1;1;3m  [48;2;3;1;6m[38;2;3;1;6m  [48;2;5;4;6m[38;2;16;14;17m▁[48;2;1;0;2m[38;2;36;34;37m▂[48;2;83;81;84m[38;2;13;11;14m▊[48;2;250;248;250m[38;2;206;204;207m▎[48;2;238;236;237m[38;2;246;254;252m▊[48;2;211;185;194m[38;2;251;239;244m▊[48;2;227;78;108m[38;2;192;59;84m┃[48;2;124;49;54m[38;2;213;67;96m▊[48;2;2;2;2m[38;2;2;2;2m  [48;2;1;1;1m[38;2;1;1;1m                [0m
[48;2;1;1;1m[38;2;1;1;1m            [48;2;1;1;3m[38;2;1;1;3m  [48;2;3;1;6m[38;2;3;1;6m          [48;2;1;1;1m[38;2;1;1;1m    [48;2;1;1;3m[38;2;1;1;3m  [48;2;3;1;6m[38;2;3;1;6m  [48;2;16;15;17m[38;2;95;93;96m▁[48;2;22;20;23m[38;2;220;218;221m▄[48;2;42;41;43m[38;2;238;236;239m▄[48;2;238;236;239m[38;2;0;0;0m [48;2;248;248;250m[38;2;248;248;250m  [48;2;253;251;253m[38;2;246;244;247m▎[48;2;247;245;247m[38;2;219;217;220m▝[48;2;208;90;108m[38;2;217;204;209m▄[48;2;178;60;79m[38;2;27;15;20m▄[48;2;1;1;1m[38;2;1;1;1m                  [0m
[48;2;1;1;1m[38;2;1;1;1m            [48;2;3;1;6m[38;2;3;1;6m        [48;2;1;1;1m[38;2;1;1;1m        [48;2;2;0;3m[38;2;2;0;3m  [48;2;1;0;4m[38;2;8;6;11m┃[48;2;35;33;38m[38;2;1;0;4m▊[48;2;245;245;247m[38;2;187;187;189m▎[48;2;255;255;255m[38;2;251;251;253m▄[48;2;250;250;252m[38;2;250;250;252m  [48;2;249;249;251m[38;2;249;249;251m  [48;2;248;246;248m[38;2;205;179;188m▁▁[48;2;143;137;139m[38;2;236;231;233m▊[48;2;8;3;4m[38;2;48;42;44m▎[48;2;3;1;6m[38;2;3;1;6m  [48;2;1;1;3m[38;2;1;1;3m  [48;2;1;1;1m[38;2;1;1;1m              [0m
[48;2;1;1;1m[38;2;1;1;1m            [48;2;1;1;3m[38;2;1;1;3m  [48;2;3;1;6m[38;2;3;1;6m    [48;2;1;1;3m[38;2;1;1;3m  [48;2;1;1;1m[38;2;1;1;1m  [48;2;1;1;3m[38;2;1;1;3m  [48;2;1;1;1m[38;2;1;1;1m    [48;2;3;1;6m[38;2;3;1;6m  [48;2;12;10;13m[38;2;0;0;0m [48;2;46;44;47m[38;2;219;218;220m▄[48;2;244;244;246m[38;2;231;231;233m▘[48;2;253;253;254m[38;2;246;246;248m▃[48;2;250;250;252m[38;2;250;250;252m  [48;2;244;234;234m[38;2;0;0;0m [48;2;238;213;217m[38;2;207;114;141m▄[48;2;214;75;102m[38;2;216;167;163m▁[48;2;203;63;90m[38;2;205;156;152m▁[48;2;151;54;82m[38;2;14;9;7m▄[48;2;11;6;5m[38;2;0;0;0m [48;2;1;1;3m[38;2;1;1;3m  [48;2;3;1;6m[38;2;3;1;6m  [48;2;1;1;3m[38;2;1;1;3m  [48;2;1;1;1m[38;2;1;1;1m            [0m
[48;2;1;1;1m[38;2;1;1;1m              [48;2;2;0;3m[38;2;2;0;3m  [48;2;1;1;3m[38;2;1;1;3m  [48;2;1;1;1m[38;2;1;1;1m      [48;2;2;0;3m[38;2;2;0;3m  [48;2;1;1;3m[38;2;1;1;3m  [48;2;3;1;6m[38;2;3;1;6m  [48;2;38;36;39m[38;2;6;5;7m▊[48;2;247;245;248m[38;2;161;159;162m▎[48;2;250;250;252m[38;2;250;250;252m      [48;2;247;245;248m[38;2;0;0;0m [48;2;205;203;205m [48;2;4;2;5m[38;2;20;18;21m▌[48;2;7;5;8m[38;2;1;0;2m▊[48;2;1;1;1m[38;2;1;1;1m  [48;2;1;1;3m[38;2;1;1;3m  [48;2;1;1;1m[38;2;1;1;1m              [0m
[48;2;1;1;1m[38;2;1;1;1m                [48;2;1;1;3m[38;2;1;1;3m  [48;2;1;1;1m[38;2;1;1;1m    [48;2;3;1;6m[38;2;3;1;6m      [48;2;2;0;3m[38;2;2;0;3m  [48;2;26;22;23m[38;2;149;145;146m▁[48;2;216;213;214m[38;2;94;90;91m▁[48;2;240;238;241m[38;2;108;106;109m▁[48;2;245;243;245m[38;2;0;0;0m [48;2;250;250;252m[38;2;250;250;252m  [48;2;249;249;251m[38;2;249;249;251m  [48;2;218;213;217m[38;2;105;100;104m▁[48;2;9;5;8m[38;2;43;38;42m▎[48;2;2;0;3m[38;2;2;0;3m  [48;2;1;1;1m[38;2;1;1;1m                  [0m
[48;2;1;1;1m[38;2;1;1;1m                    [48;2;0;0;0m[38;2;0;0;0m  [48;2;1;1;3m[38;2;1;1;3m  [48;2;2;0;3m[38;2;2;0;3m  [48;2;3;1;6m[38;2;3;1;6m  [48;2;20;16;19m[38;2;158;153;157m▁[48;2;33;28;32m[38;2;209;204;208m▅[48;2;237;235;238m[38;2;0;0;0m [48;2;47;45;48m[38;2;231;229;231m▅[48;2;37;32;36m[38;2;225;221;224m▅[48;2;213;209;213m[38;2;92;87;91m▅[48;2;247;247;249m[38;2;247;247;249m  [48;2;250;250;251m[38;2;241;241;243m┏[48;2;216;216;218m[38;2;248;248;249m▊[48;2;37;24;28m[38;2;204;182;190m▅[48;2;21;11;13m[38;2;127;49;75m▁[48;2;3;1;6m[38;2;3;1;6m  [48;2;1;1;3m[38;2;1;1;3m  [48;2;1;1;1m[38;2;1;1;1m                [0m
[48;2;1;1;1m[38;2;1;1;1m                        [48;2;1;1;3m[38;2;1;1;3m  [48;2;1;0;2m[38;2;10;8;11m━[38;2;8;6;9m▃[48;2;245;243;245m[38;2;154;152;155m▎[48;2;252;250;252m[38;2;243;241;244m│[48;2;250;250;252m[38;2;250;250;252m      [48;2;204;199;201m[38;2;247;243;245m▊[48;2;208;202;204m[38;2;43;37;39m▅[48;2;195;62;94m[38;2;93;28;36m▂[48;2;185;63;91m[38;2;37;19;14m▅[48;2;40;19;21m[38;2;138;50;74m▄[48;2;12;4;3m[38;2;0;0;0m [48;2;1;1;1m[38;2;1;1;1m                  [0m
[48;2;1;1;1m[38;2;1;1;1m                    [48;2;2;0;3m[38;2;2;0;3m  [48;2;1;1;1m[38;2;1;1;1m  [48;2;3;1;6m[38;2;3;1;6m  [48;2;23;21;24m[38;2;1;0;2m▊[48;2;243;241;244m[38;2;121;119;122m▎[48;2;250;250;252m[38;2;250;250;252m        [48;2;242;240;243m[38;2;0;0;0m [48;2;44;42;45m[38;2;213;211;213m▅[48;2;4;2;5m[38;2;4;2;5m  [48;2;1;1;1m[38;2;1;1;1m                    [0m
[48;2;1;1;1m[38;2;1;1;1m                  [48;2;1;1;3m[38;2;1;1;3m  [48;2;2;0;3m[38;2;2;0;3m  [48;2;1;1;3m[38;2;1;1;3m  [48;2;3;1;6m[38;2;3;1;6m  [48;2;1;0;2m[38;2;41;39;42m [48;2;184;182;185m[38;2;14;12;15m▅[48;2;245;245;246m[38;2;175;175;177m▎[48;2;250;250;251m[38;2;234;234;236m╷[48;2;250;250;252m[38;2;250;250;252m      [48;2;250;250;251m[38;2;0;0;0m [48;2;249;249;250m[38;2;211;211;213m▝[48;2;41;36;40m[38;2;214;209;213m▅[48;2;4;0;3m[38;2;3;0;2m┏[48;2;1;1;3m[38;2;1;1;3m  [48;2;1;1;1m[38;2;1;1;1m                  [0m
[48;2;1;1;1m[38;2;1;1;1m                  [48;2;2;0;3m[38;2;2;0;3m    [48;2;3;1;6m[38;2;3;1;6m    [48;2;1;0;2m[38;2;3;1;4m▄[48;2;20;18;21m[38;2;189;187;190m▁[48;2;245;243;245m[38;2;154;152;155m▎[48;2;251;249;252m[38;2;236;234;237m╷[48;2;250;250;252m[38;2;250;250;252m        [48;2;195;190;194m[38;2;245;241;245m▊[48;2;33;29;32m[38;2;205;200;204m▁[48;2;1;1;1m[38;2;1;1;1m                    [0m
[48;2;4;2;10m[38;2;23;2;126m▂▂▂▂▂▂▂▂▂▂▂▂▂▂▂▂▂▂[48;2;5;3;12m[38;2;24;2;129m▂▂[48;2;4;2;10m[38;2;23;2;126m▂▂[48;2;5;3;12m[38;2;24;2;129m▂▂[48;2;4;2;10m[38;2;23;2;126m▂▂[48;2;29;27;32m[38;2;212;210;215m▁[48;2;241;239;243m[38;2;143;141;146m▎[48;2;250;250;252m[38;2;250;250;252m    [48;2;244;244;245m[38;2;0;0;0m [48;2;235;233;236m[38;2;48;27;168m▁[48;2;234;232;236m[38;2;47;27;167m▁[48;2;244;243;245m[38;2;0;0;0m [48;2;250;250;252m[38;2;250;250;252m  [48;2;255;255;255m[38;2;245;245;247m▌[48;2;174;174;176m▊[48;2;14;11;19m[38;2;33;12;136m▂[48;2;4;2;10m[38;2;22;2;125m▂[38;2;23;2;126m▂▂▂▂▂▂▂▂▂▂▂▂▂▂▂▂▂▂[0m
[48;2;38;3;183m[38;2;38;3;183m                        [48;2;40;8;180m[38;2;0;0;0m [48;2;56;26;190m[38;2;198;186;225m▁[48;2;243;240;251m[38;2;152;148;175m▎[48;2;250;250;247m[38;2;241;242;236m│[48;2;250;250;252m[38;2;250;250;252m  [48;2;249;249;251m[38;2;249;249;251m  [48;2;234;229;237m[38;2;80;56;180m▂[48;2;52;22;183m[38;2;42;12;185m▄[48;2;87;66;187m[38;2;37;7;183m▊[48;2;252;251;245m[38;2;203;193;243m▎[48;2;250;250;252m[38;2;250;250;252m  [48;2;255;254;255m[38;2;245;244;250m▌[48;2;174;173;179m[38;2;245;244;249m▊[48;2;40;5;183m[38;2;40;5;183m  [48;2;38;3;183m[38;2;38;3;183m                  [0m
[48;2;38;3;183m[38;2;38;3;183m                      [48;2;42;8;181m[38;2;0;0;0m [48;2;58;27;190m[38;2;197;187;223m▁[48;2;45;25;158m[38;2;213;208;235m▆[48;2;235;233;238m[38;2;0;0;0m [48;2;250;250;252m[38;2;250;250;252m    [48;2;239;235;245m[38;2;84;64;180m▂[48;2;233;230;235m[38;2;58;34;181m▆[48;2;40;5;183m[38;2;40;5;183m  [48;2;34;8;172m[38;2;48;16;189m┏[48;2;218;210;236m[38;2;58;30;184m▆[48;2;248;248;250m[38;2;248;248;250m  [48;2;255;254;255m[38;2;246;245;251m▌[48;2;175;174;180m[38;2;246;245;249m▊[48;2;40;5;183m[38;2;40;5;183m  [48;2;38;3;183m[38;2;38;3;183m                  [0m
[48;2;38;3;185m[38;2;38;3;185m                    [48;2;40;6;181m[38;2;34;6;171m▄[48;2;63;32;195m[38;2;207;196;231m▁[48;2;66;43;185m[38;2;207;202;224m▆[48;2;235;233;238m[38;2;0;0;0m [48;2;250;250;252m[38;2;250;250;252m  [48;2;246;245;248m[38;2;0;0;0m [48;2;239;239;239m[38;2;77;62;182m▂[48;2;227;221;233m[38;2;58;31;183m▆[48;2;224;214;245m[38;2;36;6;181m▆[48;2;46;11;189m[38;2;35;2;178m▄[48;2;35;2;178m[38;2;46;11;189m▄[48;2;38;3;185m[38;2;38;3;185m  [48;2;35;6;173m[38;2;51;16;198m│[48;2;58;28;184m[38;2;217;207;236m▂[48;2;247;247;249m[38;2;247;247;249m  [48;2;237;236;242m[38;2;252;251;254m▊[48;2;194;193;199m[38;2;244;243;248m▊[48;2;40;5;183m[38;2;40;5;183m  [48;2;38;3;185m[38;2;38;3;185m                  [0m
[48;2;38;3;185m[38;2;38;3;185m                  [48;2;41;6;190m[38;2;35;5;180m▄[48;2;51;21;184m[38;2;178;166;207m▂[48;2;61;40;172m[38;2;211;207;230m▆[48;2;235;234;238m[38;2;0;0;0m [48;2;250;250;252m[38;2;250;250;252m  [48;2;234;231;239m[38;2;89;71;183m▂[48;2;236;235;240m[38;2;62;39;182m▂[48;2;215;204;241m[38;2;65;40;186m▆[48;2;42;13;181m[38;2;0;0;0m [48;2;38;3;185m[38;2;38;3;185m      [48;2;87;66;187m[38;2;37;7;183m▊[48;2;252;251;245m[38;2;203;193;243m▎[48;2;250;250;252m[38;2;250;250;252m  [48;2;255;254;255m[38;2;245;244;250m▌[48;2;174;173;179m[38;2;245;244;249m▊[48;2;40;5;183m[38;2;40;5;183m  [48;2;38;3;185m[38;2;38;3;185m                  [0m
[48;2;38;3;185m[38;2;38;3;185m                [48;2;36;2;188m[38;2;52;5;188m▗[48;2;43;6;176m[38;2;137;37;109m▂[48;2;93;41;147m[38;2;193;62;96m▄[48;2;190;173;206m[38;2;209;71;99m▆[48;2;238;206;210m[38;2;201;84;98m▂[48;2;230;229;238m[38;2;86;30;151m▂[48;2;223;215;239m[38;2;63;39;179m▆[48;2;214;207;225m[38;2;43;13;188m▆[48;2;36;5;179m[38;2;80;45;221m▘[48;2;30;1;173m[38;2;45;10;188m┗[48;2;38;3;185m[38;2;38;3;185m        [48;2;87;66;187m[38;2;37;7;183m▊[48;2;252;251;245m[38;2;203;193;243m▎[48;2;250;250;252m[38;2;250;250;252m  [48;2;255;254;255m[38;2;244;243;251m▌[48;2;173;172;180m[38;2;245;244;249m▊[48;2;40;5;183m[38;2;40;5;183m  [48;2;38;3;185m[38;2;38;3;185m                  [0m
[48;2;38;3;185m[38;2;38;3;185m                [48;2;51;7;189m[38;2;42;3;182m▄[48;2;65;19;153m[38;2;7;8;55m▂[48;2;176;63;106m[38;2;41;23;26m▃[48;2;192;61;91m[38;2;17;7;13m▂[48;2;223;71;99m[38;2;159;44;94m▖[48;2;139;51;81m[38;2;39;18;46m┗[48;2;31;12;65m[38;2;198;66;99m▂[48;2;48;14;156m[38;2;30;14;19m▆[48;2;35;12;139m[38;2;5;3;11m▆▆[48;2;36;13;142m[38;2;5;3;13m▆▆▆▆▆▆[48;2;35;13;138m[38;2;5;3;10m▆▆[48;2;49;24;135m[38;2;16;5;15m▆[48;2;234;201;216m[38;2;195;84;101m▆[48;2;247;246;247m[38;2;214;100;119m▃▃[48;2;230;227;231m[38;2;220;104;125m▃[48;2;179;169;184m[38;2;101;43;53m▆[48;2;35;16;83m[38;2;160;52;73m▂[48;2;46;10;159m[38;2;22;17;40m▂[48;2;38;3;185m[38;2;38;3;185m                  [0m
[48;2;38;3;185m[38;2;38;3;185m                [48;2;37;1;185m[38;2;37;3;174m▝[48;2;37;15;111m[38;2;37;2;180m▆[48;2;10;4;35m[38;2;33;5;164m▃[48;2;13;10;25m[38;2;35;4;186m▂[48;2;59;21;34m[38;2;49;12;156m▃[48;2;151;53;81m[38;2;23;8;78m▆[48;2;138;47;72m[38;2;28;8;81m▆[48;2;22;11;28m[38;2;47;15;181m▂[48;2;8;3;24m[38;2;39;10;180m▂▂▂▂▂▂▂▂[48;2;8;6;11m[38;2;30;5;149m▃▃[48;2;18;9;26m[38;2;43;13;178m▂[48;2;134;44;69m[38;2;25;7;79m▆[48;2;168;49;82m[38;2;25;10;82m▆▆[48;2;167;48;81m[38;2;24;10;81m▆▆[48;2;56;24;59m[38;2;47;2;171m▂[48;2;35;22;81m[38;2;38;10;169m▆[48;2;38;3;185m[38;2;38;3;185m                  [0m
[48;2;40;2;185m[38;2;40;2;185m                                                            [0m
[48;2;40;2;185m[38;2;40;2;185m                                                            [0m
