[48;2;1;1;1m[38;2;1;1;1m                                                            [0m
[48;2;1;1;1m[38;2;1;1;1m                                                            [0m
[48;2;1;1;1m[38;2;1;1;1m                                                            [0m
[48;2;1;1;1m[38;2;1;1;1m                                                            [0m
[48;2;1;1;1m[38;2;1;1;1m                            [48;2;1;1;3m[38;2;1;1;3m  [48;2;1;1;1m[38;2;1;1;1m                              [0m
[48;2;1;1;1m[38;2;1;1;1m                        [48;2;1;1;3m[38;2;1;1;3m    [48;2;3;1;6m[38;2;3;1;6m  [48;2;2;0;3m[38;2;2;0;3m  [48;2;1;1;1m[38;2;1;1;1m  [48;2;1;1;3m[38;2;1;1;3m  [48;2;1;1;1m[38;2;1;1;1m                        [0m
[48;2;1;1;1m[38;2;1;1;1m                        [48;2;3;1;6m[38;2;3;1;6m      [48;2;1;1;3m[38;2;1;1;3m  [48;2;3;1;4m[38;2;3;1;4m  [48;2;3;1;6m[38;2;3;1;6m  [48;2;1;1;3m[38;2;1;1;3m  [48;2;17;15;16m[38;2;0;0;0m [48;2;18;17;17m[38;2;205;203;204m▄[48;2;13;12;12m[38;2;224;222;223m▄▄[48;2;15;14;14m[38;2;190;188;189m▄[48;2;1;0;0m[38;2;5;3;4m▄[48;2;1;1;1m[38;2;1;1;1m                [0m
[48;2;1;1;1m[38;2;1;1;1m                        [48;2;1;1;3m[38;2;1;1;3m  [48;2;3;1;6m[38;2;3;1;6m  [48;2;1;1;3m[38;2;1;1;3m    [48;2;2;0;3m[38;2;2;0;3m  [48;2;3;1;4m[38;2;3;1;4m  [48;2;1;0;2m[38;2;9;7;10m│[48;2;98;96;99m[38;2;8;6;9m▊[48;2;164;162;165m[38;2;236;235;237m▇[48;2;250;249;251m[38;2;236;234;237m╺[48;2;252;250;252m[38;2;0;0;0m [48;2;248;246;249m[38;2;228;226;229m▃[48;2;245;236;235m[38;2;178;77;107m▄[48;2;194;189;186m[38;2;33;25;22m▄[48;2;2;2;2m[38;2;2;2;2m  [48;2;1;1;1m[38;2;1;1;1m              [0m
[48;2;1;1;1m[38;2;1;1;1m                    [48;2;2;2;4m[38;2;2;2;4m  [48;2;3;1;6m[38;2;3;1;6m    [48;2;1;1;3m[38;2;1;1;3m      [48;2;3;1;4m[38;2;3;1;4m  [48;2;3;1;6m[38;2;3;1;6m  [48;2;2;1;3m[38;2;11;9;12m│[48;2;100;98;101m[38;2;9;8;10m▊[48;2;255;254;255m[38;2;237;235;238m▌[48;2;253;251;253m[38;2;245;243;246m┃[48;2;234;170;186m[38;2;252;246;250m▊[48;2;159;58;64m[38;2;209;78;103m▊[48;2;22;13;12m[38;2;157;56;86m▄[48;2;11;4;3m[38;2;0;0;0m [48;2;1;1;1m[38;2;1;1;1m                [0m
[48;2;1;1;1m[38;2;1;1;1m                [48;2;2;0;3m[38;2;2;0;3m  [48;2;3;1;4m[38;2;3;1;4m  [48;2;3;1;6m[38;2;3;1;6m    [48;2;1;1;3m[38;2;1;1;3m  [48;2;1;1;1m[38;2;1;1;1m    [48;2;1;1;3m[38;2;1;1;3m  [48;2;3;1;6m[38;2;3;1;6m  [48;2;7;5;8m[38;2;0;0;0m [48;2;13;11;14m[38;2;50;48;51m▁[48;2;20;19;21m[38;2;227;225;227m▄[48;2;45;43;46m[38;2;236;234;237m▄[48;2;247;247;249m[38;2;247;247;249m  [48;2;216;173;180m[38;2;247;246;248m▊[48;2;219;71;95m[38;2;201;95;115m▎[48;2;100;28;39m[38;2;209;69;92m▊[48;2;2;6;6m[38;2;16;8;5m▎[48;2;1;1;1m[38;2;1;1;1m                [0m
[48;2;1;1;1m[38;2;1;1;1m            [48;2;1;1;3m[38;2;1;1;3m  [48;2;3;1;6m[38;2;3;1;6m          [48;2;1;1;1m[38;2;1;1;1m    [48;2;1;1;3m[38;2;1;1;3m  [48;2;3;1;6m[38;2;3;1;6m  [48;2;9;7;10m[38;2;0;0;0m [48;2;9;8;10m[38;2;89;87;90m▁[48;2;46;44;47m[38;2;231;229;231m▄[48;2;216;214;217m[38;2;239;238;240m▇[48;2;250;250;252m[38;2;250;250;252m    [48;2;238;233;235m[38;2;0;0;0m [48;2;203;197;199m[38;2;34;28;30m▄[48;2;7;2;3m[38;2;48;42;44m▁▁[48;2;1;1;1m[38;2;1;1;1m                [0m
[48;2;1;1;1m[38;2;1;1;1m            [48;2;3;1;6m[38;2;3;1;6m        [48;2;1;1;1m[38;2;1;1;1m        [48;2;2;0;3m[38;2;2;0;3m  [48;2;5;3;8m[38;2;5;3;8m  [48;2;49;47;50m[38;2;229;227;230m▄[48;2;237;235;238m[38;2;0;0;0m [48;2;250;250;252m[38;2;250;250;252m    [48;2;251;249;252m[38;2;255;253;255m▌[48;2;240;238;241m[38;2;244;242;245m▌[48;2;241;205;202m[38;2;207;92;115m▄[48;2;213;76;107m[38;2;140;52;66m▂[48;2;198;61;93m[38;2;83;32;35m▁[48;2;193;72;99m[38;2;33;17;11m▅[48;2;1;1;3m[38;2;1;1;3m  [48;2;1;1;1m[38;2;1;1;1m              [0m
[48;2;1;1;1m[38;2;1;1;1m            [48;2;1;1;3m[38;2;1;1;3m  [48;2;3;1;6m[38;2;3;1;6m    [48;2;1;1;3m[38;2;1;1;3m  [48;2;1;1;1m[38;2;1;1;1m  [48;2;1;1;3m[38;2;1;1;3m  [48;2;1;1;1m[38;2;1;1;1m    [48;2;3;1;6m[38;2;3;1;6m  [48;2;1;0;2m[38;2;14;12;15m▄[48;2;16;14;17m[38;2;127;125;128m▁[48;2;249;249;250m[38;2;206;206;208m▎[48;2;241;241;243m[38;2;253;253;254m┃[48;2;250;250;252m[38;2;250;250;252m    [48;2;249;247;249m[38;2;0;0;0m [48;2;230;228;231m[38;2;111;109;112m▁[48;2;205;203;205m[38;2;28;27;29m▅[48;2;11;9;12m[38;2;0;0;0m [48;2;1;1;3m[38;2;1;1;3m  [48;2;3;1;6m[38;2;3;1;6m  [48;2;1;1;3m[38;2;1;1;3m  [48;2;1;1;1m[38;2;1;1;1m            [0m
[48;2;1;1;1m[38;2;1;1;1m              [48;2;2;0;3m[38;2;2;0;3m  [48;2;1;1;3m[38;2;1;1;3m  [48;2;1;1;1m[38;2;1;1;1m      [48;2;2;0;3m[38;2;2;0;3m  [48;2;1;1;3m[38;2;1;1;3m  [48;2;3;1;6m[38;2;3;1;6m  [48;2;31;27;30m[38;2;7;3;6m▊[48;2;227;223;227m[38;2;150;145;149m▎[48;2;240;240;241m[38;2;118;118;120m▁[48;2;247;247;248m[38;2;0;0;0m [48;2;250;250;252m[38;2;250;250;252m    [48;2;175;171;172m[38;2;246;243;244m▊[48;2;6;3;3m[38;2;52;48;49m▎[48;2;1;1;3m[38;2;1;1;3m  [48;2;1;1;1m[38;2;1;1;1m  [48;2;1;1;3m[38;2;1;1;3m  [48;2;1;1;1m[38;2;1;1;1m              [0m
[48;2;1;1;1m[38;2;1;1;1m                [48;2;1;1;3m[38;2;1;1;3m  [48;2;1;1;1m[38;2;1;1;1m    [48;2;3;1;6m[38;2;3;1;6m      [48;2;7;5;8m[38;2;0;0;0m [48;2;13;11;14m[38;2;153;151;154m▁[48;2;28;24;25m[38;2;217;213;214m▅[48;2;20;16;17m[38;2;228;224;225m▅[48;2;36;31;34m[38;2;222;217;221m▅[48;2;211;205;209m[38;2;93;87;91m▅[48;2;247;247;249m[38;2;247;247;249m  [48;2;237;237;239m[38;2;248;248;249m▊[48;2;204;204;206m[38;2;247;247;248m▊[48;2;207;202;206m[38;2;28;24;27m▅[48;2;14;10;13m[38;2;0;0;0m [48;2;2;0;3m[38;2;2;0;3m  [48;2;1;1;1m[38;2;1;1;1m                  [0m
[48;2;1;1;1m[38;2;1;1;1m                    [48;2;0;0;0m[38;2;0;0;0m  [48;2;1;1;3m[38;2;1;1;3m  [48;2;2;0;3m[38;2;2;0;3m  [48;2;3;1;6m[38;2;3;1;6m  [48;2;16;15;17m[38;2;106;104;107m▂[48;2;240;239;241m[38;2;160;158;161m▎[48;2;250;250;252m[38;2;250;250;252m      [48;2;237;238;235m[38;2;0;0;0m [48;2;201;138;156m[38;2;49;37;36m▁[48;2;11;6;7m[38;2;47;41;43m▂[48;2;8;2;4m[38;2;0;0;0m [48;2;3;1;6m[38;2;3;1;6m  [48;2;1;1;3m[38;2;1;1;3m  [48;2;1;1;1m[38;2;1;1;1m                [0m
[48;2;1;1;1m[38;2;1;1;1m                        [48;2;1;1;3m[38;2;1;1;3m  [48;2;3;1;4m[38;2;3;1;4m  [48;2;250;248;250m[38;2;137;135;138m▎[48;2;247;245;248m[38;2;247;245;248m▄[48;2;250;250;252m[38;2;250;250;252m      [48;2;217;190;195m[38;2;244;239;237m▊[48;2;62;37;41m[38;2;155;63;90m▄[48;2;163;51;84m[38;2;18;7;8m▅[48;2;11;8;4m[38;2;0;0;0m [48;2;1;1;1m[38;2;1;1;1m                    [0m
[48;2;1;1;1m[38;2;1;1;1m                    [48;2;2;0;3m[38;2;2;0;3m  [48;2;1;1;1m[38;2;1;1;1m  [48;2;3;1;6m[38;2;3;1;6m  [48;2;3;1;4m[38;2;3;1;4m  [48;2;206;204;207m[38;2;54;52;55m▁[48;2;242;241;243m[38;2;0;0;0m [48;2;250;250;252m[38;2;250;250;252m      [48;2;242;240;243m[38;2;0;0;0m [48;2;44;42;45m[38;2;213;211;213m▅[48;2;4;2;5m[38;2;4;2;5m  [48;2;1;1;1m[38;2;1;1;1m                    [0m
[48;2;1;1;1m[38;2;1;1;1m                  [48;2;1;1;3m[38;2;1;1;3m  [48;2;2;0;3m[38;2;2;0;3m  [48;2;1;1;3m[38;2;1;1;3m  [48;2;3;1;6m[38;2;3;1;6m  [48;2;1;1;1m[38;2;1;1;1m  [48;2;23;22;24m[38;2;193;191;194m▁[48;2;243;241;244m[38;2;164;162;165m▎[48;2;250;250;252m[38;2;250;250;252m      [48;2;255;255;255m[38;2;245;245;247m▌[48;2;174;174;176m▊[48;2;4;2;5m[38;2;20;18;21m▌[48;2;7;5;8m[38;2;1;0;2m▊[48;2;1;1;3m[38;2;1;1;3m  [48;2;1;1;1m[38;2;1;1;1m                  [0m
[48;2;1;1;1m[38;2;1;1;1m                  [48;2;2;0;3m[38;2;2;0;3m    [48;2;3;1;6m[38;2;3;1;6m    [48;2;1;1;3m[38;2;1;1;3m  [48;2;249;247;250m[38;2;136;134;137m▎[48;2;246;244;247m[38;2;246;244;247m▄[48;2;250;250;252m[38;2;250;250;252m      [48;2;250;250;251m[38;2;0;0;0m [48;2;249;249;250m[38;2;211;211;213m▝[48;2;45;43;46m[38;2;222;220;223m▅[48;2;1;0;2m[38;2;6;4;7m▄[48;2;1;1;1m[38;2;1;1;1m                    [0m
[48;2;4;2;10m[38;2;23;2;126m▂▂▂▂▂▂▂▂▂▂▂▂▂▂▂▂▂▂[48;2;5;3;12m[38;2;24;2;129m▂▂[48;2;4;2;10m[38;2;23;2;126m▂▂[48;2;5;3;12m[38;2;24;2;129m▂▂[48;2;4;2;10m[38;2;23;2;126m▂▂[48;2;10;7;25m[38;2;48;23;172m▁[48;2;18;20;13m[38;2;189;185;201m▆[48;2;238;238;239m[38;2;0;0;0m [48;2;249;249;251m[38;2;233;233;235m╵[48;2;250;250;252m[38;2;250;250;252m  [48;2;227;223;234m[38;2;41;15;180m▁[48;2;205;204;201m[38;2;44;35;87m▅[48;2;250;250;251m[38;2;232;232;234m▌[48;2;250;250;252m[38;2;255;255;255m▌[38;2;250;250;252m  [48;2;178;171;188m[38;2;248;244;244m▊[48;2;18;14;18m[38;2;34;13;130m▂[48;2;4;2;10m[38;2;23;2;126m▂▂▂▂▂▂▂▂▂▂▂▂▂▂▂▂▂▂▂▂[0m
[48;2;38;3;183m[38;2;38;3;183m                        [48;2;38;3;185m[38;2;38;3;185m  [48;2;37;17;164m[38;2;202;198;222m▆[48;2;237;235;242m[38;2;0;0;0m [48;2;250;250;252m[38;2;250;250;252m  [48;2;244;244;246m[38;2;0;0;0m [48;2;243;241;245m[38;2;88;73;164m▂[48;2;41;8;183m[38;2;85;55;203m▎[48;2;67;37;185m[38;2;32;2;174m▊[48;2;255;255;255m[38;2;236;236;238m▌[48;2;252;252;253m[38;2;244;244;246m┃[48;2;250;250;252m[38;2;250;250;252m  [48;2;187;174;230m[38;2;248;244;246m▊[48;2;33;3;183m[38;2;70;45;173m▎[48;2;38;3;183m[38;2;38;3;183m                    [0m
[48;2;38;3;183m[38;2;38;3;183m                        [48;2;43;18;185m[38;2;187;181;211m▂[48;2;34;16;175m[38;2;214;208;234m▆[48;2;237;236;240m[38;2;0;0;0m [48;2;250;249;252m[38;2;232;231;236m╺[48;2;249;249;251m[38;2;249;249;251m  [48;2;223;217;235m[38;2;72;47;180m▆[48;2;44;17;168m[38;2;35;2;199m┃[48;2;39;4;184m[38;2;39;4;184m  [48;2;223;218;236m[38;2;61;36;182m▆[48;2;248;247;244m[38;2;217;210;243m▎[48;2;250;250;252m[38;2;250;250;252m  [48;2;187;177;230m[38;2;248;247;246m▊[48;2;33;5;183m[38;2;70;48;174m▎[48;2;38;3;183m[38;2;38;3;183m                    [0m
[48;2;38;3;185m[38;2;38;3;185m                      [48;2;42;16;178m[38;2;186;177;220m▂[48;2;51;27;178m[38;2;208;201;231m▆[48;2;238;237;241m[38;2;0;0;0m [48;2;255;254;255m[38;2;254;253;255m┗[48;2;250;250;252m[38;2;250;250;252m  [48;2;239;236;240m[38;2;68;47;191m▂[48;2;224;220;227m[38;2;61;36;185m▆[48;2;46;11;189m[38;2;35;2;178m▄[48;2;35;2;178m[38;2;46;11;189m▄[48;2;38;3;185m[38;2;38;3;185m  [48;2;87;66;187m[38;2;37;7;183m▊[48;2;252;251;245m[38;2;203;193;243m▎[48;2;250;250;252m[38;2;250;250;252m  [48;2;187;177;230m[38;2;248;247;246m▊[48;2;33;5;183m[38;2;70;48;174m▎[48;2;38;3;185m[38;2;38;3;185m                    [0m
[48;2;38;3;185m[38;2;38;3;185m                  [48;2;45;5;195m[38;2;23;1;166m▖[48;2;41;5;173m[38;2;144;45;117m▂[48;2;46;10;176m[38;2;185;69;108m▂[48;2;65;45;214m[38;2;204;185;202m▆[48;2;236;235;238m[38;2;0;0;0m [48;2;251;250;252m[38;2;243;242;246m┗[48;2;247;246;249m[38;2;0;0;0m [48;2;222;220;233m[38;2;72;58;174m▁[48;2;238;234;241m[38;2;49;29;176m▂[48;2;227;223;236m[38;2;54;33;182m▆[48;2;43;8;186m[38;2;56;21;199m▘[48;2;38;4;181m[38;2;25;0;168m▝[48;2;38;3;185m[38;2;38;3;185m    [48;2;87;66;187m[38;2;37;7;183m▊[48;2;252;251;245m[38;2;203;193;243m▎[48;2;250;250;252m[38;2;250;250;252m  [48;2;186;176;229m[38;2;248;246;245m▊[48;2;32;4;182m[38;2;69;47;173m▎[48;2;38;3;185m[38;2;38;3;185m                    [0m
[48;2;38;3;185m[38;2;38;3;185m                  [48;2;46;10;179m[38;2;36;7;185m┫[48;2;94;21;149m[38;2;206;78;95m▝[48;2;214;76;99m[38;2;144;60;103m▖[48;2;241;167;192m[38;2;209;70;98m▆[48;2;227;208;223m[38;2;68;31;145m▂[48;2;223;223;223m[38;2;62;45;181m▆[48;2;210;200;224m[38;2;40;10;187m▆[48;2;50;19;183m[38;2;0;0;0m [48;2;38;3;185m[38;2;38;3;185m        [48;2;89;53;174m[38;2;37;6;177m▊[48;2;232;223;231m[38;2;210;98;139m▂[48;2;249;249;250m[38;2;234;234;236m▖▗[48;2;217;208;237m[38;2;60;32;186m▂[48;2;36;11;172m[38;2;41;13;181m▄[48;2;38;3;185m[38;2;38;3;185m                    [0m
[48;2;38;3;185m[38;2;38;3;185m                [48;2;36;0;190m[38;2;36;3;167m▗[48;2;36;3;170m[38;2;36;23;66m▂[48;2;38;9;175m[38;2;7;3;28m▆[48;2;38;13;155m[38;2;7;5;11m▆[48;2;119;48;78m[38;2;11;5;11m▆[48;2;181;54;80m[38;2;43;19;15m▃[48;2;57;26;66m[38;2;146;43;65m▃[48;2;39;19;141m[38;2;24;11;23m▆[48;2;35;12;139m[38;2;5;3;11m▆▆[48;2;36;13;142m[38;2;5;3;13m▆▆▆▆▆▆[48;2;35;13;138m[38;2;5;3;10m▆▆[48;2;53;9;126m[38;2;17;10;20m▆[48;2;177;62;82m[38;2;30;14;17m▂[48;2;225;201;194m[38;2;212;71;103m▆▆[48;2;89;32;157m[38;2;195;73;88m▆[48;2;50;10;66m[38;2;194;73;99m▂[48;2;36;16;86m[38;2;161;53;76m▂[48;2;47;10;162m[38;2;23;17;43m▂[48;2;38;3;185m[38;2;38;3;185m                  [0m
[48;2;38;3;185m[38;2;38;3;185m                [48;2;37;1;185m[38;2;37;3;174m▝[48;2;37;15;111m[38;2;37;2;180m▆[48;2;10;4;35m[38;2;33;5;164m▃[48;2;13;10;25m[38;2;35;4;186m▂[48;2;8;3;24m[38;2;39;10;180m▂▂[48;2;45;20;43m[38;2;41;15;181m▂[48;2;26;13;20m[38;2;45;5;149m▃[48;2;8;3;24m[38;2;39;10;180m▂▂▂▂▂▂▂▂[48;2;8;6;11m[38;2;30;5;149m▃▃[48;2;8;3;24m[38;2;39;10;180m▂▂[48;2;167;48;81m[38;2;24;10;81m▆▆▆▆[48;2;56;24;59m[38;2;47;2;171m▂[48;2;35;22;81m[38;2;38;10;169m▆[48;2;38;3;185m[38;2;38;3;185m                  [0m
[48;2;40;2;185m[38;2;40;2;185m                                                            [0m
[48;2;40;2;185m[38;2;40;2;185m                                                            [0m
