[48;2;1;1;1m[38;2;1;1;1m                                                            [0m
[48;2;1;1;1m[38;2;1;1;1m                                                            [0m
[48;2;1;1;1m[38;2;1;1;1m                                                            [0m
[48;2;1;1;1m[38;2;1;1;1m                                                            [0m
[48;2;1;1;1m[38;2;1;1;1m                            [48;2;1;1;3m[38;2;1;1;3m  [48;2;1;1;1m[38;2;1;1;1m                              [0m
[48;2;1;1;1m[38;2;1;1;1m                        [48;2;1;1;3m[38;2;1;1;3m    [48;2;3;1;6m[38;2;3;1;6m  [48;2;2;0;3m[38;2;2;0;3m  [48;2;1;1;1m[38;2;1;1;1m  [48;2;1;1;3m[38;2;1;1;3m  [48;2;1;1;1m[38;2;1;1;1m                        [0m
[48;2;1;1;1m[38;2;1;1;1m                        [48;2;3;1;6m[38;2;3;1;6m      [48;2;1;1;3m[38;2;1;1;3m  [48;2;3;1;4m[38;2;3;1;4m  [48;2;3;1;6m[38;2;3;1;6m  [48;2;1;1;3m[38;2;1;1;3m  [48;2;17;15;16m[38;2;0;0;0m [48;2;18;17;17m[38;2;205;203;204m▄[48;2;13;12;12m[38;2;224;222;223m▄▄[48;2;15;14;14m[38;2;190;188;189m▄[48;2;1;0;0m[38;2;5;3;4m▄[48;2;1;1;1m[38;2;1;1;1m                [0m
[48;2;1;1;1m[38;2;1;1;1m                        [48;2;1;1;3m[38;2;1;1;3m  [48;2;3;1;6m[38;2;3;1;6m  [48;2;1;1;3m[38;2;1;1;3m    [48;2;2;0;3m[38;2;2;0;3m  [48;2;3;1;4m[38;2;3;1;4m  [48;2;1;0;2m[38;2;9;7;10m│[48;2;98;96;99m[38;2;8;6;9m▊[48;2;164;162;165m[38;2;236;235;237m▇[48;2;250;249;251m[38;2;236;234;237m╺[48;2;252;250;252m[38;2;0;0;0m [48;2;248;246;249m[38;2;228;226;229m▃[48;2;245;236;235m[38;2;178;77;107m▄[48;2;194;189;186m[38;2;33;25;22m▄[48;2;2;2;2m[38;2;2;2;2m  [48;2;1;1;1m[38;2;1;1;1m              [0m
[48;2;1;1;1m[38;2;1;1;1m                    [48;2;2;2;4m[38;2;2;2;4m  [48;2;3;1;6m[38;2;3;1;6m    [48;2;1;1;3m[38;2;1;1;3m      [48;2;3;1;4m[38;2;3;1;4m  [48;2;3;1;6m[38;2;3;1;6m  [48;2;5;3;6m[38;2;43;41;44m▁[48;2;103;101;104m[38;2;13;12;14m▊[48;2;255;254;255m[38;2;237;235;238m▌[48;2;253;251;253m[38;2;245;243;246m┃[48;2;234;170;186m[38;2;252;246;250m▊[48;2;159;58;64m[38;2;209;78;103m▊[48;2;22;13;12m[38;2;157;56;86m▄[48;2;11;4;3m[38;2;0;0;0m [48;2;1;1;1m[38;2;1;1;1m                [0m
[48;2;1;1;1m[38;2;1;1;1m                [48;2;2;0;3m[38;2;2;0;3m  [48;2;3;1;4m[38;2;3;1;4m  [48;2;3;1;6m[38;2;3;1;6m    [48;2;1;1;3m[38;2;1;1;3m  [48;2;1;1;1m[38;2;1;1;1m    [48;2;1;1;3m[38;2;1;1;3m  [48;2;3;1;6m[38;2;3;1;6m  [48;2;18;13;17m[38;2;70;65;69m▁[48;2;38;33;37m[38;2;227;222;226m▄[48;2;189;187;190m[38;2;249;247;249m▇▇[48;2;249;249;251m[38;2;249;249;251m  [48;2;216;173;180m[38;2;247;246;248m▊[48;2;219;71;95m[38;2;201;95;115m▎[48;2;100;28;39m[38;2;209;69;92m▊[48;2;2;6;6m[38;2;16;8;5m▎[48;2;1;1;1m[38;2;1;1;1m                [0m
[48;2;1;1;1m[38;2;1;1;1m            [48;2;1;1;3m[38;2;1;1;3m  [48;2;3;1;6m[38;2;3;1;6m          [48;2;1;1;1m[38;2;1;1;1m    [48;2;1;1;3m[38;2;1;1;3m  [48;2;3;1;4m[38;2;3;1;4m  [48;2;16;11;15m[38;2;83;78;82m▁[48;2;39;34;38m[38;2;225;221;224m▄[48;2;228;228;230m[38;2;249;249;251m▄[48;2;250;250;252m[38;2;0;0;0m [38;2;250;250;252m    [48;2;245;241;245m[38;2;0;0;0m [48;2;226;222;225m[38;2;160;155;159m▁[48;2;23;13;15m[38;2;198;63;85m▄▄[48;2;15;9;7m[38;2;164;58;88m▄[48;2;8;5;1m[38;2;46;21;24m▖[48;2;1;1;1m[38;2;1;1;1m              [0m
[48;2;1;1;1m[38;2;1;1;1m            [48;2;3;1;6m[38;2;3;1;6m        [48;2;1;1;1m[38;2;1;1;1m        [48;2;2;0;3m[38;2;2;0;3m  [48;2;1;0;4m[38;2;3;1;6m▄[48;2;16;15;19m[38;2;108;106;111m▁[48;2;245;245;247m[38;2;187;187;189m▎[48;2;255;255;255m[38;2;251;251;253m▄[48;2;250;250;252m[38;2;250;250;252m    [48;2;247;245;247m[38;2;229;227;230m╴[48;2;235;233;236m[38;2;154;152;155m▁[48;2;211;206;210m[38;2;38;32;36m▅[48;2;21;15;19m[38;2;0;0;0m [48;2;147;49;80m[38;2;16;8;8m▄[48;2;11;5;5m[38;2;0;0;0m [48;2;18;7;6m [48;2;49;24;28m[38;2;186;64;101m▘[48;2;1;1;1m[38;2;1;1;1m              [0m
[48;2;1;1;1m[38;2;1;1;1m            [48;2;1;1;3m[38;2;1;1;3m  [48;2;3;1;6m[38;2;3;1;6m    [48;2;1;1;3m[38;2;1;1;3m  [48;2;1;1;1m[38;2;1;1;1m  [48;2;1;1;3m[38;2;1;1;3m  [48;2;1;1;1m[38;2;1;1;1m    [48;2;3;1;6m[38;2;3;1;6m  [48;2;32;28;31m[38;2;8;3;7m▊[48;2;228;224;227m[38;2;151;146;150m▎[48;2;244;244;245m[38;2;135;135;137m▁[48;2;245;245;246m[38;2;0;0;0m [48;2;250;250;252m[38;2;250;250;252m  [48;2;249;249;251m[38;2;249;249;251m  [48;2;223;219;223m[38;2;124;119;123m▁[48;2;7;2;6m[38;2;3;0;2m│[48;2;1;1;3m[38;2;1;1;3m    [48;2;3;1;6m[38;2;3;1;6m  [48;2;1;1;3m[38;2;1;1;3m  [48;2;1;1;1m[38;2;1;1;1m            [0m
[48;2;1;1;1m[38;2;1;1;1m              [48;2;2;0;3m[38;2;2;0;3m  [48;2;1;1;3m[38;2;1;1;3m  [48;2;1;1;1m[38;2;1;1;1m      [48;2;2;0;3m[38;2;2;0;3m  [48;2;1;1;3m[38;2;1;1;3m  [48;2;1;0;2m[38;2;21;19;22m [48;2;13;11;14m[38;2;124;122;125m▁[48;2;20;18;21m[38;2;211;209;212m▅[48;2;13;11;14m[38;2;224;222;225m▅[48;2;31;26;30m[38;2;222;218;221m▅[48;2;223;219;222m[38;2;81;76;80m▅[48;2;239;237;240m[38;2;127;125;128m▁[48;2;245;244;246m[38;2;0;0;0m [48;2;247;245;247m [48;2;205;203;206m [48;2;9;7;10m[38;2;14;12;15m▌[48;2;1;0;2m[38;2;4;2;5m▎[48;2;1;1;3m[38;2;1;1;3m  [48;2;1;1;1m[38;2;1;1;1m  [48;2;1;1;3m[38;2;1;1;3m  [48;2;1;1;1m[38;2;1;1;1m              [0m
[48;2;1;1;1m[38;2;1;1;1m                [48;2;1;1;3m[38;2;1;1;3m  [48;2;1;1;1m[38;2;1;1;1m    [48;2;3;1;6m[38;2;3;1;6m      [48;2;21;20;22m[38;2;137;135;138m▁[48;2;240;238;241m[38;2;149;147;150m▎[48;2;250;250;252m[38;2;250;250;252m  [48;2;250;250;251m[38;2;240;240;242m▃[48;2;241;241;243m[38;2;251;251;252m▄[48;2;57;55;58m[38;2;230;228;230m▅[48;2;240;238;241m[38;2;0;0;0m [48;2;175;173;176m[38;2;246;245;247m▊[48;2;6;4;7m[38;2;52;50;53m▎[48;2;3;1;6m[38;2;3;1;6m  [48;2;2;0;3m[38;2;2;0;3m  [48;2;1;1;1m[38;2;1;1;1m                  [0m
[48;2;1;1;1m[38;2;1;1;1m                    [48;2;0;0;0m[38;2;0;0;0m  [48;2;1;1;3m[38;2;1;1;3m  [48;2;2;0;3m[38;2;2;0;3m  [48;2;3;1;6m[38;2;3;1;6m  [48;2;245;243;245m[38;2;142;140;143m▎[48;2;252;250;252m[38;2;236;234;237m│[48;2;250;250;252m[38;2;250;250;252m    [48;2;251;249;252m[38;2;255;253;255m▌[48;2;240;238;241m[38;2;244;242;245m▌[48;2;224;198;203m[38;2;194;78;112m▅[48;2;15;13;9m[38;2;0;0;0m [48;2;2;0;3m[38;2;2;0;3m  [48;2;3;1;6m[38;2;3;1;6m  [48;2;1;1;3m[38;2;1;1;3m  [48;2;1;1;1m[38;2;1;1;1m                [0m
[48;2;1;1;1m[38;2;1;1;1m                        [48;2;1;1;3m[38;2;1;1;3m  [48;2;3;1;4m[38;2;3;1;4m  [48;2;211;209;211m[38;2;128;126;129m▎[48;2;244;242;244m[38;2;0;0;0m [48;2;250;250;252m[38;2;250;250;252m    [48;2;252;250;253m[38;2;244;242;245m┃[48;2;236;234;237m[38;2;255;254;255m▌[48;2;194;67;90m[38;2;104;39;41m▂[48;2;7;6;10m[38;2;41;9;16m▎[48;2;1;1;3m[38;2;1;1;3m  [48;2;1;1;1m[38;2;1;1;1m                    [0m
[48;2;1;1;1m[38;2;1;1;1m                    [48;2;2;0;3m[38;2;2;0;3m  [48;2;1;1;1m[38;2;1;1;1m  [48;2;3;1;6m[38;2;3;1;6m  [48;2;2;0;3m[38;2;2;0;3m  [48;2;1;0;4m[38;2;23;21;26m▄[48;2;245;243;248m[38;2;146;144;149m▎[48;2;250;250;252m[38;2;250;250;252m    [48;2;251;251;253m[38;2;255;255;255m┃[48;2;196;196;198m[38;2;246;246;247m▊[48;2;24;22;25m[38;2;160;158;161m▁[48;2;8;7;9m[38;2;0;0;0m [48;2;1;1;3m[38;2;1;1;3m  [48;2;1;1;1m[38;2;1;1;1m                    [0m
[48;2;1;1;1m[38;2;1;1;1m                  [48;2;1;1;3m[38;2;1;1;3m  [48;2;2;0;3m[38;2;2;0;3m  [48;2;1;1;3m[38;2;1;1;3m  [48;2;3;1;6m[38;2;3;1;6m  [48;2;1;1;1m[38;2;1;1;1m  [48;2;42;40;43m[38;2;208;206;208m▅[48;2;238;237;239m[38;2;0;0;0m [48;2;250;250;252m[38;2;250;250;252m      [48;2;177;172;176m[38;2;248;244;247m▊[48;2;8;3;7m[38;2;54;49;53m▎[48;2;1;1;3m[38;2;1;1;3m    [48;2;1;1;1m[38;2;1;1;1m                  [0m
[48;2;1;1;1m[38;2;1;1;1m                  [48;2;2;0;3m[38;2;2;0;3m    [48;2;3;1;6m[38;2;3;1;6m    [48;2;10;8;11m[38;2;1;0;2m▆[48;2;20;18;21m[38;2;194;192;195m▁[48;2;245;243;245m[38;2;154;152;155m▎[48;2;251;249;252m[38;2;236;234;237m╷[48;2;250;250;252m[38;2;250;250;252m      [48;2;188;183;187m[38;2;247;242;246m▊[48;2;5;1;4m[38;2;64;59;63m▎[48;2;2;0;3m[38;2;2;0;3m  [48;2;1;1;1m[38;2;1;1;1m                    [0m
[48;2;4;2;10m[38;2;23;2;126m▂▂▂▂▂▂▂▂▂▂▂▂▂▂▂▂▂▂[48;2;5;3;12m[38;2;24;2;129m▂▂[48;2;4;2;10m[38;2;23;2;126m▂▂[48;2;5;3;12m[38;2;24;2;129m▂▂[48;2;4;2;10m[38;2;23;2;126m▂▂[48;2;13;11;14m[38;2;162;160;163m▂[48;2;241;239;242m[38;2;155;153;156m▎[48;2;250;250;252m[38;2;250;250;252m    [48;2;236;233;243m[38;2;63;43;167m▁[48;2;242;241;242m[38;2;0;0;0m [48;2;250;250;252m[38;2;250;250;252m  [48;2;191;184;200m[38;2;250;245;245m▊[48;2;22;18;22m[38;2;22;12;117m▂[48;2;5;3;12m[38;2;24;2;129m▂▂[48;2;4;2;10m[38;2;23;2;126m▂▂▂▂▂▂▂▂▂▂▂▂▂▂▂▂▂▂▂▂[0m
[48;2;38;3;183m[38;2;38;3;183m                        [48;2;40;6;180m[38;2;0;0;0m [48;2;56;25;190m[38;2;196;185;223m▁[48;2;243;240;251m[38;2;152;148;175m▎[48;2;250;250;247m[38;2;241;242;236m│[48;2;250;250;252m[38;2;250;250;252m  [48;2;239;235;243m[38;2;98;78;190m▂[48;2;237;235;236m[38;2;60;38;179m▆[48;2;36;12;163m[38;2;41;11;194m▌[48;2;247;245;246m[38;2;213;202;255m▎[48;2;250;250;252m[38;2;250;250;252m  [48;2;240;239;243m[38;2;0;0;0m [48;2;40;22;163m[38;2;215;212;231m▆[48;2;40;5;185m[38;2;40;5;185m  [48;2;38;3;183m[38;2;38;3;183m                    [0m
[48;2;38;3;183m[38;2;38;3;183m                      [48;2;38;4;180m[38;2;41;8;180m▄[48;2;56;25;190m[38;2;191;180;219m▁[48;2;42;29;155m[38;2;214;209;236m▆[48;2;237;235;240m[38;2;0;0;0m [48;2;250;250;252m[38;2;250;250;252m  [48;2;238;235;242m[38;2;89;69;184m▂[48;2;233;230;235m[38;2;61;37;182m▆[48;2;46;11;189m[38;2;35;2;178m▄[48;2;35;2;178m[38;2;46;11;189m▄[48;2;39;12;175m[38;2;48;15;206m│[48;2;251;249;250m[38;2;175;164;222m▎[48;2;250;250;252m[38;2;250;250;252m  [48;2;255;254;255m[38;2;246;245;250m▌[48;2;175;174;179m[38;2;246;245;249m▊[48;2;41;6;184m[38;2;41;6;184m  [48;2;38;3;183m[38;2;38;3;183m                    [0m
[48;2;38;3;185m[38;2;38;3;185m                    [48;2;36;2;188m[38;2;52;5;188m▗[48;2;43;6;176m[38;2;137;37;109m▂[48;2;78;32;156m[38;2;190;68;105m▅[48;2;191;169;210m[38;2;215;75;102m▆[48;2;238;211;217m[38;2;204;90;124m▂[48;2;241;239;237m[38;2;0;0;0m [48;2;238;234;243m[38;2;88;69;186m▂[48;2;222;218;225m[38;2;53;31;177m▆[48;2;43;8;186m[38;2;56;21;199m▘[48;2;38;4;181m[38;2;25;0;168m▝[48;2;38;3;185m[38;2;38;3;185m  [48;2;44;16;177m[38;2;45;10;208m┓[48;2;225;218;236m[38;2;59;38;160m▂[48;2;249;249;251m[38;2;249;249;251m  [48;2;255;254;255m[38;2;246;245;250m▌[48;2;175;174;179m[38;2;246;245;249m▊[48;2;41;6;184m[38;2;41;6;184m  [48;2;38;3;185m[38;2;38;3;185m                    [0m
[48;2;38;3;185m[38;2;38;3;185m                    [48;2;45;10;179m[38;2;23;1;178m▘[48;2;144;44;127m[38;2;41;5;184m▆[48;2;189;75;104m[38;2;85;19;149m▃[48;2;204;68;104m[38;2;0;0;0m [48;2;181;78;113m[38;2;72;15;145m▆[48;2;206;185;199m[38;2;42;16;179m▆[48;2;37;4;180m[38;2;76;41;219m▘[48;2;33;1;176m[38;2;46;11;189m▝[48;2;38;3;185m[38;2;38;3;185m    [48;2;41;6;184m[38;2;41;6;184m  [48;2;255;255;255m[38;2;236;236;238m▌[48;2;252;252;253m[38;2;244;244;246m┃[48;2;255;254;255m[38;2;246;245;250m▌[48;2;175;174;179m[38;2;246;245;249m▊[48;2;41;6;186m[38;2;41;6;186m  [48;2;38;3;185m[38;2;38;3;185m                    [0m
[48;2;38;3;185m[38;2;38;3;185m                      [48;2;43;3;182m[38;2;0;0;0m [48;2;105;54;110m[38;2;38;8;193m▆[48;2;77;28;146m[38;2;166;63;110m━[48;2;47;10;178m[38;2;46;6;179m▄[48;2;38;3;185m[38;2;38;3;185m      [48;2;40;5;183m[38;2;40;5;183m  [48;2;237;227;226m[38;2;201;84;119m▂[48;2;241;231;231m[38;2;207;90;125m▂[48;2;195;186;228m[38;2;246;243;247m▊[48;2;194;187;214m[38;2;46;22;174m▆[48;2;39;4;184m[38;2;39;4;184m  [48;2;38;3;185m[38;2;38;3;185m                    [0m
[48;2;38;3;185m[38;2;38;3;185m                    [48;2;34;3;166m[38;2;23;11;62m▂[48;2;27;2;131m[38;2;16;8;31m▅[48;2;36;13;140m[38;2;5;3;12m▆▆[48;2;35;12;139m[38;2;5;3;11m▆▆[48;2;36;13;142m[38;2;5;3;13m▆▆▆▆▆▆[48;2;36;14;139m[38;2;5;3;10m▆▆[48;2;204;64;95m[38;2;42;17;12m▃[48;2;215;75;107m[38;2;51;28;20m▃[48;2;219;194;207m[38;2;206;67;95m▆[48;2;78;37;149m[38;2;207;69;96m▆[48;2;37;15;67m[38;2;198;60;91m▂▂[48;2;34;6;148m[38;2;14;7;27m▆[48;2;35;7;159m[38;2;15;6;37m▂[48;2;38;3;185m[38;2;38;3;185m                  [0m
[48;2;38;3;185m[38;2;38;3;185m                    [48;2;33;17;91m[38;2;34;3;176m▆[48;2;18;7;50m[38;2;38;5;188m▂[48;2;8;6;11m[38;2;30;5;149m▃▃[48;2;8;3;24m[38;2;39;10;180m▂▂▂▂▂▂▂▂[48;2;8;6;11m[38;2;30;5;149m▃▃[48;2;8;3;24m[38;2;39;10;180m▂▂[48;2;167;48;81m[38;2;24;10;81m▆▆[48;2;147;46;75m[38;2;27;9;82m▆▆[48;2;17;7;43m[38;2;37;8;164m▂[48;2;32;21;67m[38;2;33;3;169m▆[48;2;38;3;185m[38;2;38;3;185m                  [0m
[48;2;40;2;185m[38;2;40;2;185m                                                            [0m
[48;2;40;2;185m[38;2;40;2;185m                                                            [0m
