[48;2;1;1;1m[38;2;1;1;1m                                                            [0m
[48;2;1;1;1m[38;2;1;1;1m                                                            [0m
[48;2;1;1;1m[38;2;1;1;1m                                                            [0m
[48;2;1;1;1m[38;2;1;1;1m                                                            [0m
[48;2;1;1;1m[38;2;1;1;1m                            [48;2;1;1;3m[38;2;1;1;3m  [48;2;1;1;1m[38;2;1;1;1m                              [0m
[48;2;1;1;1m[38;2;1;1;1m                        [48;2;1;1;3m[38;2;1;1;3m    [48;2;3;1;6m[38;2;3;1;6m  [48;2;2;0;3m[38;2;2;0;3m  [48;2;1;1;1m[38;2;1;1;1m  [48;2;1;1;3m[38;2;1;1;3m  [48;2;1;1;1m[38;2;1;1;1m                        [0m
[48;2;1;1;1m[38;2;1;1;1m                        [48;2;3;1;6m[38;2;3;1;6m      [48;2;1;1;3m[38;2;1;1;3m  [48;2;3;1;4m[38;2;3;1;4m  [48;2;3;1;6m[38;2;3;1;6m  [48;2;11;9;12m[38;2;4;2;5m▚[48;2;7;5;8m[38;2;1;0;2m▌[48;2;12;10;11m[38;2;221;219;220m▄▄[48;2;13;11;12m[38;2;218;216;217m▄[48;2;12;11;11m[38;2;205;203;204m▄[48;2;3;3;3m[38;2;3;3;3m  [48;2;1;1;1m[38;2;1;1;1m                [0m
[48;2;1;1;1m[38;2;1;1;1m                        [48;2;1;1;3m[38;2;1;1;3m  [48;2;3;1;6m[38;2;3;1;6m  [48;2;1;1;3m[38;2;1;1;3m    [48;2;2;0;3m[38;2;2;0;3m  [48;2;3;1;4m[38;2;3;1;4m  [48;2;63;61;64m[38;2;10;9;11m▊[48;2;235;233;236m[38;2;184;182;185m▎[48;2;250;250;252m[38;2;250;250;252m  [48;2;235;234;232m[38;2;0;0;0m [48;2;247;234;236m[38;2;188;87;116m▄[48;2;180;178;181m[38;2;26;25;27m▄[48;2;10;8;11m[38;2;0;0;0m [48;2;1;1;1m[38;2;1;1;1m                [0m
[48;2;1;1;1m[38;2;1;1;1m                    [48;2;2;2;4m[38;2;2;2;4m  [48;2;3;1;6m[38;2;3;1;6m    [48;2;1;1;3m[38;2;1;1;3m      [48;2;3;1;4m[38;2;3;1;4m  [48;2;4;2;5m[38;2;21;19;22m▂[48;2;10;8;11m[38;2;47;45;48m▂[48;2;42;40;43m[38;2;222;220;223m▄[48;2;240;238;241m[38;2;0;0;0m [48;2;253;251;253m[38;2;246;244;247m▃[48;2;244;242;245m[38;2;231;229;232m▝[48;2;178;77;107m[38;2;244;236;236m▄[48;2;37;27;26m[38;2;225;222;219m▄[48;2;19;17;20m[38;2;192;190;193m▄[48;2;2;0;3m[38;2;1;0;2m┃[48;2;1;1;1m[38;2;1;1;1m                [0m
[48;2;1;1;1m[38;2;1;1;1m                [48;2;2;0;3m[38;2;2;0;3m  [48;2;3;1;4m[38;2;3;1;4m  [48;2;3;1;6m[38;2;3;1;6m    [48;2;1;1;3m[38;2;1;1;3m  [48;2;1;1;1m[38;2;1;1;1m    [48;2;1;1;3m[38;2;1;1;3m  [48;2;13;9;12m[38;2;79;74;78m▁[48;2;35;30;34m[38;2;222;217;221m▄[48;2;183;181;184m[38;2;243;241;244m▇[48;2;210;208;211m[38;2;250;249;251m▇[48;2;250;250;252m[38;2;250;250;252m  [48;2;249;249;251m[38;2;249;249;251m  [48;2;248;248;250m[38;2;248;248;250m  [48;2;232;228;231m[38;2;0;0;0m [48;2;28;23;27m[38;2;207;203;206m▄[48;2;2;2;2m[38;2;2;2;2m  [48;2;1;1;1m[38;2;1;1;1m              [0m
[48;2;1;1;1m[38;2;1;1;1m            [48;2;1;1;3m[38;2;1;1;3m  [48;2;3;1;6m[38;2;3;1;6m          [48;2;1;1;1m[38;2;1;1;1m    [48;2;1;1;3m[38;2;1;1;3m  [48;2;12;10;13m[38;2;0;0;0m [48;2;33;31;34m[38;2;208;206;209m▄[48;2;245;245;247m[38;2;217;217;219m▘[48;2;244;244;246m[38;2;251;251;253m▊[48;2;250;250;252m[38;2;250;250;252m    [48;2;255;253;255m[38;2;241;236;240m▄[48;2;227;223;226m[38;2;156;151;155m▁[48;2;193;90;120m[38;2;25;13;12m▄[48;2;228;217;217m[38;2;37;31;29m▄[48;2;242;239;240m[38;2;161;157;158m▁[48;2;150;146;147m[38;2;237;234;235m▊[48;2;3;3;5m[38;2;3;3;5m  [48;2;1;1;1m[38;2;1;1;1m              [0m
[48;2;1;1;1m[38;2;1;1;1m            [48;2;3;1;6m[38;2;3;1;6m        [48;2;1;1;1m[38;2;1;1;1m        [48;2;3;1;4m[38;2;3;1;4m  [48;2;22;21;23m[38;2;197;195;197m▅[48;2;237;235;237m[38;2;0;0;0m [48;2;250;250;252m[38;2;250;250;252m    [48;2;249;249;251m[38;2;249;249;251m  [48;2;224;220;224m[38;2;134;129;133m▁[48;2;7;3;6m[38;2;45;40;44m▎[48;2;9;4;8m[38;2;3;0;2m▅[48;2;10;5;9m[38;2;23;18;22m▗[48;2;62;20;18m[38;2;203;68;96m▄[48;2;124;41;51m[38;2;212;74;102m▊[48;2;2;2;4m[38;2;2;2;4m  [48;2;1;1;1m[38;2;1;1;1m              [0m
[48;2;1;1;1m[38;2;1;1;1m            [48;2;1;1;3m[38;2;1;1;3m  [48;2;3;1;6m[38;2;3;1;6m    [48;2;1;1;3m[38;2;1;1;3m  [48;2;1;1;1m[38;2;1;1;1m  [48;2;1;1;3m[38;2;1;1;3m  [48;2;1;1;1m[38;2;1;1;1m    [48;2;9;5;8m[38;2;130;125;129m▁[48;2;17;12;16m[38;2;141;136;140m▁[48;2;223;221;224m[38;2;100;98;101m▁[48;2;244;242;245m[38;2;122;120;123m▁[48;2;249;249;251m[38;2;249;249;251m    [48;2;237;233;236m[38;2;107;102;106m▁[48;2;215;210;214m[38;2;36;32;35m▅[48;2;5;3;6m[38;2;5;3;6m  [48;2;6;1;5m[38;2;14;9;13m▂[48;2;13;8;12m[38;2;4;0;3m▅[48;2;198;67;90m[38;2;21;9;12m▅[48;2;186;55;77m[38;2;26;12;17m▅[48;2;3;1;6m[38;2;3;1;6m  [48;2;1;1;3m[38;2;1;1;3m  [48;2;1;1;1m[38;2;1;1;1m            [0m
[48;2;1;1;1m[38;2;1;1;1m              [48;2;2;0;3m[38;2;2;0;3m  [48;2;1;1;3m[38;2;1;1;3m  [48;2;1;1;1m[38;2;1;1;1m      [48;2;2;0;3m[38;2;2;0;3m  [48;2;1;0;2m[38;2;11;9;12m▄[48;2;76;74;77m[38;2;210;208;210m┏[48;2;236;234;236m[38;2;0;0;0m [48;2;245;243;246m [48;2;37;32;36m[38;2;228;224;228m▅[48;2;29;24;28m[38;2;222;218;222m▅[48;2;222;217;221m[38;2;85;80;84m▅[48;2;234;230;233m[38;2;101;96;100m▁[48;2;207;205;207m[38;2;243;241;243m▊[48;2;215;213;216m[38;2;38;36;39m▅[48;2;3;3;3m[38;2;3;3;3m  [48;2;1;1;3m[38;2;1;1;3m    [48;2;1;1;1m[38;2;1;1;1m  [48;2;1;1;3m[38;2;1;1;3m  [48;2;1;1;1m[38;2;1;1;1m              [0m
[48;2;1;1;1m[38;2;1;1;1m                [48;2;1;1;3m[38;2;1;1;3m  [48;2;1;1;1m[38;2;1;1;1m    [48;2;3;1;6m[38;2;3;1;6m    [48;2;22;20;25m[38;2;1;0;4m▊[48;2;242;241;244m[38;2;120;118;123m▎[48;2;250;250;252m[38;2;250;250;252m    [48;2;242;240;242m[38;2;0;0;0m [48;2;54;52;55m[38;2;232;230;233m▅[48;2;184;179;183m[38;2;244;240;243m▊[48;2;28;23;27m[38;2;153;148;152m▁[48;2;2;2;4m[38;2;2;2;4m  [48;2;3;1;6m[38;2;3;1;6m  [48;2;2;0;3m[38;2;2;0;3m  [48;2;1;1;1m[38;2;1;1;1m                  [0m
[48;2;1;1;1m[38;2;1;1;1m                    [48;2;0;0;0m[38;2;0;0;0m  [48;2;1;1;3m[38;2;1;1;3m  [48;2;2;0;3m[38;2;2;0;3m  [48;2;3;0;2m[38;2;5;0;4m▄[48;2;212;208;211m[38;2;108;103;107m▎[48;2;251;251;252m[38;2;241;241;243m▃[48;2;241;241;243m[38;2;251;251;252m▅[48;2;250;250;252m[38;2;250;250;252m    [48;2;253;253;254m[38;2;246;246;248m▃[48;2;244;244;246m[38;2;231;231;233m▝[48;2;47;42;46m[38;2;210;206;210m▅[48;2;9;5;8m[38;2;31;26;30m▎[48;2;2;0;3m[38;2;2;0;3m  [48;2;3;1;6m[38;2;3;1;6m  [48;2;1;1;3m[38;2;1;1;3m  [48;2;1;1;1m[38;2;1;1;1m                [0m
[48;2;1;1;1m[38;2;1;1;1m                        [48;2;1;1;3m[38;2;1;1;3m  [48;2;3;1;4m[38;2;3;1;4m  [48;2;245;244;246m[38;2;143;141;144m▎[48;2;252;251;253m[38;2;237;235;238m│[48;2;250;250;252m[38;2;250;250;252m      [48;2;240;239;241m[38;2;0;0;0m [48;2;43;41;44m[38;2;208;207;209m▅[48;2;5;3;6m[38;2;5;3;6m  [48;2;1;1;1m[38;2;1;1;1m                    [0m
[48;2;1;1;1m[38;2;1;1;1m                    [48;2;2;0;3m[38;2;2;0;3m  [48;2;1;1;1m[38;2;1;1;1m  [48;2;3;1;6m[38;2;3;1;6m  [48;2;2;0;3m[38;2;2;0;3m  [48;2;190;188;191m[38;2;25;23;26m▅[48;2;244;242;244m[38;2;185;184;186m▎[48;2;250;250;252m[38;2;250;250;252m      [48;2;250;250;251m[38;2;0;0;0m [48;2;249;249;250m[38;2;211;211;213m▝[48;2;39;34;38m[38;2;212;208;211m▅[48;2;3;0;2m[38;2;59;54;58m▎[48;2;1;1;1m[38;2;1;1;1m                    [0m
[48;2;1;1;1m[38;2;1;1;1m                  [48;2;1;1;3m[38;2;1;1;3m  [48;2;2;0;3m[38;2;2;0;3m  [48;2;1;1;3m[38;2;1;1;3m  [48;2;3;1;6m[38;2;3;1;6m  [48;2;1;1;1m[38;2;1;1;1m  [48;2;42;40;43m[38;2;208;206;208m▅[48;2;238;237;239m[38;2;0;0;0m [48;2;250;250;252m[38;2;250;250;252m      [48;2;248;248;250m[38;2;248;248;250m  [48;2;210;206;209m[38;2;31;26;30m▁[48;2;10;6;9m[38;2;46;41;45m▎[48;2;1;1;3m[38;2;1;1;3m  [48;2;1;1;1m[38;2;1;1;1m                  [0m
[48;2;1;1;1m[38;2;1;1;1m                  [48;2;2;0;3m[38;2;2;0;3m    [48;2;3;1;6m[38;2;3;1;6m  [48;2;10;3;11m[38;2;12;2;12m▄[48;2;75;28;31m[38;2;195;66;92m┏[48;2;39;31;31m[38;2;222;178;191m▅[48;2;54;42;44m[38;2;236;233;233m▅[48;2;238;238;239m[38;2;0;0;0m [48;2;249;249;251m[38;2;233;233;235m╵[48;2;250;250;252m[38;2;250;250;252m    [48;2;244;243;245m[38;2;0;0;0m [48;2;230;228;231m[38;2;43;41;44m▁[48;2;222;217;221m[38;2;14;10;13m▁[48;2;192;187;191m[38;2;25;21;24m▅[48;2;3;1;4m[38;2;3;1;4m  [48;2;1;1;1m[38;2;1;1;1m                    [0m
[48;2;4;2;10m[38;2;23;2;126m▂▂▂▂▂▂▂▂▂▂▂▂▂▂▂▂▂▂[48;2;5;3;12m[38;2;24;2;129m▂▂[48;2;4;2;10m[38;2;23;2;126m▂▂[48;2;5;3;12m[38;2;24;2;129m▂▂[48;2;8;6;5m[38;2;40;1;137m▂[48;2;163;57;88m[38;2;50;26;161m▂[48;2;215;71;109m[38;2;0;0;0m [48;2;219;203;210m[38;2;73;44;137m▁[48;2;233;231;235m[38;2;42;28;164m▁[48;2;243;242;245m[38;2;0;0;0m [48;2;250;250;252m[38;2;250;250;252m  [48;2;253;253;254m[38;2;245;245;247m┃[48;2;237;237;239m[38;2;255;255;255m▌[48;2;193;188;196m[38;2;29;16;72m▅[48;2;16;10;30m[38;2;48;20;173m▁[48;2;4;2;11m[38;2;23;1;128m▂▂[48;2;5;3;12m[38;2;24;2;129m▂▂[48;2;4;2;10m[38;2;23;2;126m▂▂▂▂▂▂▂▂▂▂▂▂▂▂▂▂▂▂▂▂[0m
[48;2;38;3;183m[38;2;38;3;183m                        [48;2;38;3;185m[38;2;38;3;185m  [48;2;180;65;97m[38;2;68;14;158m▂[48;2;56;19;169m[38;2;168;70;107m▂[48;2;71;46;173m[38;2;34;4;182m▊[48;2;249;246;245m[38;2;188;175;229m▎[48;2;250;250;252m[38;2;250;250;252m  [48;2;243;242;245m[38;2;0;0;0m [48;2;233;231;236m[38;2;89;71;181m▂[48;2;29;0;170m[38;2;60;26;201m▌[48;2;35;1;176m[38;2;43;9;184m┃[48;2;38;3;183m[38;2;38;3;183m                        [0m
[48;2;38;3;183m[38;2;38;3;183m                          [48;2;39;4;187m[38;2;59;14;174m▝[48;2;157;57;121m[38;2;43;7;166m▆[48;2;60;42;150m[38;2;211;207;220m▆[48;2;244;241;247m[38;2;0;0;0m [48;2;250;250;252m[38;2;250;250;252m  [48;2;234;228;241m[38;2;80;57;175m▂[48;2;37;6;185m[38;2;76;49;187m▎[48;2;38;3;183m[38;2;38;3;183m                          [0m
[48;2;38;3;185m[38;2;38;3;185m                          [48;2;37;7;183m[38;2;39;11;160m▎[48;2;77;49;205m[38;2;204;195;227m▆[48;2;244;243;248m[38;2;231;230;235m▘[48;2;253;252;254m[38;2;246;245;250m▃[48;2;244;243;248m[38;2;0;0;0m [48;2;236;235;237m[38;2;70;53;177m▂[48;2;35;5;166m[38;2;82;51;206m▎[48;2;39;6;189m[38;2;49;13;198m▁[48;2;38;3;185m[38;2;38;3;185m                          [0m
[48;2;38;3;185m[38;2;38;3;185m                        [48;2;36;2;190m[38;2;52;8;173m▗[48;2;43;7;174m[38;2;137;38;108m▂[48;2;72;48;187m[38;2;209;204;224m▆[48;2;241;239;240m[38;2;0;0;0m [48;2;246;245;249m [48;2;234;234;234m[38;2;83;63;188m▂[48;2;215;203;242m[38;2;59;32;181m▆[48;2;41;12;181m[38;2;0;0;0m [48;2;38;3;185m[38;2;38;3;185m                            [0m
[48;2;38;3;185m[38;2;38;3;185m                        [48;2;7;0;166m[38;2;50;6;184m▊[48;2;201;67;102m[38;2;58;33;137m▎[48;2;238;180;201m[38;2;211;77;100m▆[48;2;205;212;225m[38;2;121;43;135m▆[48;2;197;186;221m[38;2;44;16;172m▆[48;2;49;14;190m[38;2;0;0;0m [48;2;38;3;185m[38;2;38;3;185m                              [0m
[48;2;38;3;185m[38;2;38;3;185m                        [48;2;33;9;156m[38;2;13;7;50m▂[48;2;141;52;96m[38;2;15;6;34m▆[48;2;186;67;89m[38;2;58;20;17m▃[48;2;204;66;95m[38;2;0;0;0m [48;2;61;18;72m[38;2;210;71;98m▂[48;2;35;15;62m[38;2;183;67;87m▂[48;2;39;14;141m[38;2;8;3;12m▆▆[48;2;35;12;139m[38;2;5;3;11m▆▆▆▆▆▆[48;2;35;12;127m[38;2;8;3;15m▅[48;2;40;9;169m[38;2;12;1;53m▃[48;2;39;4;184m[38;2;39;4;184m  [48;2;38;3;185m[38;2;38;3;185m                  [0m
[48;2;38;3;185m[38;2;38;3;185m                        [48;2;32;17;88m[38;2;33;2;173m▆[48;2;17;6;49m[38;2;37;3;185m▂[48;2;16;9;27m[38;2;40;12;179m▂[48;2;132;44;70m[38;2;23;7;80m▆[48;2;160;41;74m[38;2;25;10;81m▆▆[48;2;9;4;24m[38;2;40;11;181m▂▂[48;2;8;6;11m[38;2;30;5;149m▃▃▃▃▃▃[48;2;16;8;35m[38;2;36;3;190m▂[48;2;31;19;68m[38;2;32;1;170m▆[48;2;38;3;185m[38;2;38;3;185m                    [0m
[48;2;40;2;185m[38;2;40;2;185m                                                            [0m
[48;2;40;2;185m[38;2;40;2;185m                                                            [0m
