[48;2;1;1;1m[38;2;1;1;1m                                                            [0m
[48;2;1;1;1m[38;2;1;1;1m                                                            [0m
[48;2;1;1;1m[38;2;1;1;1m                                                            [0m
[48;2;1;1;1m[38;2;1;1;1m                                                            [0m
[48;2;1;1;1m[38;2;1;1;1m                            [48;2;1;1;3m[38;2;1;1;3m  [48;2;1;1;1m[38;2;1;1;1m                              [0m
[48;2;1;1;1m[38;2;1;1;1m                        [48;2;1;1;3m[38;2;1;1;3m    [48;2;3;1;6m[38;2;3;1;6m  [48;2;2;0;3m[38;2;2;0;3m  [48;2;1;1;1m[38;2;1;1;1m  [48;2;1;1;3m[38;2;1;1;3m  [48;2;1;1;1m[38;2;1;1;1m                        [0m
[48;2;1;1;1m[38;2;1;1;1m                        [48;2;3;1;6m[38;2;3;1;6m      [48;2;1;1;3m[38;2;1;1;3m  [48;2;3;1;4m[38;2;3;1;4m  [48;2;3;1;6m[38;2;3;1;6m  [48;2;16;14;17m[38;2;0;0;0m [48;2;18;16;19m[38;2;204;202;205m▄[48;2;13;11;12m[38;2;223;221;222m▄▄[48;2;18;17;19m[38;2;194;192;195m▄[48;2;1;0;2m[38;2;13;11;14m▄[48;2;1;1;1m[38;2;1;1;1m                  [0m
[48;2;1;1;1m[38;2;1;1;1m                        [48;2;1;1;3m[38;2;1;1;3m  [48;2;3;1;6m[38;2;3;1;6m  [48;2;1;1;3m[38;2;1;1;3m    [48;2;2;0;3m[38;2;2;0;3m  [48;2;1;0;2m[38;2;12;10;13m│[48;2;77;75;78m[38;2;7;5;8m▊[48;2;164;164;166m[38;2;236;236;238m▇[48;2;255;255;255m[38;2;252;252;254m▄[48;2;254;251;254m[38;2;249;244;248m▌[48;2;247;243;247m[38;2;220;215;219m▗[48;2;241;233;233m[38;2;185;84;114m▄[48;2;189;185;182m[38;2;36;28;25m▄[48;2;3;1;4m[38;2;3;1;4m  [48;2;1;1;1m[38;2;1;1;1m                [0m
[48;2;1;1;1m[38;2;1;1;1m                    [48;2;2;2;4m[38;2;2;2;4m  [48;2;3;1;6m[38;2;3;1;6m    [48;2;1;1;3m[38;2;1;1;3m      [48;2;3;1;4m[38;2;3;1;4m  [48;2;3;0;2m[38;2;11;6;10m│[48;2;92;87;91m[38;2;15;10;14m▊[48;2;249;249;251m[38;2;231;231;233m▌[38;2;255;255;255m▌[48;2;248;207;215m[38;2;251;244;251m▊[48;2;194;64;84m[38;2;201;102;122m▎[48;2;22;11;10m[38;2;163;60;90m▄[48;2;13;4;3m[38;2;0;0;0m [48;2;3;1;6m[38;2;3;1;6m  [48;2;1;1;1m[38;2;1;1;1m                [0m
[48;2;1;1;1m[38;2;1;1;1m                [48;2;2;0;3m[38;2;2;0;3m  [48;2;3;1;4m[38;2;3;1;4m  [48;2;3;1;6m[38;2;3;1;6m    [48;2;1;1;3m[38;2;1;1;3m  [48;2;1;1;1m[38;2;1;1;1m    [48;2;1;1;3m[38;2;1;1;3m  [48;2;1;0;2m[38;2;8;6;9m▄[48;2;8;6;9m[38;2;37;35;38m▂[48;2;35;33;36m[38;2;226;224;227m▄[48;2;193;191;194m[38;2;244;242;244m▇[48;2;250;250;252m[38;2;250;250;252m  [48;2;250;241;240m[38;2;0;0;0m [48;2;196;91;122m[38;2;246;235;235m▄[48;2;175;72;102m[38;2;249;242;242m▄[48;2;31;20;20m[38;2;238;233;230m▄[48;2;15;14;16m[38;2;209;207;210m▄[48;2;18;16;19m[38;2;0;0;0m [48;2;1;1;1m[38;2;1;1;1m                [0m
[48;2;1;1;1m[38;2;1;1;1m            [48;2;1;1;3m[38;2;1;1;3m  [48;2;3;1;6m[38;2;3;1;6m          [48;2;1;1;1m[38;2;1;1;1m    [48;2;1;1;3m[38;2;1;1;3m  [48;2;1;0;2m[38;2;14;12;15m━[38;2;11;9;12m▂[48;2;33;31;34m[38;2;225;223;225m▄[48;2;238;236;239m[38;2;0;0;0m [48;2;250;250;252m[38;2;250;250;252m        [48;2;249;247;250m[38;2;238;236;239m╵[48;2;247;245;247m[38;2;183;181;184m▝[48;2;30;28;29m[38;2;196;194;195m▄[48;2;2;0;1m[38;2;1;0;0m┏[48;2;1;1;1m[38;2;1;1;1m              [0m
[48;2;1;1;1m[38;2;1;1;1m            [48;2;3;1;6m[38;2;3;1;6m        [48;2;1;1;1m[38;2;1;1;1m        [48;2;2;0;3m[38;2;2;0;3m  [48;2;18;16;19m[38;2;98;96;99m▁[48;2;246;244;246m[38;2;167;165;168m▎[48;2;250;250;252m[38;2;250;250;252m      [48;2;244;243;245m[38;2;0;0;0m [48;2;234;232;235m[38;2;135;133;136m▁[48;2;221;217;221m[38;2;16;11;15m▄[48;2;222;218;222m[38;2;34;29;33m▄[48;2;245;244;246m[38;2;147;145;148m▁[48;2;247;245;248m[38;2;0;0;0m [48;2;121;119;122m[38;2;243;241;244m▊[48;2;1;0;2m[38;2;23;21;24m▎[48;2;1;1;1m[38;2;1;1;1m              [0m
[48;2;1;1;1m[38;2;1;1;1m            [48;2;1;1;3m[38;2;1;1;3m  [48;2;3;1;6m[38;2;3;1;6m    [48;2;1;1;3m[38;2;1;1;3m  [48;2;1;1;1m[38;2;1;1;1m  [48;2;1;1;3m[38;2;1;1;3m  [48;2;1;1;1m[38;2;1;1;1m    [48;2;4;2;7m[38;2;4;2;7m  [48;2;248;247;252m[38;2;147;146;151m▎[48;2;255;254;255m[38;2;234;233;238m│[48;2;250;250;252m[38;2;250;250;252m    [48;2;249;247;249m[38;2;0;0;0m [48;2;230;228;231m[38;2;111;109;112m▁[48;2;214;209;213m[38;2;30;25;29m▅[48;2;14;10;13m[38;2;0;0;0m [48;2;6;1;5m[38;2;3;0;2m▊[48;2;16;11;15m[38;2;11;6;10m▌[48;2;67;40;48m[38;2;190;60;81m▄[48;2;236;210;218m[38;2;210;80;100m▄[48;2;206;192;195m[38;2;172;66;100m▄[48;2;8;3;2m[38;2;34;14;15m▎[48;2;1;1;3m[38;2;1;1;3m  [48;2;1;1;1m[38;2;1;1;1m            [0m
[48;2;1;1;1m[38;2;1;1;1m              [48;2;2;0;3m[38;2;2;0;3m  [48;2;1;1;3m[38;2;1;1;3m  [48;2;1;1;1m[38;2;1;1;1m      [48;2;2;0;3m[38;2;2;0;3m    [48;2;12;7;11m[38;2;167;162;166m▁▁[48;2;218;212;216m[38;2;67;61;65m▅[48;2;238;233;236m[38;2;70;64;68m▅[48;2;238;237;239m[38;2;112;110;113m▁[48;2;244;243;245m[38;2;0;0;0m [48;2;253;251;254m[38;2;255;254;255m━[48;2;232;230;233m[38;2;101;99;102m▁[48;2;213;211;212m[38;2;23;21;22m▅[48;2;12;10;11m[38;2;0;0;0m [48;2;1;1;3m[38;2;1;1;3m    [48;2;78;23;36m[38;2;12;10;13m▊[48;2;197;66;89m[38;2;101;32;36m▂[48;2;137;42;72m[38;2;13;5;5m▄[48;2;11;8;6m[38;2;0;0;0m [48;2;1;1;1m[38;2;1;1;1m              [0m
[48;2;1;1;1m[38;2;1;1;1m                [48;2;1;1;3m[38;2;1;1;3m  [48;2;1;1;1m[38;2;1;1;1m    [48;2;3;1;6m[38;2;3;1;6m    [48;2;5;4;8m[38;2;23;21;26m━[48;2;77;75;80m[38;2;216;214;218m┏[48;2;237;237;238m[38;2;0;0;0m [48;2;248;248;249m[38;2;231;231;233m╵[48;2;248;248;250m[38;2;248;248;250m  [48;2;56;52;55m[38;2;224;220;223m▅[48;2;211;207;210m[38;2;95;90;94m▅[48;2;184;179;183m[38;2;244;240;244m▊[48;2;28;24;27m[38;2;156;151;155m▁[48;2;2;2;4m[38;2;2;2;4m  [48;2;3;1;6m[38;2;3;1;6m  [48;2;2;0;3m[38;2;2;0;3m  [48;2;1;1;1m[38;2;1;1;1m                  [0m
[48;2;1;1;1m[38;2;1;1;1m                    [48;2;0;0;0m[38;2;0;0;0m  [48;2;1;1;3m[38;2;1;1;3m  [48;2;2;0;3m[38;2;2;0;3m  [48;2;23;21;24m[38;2;1;0;2m▊[48;2;243;241;244m[38;2;121;119;122m▎[48;2;250;250;252m[38;2;250;250;252m      [48;2;253;253;254m[38;2;246;246;248m▃[48;2;244;244;246m[38;2;231;231;233m▝[48;2;37;33;36m[38;2;217;212;216m▅[48;2;25;20;24m[38;2;160;155;159m▁[48;2;3;1;4m[38;2;3;1;4m  [48;2;3;1;6m[38;2;3;1;6m  [48;2;1;1;3m[38;2;1;1;3m  [48;2;1;1;1m[38;2;1;1;1m                [0m
[48;2;1;1;1m[38;2;1;1;1m                        [48;2;1;1;3m[38;2;1;1;3m  [48;2;1;0;2m[38;2;2;0;3m▄[48;2;210;208;211m[38;2;105;103;106m▎[48;2;248;248;250m[38;2;248;248;250m  [48;2;250;250;252m[38;2;250;250;252m      [48;2;250;250;251m[38;2;0;0;0m [48;2;249;249;250m[38;2;211;211;213m▝[48;2;37;33;36m[38;2;210;206;210m▅[48;2;3;0;2m[38;2;57;52;56m▎[48;2;1;1;1m[38;2;1;1;1m                    [0m
[48;2;1;1;1m[38;2;1;1;1m                    [48;2;2;0;3m[38;2;2;0;3m  [48;2;1;1;1m[38;2;1;1;1m  [48;2;3;1;6m[38;2;3;1;6m  [48;2;2;0;3m[38;2;2;0;3m  [48;2;217;215;217m[38;2;101;99;102m▂[48;2;242;241;243m[38;2;0;0;0m [48;2;250;250;252m[38;2;250;250;252m        [48;2;174;172;175m[38;2;246;244;246m▊[48;2;5;3;6m[38;2;51;49;52m▎[48;2;1;1;1m[38;2;1;1;1m                    [0m
[48;2;1;1;1m[38;2;1;1;1m                  [48;2;1;1;3m[38;2;1;1;3m  [48;2;2;0;3m[38;2;2;0;3m  [48;2;1;1;3m[38;2;1;1;3m  [48;2;3;1;6m[38;2;3;1;6m  [48;2;1;1;3m[38;2;1;1;3m  [48;2;1;0;2m[38;2;23;21;24m▄[48;2;245;243;246m[38;2;146;144;147m▎[48;2;250;250;252m[38;2;250;250;252m      [48;2;253;253;255m[38;2;255;255;255m┃[48;2;195;195;197m[38;2;244;244;246m▊[48;2;197;195;198m[38;2;24;22;25m▅[48;2;1;0;2m[38;2;6;4;7m╺[48;2;1;1;3m[38;2;1;1;3m  [48;2;1;1;1m[38;2;1;1;1m                  [0m
[48;2;1;1;1m[38;2;1;1;1m                  [48;2;2;0;3m[38;2;2;0;3m    [48;2;3;1;6m[38;2;3;1;6m      [48;2;1;0;4m[38;2;23;21;26m▄[48;2;245;243;248m[38;2;146;144;149m▎[48;2;250;250;252m[38;2;250;250;252m    [48;2;248;248;250m[38;2;248;248;250m  [48;2;221;216;220m[38;2;32;27;31m▁[48;2;197;193;196m[38;2;24;20;23m▅[48;2;3;1;4m[38;2;3;1;4m  [48;2;1;1;1m[38;2;1;1;1m                    [0m
[48;2;4;2;10m[38;2;23;2;126m▂▂▂▂▂▂▂▂▂▂▂▂▂▂▂▂▂▂[48;2;5;3;12m[38;2;24;2;129m▂▂[48;2;4;2;10m[38;2;23;2;126m▂▂[48;2;5;3;12m[38;2;24;2;129m▂▂▂▂▂▂[48;2;43;41;44m[38;2;214;212;215m▅[48;2;241;239;241m[38;2;0;0;0m [48;2;250;250;252m[38;2;250;250;252m  [48;2;249;249;251m[38;2;249;249;251m  [48;2;236;231;236m[38;2;94;70;193m▂[48;2;230;226;226m[38;2;44;34;78m▆[48;2;6;4;11m[38;2;25;4;128m▂▂[48;2;5;3;12m[38;2;24;2;129m▂▂[48;2;4;2;10m[38;2;23;2;126m▂▂▂▂▂▂▂▂▂▂▂▂▂▂▂▂▂▂▂▂[0m
[48;2;38;3;183m[38;2;38;3;183m                          [48;2;38;5;194m[38;2;38;5;160m▗[48;2;125;52;135m[38;2;196;167;191m▂[48;2;249;247;250m[38;2;205;203;206m▎[48;2;248;246;249m[38;2;238;236;239m▎[48;2;250;250;252m[38;2;250;250;252m  [48;2;243;242;245m[38;2;0;0;0m [48;2;233;231;236m[38;2;89;71;181m▂[48;2;29;0;170m[38;2;60;26;201m▌[48;2;35;1;176m[38;2;43;9;184m┃[48;2;38;3;183m[38;2;38;3;183m                        [0m
[48;2;38;3;183m[38;2;38;3;183m                        [48;2;42;8;181m[38;2;0;0;0m [48;2;58;27;190m[38;2;197;187;223m▁[48;2;51;29;175m[38;2;213;209;228m▆[48;2;239;238;242m[38;2;0;0;0m [48;2;250;250;252m[38;2;250;250;252m  [48;2;245;244;248m[38;2;0;0;0m [48;2;239;238;238m[38;2;84;63;189m▂[48;2;222;212;249m[38;2;57;29;180m▆[48;2;36;9;175m[38;2;52;19;199m│[48;2;38;3;183m[38;2;38;3;183m                          [0m
[48;2;38;3;185m[38;2;38;3;185m                      [48;2;40;6;181m[38;2;43;10;181m▄[48;2;58;27;190m[38;2;193;182;219m▁[48;2;56;39;166m[38;2;215;211;234m▆[48;2;237;235;240m[38;2;0;0;0m [48;2;250;250;252m[38;2;250;250;252m  [48;2;244;243;246m[38;2;0;0;0m [48;2;240;239;239m[38;2;80;65;185m▂[48;2;229;224;246m[38;2;150;57;129m▆[48;2;123;49;131m[38;2;117;41;128m▄[48;2;41;4;182m[38;2;41;4;182m  [48;2;38;3;185m[38;2;38;3;185m                          [0m
[48;2;38;3;185m[38;2;38;3;185m                    [48;2;36;2;188m[38;2;52;5;188m▗[48;2;43;6;176m[38;2;137;37;109m▂[48;2;118;104;201m[38;2;191;122;142m▄[48;2;235;226;230m[38;2;0;0;0m [48;2;250;250;252m[38;2;250;250;252m  [48;2;237;233;244m[38;2;74;56;171m▂[48;2;218;214;224m[38;2;60;35;184m▆[48;2;199;185;233m[38;2;46;13;188m▆[48;2;45;12;180m[38;2;0;0;0m [48;2;38;3;185m[38;2;38;3;185m                              [0m
[48;2;38;3;185m[38;2;38;3;185m                    [48;2;38;4;186m[38;2;36;7;158m▎[48;2;95;29;148m[38;2;188;61;111m┗[48;2;206;75;99m[38;2;164;71;100m▁[48;2;237;174;192m[38;2;218;72;98m▆[48;2;227;206;222m[38;2;71;34;152m▂[48;2;224;223;229m[38;2;60;42;182m▆[48;2;37;4;180m[38;2;76;41;219m▘[48;2;33;1;176m[38;2;46;11;189m▝[48;2;38;3;185m[38;2;38;3;185m                                [0m
[48;2;38;3;185m[38;2;38;3;185m                    [48;2;36;0;189m[38;2;36;4;165m▗[48;2;36;3;169m[38;2;36;23;64m▂[48;2;120;48;100m[38;2;12;7;17m▆[48;2;182;58;83m[38;2;47;20;32m▃[48;2;66;25;66m[38;2;162;53;78m▂[48;2;51;3;140m[38;2;18;13;25m▆[48;2;36;13;142m[38;2;5;3;13m▆▆▆▆▆▆[48;2;35;12;139m[38;2;5;3;11m▆▆▆▆▆▆[48;2;35;12;127m[38;2;8;3;15m▅[48;2;40;9;169m[38;2;12;1;53m▃[48;2;39;4;184m[38;2;39;4;184m  [48;2;38;3;185m[38;2;38;3;185m                  [0m
[48;2;38;3;185m[38;2;38;3;185m                    [48;2;37;1;184m[38;2;37;3;172m▝[48;2;37;16;109m[38;2;37;3;178m▆[48;2;15;6;44m[38;2;37;2;192m▂[48;2;15;9;26m[38;2;37;5;172m▂[48;2;51;18;43m[38;2;47;11;181m▂[48;2;19;17;20m[38;2;36;8;149m▃[48;2;8;3;24m[38;2;39;10;180m▂▂▂▂▂▂[48;2;8;6;11m[38;2;30;5;149m▃▃▃▃▃▃[48;2;16;8;35m[38;2;36;3;190m▂[48;2;31;19;68m[38;2;32;1;170m▆[48;2;38;3;185m[38;2;38;3;185m                    [0m
[48;2;40;2;185m[38;2;40;2;185m                                                            [0m
[48;2;40;2;185m[38;2;40;2;185m                                                            [0m
