[48;2;1;1;1m[38;2;1;1;1m                                                            [0m
[48;2;1;1;1m[38;2;1;1;1m                                                            [0m
[48;2;1;1;1m[38;2;1;1;1m                                                            [0m
[48;2;1;1;1m[38;2;1;1;1m                                                            [0m
[48;2;1;1;1m[38;2;1;1;1m                            [48;2;1;1;3m[38;2;1;1;3m  [48;2;1;1;1m[38;2;1;1;1m                              [0m
[48;2;1;1;1m[38;2;1;1;1m                        [48;2;1;1;3m[38;2;1;1;3m    [48;2;3;1;6m[38;2;3;1;6m  [48;2;2;0;3m[38;2;2;0;3m  [48;2;1;1;1m[38;2;1;1;1m  [48;2;1;1;3m[38;2;1;1;3m  [48;2;1;1;1m[38;2;1;1;1m                        [0m
[48;2;1;1;1m[38;2;1;1;1m                        [48;2;3;1;6m[38;2;3;1;6m      [48;2;1;1;3m[38;2;1;1;3m  [48;2;3;1;4m[38;2;3;1;4m  [48;2;3;1;6m[38;2;3;1;6m  [48;2;16;14;17m[38;2;0;0;0m [48;2;18;16;19m[38;2;204;202;205m▄[48;2;13;11;12m[38;2;223;221;222m▄▄[48;2;18;17;19m[38;2;194;192;195m▄[48;2;1;0;2m[38;2;13;11;14m▄[48;2;1;1;1m[38;2;1;1;1m                  [0m
[48;2;1;1;1m[38;2;1;1;1m                        [48;2;1;1;3m[38;2;1;1;3m  [48;2;3;1;6m[38;2;3;1;6m  [48;2;1;1;3m[38;2;1;1;3m    [48;2;2;0;3m[38;2;2;0;3m  [48;2;1;0;2m[38;2;12;10;13m│[48;2;77;75;78m[38;2;7;5;8m▊[48;2;164;164;166m[38;2;236;236;238m▇[48;2;255;255;255m[38;2;252;252;254m▄[48;2;254;251;254m[38;2;249;244;248m▌[48;2;247;243;247m[38;2;220;215;219m▗[48;2;241;233;233m[38;2;185;84;114m▄[48;2;189;185;182m[38;2;36;28;25m▄[48;2;3;1;4m[38;2;3;1;4m  [48;2;1;1;1m[38;2;1;1;1m                [0m
[48;2;1;1;1m[38;2;1;1;1m                    [48;2;2;2;4m[38;2;2;2;4m  [48;2;3;1;6m[38;2;3;1;6m    [48;2;1;1;3m[38;2;1;1;3m      [48;2;3;1;4m[38;2;3;1;4m  [48;2;1;0;2m[38;2;13;11;14m│[48;2;78;76;79m[38;2;7;6;8m▊[48;2;249;249;251m[38;2;231;231;233m▌[38;2;255;255;255m▌[48;2;248;207;215m[38;2;251;244;251m▊[48;2;194;64;84m[38;2;201;102;122m▎[48;2;22;11;10m[38;2;163;60;90m▄[48;2;13;4;3m[38;2;0;0;0m [48;2;3;1;6m[38;2;3;1;6m  [48;2;1;1;1m[38;2;1;1;1m                [0m
[48;2;1;1;1m[38;2;1;1;1m                [48;2;2;0;3m[38;2;2;0;3m  [48;2;3;1;4m[38;2;3;1;4m  [48;2;3;1;6m[38;2;3;1;6m    [48;2;1;1;3m[38;2;1;1;3m  [48;2;1;1;1m[38;2;1;1;1m    [48;2;1;1;3m[38;2;1;1;3m  [48;2;3;1;4m[38;2;3;1;4m  [48;2;18;14;17m[38;2;71;66;70m▁[48;2;38;34;37m[38;2;227;223;227m▄[48;2;248;248;250m[38;2;248;248;250m  [48;2;226;185;193m[38;2;246;247;250m▊[48;2;218;97;117m[38;2;211;61;90m┃[48;2;125;32;51m[38;2;213;77;101m▊[48;2;0;6;9m[38;2;29;0;4m▎[48;2;3;1;4m[38;2;3;1;4m  [48;2;1;1;1m[38;2;1;1;1m                [0m
[48;2;1;1;1m[38;2;1;1;1m            [48;2;1;1;3m[38;2;1;1;3m  [48;2;3;1;6m[38;2;3;1;6m          [48;2;1;1;1m[38;2;1;1;1m    [48;2;1;1;3m[38;2;1;1;3m  [48;2;3;1;4m[38;2;3;1;4m  [48;2;16;11;15m[38;2;83;78;82m▁[48;2;39;34;38m[38;2;225;221;224m▄[48;2;229;229;231m[38;2;250;250;251m▄[48;2;251;251;252m[38;2;0;0;0m [48;2;250;250;252m[38;2;250;250;252m  [48;2;249;249;251m[38;2;249;249;251m  [48;2;230;228;231m[38;2;0;0;0m [48;2;37;35;38m[38;2;212;210;212m▄[48;2;8;7;11m[38;2;78;76;81m▁[48;2;1;0;4m[38;2;13;11;16m━[48;2;1;1;3m[38;2;1;1;3m  [48;2;1;1;1m[38;2;1;1;1m              [0m
[48;2;1;1;1m[38;2;1;1;1m            [48;2;3;1;6m[38;2;3;1;6m        [48;2;1;1;1m[38;2;1;1;1m        [48;2;2;0;3m[38;2;2;0;3m  [48;2;1;0;2m[38;2;4;2;5m▄[48;2;43;41;44m[38;2;216;214;217m▄[48;2;246;246;247m[38;2;218;218;220m▘[48;2;245;245;247m[38;2;252;252;253m▊[48;2;250;250;252m[38;2;250;250;252m    [48;2;249;249;251m[38;2;249;249;251m  [48;2;243;243;244m[38;2;172;172;174m▁[48;2;246;246;247m[38;2;0;0;0m [48;2;232;228;232m [48;2;43;38;42m[38;2;212;207;211m▄[48;2;4;2;5m[38;2;4;2;5m  [48;2;1;1;1m[38;2;1;1;1m              [0m
[48;2;1;1;1m[38;2;1;1;1m            [48;2;1;1;3m[38;2;1;1;3m  [48;2;3;1;6m[38;2;3;1;6m    [48;2;1;1;3m[38;2;1;1;3m  [48;2;1;1;1m[38;2;1;1;1m  [48;2;1;1;3m[38;2;1;1;3m  [48;2;1;1;1m[38;2;1;1;1m    [48;2;3;1;6m[38;2;3;1;6m  [48;2;24;22;25m[38;2;198;196;199m▅[48;2;238;236;239m[38;2;0;0;0m [48;2;250;250;252m[38;2;250;250;252m    [48;2;249;249;251m[38;2;249;249;251m  [48;2;233;229;233m[38;2;112;107;111m▁[48;2;214;209;213m[38;2;31;27;30m▅[48;2;27;22;26m[38;2;0;0;0m [48;2;225;220;224m[38;2;53;49;52m▅[48;2;253;251;254m[38;2;232;230;233m▎[48;2;160;158;161m[38;2;240;238;241m▊[48;2;5;3;8m[38;2;5;3;8m  [48;2;1;1;3m[38;2;1;1;3m  [48;2;1;1;1m[38;2;1;1;1m            [0m
[48;2;1;1;1m[38;2;1;1;1m              [48;2;2;0;3m[38;2;2;0;3m  [48;2;1;1;3m[38;2;1;1;3m  [48;2;1;1;1m[38;2;1;1;1m      [48;2;2;0;3m[38;2;2;0;3m    [48;2;1;0;2m[38;2;22;20;23m [48;2;14;12;15m[38;2;125;123;126m▁[48;2;219;214;218m[38;2;63;58;61m▅[48;2;236;231;234m[38;2;64;58;62m▅[48;2;236;232;235m[38;2;77;72;76m▅[48;2;236;231;235m[38;2;103;98;102m▁[48;2;249;249;251m[38;2;249;249;251m  [48;2;234;230;233m[38;2;100;95;99m▁[48;2;216;211;215m[38;2;30;25;29m▅[48;2;4;2;5m[38;2;4;2;5m  [48;2;7;7;5m[38;2;38;16;24m▁[48;2;32;20;23m[38;2;103;48;67m▗[48;2;238;234;236m[38;2;206;158;174m▁[48;2;155;145;148m[38;2;238;228;232m▊[48;2;4;2;5m[38;2;4;2;5m  [48;2;1;1;1m[38;2;1;1;1m              [0m
[48;2;1;1;1m[38;2;1;1;1m                [48;2;1;1;3m[38;2;1;1;3m  [48;2;1;1;1m[38;2;1;1;1m    [48;2;3;1;6m[38;2;3;1;6m      [48;2;19;17;20m[38;2;132;130;133m▁[48;2;245;244;246m[38;2;151;149;152m▎[48;2;250;250;252m[38;2;250;250;252m  [48;2;242;240;243m[38;2;0;0;0m [48;2;52;50;53m[38;2;224;223;225m▅[48;2;226;221;223m[38;2;75;70;71m▅[48;2;218;213;215m[38;2;70;65;66m▅[48;2;5;3;6m[38;2;5;3;6m  [48;2;3;1;6m[38;2;3;1;6m  [48;2;18;7;7m[38;2;0;0;0m [48;2;185;65;101m[38;2;34;16;18m▅[48;2;188;56;81m[38;2;219;75;103m╋[48;2;178;54;76m[38;2;106;46;46m▁[48;2;1;1;1m[38;2;1;1;1m                [0m
[48;2;1;1;1m[38;2;1;1;1m                    [48;2;0;0;0m[38;2;0;0;0m  [48;2;1;1;3m[38;2;1;1;3m  [48;2;2;0;3m[38;2;2;0;3m  [48;2;3;1;6m[38;2;3;1;6m  [48;2;247;245;248m[38;2;146;144;147m▎[48;2;255;253;255m[38;2;255;254;255m│[48;2;250;250;252m[38;2;250;250;252m    [48;2;251;251;252m[38;2;0;0;0m [48;2;229;229;231m[38;2;250;250;251m▄[48;2;47;42;46m[38;2;210;206;210m▅[48;2;9;5;8m[38;2;31;26;30m▎[48;2;2;0;3m[38;2;2;0;3m  [48;2;5;3;6m[38;2;5;3;6m  [48;2;161;50;83m[38;2;21;10;10m▅[48;2;9;5;3m[38;2;0;0;0m [48;2;1;1;1m[38;2;1;1;1m                [0m
[48;2;1;1;1m[38;2;1;1;1m                        [48;2;1;1;3m[38;2;1;1;3m  [48;2;3;1;6m[38;2;3;1;6m  [48;2;247;245;248m[38;2;146;144;147m▎[48;2;255;253;255m[38;2;255;254;255m│[48;2;250;250;252m[38;2;250;250;252m      [48;2;239;238;240m[38;2;0;0;0m [48;2;37;35;38m[38;2;210;208;211m▅[48;2;5;3;6m[38;2;5;3;6m  [48;2;1;1;1m[38;2;1;1;1m                    [0m
[48;2;1;1;1m[38;2;1;1;1m                    [48;2;2;0;3m[38;2;2;0;3m  [48;2;1;1;1m[38;2;1;1;1m  [48;2;3;1;6m[38;2;3;1;6m  [48;2;2;0;3m[38;2;2;0;3m  [48;2;190;188;191m[38;2;25;23;26m▅[48;2;244;242;244m[38;2;185;184;186m▎[48;2;250;250;252m[38;2;250;250;252m      [48;2;250;250;251m[38;2;0;0;0m [48;2;249;249;250m[38;2;211;211;213m▝[48;2;39;34;38m[38;2;212;208;211m▅[48;2;3;0;2m[38;2;59;54;58m▎[48;2;1;1;1m[38;2;1;1;1m                    [0m
[48;2;1;1;1m[38;2;1;1;1m                  [48;2;1;1;3m[38;2;1;1;3m  [48;2;2;0;3m[38;2;2;0;3m  [48;2;1;1;3m[38;2;1;1;3m  [48;2;3;1;6m[38;2;3;1;6m  [48;2;1;1;3m[38;2;1;1;3m  [48;2;1;0;2m[38;2;23;21;24m▄[48;2;245;243;246m[38;2;146;144;147m▎[48;2;250;250;252m[38;2;250;250;252m      [48;2;248;248;250m[38;2;248;248;250m  [48;2;221;216;220m[38;2;90;85;89m▂[48;2;9;5;8m[38;2;45;40;44m▎[48;2;1;1;3m[38;2;1;1;3m  [48;2;1;1;1m[38;2;1;1;1m                  [0m
[48;2;1;1;1m[38;2;1;1;1m                  [48;2;2;0;3m[38;2;2;0;3m    [48;2;3;1;6m[38;2;3;1;6m      [48;2;44;42;45m[38;2;209;207;210m▅[48;2;240;238;240m[38;2;0;0;0m [48;2;250;250;252m[38;2;250;250;252m      [48;2;243;241;243m[38;2;0;0;0m [48;2;211;209;212m[38;2;28;27;29m▁[48;2;8;6;9m[38;2;13;11;14m▌[48;2;1;0;2m[38;2;3;1;4m▎[48;2;1;1;1m[38;2;1;1;1m                    [0m
[48;2;4;2;10m[38;2;23;2;126m▂▂▂▂▂▂▂▂▂▂▂▂▂▂▂▂▂▂[48;2;5;3;12m[38;2;24;2;129m▂▂[48;2;4;2;10m[38;2;23;2;126m▂▂[48;2;5;3;12m[38;2;24;2;129m▂▂▂▂[48;2;7;4;22m[38;2;51;30;176m▁[48;2;7;5;13m[38;2;159;152;188m▂[48;2;244;242;245m[38;2;154;152;155m▎[48;2;251;249;252m[38;2;243;241;244m│[48;2;250;250;252m[38;2;250;250;252m    [48;2;252;252;253m[38;2;244;244;246m┃[48;2;236;236;238m[38;2;255;255;255m▌[48;2;184;179;188m[38;2;26;14;68m▅[48;2;18;13;21m[38;2;35;11;136m▂[48;2;5;3;12m[38;2;24;2;129m▂▂[48;2;4;2;10m[38;2;23;2;126m▂▂▂▂▂▂▂▂▂▂▂▂▂▂▂▂▂▂▂▂[0m
[48;2;38;3;183m[38;2;38;3;183m                        [48;2;38;4;180m[38;2;41;8;180m▄[48;2;56;25;190m[38;2;191;180;219m▁[48;2;41;22;166m[38;2;213;209;228m▆[48;2;237;236;242m[38;2;0;0;0m [48;2;250;250;252m[38;2;250;250;252m    [48;2;249;249;251m[38;2;249;249;251m  [48;2;236;233;243m[38;2;71;47;183m▂[48;2;238;236;231m[38;2;51;27;181m▆[48;2;39;4;184m[38;2;39;4;184m  [48;2;38;3;183m[38;2;38;3;183m                      [0m
[48;2;38;3;183m[38;2;38;3;183m                      [48;2;41;7;180m[38;2;0;0;0m [48;2;57;26;189m[38;2;197;186;223m▁[48;2;49;31;162m[38;2;212;208;235m▆[48;2;237;235;240m[38;2;0;0;0m [48;2;250;250;252m[38;2;250;250;252m    [48;2;243;241;244m[38;2;88;70;180m▂[48;2;243;242;245m[38;2;0;0;0m [48;2;243;241;246m [48;2;233;232;234m[38;2;78;58;185m▂[48;2;38;4;179m[38;2;56;22;197m▌[48;2;41;7;182m[38;2;32;0;173m▌[48;2;38;3;183m[38;2;38;3;183m                        [0m
[48;2;38;3;185m[38;2;38;3;185m                    [48;2;36;5;175m[38;2;0;0;0m [48;2;63;31;195m[38;2;201;190;227m▁[48;2;66;43;185m[38;2;207;202;224m▆[48;2;235;233;238m[38;2;0;0;0m [48;2;250;250;252m[38;2;250;250;252m  [48;2;246;245;248m[38;2;0;0;0m [48;2;239;239;239m[38;2;77;62;182m▂[48;2;223;217;228m[38;2;53;28;177m▆[48;2;225;216;248m[38;2;44;14;188m▆[48;2;95;46;148m[38;2;197;69;113m▅[48;2;222;197;213m[38;2;207;78;101m▆[48;2;235;209;220m[38;2;206;85;101m▆[48;2;62;12;169m[38;2;184;57;101m▂[48;2;38;3;183m[38;2;38;3;183m  [48;2;38;3;185m[38;2;38;3;185m                        [0m
[48;2;38;3;185m[38;2;38;3;185m                    [48;2;117;108;193m[38;2;180;130;165m▄[48;2;230;215;227m[38;2;215;76;111m▂[48;2;246;244;247m[38;2;218;216;219m▖[48;2;252;251;253m[38;2;245;243;246m▘[48;2;248;247;247m[38;2;0;0;0m [48;2;222;220;233m[38;2;66;52;168m▁[48;2;216;204;240m[38;2;66;39;184m▆[48;2;43;12;179m[38;2;0;0;0m [48;2;38;3;185m[38;2;38;3;185m  [48;2;171;70;96m[38;2;43;8;181m▆▆[48;2;203;59;104m[38;2;60;22;150m▂[48;2;213;75;96m[38;2;185;64;106m▖[48;2;44;8;177m[38;2;187;64;92m▂▂[48;2;38;3;185m[38;2;38;3;185m                        [0m
[48;2;38;3;185m[38;2;38;3;185m                  [48;2;45;4;187m[38;2;45;4;187m▄[48;2;61;19;159m[38;2;150;68;119m━[48;2;230;75;107m[38;2;158;60;109m▌[48;2;210;73;94m[38;2;210;73;94m▄[48;2;230;195;200m[38;2;201;82;98m▂[48;2;228;228;237m[38;2;97;36;163m▂[48;2;210;203;224m[38;2;67;41;189m▆[48;2;48;19;184m[38;2;0;0;0m [48;2;38;3;185m[38;2;38;3;185m      [48;2;73;22;176m[38;2;34;8;177m▇[48;2;138;56;124m[38;2;42;3;183m▆[48;2;195;77;99m[38;2;49;12;176m▇▇[48;2;38;3;185m[38;2;38;3;185m                        [0m
[48;2;38;3;185m[38;2;38;3;185m                  [48;2;36;0;189m[38;2;36;4;165m▗[48;2;36;3;169m[38;2;36;23;64m▂[48;2;118;49;85m[38;2;15;13;27m▆[48;2;184;57;91m[38;2;46;23;25m▃[48;2;202;68;89m[38;2;25;9;16m▂[48;2;100;36;143m[38;2;190;66;87m▆[48;2;57;20;78m[38;2;199;64;98m▂[48;2;50;7;152m[38;2;21;13;16m▆[48;2;36;13;142m[38;2;5;3;13m▆▆▆▆▆▆[48;2;35;12;139m[38;2;5;3;11m▆▆▆▆▆▆[48;2;35;12;127m[38;2;8;3;15m▅[48;2;40;9;169m[38;2;12;1;53m▃[48;2;39;4;184m[38;2;39;4;184m  [48;2;38;3;185m[38;2;38;3;185m                  [0m
[48;2;38;3;185m[38;2;38;3;185m                  [48;2;37;1;184m[38;2;37;3;172m▝[48;2;37;16;109m[38;2;37;3;178m▆[48;2;25;14;58m[38;2;36;5;170m▆[48;2;19;6;63m[38;2;30;0;175m▂[48;2;14;9;26m[38;2;38;12;178m▂[48;2;129;43;69m[38;2;22;7;79m▆[48;2;137;45;73m[38;2;27;7;82m▆[48;2;21;10;29m[38;2;46;13;182m▂[48;2;8;3;24m[38;2;39;10;180m▂▂▂▂▂▂[48;2;8;6;11m[38;2;30;5;149m▃▃▃▃▃▃[48;2;16;8;35m[38;2;36;3;190m▂[48;2;31;19;68m[38;2;32;1;170m▆[48;2;38;3;185m[38;2;38;3;185m                    [0m
[48;2;40;2;185m[38;2;40;2;185m                                                            [0m
[48;2;40;2;185m[38;2;40;2;185m                                                            [0m
