[48;2;1;1;1m[38;2;1;1;1m                                                            [0m
[48;2;1;1;1m[38;2;1;1;1m                                                            [0m
[48;2;1;1;1m[38;2;1;1;1m                                                            [0m
[48;2;1;1;1m[38;2;1;1;1m                                                            [0m
[48;2;1;1;1m[38;2;1;1;1m                            [48;2;1;1;3m[38;2;1;1;3m  [48;2;1;1;1m[38;2;1;1;1m                              [0m
[48;2;1;1;1m[38;2;1;1;1m                        [48;2;1;1;3m[38;2;1;1;3m    [48;2;3;1;6m[38;2;3;1;6m  [48;2;2;0;3m[38;2;2;0;3m  [48;2;1;1;1m[38;2;1;1;1m  [48;2;1;1;3m[38;2;1;1;3m  [48;2;1;1;1m[38;2;1;1;1m                        [0m
[48;2;1;1;1m[38;2;1;1;1m                        [48;2;3;1;6m[38;2;3;1;6m      [48;2;1;1;3m[38;2;1;1;3m  [48;2;3;1;4m[38;2;3;1;4m  [48;2;3;1;6m[38;2;3;1;6m  [48;2;1;1;3m[38;2;1;1;3m  [48;2;1;1;1m[38;2;1;1;1m  [48;2;1;1;3m[38;2;1;1;3m  [48;2;1;1;1m[38;2;1;1;1m                  [0m
[48;2;1;1;1m[38;2;1;1;1m                        [48;2;1;1;3m[38;2;1;1;3m  [48;2;3;1;6m[38;2;3;1;6m  [48;2;1;1;3m[38;2;1;1;3m    [48;2;2;0;3m[38;2;2;0;3m  [48;2;3;1;4m[38;2;1;0;2m▗[48;2;6;4;7m[38;2;43;41;44m▗[48;2;15;13;16m[38;2;226;224;227m▄▄[48;2;13;12;14m[38;2;228;227;229m▄[48;2;14;12;15m[38;2;211;210;212m▄[48;2;5;4;6m[38;2;24;22;25m▃[48;2;1;0;2m[38;2;3;1;4m▖[48;2;1;1;3m[38;2;1;1;3m  [48;2;1;1;1m[38;2;1;1;1m                [0m
[48;2;1;1;1m[38;2;1;1;1m                    [48;2;2;2;4m[38;2;2;2;4m  [48;2;3;1;6m[38;2;3;1;6m    [48;2;1;1;3m[38;2;1;1;3m      [48;2;3;1;4m[38;2;3;1;4m  [48;2;65;60;64m[38;2;7;3;6m▊[48;2;245;241;245m[38;2;188;183;187m▎[48;2;250;250;252m[38;2;250;250;252m  [48;2;244;246;242m[38;2;206;195;195m▗[48;2;247;235;237m[38;2;190;81;113m▄[48;2;190;185;189m[38;2;26;22;25m▄[48;2;3;0;2m[38;2;8;3;7m▚[48;2;3;1;6m[38;2;3;1;6m  [48;2;1;1;1m[38;2;1;1;1m                [0m
[48;2;1;1;1m[38;2;1;1;1m                [48;2;2;0;3m[38;2;2;0;3m  [48;2;3;1;4m[38;2;3;1;4m  [48;2;3;1;6m[38;2;3;1;6m    [48;2;1;1;3m[38;2;1;1;3m  [48;2;1;1;1m[38;2;1;1;1m    [48;2;1;1;3m[38;2;1;1;3m  [48;2;3;1;4m[38;2;3;1;4m  [48;2;74;69;73m[38;2;15;11;14m▊[48;2;254;251;254m[38;2;197;192;196m▎[48;2;244;238;240m[38;2;254;250;252m┃[48;2;209;203;205m[38;2;251;246;248m▊[48;2;205;75;104m[38;2;188;60;87m┏[48;2;48;13;11m[38;2;188;61;88m▄[48;2;3;1;4m[38;2;3;1;4m    [48;2;1;1;1m[38;2;1;1;1m                [0m
[48;2;1;1;1m[38;2;1;1;1m            [48;2;1;1;3m[38;2;1;1;3m  [48;2;3;1;6m[38;2;3;1;6m          [48;2;1;1;1m[38;2;1;1;1m    [48;2;1;1;3m[38;2;1;1;3m  [48;2;3;1;4m[38;2;3;1;4m  [48;2;16;11;15m[38;2;87;82;86m▁[48;2;39;34;38m[38;2;226;222;225m▄[48;2;229;229;231m[38;2;250;250;251m▄[48;2;251;251;252m[38;2;0;0;0m [48;2;255;249;251m[38;2;255;253;255m┃[48;2;200;194;196m[38;2;248;244;246m▊[48;2;209;74;100m[38;2;164;51;69m▁[48;2;199;64;89m[38;2;154;41;59m▁[48;2;2;2;4m[38;2;2;2;4m  [48;2;3;1;6m[38;2;3;1;6m  [48;2;1;1;3m[38;2;1;1;3m  [48;2;1;1;1m[38;2;1;1;1m              [0m
[48;2;1;1;1m[38;2;1;1;1m            [48;2;3;1;6m[38;2;3;1;6m        [48;2;1;1;1m[38;2;1;1;1m        [48;2;2;0;3m[38;2;2;0;3m  [48;2;16;11;15m[38;2;118;113;117m▁[48;2;38;34;37m[38;2;231;226;230m▄[48;2;229;229;231m[38;2;250;250;251m▄[48;2;251;251;252m[38;2;0;0;0m [48;2;250;250;252m[38;2;250;250;252m  [48;2;249;249;251m[38;2;233;233;235m╵[48;2;238;238;239m[38;2;0;0;0m [48;2;46;42;45m[38;2;225;220;224m▄[48;2;15;11;14m[38;2;118;113;117m▁[48;2;1;1;3m[38;2;1;1;3m  [48;2;1;1;1m[38;2;1;1;1m  [48;2;2;0;3m[38;2;2;0;3m  [48;2;1;1;1m[38;2;1;1;1m              [0m
[48;2;1;1;1m[38;2;1;1;1m            [48;2;1;1;3m[38;2;1;1;3m  [48;2;3;1;6m[38;2;3;1;6m    [48;2;1;1;3m[38;2;1;1;3m  [48;2;1;1;1m[38;2;1;1;1m  [48;2;1;1;3m[38;2;1;1;3m  [48;2;1;1;1m[38;2;1;1;1m    [48;2;12;8;11m[38;2;140;135;139m▁[48;2;43;38;42m[38;2;220;216;219m▄[48;2;238;238;239m[38;2;0;0;0m [48;2;249;249;250m[38;2;232;232;234m╵[48;2;250;250;252m[38;2;250;250;252m      [48;2;247;245;248m[38;2;0;0;0m [48;2;205;203;205m [48;2;4;2;5m[38;2;20;18;21m▌[48;2;7;5;8m[38;2;1;0;2m▊[48;2;1;1;1m[38;2;1;1;1m  [48;2;3;1;6m[38;2;3;1;6m  [48;2;1;1;3m[38;2;1;1;3m  [48;2;1;1;1m[38;2;1;1;1m            [0m
[48;2;1;1;1m[38;2;1;1;1m              [48;2;2;0;3m[38;2;2;0;3m  [48;2;1;1;3m[38;2;1;1;3m  [48;2;1;1;1m[38;2;1;1;1m      [48;2;2;0;3m[38;2;2;0;3m  [48;2;3;1;4m[38;2;3;1;4m  [48;2;245;243;245m[38;2;142;140;143m▎[48;2;252;250;252m[38;2;236;234;237m│[48;2;250;250;252m[38;2;250;250;252m      [48;2;249;249;251m[38;2;249;249;251m  [48;2;219;215;216m[38;2;107;103;104m▁[48;2;9;5;6m[38;2;43;39;40m▎[48;2;1;1;3m[38;2;1;1;3m  [48;2;1;1;1m[38;2;1;1;1m  [48;2;1;1;3m[38;2;1;1;3m  [48;2;1;1;1m[38;2;1;1;1m              [0m
[48;2;1;1;1m[38;2;1;1;1m                [48;2;1;1;3m[38;2;1;1;3m  [48;2;1;1;1m[38;2;1;1;1m    [48;2;3;1;6m[38;2;3;1;6m      [48;2;195;193;196m[38;2;26;24;27m▅[48;2;244;243;245m[38;2;189;187;189m▎[48;2;250;250;252m[38;2;250;250;252m      [48;2;255;255;255m[38;2;245;245;247m▌[48;2;174;174;176m▊[48;2;4;2;3m[38;2;20;18;19m▌[48;2;7;5;6m[38;2;1;0;0m▊[48;2;1;1;1m[38;2;1;1;1m                    [0m
[48;2;1;1;1m[38;2;1;1;1m                    [48;2;0;0;0m[38;2;0;0;0m  [48;2;1;1;3m[38;2;1;1;3m  [48;2;2;0;3m[38;2;2;0;3m  [48;2;3;1;6m[38;2;3;1;6m  [48;2;18;14;17m[38;2;151;146;150m▁[48;2;195;190;194m[38;2;73;68;72m▅[48;2;229;225;226m[38;2;68;65;65m▅[48;2;228;224;225m[38;2;31;28;28m▅[48;2;224;221;222m[38;2;28;25;25m▅[48;2;232;229;230m[38;2;88;84;85m▁[48;2;246;244;246m[38;2;0;0;0m [48;2;237;235;237m[38;2;114;112;115m▁[48;2;248;248;249m[38;2;0;0;0m [48;2;245;245;247m[38;2;219;219;221m▝[48;2;38;33;34m[38;2;224;225;225m▅[48;2;25;23;23m[38;2;211;174;187m▅[48;2;16;11;10m[38;2;133;59;82m▁[48;2;11;4;3m[38;2;122;48;71m▁[48;2;1;1;1m[38;2;1;1;1m                  [0m
[48;2;1;1;1m[38;2;1;1;1m                        [48;2;1;1;3m[38;2;1;1;3m  [48;2;1;0;2m[38;2;10;8;11m━[38;2;8;6;9m▃[48;2;245;243;245m[38;2;154;152;155m▎[48;2;251;249;252m[38;2;236;234;237m╷[48;2;242;240;243m[38;2;0;0;0m [48;2;55;54;56m[38;2;237;235;237m▅[48;2;29;27;30m[38;2;240;239;241m▅[48;2;41;39;42m[38;2;235;233;235m▅[48;2;236;234;236m[38;2;0;0;0m [48;2;64;62;65m[38;2;222;221;223m▅[48;2;213;211;216m[38;2;23;22;26m▅[48;2;223;222;225m[38;2;17;15;20m▅[48;2;219;205;208m[38;2;19;18;16m▅[48;2;186;68;105m[38;2;27;10;14m▅[48;2;210;67;95m[38;2;78;25;22m▁[48;2;183;64;84m[38;2;51;21;14m▁[48;2;1;1;1m[38;2;1;1;1m                  [0m
[48;2;1;1;1m[38;2;1;1;1m                    [48;2;2;0;3m[38;2;2;0;3m  [48;2;1;1;1m[38;2;1;1;1m  [48;2;3;1;6m[38;2;3;1;6m  [48;2;23;21;24m[38;2;1;0;2m▊[48;2;243;241;244m[38;2;121;119;122m▎[48;2;250;250;252m[38;2;250;250;252m      [48;2;253;253;254m[38;2;246;246;248m▃[48;2;244;244;246m[38;2;231;231;233m▝[48;2;40;38;41m[38;2;214;212;215m▅[48;2;7;6;8m[38;2;30;28;31m▎[48;2;1;1;3m[38;2;1;1;3m  [48;2;1;1;1m[38;2;1;1;1m                    [0m
[48;2;1;1;1m[38;2;1;1;1m                  [48;2;1;1;3m[38;2;1;1;3m  [48;2;2;0;3m[38;2;2;0;3m  [48;2;1;1;3m[38;2;1;1;3m  [48;2;3;1;6m[38;2;3;1;6m  [48;2;36;34;37m[38;2;198;196;199m▅[48;2;239;237;239m[38;2;0;0;0m [48;2;250;250;252m[38;2;250;250;252m        [48;2;239;238;240m[38;2;0;0;0m [48;2;48;46;49m[38;2;222;220;222m▅[48;2;4;2;5m[38;2;4;2;5m  [48;2;1;1;3m[38;2;1;1;3m  [48;2;1;1;1m[38;2;1;1;1m                  [0m
[48;2;1;1;1m[38;2;1;1;1m                  [48;2;2;0;3m[38;2;2;0;3m    [48;2;3;1;6m[38;2;3;1;6m  [48;2;7;6;8m[38;2;0;0;0m [48;2;85;83;86m[38;2;227;226;228m┏[48;2;237;237;238m[38;2;0;0;0m [48;2;249;249;250m[38;2;239;239;240m┗[48;2;250;250;252m[38;2;250;250;252m        [48;2;250;250;251m[38;2;0;0;0m [48;2;249;249;250m[38;2;211;211;213m▝[48;2;45;43;44m[38;2;222;220;221m▅[48;2;1;0;0m[38;2;6;4;5m▄[48;2;1;1;1m[38;2;1;1;1m                    [0m
[48;2;4;2;10m[38;2;23;2;126m▂▂▂▂▂▂▂▂▂▂▂▂▂▂▂▂▂▂[48;2;5;3;12m[38;2;24;2;129m▂▂[48;2;4;2;10m[38;2;23;2;126m▂▂[48;2;5;3;12m[38;2;24;2;129m▂▂[48;2;86;84;87m[38;2;229;227;230m┏[48;2;234;233;235m[38;2;0;0;0m [48;2;250;250;252m[38;2;250;250;252m    [48;2;232;229;237m[38;2;51;22;188m▁[48;2;198;197;193m[38;2;39;31;80m▅[48;2;221;218;231m[38;2;52;34;158m▁[48;2;246;244;245m[38;2;223;220;237m╴[48;2;250;250;252m[38;2;250;250;252m    [48;2;177;172;189m[38;2;247;244;245m▊[48;2;17;15;19m[38;2;25;10;123m▂[48;2;4;2;10m[38;2;23;2;126m▂▂▂▂▂▂▂▂▂▂▂▂▂▂▂▂▂▂▂▂[0m
[48;2;38;3;183m[38;2;38;3;183m                      [48;2;55;29;183m[38;2;199;188;230m▁[48;2;66;43;185m[38;2;219;211;236m▅[48;2;239;238;241m[38;2;0;0;0m [48;2;251;250;253m[38;2;236;235;240m┗[48;2;250;250;252m[38;2;250;250;252m  [48;2;246;244;247m[38;2;0;0;0m [48;2;227;225;230m[38;2;76;56;184m▆[48;2;40;7;183m[38;2;70;35;213m▘[48;2;41;6;184m[38;2;31;0;174m▚[48;2;44;13;182m[38;2;27;4;153m━[48;2;155;136;226m[38;2;123;106;199m▄[48;2;248;248;250m[38;2;248;248;250m  [48;2;237;236;241m[38;2;247;246;250m▊[48;2;204;203;208m[38;2;248;247;251m▊[48;2;210;200;234m[38;2;57;27;185m▆[48;2;40;9;182m[38;2;0;0;0m [48;2;38;3;183m[38;2;38;3;183m                    [0m
[48;2;38;3;183m[38;2;38;3;183m                    [48;2;40;8;185m[38;2;34;4;176m▗[48;2;53;29;187m[38;2;190;180;218m▆[48;2;236;235;239m[38;2;0;0;0m [48;2;246;245;249m[38;2;235;234;240m╸[48;2;250;250;252m[38;2;250;250;252m  [48;2;245;244;247m[38;2;0;0;0m [48;2;242;241;242m[38;2;101;84;190m▂[48;2;226;219;237m[38;2;64;38;187m▆[48;2;45;15;181m[38;2;0;0;0m [48;2;38;3;183m[38;2;38;3;183m  [48;2;72;47;175m[38;2;35;4;185m▊[48;2;250;246;247m[38;2;189;176;232m▎[48;2;250;250;252m[38;2;250;250;252m  [48;2;244;242;249m[38;2;0;0;0m [48;2;223;222;225m[38;2;67;50;176m▂[48;2;40;5;185m[38;2;40;5;185m  [48;2;38;3;183m[38;2;38;3;183m                    [0m
[48;2;38;3;185m[38;2;38;3;185m                    [48;2;122;108;191m[38;2;225;222;240m┏[48;2;235;233;239m[38;2;0;0;0m [48;2;250;250;252m[38;2;250;250;252m  [48;2;247;246;248m[38;2;0;0;0m [48;2;222;219;234m[38;2;65;51;169m▁[48;2;221;211;245m[38;2;66;41;185m▆[48;2;44;13;181m[38;2;0;0;0m [48;2;38;3;185m[38;2;38;3;185m  [48;2;40;5;183m[38;2;40;5;183m  [48;2;69;53;165m[38;2;224;223;230m▆[48;2;246;244;250m[38;2;0;0;0m [48;2;250;250;252m[38;2;250;250;252m  [48;2;173;162;220m[38;2;249;247;249m▊[48;2;37;11;173m[38;2;46;13;204m│[48;2;38;3;185m[38;2;38;3;185m                      [0m
[48;2;38;3;185m[38;2;38;3;185m                  [48;2;34;4;185m[38;2;32;6;158m▎[48;2;67;43;174m[38;2;194;182;226m▆[48;2;236;235;238m[38;2;0;0;0m [48;2;251;250;252m[38;2;243;242;246m┗[48;2;248;247;251m[38;2;0;0;0m [48;2;223;220;233m[38;2;72;61;160m▁[48;2;212;205;226m[38;2;63;39;185m▆[48;2;50;19;186m[38;2;0;0;0m [48;2;38;3;185m[38;2;38;3;185m    [48;2;42;10;184m[38;2;0;0;0m [48;2;52;21;180m[38;2;211;201;233m▂[48;2;255;254;255m[38;2;236;235;240m▌[48;2;252;251;254m[38;2;244;243;248m┃[48;2;250;250;252m[38;2;254;254;255m▌[48;2;239;239;241m[38;2;243;243;245m▌[48;2;198;188;223m[38;2;52;24;182m▆[48;2;41;10;194m[38;2;36;7;172m▌[48;2;38;3;185m[38;2;38;3;185m                      [0m
[48;2;38;3;185m[38;2;38;3;185m                  [48;2;66;44;187m[38;2;196;191;218m▆[48;2;233;231;234m[38;2;0;0;0m [48;2;250;250;252m[38;2;250;250;252m  [48;2;236;233;240m[38;2;99;82;175m▂[48;2;45;19;192m[38;2;135;123;188m▎[48;2;38;3;185m[38;2;38;3;185m      [48;2;70;48;175m[38;2;33;5;185m▊[48;2;248;247;247m[38;2;187;176;232m▎[48;2;250;250;252m[38;2;250;250;252m  [48;2;209;201;241m[38;2;246;243;245m▊[48;2;205;199;224m[38;2;48;24;174m▆[48;2;39;4;184m[38;2;39;4;184m  [48;2;38;3;185m[38;2;38;3;185m                      [0m
[48;2;38;3;185m[38;2;38;3;185m                  [48;2;149;148;216m[38;2;37;9;129m▆[48;2;206;191;210m[38;2;143;69;79m▂[48;2;247;241;242m[38;2;213;103;116m▃[48;2;238;224;231m[38;2;215;95;120m▆[48;2;112;63;153m[38;2;209;77;104m▆[48;2;63;18;75m[38;2;198;64;93m▂[48;2;30;11;64m[38;2;195;65;98m▂[48;2;47;13;155m[38;2;25;9;15m▆[48;2;36;13;142m[38;2;5;3;13m▆▆▆▆[48;2;44;22;135m[38;2;12;7;18m▆[48;2;171;162;191m[38;2;18;14;19m▆[48;2;237;236;238m[38;2;204;90;109m▃[48;2;241;229;231m[38;2;213;76;100m▂[48;2;227;200;211m[38;2;213;73;99m▆[48;2;85;42;153m[38;2;215;75;100m▆[48;2;40;16;70m[38;2;188;69;95m▂▂[48;2;37;4;166m[38;2;37;25;61m▂[48;2;37;1;186m[38;2;37;5;162m▖[48;2;38;3;185m[38;2;38;3;185m                    [0m
[48;2;38;3;185m[38;2;38;3;185m                  [48;2;26;11;83m[38;2;40;11;181m▆[48;2;54;19;67m[38;2;54;4;189m▂[48;2;160;41;74m[38;2;25;10;81m▆▆▆▆[48;2;137;45;73m[38;2;27;7;82m▆[48;2;21;10;29m[38;2;46;13;182m▂[48;2;8;3;24m[38;2;39;10;180m▂▂▂▂▂▂[48;2;147;47;73m[38;2;27;9;80m▆▆[48;2;160;41;74m[38;2;25;10;81m▆▆[48;2;149;48;79m[38;2;29;10;84m▆▆[48;2;37;22;78m[38;2;37;2;183m▆[48;2;37;2;182m[38;2;37;5;163m▘[48;2;38;3;185m[38;2;38;3;185m                    [0m
[48;2;40;2;185m[38;2;40;2;185m                                                            [0m
[48;2;40;2;185m[38;2;40;2;185m                                                            [0m
