[48;2;1;1;1m[38;2;1;1;1m                                                            [0m
[48;2;1;1;1m[38;2;1;1;1m                                                            [0m
[48;2;1;1;1m[38;2;1;1;1m                                                            [0m
[48;2;1;1;1m[38;2;1;1;1m                                                            [0m
[48;2;1;1;1m[38;2;1;1;1m                            [48;2;1;1;3m[38;2;1;1;3m  [48;2;1;1;1m[38;2;1;1;1m                              [0m
[48;2;1;1;1m[38;2;1;1;1m                        [48;2;1;1;3m[38;2;1;1;3m    [48;2;3;1;6m[38;2;3;1;6m  [48;2;2;0;3m[38;2;2;0;3m  [48;2;1;1;1m[38;2;1;1;1m  [48;2;1;1;3m[38;2;1;1;3m  [48;2;1;1;1m[38;2;1;1;1m                        [0m
[48;2;1;1;1m[38;2;1;1;1m                        [48;2;3;1;6m[38;2;3;1;6m      [48;2;1;1;3m[38;2;1;1;3m  [48;2;3;1;4m[38;2;3;1;4m  [48;2;3;1;6m[38;2;3;1;6m  [48;2;1;1;3m[38;2;1;1;3m  [48;2;1;1;1m[38;2;1;1;1m  [48;2;1;1;3m[38;2;1;1;3m  [48;2;1;1;1m[38;2;1;1;1m                  [0m
[48;2;1;1;1m[38;2;1;1;1m                        [48;2;1;1;3m[38;2;1;1;3m  [48;2;3;1;6m[38;2;3;1;6m  [48;2;1;1;3m[38;2;1;1;3m    [48;2;2;0;3m[38;2;2;0;3m  [48;2;3;1;4m[38;2;1;0;2m▗[48;2;6;4;7m[38;2;43;41;44m▗[48;2;15;13;16m[38;2;226;224;227m▄▄[48;2;13;12;14m[38;2;228;227;229m▄[48;2;14;12;15m[38;2;211;210;212m▄[48;2;5;4;6m[38;2;24;22;25m▃[48;2;1;0;2m[38;2;3;1;4m▖[48;2;1;1;3m[38;2;1;1;3m  [48;2;1;1;1m[38;2;1;1;1m                [0m
[48;2;1;1;1m[38;2;1;1;1m                    [48;2;2;2;4m[38;2;2;2;4m  [48;2;3;1;6m[38;2;3;1;6m    [48;2;1;1;3m[38;2;1;1;3m      [48;2;3;1;4m[38;2;3;1;4m  [48;2;65;60;64m[38;2;7;3;6m▊[48;2;245;241;245m[38;2;188;183;187m▎[48;2;250;250;252m[38;2;250;250;252m  [48;2;244;246;242m[38;2;206;195;195m▗[48;2;247;235;237m[38;2;190;81;113m▄[48;2;190;185;189m[38;2;26;22;25m▄[48;2;3;0;2m[38;2;8;3;7m▚[48;2;3;1;6m[38;2;3;1;6m  [48;2;1;1;1m[38;2;1;1;1m                [0m
[48;2;1;1;1m[38;2;1;1;1m                [48;2;2;0;3m[38;2;2;0;3m  [48;2;3;1;4m[38;2;3;1;4m  [48;2;3;1;6m[38;2;3;1;6m    [48;2;1;1;3m[38;2;1;1;3m  [48;2;1;1;1m[38;2;1;1;1m    [48;2;1;1;3m[38;2;1;1;3m  [48;2;3;1;4m[38;2;3;1;4m  [48;2;74;69;73m[38;2;15;11;14m▊[48;2;254;251;254m[38;2;197;192;196m▎[48;2;244;238;240m[38;2;254;250;252m┃[48;2;209;203;205m[38;2;251;246;248m▊[48;2;205;75;104m[38;2;188;60;87m┏[48;2;48;13;11m[38;2;188;61;88m▄[48;2;3;1;4m[38;2;3;1;4m    [48;2;1;1;1m[38;2;1;1;1m                [0m
[48;2;1;1;1m[38;2;1;1;1m            [48;2;1;1;3m[38;2;1;1;3m  [48;2;3;1;6m[38;2;3;1;6m          [48;2;1;1;1m[38;2;1;1;1m    [48;2;1;1;3m[38;2;1;1;3m  [48;2;3;1;4m[38;2;3;1;4m  [48;2;16;11;15m[38;2;87;82;86m▁[48;2;39;34;38m[38;2;226;222;225m▄[48;2;229;229;231m[38;2;250;250;251m▄[48;2;251;251;252m[38;2;0;0;0m [48;2;255;249;251m[38;2;255;253;255m┃[48;2;200;194;196m[38;2;248;244;246m▊[48;2;208;73;98m[38;2;173;60;78m▁[48;2;162;30;54m[38;2;204;71;96m▊[48;2;2;2;4m[38;2;2;2;4m  [48;2;3;1;6m[38;2;3;1;6m  [48;2;1;1;3m[38;2;1;1;3m  [48;2;1;1;1m[38;2;1;1;1m              [0m
[48;2;1;1;1m[38;2;1;1;1m            [48;2;3;1;6m[38;2;3;1;6m        [48;2;1;1;1m[38;2;1;1;1m        [48;2;2;0;3m[38;2;2;0;3m  [48;2;16;11;15m[38;2;118;113;117m▁[48;2;38;34;37m[38;2;231;226;230m▄[48;2;229;229;231m[38;2;250;250;251m▄[48;2;251;251;252m[38;2;0;0;0m [48;2;250;250;252m[38;2;250;250;252m  [48;2;255;255;255m[38;2;245;245;247m▌[48;2;174;174;176m▊[48;2;4;3;5m[38;2;21;19;22m▌[48;2;8;6;9m[38;2;1;0;2m▊[48;2;1;1;3m[38;2;1;1;3m  [48;2;1;1;1m[38;2;1;1;1m  [48;2;2;0;3m[38;2;2;0;3m  [48;2;1;1;1m[38;2;1;1;1m              [0m
[48;2;1;1;1m[38;2;1;1;1m            [48;2;1;1;3m[38;2;1;1;3m  [48;2;3;1;6m[38;2;3;1;6m    [48;2;1;1;3m[38;2;1;1;3m  [48;2;1;1;1m[38;2;1;1;1m  [48;2;1;1;3m[38;2;1;1;3m  [48;2;1;1;1m[38;2;1;1;1m    [48;2;4;2;7m[38;2;4;2;7m  [48;2;248;247;252m[38;2;147;146;151m▎[48;2;255;254;255m[38;2;234;233;238m│[48;2;250;250;252m[38;2;250;250;252m    [48;2;255;253;255m[38;2;253;248;252m▄[48;2;189;184;188m[38;2;247;242;246m▊[48;2;35;16;24m[38;2;210;65;93m▄[48;2;33;15;23m[38;2;158;59;71m▄[48;2;2;2;4m[38;2;2;2;4m  [48;2;1;1;1m[38;2;1;1;1m  [48;2;3;1;6m[38;2;3;1;6m  [48;2;1;1;3m[38;2;1;1;3m  [48;2;1;1;1m[38;2;1;1;1m            [0m
[48;2;1;1;1m[38;2;1;1;1m              [48;2;2;0;3m[38;2;2;0;3m  [48;2;1;1;3m[38;2;1;1;3m  [48;2;1;1;1m[38;2;1;1;1m      [48;2;2;0;3m[38;2;2;0;3m    [48;2;20;19;23m[38;2;6;5;9m▊[48;2;48;46;51m[38;2;211;210;214m▄[48;2;238;238;239m[38;2;0;0;0m [48;2;249;249;251m[38;2;233;233;235m╵[48;2;250;250;252m[38;2;250;250;252m    [48;2;197;193;197m[38;2;247;243;247m▊[48;2;229;224;228m[38;2;38;34;37m▅[48;2;150;52;83m[38;2;14;6;6m▄[48;2;13;8;8m[38;2;0;0;0m [48;2;1;1;3m[38;2;1;1;3m  [48;2;1;1;1m[38;2;1;1;1m  [48;2;1;1;3m[38;2;1;1;3m  [48;2;1;1;1m[38;2;1;1;1m              [0m
[48;2;1;1;1m[38;2;1;1;1m                [48;2;1;1;3m[38;2;1;1;3m  [48;2;1;1;1m[38;2;1;1;1m    [48;2;3;1;6m[38;2;3;1;6m      [48;2;1;0;4m[38;2;23;21;26m▄[48;2;245;243;248m[38;2;146;144;149m▎[48;2;250;250;252m[38;2;250;250;252m      [48;2;189;184;188m[38;2;241;237;241m▊[48;2;32;27;31m[38;2;148;143;147m▁[48;2;1;1;3m[38;2;1;1;3m  [48;2;1;1;1m[38;2;1;1;1m                    [0m
[48;2;1;1;1m[38;2;1;1;1m                    [48;2;0;0;0m[38;2;0;0;0m  [48;2;1;1;3m[38;2;1;1;3m  [48;2;2;0;3m[38;2;2;0;3m  [48;2;3;1;6m[38;2;3;1;6m  [48;2;3;0;2m[38;2;6;1;5m▄[48;2;202;197;201m[38;2;67;63;66m▅[48;2;229;224;226m[38;2;73;67;69m▅▅[48;2;228;222;226m[38;2;71;65;69m▅[48;2;234;231;233m[38;2;82;76;80m▅[48;2;244;242;245m[38;2;220;218;221m╸[48;2;239;237;239m[38;2;113;111;114m▁[48;2;248;245;248m[38;2;240;212;222m▁[48;2;162;154;157m[38;2;236;227;230m▊[48;2;19;11;13m[38;2;134;58;84m▁[48;2;16;8;9m[38;2;129;53;79m▁[48;2;1;1;3m[38;2;1;1;3m  [48;2;1;1;1m[38;2;1;1;1m                  [0m
[48;2;1;1;1m[38;2;1;1;1m                        [48;2;1;1;3m[38;2;1;1;3m  [48;2;1;0;2m[38;2;10;8;11m━[38;2;8;6;9m▃[48;2;33;31;34m[38;2;212;210;213m▅[48;2;238;236;239m[38;2;0;0;0m [48;2;250;250;252m[38;2;250;250;252m    [48;2;241;239;242m[38;2;0;0;0m [48;2;62;61;63m[38;2;220;218;221m▅[48;2;210;194;196m[38;2;26;25;21m▅[48;2;187;70;105m[38;2;29;12;13m▅[48;2;204;72;96m[38;2;72;29;23m▁[48;2;193;60;85m[38;2;61;19;15m▁[48;2;4;2;7m[38;2;4;2;7m  [48;2;1;1;1m[38;2;1;1;1m                  [0m
[48;2;1;1;1m[38;2;1;1;1m                    [48;2;2;0;3m[38;2;2;0;3m  [48;2;1;1;1m[38;2;1;1;1m  [48;2;3;1;6m[38;2;3;1;6m  [48;2;23;21;24m[38;2;1;0;2m▊[48;2;243;241;244m[38;2;121;119;122m▎[48;2;250;250;252m[38;2;250;250;252m      [48;2;240;240;242m[38;2;252;252;253m┃[48;2;205;205;207m[38;2;248;248;250m▊[48;2;23;22;24m[38;2;169;167;170m▁[48;2;8;6;9m[38;2;0;0;0m [48;2;1;1;3m[38;2;1;1;3m  [48;2;1;1;1m[38;2;1;1;1m                    [0m
[48;2;1;1;1m[38;2;1;1;1m                  [48;2;1;1;3m[38;2;1;1;3m  [48;2;2;0;3m[38;2;2;0;3m  [48;2;1;1;3m[38;2;1;1;3m  [48;2;3;1;6m[38;2;3;1;6m  [48;2;36;34;37m[38;2;198;196;199m▅[48;2;239;237;239m[38;2;0;0;0m [48;2;250;250;252m[38;2;250;250;252m        [48;2;177;172;176m[38;2;248;244;247m▊[48;2;8;3;7m[38;2;54;49;53m▎[48;2;1;1;3m[38;2;1;1;3m    [48;2;1;1;1m[38;2;1;1;1m                  [0m
[48;2;1;1;1m[38;2;1;1;1m                  [48;2;2;0;3m[38;2;2;0;3m    [48;2;3;1;6m[38;2;3;1;6m    [48;2;239;237;240m[38;2;129;127;130m▎[48;2;254;252;254m[38;2;239;237;240m│[48;2;250;250;252m[38;2;250;250;252m        [48;2;196;191;195m[38;2;247;243;246m▊[48;2;35;31;34m[38;2;195;190;194m▁[48;2;3;1;4m[38;2;3;1;4m  [48;2;1;1;1m[38;2;1;1;1m                    [0m
[48;2;4;2;10m[38;2;23;2;126m▂▂▂▂▂▂▂▂▂▂▂▂▂▂▂▂▂▂[48;2;5;3;12m[38;2;24;2;129m▂▂[48;2;4;2;10m[38;2;23;2;126m▂▂[48;2;5;3;12m[38;2;24;2;129m▂▂[48;2;24;23;27m[38;2;208;206;211m▁[48;2;46;44;49m[38;2;216;214;218m▅[48;2;238;238;239m[38;2;0;0;0m [48;2;250;250;251m[38;2;235;235;237m┗[48;2;250;250;252m[38;2;250;250;252m  [48;2;219;216;228m[38;2;248;246;247m▊[48;2;208;204;211m[38;2;41;33;72m▅[48;2;221;218;231m[38;2;52;34;158m▁[48;2;246;244;245m[38;2;223;220;237m╴[48;2;250;250;252m[38;2;250;250;252m  [48;2;255;255;255m[38;2;245;245;247m▌[48;2;174;174;176m▊[48;2;15;10;19m[38;2;35;10;138m▂[48;2;6;1;10m[38;2;24;1;126m▂[48;2;4;2;10m[38;2;23;2;126m▂▂▂▂▂▂▂▂▂▂▂▂▂▂▂▂▂▂▂▂[0m
[48;2;38;3;183m[38;2;38;3;183m                      [48;2;55;29;183m[38;2;199;188;230m▁[48;2;66;43;185m[38;2;219;211;236m▅[48;2;239;238;241m[38;2;0;0;0m [48;2;251;250;253m[38;2;236;235;240m┗[48;2;250;250;252m[38;2;250;250;252m  [48;2;249;249;251m[38;2;249;249;251m  [48;2;231;226;228m[38;2;74;48;186m▆[48;2;42;13;186m[38;2;0;0;0m [48;2;70;48;175m[38;2;33;5;185m▊[48;2;248;247;247m[38;2;187;176;232m▎[48;2;250;250;252m[38;2;250;250;252m  [48;2;255;254;255m[38;2;246;245;250m▌[48;2;175;174;179m[38;2;246;245;249m▊[48;2;41;6;184m[38;2;41;6;184m  [48;2;38;3;183m[38;2;38;3;183m                    [0m
[48;2;38;3;183m[38;2;38;3;183m                    [48;2;40;8;185m[38;2;34;4;176m▗[48;2;53;29;187m[38;2;190;180;218m▆[48;2;236;235;239m[38;2;0;0;0m [48;2;246;245;249m[38;2;235;234;240m╸[48;2;250;250;252m[38;2;250;250;252m    [48;2;238;235;242m[38;2;89;69;184m▂[48;2;233;230;235m[38;2;61;37;182m▆[48;2;46;11;189m[38;2;35;2;178m▄[48;2;35;2;178m[38;2;46;11;189m▄[48;2;70;48;175m[38;2;33;5;185m▊[48;2;248;247;247m[38;2;187;176;232m▎[48;2;250;250;252m[38;2;250;250;252m  [48;2;199;191;230m[38;2;249;246;249m▊[48;2;203;198;221m[38;2;48;23;174m▆[48;2;39;4;184m[38;2;39;4;184m  [48;2;38;3;183m[38;2;38;3;183m                    [0m
[48;2;38;3;185m[38;2;38;3;185m                    [48;2;122;108;191m[38;2;225;222;240m┏[48;2;235;233;239m[38;2;0;0;0m [48;2;250;250;252m[38;2;250;250;252m  [48;2;247;246;248m[38;2;0;0;0m [48;2;222;219;234m[38;2;65;51;169m▁[48;2;228;220;242m[38;2;63;37;181m▆[48;2;220;212;230m[38;2;43;12;190m▆[48;2;43;8;186m[38;2;56;21;199m▘[48;2;38;4;181m[38;2;25;0;168m▝[48;2;39;4;184m[38;2;39;4;184m  [48;2;51;27;176m[38;2;208;202;225m▂[48;2;248;246;246m[38;2;212;204;242m▎[48;2;250;250;252m[38;2;250;250;252m  [48;2;173;162;220m[38;2;249;247;249m▊[48;2;37;11;173m[38;2;46;13;204m│[48;2;38;3;185m[38;2;38;3;185m                      [0m
[48;2;38;3;185m[38;2;38;3;185m                  [48;2;34;4;185m[38;2;32;6;158m▎[48;2;67;43;174m[38;2;194;182;226m▆[48;2;236;235;238m[38;2;0;0;0m [48;2;251;250;252m[38;2;243;242;246m┗[48;2;248;247;251m[38;2;0;0;0m [48;2;223;220;233m[38;2;72;61;160m▁[48;2;212;205;226m[38;2;63;39;185m▆[48;2;50;19;186m[38;2;0;0;0m [48;2;38;3;185m[38;2;38;3;185m    [48;2;39;4;184m[38;2;39;4;184m  [48;2;248;247;251m[38;2;205;204;209m▎[48;2;240;239;244m[38;2;252;251;254m┃[48;2;250;250;252m[38;2;254;254;255m▌[48;2;239;239;241m[38;2;243;243;245m▌[48;2;198;188;223m[38;2;52;24;182m▆[48;2;41;10;194m[38;2;36;7;172m▌[48;2;38;3;185m[38;2;38;3;185m                      [0m
[48;2;38;3;185m[38;2;38;3;185m                  [48;2;40;5;187m[38;2;35;0;180m╵[48;2;188;176;204m[38;2;166;69;127m▂[48;2;250;247;250m[38;2;214;209;213m▖[48;2;251;248;251m[38;2;0;0;0m [48;2;236;233;240m[38;2;99;82;175m▂[48;2;45;19;192m[38;2;135;123;188m▎[48;2;38;3;185m[38;2;38;3;185m      [48;2;44;13;194m[38;2;35;11;155m▂[48;2;86;61;191m[38;2;227;220;235m▆[48;2;249;249;251m[38;2;249;249;251m  [48;2;209;201;241m[38;2;246;243;245m▊[48;2;205;199;224m[38;2;48;24;174m▆[48;2;39;4;184m[38;2;39;4;184m  [48;2;38;3;185m[38;2;38;3;185m                      [0m
[48;2;38;3;185m[38;2;38;3;185m                  [48;2;38;5;197m[38;2;32;6;168m┃[48;2;85;27;98m[38;2;211;69;94m▝[48;2;226;118;141m[38;2;49;20;20m▃[48;2;233;210;206m[38;2;198;68;98m▆[48;2;112;63;153m[38;2;209;77;104m▆[48;2;63;18;75m[38;2;198;64;93m▂[48;2;30;11;64m[38;2;195;65;98m▂[48;2;47;13;155m[38;2;25;9;15m▆[48;2;36;13;142m[38;2;5;3;13m▆▆▆▆[48;2;44;22;135m[38;2;12;7;18m▆[48;2;171;162;191m[38;2;18;14;19m▆[48;2;237;236;238m[38;2;204;90;109m▃[48;2;241;229;231m[38;2;213;76;100m▂[48;2;227;200;211m[38;2;213;73;99m▆[48;2;85;42;153m[38;2;215;75;100m▆[48;2;40;16;70m[38;2;188;69;95m▂▂[48;2;37;4;166m[38;2;37;25;61m▂[48;2;37;1;186m[38;2;37;5;162m▖[48;2;38;3;185m[38;2;38;3;185m                    [0m
[48;2;38;3;185m[38;2;38;3;185m                  [48;2;37;3;172m[38;2;37;0;199m▘[48;2;37;18;95m[38;2;37;2;180m▆[48;2;16;9;30m[38;2;32;9;167m▃[48;2;124;39;61m[38;2;23;11;78m▆[48;2;160;41;74m[38;2;25;10;81m▆▆[48;2;137;45;73m[38;2;27;7;82m▆[48;2;21;10;29m[38;2;46;13;182m▂[48;2;8;3;24m[38;2;39;10;180m▂▂▂▂▂▂[48;2;147;47;73m[38;2;27;9;80m▆▆[48;2;160;41;74m[38;2;25;10;81m▆▆[48;2;149;48;79m[38;2;29;10;84m▆▆[48;2;37;22;78m[38;2;37;2;183m▆[48;2;37;2;182m[38;2;37;5;163m▘[48;2;38;3;185m[38;2;38;3;185m                    [0m
[48;2;40;2;185m[38;2;40;2;185m                                                            [0m
[48;2;40;2;185m[38;2;40;2;185m                                                            [0m
