[48;2;1;1;1m[38;2;1;1;1m                                                            [0m
[48;2;1;1;1m[38;2;1;1;1m                                                            [0m
[48;2;1;1;1m[38;2;1;1;1m                                                            [0m
[48;2;1;1;1m[38;2;1;1;1m                                                            [0m
[48;2;1;1;1m[38;2;1;1;1m                            [48;2;1;1;3m[38;2;1;1;3m  [48;2;1;1;1m[38;2;1;1;1m                              [0m
[48;2;1;1;1m[38;2;1;1;1m                        [48;2;1;1;3m[38;2;1;1;3m    [48;2;3;1;6m[38;2;3;1;6m  [48;2;2;0;3m[38;2;2;0;3m  [48;2;1;1;1m[38;2;1;1;1m  [48;2;1;1;3m[38;2;1;1;3m  [48;2;1;1;1m[38;2;1;1;1m                        [0m
[48;2;1;1;1m[38;2;1;1;1m                        [48;2;3;1;6m[38;2;3;1;6m      [48;2;1;1;3m[38;2;1;1;3m  [48;2;3;1;4m[38;2;3;1;4m  [48;2;3;1;6m[38;2;3;1;6m  [48;2;5;3;6m[38;2;5;3;6m  [48;2;3;3;5m[38;2;3;3;5m  [48;2;1;1;3m[38;2;1;1;3m  [48;2;1;1;1m[38;2;1;1;1m                  [0m
[48;2;1;1;1m[38;2;1;1;1m                        [48;2;1;1;3m[38;2;1;1;3m  [48;2;3;1;6m[38;2;3;1;6m  [48;2;1;1;3m[38;2;1;1;3m    [48;2;2;0;3m[38;2;2;0;3m  [48;2;16;12;15m[38;2;0;0;0m [48;2;36;32;35m[38;2;215;210;214m▄[48;2;154;152;155m[38;2;246;244;246m▇▇[48;2;161;159;162m[38;2;243;241;243m▇[48;2;140;138;141m[38;2;237;236;238m▇[48;2;23;18;22m[38;2;193;188;192m▄[48;2;14;10;13m[38;2;0;0;0m [48;2;1;1;3m[38;2;1;1;3m  [48;2;1;1;1m[38;2;1;1;1m                [0m
[48;2;1;1;1m[38;2;1;1;1m                    [48;2;2;2;4m[38;2;2;2;4m  [48;2;3;1;6m[38;2;3;1;6m    [48;2;1;1;3m[38;2;1;1;3m      [48;2;3;1;4m[38;2;3;1;4m  [48;2;80;75;79m[38;2;9;5;8m▊[48;2;249;245;248m[38;2;203;198;202m▎[48;2;247;245;248m[38;2;253;252;254m▅[48;2;245;243;246m[38;2;232;230;233m▗[48;2;235;223;226m[38;2;199;80;100m▄[48;2;187;69;89m[38;2;28;14;18m▄[48;2;42;40;43m[38;2;7;5;8m▆[48;2;1;0;2m[38;2;4;2;5m▄[48;2;3;1;6m[38;2;3;1;6m  [48;2;1;1;1m[38;2;1;1;1m                [0m
[48;2;1;1;1m[38;2;1;1;1m                [48;2;2;0;3m[38;2;2;0;3m  [48;2;3;1;4m[38;2;3;1;4m  [48;2;3;1;6m[38;2;3;1;6m    [48;2;1;1;3m[38;2;1;1;3m  [48;2;1;1;1m[38;2;1;1;1m    [48;2;1;1;3m[38;2;1;1;3m  [48;2;22;18;21m[38;2;0;0;0m [48;2;25;20;24m[38;2;220;215;219m▄[48;2;45;43;46m[38;2;234;233;235m▄[48;2;239;238;240m[38;2;0;0;0m [48;2;239;237;238m[38;2;247;254;253m▊[48;2;212;186;195m[38;2;252;239;245m▊[48;2;220;84;108m[38;2;203;67;91m┃[48;2;166;30;54m[38;2;208;72;96m▊[48;2;4;2;5m[38;2;4;2;5m  [48;2;3;1;4m[38;2;3;1;4m  [48;2;1;1;1m[38;2;1;1;1m                [0m
[48;2;1;1;1m[38;2;1;1;1m            [48;2;1;1;3m[38;2;1;1;3m  [48;2;3;1;6m[38;2;3;1;6m          [48;2;1;1;1m[38;2;1;1;1m    [48;2;1;1;3m[38;2;1;1;3m  [48;2;11;10;12m[38;2;77;75;78m▁[48;2;33;31;34m[38;2;220;218;221m▄[48;2;245;245;247m[38;2;217;217;219m▘[48;2;244;244;246m[38;2;251;251;253m▊[48;2;250;250;252m[38;2;250;250;252m  [48;2;255;254;255m[38;2;248;246;249m▌[48;2;177;175;178m[38;2;247;246;248m▊[48;2;190;63;85m[38;2;18;15;17m▄[48;2;184;57;79m[38;2;15;11;12m▄[48;2;2;2;4m[38;2;2;2;4m  [48;2;3;1;6m[38;2;3;1;6m  [48;2;1;1;3m[38;2;1;1;3m  [48;2;1;1;1m[38;2;1;1;1m              [0m
[48;2;1;1;1m[38;2;1;1;1m            [48;2;3;1;6m[38;2;3;1;6m        [48;2;1;1;1m[38;2;1;1;1m        [48;2;37;35;38m[38;2;1;0;2m▊[48;2;43;41;44m[38;2;209;207;210m▄[48;2;238;238;239m[38;2;0;0;0m [48;2;249;249;250m[38;2;232;232;234m╵[48;2;250;250;252m[38;2;250;250;252m    [48;2;255;255;255m[38;2;245;245;247m▌[48;2;174;174;176m▊[48;2;11;9;12m[38;2;140;138;141m▁[48;2;7;6;8m[38;2;134;132;135m▁[48;2;9;4;4m[38;2;63;36;45m▁▁[48;2;1;1;1m[38;2;1;1;1m  [48;2;2;0;3m[38;2;2;0;3m  [48;2;1;1;1m[38;2;1;1;1m              [0m
[48;2;1;1;1m[38;2;1;1;1m            [48;2;1;1;3m[38;2;1;1;3m  [48;2;3;1;6m[38;2;3;1;6m    [48;2;1;1;3m[38;2;1;1;3m  [48;2;1;1;1m[38;2;1;1;1m  [48;2;1;1;3m[38;2;1;1;3m  [48;2;1;1;1m[38;2;1;1;1m    [48;2;19;17;20m[38;2;194;193;195m▅[48;2;234;232;234m[38;2;0;0;0m [48;2;250;250;252m[38;2;250;250;252m      [48;2;244;244;245m[38;2;0;0;0m [38;2;134;134;136m▁[48;2;246;241;243m[38;2;125;119;121m▁[48;2;230;225;227m[38;2;107;101;103m▁[48;2;212;65;94m[38;2;90;32;32m▁[48;2;190;67;88m[38;2;68;35;26m▁[48;2;2;2;2m[38;2;2;2;2m  [48;2;3;1;6m[38;2;3;1;6m  [48;2;1;1;3m[38;2;1;1;3m  [48;2;1;1;1m[38;2;1;1;1m            [0m
[48;2;1;1;1m[38;2;1;1;1m              [48;2;2;0;3m[38;2;2;0;3m  [48;2;1;1;3m[38;2;1;1;3m  [48;2;1;1;1m[38;2;1;1;1m      [48;2;2;0;3m[38;2;2;0;3m  [48;2;3;1;4m[38;2;3;1;4m  [48;2;208;206;209m[38;2;101;99;102m▁[48;2;231;229;232m[38;2;249;248;250m▇[48;2;250;250;252m[38;2;250;250;252m    [48;2;244;242;245m[38;2;0;0;0m [48;2;237;235;237m[38;2;107;105;108m▁[48;2;215;211;215m[38;2;26;21;25m▅[48;2;14;10;13m[38;2;0;0;0m [48;2;3;1;4m[38;2;3;1;4m  [48;2;1;1;3m[38;2;1;1;3m  [48;2;1;1;1m[38;2;1;1;1m  [48;2;1;1;3m[38;2;1;1;3m  [48;2;1;1;1m[38;2;1;1;1m              [0m
[48;2;1;1;1m[38;2;1;1;1m                [48;2;1;1;3m[38;2;1;1;3m  [48;2;1;1;1m[38;2;1;1;1m    [48;2;3;1;6m[38;2;3;1;6m    [48;2;19;14;18m[38;2;147;142;146m▁[48;2;19;15;18m[38;2;207;202;206m▅[48;2;38;33;37m[38;2;223;218;222m▅[48;2;202;197;201m[38;2;91;87;90m▅[48;2;233;229;233m[38;2;72;67;71m▅▅[48;2;249;249;251m[38;2;231;231;233m▌[38;2;255;255;255m▌[48;2;189;184;188m[38;2;248;243;247m▊[48;2;6;1;5m[38;2;65;60;64m▎[48;2;1;1;1m[38;2;1;1;1m                        [0m
[48;2;1;1;1m[38;2;1;1;1m                    [48;2;0;0;0m[38;2;0;0;0m  [48;2;1;1;3m[38;2;1;1;3m  [48;2;2;0;3m[38;2;2;0;3m  [48;2;239;237;240m[38;2;129;127;130m▎[48;2;254;252;254m[38;2;239;237;240m│[48;2;250;250;252m[38;2;250;250;252m      [48;2;188;183;187m[38;2;247;242;246m▊[48;2;5;1;4m[38;2;64;59;63m▎[48;2;1;1;1m[38;2;1;1;1m  [48;2;1;1;3m[38;2;1;1;3m    [48;2;1;1;1m[38;2;1;1;1m                  [0m
[48;2;1;1;1m[38;2;1;1;1m                        [48;2;2;0;3m[38;2;2;0;3m  [48;2;207;206;208m[38;2;105;103;106m▎[48;2;242;241;243m[38;2;0;0;0m [48;2;250;250;252m[38;2;250;250;252m    [48;2;249;247;250m[38;2;249;247;250m  [48;2;224;217;212m[38;2;208;82;117m▅[48;2;24;14;11m[38;2;163;45;77m▁[48;2;1;1;1m[38;2;1;1;1m    [48;2;3;1;6m[38;2;3;1;6m  [48;2;1;1;1m[38;2;1;1;1m                  [0m
[48;2;1;1;1m[38;2;1;1;1m                    [48;2;2;0;3m[38;2;2;0;3m  [48;2;1;1;1m[38;2;1;1;1m  [48;2;3;1;6m[38;2;3;1;6m  [48;2;23;21;24m[38;2;1;0;2m▊[48;2;243;241;244m[38;2;121;119;122m▎[48;2;250;250;252m[38;2;250;250;252m    [48;2;249;247;250m[38;2;249;247;250m  [48;2;215;76;103m[38;2;229;173;172m▂[48;2;200;59;86m[38;2;215;72;100m┃[48;2;8;6;7m[38;2;13;11;12m▌[48;2;1;0;0m[38;2;3;1;2m▎[48;2;1;1;3m[38;2;1;1;3m  [48;2;1;1;1m[38;2;1;1;1m                    [0m
[48;2;1;1;1m[38;2;1;1;1m                  [48;2;1;1;3m[38;2;1;1;3m  [48;2;2;0;3m[38;2;2;0;3m  [48;2;1;1;3m[38;2;1;1;3m  [48;2;3;1;6m[38;2;3;1;6m  [48;2;23;21;24m[38;2;1;0;2m▊[48;2;243;241;244m[38;2;121;119;122m▎[48;2;250;250;252m[38;2;250;250;252m      [48;2;215;195;200m[38;2;247;249;247m▊[48;2;208;63;110m[38;2;43;23;28m▆[48;2;3;1;4m[38;2;3;1;4m  [48;2;1;1;3m[38;2;1;1;3m    [48;2;1;1;1m[38;2;1;1;1m                  [0m
[48;2;1;1;1m[38;2;1;1;1m                  [48;2;2;0;3m[38;2;2;0;3m    [48;2;3;1;6m[38;2;3;1;6m    [48;2;23;21;24m[38;2;1;0;2m▊[48;2;243;241;244m[38;2;121;119;122m▎[48;2;250;250;252m[38;2;250;250;252m      [48;2;198;193;197m[38;2;247;243;247m▊[48;2;34;30;33m[38;2;216;211;215m▁[48;2;3;1;4m[38;2;3;1;4m  [48;2;1;1;3m[38;2;1;1;3m  [48;2;1;1;1m[38;2;1;1;1m                    [0m
[48;2;4;2;10m[38;2;23;2;126m▂▂▂▂▂▂▂▂▂▂▂▂▂▂▂▂▂▂[48;2;5;3;12m[38;2;24;2;129m▂▂[48;2;4;2;10m[38;2;23;2;126m▂▂[48;2;5;3;12m[38;2;24;2;129m▂▂[48;2;4;2;11m[38;2;23;1;128m▂▂[48;2;44;42;45m[38;2;209;207;210m▅[48;2;236;234;236m[38;2;0;0;0m [48;2;250;250;252m[38;2;250;250;252m      [48;2;255;255;255m[38;2;251;251;253m▄[48;2;187;187;189m[38;2;245;245;247m▊[48;2;16;13;30m[38;2;35;12;160m▁[48;2;7;5;10m[38;2;25;4;126m▂[48;2;5;3;12m[38;2;24;2;129m▂▂[48;2;4;2;10m[38;2;23;2;126m▂▂▂▂▂▂▂▂▂▂▂▂▂▂▂▂▂▂▂▂[0m
[48;2;38;3;183m[38;2;38;3;183m                        [48;2;39;13;181m[38;2;192;182;215m▂[48;2;38;11;178m[38;2;209;200;229m▆[48;2;239;238;241m[38;2;0;0;0m [48;2;251;250;253m[38;2;236;235;240m┗[48;2;250;250;252m[38;2;250;250;252m  [48;2;243;241;245m[38;2;89;74;165m▂[48;2;244;243;246m[38;2;0;0;0m [48;2;250;250;252m[38;2;250;250;252m  [48;2;255;255;255m[38;2;249;249;251m▌[48;2;231;231;233m▌[48;2;35;5;172m[38;2;82;54;190m▎[48;2;38;3;184m[38;2;49;11;208m▎[48;2;38;3;183m[38;2;38;3;183m                      [0m
[48;2;38;3;183m[38;2;38;3;183m                    [48;2;38;3;185m[38;2;38;3;185m  [48;2;57;9;173m[38;2;156;60;111m▁[48;2;60;22;153m[38;2;183;63;99m▅[48;2;248;233;241m[38;2;190;162;174m▎[48;2;237;247;246m[38;2;251;251;252m▊[48;2;250;250;252m[38;2;250;250;252m  [48;2;241;237;244m[38;2;87;67;182m▂[48;2;236;234;237m[38;2;61;36;182m▆[48;2;52;25;186m[38;2;13;0;157m│[48;2;250;249;246m[38;2;196;186;238m▎[48;2;250;250;252m[38;2;250;250;252m  [48;2;242;241;247m[38;2;0;0;0m [48;2;236;235;237m[38;2;81;61;188m▂[48;2;30;0;171m[38;2;61;27;202m▌[48;2;36;2;177m[38;2;44;10;185m┃[48;2;38;3;183m[38;2;38;3;183m                      [0m
[48;2;38;3;185m[38;2;38;3;185m                    [48;2;40;6;183m[38;2;40;6;183m▄[48;2;72;16;156m[38;2;161;63;116m━[48;2;193;69;104m[38;2;193;69;104m▄[48;2;204;75;83m[38;2;225;76;99m▊[48;2;234;193;211m[38;2;156;55;110m▆[48;2;234;217;229m[38;2;45;31;169m▂[48;2;231;223;244m[38;2;61;37;178m▆[48;2;223;216;231m[38;2;41;12;186m▆[48;2;43;8;186m[38;2;56;21;199m▘[48;2;38;4;181m[38;2;25;0;168m▝[48;2;71;49;176m[38;2;34;5;186m▊[48;2;249;248;248m[38;2;188;177;233m▎[48;2;250;250;252m[38;2;250;250;252m  [48;2;199;189;242m[38;2;248;247;246m▊[48;2;33;2;183m[38;2;83;61;187m▎[48;2;38;3;185m[38;2;38;3;185m                        [0m
[48;2;38;3;185m[38;2;38;3;185m                      [48;2;142;50;126m[38;2;50;8;180m▆[48;2;173;64;104m[38;2;39;11;172m▂[48;2;88;34;152m[38;2;192;70;98m▆[48;2;57;12;169m[38;2;208;59;100m▂[48;2;41;4;182m[38;2;41;4;182m  [48;2;38;3;185m[38;2;38;3;185m  [48;2;70;48;175m[38;2;33;5;185m▊[48;2;248;247;247m[38;2;187;176;232m▎[48;2;250;250;252m[38;2;250;250;252m  [48;2;199;189;242m[38;2;248;247;246m▊[48;2;33;2;183m[38;2;83;61;187m▎[48;2;38;3;185m[38;2;38;3;185m                        [0m
[48;2;38;3;185m[38;2;38;3;185m                        [48;2;184;64;110m[38;2;47;11;175m▇[48;2;199;79;125m[38;2;45;10;173m▇[48;2;39;4;182m[38;2;39;4;182m  [48;2;38;3;185m[38;2;38;3;185m  [48;2;54;32;171m[38;2;33;5;178m▊[48;2;232;225;243m[38;2;83;57;189m▃[48;2;248;248;250m[38;2;248;248;250m  [48;2;199;189;242m[38;2;248;247;246m▊[48;2;33;2;183m[38;2;83;61;187m▎[48;2;38;3;185m[38;2;38;3;185m                        [0m
[48;2;38;3;185m[38;2;38;3;185m                    [48;2;31;2;161m[38;2;30;18;68m▂[48;2;33;9;136m[38;2;12;6;26m▅[48;2;35;12;139m[38;2;5;3;11m▆▆▆▆[48;2;36;13;142m[38;2;5;3;13m▆▆▆▆[48;2;37;14;141m[38;2;6;4;12m▆▆[48;2;221;198;192m[38;2;140;45;64m▆[48;2;226;208;201m[38;2;204;75;105m▆[48;2;226;199;210m[38;2;212;72;98m▆[48;2;84;41;152m[38;2;214;74;99m▆[48;2;40;16;70m[38;2;188;69;95m▂▂[48;2;37;4;166m[38;2;37;25;61m▂[48;2;37;1;186m[38;2;37;5;162m▖[48;2;38;3;185m[38;2;38;3;185m                    [0m
[48;2;38;3;185m[38;2;38;3;185m                    [48;2;32;16;89m[38;2;33;2;174m▆[48;2;17;6;48m[38;2;37;4;185m▂[48;2;8;6;11m[38;2;30;5;149m▃▃▃▃[48;2;8;3;24m[38;2;39;10;180m▂▂▂▂▂▂[48;2;16;9;27m[38;2;40;12;179m▂[48;2;132;44;70m[38;2;23;7;80m▆[48;2;160;41;74m[38;2;25;10;81m▆▆[48;2;149;48;79m[38;2;29;10;84m▆▆[48;2;37;22;78m[38;2;37;2;183m▆[48;2;37;2;182m[38;2;37;5;163m▘[48;2;38;3;185m[38;2;38;3;185m                    [0m
[48;2;40;2;185m[38;2;40;2;185m                                                            [0m
[48;2;40;2;185m[38;2;40;2;185m                                                            [0m
