[48;2;1;1;1m[38;2;1;1;1m                                                            [0m
[48;2;1;1;1m[38;2;1;1;1m                                                            [0m
[48;2;1;1;1m[38;2;1;1;1m                                                            [0m
[48;2;1;1;1m[38;2;1;1;1m                                                            [0m
[48;2;1;1;1m[38;2;1;1;1m                            [48;2;1;1;3m[38;2;1;1;3m  [48;2;1;1;1m[38;2;1;1;1m                              [0m
[48;2;1;1;1m[38;2;1;1;1m                        [48;2;1;1;3m[38;2;1;1;3m    [48;2;3;1;6m[38;2;3;1;6m  [48;2;2;0;3m[38;2;2;0;3m  [48;2;1;1;1m[38;2;1;1;1m  [48;2;1;1;3m[38;2;1;1;3m  [48;2;1;1;1m[38;2;1;1;1m                        [0m
[48;2;1;1;1m[38;2;1;1;1m                        [48;2;3;1;6m[38;2;3;1;6m      [48;2;1;1;3m[38;2;1;1;3m  [48;2;3;1;4m[38;2;3;1;4m  [48;2;3;1;6m[38;2;3;1;6m  [48;2;5;3;6m[38;2;5;3;6m  [48;2;3;3;5m[38;2;3;3;5m  [48;2;1;1;3m[38;2;1;1;3m  [48;2;1;1;1m[38;2;1;1;1m                  [0m
[48;2;1;1;1m[38;2;1;1;1m                        [48;2;1;1;3m[38;2;1;1;3m  [48;2;3;1;6m[38;2;3;1;6m  [48;2;1;1;3m[38;2;1;1;3m    [48;2;2;0;3m[38;2;2;0;3m  [48;2;16;12;15m[38;2;0;0;0m [48;2;36;32;35m[38;2;215;210;214m▄[48;2;154;152;155m[38;2;246;244;246m▇▇[48;2;161;159;162m[38;2;243;241;243m▇[48;2;140;138;141m[38;2;237;236;238m▇[48;2;23;18;22m[38;2;193;188;192m▄[48;2;14;10;13m[38;2;0;0;0m [48;2;1;1;3m[38;2;1;1;3m  [48;2;1;1;1m[38;2;1;1;1m                [0m
[48;2;1;1;1m[38;2;1;1;1m                    [48;2;2;2;4m[38;2;2;2;4m  [48;2;3;1;6m[38;2;3;1;6m    [48;2;1;1;3m[38;2;1;1;3m      [48;2;3;1;4m[38;2;3;1;4m  [48;2;72;67;71m[38;2;12;7;11m▊[48;2;253;250;253m[38;2;196;191;195m▎[48;2;247;245;248m[38;2;253;252;254m▅[48;2;245;243;246m[38;2;232;230;233m▗[48;2;235;223;226m[38;2;199;80;100m▄[48;2;187;69;89m[38;2;28;14;18m▄[48;2;42;40;43m[38;2;7;5;8m▆[48;2;1;0;2m[38;2;4;2;5m▄[48;2;3;1;6m[38;2;3;1;6m  [48;2;1;1;1m[38;2;1;1;1m                [0m
[48;2;1;1;1m[38;2;1;1;1m                [48;2;2;0;3m[38;2;2;0;3m  [48;2;3;1;4m[38;2;3;1;4m  [48;2;3;1;6m[38;2;3;1;6m    [48;2;1;1;3m[38;2;1;1;3m  [48;2;1;1;1m[38;2;1;1;1m    [48;2;6;4;7m[38;2;1;0;2m▆[38;2;35;33;36m▂[48;2;28;23;27m[38;2;227;223;226m▄[48;2;34;30;33m[38;2;235;230;234m▄[48;2;228;226;229m[38;2;249;248;250m▄[48;2;252;250;253m[38;2;245;243;246m▘[48;2;244;238;240m[38;2;254;250;252m┃[48;2;209;203;205m[38;2;251;246;248m▊[48;2;221;87;112m[38;2;197;63;88m┃[48;2;167;33;58m[38;2;209;75;100m▊[48;2;4;2;5m[38;2;4;2;5m  [48;2;3;1;4m[38;2;3;1;4m  [48;2;1;1;1m[38;2;1;1;1m                [0m
[48;2;1;1;1m[38;2;1;1;1m            [48;2;1;1;3m[38;2;1;1;3m  [48;2;3;1;6m[38;2;3;1;6m          [48;2;1;1;1m[38;2;1;1;1m    [48;2;1;0;2m[38;2;12;10;13m━[48;2;8;6;9m[38;2;77;75;78m▁[48;2;32;31;33m[38;2;218;216;219m▄[48;2;234;232;235m[38;2;0;0;0m [48;2;250;250;252m[38;2;250;250;252m      [48;2;201;175;179m[38;2;246;244;241m▊[48;2;169;66;96m[38;2;28;15;16m▄[48;2;2;2;4m[38;2;2;2;4m  [48;2;3;1;6m[38;2;3;1;6m  [48;2;1;1;3m[38;2;1;1;3m  [48;2;1;1;1m[38;2;1;1;1m              [0m
[48;2;1;1;1m[38;2;1;1;1m            [48;2;3;1;6m[38;2;3;1;6m        [48;2;1;1;1m[38;2;1;1;1m        [48;2;11;10;12m[38;2;100;98;101m▁[48;2;242;240;242m[38;2;151;149;152m▎[48;2;250;250;252m[38;2;250;250;252m        [48;2;181;176;180m[38;2;246;242;245m▊[48;2;22;17;21m[38;2;102;97;101m▁[48;2;1;1;3m[38;2;1;1;3m  [48;2;1;1;1m[38;2;1;1;1m  [48;2;2;0;3m[38;2;2;0;3m  [48;2;1;1;1m[38;2;1;1;1m              [0m
[48;2;1;1;1m[38;2;1;1;1m            [48;2;1;1;3m[38;2;1;1;3m  [48;2;3;1;6m[38;2;3;1;6m    [48;2;1;1;3m[38;2;1;1;3m  [48;2;1;1;1m[38;2;1;1;1m  [48;2;1;1;3m[38;2;1;1;3m  [48;2;1;1;1m[38;2;1;1;1m  [48;2;1;0;0m[38;2;2;0;1m▄[48;2;13;11;12m[38;2;112;110;111m▁[48;2;243;242;244m[38;2;152;150;153m▎[48;2;252;250;252m[38;2;244;242;245m┃[48;2;250;250;252m[38;2;250;250;252m      [48;2;243;243;245m[38;2;144;144;146m▁[48;2;245;245;246m[38;2;0;0;0m [48;2;252;248;251m[38;2;241;236;240m▎[48;2;186;181;185m[38;2;247;243;246m▊[48;2;53;20;30m[38;2;207;91;107m▄[48;2;31;14;18m[38;2;215;78;101m▄[48;2;62;25;32m[38;2;185;58;96m▃[48;2;8;5;2m[38;2;0;0;0m [48;2;3;1;6m[38;2;3;1;6m  [48;2;1;1;3m[38;2;1;1;3m  [48;2;1;1;1m[38;2;1;1;1m            [0m
[48;2;1;1;1m[38;2;1;1;1m              [48;2;2;0;3m[38;2;2;0;3m  [48;2;1;1;3m[38;2;1;1;3m  [48;2;1;1;1m[38;2;1;1;1m      [48;2;2;0;3m[38;2;2;0;3m  [48;2;27;25;28m[38;2;4;3;5m▊[48;2;216;214;217m[38;2;116;114;117m▎[48;2;244;242;245m[38;2;90;88;91m▁▁[48;2;249;249;251m[38;2;249;249;251m  [48;2;250;250;252m[38;2;250;250;252m  [48;2;246;244;246m[38;2;0;0;0m [48;2;226;224;226m[38;2;115;113;116m▁[48;2;23;19;22m[38;2;0;0;0m [48;2;227;223;227m[38;2;24;19;23m▅[48;2;232;230;233m[38;2;20;19;21m▅▅[48;2;221;210;210m[38;2;24;17;16m▅[48;2;199;86;120m[38;2;28;6;8m▅[48;2;142;45;73m[38;2;15;8;6m▄[48;2;11;7;5m[38;2;0;0;0m [48;2;1;1;3m[38;2;1;1;3m  [48;2;1;1;1m[38;2;1;1;1m              [0m
[48;2;1;1;1m[38;2;1;1;1m                [48;2;1;1;3m[38;2;1;1;3m  [48;2;1;1;1m[38;2;1;1;1m    [48;2;3;1;6m[38;2;3;1;6m  [48;2;1;0;4m[38;2;2;0;5m▄[38;2;169;167;172m▁[48;2;25;23;28m[38;2;198;196;200m▅[48;2;22;20;25m[38;2;229;227;231m▅[48;2;20;18;21m[38;2;230;228;231m▅▅[48;2;222;217;220m[38;2;80;74;78m▅[48;2;230;225;229m[38;2;76;70;74m▅[48;2;249;249;251m[38;2;231;231;233m▌[38;2;255;255;255m▌[48;2;189;184;188m[38;2;248;243;247m▊[48;2;6;1;5m[38;2;65;60;64m▎[48;2;1;1;1m[38;2;1;1;1m                        [0m
[48;2;1;1;1m[38;2;1;1;1m                    [48;2;0;0;0m[38;2;0;0;0m  [48;2;1;1;3m[38;2;1;1;3m  [48;2;24;22;25m[38;2;1;0;2m▊[48;2;239;237;240m[38;2;110;108;111m▎[48;2;250;250;252m[38;2;250;250;252m        [48;2;188;183;187m[38;2;247;242;246m▊[48;2;5;1;4m[38;2;64;59;63m▎[48;2;1;1;1m[38;2;1;1;1m  [48;2;1;1;3m[38;2;1;1;3m    [48;2;1;1;1m[38;2;1;1;1m                  [0m
[48;2;1;1;1m[38;2;1;1;1m                        [48;2;1;0;2m[38;2;2;0;3m▄[48;2;203;201;203m[38;2;89;87;90m▎[48;2;250;250;251m[38;2;240;240;242m▃[48;2;241;241;243m[38;2;251;251;252m▄[48;2;250;250;252m[38;2;250;250;252m      [48;2;199;194;198m[38;2;245;241;245m▊[48;2;32;27;31m[38;2;156;151;155m▁[48;2;2;2;2m[38;2;2;2;2m  [48;2;1;1;1m[38;2;1;1;1m  [48;2;3;1;6m[38;2;3;1;6m  [48;2;1;1;1m[38;2;1;1;1m                  [0m
[48;2;1;1;1m[38;2;1;1;1m                    [48;2;2;0;3m[38;2;2;0;3m  [48;2;1;1;1m[38;2;1;1;1m  [48;2;3;1;6m[38;2;3;1;6m  [48;2;179;177;179m[38;2;22;21;23m▅[48;2;241;239;242m[38;2;183;181;184m▎[48;2;250;250;252m[38;2;250;250;252m  [48;2;249;249;251m[38;2;249;249;251m  [48;2;241;227;232m[38;2;211;83;104m▅▅[48;2;248;247;249m[38;2;231;229;232m▎[48;2;194;192;195m[38;2;249;248;250m▊[48;2;23;22;22m[38;2;169;167;168m▁[48;2;8;6;7m[38;2;0;0;0m [48;2;1;1;3m[38;2;1;1;3m  [48;2;1;1;1m[38;2;1;1;1m                    [0m
[48;2;1;1;1m[38;2;1;1;1m                  [48;2;1;1;3m[38;2;1;1;3m  [48;2;2;0;3m[38;2;2;0;3m  [48;2;1;1;3m[38;2;1;1;3m  [48;2;3;1;6m[38;2;3;1;6m  [48;2;29;27;30m[38;2;5;4;6m▊[48;2;201;199;202m[38;2;101;99;102m▎[48;2;251;251;252m[38;2;241;241;243m▃[48;2;241;241;243m[38;2;251;251;252m▅[48;2;249;249;251m[38;2;249;249;251m  [48;2;213;87;111m[38;2;243;231;217m▁▁[48;2;248;248;250m[38;2;248;248;250m  [48;2;175;173;178m[38;2;246;245;248m▊[48;2;6;4;9m[38;2;52;50;55m▎[48;2;1;1;3m[38;2;1;1;3m    [48;2;1;1;1m[38;2;1;1;1m                  [0m
[48;2;1;1;1m[38;2;1;1;1m                  [48;2;2;0;3m[38;2;2;0;3m    [48;2;3;1;6m[38;2;3;1;6m  [48;2;3;1;4m[38;2;3;1;4m  [48;2;2;0;3m[38;2;2;0;3m  [48;2;250;248;250m[38;2;137;135;138m▎[48;2;247;245;248m[38;2;247;245;248m▄[48;2;250;250;252m[38;2;250;250;252m    [48;2;244;242;244m[38;2;0;0;0m [48;2;226;224;226m[38;2;31;30;32m▁[48;2;190;188;191m[38;2;18;16;19m▅[48;2;3;1;4m[38;2;1;0;2m▖[48;2;1;1;3m[38;2;1;1;3m  [48;2;1;1;1m[38;2;1;1;1m                    [0m
[48;2;4;2;10m[38;2;23;2;126m▂▂▂▂▂▂▂▂▂▂▂▂▂▂▂▂▂▂[48;2;5;3;12m[38;2;24;2;129m▂▂[48;2;4;2;10m[38;2;23;2;126m▂▂[48;2;5;3;12m[38;2;24;2;129m▂▂[48;2;7;3;22m[38;2;48;16;201m▁[48;2;12;3;11m[38;2;133;45;86m▂[48;2;11;7;10m[38;2;181;176;180m▂[48;2;50;45;49m[38;2;220;216;219m▅[48;2;247;247;248m[38;2;206;206;208m▘[48;2;247;247;249m[38;2;255;255;255m▌[48;2;250;250;252m[38;2;250;250;252m  [48;2;249;249;251m[38;2;249;249;251m  [48;2;218;212;228m[38;2;58;26;197m▁[48;2;21;16;32m[38;2;36;6;175m▁[48;2;4;2;10m[38;2;23;2;126m▂▂[48;2;5;3;12m[38;2;24;2;129m▂▂[48;2;4;2;10m[38;2;23;2;126m▂▂▂▂▂▂▂▂▂▂▂▂▂▂▂▂▂▂▂▂[0m
[48;2;38;3;183m[38;2;38;3;183m                      [48;2;38;3;185m[38;2;38;3;185m  [48;2;102;25;146m[38;2;192;62;96m┏[48;2;202;68;101m[38;2;0;0;0m [48;2;241;215;223m[38;2;191;97;126m▂[48;2;241;242;242m[38;2;0;0;0m [48;2;240;239;244m[38;2;96;82;172m▂[48;2;244;243;247m[38;2;0;0;0m [48;2;250;250;252m[38;2;250;250;252m  [48;2;244;243;245m[38;2;0;0;0m [48;2;232;230;236m[38;2;88;72;172m▂[48;2;30;0;171m[38;2;61;27;202m▌[48;2;36;2;177m[38;2;44;10;185m┃[48;2;38;3;183m[38;2;38;3;183m                        [0m
[48;2;38;3;183m[38;2;38;3;183m                        [48;2;149;57;97m[38;2;57;8;187m▆[48;2;180;66;101m[38;2;44;11;171m▂[48;2;212;71;92m[38;2;211;83;109m▗[48;2;216;204;219m[38;2;64;34;172m▆[48;2;59;38;182m[38;2;195;188;220m▂[48;2;242;240;238m[38;2;197;190;227m▎[48;2;250;250;252m[38;2;250;250;252m  [48;2;202;192;242m[38;2;251;251;245m▊[48;2;36;6;182m[38;2;86;65;186m▎[48;2;38;3;183m[38;2;38;3;183m                          [0m
[48;2;38;3;185m[38;2;38;3;185m                          [48;2;154;48;106m[38;2;46;15;185m▆[48;2;79;23;151m[38;2;163;67;92m━[48;2;247;245;249m[38;2;176;174;179m▎[48;2;247;245;250m[38;2;255;254;255m▌[48;2;250;250;252m[38;2;250;250;252m  [48;2;231;225;240m[38;2;76;53;173m▂[48;2;33;3;183m[38;2;72;46;185m▎[48;2;38;3;185m[38;2;38;3;185m                          [0m
[48;2;38;3;185m[38;2;38;3;185m                          [48;2;38;3;183m[38;2;38;3;183m  [48;2;245;242;254m[38;2;154;150;177m▎[48;2;249;249;242m[38;2;250;250;251m▌[48;2;249;249;251m[38;2;249;249;251m  [48;2;43;8;191m[38;2;102;78;190m▎[48;2;37;4;184m[38;2;32;0;164m│[48;2;38;3;185m[38;2;38;3;185m                          [0m
[48;2;38;3;185m[38;2;38;3;185m                            [48;2;187;177;213m[38;2;51;18;186m▆[48;2;223;213;221m[38;2;176;82;122m▂[48;2;236;226;226m[38;2;209;74;98m▂[48;2;213;205;231m[38;2;117;49;147m▆[48;2;40;5;183m[38;2;40;5;183m  [48;2;38;3;185m[38;2;38;3;185m                          [0m
[48;2;38;3;185m[38;2;38;3;185m                      [48;2;36;0;187m[38;2;36;4;163m▗[48;2;36;3;167m[38;2;36;24;62m▂[48;2;37;11;159m[38;2;6;4;12m▆▆[48;2;36;13;142m[38;2;5;3;13m▆▆[48;2;41;8;126m[38;2;17;7;21m▆[48;2;186;65;88m[38;2;41;24;29m▃[48;2;206;65;92m[38;2;46;28;16m▂[48;2;212;72;99m[38;2;180;63;82m▖[48;2;84;28;152m[38;2;200;78;93m▆[48;2;55;16;71m[38;2;189;69;95m▂[48;2;28;14;65m[38;2;176;49;80m▂[48;2;42;12;153m[38;2;21;8;13m▆[48;2;28;6;118m[38;2;12;7;17m▅[48;2;34;7;152m[38;2;14;4;39m▂[48;2;39;4;184m[38;2;39;4;184m  [48;2;38;3;185m[38;2;38;3;185m                    [0m
[48;2;38;3;185m[38;2;38;3;185m                      [48;2;37;3;172m[38;2;37;0;199m▘[48;2;37;18;95m[38;2;37;2;180m▆[48;2;9;7;14m[38;2;32;6;154m▃▃[48;2;8;3;24m[38;2;39;10;180m▂▂▂▂[48;2;16;9;27m[38;2;40;12;179m▂[48;2;132;44;70m[38;2;23;7;80m▆[48;2;167;48;81m[38;2;24;10;81m▆▆[48;2;132;44;70m[38;2;23;7;80m▆[48;2;16;9;27m[38;2;40;12;179m▂[48;2;16;8;37m[38;2;36;4;175m▂[48;2;31;22;53m[38;2;32;1;173m▆[48;2;38;3;185m[38;2;38;3;185m                      [0m
[48;2;40;2;185m[38;2;40;2;185m                                                            [0m
[48;2;40;2;185m[38;2;40;2;185m                                                            [0m
