[48;2;1;1;1m[38;2;1;1;1m                                                            [0m
[48;2;1;1;1m[38;2;1;1;1m                                                            [0m
[48;2;1;1;1m[38;2;1;1;1m                                                            [0m
[48;2;1;1;1m[38;2;1;1;1m                                                            [0m
[48;2;1;1;1m[38;2;1;1;1m                            [48;2;1;1;3m[38;2;1;1;3m  [48;2;1;1;1m[38;2;1;1;1m                              [0m
[48;2;1;1;1m[38;2;1;1;1m                        [48;2;1;1;3m[38;2;1;1;3m    [48;2;3;1;6m[38;2;3;1;6m  [48;2;2;0;3m[38;2;2;0;3m  [48;2;1;1;1m[38;2;1;1;1m  [48;2;1;1;3m[38;2;1;1;3m  [48;2;1;1;1m[38;2;1;1;1m                        [0m
[48;2;1;1;1m[38;2;1;1;1m                        [48;2;3;1;6m[38;2;3;1;6m      [48;2;1;1;3m[38;2;1;1;3m  [48;2;3;1;4m[38;2;3;1;4m  [48;2;4;2;7m[38;2;4;2;7m  [48;2;5;3;6m[38;2;5;3;6m  [48;2;2;2;4m[38;2;2;2;4m  [48;2;1;1;3m[38;2;1;1;3m  [48;2;1;1;1m[38;2;1;1;1m                  [0m
[48;2;1;1;1m[38;2;1;1;1m                        [48;2;1;1;3m[38;2;1;1;3m  [48;2;3;1;6m[38;2;3;1;6m  [48;2;1;1;3m[38;2;1;1;3m    [48;2;1;0;2m[38;2;5;3;6m▘[48;2;7;5;8m[38;2;28;26;29m▗[48;2;33;29;32m[38;2;218;213;217m▄[48;2;164;159;163m[38;2;242;238;242m▇[48;2;154;154;156m[38;2;246;246;247m▇▇[48;2;151;146;150m[38;2;235;231;235m▇[48;2;25;20;24m[38;2;205;200;204m▄[48;2;4;2;5m[38;2;4;2;5m  [48;2;1;1;3m[38;2;1;1;3m  [48;2;1;1;1m[38;2;1;1;1m                [0m
[48;2;1;1;1m[38;2;1;1;1m                    [48;2;2;2;4m[38;2;2;2;4m  [48;2;3;1;6m[38;2;3;1;6m    [48;2;1;1;3m[38;2;1;1;3m      [48;2;1;0;4m[38;2;6;4;9m│[48;2;65;63;68m[38;2;7;6;10m▊[48;2;255;255;255m[38;2;236;236;238m▌[48;2;252;252;253m[38;2;244;244;246m┃[48;2;244;236;236m[38;2;0;0;0m [48;2;239;231;232m[38;2;197;88;120m▄[48;2;183;70;104m[38;2;18;12;9m▄[48;2;10;8;5m[38;2;65;33;39m▘[48;2;3;1;4m[38;2;3;1;4m  [48;2;3;1;6m[38;2;3;1;6m  [48;2;1;1;1m[38;2;1;1;1m                [0m
[48;2;1;1;1m[38;2;1;1;1m                [48;2;2;0;3m[38;2;2;0;3m  [48;2;3;1;4m[38;2;3;1;4m  [48;2;3;1;6m[38;2;3;1;6m    [48;2;1;1;3m[38;2;1;1;3m  [48;2;1;1;1m[38;2;1;1;1m    [48;2;1;1;3m[38;2;1;1;3m  [48;2;14;10;13m[38;2;75;70;74m▁[48;2;34;30;33m[38;2;225;220;224m▄[48;2;243;243;245m[38;2;239;239;241m▌[48;2;254;254;255m[38;2;250;250;252m▌[48;2;226;185;193m[38;2;246;247;250m▊[48;2;218;97;117m[38;2;211;61;90m┃[48;2;149;46;67m[38;2;210;64;89m▊[48;2;11;11;15m[38;2;70;29;37m▎[48;2;1;1;3m[38;2;1;1;3m  [48;2;3;1;4m[38;2;3;1;4m  [48;2;1;1;1m[38;2;1;1;1m                [0m
[48;2;1;1;1m[38;2;1;1;1m            [48;2;1;1;3m[38;2;1;1;3m  [48;2;3;1;6m[38;2;3;1;6m          [48;2;1;1;1m[38;2;1;1;1m    [48;2;1;1;3m[38;2;1;1;3m  [48;2;14;10;13m[38;2;80;75;79m▁[48;2;36;31;35m[38;2;223;218;222m▄[48;2;228;228;230m[38;2;249;249;251m▄[48;2;250;250;252m[38;2;0;0;0m [38;2;250;250;252m  [48;2;246;238;237m[38;2;0;0;0m [48;2;202;99;129m[38;2;249;240;240m▄[48;2;200;99;129m[38;2;247;240;239m▄[48;2;171;177;171m[38;2;243;234;234m▊[48;2;4;2;5m[38;2;20;18;21m▌[48;2;7;5;8m[38;2;1;0;2m▊[48;2;3;1;6m[38;2;3;1;6m  [48;2;1;1;3m[38;2;1;1;3m  [48;2;1;1;1m[38;2;1;1;1m              [0m
[48;2;1;1;1m[38;2;1;1;1m            [48;2;3;1;6m[38;2;3;1;6m        [48;2;1;1;1m[38;2;1;1;1m        [48;2;28;26;29m[38;2;1;0;2m▊[48;2;45;43;46m[38;2;208;206;209m▄[48;2;238;238;239m[38;2;0;0;0m [48;2;249;249;250m[38;2;232;232;234m╵[48;2;250;250;252m[38;2;250;250;252m      [48;2;249;249;251m[38;2;233;233;235m╵[48;2;238;238;239m[38;2;0;0;0m [48;2;42;40;43m[38;2;219;217;220m▄[48;2;14;12;15m[38;2;108;106;109m▁[48;2;1;1;1m[38;2;1;1;1m  [48;2;2;0;3m[38;2;2;0;3m  [48;2;1;1;1m[38;2;1;1;1m              [0m
[48;2;1;1;1m[38;2;1;1;1m            [48;2;1;1;3m[38;2;1;1;3m  [48;2;3;1;6m[38;2;3;1;6m    [48;2;1;1;3m[38;2;1;1;3m  [48;2;1;1;1m[38;2;1;1;1m  [48;2;1;1;3m[38;2;1;1;3m  [48;2;1;1;1m[38;2;1;1;1m    [48;2;19;17;20m[38;2;194;193;195m▅[48;2;234;232;234m[38;2;0;0;0m [48;2;250;250;252m[38;2;250;250;252m    [48;2;249;249;251m[38;2;249;249;251m  [48;2;236;235;237m[38;2;103;101;104m▁[48;2;207;206;208m[38;2;19;17;20m▄[48;2;214;212;215m[38;2;32;30;33m▄[48;2;236;234;237m[38;2;117;115;118m▁[48;2;242;240;243m[38;2;134;132;135m▁[48;2;235;233;236m[38;2;0;0;0m [48;2;51;33;37m[38;2;239;239;239m▄[48;2;38;37;37m[38;2;216;195;202m▄[48;2;10;5;5m[38;2;88;40;56m▁▁[48;2;1;1;3m[38;2;1;1;3m  [48;2;1;1;1m[38;2;1;1;1m            [0m
[48;2;1;1;1m[38;2;1;1;1m              [48;2;2;0;3m[38;2;2;0;3m  [48;2;1;1;3m[38;2;1;1;3m  [48;2;1;1;1m[38;2;1;1;1m      [48;2;2;0;3m[38;2;2;0;3m  [48;2;13;9;12m[38;2;0;0;0m [48;2;58;54;57m[38;2;185;180;184m┏[48;2;226;225;227m[38;2;117;115;118m▁[48;2;244;242;245m[38;2;0;0;0m [48;2;250;250;252m[38;2;250;250;252m    [48;2;209;204;208m[38;2;246;242;246m▊[48;2;224;219;223m[38;2;37;32;36m▅[48;2;4;2;5m[38;2;4;2;5m  [48;2;3;1;6m[38;2;3;1;6m  [48;2;1;0;2m[38;2;7;5;8m▝[48;2;225;223;225m[38;2;23;21;24m▅[48;2;222;204;205m[38;2;35;22;21m▅[48;2;172;63;94m[38;2;25;10;10m▄[48;2;205;70;97m[38;2;82;36;34m▁[48;2;91;33;36m[38;2;188;59;85m▊[48;2;1;1;1m[38;2;1;1;1m              [0m
[48;2;1;1;1m[38;2;1;1;1m                [48;2;1;1;3m[38;2;1;1;3m  [48;2;1;1;1m[38;2;1;1;1m    [48;2;3;1;6m[38;2;3;1;6m  [48;2;1;0;4m[38;2;2;0;5m▄[38;2;169;167;172m▁[48;2;25;23;28m[38;2;198;196;200m▅[48;2;22;20;25m[38;2;229;227;231m▅[48;2;30;26;29m[38;2;221;216;220m▅[48;2;185;181;185m[38;2;90;85;89m▄[48;2;233;229;233m[38;2;82;77;81m▅[48;2;228;223;227m[38;2;85;80;84m▁[48;2;249;249;251m[38;2;249;249;251m  [48;2;188;183;187m[38;2;247;242;246m▊[48;2;5;1;4m[38;2;64;59;63m▎[48;2;1;1;1m[38;2;1;1;1m        [48;2;1;1;3m[38;2;1;1;3m  [48;2;1;1;1m[38;2;1;1;1m              [0m
[48;2;1;1;1m[38;2;1;1;1m                    [48;2;0;0;0m[38;2;0;0;0m  [48;2;1;1;3m[38;2;1;1;3m  [48;2;24;22;25m[38;2;1;0;2m▊[48;2;239;237;240m[38;2;110;108;111m▎[48;2;250;250;252m[38;2;250;250;252m    [48;2;242;240;243m[38;2;0;0;0m [48;2;56;54;57m[38;2;238;236;238m▅[48;2;244;244;246m[38;2;231;231;233m▘[48;2;253;253;254m[38;2;246;246;248m▃[48;2;220;218;221m[38;2;242;241;243m▇[48;2;41;39;42m[38;2;221;219;222m▅[48;2;20;18;19m[38;2;142;140;141m▁[48;2;5;3;4m[38;2;1;0;0m▇[48;2;1;1;3m[38;2;1;1;3m    [48;2;1;1;1m[38;2;1;1;1m                  [0m
[48;2;1;1;1m[38;2;1;1;1m                        [48;2;18;16;19m[38;2;1;0;2m┗[48;2;187;185;187m[38;2;13;11;14m▅[48;2;219;217;219m[38;2;56;54;57m▁[48;2;239;237;240m[38;2;0;0;0m [48;2;250;250;252m[38;2;250;250;252m        [48;2;238;236;238m[38;2;0;0;0m [48;2;45;43;46m[38;2;221;220;222m▅[48;2;9;7;8m[38;2;134;132;133m▂[48;2;13;12;12m[38;2;166;164;165m▁[48;2;3;1;6m[38;2;3;1;6m  [48;2;1;1;1m[38;2;1;1;1m                  [0m
[48;2;1;1;1m[38;2;1;1;1m                    [48;2;2;0;3m[38;2;2;0;3m  [48;2;1;1;1m[38;2;1;1;1m  [48;2;3;1;6m[38;2;3;1;6m  [48;2;23;21;24m[38;2;1;0;2m▊[48;2;243;241;244m[38;2;121;119;122m▎[48;2;250;250;252m[38;2;250;250;252m  [48;2;249;249;251m[38;2;249;249;251m  [48;2;241;227;232m[38;2;211;83;104m▅▅[48;2;248;248;250m[38;2;248;248;250m  [48;2;250;250;252m[38;2;250;250;252m  [48;2;255;254;255m[38;2;236;234;237m▄[48;2;214;212;214m[38;2;51;49;52m▁[48;2;8;6;9m[38;2;13;11;14m▌[48;2;1;0;2m[38;2;3;1;4m▎[48;2;1;1;1m[38;2;1;1;1m                  [0m
[48;2;1;1;1m[38;2;1;1;1m                  [48;2;1;1;3m[38;2;1;1;3m  [48;2;2;0;3m[38;2;2;0;3m  [48;2;1;1;3m[38;2;1;1;3m  [48;2;3;1;6m[38;2;3;1;6m  [48;2;1;0;2m[38;2;41;39;42m [48;2;184;182;185m[38;2;14;12;15m▅[48;2;223;214;215m[38;2;178;59;97m▁[48;2;244;237;239m[38;2;195;76;114m▁[48;2;249;249;251m[38;2;249;249;251m  [48;2;213;94;122m[38;2;245;231;225m▅[48;2;209;99;124m[38;2;255;222;225m▁[48;2;248;248;250m[38;2;248;248;250m    [48;2;215;211;215m[38;2;38;33;37m▁[48;2;3;0;2m[38;2;68;63;67m▎[48;2;1;1;3m[38;2;1;1;3m  [48;2;1;1;1m[38;2;1;1;1m                  [0m
[48;2;1;1;1m[38;2;1;1;1m                  [48;2;2;0;3m[38;2;2;0;3m    [48;2;3;1;6m[38;2;3;1;6m  [48;2;3;1;4m[38;2;3;1;4m  [48;2;10;5;3m[38;2;0;0;0m [48;2;77;25;39m[38;2;98;45;59m▄[48;2;218;78;104m[38;2;199;59;85m▊[48;2;215;75;101m[38;2;215;75;101m▄[48;2;225;184;193m[38;2;208;85;122m━[48;2;246;237;237m[38;2;0;0;0m [48;2;250;250;252m[38;2;250;250;252m  [48;2;249;249;251m[38;2;240;240;242m┗[48;2;215;215;217m[38;2;247;247;248m▊[48;2;211;206;210m[38;2;21;17;20m▅[48;2;204;199;203m[38;2;14;10;13m▅[48;2;3;1;4m[38;2;3;1;4m  [48;2;1;1;1m[38;2;1;1;1m                    [0m
[48;2;4;2;10m[38;2;23;2;126m▂▂▂▂▂▂▂▂▂▂▂▂▂▂▂▂▂▂[48;2;5;3;12m[38;2;24;2;129m▂▂[48;2;4;2;10m[38;2;23;2;126m▂▂[48;2;5;3;12m[38;2;24;2;129m▂▂▂▂▂▂[48;2;181;62;105m[38;2;45;9;59m▆[48;2;191;73;88m[38;2;222;187;205m▂[48;2;236;200;202m[38;2;202;83;113m▅[48;2;249;238;234m[38;2;209;103;129m▂[48;2;248;248;250m[38;2;248;248;250m  [48;2;222;215;228m[38;2;56;24;193m▁[48;2;230;226;226m[38;2;43;34;75m▆[48;2;6;4;11m[38;2;25;4;128m▂▂[48;2;5;3;12m[38;2;24;2;129m▂▂[48;2;4;2;10m[38;2;23;2;126m▂▂▂▂▂▂▂▂▂▂▂▂▂▂▂▂▂▂▂▂[0m
[48;2;38;3;183m[38;2;38;3;183m                            [48;2;49;25;174m[38;2;209;205;228m▆[48;2;240;238;244m[38;2;0;0;0m [48;2;199;85;104m[38;2;246;236;240m▆▆[48;2;224;218;247m[38;2;245;244;240m▊[48;2;221;216;235m[38;2;63;42;183m▆[48;2;40;5;185m[38;2;40;5;185m  [48;2;38;3;183m[38;2;38;3;183m                        [0m
[48;2;38;3;183m[38;2;38;3;183m                          [48;2;48;13;194m[38;2;35;6;167m▚[48;2;42;10;187m[38;2;176;161;215m▂[48;2;246;245;250m[38;2;176;175;181m▎[48;2;254;253;255m[38;2;255;254;255m▌[48;2;249;249;251m[38;2;249;249;251m  [48;2;216;209;229m[38;2;64;36;190m▆[48;2;44;13;187m[38;2;36;7;158m▖[48;2;38;3;183m[38;2;38;3;183m                          [0m
[48;2;38;3;185m[38;2;38;3;185m                          [48;2;46;21;178m[38;2;189;182;209m▂[48;2;243;240;248m[38;2;161;152;198m▎[48;2;250;250;252m[38;2;250;250;252m  [48;2;232;229;237m[38;2;72;46;195m▂[48;2;224;220;233m[38;2;51;28;179m▆[48;2;40;5;183m[38;2;40;5;183m  [48;2;38;3;185m[38;2;38;3;185m                          [0m
[48;2;38;3;185m[38;2;38;3;185m                        [48;2;40;6;187m[38;2;0;0;0m [48;2;51;22;184m[38;2;187;175;216m▂[48;2;238;237;243m[38;2;171;170;178m▎[48;2;244;243;251m[38;2;253;252;254m┃[48;2;245;244;247m[38;2;0;0;0m [48;2;234;234;234m[38;2;82;65;187m▂[48;2;42;9;189m[38;2;101;77;189m▎[48;2;36;4;183m[38;2;30;0;162m│[48;2;38;3;185m[38;2;38;3;185m                            [0m
[48;2;38;3;185m[38;2;38;3;185m                        [48;2;73;22;151m[38;2;168;75;107m━[48;2;210;174;206m[38;2;191;72;102m▆[48;2;233;221;223m[38;2;211;72;97m▂[48;2;245;233;236m[38;2;203;64;89m▂[48;2;213;204;224m[38;2;66;40;175m▆[48;2;42;10;187m[38;2;0;0;0m [48;2;38;3;185m[38;2;38;3;185m                              [0m
[48;2;38;3;185m[38;2;38;3;185m                      [48;2;36;0;187m[38;2;36;4;163m▗[48;2;36;3;167m[38;2;36;24;62m▂[48;2;34;13;131m[38;2;11;10;15m▅[48;2;128;42;73m[38;2;10;6;5m▆[48;2;148;57;64m[38;2;21;8;8m▆[48;2;191;73;96m[38;2;43;15;27m▃[48;2;47;18;70m[38;2;185;61;85m▂[48;2;42;14;66m[38;2;200;75;99m▂[48;2;40;15;142m[38;2;9;4;13m▆▆[48;2;36;13;142m[38;2;5;3;13m▆▆▆▆▆▆[48;2;41;11;167m[38;2;11;4;23m▆[48;2;37;7;165m[38;2;7;1;23m▂[48;2;39;4;184m[38;2;39;4;184m  [48;2;38;3;185m[38;2;38;3;185m                  [0m
[48;2;38;3;185m[38;2;38;3;185m                      [48;2;37;3;172m[38;2;37;0;199m▘[48;2;37;18;95m[38;2;37;2;180m▆[48;2;9;7;14m[38;2;32;6;154m▃▃[48;2;8;3;24m[38;2;39;10;180m▂▂[48;2;144;46;72m[38;2;26;9;80m▆▆[48;2;9;4;24m[38;2;40;11;181m▂▂[48;2;8;3;24m[38;2;39;10;180m▂▂▂▂▂▂[48;2;16;8;35m[38;2;36;3;190m▂[48;2;31;19;68m[38;2;32;1;170m▆[48;2;38;3;185m[38;2;38;3;185m                    [0m
[48;2;40;2;185m[38;2;40;2;185m                                                            [0m
[48;2;40;2;185m[38;2;40;2;185m                                                            [0m
