[48;2;1;1;1m[38;2;1;1;1m                                                            [0m
[48;2;1;1;1m[38;2;1;1;1m                                                            [0m
[48;2;1;1;1m[38;2;1;1;1m                                                            [0m
[48;2;1;1;1m[38;2;1;1;1m                                                            [0m
[48;2;1;1;1m[38;2;1;1;1m                            [48;2;1;1;3m[38;2;1;1;3m  [48;2;1;1;1m[38;2;1;1;1m                              [0m
[48;2;1;1;1m[38;2;1;1;1m                        [48;2;1;1;3m[38;2;1;1;3m    [48;2;3;1;6m[38;2;3;1;6m  [48;2;2;0;3m[38;2;2;0;3m  [48;2;1;1;1m[38;2;1;1;1m  [48;2;1;1;3m[38;2;1;1;3m  [48;2;1;1;1m[38;2;1;1;1m                        [0m
[48;2;1;1;1m[38;2;1;1;1m                        [48;2;3;1;6m[38;2;3;1;6m      [48;2;1;1;3m[38;2;1;1;3m  [48;2;3;1;4m[38;2;3;1;4m  [48;2;4;2;7m[38;2;4;2;7m  [48;2;5;3;6m[38;2;5;3;6m  [48;2;2;2;4m[38;2;2;2;4m  [48;2;1;1;3m[38;2;1;1;3m  [48;2;1;1;1m[38;2;1;1;1m                  [0m
[48;2;1;1;1m[38;2;1;1;1m                        [48;2;1;1;3m[38;2;1;1;3m  [48;2;3;1;6m[38;2;3;1;6m  [48;2;1;1;3m[38;2;1;1;3m    [48;2;1;0;2m[38;2;5;3;6m▘[48;2;7;5;8m[38;2;28;26;29m▗[48;2;33;29;32m[38;2;218;213;217m▄[48;2;164;159;163m[38;2;242;238;242m▇[48;2;154;154;156m[38;2;246;246;247m▇▇[48;2;151;146;150m[38;2;235;231;235m▇[48;2;25;20;24m[38;2;205;200;204m▄[48;2;4;2;5m[38;2;4;2;5m  [48;2;1;1;3m[38;2;1;1;3m  [48;2;1;1;1m[38;2;1;1;1m                [0m
[48;2;1;1;1m[38;2;1;1;1m                    [48;2;2;2;4m[38;2;2;2;4m  [48;2;3;1;6m[38;2;3;1;6m    [48;2;1;1;3m[38;2;1;1;3m      [48;2;1;0;4m[38;2;6;4;9m│[48;2;65;63;68m[38;2;7;6;10m▊[48;2;255;255;255m[38;2;236;236;238m▌[48;2;252;252;253m[38;2;244;244;246m┃[48;2;244;236;236m[38;2;0;0;0m [48;2;239;231;232m[38;2;197;88;120m▄[48;2;183;70;104m[38;2;18;12;9m▄[48;2;10;8;5m[38;2;65;33;39m▘[48;2;3;1;4m[38;2;3;1;4m  [48;2;3;1;6m[38;2;3;1;6m  [48;2;1;1;1m[38;2;1;1;1m                [0m
[48;2;1;1;1m[38;2;1;1;1m                [48;2;2;0;3m[38;2;2;0;3m  [48;2;3;1;4m[38;2;3;1;4m  [48;2;3;1;6m[38;2;3;1;6m    [48;2;1;1;3m[38;2;1;1;3m  [48;2;1;1;1m[38;2;1;1;1m    [48;2;1;1;3m[38;2;1;1;3m  [48;2;14;10;13m[38;2;75;70;74m▁[48;2;34;30;33m[38;2;225;220;224m▄[48;2;243;243;245m[38;2;239;239;241m▌[48;2;254;254;255m[38;2;250;250;252m▌[48;2;226;185;193m[38;2;246;247;250m▊[48;2;218;97;117m[38;2;211;61;90m┃[48;2;149;46;67m[38;2;210;64;89m▊[48;2;11;11;15m[38;2;70;29;37m▎[48;2;1;1;3m[38;2;1;1;3m  [48;2;3;1;4m[38;2;3;1;4m  [48;2;1;1;1m[38;2;1;1;1m                [0m
[48;2;1;1;1m[38;2;1;1;1m            [48;2;1;1;3m[38;2;1;1;3m  [48;2;3;1;6m[38;2;3;1;6m          [48;2;1;1;1m[38;2;1;1;1m    [48;2;1;1;3m[38;2;1;1;3m  [48;2;14;10;13m[38;2;80;75;79m▁[48;2;36;31;35m[38;2;223;218;222m▄[48;2;228;228;230m[38;2;249;249;251m▄[48;2;250;250;252m[38;2;0;0;0m [38;2;250;250;252m  [48;2;246;238;237m[38;2;0;0;0m [48;2;202;99;129m[38;2;249;240;240m▄[48;2;198;97;127m[38;2;249;242;241m▄[48;2;171;177;170m[38;2;243;234;233m▊[48;2;17;15;18m[38;2;78;76;79m▁[48;2;1;0;2m[38;2;4;2;5m▄[48;2;3;1;6m[38;2;3;1;6m  [48;2;1;1;3m[38;2;1;1;3m  [48;2;1;1;1m[38;2;1;1;1m              [0m
[48;2;1;1;1m[38;2;1;1;1m            [48;2;3;1;6m[38;2;3;1;6m        [48;2;1;1;1m[38;2;1;1;1m        [48;2;6;5;7m[38;2;0;0;0m [48;2;9;7;10m[38;2;98;96;99m▁[48;2;245;245;246m[38;2;154;154;156m▎[48;2;252;252;253m[38;2;243;243;245m│[48;2;250;250;252m[38;2;250;250;252m        [48;2;164;162;165m[38;2;242;240;243m▊[48;2;11;9;12m[38;2;1;0;2m┃[48;2;4;3;5m[38;2;133;131;134m▁▁[48;2;2;0;3m[38;2;2;0;3m  [48;2;1;1;1m[38;2;1;1;1m              [0m
[48;2;1;1;1m[38;2;1;1;1m            [48;2;1;1;3m[38;2;1;1;3m  [48;2;3;1;6m[38;2;3;1;6m    [48;2;1;1;3m[38;2;1;1;3m  [48;2;1;1;1m[38;2;1;1;1m  [48;2;1;1;3m[38;2;1;1;3m  [48;2;1;1;1m[38;2;1;1;1m    [48;2;15;13;16m[38;2;109;107;110m▁[48;2;245;243;245m[38;2;154;152;155m▎[48;2;250;250;252m[38;2;250;250;252m      [48;2;249;248;250m[38;2;0;0;0m [48;2;231;229;232m[38;2;112;110;113m▁[48;2;216;211;215m[38;2;36;32;35m▄[48;2;239;235;239m[38;2;116;111;115m▁[48;2;246;244;247m[38;2;117;115;118m▁▁[48;2;241;229;229m[38;2;120;103;103m▁[48;2;207;201;197m[38;2;183;63;98m▄[48;2;35;14;22m[38;2;213;66;94m▄[48;2;35;17;24m[38;2;166;65;78m▄[48;2;1;1;3m[38;2;1;1;3m  [48;2;1;1;1m[38;2;1;1;1m            [0m
[48;2;1;1;1m[38;2;1;1;1m              [48;2;2;0;3m[38;2;2;0;3m  [48;2;1;1;3m[38;2;1;1;3m  [48;2;1;1;1m[38;2;1;1;1m      [48;2;2;0;3m[38;2;2;0;3m  [48;2;3;1;4m[38;2;3;1;4m  [48;2;216;211;215m[38;2;84;79;83m▁[48;2;243;239;242m[38;2;111;106;110m▁[48;2;249;249;251m[38;2;249;249;251m  [48;2;250;250;252m[38;2;250;250;252m  [48;2;244;242;245m[38;2;0;0;0m [48;2;237;235;237m[38;2;107;105;108m▁[48;2;213;211;214m[38;2;23;21;24m▅[48;2;12;10;13m[38;2;0;0;0m [48;2;3;1;6m[38;2;3;1;6m  [48;2;3;1;4m[38;2;3;1;4m  [48;2;3;0;2m[38;2;5;0;4m▝[48;2;26;21;25m[38;2;7;3;6m▅[48;2;210;69;95m[38;2;21;14;16m▅[48;2;168;54;71m[38;2;25;8;12m▅[48;2;1;1;1m[38;2;1;1;1m              [0m
[48;2;1;1;1m[38;2;1;1;1m                [48;2;1;1;3m[38;2;1;1;3m  [48;2;1;1;1m[38;2;1;1;1m    [48;2;3;1;6m[38;2;3;1;6m    [48;2;9;7;10m[38;2;0;0;0m [48;2;75;74;76m[38;2;220;219;221m┏[48;2;22;18;21m[38;2;225;221;224m▅[48;2;35;30;34m[38;2;184;179;183m▁[48;2;213;208;212m[38;2;77;72;76m▅[48;2;248;243;247m[38;2;208;203;207m▎[48;2;250;250;252m[38;2;250;250;252m  [48;2;188;183;187m[38;2;247;242;246m▊[48;2;5;1;4m[38;2;64;59;63m▎[48;2;1;1;1m[38;2;1;1;1m                        [0m
[48;2;1;1;1m[38;2;1;1;1m                    [48;2;0;0;0m[38;2;0;0;0m  [48;2;1;1;3m[38;2;1;1;3m  [48;2;2;0;3m[38;2;2;0;3m  [48;2;25;23;26m[38;2;194;192;195m▅[48;2;235;234;236m[38;2;0;0;0m [48;2;250;250;252m[38;2;250;250;252m      [48;2;220;218;221m[38;2;242;241;243m▇[48;2;41;39;42m[38;2;221;219;222m▅[48;2;21;19;20m[38;2;168;166;167m▁[48;2;13;12;12m[38;2;157;155;156m▁[48;2;2;2;4m[38;2;2;2;4m  [48;2;1;1;3m[38;2;1;1;3m  [48;2;1;1;1m[38;2;1;1;1m                  [0m
[48;2;1;1;1m[38;2;1;1;1m                        [48;2;2;0;3m[38;2;2;0;3m  [48;2;239;237;240m[38;2;129;127;130m▎[48;2;254;252;254m[38;2;239;237;240m│[48;2;250;250;252m[38;2;250;250;252m        [48;2;250;250;251m[38;2;0;0;0m [48;2;249;249;250m[38;2;211;211;213m▝[48;2;33;31;34m[38;2;232;230;233m▅[48;2;30;28;31m[38;2;225;223;226m▅[48;2;21;19;24m[38;2;143;141;146m▁[48;2;1;0;4m[38;2;6;4;9m▄[48;2;1;1;1m[38;2;1;1;1m                  [0m
[48;2;1;1;1m[38;2;1;1;1m                    [48;2;2;0;3m[38;2;2;0;3m  [48;2;1;1;1m[38;2;1;1;1m  [48;2;3;1;6m[38;2;3;1;6m  [48;2;180;178;180m[38;2;23;21;24m▅[48;2;240;239;241m[38;2;181;180;182m▎[48;2;250;250;252m[38;2;250;250;252m  [48;2;237;220;221m[38;2;244;249;244m▊[48;2;248;229;232m[38;2;210;94;127m▅[48;2;248;226;230m[38;2;210;83;120m▅[48;2;244;244;240m[38;2;236;214;216m▎[48;2;250;250;252m[38;2;250;250;252m      [48;2;149;145;146m[38;2;245;242;243m▊[48;2;3;0;0m[38;2;50;46;47m▎[48;2;1;1;1m[38;2;1;1;1m                  [0m
[48;2;1;1;1m[38;2;1;1;1m                  [48;2;1;1;3m[38;2;1;1;3m  [48;2;2;0;3m[38;2;2;0;3m  [48;2;1;1;3m[38;2;1;1;3m  [48;2;3;1;6m[38;2;3;1;6m  [48;2;1;0;2m[38;2;41;39;42m [48;2;184;182;185m[38;2;14;12;15m▅[48;2;245;243;245m[38;2;175;173;176m▎[48;2;250;248;250m[38;2;234;232;235m╷[48;2;243;244;242m[38;2;0;0;0m [48;2;220;103;141m[38;2;243;241;240m▅[48;2;208;83;106m[38;2;246;191;193m▂[48;2;242;242;248m[38;2;227;197;202m▎[48;2;250;250;252m[38;2;250;250;252m    [48;2;243;241;243m[38;2;0;0;0m [48;2;220;218;221m[38;2;46;44;47m▁[48;2;188;186;187m[38;2;17;15;16m▅[48;2;1;0;0m[38;2;12;10;11m╺[48;2;1;1;1m[38;2;1;1;1m                  [0m
[48;2;1;1;1m[38;2;1;1;1m                  [48;2;2;0;3m[38;2;2;0;3m    [48;2;3;1;6m[38;2;3;1;6m  [48;2;3;1;4m[38;2;3;1;4m  [48;2;1;0;2m▄[48;2;20;18;21m[38;2;189;187;190m▁[48;2;245;243;245m[38;2;154;152;155m▎[48;2;251;249;252m[38;2;236;234;237m╷[48;2;250;250;252m[38;2;250;250;252m      [48;2;241;239;242m[38;2;0;0;0m [48;2;221;219;222m[38;2;26;24;27m▁[48;2;188;186;189m[38;2;17;15;18m▅[48;2;1;0;2m[38;2;12;10;13m╺[48;2;1;1;1m[38;2;1;1;1m                    [0m
[48;2;4;2;10m[38;2;23;2;126m▂▂▂▂▂▂▂▂▂▂▂▂▂▂▂▂▂▂[48;2;5;3;12m[38;2;24;2;129m▂▂[48;2;4;2;10m[38;2;23;2;126m▂▂[48;2;5;3;12m[38;2;24;2;129m▂▂▂▂[48;2;14;10;29m[38;2;30;7;156m▁[48;2;240;237;241m[38;2;121;116;137m▎[48;2;250;250;252m[38;2;250;250;252m  [48;2;248;248;250m[38;2;248;248;250m  [48;2;174;173;175m[38;2;40;38;41m━[48;2;240;238;240m[38;2;0;0;0m [48;2;252;252;253m[38;2;244;244;246m┃[48;2;236;236;238m[38;2;255;255;255m▌[48;2;184;179;186m[38;2;26;15;66m▅[48;2;18;13;20m[38;2;35;11;134m▂[48;2;5;3;12m[38;2;24;2;129m▂▂[48;2;4;2;10m[38;2;23;2;126m▂▂▂▂▂▂▂▂▂▂▂▂▂▂▂▂▂▂▂▂[0m
[48;2;38;3;183m[38;2;38;3;183m                        [48;2;38;3;185m[38;2;38;3;185m  [48;2;36;16;165m[38;2;202;197;223m▆[48;2;236;234;243m[38;2;0;0;0m [48;2;250;250;252m[38;2;250;250;252m  [48;2;216;212;236m[38;2;249;249;240m▊[48;2;232;229;239m[38;2;68;47;183m▆[48;2;244;204;211m[38;2;195;71;105m▅[48;2;242;236;231m[38;2;209;101;130m▂[48;2;212;206;237m[38;2;244;243;239m▊[48;2;230;226;243m[38;2;57;34;177m▆[48;2;40;5;183m[38;2;40;5;183m  [48;2;38;3;183m[38;2;38;3;183m                      [0m
[48;2;38;3;183m[38;2;38;3;183m                        [48;2;41;7;181m[38;2;0;0;0m [48;2;57;26;191m[38;2;197;185;224m▁[48;2;242;239;250m[38;2;152;148;175m▎[48;2;247;247;243m[38;2;0;0;0m [48;2;249;249;251m[38;2;249;249;251m  [48;2;230;219;250m[38;2;71;45;185m▆[48;2;46;15;179m[38;2;24;0;160m▖[48;2;187;75;100m[38;2;58;9;174m▆[48;2;188;72;101m[38;2;59;11;175m▂[48;2;230;214;219m[38;2;192;79;110m▆[48;2;48;11;172m[38;2;177;59;114m▂[48;2;38;3;183m[38;2;38;3;183m                        [0m
[48;2;38;3;185m[38;2;38;3;185m                        [48;2;38;8;187m[38;2;38;8;187m▄[48;2;245;241;239m[38;2;96;74;185m▎[48;2;250;250;252m[38;2;250;250;252m  [48;2;234;231;239m[38;2;248;246;243m▊[48;2;222;218;233m[38;2;74;50;190m▆[48;2;46;11;189m[38;2;35;2;178m▄[48;2;35;2;178m[38;2;46;11;189m▄[48;2;38;3;183m[38;2;38;3;183m  [48;2;185;61;97m[38;2;42;5;182m▆▆[48;2;38;3;183m[38;2;38;3;183m  [48;2;38;3;185m[38;2;38;3;185m                      [0m
[48;2;38;3;185m[38;2;38;3;185m                        [48;2;62;42;180m[38;2;208;204;225m▆[48;2;239;237;240m[38;2;0;0;0m [48;2;250;250;252m[38;2;250;250;252m  [48;2;222;211;240m[38;2;69;44;187m▆[48;2;41;11;178m[38;2;0;0;0m [48;2;38;3;185m[38;2;38;3;185m                              [0m
[48;2;38;3;185m[38;2;38;3;185m                      [48;2;46;8;186m[38;2;24;0;190m▖[48;2;42;6;172m[38;2;145;46;116m▂[48;2;195;147;175m[38;2;188;68;97m▅[48;2;252;213;228m[38;2;213;74;102m▆[48;2;223;216;222m[38;2;51;24;171m▂[48;2;232;225;235m[38;2;59;31;180m▆[48;2;46;11;189m[38;2;35;2;178m▄[48;2;35;2;178m[38;2;46;11;189m▄[48;2;38;3;185m[38;2;38;3;185m                              [0m
[48;2;38;3;185m[38;2;38;3;185m                      [48;2;29;4;180m[38;2;50;6;188m▄[48;2;86;29;88m[38;2;182;58;90m┗[48;2;207;68;95m[38;2;34;16;7m▂[48;2;200;69;93m[38;2;0;0;0m [48;2;96;41;130m[38;2;202;75;97m▆[48;2;62;19;72m[38;2;206;83;106m▂[48;2;31;6;134m[38;2;12;6;16m▆▆[48;2;36;13;142m[38;2;5;3;13m▆▆▆▆▆▆▆▆[48;2;37;14;143m[38;2;6;4;14m▆▆[48;2;38;6;166m[38;2;28;17;52m▂[48;2;33;2;170m[38;2;43;6;199m▗[48;2;38;3;185m[38;2;38;3;185m                  [0m
[48;2;38;3;185m[38;2;38;3;185m                      [48;2;37;3;172m[38;2;37;0;199m▘[48;2;37;18;95m[38;2;37;2;180m▆[48;2;16;10;27m[38;2;32;9;163m▃[48;2;124;39;58m[38;2;23;12;76m▆[48;2;167;48;81m[38;2;24;10;81m▆▆[48;2;11;4;24m[38;2;42;10;181m▂▂[48;2;8;3;24m[38;2;39;10;180m▂▂▂▂▂▂▂▂[48;2;8;6;12m[38;2;31;5;151m▃▃[48;2;37;22;78m[38;2;37;2;183m▆[48;2;37;2;182m[38;2;37;5;163m▘[48;2;38;3;185m[38;2;38;3;185m                  [0m
[48;2;40;2;185m[38;2;40;2;185m                                                            [0m
[48;2;40;2;185m[38;2;40;2;185m                                                            [0m
