[48;2;1;1;1m[38;2;1;1;1m                                                            [0m
[48;2;1;1;1m[38;2;1;1;1m                                                            [0m
[48;2;1;1;1m[38;2;1;1;1m                                                            [0m
[48;2;1;1;1m[38;2;1;1;1m                                                            [0m
[48;2;1;1;1m[38;2;1;1;1m                            [48;2;1;1;3m[38;2;1;1;3m  [48;2;1;1;1m[38;2;1;1;1m                              [0m
[48;2;1;1;1m[38;2;1;1;1m                        [48;2;1;1;3m[38;2;1;1;3m    [48;2;3;1;6m[38;2;3;1;6m  [48;2;2;0;3m[38;2;2;0;3m  [48;2;1;1;1m[38;2;1;1;1m  [48;2;1;1;3m[38;2;1;1;3m  [48;2;1;1;1m[38;2;1;1;1m                        [0m
[48;2;1;1;1m[38;2;1;1;1m                        [48;2;3;1;6m[38;2;3;1;6m      [48;2;1;1;3m[38;2;1;1;3m  [48;2;3;1;4m[38;2;3;1;4m  [48;2;4;2;7m[38;2;4;2;7m  [48;2;5;3;6m[38;2;5;3;6m  [48;2;2;2;4m[38;2;2;2;4m  [48;2;1;1;3m[38;2;1;1;3m  [48;2;1;1;1m[38;2;1;1;1m                  [0m
[48;2;1;1;1m[38;2;1;1;1m                        [48;2;1;1;3m[38;2;1;1;3m  [48;2;3;1;6m[38;2;3;1;6m  [48;2;1;1;3m[38;2;1;1;3m    [48;2;1;0;2m[38;2;5;3;6m▘[48;2;7;5;8m[38;2;28;26;29m▗[48;2;33;29;32m[38;2;218;213;217m▄[48;2;164;159;163m[38;2;242;238;242m▇[48;2;154;154;156m[38;2;246;246;247m▇▇[48;2;151;146;150m[38;2;235;231;235m▇[48;2;25;20;24m[38;2;205;200;204m▄[48;2;4;2;5m[38;2;4;2;5m  [48;2;1;1;3m[38;2;1;1;3m  [48;2;1;1;1m[38;2;1;1;1m                [0m
[48;2;1;1;1m[38;2;1;1;1m                    [48;2;2;2;4m[38;2;2;2;4m  [48;2;3;1;6m[38;2;3;1;6m    [48;2;1;1;3m[38;2;1;1;3m      [48;2;1;0;4m[38;2;6;4;9m│[48;2;65;63;68m[38;2;7;6;10m▊[48;2;255;255;255m[38;2;236;236;238m▌[48;2;252;252;253m[38;2;244;244;246m┃[48;2;244;236;236m[38;2;0;0;0m [48;2;239;231;232m[38;2;197;88;120m▄[48;2;183;70;104m[38;2;18;12;9m▄[48;2;10;8;5m[38;2;65;33;39m▘[48;2;3;1;4m[38;2;3;1;4m  [48;2;3;1;6m[38;2;3;1;6m  [48;2;1;1;1m[38;2;1;1;1m                [0m
[48;2;1;1;1m[38;2;1;1;1m                [48;2;2;0;3m[38;2;2;0;3m  [48;2;3;1;4m[38;2;3;1;4m  [48;2;3;1;6m[38;2;3;1;6m    [48;2;1;1;3m[38;2;1;1;3m  [48;2;1;1;1m[38;2;1;1;1m    [48;2;1;1;3m[38;2;1;1;3m  [48;2;14;10;13m[38;2;75;70;74m▁[48;2;34;30;33m[38;2;225;220;224m▄[48;2;243;243;245m[38;2;239;239;241m▌[48;2;254;254;255m[38;2;250;250;252m▌[48;2;226;185;193m[38;2;246;247;250m▊[48;2;218;97;117m[38;2;211;61;90m┃[48;2;149;46;67m[38;2;210;64;89m▊[48;2;11;11;15m[38;2;70;29;37m▎[48;2;1;1;3m[38;2;1;1;3m  [48;2;3;1;4m[38;2;3;1;4m  [48;2;1;1;1m[38;2;1;1;1m                [0m
[48;2;1;1;1m[38;2;1;1;1m            [48;2;1;1;3m[38;2;1;1;3m  [48;2;3;1;6m[38;2;3;1;6m          [48;2;1;1;1m[38;2;1;1;1m    [48;2;1;1;3m[38;2;1;1;3m  [48;2;14;10;13m[38;2;80;75;79m▁[48;2;36;31;35m[38;2;223;218;222m▄[48;2;228;228;230m[38;2;249;249;251m▄[48;2;250;250;252m[38;2;0;0;0m [38;2;250;250;252m  [48;2;246;238;237m[38;2;0;0;0m [48;2;202;99;129m[38;2;249;240;240m▄[48;2;198;97;127m[38;2;249;242;241m▄[48;2;171;177;170m[38;2;243;234;233m▊[48;2;17;15;18m[38;2;78;76;79m▁[48;2;1;0;2m[38;2;4;2;5m▄[48;2;3;1;6m[38;2;3;1;6m  [48;2;1;1;3m[38;2;1;1;3m  [48;2;1;1;1m[38;2;1;1;1m              [0m
[48;2;1;1;1m[38;2;1;1;1m            [48;2;3;1;6m[38;2;3;1;6m        [48;2;1;1;1m[38;2;1;1;1m        [48;2;4;2;5m[38;2;4;2;5m  [48;2;244;244;245m[38;2;153;153;155m▎[48;2;251;251;252m[38;2;242;242;244m│[48;2;250;250;252m[38;2;250;250;252m        [48;2;233;231;234m[38;2;0;0;0m [48;2;42;40;43m[38;2;217;215;218m▄[48;2;6;4;7m[38;2;141;139;142m▁[38;2;126;124;127m▁[48;2;2;0;3m[38;2;2;0;3m  [48;2;1;1;1m[38;2;1;1;1m              [0m
[48;2;1;1;1m[38;2;1;1;1m            [48;2;1;1;3m[38;2;1;1;3m  [48;2;3;1;6m[38;2;3;1;6m    [48;2;1;1;3m[38;2;1;1;3m  [48;2;1;1;1m[38;2;1;1;1m  [48;2;1;1;3m[38;2;1;1;3m  [48;2;1;1;1m[38;2;1;1;1m    [48;2;39;37;40m[38;2;1;0;2m▊[48;2;45;43;46m[38;2;211;209;212m▄[48;2;238;238;239m[38;2;0;0;0m [48;2;249;249;251m[38;2;233;233;235m╵[48;2;250;250;252m[38;2;250;250;252m    [48;2;249;248;250m[38;2;0;0;0m [48;2;231;229;232m[38;2;112;110;113m▁[48;2;216;211;215m[38;2;36;32;35m▄[48;2;239;235;239m[38;2;116;111;115m▁[48;2;245;243;245m[38;2;122;120;123m▁▁[48;2;241;229;229m[38;2;120;103;103m▁[48;2;207;201;197m[38;2;183;63;98m▄[48;2;35;14;22m[38;2;213;66;94m▄[48;2;35;17;24m[38;2;166;65;78m▄[48;2;1;1;3m[38;2;1;1;3m  [48;2;1;1;1m[38;2;1;1;1m            [0m
[48;2;1;1;1m[38;2;1;1;1m              [48;2;2;0;3m[38;2;2;0;3m  [48;2;1;1;3m[38;2;1;1;3m  [48;2;1;1;1m[38;2;1;1;1m      [48;2;2;0;3m[38;2;2;0;3m  [48;2;3;1;4m[38;2;3;1;4m  [48;2;19;15;18m[38;2;140;135;139m▁[48;2;218;214;218m[38;2;96;91;95m▁[48;2;249;249;251m[38;2;249;249;251m  [48;2;250;250;252m[38;2;250;250;252m  [48;2;249;249;251m[38;2;249;249;251m  [48;2;224;220;224m[38;2;115;110;114m▁[48;2;3;0;2m[38;2;16;11;15m▎[48;2;3;1;6m[38;2;3;1;6m  [48;2;3;1;4m[38;2;3;1;4m  [48;2;3;0;2m[38;2;5;0;4m▝[48;2;26;21;25m[38;2;7;3;6m▅[48;2;210;69;95m[38;2;21;14;16m▅[48;2;168;54;71m[38;2;25;8;12m▅[48;2;1;1;1m[38;2;1;1;1m              [0m
[48;2;1;1;1m[38;2;1;1;1m                [48;2;1;1;3m[38;2;1;1;3m  [48;2;1;1;1m[38;2;1;1;1m    [48;2;3;1;6m[38;2;3;1;6m    [48;2;6;4;9m[38;2;0;0;0m [48;2;12;11;15m[38;2;152;150;155m▁[48;2;245;241;245m[38;2;154;149;153m▎[48;2;58;53;57m[38;2;224;220;223m▅[48;2;215;211;215m[38;2;92;87;91m▅[48;2;236;232;235m[38;2;0;0;0m [48;2;250;250;252m[38;2;250;250;252m  [48;2;247;245;247m[38;2;0;0;0m [48;2;219;218;220m[38;2;104;102;105m▁[48;2;1;0;0m[38;2;34;32;33m▎[38;2;9;7;8m│[48;2;1;1;1m[38;2;1;1;1m                      [0m
[48;2;1;1;1m[38;2;1;1;1m                    [48;2;0;0;0m[38;2;0;0;0m  [48;2;1;1;3m[38;2;1;1;3m  [48;2;2;0;3m[38;2;2;0;3m  [48;2;24;19;23m[38;2;144;139;143m▁[48;2;241;236;240m[38;2;137;132;136m▎[48;2;250;250;252m[38;2;250;250;252m      [48;2;198;193;197m[38;2;245;240;244m▊[48;2;31;27;30m[38;2;147;142;146m▁[48;2;1;1;3m[38;2;1;1;3m      [48;2;1;1;1m[38;2;1;1;1m                  [0m
[48;2;1;1;1m[38;2;1;1;1m                        [48;2;2;0;3m[38;2;2;0;3m  [48;2;239;237;240m[38;2;129;127;130m▎[48;2;254;252;254m[38;2;239;237;240m│[48;2;250;250;252m[38;2;250;250;252m      [48;2;253;253;254m[38;2;246;246;248m▃[48;2;244;244;246m[38;2;231;231;233m▝[48;2;37;33;36m[38;2;234;229;233m▅[48;2;30;25;29m[38;2;227;223;227m▅[48;2;20;18;21m[38;2;153;151;154m▁[48;2;1;0;2m[38;2;13;11;14m━[48;2;3;1;6m[38;2;3;1;6m  [48;2;1;1;1m[38;2;1;1;1m                  [0m
[48;2;1;1;1m[38;2;1;1;1m                    [48;2;2;0;3m[38;2;2;0;3m  [48;2;1;1;1m[38;2;1;1;1m  [48;2;3;1;6m[38;2;3;1;6m  [48;2;180;178;180m[38;2;23;21;24m▅[48;2;240;239;241m[38;2;181;180;182m▎[48;2;250;250;252m[38;2;250;250;252m  [48;2;237;220;221m[38;2;244;249;244m▊[48;2;248;229;232m[38;2;210;94;127m▅[48;2;244;222;225m[38;2;214;87;124m▅[48;2;244;244;240m[38;2;236;214;216m▎[48;2;250;250;252m[38;2;250;250;252m    [48;2;190;185;189m[38;2;242;238;241m▊[48;2;33;28;32m[38;2;149;144;148m▁[48;2;3;1;4m[38;2;3;1;4m  [48;2;1;1;1m[38;2;1;1;1m                  [0m
[48;2;1;1;1m[38;2;1;1;1m                  [48;2;1;1;3m[38;2;1;1;3m  [48;2;2;0;3m[38;2;2;0;3m  [48;2;1;1;3m[38;2;1;1;3m  [48;2;3;1;6m[38;2;3;1;6m  [48;2;23;21;24m[38;2;1;0;2m▊[48;2;243;241;244m[38;2;121;119;122m▎[48;2;250;250;252m[38;2;250;250;252m  [48;2;244;245;243m[38;2;0;0;0m [48;2;221;104;142m[38;2;243;241;241m▅[48;2;212;103;135m[38;2;235;237;233m▅[48;2;239;227;228m[38;2;73;63;62m▁[48;2;249;249;251m[38;2;249;249;251m  [48;2;250;250;252m[38;2;250;250;252m  [48;2;255;255;255m[38;2;245;245;247m▌[48;2;174;174;176m▊[48;2;4;2;5m[38;2;20;18;21m▌[48;2;7;5;8m[38;2;1;0;2m▊[48;2;1;1;1m[38;2;1;1;1m                  [0m
[48;2;1;1;1m[38;2;1;1;1m                  [48;2;2;0;3m[38;2;2;0;3m    [48;2;3;1;6m[38;2;3;1;6m  [48;2;3;1;4m[38;2;3;1;4m  [48;2;22;21;23m[38;2;192;190;193m▁[48;2;244;242;245m[38;2;154;152;155m▎[48;2;250;250;252m[38;2;250;250;252m  [38;2;254;254;255m▌[48;2;239;239;241m[38;2;243;243;245m▌[48;2;210;206;210m[38;2;25;21;24m▅[48;2;19;15;18m[38;2;0;0;0m [48;2;205;200;204m[38;2;92;87;91m▅[48;2;242;238;241m[38;2;0;0;0m [48;2;250;250;252m[38;2;250;250;252m  [48;2;190;185;189m[38;2;245;241;244m▊[48;2;192;188;191m[38;2;25;20;24m▅[48;2;2;2;2m[38;2;2;2;2m  [48;2;1;1;1m[38;2;1;1;1m                  [0m
[48;2;4;2;10m[38;2;23;2;126m▂▂▂▂▂▂▂▂▂▂▂▂▂▂▂▂▂▂[48;2;5;3;12m[38;2;24;2;129m▂▂[48;2;4;2;10m[38;2;23;2;126m▂▂[48;2;5;3;12m[38;2;24;2;129m▂▂[48;2;4;2;11m[38;2;23;1;128m▂▂[48;2;240;238;242m[38;2;130;128;133m▎[48;2;255;254;255m[38;2;253;251;255m┃[48;2;250;250;252m[38;2;250;250;252m  [48;2;226;222;235m[38;2;248;246;248m▊[48;2;228;222;240m[38;2;54;47;80m▆[48;2;13;11;18m[38;2;29;9;132m▂[48;2;22;19;26m[38;2;40;18;143m▂[48;2;255;255;255m[38;2;236;236;238m▌[48;2;252;252;253m[38;2;244;244;246m┃[48;2;248;248;250m[38;2;248;248;250m  [48;2;209;202;217m[38;2;52;20;191m▁[48;2;21;16;32m[38;2;49;17;188m▁[48;2;4;2;10m[38;2;23;2;126m▂▂▂▂▂▂▂▂▂▂▂▂▂▂▂▂▂▂▂▂[0m
[48;2;38;3;183m[38;2;38;3;183m                        [48;2;40;7;192m[38;2;29;4;157m▎[48;2;113;93;199m[38;2;224;219;232m┏[48;2;239;238;241m[38;2;0;0;0m [48;2;251;250;253m[38;2;236;235;240m┗[48;2;249;249;251m[38;2;249;249;251m  [48;2;231;226;226m[38;2;74;49;185m▆[48;2;42;13;185m[38;2;0;0;0m [48;2;43;13;181m[38;2;19;0;166m╷[48;2;62;33;190m[38;2;216;207;239m▆[48;2;248;248;250m[38;2;248;248;250m  [48;2;245;242;246m[38;2;0;0;0m [48;2;223;222;228m[38;2;68;50;170m▂[48;2;40;5;185m[38;2;40;5;185m  [48;2;38;3;183m[38;2;38;3;183m                    [0m
[48;2;38;3;183m[38;2;38;3;183m                        [48;2;40;15;178m[38;2;185;174;233m▂[48;2;242;240;240m[38;2;135;120;204m▎[48;2;250;250;252m[38;2;250;250;252m  [48;2;236;231;247m[38;2;248;246;247m▊[48;2;228;225;232m[38;2;72;51;182m▆[48;2;46;11;189m[38;2;35;2;178m▄[48;2;35;2;178m[38;2;46;11;189m▄[48;2;41;11;180m[38;2;42;8;195m▎[48;2;212;202;233m[38;2;50;21;179m▆[48;2;239;236;238m[38;2;198;110;140m▂[48;2;247;244;246m[38;2;0;0;0m [48;2;173;162;220m[38;2;249;247;249m▊[48;2;37;11;173m[38;2;46;13;204m│[48;2;38;3;183m[38;2;38;3;183m                      [0m
[48;2;38;3;185m[38;2;38;3;185m                        [48;2;244;242;251m[38;2;141;133;182m▎[48;2;251;251;247m[38;2;235;234;239m│[48;2;250;250;252m[38;2;250;250;252m  [48;2;223;213;246m[38;2;70;45;187m▆[48;2;42;13;178m[38;2;0;0;0m [48;2;38;3;185m[38;2;38;3;185m  [48;2;39;4;184m[38;2;39;4;184m  [48;2;189;72;111m[38;2;53;26;153m▂[48;2;235;210;198m[38;2;210;71;103m▆[48;2;212;207;214m[38;2;198;72;117m▆[48;2;45;11;170m[38;2;0;0;0m [48;2;38;3;185m[38;2;38;3;185m                      [0m
[48;2;38;3;185m[38;2;38;3;185m                      [48;2;36;4;185m[38;2;34;5;159m▎[48;2;69;45;174m[38;2;195;184;226m▆[48;2;237;236;240m[38;2;0;0;0m [48;2;248;247;252m[38;2;255;254;255m▌[48;2;236;233;241m[38;2;251;249;246m▊[48;2;209;204;222m[38;2;69;47;187m▆[48;2;43;8;186m[38;2;56;21;199m▘[48;2;38;4;181m[38;2;25;0;168m▝[48;2;38;3;185m[38;2;38;3;185m    [48;2;38;5;187m[38;2;57;15;174m▝[48;2;155;57;121m[38;2;41;7;166m▆[48;2;190;65;100m[38;2;55;4;180m▂[48;2;125;49;118m[38;2;134;36;139m▄[48;2;81;26;142m[38;2;189;68;101m━[48;2;37;4;188m[38;2;83;9;184m╸[48;2;38;3;185m[38;2;38;3;185m                    [0m
[48;2;38;3;185m[38;2;38;3;185m                      [48;2;55;18;165m[38;2;180;69;120m▁[48;2;184;166;214m[38;2;187;59;98m▆[48;2;237;213;217m[38;2;208;79;100m▂[48;2;233;231;242m[38;2;72;30;154m▂[48;2;209;198;238m[38;2;66;40;187m▆[48;2;41;12;180m[38;2;0;0;0m [48;2;38;3;185m[38;2;38;3;185m                                [0m
[48;2;38;3;185m[38;2;38;3;185m                      [48;2;169;67;97m[38;2;58;12;46m▃[48;2;207;78;105m[38;2;47;17;33m▃[48;2;213;68;96m[38;2;168;64;74m▁[48;2;108;38;136m[38;2;211;76;99m▆[48;2;47;22;73m[38;2;211;67;100m▂[48;2;39;13;67m[38;2;220;75;108m▂[48;2;31;6;134m[38;2;12;6;16m▆▆[48;2;36;13;142m[38;2;5;3;13m▆▆▆▆▆▆▆▆[48;2;37;14;143m[38;2;6;4;14m▆▆[48;2;38;6;166m[38;2;28;17;52m▂[48;2;33;2;170m[38;2;43;6;199m▗[48;2;38;3;185m[38;2;38;3;185m                  [0m
[48;2;38;3;185m[38;2;38;3;185m                      [48;2;33;18;88m[38;2;34;3;173m▆[48;2;18;8;48m[38;2;38;5;184m▂[48;2;145;47;75m[38;2;26;10;82m▆▆[48;2;167;48;81m[38;2;24;10;81m▆▆[48;2;11;4;24m[38;2;42;10;181m▂▂[48;2;8;3;24m[38;2;39;10;180m▂▂▂▂▂▂▂▂[48;2;8;6;12m[38;2;31;5;151m▃▃[48;2;37;22;78m[38;2;37;2;183m▆[48;2;37;2;182m[38;2;37;5;163m▘[48;2;38;3;185m[38;2;38;3;185m                  [0m
[48;2;40;2;185m[38;2;40;2;185m                                                            [0m
[48;2;40;2;185m[38;2;40;2;185m                                                            [0m
