[48;2;1;1;1m[38;2;1;1;1m                                                            [0m
[48;2;1;1;1m[38;2;1;1;1m                                                            [0m
[48;2;1;1;1m[38;2;1;1;1m                                                            [0m
[48;2;1;1;1m[38;2;1;1;1m                                                            [0m
[48;2;1;1;1m[38;2;1;1;1m                            [48;2;1;1;3m[38;2;1;1;3m  [48;2;1;1;1m[38;2;1;1;1m                              [0m
[48;2;1;1;1m[38;2;1;1;1m                        [48;2;1;1;3m[38;2;1;1;3m    [48;2;3;1;6m[38;2;3;1;6m  [48;2;2;0;3m[38;2;2;0;3m  [48;2;1;1;1m[38;2;1;1;1m  [48;2;1;1;3m[38;2;1;1;3m  [48;2;1;1;1m[38;2;1;1;1m                        [0m
[48;2;1;1;1m[38;2;1;1;1m                        [48;2;3;1;6m[38;2;3;1;6m      [48;2;1;1;3m[38;2;1;1;3m  [48;2;3;1;4m[38;2;3;1;4m  [48;2;4;2;7m[38;2;4;2;7m  [48;2;5;3;6m[38;2;5;3;6m  [48;2;2;2;4m[38;2;2;2;4m  [48;2;1;1;3m[38;2;1;1;3m  [48;2;1;1;1m[38;2;1;1;1m                  [0m
[48;2;1;1;1m[38;2;1;1;1m                        [48;2;1;1;3m[38;2;1;1;3m  [48;2;3;1;6m[38;2;3;1;6m  [48;2;1;1;3m[38;2;1;1;3m    [48;2;1;0;2m[38;2;5;3;6m▘[48;2;7;5;8m[38;2;28;26;29m▗[48;2;33;29;32m[38;2;218;213;217m▄[48;2;164;159;163m[38;2;242;238;242m▇[48;2;154;154;156m[38;2;246;246;247m▇▇[48;2;151;146;150m[38;2;235;231;235m▇[48;2;25;20;24m[38;2;205;200;204m▄[48;2;4;2;5m[38;2;4;2;5m  [48;2;1;1;3m[38;2;1;1;3m  [48;2;1;1;1m[38;2;1;1;1m                [0m
[48;2;1;1;1m[38;2;1;1;1m                    [48;2;2;2;4m[38;2;2;2;4m  [48;2;3;1;6m[38;2;3;1;6m    [48;2;1;1;3m[38;2;1;1;3m      [48;2;1;0;4m[38;2;6;4;9m│[48;2;65;63;68m[38;2;7;6;10m▊[48;2;255;255;255m[38;2;236;236;238m▌[48;2;252;252;253m[38;2;244;244;246m┃[48;2;244;236;236m[38;2;0;0;0m [48;2;239;231;232m[38;2;197;88;120m▄[48;2;183;70;104m[38;2;18;12;9m▄[48;2;10;8;5m[38;2;65;33;39m▘[48;2;3;1;4m[38;2;3;1;4m  [48;2;3;1;6m[38;2;3;1;6m  [48;2;1;1;1m[38;2;1;1;1m                [0m
[48;2;1;1;1m[38;2;1;1;1m                [48;2;2;0;3m[38;2;2;0;3m  [48;2;3;1;4m[38;2;3;1;4m  [48;2;3;1;6m[38;2;3;1;6m    [48;2;1;1;3m[38;2;1;1;3m  [48;2;1;1;1m[38;2;1;1;1m    [48;2;1;1;3m[38;2;1;1;3m  [48;2;14;10;13m[38;2;75;70;74m▁[48;2;34;30;33m[38;2;225;220;224m▄[48;2;243;243;245m[38;2;239;239;241m▌[48;2;254;254;255m[38;2;250;250;252m▌[48;2;226;185;193m[38;2;246;247;250m▊[48;2;218;97;117m[38;2;211;61;90m┃[48;2;148;46;67m[38;2;209;65;89m▊[48;2;9;12;15m[38;2;69;29;37m▎[48;2;1;1;3m[38;2;1;1;3m  [48;2;3;1;4m[38;2;3;1;4m  [48;2;1;1;1m[38;2;1;1;1m                [0m
[48;2;1;1;1m[38;2;1;1;1m            [48;2;1;1;3m[38;2;1;1;3m  [48;2;3;1;6m[38;2;3;1;6m          [48;2;1;1;1m[38;2;1;1;1m    [48;2;1;1;3m[38;2;1;1;3m  [48;2;14;10;13m[38;2;0;0;0m [48;2;36;31;35m[38;2;211;206;210m▄[48;2;228;228;230m[38;2;249;249;251m▄[48;2;250;250;252m[38;2;0;0;0m [38;2;250;250;252m  [48;2;229;191;198m[38;2;252;248;252m▊[48;2;207;105;119m[38;2;208;65;90m┗[48;2;209;109;138m[38;2;240;236;235m▄[48;2;233;227;225m[38;2;0;0;0m [48;2;28;26;29m[38;2;209;207;210m▄[48;2;13;11;14m[38;2;104;102;105m▁[48;2;7;3;8m[38;2;105;100;106m▁▁[48;2;3;0;0m[38;2;23;19;20m▁[48;2;8;4;5m[38;2;58;54;55m▁[48;2;4;2;3m[38;2;4;2;3m  [48;2;1;1;1m[38;2;1;1;1m            [0m
[48;2;1;1;1m[38;2;1;1;1m            [48;2;3;1;6m[38;2;3;1;6m        [48;2;1;1;1m[38;2;1;1;1m        [48;2;2;0;3m[38;2;2;0;3m  [48;2;18;16;19m[38;2;98;96;99m▁[48;2;246;244;246m[38;2;167;165;168m▎[48;2;250;250;252m[38;2;250;250;252m    [48;2;249;249;251m[38;2;249;249;251m  [48;2;203;198;202m[38;2;246;242;246m▊[48;2;217;213;217m[38;2;49;44;48m▄[48;2;246;244;247m[38;2;117;115;118m▁▁[48;2;248;246;249m[38;2;128;126;129m▁▁[48;2;150;116;122m[38;2;232;222;220m▊[48;2;176;65;97m[38;2;44;24;25m▄[48;2;92;27;35m[38;2;189;65;83m▊[48;2;17;3;5m[38;2;4;10;10m┃[48;2;1;1;1m[38;2;1;1;1m            [0m
[48;2;1;1;1m[38;2;1;1;1m            [48;2;1;1;3m[38;2;1;1;3m  [48;2;3;1;6m[38;2;3;1;6m    [48;2;1;1;3m[38;2;1;1;3m  [48;2;1;1;1m[38;2;1;1;1m  [48;2;1;1;3m[38;2;1;1;3m  [48;2;1;1;1m[38;2;1;1;1m    [48;2;4;2;7m[38;2;4;2;7m  [48;2;248;247;252m[38;2;147;146;151m▎[48;2;255;254;255m[38;2;234;233;238m│[48;2;250;250;252m[38;2;250;250;252m    [48;2;249;249;251m[38;2;249;249;251m  [48;2;224;220;224m[38;2;115;110;114m▁[48;2;3;0;2m[38;2;16;11;15m▎[48;2;4;2;7m[38;2;4;2;7m      [48;2;1;1;3m[38;2;1;1;3m  [48;2;1;1;1m[38;2;1;1;1m            [0m
[48;2;1;1;1m[38;2;1;1;1m              [48;2;2;0;3m[38;2;2;0;3m  [48;2;1;1;3m[38;2;1;1;3m  [48;2;1;1;1m[38;2;1;1;1m      [48;2;2;0;3m[38;2;2;0;3m  [48;2;3;1;4m[38;2;3;1;4m  [48;2;4;2;7m[38;2;4;2;7m  [48;2;246;246;248m[38;2;255;255;255m│[48;2;253;253;254m[38;2;241;241;243m┃[48;2;250;250;252m[38;2;250;250;252m    [48;2;247;245;247m[38;2;0;0;0m [48;2;205;203;206m [48;2;9;7;12m[38;2;14;12;17m▌[48;2;1;0;4m[38;2;4;2;7m▎[48;2;3;1;4m[38;2;3;1;4m  [48;2;1;1;3m[38;2;1;1;3m  [48;2;3;1;6m[38;2;3;1;6m  [48;2;1;1;1m[38;2;1;1;1m              [0m
[48;2;1;1;1m[38;2;1;1;1m                [48;2;1;1;3m[38;2;1;1;3m  [48;2;1;1;1m[38;2;1;1;1m    [48;2;3;1;6m[38;2;3;1;6m      [48;2;3;0;4m[38;2;11;6;12m▃[48;2;16;12;17m[38;2;138;133;139m▁[48;2;226;224;227m[38;2;131;129;132m▂[48;2;255;254;255m[38;2;255;253;255m▄[48;2;250;250;252m[38;2;250;250;252m  [48;2;249;249;251m[38;2;249;249;251m  [48;2;219;215;218m[38;2;107;102;106m▁[48;2;10;6;9m[38;2;44;40;43m▎[48;2;1;1;1m[38;2;1;1;1m                      [0m
[48;2;1;1;1m[38;2;1;1;1m                    [48;2;0;0;0m[38;2;0;0;0m  [48;2;1;1;3m[38;2;1;1;3m  [48;2;2;0;3m[38;2;2;0;3m  [48;2;3;1;6m[38;2;3;1;6m  [48;2;20;19;21m[38;2;135;133;136m▁[48;2;240;238;241m[38;2;166;164;167m▎[48;2;52;51;53m[38;2;232;230;233m▅[48;2;240;238;240m[38;2;0;0;0m [48;2;250;250;252m[38;2;250;250;252m  [48;2;240;236;239m[38;2;0;0;0m [48;2;217;212;216m[38;2;80;75;79m▅[48;2;5;3;6m[38;2;5;3;6m  [48;2;1;1;3m[38;2;1;1;3m    [48;2;1;1;1m[38;2;1;1;1m                  [0m
[48;2;1;1;1m[38;2;1;1;1m                        [48;2;1;1;3m[38;2;1;1;3m  [48;2;3;1;4m[38;2;3;1;4m  [48;2;245;243;245m[38;2;142;140;143m▎[48;2;252;250;252m[38;2;236;234;237m│[48;2;250;250;252m[38;2;250;250;252m  [48;2;244;240;243m[38;2;221;128;159m▁▁[48;2;238;238;240m[38;2;253;253;254m▊[48;2;195;195;197m[38;2;245;245;246m▊[48;2;25;21;26m[38;2;161;156;162m▁[48;2;3;0;4m[38;2;8;3;9m▄[48;2;3;1;4m[38;2;3;1;4m  [48;2;3;1;6m[38;2;3;1;6m  [48;2;1;1;1m[38;2;1;1;1m                  [0m
[48;2;1;1;1m[38;2;1;1;1m                    [48;2;2;0;3m[38;2;2;0;3m  [48;2;1;1;1m[38;2;1;1;1m  [48;2;3;1;6m[38;2;3;1;6m  [48;2;3;1;4m[38;2;3;1;4m  [48;2;245;243;245m[38;2;142;140;143m▎[48;2;252;250;252m[38;2;236;234;237m│[48;2;249;249;251m[38;2;249;249;251m  [48;2;211;84;109m[38;2;233;215;203m▁▁[48;2;248;248;250m[38;2;248;248;250m  [48;2;188;183;187m[38;2;247;242;246m▊[48;2;5;1;4m[38;2;64;59;63m▎[48;2;3;1;6m[38;2;3;1;6m  [48;2;2;0;3m[38;2;2;0;3m  [48;2;1;1;1m[38;2;1;1;1m                  [0m
[48;2;1;1;1m[38;2;1;1;1m                  [48;2;1;1;3m[38;2;1;1;3m  [48;2;2;0;3m[38;2;2;0;3m  [48;2;1;1;3m[38;2;1;1;3m  [48;2;3;1;6m[38;2;3;1;6m  [48;2;2;0;3m[38;2;2;0;3m  [48;2;245;244;246m[38;2;143;141;144m▎[48;2;252;251;253m[38;2;237;235;238m│[48;2;250;250;252m[38;2;250;250;252m      [48;2;239;237;239m[38;2;0;0;0m [48;2;47;45;48m[38;2;221;219;222m▅[48;2;5;3;8m[38;2;5;3;8m  [48;2;1;1;3m[38;2;1;1;3m  [48;2;1;1;1m[38;2;1;1;1m                  [0m
[48;2;1;1;1m[38;2;1;1;1m                  [48;2;2;0;3m[38;2;2;0;3m    [48;2;3;1;6m[38;2;3;1;6m    [48;2;9;8;10m[38;2;0;0;0m [48;2;88;86;89m[38;2;230;228;231m┏[48;2;238;238;239m[38;2;0;0;0m [48;2;249;249;251m[38;2;233;233;235m╵[38;2;249;249;251m  [48;2;231;229;232m[38;2;48;46;49m▁[48;2;245;243;245m[38;2;0;0;0m [48;2;250;250;252m[38;2;250;250;252m  [48;2;250;250;251m[38;2;0;0;0m [48;2;249;249;250m[38;2;211;211;213m▝[48;2;48;43;47m[38;2;224;220;223m▅[48;2;3;0;2m[38;2;9;4;8m▄[48;2;1;1;1m[38;2;1;1;1m                    [0m
[48;2;4;2;10m[38;2;23;2;126m▂▂▂▂▂▂▂▂▂▂▂▂▂▂▂▂▂▂[48;2;5;3;12m[38;2;24;2;129m▂▂[48;2;4;2;10m[38;2;23;2;126m▂▂[48;2;5;3;12m[38;2;24;2;129m▂▂[48;2;4;2;11m[38;2;23;1;128m▂▂[48;2;44;42;45m[38;2;209;207;210m▅[48;2;236;234;236m[38;2;0;0;0m [48;2;250;250;252m[38;2;250;250;252m  [48;2;246;245;244m[38;2;0;0;0m [48;2;233;233;233m[38;2;111;96;192m▂[48;2;34;29;35m[38;2;39;16;138m▂[48;2;214;207;222m[38;2;72;40;211m▁[48;2;249;249;251m[38;2;249;249;251m  [48;2;250;250;252m[38;2;250;250;252m  [48;2;177;172;188m[38;2;247;245;244m▊[48;2;16;15;18m[38;2;26;11;124m▂[48;2;4;2;10m[38;2;23;2;126m▂▂▂▂▂▂▂▂▂▂▂▂▂▂▂▂▂▂▂▂[0m
[48;2;38;3;183m[38;2;38;3;183m                        [48;2;40;7;192m[38;2;29;3;157m▎[48;2;109;88;195m[38;2;230;224;237m┏[48;2;239;238;241m[38;2;0;0;0m [48;2;251;250;253m[38;2;236;235;240m┗[48;2;250;250;252m[38;2;250;250;252m  [48;2;238;234;238m[38;2;85;61;183m▂[48;2;39;7;183m[38;2;91;66;199m▎[48;2;41;6;184m[38;2;41;6;184m  [48;2;255;255;255m[38;2;236;236;238m▌[48;2;252;252;253m[38;2;244;244;246m┃[48;2;250;250;252m[38;2;250;250;252m  [48;2;175;162;218m[38;2;251;247;248m▊[48;2;39;11;171m[38;2;48;13;203m│[48;2;38;3;183m[38;2;38;3;183m                    [0m
[48;2;38;3;183m[38;2;38;3;183m                        [48;2;40;23;167m[38;2;201;197;222m▆[48;2;237;236;244m[38;2;0;0;0m [48;2;250;250;252m[38;2;250;250;252m  [48;2;241;237;244m[38;2;87;67;182m▂[48;2;236;234;237m[38;2;61;36;182m▆[48;2;46;11;189m[38;2;35;2;178m▄[48;2;35;2;178m[38;2;46;11;189m▄[48;2;41;6;184m[38;2;41;6;184m  [48;2;255;255;255m[38;2;236;236;238m▌[48;2;252;252;253m[38;2;244;244;246m┃[48;2;237;236;241m[38;2;247;246;250m▊[48;2;204;203;208m[38;2;248;247;251m▊[48;2;205;195;229m[38;2;47;20;176m▆[48;2;43;11;186m[38;2;0;0;0m [48;2;38;3;183m[38;2;38;3;183m                    [0m
[48;2;38;3;185m[38;2;38;3;185m                      [48;2;35;3;186m[38;2;33;4;159m▎[48;2;68;40;202m[38;2;195;185;221m▆[48;2;238;237;241m[38;2;0;0;0m [48;2;255;254;255m[38;2;254;253;255m┗[48;2;246;245;248m[38;2;0;0;0m [48;2;239;239;239m[38;2;77;62;182m▂[48;2;40;8;188m[38;2;113;89;201m▎[48;2;44;10;191m[38;2;29;0;168m▌[48;2;38;3;185m[38;2;38;3;185m  [48;2;40;5;183m[38;2;40;5;183m  [48;2;228;227;231m[38;2;63;49;172m▂[48;2;244;242;249m[38;2;0;0;0m [48;2;255;254;255m[38;2;246;245;250m▌[48;2;175;174;179m[38;2;246;245;249m▊[48;2;41;6;184m[38;2;41;6;184m  [48;2;38;3;185m[38;2;38;3;185m                    [0m
[48;2;38;3;185m[38;2;38;3;185m                      [48;2;62;39;185m[38;2;188;183;211m▆[48;2;235;232;236m[38;2;0;0;0m [48;2;246;244;248m [48;2;238;237;239m[38;2;97;81;187m▂[48;2;216;204;240m[38;2;66;39;184m▆[48;2;43;12;179m[38;2;0;0;0m [48;2;38;3;185m[38;2;38;3;185m      [48;2;87;66;187m[38;2;37;7;183m▊[48;2;252;251;245m[38;2;203;193;243m▎[48;2;255;254;255m[38;2;246;245;250m▌[48;2;175;174;179m[38;2;246;245;249m▊[48;2;41;6;186m[38;2;41;6;186m  [48;2;38;3;185m[38;2;38;3;185m                    [0m
[48;2;38;3;185m[38;2;38;3;185m                    [48;2;48;9;201m[38;2;36;4;183m▊[48;2;105;35;124m[38;2;213;79;120m▗[48;2;198;171;180m[38;2;215;75;101m▆[48;2;231;204;213m[38;2;219;79;105m▆[48;2;238;213;221m[38;2;141;52;122m▆[48;2;61;19;175m[38;2;0;0;0m [48;2;38;3;185m[38;2;38;3;185m      [48;2;38;3;183m[38;2;38;3;183m  [48;2;60;24;171m[38;2;177;58;94m▂[48;2;235;223;232m[38;2;201;85;105m▂[48;2;237;232;234m[38;2;204;72;99m▂[48;2;227;221;225m[38;2;212;81;107m▂[48;2;40;5;183m[38;2;40;5;183m  [48;2;38;3;185m[38;2;38;3;185m                    [0m
[48;2;38;3;185m[38;2;38;3;185m                    [48;2;35;6;172m[38;2;22;13;69m▃[48;2;143;53;92m[38;2;16;6;39m▆[48;2;189;70;88m[38;2;34;16;21m▃[48;2;215;72;98m[38;2;47;9;20m▃[48;2;107;34;149m[38;2;189;67;86m▆[48;2;60;20;82m[38;2;208;71;87m▂[48;2;30;11;64m[38;2;195;65;98m▂[48;2;47;13;155m[38;2;25;9;15m▆[48;2;36;13;142m[38;2;5;3;13m▆▆▆▆[48;2;36;13;140m[38;2;5;3;12m▆▆[48;2;145;59;80m[38;2;25;6;7m▆[48;2;195;72;106m[38;2;40;19;19m▃[48;2;193;65;90m[38;2;46;21;15m▂[48;2;218;72;103m[38;2;176;66;85m▝[48;2;34;15;67m[38;2;197;61;92m▂▂[48;2;36;4;163m[38;2;36;24;59m▂[48;2;36;0;183m[38;2;36;5;160m▖[48;2;38;3;185m[38;2;38;3;185m                  [0m
[48;2;38;3;185m[38;2;38;3;185m                    [48;2;33;17;91m[38;2;34;3;176m▆[48;2;18;7;50m[38;2;38;5;188m▂[48;2;8;6;11m[38;2;30;5;149m▃▃[48;2;145;47;75m[38;2;26;10;82m▆▆[48;2;137;45;73m[38;2;27;7;82m▆[48;2;21;10;29m[38;2;46;13;182m▂[48;2;8;3;24m[38;2;39;10;180m▂▂▂▂▂▂▂▂[48;2;18;9;28m[38;2;43;12;180m▂[48;2;134;44;71m[38;2;25;7;80m▆[48;2;63;24;48m[38;2;45;4;180m▂▂[48;2;37;22;76m[38;2;37;2;182m▆[48;2;37;2;180m[38;2;37;5;162m▘[48;2;38;3;185m[38;2;38;3;185m                  [0m
[48;2;40;2;185m[38;2;40;2;185m                                                            [0m
[48;2;40;2;185m[38;2;40;2;185m                                                            [0m
