[48;2;1;1;1m[38;2;1;1;1m                                                            [0m
[48;2;1;1;1m[38;2;1;1;1m                                                            [0m
[48;2;1;1;1m[38;2;1;1;1m                                                            [0m
[48;2;1;1;1m[38;2;1;1;1m                                                            [0m
[48;2;1;1;1m[38;2;1;1;1m                            [48;2;1;1;3m[38;2;1;1;3m  [48;2;1;1;1m[38;2;1;1;1m                              [0m
[48;2;1;1;1m[38;2;1;1;1m                        [48;2;1;1;3m[38;2;1;1;3m    [48;2;3;1;6m[38;2;3;1;6m  [48;2;2;0;3m[38;2;2;0;3m  [48;2;1;1;1m[38;2;1;1;1m  [48;2;1;1;3m[38;2;1;1;3m  [48;2;1;1;1m[38;2;1;1;1m                        [0m
[48;2;1;1;1m[38;2;1;1;1m                        [48;2;3;1;6m[38;2;3;1;6m      [48;2;1;1;3m[38;2;1;1;3m  [48;2;3;1;4m[38;2;3;1;4m  [48;2;4;2;7m[38;2;4;2;7m  [48;2;5;3;6m[38;2;5;3;6m  [48;2;2;2;4m[38;2;2;2;4m  [48;2;1;1;3m[38;2;1;1;3m  [48;2;1;1;1m[38;2;1;1;1m                  [0m
[48;2;1;1;1m[38;2;1;1;1m                        [48;2;1;1;3m[38;2;1;1;3m  [48;2;3;1;6m[38;2;3;1;6m  [48;2;1;1;3m[38;2;1;1;3m    [48;2;1;0;2m[38;2;5;3;6m▘[48;2;7;5;8m[38;2;28;26;29m▗[48;2;33;29;32m[38;2;218;213;217m▄[48;2;164;159;163m[38;2;242;238;242m▇[48;2;154;154;156m[38;2;246;246;247m▇▇[48;2;151;146;150m[38;2;235;231;235m▇[48;2;25;20;24m[38;2;205;200;204m▄[48;2;4;2;5m[38;2;4;2;5m  [48;2;1;1;3m[38;2;1;1;3m  [48;2;1;1;1m[38;2;1;1;1m                [0m
[48;2;1;1;1m[38;2;1;1;1m                    [48;2;2;2;4m[38;2;2;2;4m  [48;2;3;1;6m[38;2;3;1;6m    [48;2;1;1;3m[38;2;1;1;3m      [48;2;1;0;4m[38;2;6;4;9m│[48;2;65;63;68m[38;2;7;6;10m▊[48;2;255;255;255m[38;2;236;236;238m▌[48;2;252;252;253m[38;2;244;244;246m┃[48;2;244;236;236m[38;2;0;0;0m [48;2;239;231;232m[38;2;197;88;120m▄[48;2;183;70;104m[38;2;18;12;9m▄[48;2;10;8;5m[38;2;65;33;39m▘[48;2;3;1;4m[38;2;3;1;4m  [48;2;3;1;6m[38;2;3;1;6m  [48;2;1;1;1m[38;2;1;1;1m                [0m
[48;2;1;1;1m[38;2;1;1;1m                [48;2;2;0;3m[38;2;2;0;3m  [48;2;3;1;4m[38;2;3;1;4m  [48;2;3;1;6m[38;2;3;1;6m    [48;2;1;1;3m[38;2;1;1;3m  [48;2;1;1;1m[38;2;1;1;1m    [48;2;1;1;3m[38;2;1;1;3m  [48;2;14;10;13m[38;2;75;70;74m▁[48;2;34;30;33m[38;2;225;220;224m▄[48;2;243;243;245m[38;2;239;239;241m▌[48;2;254;254;255m[38;2;250;250;252m▌[48;2;226;185;193m[38;2;246;247;250m▊[48;2;218;97;117m[38;2;211;61;90m┃[48;2;148;46;67m[38;2;209;65;89m▊[48;2;9;12;15m[38;2;69;29;37m▎[48;2;1;1;3m[38;2;1;1;3m  [48;2;3;1;4m[38;2;3;1;4m  [48;2;1;1;1m[38;2;1;1;1m                [0m
[48;2;1;1;1m[38;2;1;1;1m            [48;2;1;1;3m[38;2;1;1;3m  [48;2;3;1;6m[38;2;3;1;6m          [48;2;1;1;1m[38;2;1;1;1m    [48;2;1;1;3m[38;2;1;1;3m  [48;2;14;10;13m[38;2;0;0;0m [48;2;36;31;35m[38;2;211;206;210m▄[48;2;228;228;230m[38;2;249;249;251m▄[48;2;250;250;252m[38;2;0;0;0m [38;2;250;250;252m  [48;2;229;191;198m[38;2;252;248;252m▊[48;2;207;105;119m[38;2;208;65;90m┗[48;2;209;109;138m[38;2;240;236;235m▄[48;2;233;227;225m[38;2;0;0;0m [48;2;31;29;32m[38;2;241;239;241m▄[48;2;25;23;26m[38;2;213;212;214m▄[48;2;8;3;9m[38;2;106;101;107m▁▁[48;2;3;0;0m[38;2;23;19;20m▁[48;2;8;4;5m[38;2;58;54;55m▁[48;2;4;2;3m[38;2;4;2;3m  [48;2;1;1;1m[38;2;1;1;1m            [0m
[48;2;1;1;1m[38;2;1;1;1m            [48;2;3;1;6m[38;2;3;1;6m        [48;2;1;1;1m[38;2;1;1;1m        [48;2;3;1;4m[38;2;3;1;4m  [48;2;22;21;23m[38;2;197;195;197m▅[48;2;237;235;237m[38;2;0;0;0m [48;2;250;250;252m[38;2;250;250;252m    [48;2;249;249;251m[38;2;249;249;251m  [48;2;203;198;202m[38;2;246;242;246m▊[48;2;217;213;217m[38;2;49;44;48m▄[48;2;245;244;246m[38;2;123;121;124m▁▁[48;2;248;246;249m[38;2;128;126;129m▁▁[48;2;150;116;122m[38;2;232;222;220m▊[48;2;176;65;97m[38;2;44;24;25m▄[48;2;92;27;35m[38;2;189;65;83m▊[48;2;17;3;5m[38;2;4;10;10m┃[48;2;1;1;1m[38;2;1;1;1m            [0m
[48;2;1;1;1m[38;2;1;1;1m            [48;2;1;1;3m[38;2;1;1;3m  [48;2;3;1;6m[38;2;3;1;6m    [48;2;1;1;3m[38;2;1;1;3m  [48;2;1;1;1m[38;2;1;1;1m  [48;2;1;1;3m[38;2;1;1;3m  [48;2;1;1;1m[38;2;1;1;1m    [48;2;4;2;7m[38;2;4;2;7m  [48;2;249;248;253m[38;2;148;147;152m▎[48;2;255;254;255m[38;2;235;234;239m│[48;2;250;250;252m[38;2;250;250;252m    [48;2;238;238;240m[38;2;249;249;250m▊[48;2;237;237;238m[38;2;0;0;0m [48;2;218;214;217m[38;2;34;30;33m▅[48;2;3;0;2m[38;2;72;67;71m [48;2;4;2;7m[38;2;4;2;7m      [48;2;1;1;3m[38;2;1;1;3m  [48;2;1;1;1m[38;2;1;1;1m            [0m
[48;2;1;1;1m[38;2;1;1;1m              [48;2;2;0;3m[38;2;2;0;3m  [48;2;1;1;3m[38;2;1;1;3m  [48;2;1;1;1m[38;2;1;1;1m      [48;2;2;0;3m[38;2;2;0;3m  [48;2;3;1;4m[38;2;3;1;4m  [48;2;4;2;7m[38;2;4;2;7m  [48;2;246;246;248m[38;2;255;255;255m│[48;2;253;253;254m[38;2;241;241;243m┃[48;2;250;250;252m[38;2;250;250;252m    [48;2;206;202;206m[38;2;244;239;243m▊[48;2;219;214;218m[38;2;37;33;36m▅[48;2;4;2;7m[38;2;4;2;7m  [48;2;3;1;4m[38;2;3;1;4m  [48;2;1;1;3m[38;2;1;1;3m  [48;2;3;1;6m[38;2;3;1;6m  [48;2;1;1;1m[38;2;1;1;1m              [0m
[48;2;1;1;1m[38;2;1;1;1m                [48;2;1;1;3m[38;2;1;1;3m  [48;2;1;1;1m[38;2;1;1;1m    [48;2;3;1;6m[38;2;3;1;6m      [48;2;17;13;16m[38;2;147;142;146m▁[48;2;18;14;17m[38;2;207;203;206m▅[48;2;222;217;220m[38;2;80;74;78m▅[48;2;230;225;229m[38;2;76;70;74m▅[48;2;232;230;232m[38;2;106;104;107m▁[48;2;246;244;247m[38;2;0;0;0m [48;2;250;250;251m[38;2;241;241;243m┗[48;2;216;216;218m[38;2;248;248;249m▊[48;2;201;199;202m[38;2;33;31;34m▅[48;2;11;10;12m[38;2;0;0;0m [48;2;1;1;1m[38;2;1;1;1m                      [0m
[48;2;1;1;1m[38;2;1;1;1m                    [48;2;0;0;0m[38;2;0;0;0m  [48;2;1;1;3m[38;2;1;1;3m  [48;2;2;0;3m[38;2;2;0;3m  [48;2;1;0;4m[38;2;9;7;12m━[38;2;7;5;10m▃[48;2;244;242;245m[38;2;153;151;154m▎[48;2;250;249;251m[38;2;235;233;236m╷[48;2;248;248;250m[38;2;248;248;250m  [48;2;51;49;52m[38;2;231;230;232m▅[48;2;241;239;241m[38;2;0;0;0m [48;2;240;236;239m [48;2;217;212;216m[38;2;80;75;79m▅[48;2;5;3;6m[38;2;5;3;6m  [48;2;1;1;3m[38;2;1;1;3m    [48;2;1;1;1m[38;2;1;1;1m                  [0m
[48;2;1;1;1m[38;2;1;1;1m                        [48;2;1;1;3m[38;2;1;1;3m  [48;2;23;21;24m[38;2;1;0;2m▊[48;2;243;241;244m[38;2;121;119;122m▎[48;2;250;250;252m[38;2;250;250;252m    [48;2;244;240;243m[38;2;221;128;159m▁▁[48;2;255;254;255m[38;2;248;246;249m▌[48;2;177;175;178m[38;2;247;246;248m▊[48;2;1;0;4m[38;2;36;34;39m▎[48;2;2;0;5m[38;2;9;7;12m┃[48;2;3;1;4m[38;2;3;1;4m  [48;2;3;1;6m[38;2;3;1;6m  [48;2;1;1;1m[38;2;1;1;1m                  [0m
[48;2;1;1;1m[38;2;1;1;1m                    [48;2;2;0;3m[38;2;2;0;3m  [48;2;1;1;1m[38;2;1;1;1m  [48;2;3;1;6m[38;2;3;1;6m  [48;2;30;28;31m[38;2;6;4;7m▊[48;2;204;202;205m[38;2;103;101;104m▎[48;2;251;251;252m[38;2;241;241;243m▃[48;2;241;241;243m[38;2;251;251;252m▅[48;2;250;250;252m[38;2;250;250;252m  [48;2;216;95;123m[38;2;247;232;226m▅[48;2;201;88;114m[38;2;252;212;215m▁[48;2;240;238;241m[38;2;254;253;254m▝[48;2;250;249;251m[38;2;224;222;225m▝[48;2;43;38;42m[38;2;216;212;215m▅[48;2;10;6;9m[38;2;32;28;31m▎[48;2;3;1;6m[38;2;3;1;6m  [48;2;2;0;3m[38;2;2;0;3m  [48;2;1;1;1m[38;2;1;1;1m                  [0m
[48;2;1;1;1m[38;2;1;1;1m                  [48;2;1;1;3m[38;2;1;1;3m  [48;2;2;0;3m[38;2;2;0;3m  [48;2;1;1;3m[38;2;1;1;3m  [48;2;3;1;6m[38;2;3;1;6m  [48;2;2;0;3m[38;2;2;0;3m  [48;2;201;199;201m[38;2;28;26;29m▁[48;2;255;254;255m[38;2;249;247;250m▄[48;2;250;250;252m[38;2;250;250;252m      [48;2;192;190;193m[38;2;243;242;244m▊[48;2;29;28;30m[38;2;210;208;211m▁[48;2;4;2;7m[38;2;4;2;7m  [48;2;1;1;3m[38;2;1;1;3m  [48;2;1;1;1m[38;2;1;1;1m                  [0m
[48;2;1;1;1m[38;2;1;1;1m                  [48;2;2;0;3m[38;2;2;0;3m    [48;2;3;1;6m[38;2;3;1;6m      [48;2;1;0;2m[38;2;22;20;23m▄[48;2;244;242;245m[38;2;145;143;146m▎[48;2;250;250;252m[38;2;250;250;252m      [48;2;255;255;255m[38;2;245;245;247m▌[48;2;174;174;176m▊[48;2;4;3;7m[38;2;21;19;24m▌[48;2;8;6;11m[38;2;1;0;4m▊[48;2;1;1;1m[38;2;1;1;1m                    [0m
[48;2;4;2;10m[38;2;23;2;126m▂▂▂▂▂▂▂▂▂▂▂▂▂▂▂▂▂▂[48;2;5;3;12m[38;2;24;2;129m▂▂[48;2;4;2;10m[38;2;23;2;126m▂▂[48;2;5;3;12m[38;2;24;2;129m▂▂▂▂▂▂[48;2;14;12;17m[38;2;172;170;175m▂[48;2;242;240;244m[38;2;167;165;170m▎[48;2;250;250;252m[38;2;250;250;252m      [48;2;255;255;255m[38;2;245;245;247m▌[48;2;174;174;176m▊[48;2;15;10;19m[38;2;35;10;138m▂[48;2;6;1;10m[38;2;24;1;126m▂[48;2;4;2;10m[38;2;23;2;126m▂▂▂▂▂▂▂▂▂▂▂▂▂▂▂▂▂▂▂▂[0m
[48;2;38;3;183m[38;2;38;3;183m                          [48;2;41;8;180m[38;2;0;0;0m [48;2;55;27;188m[38;2;206;195;232m▁[48;2;246;245;250m[38;2;176;175;181m▎[48;2;254;253;255m[38;2;255;254;255m▌[48;2;249;249;251m[38;2;249;249;251m  [48;2;244;242;246m[38;2;89;74;165m▂[48;2;245;244;247m[38;2;0;0;0m [48;2;250;250;252m[38;2;250;250;252m  [48;2;245;243;247m[38;2;0;0;0m [48;2;224;222;228m[38;2;68;52;170m▂[48;2;40;5;185m[38;2;40;5;185m  [48;2;38;3;183m[38;2;38;3;183m                    [0m
[48;2;38;3;183m[38;2;38;3;183m                        [48;2;38;3;185m[38;2;38;3;185m  [48;2;42;24;169m[38;2;203;199;223m▆[48;2;239;237;245m[38;2;0;0;0m [48;2;250;250;252m[38;2;250;250;252m  [48;2;239;235;243m[38;2;83;60;192m▂[48;2;233;232;225m[38;2;57;32;184m▆[48;2;37;12;162m[38;2;42;12;193m▌[48;2;247;246;245m[38;2;214;204;255m▎[48;2;250;250;252m[38;2;250;250;252m  [48;2;173;162;220m[38;2;249;247;249m▊[48;2;37;11;173m[38;2;46;13;204m│[48;2;38;3;183m[38;2;38;3;183m                      [0m
[48;2;38;3;185m[38;2;38;3;185m                        [48;2;37;6;186m[38;2;35;8;160m▎[48;2;70;41;202m[38;2;197;187;222m▆[48;2;237;236;240m[38;2;0;0;0m [48;2;250;249;252m[38;2;232;231;236m╺[48;2;239;234;244m[38;2;68;51;164m▂[48;2;224;220;226m[38;2;61;36;183m▆[48;2;46;11;189m[38;2;35;2;178m▄[48;2;35;2;178m[38;2;46;11;189m▄[48;2;70;48;175m[38;2;33;5;185m▊[48;2;248;247;247m[38;2;187;176;232m▎[48;2;250;250;252m[38;2;250;250;252m  [48;2;173;162;220m[38;2;249;247;249m▊[48;2;37;11;173m[38;2;46;13;204m│[48;2;38;3;185m[38;2;38;3;185m                      [0m
[48;2;38;3;185m[38;2;38;3;185m                        [48;2;57;11;151m[38;2;172;57;113m▆[48;2;201;189;205m[38;2;211;78;102m▆[48;2;236;222;218m[38;2;190;93;101m▂[48;2;217;204;240m[38;2;72;35;183m▆[48;2;43;8;186m[38;2;56;21;199m▘[48;2;38;4;181m[38;2;25;0;168m▝[48;2;38;3;185m[38;2;38;3;185m  [48;2;41;7;186m[38;2;0;0;0m [48;2;203;191;228m[38;2;47;19;178m▆[48;2;250;250;251m[38;2;232;232;234m▌[48;2;250;250;252m[38;2;255;255;255m▌[48;2;172;161;219m[38;2;248;246;248m▊[48;2;36;11;172m[38;2;45;12;203m│[48;2;38;3;185m[38;2;38;3;185m                      [0m
[48;2;38;3;185m[38;2;38;3;185m                        [48;2;117;54;136m[38;2;45;10;179m▆[48;2;206;73;94m[38;2;111;42;137m▖[48;2;203;74;95m[38;2;79;22;154m▃[48;2;44;8;181m[38;2;93;47;146m▎[48;2;38;3;185m[38;2;38;3;185m    [48;2;40;5;183m[38;2;40;5;183m  [48;2;238;240;242m[38;2;204;95;114m▃[48;2;247;249;250m[38;2;216;106;125m▃[48;2;212;208;221m[38;2;216;87;141m▂[48;2;43;14;163m[38;2;49;12;195m┃[48;2;38;3;185m[38;2;38;3;185m                      [0m
[48;2;38;3;185m[38;2;38;3;185m                      [48;2;33;2;174m[38;2;43;5;202m▖[48;2;38;6;169m[38;2;28;16;55m▂[48;2;42;10;144m[38;2;18;10;28m▆[48;2;82;32;51m[38;2;191;61;89m┗[48;2;51;28;62m[38;2;160;59;81m▂[48;2;49;19;150m[38;2;24;6;22m▆[48;2;36;13;142m[38;2;5;3;13m▆▆▆▆[48;2;36;13;140m[38;2;5;3;12m▆▆[48;2;140;64;82m[38;2;21;9;7m▆[48;2;188;63;97m[38;2;36;20;19m▂[48;2;179;73;110m[38;2;214;68;94m▆[48;2;103;35;152m[38;2;203;71;91m▆[48;2;34;18;84m[38;2;174;47;74m▂[48;2;44;11;160m[38;2;31;11;41m▂[48;2;39;4;184m[38;2;39;4;184m  [48;2;38;3;185m[38;2;38;3;185m                  [0m
[48;2;38;3;185m[38;2;38;3;185m                      [48;2;37;2;182m[38;2;37;4;170m▝[48;2;37;16;107m[38;2;37;3;176m▆[48;2;9;6;23m[38;2;32;8;143m▃▃[48;2;51;18;44m[38;2;43;14;177m▂[48;2;15;12;16m[38;2;40;10;152m▃[48;2;8;3;24m[38;2;39;10;180m▂▂▂▂▂▂▂▂[48;2;148;48;74m[38;2;28;10;81m▆▆[48;2;56;22;60m[38;2;47;1;172m▂[48;2;36;20;82m[38;2;39;8;170m▆[48;2;38;3;185m[38;2;38;3;185m                    [0m
[48;2;40;2;185m[38;2;40;2;185m                                                            [0m
[48;2;40;2;185m[38;2;40;2;185m                                                            [0m
