[48;2;1;1;1m[38;2;1;1;1m                                                            [0m
[48;2;1;1;1m[38;2;1;1;1m                                                            [0m
[48;2;1;1;1m[38;2;1;1;1m                                                            [0m
[48;2;1;1;1m[38;2;1;1;1m                                                            [0m
[48;2;1;1;1m[38;2;1;1;1m                            [48;2;1;1;3m[38;2;1;1;3m  [48;2;1;1;1m[38;2;1;1;1m                              [0m
[48;2;1;1;1m[38;2;1;1;1m                        [48;2;1;1;3m[38;2;1;1;3m    [48;2;3;1;6m[38;2;3;1;6m  [48;2;2;0;3m[38;2;2;0;3m  [48;2;1;1;1m[38;2;1;1;1m  [48;2;1;1;3m[38;2;1;1;3m  [48;2;1;1;1m[38;2;1;1;1m                        [0m
[48;2;1;1;1m[38;2;1;1;1m                        [48;2;3;1;6m[38;2;3;1;6m      [48;2;1;1;3m[38;2;1;1;3m  [48;2;3;1;4m[38;2;3;1;4m  [48;2;4;2;7m[38;2;4;2;7m  [48;2;5;3;6m[38;2;5;3;6m  [48;2;2;2;4m[38;2;2;2;4m  [48;2;1;1;3m[38;2;1;1;3m  [48;2;1;1;1m[38;2;1;1;1m                  [0m
[48;2;1;1;1m[38;2;1;1;1m                        [48;2;1;1;3m[38;2;1;1;3m  [48;2;3;1;6m[38;2;3;1;6m  [48;2;1;1;3m[38;2;1;1;3m    [48;2;1;0;2m[38;2;5;3;6m▘[48;2;7;5;8m[38;2;28;26;29m▗[48;2;33;29;32m[38;2;218;213;217m▄[48;2;164;159;163m[38;2;242;238;242m▇[48;2;154;154;156m[38;2;246;246;247m▇▇[48;2;151;146;150m[38;2;235;231;235m▇[48;2;25;20;24m[38;2;205;200;204m▄[48;2;4;2;5m[38;2;4;2;5m  [48;2;1;1;3m[38;2;1;1;3m  [48;2;1;1;1m[38;2;1;1;1m                [0m
[48;2;1;1;1m[38;2;1;1;1m                    [48;2;2;2;4m[38;2;2;2;4m  [48;2;3;1;6m[38;2;3;1;6m    [48;2;1;1;3m[38;2;1;1;3m      [48;2;1;0;4m[38;2;6;4;9m│[48;2;65;63;68m[38;2;7;6;10m▊[48;2;255;255;255m[38;2;236;236;238m▌[48;2;252;252;253m[38;2;244;244;246m┃[48;2;244;236;236m[38;2;0;0;0m [48;2;239;231;232m[38;2;197;88;120m▄[48;2;183;70;104m[38;2;18;12;9m▄[48;2;10;8;5m[38;2;65;33;39m▘[48;2;3;1;4m[38;2;3;1;4m  [48;2;3;1;6m[38;2;3;1;6m  [48;2;1;1;1m[38;2;1;1;1m                [0m
[48;2;1;1;1m[38;2;1;1;1m                [48;2;2;0;3m[38;2;2;0;3m  [48;2;3;1;4m[38;2;3;1;4m  [48;2;3;1;6m[38;2;3;1;6m    [48;2;1;1;3m[38;2;1;1;3m  [48;2;1;1;1m[38;2;1;1;1m    [48;2;1;1;3m[38;2;1;1;3m  [48;2;14;10;13m[38;2;75;70;74m▁[48;2;34;30;33m[38;2;225;220;224m▄[48;2;243;243;245m[38;2;239;239;241m▌[48;2;254;254;255m[38;2;250;250;252m▌[48;2;226;185;193m[38;2;246;247;250m▊[48;2;218;97;117m[38;2;211;61;90m┃[48;2;148;46;67m[38;2;209;65;89m▊[48;2;9;12;15m[38;2;69;29;37m▎[48;2;1;1;3m[38;2;1;1;3m  [48;2;3;1;4m[38;2;3;1;4m  [48;2;1;1;1m[38;2;1;1;1m                [0m
[48;2;1;1;1m[38;2;1;1;1m            [48;2;1;1;3m[38;2;1;1;3m  [48;2;3;1;6m[38;2;3;1;6m          [48;2;1;1;1m[38;2;1;1;1m    [48;2;1;1;3m[38;2;1;1;3m  [48;2;1;0;4m[38;2;15;13;18m╸[48;2;16;14;19m[38;2;88;86;91m▁[48;2;245;243;246m[38;2;187;185;188m▎[48;2;255;254;255m[38;2;251;249;252m▄[48;2;250;250;252m[38;2;250;250;252m  [48;2;229;191;198m[38;2;252;248;252m▊[48;2;207;105;119m[38;2;208;65;90m┗[48;2;209;109;138m[38;2;240;236;235m▄[48;2;233;227;225m[38;2;0;0;0m [48;2;31;29;32m[38;2;241;239;241m▄[48;2;25;23;26m[38;2;213;212;214m▄[48;2;8;3;9m[38;2;106;101;107m▁▁[48;2;3;0;0m[38;2;23;19;20m▁[48;2;8;4;5m[38;2;58;54;55m▁[48;2;4;2;3m[38;2;4;2;3m  [48;2;1;1;1m[38;2;1;1;1m            [0m
[48;2;1;1;1m[38;2;1;1;1m            [48;2;3;1;6m[38;2;3;1;6m        [48;2;1;1;1m[38;2;1;1;1m        [48;2;3;1;4m[38;2;3;1;4m  [48;2;22;20;23m[38;2;196;194;197m▅[48;2;236;234;237m[38;2;0;0;0m [48;2;250;250;252m[38;2;250;250;252m    [48;2;249;249;251m[38;2;249;249;251m  [48;2;238;233;237m[38;2;109;104;108m▁[48;2;224;220;224m[38;2;41;36;40m▄[48;2;245;244;246m[38;2;123;121;124m▁▁[48;2;248;246;249m[38;2;128;126;129m▁▁[48;2;150;116;122m[38;2;232;222;220m▊[48;2;176;65;97m[38;2;44;24;25m▄[48;2;92;27;35m[38;2;189;65;83m▊[48;2;17;3;5m[38;2;4;10;10m┃[48;2;1;1;1m[38;2;1;1;1m            [0m
[48;2;1;1;1m[38;2;1;1;1m            [48;2;1;1;3m[38;2;1;1;3m  [48;2;3;1;6m[38;2;3;1;6m    [48;2;1;1;3m[38;2;1;1;3m  [48;2;1;1;1m[38;2;1;1;1m  [48;2;1;1;3m[38;2;1;1;3m  [48;2;1;1;1m[38;2;1;1;1m    [48;2;4;2;7m[38;2;4;2;7m  [48;2;249;248;253m[38;2;148;147;152m▎[48;2;255;254;255m[38;2;235;234;239m│[48;2;250;250;252m[38;2;250;250;252m    [48;2;255;254;255m[38;2;248;246;249m▄[48;2;207;205;208m[38;2;0;0;0m [48;2;4;2;7m[38;2;20;18;23m▌[48;2;7;5;10m[38;2;1;0;4m▊[48;2;4;2;7m[38;2;4;2;7m      [48;2;1;1;3m[38;2;1;1;3m  [48;2;1;1;1m[38;2;1;1;1m            [0m
[48;2;1;1;1m[38;2;1;1;1m              [48;2;2;0;3m[38;2;2;0;3m  [48;2;1;1;3m[38;2;1;1;3m  [48;2;1;1;1m[38;2;1;1;1m      [48;2;2;0;3m[38;2;2;0;3m  [48;2;3;1;4m[38;2;3;1;4m  [48;2;4;2;7m[38;2;4;2;7m  [48;2;246;246;248m[38;2;255;255;255m│[48;2;253;253;254m[38;2;241;241;243m┃[48;2;250;250;252m[38;2;250;250;252m  [48;2;249;249;251m[38;2;249;249;251m  [48;2;221;216;220m[38;2;109;104;108m▁[48;2;10;6;9m[38;2;45;40;44m▎[48;2;3;1;6m[38;2;3;1;6m  [48;2;3;1;4m[38;2;3;1;4m  [48;2;1;1;3m[38;2;1;1;3m  [48;2;3;1;6m[38;2;3;1;6m  [48;2;1;1;1m[38;2;1;1;1m              [0m
[48;2;1;1;1m[38;2;1;1;1m                [48;2;1;1;3m[38;2;1;1;3m  [48;2;1;1;1m[38;2;1;1;1m    [48;2;3;1;6m[38;2;3;1;6m      [48;2;6;4;9m[38;2;0;0;0m [48;2;14;12;17m[38;2;136;134;139m▁[48;2;208;204;205m[38;2;75;72;72m▅[48;2;232;229;230m[38;2;76;72;73m▁[48;2;240;238;241m[38;2;108;106;109m▁[48;2;245;243;245m[38;2;0;0;0m [48;2;255;254;255m[38;2;251;249;252m▄[48;2;187;185;188m[38;2;245;243;246m▊[48;2;1;0;2m[38;2;35;33;36m▎[38;2;8;6;9m┃[48;2;1;1;1m[38;2;1;1;1m                      [0m
[48;2;1;1;1m[38;2;1;1;1m                    [48;2;0;0;0m[38;2;0;0;0m  [48;2;1;1;3m[38;2;1;1;3m  [48;2;2;0;3m[38;2;2;0;3m  [48;2;3;1;6m[38;2;3;1;6m  [48;2;27;26;28m[38;2;197;195;197m▅[48;2;237;235;237m[38;2;0;0;0m [48;2;244;243;245m [48;2;46;44;47m[38;2;233;231;234m▅[48;2;36;35;37m[38;2;233;231;233m▅[48;2;241;240;242m[38;2;0;0;0m [48;2;240;236;239m [48;2;217;212;216m[38;2;80;75;79m▅[48;2;5;3;6m[38;2;5;3;6m  [48;2;1;1;3m[38;2;1;1;3m    [48;2;1;1;1m[38;2;1;1;1m                  [0m
[48;2;1;1;1m[38;2;1;1;1m                        [48;2;1;1;3m[38;2;1;1;3m  [48;2;9;7;10m[38;2;1;0;2m┓[48;2;27;26;28m[38;2;204;202;205m▅[48;2;238;238;239m[38;2;0;0;0m [48;2;249;249;250m[38;2;232;232;234m╵[48;2;250;250;252m[38;2;250;250;252m  [48;2;244;240;243m[38;2;221;128;159m▁▁[48;2;253;253;254m[38;2;246;246;248m▃[48;2;244;244;246m[38;2;231;231;233m▝[48;2;46;41;45m[38;2;215;210;214m▅[48;2;10;5;9m[38;2;32;27;31m▎[48;2;3;1;4m[38;2;3;1;4m  [48;2;3;1;6m[38;2;3;1;6m  [48;2;1;1;1m[38;2;1;1;1m                  [0m
[48;2;1;1;1m[38;2;1;1;1m                    [48;2;2;0;3m[38;2;2;0;3m  [48;2;1;1;1m[38;2;1;1;1m  [48;2;3;1;6m[38;2;3;1;6m  [48;2;30;28;31m[38;2;6;4;7m▊[48;2;204;202;205m[38;2;103;101;104m▎[48;2;251;251;252m[38;2;241;241;243m▃[48;2;241;241;243m[38;2;251;251;252m▅[48;2;250;250;252m[38;2;250;250;252m  [48;2;216;95;123m[38;2;247;232;226m▅[48;2;201;88;114m[38;2;252;212;215m▁[48;2;248;248;250m[38;2;248;248;250m  [48;2;242;240;243m[38;2;0;0;0m [48;2;44;42;45m[38;2;213;211;213m▅[48;2;5;3;8m[38;2;5;3;8m  [48;2;2;0;3m[38;2;2;0;3m  [48;2;1;1;1m[38;2;1;1;1m                  [0m
[48;2;1;1;1m[38;2;1;1;1m                  [48;2;1;1;3m[38;2;1;1;3m  [48;2;2;0;3m[38;2;2;0;3m  [48;2;1;1;3m[38;2;1;1;3m  [48;2;3;1;6m[38;2;3;1;6m  [48;2;2;0;3m[38;2;2;0;3m  [48;2;201;199;201m[38;2;28;26;29m▁[48;2;255;254;255m[38;2;249;247;250m▄[48;2;250;250;252m[38;2;250;250;252m      [48;2;250;250;251m[38;2;0;0;0m [48;2;249;249;250m[38;2;211;211;213m▝[48;2;41;36;40m[38;2;214;209;213m▅[48;2;4;0;3m[38;2;3;0;2m┏[48;2;1;1;3m[38;2;1;1;3m  [48;2;1;1;1m[38;2;1;1;1m                  [0m
[48;2;1;1;1m[38;2;1;1;1m                  [48;2;2;0;3m[38;2;2;0;3m    [48;2;3;1;6m[38;2;3;1;6m      [48;2;1;0;2m[38;2;42;40;43m [48;2;185;183;186m[38;2;14;13;15m▅[48;2;215;214;216m[38;2;41;39;42m▁[48;2;243;241;243m[38;2;0;0;0m [48;2;250;250;252m[38;2;250;250;252m      [48;2;174;169;173m[38;2;246;241;245m▊[48;2;6;1;5m[38;2;51;46;50m▎[48;2;1;1;1m[38;2;1;1;1m                    [0m
[48;2;4;2;10m[38;2;23;2;126m▂▂▂▂▂▂▂▂▂▂▂▂▂▂▂▂▂▂[48;2;5;3;12m[38;2;24;2;129m▂▂[48;2;4;2;10m[38;2;23;2;126m▂▂[48;2;5;3;12m[38;2;24;2;129m▂▂▂▂▂▂▂▂[48;2;15;12;27m[38;2;33;13;174m▁[48;2;213;209;224m[38;2;47;18;188m▁[48;2;249;249;251m[38;2;249;249;251m  [48;2;250;250;252m[38;2;250;250;252m  [48;2;238;238;240m[38;2;251;251;252m▊[48;2;195;195;197m[38;2;244;244;246m▊[48;2;189;184;193m[38;2;28;16;71m▅[48;2;12;8;15m[38;2;34;10;135m▂[48;2;4;2;10m[38;2;23;2;126m▂▂▂▂▂▂▂▂▂▂▂▂▂▂▂▂▂▂▂▂[0m
[48;2;38;3;183m[38;2;38;3;183m                              [48;2;39;4;182m[38;2;39;4;182m  [48;2;248;247;251m[38;2;205;204;209m▎[48;2;240;239;244m[38;2;252;251;254m┃[48;2;250;250;252m[38;2;250;250;252m  [48;2;245;243;247m[38;2;0;0;0m [48;2;224;222;228m[38;2;68;52;170m▂[48;2;40;5;185m[38;2;40;5;185m  [48;2;38;3;183m[38;2;38;3;183m                    [0m
[48;2;38;3;183m[38;2;38;3;183m                            [48;2;39;4;184m[38;2;39;4;184m  [48;2;45;19;178m[38;2;203;198;218m▂[48;2;52;25;184m[38;2;228;223;240m▆[48;2;248;248;250m[38;2;248;248;250m  [48;2;250;250;252m[38;2;250;250;252m  [48;2;173;162;220m[38;2;249;247;249m▊[48;2;37;11;173m[38;2;46;13;204m│[48;2;38;3;183m[38;2;38;3;183m                      [0m
[48;2;38;3;185m[38;2;38;3;185m                          [48;2;38;3;183m[38;2;38;3;183m  [48;2;46;22;179m[38;2;200;195;215m▂[48;2;55;28;187m[38;2;226;221;237m▆[48;2;241;241;243m[38;2;251;251;252m▅[48;2;251;251;252m[38;2;241;241;243m▃[48;2;250;250;252m[38;2;250;250;252m  [38;2;254;254;255m▌[48;2;239;239;241m[38;2;243;243;245m▌[48;2;208;197;229m[38;2;52;23;180m▆[48;2;37;7;177m[38;2;56;20;204m│[48;2;38;3;185m[38;2;38;3;185m                      [0m
[48;2;38;3;185m[38;2;38;3;185m                            [48;2;221;205;208m[38;2;191;58;100m▆[48;2;241;224;218m[38;2;212;81;111m▆[48;2;235;233;231m[38;2;207;83;105m▂[48;2;235;226;240m[38;2;70;39;161m▂[48;2;237;236;239m[38;2;64;48;172m▂[48;2;244;242;249m[38;2;0;0;0m [48;2;255;255;255m[38;2;249;249;251m▌[48;2;231;231;233m▌[48;2;30;0;165m[38;2;61;30;188m▌[48;2;40;5;194m[38;2;38;3;183m▎[48;2;38;3;185m[38;2;38;3;185m                      [0m
[48;2;38;3;185m[38;2;38;3;185m                            [48;2;141;61;120m[38;2;45;11;171m▆[48;2;217;70;107m[38;2;129;75;123m▎[48;2;166;59;105m[38;2;221;76;97m▊[48;2;34;7;189m[38;2;90;33;136m▎[48;2;59;23;176m[38;2;36;2;179m┃[48;2;224;217;229m[38;2;204;73;127m▂[48;2;243;236;235m[38;2;205;70;111m▂[48;2;235;227;226m[38;2;194;59;100m▂[48;2;29;0;170m[38;2;60;26;201m▌[48;2;35;1;176m[38;2;43;9;184m┃[48;2;38;3;185m[38;2;38;3;185m                      [0m
[48;2;38;3;185m[38;2;38;3;185m                          [48;2;35;4;170m[38;2;24;10;70m▃[48;2;27;3;123m[38;2;16;9;25m▅[48;2;42;21;132m[38;2;7;4;13m▆[48;2;139;51;76m[38;2;15;4;19m▆[48;2;208;76;109m[38;2;188;57;71m▌[48;2;50;23;68m[38;2;199;56;96m▂[48;2;53;14;129m[38;2;12;8;18m▆[48;2;136;62;80m[38;2;17;5;19m▆[48;2;185;63;86m[38;2;40;21;13m▂[48;2;214;70;100m[38;2;0;0;0m [48;2;87;32;159m[38;2;193;73;89m▆[48;2;49;13;68m[38;2;192;74;101m▂[48;2;33;17;83m[38;2;173;46;73m▂[48;2;43;10;159m[38;2;30;10;40m▂[48;2;39;4;184m[38;2;39;4;184m  [48;2;38;3;185m[38;2;38;3;185m                  [0m
[48;2;38;3;185m[38;2;38;3;185m                          [48;2;32;17;85m[38;2;33;2;170m▆[48;2;17;7;46m[38;2;37;4;182m▂[48;2;8;3;24m[38;2;39;10;180m▂▂[48;2;146;46;72m[38;2;27;9;80m▆▆[48;2;11;4;24m[38;2;42;10;181m▂▂[48;2;18;9;28m[38;2;43;12;180m▂[48;2;134;44;71m[38;2;25;7;80m▆[48;2;167;48;81m[38;2;24;10;81m▆▆[48;2;56;22;60m[38;2;47;1;172m▂[48;2;36;20;82m[38;2;39;8;170m▆[48;2;38;3;185m[38;2;38;3;185m                    [0m
[48;2;40;2;185m[38;2;40;2;185m                                                            [0m
[48;2;40;2;185m[38;2;40;2;185m                                                            [0m
