[48;2;1;1;1m[38;2;1;1;1m                                                            [0m
[48;2;1;1;1m[38;2;1;1;1m                                                            [0m
[48;2;1;1;1m[38;2;1;1;1m                                                            [0m
[48;2;1;1;1m[38;2;1;1;1m                                                            [0m
[48;2;1;1;1m[38;2;1;1;1m                            [48;2;1;1;3m[38;2;1;1;3m  [48;2;1;1;1m[38;2;1;1;1m                              [0m
[48;2;1;1;1m[38;2;1;1;1m                        [48;2;1;1;3m[38;2;1;1;3m    [48;2;3;1;6m[38;2;3;1;6m  [48;2;2;0;3m[38;2;2;0;3m  [48;2;1;1;1m[38;2;1;1;1m  [48;2;1;1;3m[38;2;1;1;3m  [48;2;1;1;1m[38;2;1;1;1m                        [0m
[48;2;1;1;1m[38;2;1;1;1m                        [48;2;3;1;6m[38;2;3;1;6m      [48;2;1;1;3m[38;2;1;1;3m  [48;2;3;1;4m[38;2;3;1;4m  [48;2;4;2;7m[38;2;4;2;7m  [48;2;5;3;6m[38;2;5;3;6m  [48;2;2;2;4m[38;2;2;2;4m  [48;2;1;1;3m[38;2;1;1;3m  [48;2;1;1;1m[38;2;1;1;1m                  [0m
[48;2;1;1;1m[38;2;1;1;1m                        [48;2;1;1;3m[38;2;1;1;3m  [48;2;3;1;6m[38;2;3;1;6m  [48;2;1;1;3m[38;2;1;1;3m    [48;2;1;0;2m[38;2;5;3;6m▘[48;2;7;5;8m[38;2;28;26;29m▗[48;2;33;29;32m[38;2;218;213;217m▄[48;2;164;159;163m[38;2;242;238;242m▇[48;2;154;154;156m[38;2;246;246;247m▇▇[48;2;151;146;150m[38;2;235;231;235m▇[48;2;25;20;24m[38;2;205;200;204m▄[48;2;4;2;5m[38;2;4;2;5m  [48;2;1;1;3m[38;2;1;1;3m  [48;2;1;1;1m[38;2;1;1;1m                [0m
[48;2;1;1;1m[38;2;1;1;1m                    [48;2;2;2;4m[38;2;2;2;4m  [48;2;3;1;6m[38;2;3;1;6m    [48;2;1;1;3m[38;2;1;1;3m      [48;2;1;0;4m[38;2;6;4;9m│[48;2;65;63;68m[38;2;7;6;10m▊[48;2;255;255;255m[38;2;236;236;238m▌[48;2;252;252;253m[38;2;244;244;246m┃[48;2;244;236;236m[38;2;0;0;0m [48;2;239;231;232m[38;2;197;88;120m▄[48;2;183;70;104m[38;2;18;12;9m▄[48;2;10;8;5m[38;2;65;33;39m▘[48;2;3;1;4m[38;2;3;1;4m  [48;2;3;1;6m[38;2;3;1;6m  [48;2;1;1;1m[38;2;1;1;1m                [0m
[48;2;1;1;1m[38;2;1;1;1m                [48;2;2;0;3m[38;2;2;0;3m  [48;2;3;1;4m[38;2;3;1;4m  [48;2;3;1;6m[38;2;3;1;6m    [48;2;1;1;3m[38;2;1;1;3m  [48;2;1;1;1m[38;2;1;1;1m    [48;2;1;1;3m[38;2;1;1;3m  [48;2;14;10;13m[38;2;75;70;74m▁[48;2;34;30;33m[38;2;225;220;224m▄[48;2;243;243;245m[38;2;239;239;241m▌[48;2;254;254;255m[38;2;250;250;252m▌[48;2;226;185;193m[38;2;246;247;250m▊[48;2;218;97;117m[38;2;211;61;90m┃[48;2;148;46;67m[38;2;209;65;89m▊[48;2;9;12;15m[38;2;69;29;37m▎[48;2;1;1;3m[38;2;1;1;3m  [48;2;3;1;4m[38;2;3;1;4m  [48;2;1;1;1m[38;2;1;1;1m                [0m
[48;2;1;1;1m[38;2;1;1;1m            [48;2;1;1;3m[38;2;1;1;3m  [48;2;3;1;6m[38;2;3;1;6m          [48;2;1;1;1m[38;2;1;1;1m    [48;2;1;1;3m[38;2;1;1;3m  [48;2;1;0;4m[38;2;15;13;18m╸[48;2;16;14;19m[38;2;88;86;91m▁[48;2;245;243;246m[38;2;187;185;188m▎[48;2;255;254;255m[38;2;251;249;252m▄[48;2;250;250;252m[38;2;250;250;252m  [48;2;229;191;198m[38;2;252;248;252m▊[48;2;207;105;119m[38;2;208;65;90m┗[48;2;209;109;138m[38;2;240;236;235m▄[48;2;233;227;225m[38;2;0;0;0m [48;2;31;29;32m[38;2;241;239;241m▄[48;2;25;23;26m[38;2;213;212;214m▄[48;2;13;9;14m[38;2;101;96;102m▁[48;2;20;16;21m[38;2;122;117;123m▁[48;2;30;26;27m[38;2;233;230;231m▄[48;2;29;25;26m[38;2;198;195;196m▄[48;2;4;2;3m[38;2;4;2;3m  [48;2;1;1;1m[38;2;1;1;1m            [0m
[48;2;1;1;1m[38;2;1;1;1m            [48;2;3;1;6m[38;2;3;1;6m        [48;2;1;1;1m[38;2;1;1;1m        [48;2;3;1;4m[38;2;3;1;4m  [48;2;20;15;19m[38;2;100;95;99m▁[48;2;247;243;246m[38;2;169;164;168m▎[48;2;250;250;252m[38;2;250;250;252m    [48;2;249;249;251m[38;2;249;249;251m  [48;2;238;233;237m[38;2;109;104;108m▁[48;2;224;220;224m[38;2;41;36;40m▄[48;2;245;244;246m[38;2;123;121;124m▁▁[48;2;243;241;244m[38;2;122;120;123m▁[48;2;238;237;239m[38;2;101;99;102m▁[48;2;230;211;214m[38;2;43;31;31m▅[48;2;180;71;103m[38;2;32;15;17m▄[48;2;92;27;35m[38;2;189;65;83m▊[48;2;17;3;5m[38;2;4;10;10m┃[48;2;1;1;1m[38;2;1;1;1m            [0m
[48;2;1;1;1m[38;2;1;1;1m            [48;2;1;1;3m[38;2;1;1;3m  [48;2;3;1;6m[38;2;3;1;6m    [48;2;1;1;3m[38;2;1;1;3m  [48;2;1;1;1m[38;2;1;1;1m  [48;2;1;1;3m[38;2;1;1;3m  [48;2;1;1;1m[38;2;1;1;1m    [48;2;4;2;7m[38;2;4;2;7m  [48;2;248;247;252m[38;2;147;146;151m▎[48;2;255;254;255m[38;2;234;233;238m│[48;2;250;250;252m[38;2;250;250;252m    [48;2;255;254;255m[38;2;248;246;249m▄[48;2;207;205;208m[38;2;0;0;0m [48;2;4;2;7m[38;2;20;18;23m▌[48;2;7;5;10m[38;2;1;0;4m▊[48;2;4;2;7m[38;2;4;2;7m    [48;2;3;1;6m[38;2;3;1;6m  [48;2;1;1;3m[38;2;1;1;3m  [48;2;1;1;1m[38;2;1;1;1m            [0m
[48;2;1;1;1m[38;2;1;1;1m              [48;2;2;0;3m[38;2;2;0;3m  [48;2;1;1;3m[38;2;1;1;3m  [48;2;1;1;1m[38;2;1;1;1m      [48;2;2;0;3m[38;2;2;0;3m  [48;2;3;1;4m[38;2;3;1;4m  [48;2;4;2;7m[38;2;4;2;7m  [48;2;246;246;248m[38;2;255;255;255m│[48;2;253;253;254m[38;2;241;241;243m┃[48;2;250;250;252m[38;2;250;250;252m    [48;2;176;171;175m[38;2;247;243;246m▊[48;2;7;3;6m[38;2;53;48;52m▎[48;2;3;1;6m[38;2;3;1;6m  [48;2;3;1;4m[38;2;3;1;4m  [48;2;1;1;3m[38;2;1;1;3m  [48;2;3;1;6m[38;2;3;1;6m  [48;2;1;1;1m[38;2;1;1;1m              [0m
[48;2;1;1;1m[38;2;1;1;1m                [48;2;1;1;3m[38;2;1;1;3m  [48;2;1;1;1m[38;2;1;1;1m    [48;2;3;1;6m[38;2;3;1;6m      [48;2;6;4;9m[38;2;0;0;0m [48;2;14;12;17m[38;2;136;134;139m▁[48;2;208;204;205m[38;2;75;72;72m▅[48;2;232;229;230m[38;2;76;72;73m▁[48;2;240;238;241m[38;2;108;106;109m▁[48;2;245;243;245m[38;2;0;0;0m [48;2;250;250;251m[38;2;241;241;243m┗[48;2;216;216;218m[38;2;248;248;249m▊[48;2;207;206;208m[38;2;30;28;31m▅[48;2;11;10;12m[38;2;0;0;0m [48;2;1;1;1m[38;2;1;1;1m                      [0m
[48;2;1;1;1m[38;2;1;1;1m                    [48;2;0;0;0m[38;2;0;0;0m  [48;2;1;1;3m[38;2;1;1;3m  [48;2;2;0;3m[38;2;2;0;3m  [48;2;3;1;6m[38;2;3;1;6m  [48;2;16;14;17m[38;2;106;104;107m▂[48;2;242;241;243m[38;2;151;149;152m▎[48;2;244;243;245m[38;2;0;0;0m [48;2;46;44;47m[38;2;233;231;234m▅[48;2;36;35;37m[38;2;233;231;233m▅[48;2;241;240;242m[38;2;0;0;0m [48;2;255;254;255m[38;2;251;249;252m▄[48;2;187;185;188m[38;2;245;243;246m▊[48;2;1;0;0m[38;2;35;33;34m▎[38;2;8;6;7m┃[48;2;1;1;3m[38;2;1;1;3m    [48;2;1;1;1m[38;2;1;1;1m                  [0m
[48;2;1;1;1m[38;2;1;1;1m                        [48;2;1;1;3m[38;2;1;1;3m  [48;2;1;0;2m[38;2;10;8;11m━[38;2;8;6;9m▃[48;2;244;242;245m[38;2;153;151;154m▎[48;2;250;249;251m[38;2;235;233;236m╷[48;2;250;250;252m[38;2;250;250;252m  [48;2;250;244;246m[38;2;0;0;0m [48;2;241;240;242m[38;2;191;149;163m▁[48;2;239;246;245m[38;2;228;172;191m▂[48;2;246;242;245m[38;2;233;222;226m▝[48;2;43;38;42m[38;2;219;215;218m▅[48;2;27;22;26m[38;2;154;149;153m▁[48;2;3;1;4m[38;2;3;1;4m  [48;2;3;1;6m[38;2;3;1;6m  [48;2;1;1;1m[38;2;1;1;1m                  [0m
[48;2;1;1;1m[38;2;1;1;1m                    [48;2;2;0;3m[38;2;2;0;3m  [48;2;1;1;1m[38;2;1;1;1m  [48;2;3;1;6m[38;2;3;1;6m  [48;2;35;33;36m[38;2;1;0;2m▊[48;2;209;207;210m[38;2;104;102;105m▎[48;2;251;251;252m[38;2;241;241;243m▃[48;2;241;241;243m[38;2;251;251;252m▅[48;2;250;250;252m[38;2;250;250;252m  [48;2;243;241;241m[38;2;0;0;0m [48;2;212;98;134m[38;2;244;231;234m▅[48;2;207;105;126m[38;2;207;63;88m▊[48;2;248;252;253m[38;2;251;211;219m▎[48;2;255;255;255m[38;2;247;247;249m▌[48;2;176;176;178m[38;2;247;247;248m▊[48;2;25;20;26m[38;2;170;165;171m▁[48;2;3;0;4m[38;2;10;5;11m▄[48;2;2;0;3m[38;2;2;0;3m  [48;2;1;1;1m[38;2;1;1;1m                  [0m
[48;2;1;1;1m[38;2;1;1;1m                  [48;2;1;1;3m[38;2;1;1;3m  [48;2;2;0;3m[38;2;2;0;3m  [48;2;1;1;3m[38;2;1;1;3m  [48;2;3;1;6m[38;2;3;1;6m  [48;2;2;0;3m[38;2;2;0;3m  [48;2;184;182;185m[38;2;20;18;21m▅[48;2;242;241;243m[38;2;184;182;184m▎[48;2;250;250;252m[38;2;250;250;252m  [48;2;249;249;251m[38;2;249;249;251m  [48;2;214;87;128m[38;2;235;232;232m▆[48;2;249;243;244m[38;2;0;0;0m [48;2;250;250;252m[38;2;250;250;252m  [48;2;174;169;173m[38;2;246;241;245m▊[48;2;6;1;5m[38;2;51;46;50m▎[48;2;1;1;3m[38;2;1;1;3m  [48;2;1;1;1m[38;2;1;1;1m                  [0m
[48;2;1;1;1m[38;2;1;1;1m                  [48;2;2;0;3m[38;2;2;0;3m    [48;2;3;1;6m[38;2;3;1;6m      [48;2;1;0;2m[38;2;42;40;43m [48;2;185;183;186m[38;2;14;13;15m▅[48;2;215;214;216m[38;2;41;39;42m▁[48;2;243;241;243m[38;2;0;0;0m [48;2;250;250;252m[38;2;250;250;252m      [48;2;175;170;174m[38;2;246;242;246m▊[48;2;6;2;5m[38;2;52;47;51m▎[48;2;1;1;1m[38;2;1;1;1m                    [0m
[48;2;4;2;10m[38;2;23;2;126m▂▂▂▂▂▂▂▂▂▂▂▂▂▂▂▂▂▂[48;2;5;3;12m[38;2;24;2;129m▂▂[48;2;4;2;10m[38;2;23;2;126m▂▂[48;2;5;3;12m[38;2;24;2;129m▂▂▂▂▂▂▂▂[48;2;15;12;27m[38;2;33;13;174m▁[48;2;213;209;224m[38;2;47;18;188m▁[48;2;249;249;251m[38;2;249;249;251m  [48;2;250;250;252m[38;2;250;250;252m  [48;2;248;248;250m[38;2;248;248;250m  [48;2;211;205;221m[38;2;56;24;195m▁[48;2;20;14;31m[38;2;30;4;169m▁[48;2;4;2;10m[38;2;23;2;126m▂▂▂▂▂▂▂▂▂▂▂▂▂▂▂▂▂▂▂▂[0m
[48;2;38;3;183m[38;2;38;3;183m                              [48;2;39;4;182m[38;2;39;4;182m  [48;2;248;247;251m[38;2;205;204;209m▎[48;2;240;239;244m[38;2;252;251;254m┃[48;2;250;250;252m[38;2;250;250;252m  [48;2;245;243;247m[38;2;0;0;0m [48;2;224;222;228m[38;2;68;52;170m▂[48;2;40;5;185m[38;2;40;5;185m  [48;2;38;3;183m[38;2;38;3;183m                    [0m
[48;2;38;3;183m[38;2;38;3;183m                              [48;2;38;7;182m[38;2;0;0;0m [48;2;51;19;180m[38;2;203;192;227m▂[48;2;255;254;255m[38;2;236;235;240m▌[48;2;252;251;254m[38;2;244;243;248m┃[48;2;250;250;252m[38;2;250;250;252m  [48;2;173;162;220m[38;2;249;247;249m▊[48;2;37;11;173m[38;2;46;13;204m│[48;2;38;3;183m[38;2;38;3;183m                      [0m
[48;2;38;3;185m[38;2;38;3;185m                          [48;2;38;3;183m[38;2;38;3;183m  [48;2;46;22;179m[38;2;200;195;215m▂[48;2;55;28;187m[38;2;226;221;237m▆[48;2;66;49;173m[38;2;238;237;239m▆[48;2;246;244;250m[38;2;0;0;0m [48;2;250;250;252m[38;2;250;250;252m  [48;2;249;249;251m[38;2;249;249;251m  [48;2;222;215;235m[38;2;56;36;158m▂[48;2;41;14;176m[38;2;42;8;207m┏[48;2;38;3;185m[38;2;38;3;185m                      [0m
[48;2;38;3;185m[38;2;38;3;185m                            [48;2;220;189;204m[38;2;191;67;113m▆[48;2;244;227;224m[38;2;192;86;114m▂[48;2;243;241;246m[38;2;0;0;0m [48;2;237;235;237m[38;2;70;52;176m▂[48;2;237;236;239m[38;2;64;48;172m▂[48;2;244;242;249m[38;2;0;0;0m [48;2;255;255;255m[38;2;249;249;251m▌[48;2;231;231;233m▌[48;2;30;0;171m[38;2;61;27;202m▌[48;2;36;2;177m[38;2;44;10;185m┃[48;2;38;3;185m[38;2;38;3;185m                      [0m
[48;2;38;3;185m[38;2;38;3;185m                            [48;2;188;66;103m[38;2;76;14;168m▃[48;2;211;75;101m[38;2;0;0;0m [48;2;236;197;197m[38;2;207;77;105m▆[48;2;28;4;185m[38;2;94;49;150m▎[48;2;58;22;175m[38;2;35;2;178m┃[48;2;223;217;229m[38;2;203;72;126m▂[48;2;243;236;235m[38;2;205;70;111m▂[48;2;235;227;226m[38;2;194;59;100m▂[48;2;29;0;170m[38;2;60;26;201m▌[48;2;35;1;176m[38;2;43;9;184m┃[48;2;38;3;185m[38;2;38;3;185m                      [0m
[48;2;38;3;185m[38;2;38;3;185m                          [48;2;35;4;170m[38;2;24;10;70m▃[48;2;27;3;123m[38;2;16;9;25m▅[48;2;42;21;132m[38;2;7;4;13m▆[48;2;139;51;76m[38;2;15;4;19m▆[48;2;208;76;109m[38;2;188;57;71m▌[48;2;50;23;68m[38;2;199;56;96m▂[48;2;52;19;136m[38;2;19;6;21m▆[48;2;200;67;93m[38;2;50;22;29m▃[48;2;217;73;100m[38;2;217;73;100m  [48;2;87;32;159m[38;2;193;73;89m▆[48;2;49;13;68m[38;2;192;74;101m▂[48;2;33;17;83m[38;2;173;46;73m▂[48;2;43;10;159m[38;2;30;10;40m▂[48;2;39;4;184m[38;2;39;4;184m  [48;2;38;3;185m[38;2;38;3;185m                  [0m
[48;2;38;3;185m[38;2;38;3;185m                          [48;2;32;17;85m[38;2;33;2;170m▆[48;2;17;7;46m[38;2;37;4;182m▂[48;2;8;3;24m[38;2;39;10;180m▂▂[48;2;146;46;72m[38;2;27;9;80m▆▆[48;2;11;4;24m[38;2;42;10;181m▂▂[48;2;148;47;76m[38;2;28;10;82m▆▆[48;2;167;48;81m[38;2;24;10;81m▆▆[48;2;56;22;60m[38;2;47;1;172m▂[48;2;36;20;82m[38;2;39;8;170m▆[48;2;38;3;185m[38;2;38;3;185m                    [0m
[48;2;40;2;185m[38;2;40;2;185m                                                            [0m
[48;2;40;2;185m[38;2;40;2;185m                                                            [0m
