[48;2;1;1;1m[38;2;1;1;1m                                                            [0m
[48;2;1;1;1m[38;2;1;1;1m                                                            [0m
[48;2;1;1;1m[38;2;1;1;1m                                                            [0m
[48;2;1;1;1m[38;2;1;1;1m                                                            [0m
[48;2;1;1;1m[38;2;1;1;1m                            [48;2;1;1;3m[38;2;1;1;3m  [48;2;1;1;1m[38;2;1;1;1m                              [0m
[48;2;1;1;1m[38;2;1;1;1m                        [48;2;1;1;3m[38;2;1;1;3m    [48;2;3;1;6m[38;2;3;1;6m  [48;2;2;0;3m[38;2;2;0;3m  [48;2;1;1;1m[38;2;1;1;1m  [48;2;1;1;3m[38;2;1;1;3m  [48;2;1;1;1m[38;2;1;1;1m                        [0m
[48;2;1;1;1m[38;2;1;1;1m                        [48;2;3;1;6m[38;2;3;1;6m      [48;2;1;1;3m[38;2;1;1;3m  [48;2;3;1;4m[38;2;3;1;4m  [48;2;17;13;16m[38;2;0;0;0m [48;2;19;15;18m[38;2;205;200;204m▄[48;2;14;12;15m[38;2;225;223;226m▄▄[48;2;18;16;17m[38;2;195;193;194m▄[48;2;12;11;11m[38;2;0;0;0m [48;2;1;1;3m[38;2;1;1;3m  [48;2;1;1;1m[38;2;1;1;1m                  [0m
[48;2;1;1;1m[38;2;1;1;1m                        [48;2;1;1;3m[38;2;1;1;3m  [48;2;3;1;6m[38;2;3;1;6m  [48;2;1;1;3m[38;2;1;1;3m    [48;2;14;12;17m[38;2;1;0;4m▊[48;2;57;55;60m[38;2;8;6;11m▊[48;2;163;161;164m[38;2;236;234;236m▇[48;2;250;248;250m[38;2;235;233;236m╺[48;2;247;245;248m[38;2;253;252;254m▅[48;2;245;243;246m[38;2;232;230;233m▗[48;2;239;235;233m[38;2;191;84;116m▄[48;2;188;189;184m[38;2;42;26;26m▄[48;2;4;2;5m[38;2;4;2;5m  [48;2;1;1;3m[38;2;1;1;3m  [48;2;1;1;1m[38;2;1;1;1m                [0m
[48;2;1;1;1m[38;2;1;1;1m                    [48;2;2;2;4m[38;2;2;2;4m  [48;2;3;1;6m[38;2;3;1;6m    [48;2;1;1;3m[38;2;1;1;3m      [48;2;1;0;2m[38;2;8;6;9m│[48;2;67;65;68m[38;2;9;7;10m▊[48;2;255;255;255m[38;2;236;236;238m▌[48;2;252;252;253m[38;2;244;244;246m┃[48;2;242;202;210m[38;2;247;243;247m▊[48;2;196;68;87m[38;2;209;112;131m▎[48;2;20;8;9m[38;2;172;67;98m▄[48;2;14;5;5m[38;2;0;0;0m [48;2;2;0;3m[38;2;2;0;3m  [48;2;3;1;6m[38;2;3;1;6m  [48;2;1;1;1m[38;2;1;1;1m                [0m
[48;2;1;1;1m[38;2;1;1;1m                [48;2;2;0;3m[38;2;2;0;3m  [48;2;3;1;4m[38;2;3;1;4m  [48;2;3;1;6m[38;2;3;1;6m    [48;2;1;1;3m[38;2;1;1;3m  [48;2;1;1;1m[38;2;1;1;1m    [48;2;4;2;5m[38;2;4;2;5m  [48;2;31;30;32m[38;2;222;220;223m▄[48;2;234;232;235m[38;2;0;0;0m [48;2;250;250;252m[38;2;250;250;252m  [48;2;226;185;193m[38;2;246;247;250m▊[48;2;218;97;117m[38;2;211;61;90m┃[48;2;204;84;103m[38;2;0;0;0m [48;2;36;21;27m[38;2;215;201;208m▄[48;2;5;4;6m[38;2;65;63;66m▁▁[48;2;3;1;4m[38;2;3;1;4m  [48;2;1;0;0m[38;2;54;52;53m▁▁[48;2;1;1;1m[38;2;1;1;1m              [0m
[48;2;1;1;1m[38;2;1;1;1m            [48;2;1;1;3m[38;2;1;1;3m  [48;2;3;1;6m[38;2;3;1;6m          [48;2;1;1;1m[38;2;1;1;1m    [48;2;1;1;3m[38;2;1;1;3m  [48;2;16;11;15m[38;2;0;0;0m [48;2;33;28;32m[38;2;213;209;212m▄[48;2;245;245;247m[38;2;224;224;226m▘[48;2;255;255;255m[38;2;251;251;253m▗[48;2;250;250;252m[38;2;250;250;252m  [48;2;244;243;240m[38;2;0;0;0m [48;2;207;101;132m[38;2;250;240;242m▄[48;2;244;242;245m[38;2;230;228;231m╸[48;2;248;246;249m[38;2;179;177;180m▁[48;2;224;222;225m[38;2;249;248;250m▆[48;2;236;234;236m[38;2;0;0;0m [48;2;35;33;36m[38;2;238;236;238m▄[48;2;52;50;53m[38;2;242;240;242m▄[48;2;245;228;229m[38;2;141;142;136m▁[48;2;206;193;192m[38;2;183;67;100m▄[48;2;21;12;11m[38;2;156;55;85m▄[48;2;11;4;3m[38;2;0;0;0m [48;2;1;1;1m[38;2;1;1;1m            [0m
[48;2;1;1;1m[38;2;1;1;1m            [48;2;3;1;6m[38;2;3;1;6m        [48;2;1;1;1m[38;2;1;1;1m        [48;2;2;0;3m[38;2;2;0;3m  [48;2;38;36;39m[38;2;6;5;7m▊[48;2;247;245;248m[38;2;161;159;162m▎[48;2;250;250;252m[38;2;250;250;252m    [48;2;244;244;246m[38;2;251;251;252m▘[48;2;250;250;251m[38;2;205;205;207m▗[48;2;197;193;197m[38;2;18;14;17m▄[48;2;22;18;21m[38;2;0;0;0m [48;2;219;217;220m[38;2;9;8;10m▄▄[48;2;217;215;218m[38;2;12;10;13m▄[48;2;194;192;195m[38;2;4;3;5m▄[48;2;7;3;6m[38;2;22;17;21m▘▝[48;2;48;17;23m[38;2;185;67;102m▘[48;2;9;3;2m[38;2;0;0;0m [48;2;1;1;1m[38;2;1;1;1m            [0m
[48;2;1;1;1m[38;2;1;1;1m            [48;2;1;1;3m[38;2;1;1;3m  [48;2;3;1;6m[38;2;3;1;6m    [48;2;1;1;3m[38;2;1;1;3m  [48;2;1;1;1m[38;2;1;1;1m  [48;2;1;1;3m[38;2;1;1;3m  [48;2;1;1;1m[38;2;1;1;1m    [48;2;3;1;6m[38;2;3;1;6m  [48;2;25;23;26m[38;2;199;197;200m▅[48;2;239;237;240m[38;2;0;0;0m [48;2;250;250;252m[38;2;250;250;252m    [48;2;255;255;255m[38;2;245;245;247m▌[48;2;174;174;176m▊[48;2;4;3;7m[38;2;21;19;24m▌[48;2;8;6;11m[38;2;1;0;4m▊[48;2;3;1;6m[38;2;3;1;6m      [48;2;1;1;3m[38;2;1;1;3m  [48;2;1;1;1m[38;2;1;1;1m            [0m
[48;2;1;1;1m[38;2;1;1;1m              [48;2;2;0;3m[38;2;2;0;3m  [48;2;1;1;3m[38;2;1;1;3m  [48;2;1;1;1m[38;2;1;1;1m      [48;2;2;0;3m[38;2;2;0;3m  [48;2;3;1;4m[38;2;3;1;4m  [48;2;4;2;7m[38;2;4;2;7m  [48;2;218;216;218m[38;2;112;110;113m▁[48;2;231;229;232m[38;2;248;247;249m▇[48;2;250;250;252m[38;2;250;250;252m    [48;2;206;202;206m[38;2;244;239;243m▊[48;2;219;214;218m[38;2;37;33;36m▅[48;2;4;2;7m[38;2;4;2;7m  [48;2;3;1;4m[38;2;3;1;4m  [48;2;1;1;3m[38;2;1;1;3m  [48;2;3;1;6m[38;2;3;1;6m  [48;2;1;1;1m[38;2;1;1;1m              [0m
[48;2;1;1;1m[38;2;1;1;1m                [48;2;1;1;3m[38;2;1;1;3m  [48;2;1;1;1m[38;2;1;1;1m    [48;2;3;1;6m[38;2;3;1;6m      [48;2;9;7;10m[38;2;0;0;0m [48;2;19;17;20m[38;2;198;196;199m▅[48;2;33;27;31m[38;2;221;216;219m▅[48;2;214;208;212m[38;2;94;88;92m▅[48;2;249;249;251m[38;2;231;231;233m▌[38;2;255;255;255m▌[38;2;249;249;251m  [48;2;219;215;218m[38;2;107;102;106m▁[48;2;10;6;9m[38;2;44;40;43m▎[48;2;1;1;1m[38;2;1;1;1m                      [0m
[48;2;1;1;1m[38;2;1;1;1m                    [48;2;0;0;0m[38;2;0;0;0m  [48;2;1;1;3m[38;2;1;1;3m  [48;2;2;0;3m[38;2;2;0;3m  [48;2;3;1;6m[38;2;3;1;6m  [48;2;27;26;28m[38;2;197;195;197m▅[48;2;237;235;237m[38;2;0;0;0m [48;2;250;250;252m[38;2;250;250;252m    [48;2;255;255;255m▄[48;2;186;186;188m[38;2;244;244;246m▊[48;2;1;0;0m[38;2;35;33;34m▎[38;2;8;6;7m┃[48;2;1;1;3m[38;2;1;1;3m    [48;2;1;1;1m[38;2;1;1;1m                  [0m
[48;2;1;1;1m[38;2;1;1;1m                        [48;2;1;1;3m[38;2;1;1;3m  [48;2;3;1;6m[38;2;3;1;6m  [48;2;249;247;250m[38;2;136;134;137m▎[48;2;246;244;247m[38;2;246;244;247m▄[48;2;249;249;251m[38;2;249;249;251m  [48;2;244;235;227m[38;2;210;115;135m▅[48;2;246;233;227m[38;2;210;83;114m▅[48;2;246;234;239m[38;2;202;124;150m▁[48;2;243;245;245m[38;2;225;228;227m▝[48;2;45;40;44m[38;2;214;209;213m▅[48;2;3;0;2m[38;2;5;0;4m▄[48;2;3;1;4m[38;2;3;1;4m  [48;2;3;1;6m[38;2;3;1;6m  [48;2;1;1;1m[38;2;1;1;1m                  [0m
[48;2;1;1;1m[38;2;1;1;1m                    [48;2;2;0;3m[38;2;2;0;3m  [48;2;1;1;1m[38;2;1;1;1m  [48;2;3;1;6m[38;2;3;1;6m    [48;2;189;188;190m[38;2;24;22;25m▅[48;2;243;241;244m[38;2;185;183;185m▎[48;2;250;250;252m[38;2;250;250;252m  [48;2;246;246;246m[38;2;0;0;0m [48;2;210;98;134m[38;2;244;233;235m▅[48;2;209;97;133m[38;2;244;232;234m▅[48;2;246;246;245m[38;2;0;0;0m [48;2;242;240;243m [48;2;44;42;45m[38;2;213;211;213m▅[48;2;5;3;8m[38;2;5;3;8m  [48;2;2;0;3m[38;2;2;0;3m  [48;2;1;1;1m[38;2;1;1;1m                  [0m
[48;2;1;1;1m[38;2;1;1;1m                  [48;2;1;1;3m[38;2;1;1;3m  [48;2;2;0;3m[38;2;2;0;3m  [48;2;1;1;3m[38;2;1;1;3m  [48;2;3;1;6m[38;2;3;1;6m  [48;2;2;0;3m[38;2;2;0;3m  [48;2;1;0;4m[38;2;44;42;47m [48;2;187;185;190m[38;2;16;14;19m▅[48;2;229;229;230m[38;2;0;0;0m [48;2;252;252;253m[38;2;240;240;242m╷[48;2;250;250;252m[38;2;250;250;252m    [48;2;250;250;251m[38;2;0;0;0m [48;2;249;249;250m[38;2;211;211;213m▝[48;2;41;36;40m[38;2;214;209;213m▅[48;2;4;0;3m[38;2;3;0;2m┏[48;2;1;1;3m[38;2;1;1;3m  [48;2;1;1;1m[38;2;1;1;1m                  [0m
[48;2;1;1;1m[38;2;1;1;1m                  [48;2;2;0;3m[38;2;2;0;3m    [48;2;3;1;6m[38;2;3;1;6m        [48;2;190;189;191m[38;2;23;21;24m▅[48;2;244;242;244m[38;2;188;186;189m▎[48;2;250;250;252m[38;2;250;250;252m      [48;2;175;170;174m[38;2;246;242;246m▊[48;2;6;2;5m[38;2;52;47;51m▎[48;2;1;1;1m[38;2;1;1;1m                    [0m
[48;2;4;2;10m[38;2;23;2;126m▂▂▂▂▂▂▂▂▂▂▂▂▂▂▂▂▂▂[48;2;5;3;12m[38;2;24;2;129m▂▂[48;2;4;2;10m[38;2;23;2;126m▂▂[48;2;5;3;12m[38;2;24;2;129m▂▂▂▂▂▂▂▂[48;2;12;7;16m[38;2;31;8;134m▂[48;2;181;176;187m[38;2;31;18;74m▅[48;2;255;255;255m[38;2;236;236;238m▌[48;2;252;252;253m[38;2;244;244;246m┃[48;2;250;250;252m[38;2;250;250;252m  [48;2;248;248;250m[38;2;248;248;250m  [48;2;211;205;221m[38;2;56;24;195m▁[48;2;20;14;31m[38;2;30;4;169m▁[48;2;4;2;10m[38;2;23;2;126m▂▂▂▂▂▂▂▂▂▂▂▂▂▂▂▂▂▂▂▂[0m
[48;2;38;3;183m[38;2;38;3;183m                              [48;2;39;4;182m[38;2;39;4;182m  [48;2;248;247;251m[38;2;205;204;209m▎[48;2;240;239;244m[38;2;252;251;254m┃[48;2;250;250;252m[38;2;250;250;252m  [48;2;245;243;247m[38;2;0;0;0m [48;2;224;222;228m[38;2;68;52;170m▂[48;2;40;5;185m[38;2;40;5;185m  [48;2;38;3;183m[38;2;38;3;183m                    [0m
[48;2;38;3;183m[38;2;38;3;183m                              [48;2;38;7;182m[38;2;0;0;0m [48;2;51;19;180m[38;2;203;192;227m▂[48;2;255;254;255m[38;2;236;235;240m▌[48;2;252;251;254m[38;2;244;243;248m┃[48;2;250;250;252m[38;2;250;250;252m  [48;2;173;162;220m[38;2;249;247;249m▊[48;2;37;11;173m[38;2;46;13;204m│[48;2;38;3;183m[38;2;38;3;183m                      [0m
[48;2;38;3;185m[38;2;38;3;185m                          [48;2;38;3;183m[38;2;38;3;183m  [48;2;46;22;179m[38;2;200;195;215m▂[48;2;55;28;187m[38;2;226;221;237m▆[48;2;66;49;173m[38;2;238;237;239m▆[48;2;246;244;250m[38;2;0;0;0m [48;2;250;250;252m[38;2;250;250;252m    [48;2;173;162;220m[38;2;249;247;249m▊[48;2;37;11;173m[38;2;46;13;204m│[48;2;38;3;185m[38;2;38;3;185m                      [0m
[48;2;38;3;185m[38;2;38;3;185m                            [48;2;220;189;204m[38;2;191;67;113m▆[48;2;244;227;224m[38;2;192;86;114m▂[48;2;243;241;246m[38;2;0;0;0m [48;2;237;235;237m[38;2;70;52;176m▂[48;2;237;236;239m[38;2;64;48;172m▂[48;2;244;242;249m[38;2;0;0;0m [48;2;250;250;252m[38;2;254;254;255m▌[48;2;239;239;241m[38;2;243;243;245m▌[48;2;200;189;221m[38;2;63;31;191m▆[48;2;25;0;160m[38;2;40;9;184m▊[48;2;38;3;185m[38;2;38;3;185m                      [0m
[48;2;38;3;185m[38;2;38;3;185m                            [48;2;141;61;116m[38;2;45;10;176m▆[48;2;217;69;107m[38;2;129;80;99m▎[48;2;236;197;197m[38;2;207;77;105m▆[48;2;28;4;185m[38;2;94;49;150m▎[48;2;58;22;175m[38;2;35;2;178m┃[48;2;223;217;229m[38;2;203;72;126m▂[48;2;239;238;238m[38;2;174;48;93m▂[48;2;229;220;238m[38;2;60;28;172m▂[48;2;29;0;170m[38;2;60;26;201m▌[48;2;35;1;176m[38;2;43;9;184m┃[48;2;38;3;185m[38;2;38;3;185m                      [0m
[48;2;38;3;185m[38;2;38;3;185m                          [48;2;33;2;172m[38;2;43;5;201m▖[48;2;38;6;168m[38;2;28;16;53m▂[48;2;40;13;156m[38;2;8;3;21m▆[48;2;143;54;86m[38;2;14;7;7m▆[48;2;194;66;94m[38;2;59;16;41m▃[48;2;44;24;58m[38;2;170;65;87m▂[48;2;39;12;138m[38;2;21;13;19m▆[48;2;217;73;100m[38;2;149;45;80m▎[48;2;209;71;100m[38;2;0;0;0m [48;2;102;20;139m[38;2;208;79;98m▆[48;2;37;14;66m[38;2;210;70;101m▂▂[48;2;33;17;83m[38;2;173;46;73m▂[48;2;43;10;159m[38;2;30;10;40m▂[48;2;39;4;184m[38;2;39;4;184m  [48;2;38;3;185m[38;2;38;3;185m                  [0m
[48;2;38;3;185m[38;2;38;3;185m                          [48;2;37;2;182m[38;2;37;5;163m▝[48;2;37;22;78m[38;2;37;2;183m▆[48;2;8;6;13m[38;2;31;5;153m▃▃[48;2;16;9;27m[38;2;40;12;179m▂[48;2;132;44;70m[38;2;23;7;80m▆[48;2;16;10;15m[38;2;40;14;154m▃[48;2;132;42;67m[38;2;27;6;79m▆[48;2;160;41;76m[38;2;25;10;82m▆▆[48;2;167;48;81m[38;2;24;10;81m▆▆[48;2;56;22;60m[38;2;47;1;172m▂[48;2;36;20;82m[38;2;39;8;170m▆[48;2;38;3;185m[38;2;38;3;185m                    [0m
[48;2;40;2;185m[38;2;40;2;185m                                                            [0m
[48;2;40;2;185m[38;2;40;2;185m                                                            [0m
