[48;2;1;1;1m[38;2;1;1;1m                                                            [0m
[48;2;1;1;1m[38;2;1;1;1m                                                            [0m
[48;2;1;1;1m[38;2;1;1;1m                                                            [0m
[48;2;1;1;1m[38;2;1;1;1m                                                            [0m
[48;2;1;1;1m[38;2;1;1;1m                            [48;2;1;1;3m[38;2;1;1;3m  [48;2;1;1;1m[38;2;1;1;1m                              [0m
[48;2;1;1;1m[38;2;1;1;1m                        [48;2;1;1;3m[38;2;1;1;3m    [48;2;3;1;6m[38;2;3;1;6m  [48;2;2;0;3m[38;2;2;0;3m  [48;2;1;1;1m[38;2;1;1;1m  [48;2;1;1;3m[38;2;1;1;3m  [48;2;1;1;1m[38;2;1;1;1m                        [0m
[48;2;1;1;1m[38;2;1;1;1m                        [48;2;3;1;6m[38;2;3;1;6m      [48;2;1;1;3m[38;2;1;1;3m  [48;2;3;1;4m[38;2;3;1;4m  [48;2;1;0;2m[38;2;6;4;7m▌[48;2;8;6;9m[38;2;35;33;36m▗[48;2;13;11;14m[38;2;223;221;224m▄▄[48;2;13;11;12m[38;2;220;218;219m▄[48;2;14;12;13m[38;2;204;202;203m▄[48;2;4;2;5m[38;2;12;10;13m▂[48;2;11;9;12m[38;2;2;1;3m▅[48;2;1;1;1m[38;2;1;1;1m                  [0m
[48;2;1;1;1m[38;2;1;1;1m                        [48;2;1;1;3m[38;2;1;1;3m  [48;2;3;1;6m[38;2;3;1;6m  [48;2;1;1;3m[38;2;1;1;3m    [48;2;2;0;3m[38;2;2;0;3m  [48;2;64;59;63m[38;2;12;7;11m▊[48;2;236;232;235m[38;2;185;180;184m▎[48;2;250;250;252m[38;2;250;250;252m  [48;2;235;237;233m[38;2;0;0;0m [48;2;245;237;236m[38;2;196;84;117m▄[48;2;184;179;183m[38;2;30;25;29m▄[48;2;13;9;12m[38;2;0;0;0m [48;2;1;1;3m[38;2;1;1;3m  [48;2;1;1;1m[38;2;1;1;1m                [0m
[48;2;1;1;1m[38;2;1;1;1m                    [48;2;2;2;4m[38;2;2;2;4m  [48;2;3;1;6m[38;2;3;1;6m    [48;2;1;1;3m[38;2;1;1;3m      [48;2;3;1;4m[38;2;3;1;4m  [48;2;72;67;71m[38;2;12;7;11m▊[48;2;253;250;253m[38;2;196;191;195m▎[48;2;253;249;250m[38;2;245;241;242m┃[48;2;227;223;224m[38;2;255;253;254m▌[48;2;208;75;104m[38;2;166;71;87m▝[48;2;63;15;18m[38;2;185;67;91m▃[48;2;3;1;4m[38;2;3;1;4m  [48;2;3;1;6m[38;2;3;1;6m  [48;2;1;1;1m[38;2;1;1;1m                [0m
[48;2;1;1;1m[38;2;1;1;1m                [48;2;2;0;3m[38;2;2;0;3m  [48;2;3;1;4m[38;2;3;1;4m  [48;2;3;1;6m[38;2;3;1;6m    [48;2;1;1;3m[38;2;1;1;3m  [48;2;1;1;1m[38;2;1;1;1m    [48;2;1;1;3m[38;2;1;1;3m  [48;2;11;10;12m[38;2;0;0;0m [48;2;35;34;36m[38;2;220;218;221m▄[48;2;228;226;229m[38;2;249;248;250m▄[48;2;252;250;253m[38;2;245;243;246m▘[48;2;239;237;238m[38;2;247;254;253m▊[48;2;212;186;195m[38;2;252;239;245m▊[48;2;222;76;104m[38;2;212;66;93m▚[48;2;208;85;105m[38;2;178;61;79m▝[48;2;22;20;23m[38;2;207;205;208m▄[48;2;11;10;12m[38;2;78;76;79m▁[48;2;3;1;4m[38;2;19;17;20m▃[48;2;8;6;9m[38;2;3;2;4m▚[48;2;5;5;5m[38;2;25;25;25m▁[48;2;0;0;0m[38;2;2;2;2m▂[48;2;1;1;1m[38;2;17;17;17m▃[48;2;3;3;3m[38;2;6;6;6m▖[48;2;1;1;1m[38;2;1;1;1m            [0m
[48;2;1;1;1m[38;2;1;1;1m            [48;2;1;1;3m[38;2;1;1;3m  [48;2;3;1;6m[38;2;3;1;6m          [48;2;1;1;1m[38;2;1;1;1m    [48;2;1;1;3m[38;2;1;1;3m  [48;2;5;3;8m[38;2;5;3;8m  [48;2;37;35;38m[38;2;221;219;222m▄[48;2;240;238;240m[38;2;0;0;0m [48;2;250;250;252m[38;2;250;250;252m  [48;2;253;252;254m[38;2;247;245;248m▃[48;2;245;243;246m[38;2;232;230;233m▝[48;2;208;109;138m[38;2;246;240;239m▄[48;2;246;242;239m[38;2;0;0;0m [48;2;245;243;246m[38;2;175;173;176m▁[48;2;224;222;225m[38;2;248;246;249m▇[48;2;230;228;231m[38;2;0;0;0m [48;2;31;30;32m[38;2;240;238;241m▄[48;2;61;56;59m[38;2;240;235;239m▄[48;2;238;233;236m[38;2;144;138;142m▁[48;2;197;182;188m[38;2;188;68;87m▄[48;2;31;15;22m[38;2;179;59;78m▄[48;2;1;1;1m[38;2;1;1;1m            [0m
[48;2;1;1;1m[38;2;1;1;1m            [48;2;3;1;6m[38;2;3;1;6m        [48;2;1;1;1m[38;2;1;1;1m        [48;2;2;0;3m[38;2;2;0;3m  [48;2;1;0;2m[38;2;50;48;51m [48;2;43;41;44m[38;2;217;215;218m▄[48;2;244;244;246m[38;2;231;231;233m▘[48;2;253;253;254m[38;2;246;246;248m▃[48;2;250;250;252m[38;2;250;250;252m  [48;2;249;249;251m[38;2;249;249;251m  [48;2;238;234;237m[38;2;122;117;121m▁[48;2;224;219;223m[38;2;39;34;38m▅[48;2;26;21;25m[38;2;0;0;0m [48;2;208;204;208m[38;2;11;7;10m▄[48;2;220;218;221m[38;2;8;6;9m▄▄[48;2;207;205;208m[38;2;26;25;27m▅[48;2;13;11;14m[38;2;0;0;0m [48;2;25;10;12m [48;2;41;19;22m[38;2;190;52;94m▘[48;2;1;1;1m[38;2;1;1;1m            [0m
[48;2;1;1;1m[38;2;1;1;1m            [48;2;1;1;3m[38;2;1;1;3m  [48;2;3;1;6m[38;2;3;1;6m    [48;2;1;1;3m[38;2;1;1;3m  [48;2;1;1;1m[38;2;1;1;1m  [48;2;1;1;3m[38;2;1;1;3m  [48;2;1;1;1m[38;2;1;1;1m    [48;2;3;1;6m[38;2;3;1;6m  [48;2;25;23;26m[38;2;199;197;200m▅[48;2;239;237;240m[38;2;0;0;0m [48;2;250;250;252m[38;2;250;250;252m    [48;2;255;255;255m[38;2;245;245;247m▌[48;2;174;174;176m▊[48;2;4;3;7m[38;2;21;19;24m▌[48;2;8;6;11m[38;2;1;0;4m▊[48;2;3;1;6m[38;2;3;1;6m      [48;2;1;1;3m[38;2;1;1;3m  [48;2;1;1;1m[38;2;1;1;1m            [0m
[48;2;1;1;1m[38;2;1;1;1m              [48;2;2;0;3m[38;2;2;0;3m  [48;2;1;1;3m[38;2;1;1;3m  [48;2;1;1;1m[38;2;1;1;1m      [48;2;2;0;3m[38;2;2;0;3m  [48;2;3;1;4m[38;2;3;1;4m  [48;2;1;0;4m[38;2;22;20;25m [48;2;14;12;17m[38;2;125;123;128m▁[48;2;208;203;207m[38;2;71;67;70m▅[48;2;237;233;236m[38;2;103;98;102m▁[48;2;249;249;251m[38;2;249;249;251m  [48;2;250;250;252m[38;2;250;250;252m  [48;2;206;202;206m[38;2;244;239;243m▊[48;2;219;214;218m[38;2;37;33;36m▅[48;2;4;2;7m[38;2;4;2;7m  [48;2;3;1;4m[38;2;3;1;4m  [48;2;1;1;3m[38;2;1;1;3m  [48;2;3;1;6m[38;2;3;1;6m  [48;2;1;1;1m[38;2;1;1;1m              [0m
[48;2;1;1;1m[38;2;1;1;1m                [48;2;1;1;3m[38;2;1;1;3m  [48;2;1;1;1m[38;2;1;1;1m    [48;2;3;1;6m[38;2;3;1;6m      [48;2;29;24;28m[38;2;197;193;197m▅[48;2;237;234;237m[38;2;0;0;0m [48;2;242;241;243m [48;2;52;50;53m[38;2;233;232;234m▅[48;2;244;244;246m[38;2;231;231;233m▘[48;2;253;253;254m[38;2;246;246;248m▃[48;2;250;250;251m[38;2;241;241;243m┗[48;2;216;216;218m[38;2;248;248;249m▊[48;2;207;206;208m[38;2;30;28;31m▅[48;2;11;10;12m[38;2;0;0;0m [48;2;1;1;1m[38;2;1;1;1m                      [0m
[48;2;1;1;1m[38;2;1;1;1m                    [48;2;0;0;0m[38;2;0;0;0m  [48;2;1;1;3m[38;2;1;1;3m  [48;2;2;0;3m[38;2;2;0;3m  [48;2;3;1;6m[38;2;3;1;6m  [48;2;245;243;245m[38;2;142;140;143m▎[48;2;252;250;252m[38;2;236;234;237m│[48;2;250;250;252m[38;2;250;250;252m  [48;2;243;242;244m[38;2;219;147;171m▁▁[48;2;255;254;255m[38;2;248;246;249m▌[48;2;177;175;178m[38;2;247;246;248m▊[48;2;1;0;0m[38;2;35;33;34m▎[38;2;8;6;7m┃[48;2;1;1;3m[38;2;1;1;3m    [48;2;1;1;1m[38;2;1;1;1m                  [0m
[48;2;1;1;1m[38;2;1;1;1m                        [48;2;1;1;3m[38;2;1;1;3m  [48;2;3;1;6m[38;2;3;1;6m  [48;2;249;247;250m[38;2;136;134;137m▎[48;2;246;244;247m[38;2;246;244;247m▄[48;2;249;249;251m[38;2;249;249;251m  [48;2;205;83;104m[38;2;240;187;186m▁[48;2;235;91;120m[38;2;207;72;97m▊[48;2;249;247;250m[38;2;225;223;226m▎[48;2;225;223;226m[38;2;249;247;250m▊[48;2;45;40;44m[38;2;214;209;213m▅[48;2;3;0;2m[38;2;5;0;4m▄[48;2;3;1;4m[38;2;3;1;4m  [48;2;3;1;6m[38;2;3;1;6m  [48;2;1;1;1m[38;2;1;1;1m                  [0m
[48;2;1;1;1m[38;2;1;1;1m                    [48;2;2;0;3m[38;2;2;0;3m  [48;2;1;1;1m[38;2;1;1;1m  [48;2;3;1;6m[38;2;3;1;6m    [48;2;189;188;190m[38;2;24;22;25m▅[48;2;243;241;244m[38;2;185;183;185m▎[48;2;250;250;252m[38;2;250;250;252m  [48;2;242;244;242m[38;2;0;0;0m [48;2;216;106;141m[38;2;248;239;240m▅[48;2;249;249;251m[38;2;249;249;251m  [48;2;199;194;198m[38;2;245;241;245m▊[48;2;31;27;30m[38;2;166;161;165m▁[48;2;4;2;7m[38;2;4;2;7m  [48;2;2;0;3m[38;2;2;0;3m  [48;2;1;1;1m[38;2;1;1;1m                  [0m
[48;2;1;1;1m[38;2;1;1;1m                  [48;2;1;1;3m[38;2;1;1;3m  [48;2;2;0;3m[38;2;2;0;3m  [48;2;1;1;3m[38;2;1;1;3m  [48;2;3;1;6m[38;2;3;1;6m  [48;2;2;0;3m[38;2;2;0;3m  [48;2;1;0;4m[38;2;23;21;26m▄[48;2;245;243;248m[38;2;146;144;149m▎[48;2;250;250;252m[38;2;250;250;252m      [48;2;255;255;255m[38;2;247;247;249m▌[48;2;176;176;178m[38;2;247;247;248m▊[48;2;25;21;26m[38;2;191;186;192m▁[48;2;11;7;12m[38;2;0;0;0m [48;2;1;1;3m[38;2;1;1;3m  [48;2;1;1;1m[38;2;1;1;1m                  [0m
[48;2;1;1;1m[38;2;1;1;1m                  [48;2;2;0;3m[38;2;2;0;3m    [48;2;3;1;6m[38;2;3;1;6m      [48;2;1;0;2m[38;2;43;41;44m [48;2;186;184;187m[38;2;15;13;16m▅[48;2;228;227;231m[38;2;0;0;0m [48;2;251;250;253m[38;2;239;238;243m╷[48;2;250;250;252m[38;2;250;250;252m      [48;2;175;170;174m[38;2;246;242;246m▊[48;2;6;2;5m[38;2;52;47;51m▎[48;2;1;1;1m[38;2;1;1;1m                    [0m
[48;2;4;2;10m[38;2;23;2;126m▂▂▂▂▂▂▂▂▂▂▂▂▂▂▂▂▂▂[48;2;5;3;12m[38;2;24;2;129m▂▂[48;2;4;2;10m[38;2;23;2;126m▂▂[48;2;5;3;12m[38;2;24;2;129m▂▂▂▂▂▂[48;2;8;3;13m[38;2;27;2;130m▂▂[48;2;249;248;253m[38;2;148;147;152m▎[48;2;255;254;255m[38;2;235;234;239m│[48;2;250;250;252m[38;2;250;250;252m    [48;2;248;248;250m[38;2;248;248;250m  [48;2;211;205;221m[38;2;56;24;195m▁[48;2;20;14;31m[38;2;30;4;169m▁[48;2;4;2;10m[38;2;23;2;126m▂▂▂▂▂▂▂▂▂▂▂▂▂▂▂▂▂▂▂▂[0m
[48;2;38;3;183m[38;2;38;3;183m                              [48;2;219;214;232m[38;2;57;34;180m▆[48;2;243;241;241m[38;2;209;202;236m▎[48;2;250;250;252m[38;2;250;250;252m    [48;2;245;243;247m[38;2;0;0;0m [48;2;224;222;228m[38;2;68;52;170m▂[48;2;40;5;185m[38;2;40;5;185m  [48;2;38;3;183m[38;2;38;3;183m                    [0m
[48;2;38;3;183m[38;2;38;3;183m                              [48;2;70;48;175m[38;2;33;5;185m▊[48;2;248;247;247m[38;2;187;176;232m▎[48;2;250;250;252m[38;2;250;250;252m  [48;2;249;249;251m[38;2;249;249;251m  [48;2;227;221;239m[38;2;72;48;173m▂[48;2;32;3;186m[38;2;59;33;175m▎[48;2;38;3;183m[38;2;38;3;183m                      [0m
[48;2;38;3;185m[38;2;38;3;185m                              [48;2;41;12;180m[38;2;38;9;151m▗[48;2;229;218;232m[38;2;199;104;145m▂[48;2;249;249;251m[38;2;249;249;251m  [48;2;243;241;248m[38;2;0;0;0m [48;2;232;231;235m[38;2;56;43;164m▂[48;2;29;0;170m[38;2;60;26;201m▌[48;2;35;1;176m[38;2;43;9;184m┃[48;2;38;3;185m[38;2;38;3;185m                      [0m
[48;2;38;3;185m[38;2;38;3;185m                              [48;2;110;34;133m[38;2;110;34;133m▄[48;2;219;73;95m[38;2;171;80;124m▎[48;2;239;230;232m[38;2;206;92;128m▂[48;2;247;238;240m[38;2;0;0;0m [48;2;199;189;242m[38;2;248;247;246m▊[48;2;33;2;183m[38;2;83;61;187m▎[48;2;38;3;185m[38;2;38;3;185m                        [0m
[48;2;38;3;185m[38;2;38;3;185m                              [48;2;68;34;155m[38;2;30;3;184m▊[48;2;218;72;92m[38;2;145;59;122m▎[48;2;219;87;107m[38;2;213;56;83m┃[48;2;229;214;217m[38;2;202;82;120m▂[48;2;189;177;214m[38;2;52;22;181m▆[48;2;40;9;182m[38;2;42;8;187m▄[48;2;38;3;185m[38;2;38;3;185m                        [0m
[48;2;38;3;185m[38;2;38;3;185m                          [48;2;33;2;172m[38;2;43;5;201m▖[48;2;38;6;168m[38;2;28;16;53m▂[48;2;37;14;145m[38;2;6;3;16m▆▆[48;2;37;10;126m[38;2;15;8;21m▆[48;2;190;63;88m[38;2;45;22;29m▃[48;2;215;73;99m[38;2;215;73;99m  [48;2;84;29;155m[38;2;194;74;90m▆[48;2;48;9;68m[38;2;195;77;104m▂[48;2;27;13;64m[38;2;175;48;79m▂[48;2;41;11;152m[38;2;20;7;12m▆[48;2;35;12;128m[38;2;8;3;16m▅[48;2;40;9;171m[38;2;12;1;55m▃[48;2;39;4;184m[38;2;39;4;184m  [48;2;38;3;185m[38;2;38;3;185m                  [0m
[48;2;38;3;185m[38;2;38;3;185m                          [48;2;37;2;182m[38;2;37;5;163m▝[48;2;37;22;78m[38;2;37;2;183m▆[48;2;8;6;13m[38;2;31;5;153m▃▃[48;2;8;3;24m[38;2;39;10;180m▂▂[48;2;147;47;73m[38;2;27;9;80m▆▆[48;2;160;41;76m[38;2;25;10;82m▆▆[48;2;134;44;71m[38;2;25;7;80m▆[48;2;18;9;28m[38;2;43;12;180m▂[48;2;16;7;42m[38;2;36;4;177m▂[48;2;31;17;80m[38;2;32;2;165m▆[48;2;38;3;185m[38;2;38;3;185m                    [0m
[48;2;40;2;185m[38;2;40;2;185m                                                            [0m
[48;2;40;2;185m[38;2;40;2;185m                                                            [0m
