[48;2;1;1;1m[38;2;1;1;1m                                                            [0m
[48;2;1;1;1m[38;2;1;1;1m                                                            [0m
[48;2;1;1;1m[38;2;1;1;1m                                                            [0m
[48;2;1;1;1m[38;2;1;1;1m                                                            [0m
[48;2;1;1;1m[38;2;1;1;1m                            [48;2;1;1;3m[38;2;1;1;3m  [48;2;1;1;1m[38;2;1;1;1m                              [0m
[48;2;1;1;1m[38;2;1;1;1m                        [48;2;1;1;3m[38;2;1;1;3m    [48;2;3;1;6m[38;2;3;1;6m  [48;2;2;0;3m[38;2;2;0;3m  [48;2;1;1;1m[38;2;1;1;1m  [48;2;1;1;3m[38;2;1;1;3m  [48;2;1;1;1m[38;2;1;1;1m                        [0m
[48;2;1;1;1m[38;2;1;1;1m                        [48;2;3;1;6m[38;2;3;1;6m      [48;2;1;1;3m[38;2;1;1;3m  [48;2;3;1;4m[38;2;3;1;4m  [48;2;1;0;2m[38;2;6;4;7m▌[48;2;8;6;9m[38;2;35;33;36m▗[48;2;13;11;14m[38;2;223;221;224m▄▄[48;2;13;11;12m[38;2;220;218;219m▄[48;2;14;12;13m[38;2;204;202;203m▄[48;2;4;2;5m[38;2;12;10;13m▂[48;2;11;9;12m[38;2;2;1;3m▅[48;2;1;1;1m[38;2;1;1;1m                  [0m
[48;2;1;1;1m[38;2;1;1;1m                        [48;2;1;1;3m[38;2;1;1;3m  [48;2;3;1;6m[38;2;3;1;6m  [48;2;1;1;3m[38;2;1;1;3m    [48;2;2;0;3m[38;2;2;0;3m  [48;2;64;59;63m[38;2;12;7;11m▊[48;2;236;232;235m[38;2;185;180;184m▎[48;2;250;250;252m[38;2;250;250;252m  [48;2;235;237;233m[38;2;0;0;0m [48;2;245;237;236m[38;2;196;84;117m▄[48;2;184;179;183m[38;2;30;25;29m▄[48;2;13;9;12m[38;2;0;0;0m [48;2;1;1;3m[38;2;1;1;3m  [48;2;1;1;1m[38;2;1;1;1m                [0m
[48;2;1;1;1m[38;2;1;1;1m                    [48;2;2;2;4m[38;2;2;2;4m  [48;2;3;1;6m[38;2;3;1;6m    [48;2;1;1;3m[38;2;1;1;3m      [48;2;3;1;4m[38;2;3;1;4m  [48;2;72;67;71m[38;2;12;7;11m▊[48;2;253;250;253m[38;2;196;191;195m▎[48;2;253;249;250m[38;2;245;241;242m┃[48;2;227;223;224m[38;2;255;253;254m▌[48;2;208;75;104m[38;2;166;71;87m▝[48;2;63;15;18m[38;2;185;67;91m▃[48;2;3;1;4m[38;2;3;1;4m  [48;2;3;1;6m[38;2;3;1;6m  [48;2;1;1;1m[38;2;1;1;1m                [0m
[48;2;1;1;1m[38;2;1;1;1m                [48;2;2;0;3m[38;2;2;0;3m  [48;2;3;1;4m[38;2;3;1;4m  [48;2;3;1;6m[38;2;3;1;6m    [48;2;1;1;3m[38;2;1;1;3m  [48;2;1;1;1m[38;2;1;1;1m    [48;2;1;1;3m[38;2;1;1;3m  [48;2;11;10;12m[38;2;0;0;0m [48;2;35;34;36m[38;2;220;218;221m▄[48;2;228;226;229m[38;2;249;248;250m▄[48;2;252;250;253m[38;2;245;243;246m▘[48;2;239;237;238m[38;2;247;254;253m▊[48;2;212;186;195m[38;2;252;239;245m▊[48;2;222;76;104m[38;2;212;66;93m▚[48;2;208;85;105m[38;2;178;61;79m▝[48;2;22;20;23m[38;2;207;205;208m▄[48;2;11;10;12m[38;2;78;76;79m▁[48;2;1;0;2m[38;2;8;6;9m▃▃[48;2;1;0;0m[38;2;63;61;62m▁▁[48;2;1;1;1m[38;2;17;17;17m▃[48;2;3;3;3m[38;2;6;6;6m▖[48;2;1;1;1m[38;2;1;1;1m            [0m
[48;2;1;1;1m[38;2;1;1;1m            [48;2;1;1;3m[38;2;1;1;3m  [48;2;3;1;6m[38;2;3;1;6m          [48;2;1;1;1m[38;2;1;1;1m    [48;2;1;1;3m[38;2;1;1;3m  [48;2;5;3;8m[38;2;5;3;8m  [48;2;37;35;38m[38;2;221;219;222m▄[48;2;240;238;240m[38;2;0;0;0m [48;2;250;250;252m[38;2;250;250;252m  [48;2;253;252;254m[38;2;247;245;248m▃[48;2;245;243;246m[38;2;232;230;233m▝[48;2;208;109;138m[38;2;246;240;239m▄[48;2;246;242;239m[38;2;0;0;0m [48;2;245;243;246m[38;2;175;173;176m▁[48;2;224;222;225m[38;2;248;246;249m▇[48;2;230;228;230m[38;2;0;0;0m [48;2;60;59;61m[38;2;242;241;243m▄[48;2;246;242;244m[38;2;221;215;217m▁[48;2;231;226;228m[38;2;167;161;163m▁[48;2;197;182;188m[38;2;188;68;87m▄[48;2;31;15;22m[38;2;179;59;78m▄[48;2;1;1;1m[38;2;1;1;1m            [0m
[48;2;1;1;1m[38;2;1;1;1m            [48;2;3;1;6m[38;2;3;1;6m        [48;2;1;1;1m[38;2;1;1;1m        [48;2;2;0;3m[38;2;2;0;3m  [48;2;1;0;2m[38;2;50;48;51m [48;2;43;41;44m[38;2;217;215;218m▄[48;2;244;244;246m[38;2;231;231;233m▘[48;2;253;253;254m[38;2;246;246;248m▃[48;2;250;250;252m[38;2;250;250;252m  [48;2;249;249;251m[38;2;249;249;251m  [48;2;238;234;237m[38;2;122;117;121m▁[48;2;224;219;223m[38;2;39;34;38m▅[48;2;26;21;25m[38;2;0;0;0m [48;2;208;204;208m[38;2;11;7;10m▄[48;2;220;218;221m[38;2;8;6;9m▄▄[48;2;207;205;208m[38;2;26;25;27m▅[48;2;13;11;14m[38;2;0;0;0m [48;2;25;10;12m [48;2;41;19;22m[38;2;190;52;94m▘[48;2;1;1;1m[38;2;1;1;1m            [0m
[48;2;1;1;1m[38;2;1;1;1m            [48;2;1;1;3m[38;2;1;1;3m  [48;2;3;1;6m[38;2;3;1;6m    [48;2;1;1;3m[38;2;1;1;3m  [48;2;1;1;1m[38;2;1;1;1m  [48;2;1;1;3m[38;2;1;1;3m  [48;2;1;1;1m[38;2;1;1;1m    [48;2;3;1;6m[38;2;3;1;6m  [48;2;25;23;26m[38;2;199;197;200m▅[48;2;239;237;240m[38;2;0;0;0m [48;2;250;250;252m[38;2;250;250;252m    [48;2;255;255;255m[38;2;245;245;247m▌[48;2;174;174;176m▊[48;2;4;3;7m[38;2;21;19;24m▌[48;2;8;6;11m[38;2;1;0;4m▊[48;2;3;1;6m[38;2;3;1;6m      [48;2;1;1;3m[38;2;1;1;3m  [48;2;1;1;1m[38;2;1;1;1m            [0m
[48;2;1;1;1m[38;2;1;1;1m              [48;2;2;0;3m[38;2;2;0;3m  [48;2;1;1;3m[38;2;1;1;3m  [48;2;1;1;1m[38;2;1;1;1m      [48;2;2;0;3m[38;2;2;0;3m  [48;2;3;1;4m[38;2;3;1;4m  [38;2;1;0;2m┓[48;2;20;18;21m[38;2;194;192;195m▅[48;2;219;215;216m[38;2;84;80;81m▅[48;2;231;228;229m[38;2;99;95;96m▁[48;2;249;249;251m[38;2;249;249;251m    [48;2;233;229;232m[38;2;99;94;98m▁[48;2;215;210;214m[38;2;29;25;28m▅[48;2;4;2;7m[38;2;4;2;7m  [48;2;3;1;4m[38;2;3;1;4m  [48;2;1;1;3m[38;2;1;1;3m  [48;2;3;1;6m[38;2;3;1;6m  [48;2;1;1;1m[38;2;1;1;1m              [0m
[48;2;1;1;1m[38;2;1;1;1m                [48;2;1;1;3m[38;2;1;1;3m  [48;2;1;1;1m[38;2;1;1;1m    [48;2;3;1;6m[38;2;3;1;6m      [48;2;25;21;24m[38;2;200;196;199m▅[48;2;237;234;237m[38;2;0;0;0m [48;2;242;241;243m [48;2;52;50;53m[38;2;233;232;234m▅[48;2;244;244;246m[38;2;231;231;233m▘[48;2;253;253;254m[38;2;246;246;248m▃[48;2;255;255;255m[38;2;250;250;252m▄[48;2;186;186;188m[38;2;244;244;246m▊[48;2;1;0;2m[38;2;35;33;36m▎[38;2;8;6;9m┃[48;2;1;1;1m[38;2;1;1;1m                      [0m
[48;2;1;1;1m[38;2;1;1;1m                    [48;2;0;0;0m[38;2;0;0;0m  [48;2;1;1;3m[38;2;1;1;3m  [48;2;2;0;3m[38;2;2;0;3m  [48;2;3;1;6m[38;2;3;1;6m  [48;2;245;243;245m[38;2;142;140;143m▎[48;2;252;250;252m[38;2;236;234;237m│[48;2;250;250;252m[38;2;250;250;252m  [48;2;243;242;244m[38;2;219;147;171m▁▁[48;2;255;254;255m[38;2;248;246;249m▌[48;2;177;175;178m[38;2;247;246;248m▊[48;2;1;0;0m[38;2;35;33;34m▎[38;2;8;6;7m┃[48;2;1;1;3m[38;2;1;1;3m    [48;2;1;1;1m[38;2;1;1;1m                  [0m
[48;2;1;1;1m[38;2;1;1;1m                        [48;2;1;1;3m[38;2;1;1;3m  [48;2;3;1;6m[38;2;3;1;6m  [48;2;211;209;211m[38;2;128;126;129m▎[48;2;244;242;244m[38;2;0;0;0m [48;2;250;250;252m[38;2;250;250;252m  [48;2;207;84;113m[38;2;245;228;223m▅[48;2;208;93;119m[38;2;253;212;216m▁[48;2;249;247;250m[38;2;225;223;226m▎[48;2;225;223;226m[38;2;249;247;250m▊[48;2;45;40;44m[38;2;214;209;213m▅[48;2;3;0;2m[38;2;5;0;4m▄[48;2;3;1;4m[38;2;3;1;4m  [48;2;3;1;6m[38;2;3;1;6m  [48;2;1;1;1m[38;2;1;1;1m                  [0m
[48;2;1;1;1m[38;2;1;1;1m                    [48;2;2;0;3m[38;2;2;0;3m  [48;2;1;1;1m[38;2;1;1;1m  [48;2;3;1;6m[38;2;3;1;6m    [48;2;1;0;4m[38;2;22;20;25m▄[48;2;244;242;247m[38;2;145;143;148m▎[48;2;250;250;252m[38;2;250;250;252m      [48;2;199;194;198m[38;2;245;241;245m▊[48;2;31;27;30m[38;2;166;161;165m▁[48;2;4;2;7m[38;2;4;2;7m  [48;2;2;0;3m[38;2;2;0;3m  [48;2;1;1;1m[38;2;1;1;1m                  [0m
[48;2;1;1;1m[38;2;1;1;1m                  [48;2;1;1;3m[38;2;1;1;3m  [48;2;2;0;3m[38;2;2;0;3m  [48;2;1;1;3m[38;2;1;1;3m  [48;2;3;1;6m[38;2;3;1;6m  [48;2;2;0;3m[38;2;2;0;3m  [48;2;1;0;4m[38;2;15;13;18m▄[48;2;204;202;206m[38;2;43;41;46m▁[48;2;248;248;250m[38;2;248;248;250m  [48;2;250;250;252m[38;2;250;250;252m    [48;2;255;255;255m[38;2;247;247;249m▌[48;2;176;176;178m[38;2;247;247;248m▊[48;2;25;21;26m[38;2;191;186;192m▁[48;2;11;7;12m[38;2;0;0;0m [48;2;1;1;3m[38;2;1;1;3m  [48;2;1;1;1m[38;2;1;1;1m                  [0m
[48;2;1;1;1m[38;2;1;1;1m                  [48;2;2;0;3m[38;2;2;0;3m    [48;2;3;1;6m[38;2;3;1;6m      [48;2;4;2;7m[38;2;4;2;7m  [48;2;248;247;252m[38;2;147;146;151m▎[48;2;255;254;255m[38;2;234;233;238m│[48;2;250;250;252m[38;2;250;250;252m      [48;2;175;170;174m[38;2;246;242;246m▊[48;2;6;2;5m[38;2;52;47;51m▎[48;2;1;1;1m[38;2;1;1;1m                    [0m
[48;2;4;2;10m[38;2;23;2;126m▂▂▂▂▂▂▂▂▂▂▂▂▂▂▂▂▂▂[48;2;5;3;12m[38;2;24;2;129m▂▂[48;2;4;2;10m[38;2;23;2;126m▂▂[48;2;5;3;12m[38;2;24;2;129m▂▂▂▂▂▂[48;2;8;3;13m[38;2;27;2;130m▂▂[48;2;249;248;253m[38;2;148;147;152m▎[48;2;255;254;255m[38;2;235;234;239m│[48;2;250;250;252m[38;2;250;250;252m      [48;2;178;171;187m[38;2;248;244;244m▊[48;2;20;16;20m[38;2;20;9;115m▂[48;2;4;2;10m[38;2;23;2;126m▂▂▂▂▂▂▂▂▂▂▂▂▂▂▂▂▂▂▂▂[0m
[48;2;38;3;183m[38;2;38;3;183m                            [48;2;42;10;181m[38;2;0;0;0m [48;2;41;10;186m[38;2;183;169;223m▂[48;2;248;247;251m[38;2;205;204;209m▎[48;2;240;239;244m[38;2;252;251;254m┃[48;2;250;250;252m[38;2;250;250;252m    [48;2;243;242;247m[38;2;252;251;254m▎[48;2;246;245;248m[38;2;211;210;215m▗[48;2;210;200;234m[38;2;57;27;185m▆[48;2;40;9;182m[38;2;0;0;0m [48;2;38;3;183m[38;2;38;3;183m                    [0m
[48;2;38;3;183m[38;2;38;3;183m                            [48;2;37;11;171m[38;2;46;14;203m│[48;2;249;247;248m[38;2;173;162;218m▎[48;2;250;250;252m[38;2;250;250;252m      [48;2;198;191;230m[38;2;249;247;249m▊[48;2;210;204;226m[38;2;46;22;173m▆[48;2;39;4;184m[38;2;39;4;184m  [48;2;38;3;183m[38;2;38;3;183m                    [0m
[48;2;38;3;185m[38;2;38;3;185m                          [48;2;38;3;183m[38;2;38;3;183m  [48;2;45;20;175m[38;2;201;195;218m▂[48;2;251;248;250m[38;2;185;177;216m▎[48;2;250;250;252m[38;2;250;250;252m    [38;2;254;254;255m▌[48;2;239;239;241m[38;2;243;243;245m▌[48;2;205;195;227m[38;2;59;30;188m▆[48;2;29;5;170m[38;2;41;9;185m┃[48;2;38;3;185m[38;2;38;3;185m                      [0m
[48;2;38;3;185m[38;2;38;3;185m                          [48;2;38;3;183m[38;2;38;3;183m  [48;2;245;242;254m[38;2;154;150;177m▎[48;2;249;249;242m[38;2;250;250;251m▌[48;2;250;250;252m[38;2;250;250;252m    [48;2;211;203;241m[38;2;247;245;246m▊[48;2;207;201;224m[38;2;50;26;175m▆[48;2;40;5;185m[38;2;40;5;185m  [48;2;38;3;185m[38;2;38;3;185m                      [0m
[48;2;38;3;185m[38;2;38;3;185m                            [48;2;223;209;226m[38;2;177;61;111m▂[48;2;244;233;229m[38;2;199;83;113m▂[48;2;236;232;236m[38;2;198;69;119m▂[48;2;218;211;227m[38;2;54;24;166m▆[48;2;236;210;222m[38;2;136;53;128m▆[48;2;234;220;215m[38;2;209;66;107m▆[48;2;222;193;197m[38;2;190;76;108m▆[48;2;63;14;178m[38;2;22;1;180m┃[48;2;38;3;185m[38;2;38;3;185m                        [0m
[48;2;38;3;185m[38;2;38;3;185m                          [48;2;36;0;187m[38;2;36;4;163m▗[48;2;36;3;167m[38;2;36;24;62m▂[48;2;194;65;110m[38;2;42;25;31m▃[48;2;200;62;87m[38;2;25;15;4m▂[48;2;217;78;106m[38;2;203;63;90m▄[48;2;102;31;131m[38;2;210;74;99m▆[48;2;49;17;62m[38;2;191;66;97m▂[48;2;153;48;87m[38;2;17;9;10m▆[48;2;189;63;102m[38;2;57;19;24m▃[48;2;46;19;58m[38;2;181;69;90m▂[48;2;36;13;140m[38;2;5;3;12m▆▆[48;2;35;12;128m[38;2;8;3;16m▅[48;2;40;9;171m[38;2;12;1;55m▃[48;2;39;4;184m[38;2;39;4;184m  [48;2;38;3;185m[38;2;38;3;185m                  [0m
[48;2;38;3;185m[38;2;38;3;185m                          [48;2;37;2;182m[38;2;37;5;163m▝[48;2;37;22;78m[38;2;37;2;183m▆[48;2;8;6;21m[38;2;31;8;140m▃▃[48;2;147;47;73m[38;2;27;9;80m▆▆[48;2;134;44;71m[38;2;25;7;80m▆[48;2;18;9;28m[38;2;43;12;180m▂[48;2;17;10;28m[38;2;41;13;180m▂[48;2;133;45;71m[38;2;24;7;80m▆[48;2;8;3;24m[38;2;39;10;180m▂▂[48;2;16;7;42m[38;2;36;4;177m▂[48;2;31;17;80m[38;2;32;2;165m▆[48;2;38;3;185m[38;2;38;3;185m                    [0m
[48;2;40;2;185m[38;2;40;2;185m                                                            [0m
[48;2;40;2;185m[38;2;40;2;185m                                                            [0m
