[48;2;1;1;1m[38;2;1;1;1m                                                            [0m
[48;2;1;1;1m[38;2;1;1;1m                                                            [0m
[48;2;1;1;1m[38;2;1;1;1m                                                            [0m
[48;2;1;1;1m[38;2;1;1;1m                                                            [0m
[48;2;1;1;1m[38;2;1;1;1m                            [48;2;1;1;3m[38;2;1;1;3m  [48;2;1;1;1m[38;2;1;1;1m                              [0m
[48;2;1;1;1m[38;2;1;1;1m                        [48;2;1;1;3m[38;2;1;1;3m    [48;2;3;1;6m[38;2;3;1;6m  [48;2;2;0;3m[38;2;2;0;3m  [48;2;1;1;1m[38;2;1;1;1m  [48;2;1;1;3m[38;2;1;1;3m  [48;2;1;1;1m[38;2;1;1;1m                        [0m
[48;2;1;1;1m[38;2;1;1;1m                        [48;2;3;1;6m[38;2;3;1;6m      [48;2;1;1;3m[38;2;1;1;3m  [48;2;3;1;4m[38;2;3;1;4m  [48;2;1;0;2m[38;2;6;4;7m▌[48;2;8;6;9m[38;2;35;33;36m▗[48;2;13;11;14m[38;2;223;221;224m▄▄[48;2;13;11;12m[38;2;220;218;219m▄[48;2;14;12;13m[38;2;204;202;203m▄[48;2;4;2;5m[38;2;12;10;13m▂[48;2;11;9;12m[38;2;2;1;3m▅[48;2;1;1;1m[38;2;1;1;1m                  [0m
[48;2;1;1;1m[38;2;1;1;1m                        [48;2;1;1;3m[38;2;1;1;3m  [48;2;3;1;6m[38;2;3;1;6m  [48;2;1;1;3m[38;2;1;1;3m    [48;2;2;0;3m[38;2;2;0;3m  [48;2;64;59;63m[38;2;12;7;11m▊[48;2;236;232;235m[38;2;185;180;184m▎[48;2;250;250;252m[38;2;250;250;252m  [48;2;235;237;233m[38;2;0;0;0m [48;2;245;237;236m[38;2;196;84;117m▄[48;2;184;179;183m[38;2;30;25;29m▄[48;2;13;9;12m[38;2;0;0;0m [48;2;1;1;3m[38;2;1;1;3m  [48;2;1;1;1m[38;2;1;1;1m                [0m
[48;2;1;1;1m[38;2;1;1;1m                    [48;2;2;2;4m[38;2;2;2;4m  [48;2;3;1;6m[38;2;3;1;6m    [48;2;1;1;3m[38;2;1;1;3m      [48;2;3;1;4m[38;2;3;1;4m  [48;2;68;66;69m[38;2;8;6;9m▊[48;2;251;249;252m[38;2;192;190;193m▎[48;2;253;249;250m[38;2;245;241;242m┃[48;2;227;223;224m[38;2;255;253;254m▌[48;2;208;75;104m[38;2;166;71;87m▝[48;2;63;15;18m[38;2;185;67;91m▃[48;2;3;1;4m[38;2;3;1;4m  [48;2;3;1;6m[38;2;3;1;6m  [48;2;1;1;1m[38;2;1;1;1m                [0m
[48;2;1;1;1m[38;2;1;1;1m                [48;2;2;0;3m[38;2;2;0;3m  [48;2;3;1;4m[38;2;3;1;4m  [48;2;3;1;6m[38;2;3;1;6m    [48;2;1;1;3m[38;2;1;1;3m  [48;2;1;1;1m[38;2;1;1;1m    [48;2;1;1;3m[38;2;1;1;3m  [48;2;1;0;2m[38;2;8;6;9m▄[48;2;8;6;9m[38;2;37;35;38m▂[48;2;39;37;40m[38;2;224;222;225m▄[48;2;240;239;241m[38;2;0;0;0m [48;2;239;237;238m[38;2;247;254;253m▊[48;2;212;186;195m[38;2;252;239;245m▊[48;2;222;76;104m[38;2;212;66;93m▚[48;2;208;85;105m[38;2;178;61;79m▝[48;2;22;20;23m[38;2;207;205;208m▄[48;2;11;10;12m[38;2;78;76;79m▁[48;2;6;4;7m[38;2;47;45;48m▁▁[48;2;1;0;0m[38;2;54;52;53m▁▁[38;2;6;4;5m▃▃[48;2;1;1;1m[38;2;1;1;1m            [0m
[48;2;1;1;1m[38;2;1;1;1m            [48;2;1;1;3m[38;2;1;1;3m  [48;2;3;1;6m[38;2;3;1;6m          [48;2;1;1;1m[38;2;1;1;1m    [48;2;1;1;3m[38;2;1;1;3m  [48;2;3;1;6m[38;2;3;1;6m  [48;2;21;16;20m[38;2;100;95;99m▁[48;2;241;237;240m[38;2;189;184;188m▎[48;2;250;250;252m[38;2;250;250;252m  [48;2;253;252;254m[38;2;247;245;248m▃[48;2;245;243;246m[38;2;232;230;233m▝[48;2;208;109;138m[38;2;246;240;239m▄[48;2;246;242;239m[38;2;0;0;0m [48;2;245;243;246m[38;2;175;173;176m▁[48;2;224;222;225m[38;2;248;246;249m▇[48;2;209;207;210m[38;2;249;248;250m▇▇[48;2;247;241;244m[38;2;171;162;165m▁[48;2;220;212;215m[38;2;123;114;117m▁[48;2;189;59;87m[38;2;42;15;12m▄[48;2;106;33;42m[38;2;194;66;93m▊[48;2;1;1;1m[38;2;1;1;1m            [0m
[48;2;1;1;1m[38;2;1;1;1m            [48;2;3;1;6m[38;2;3;1;6m        [48;2;1;1;1m[38;2;1;1;1m        [48;2;2;0;3m[38;2;2;0;3m  [48;2;1;0;2m[38;2;50;48;51m [48;2;43;41;44m[38;2;217;215;218m▄[48;2;246;246;247m[38;2;218;218;220m▘[48;2;245;245;247m[38;2;252;252;253m▊[48;2;250;250;252m[38;2;250;250;252m    [48;2;201;197;200m[38;2;250;246;249m▊[48;2;218;213;217m[38;2;41;36;40m▅[48;2;26;21;25m[38;2;0;0;0m [48;2;208;204;208m[38;2;11;7;10m▄[48;2;212;210;213m[38;2;7;5;8m▄[48;2;199;197;200m▄[48;2;5;3;8m[38;2;5;3;8m  [48;2;3;1;4m[38;2;3;1;4m  [48;2;1;1;1m[38;2;1;1;1m            [0m
[48;2;1;1;1m[38;2;1;1;1m            [48;2;1;1;3m[38;2;1;1;3m  [48;2;3;1;6m[38;2;3;1;6m    [48;2;1;1;3m[38;2;1;1;3m  [48;2;1;1;1m[38;2;1;1;1m  [48;2;1;1;3m[38;2;1;1;3m  [48;2;1;1;1m[38;2;1;1;1m    [48;2;3;1;6m[38;2;3;1;6m  [48;2;19;17;20m[38;2;119;117;120m▁[48;2;247;246;248m[38;2;170;168;171m▎[48;2;250;250;252m[38;2;250;250;252m    [48;2;249;249;251m[38;2;249;249;251m  [48;2;224;219;223m[38;2;114;109;113m▁[48;2;3;0;2m[38;2;15;10;14m▎[48;2;3;1;6m[38;2;3;1;6m      [48;2;1;1;3m[38;2;1;1;3m  [48;2;1;1;1m[38;2;1;1;1m            [0m
[48;2;1;1;1m[38;2;1;1;1m              [48;2;2;0;3m[38;2;2;0;3m  [48;2;1;1;3m[38;2;1;1;3m  [48;2;1;1;1m[38;2;1;1;1m      [48;2;2;0;3m[38;2;2;0;3m  [48;2;3;1;4m[38;2;3;1;4m  [48;2;4;2;7m[38;2;4;2;7m  [48;2;218;216;219m[38;2;101;99;102m▁[48;2;238;236;239m[38;2;247;245;248m▇[48;2;250;250;252m[38;2;250;250;252m    [48;2;247;245;247m[38;2;0;0;0m [48;2;205;203;206m [48;2;9;7;12m[38;2;14;12;17m▌[48;2;1;0;4m[38;2;4;2;7m▎[48;2;3;1;4m[38;2;3;1;4m  [48;2;1;1;3m[38;2;1;1;3m  [48;2;3;1;6m[38;2;3;1;6m  [48;2;1;1;1m[38;2;1;1;1m              [0m
[48;2;1;1;1m[38;2;1;1;1m                [48;2;1;1;3m[38;2;1;1;3m  [48;2;1;1;1m[38;2;1;1;1m    [48;2;3;1;6m[38;2;3;1;6m      [48;2;9;7;12m[38;2;0;0;0m [48;2;19;17;22m[38;2;198;196;201m▅[48;2;31;29;32m[38;2;231;229;232m▅[48;2;239;237;240m[38;2;0;0;0m [48;2;250;250;252m[38;2;250;250;252m  [48;2;249;249;251m[38;2;249;249;251m  [48;2;219;215;218m[38;2;107;102;106m▁[48;2;10;6;9m[38;2;44;40;43m▎[48;2;1;1;1m[38;2;1;1;1m                      [0m
[48;2;1;1;1m[38;2;1;1;1m                    [48;2;0;0;0m[38;2;0;0;0m  [48;2;1;1;3m[38;2;1;1;3m  [48;2;2;0;3m[38;2;2;0;3m  [48;2;3;1;6m[38;2;3;1;6m  [48;2;1;0;4m[38;2;23;21;26m▄[48;2;245;243;248m[38;2;146;144;149m▎[48;2;250;250;252m[38;2;250;250;252m  [48;2;251;246;248m[38;2;0;0;0m [48;2;240;241;243m[38;2;209;168;182m▁[48;2;240;237;239m[38;2;186;160;169m▁[48;2;209;202;205m[38;2;246;243;246m▊[48;2;23;21;22m[38;2;158;156;157m▁[48;2;1;0;0m[38;2;5;3;4m▄[48;2;1;1;3m[38;2;1;1;3m    [48;2;1;1;1m[38;2;1;1;1m                  [0m
[48;2;1;1;1m[38;2;1;1;1m                        [48;2;1;1;3m[38;2;1;1;3m  [48;2;3;1;6m[38;2;3;1;6m  [48;2;1;0;4m[38;2;23;21;26m▄[48;2;245;243;248m[38;2;146;144;149m▎[48;2;250;250;252m[38;2;250;250;252m  [48;2;240;210;216m[38;2;247;250;254m▊[48;2;202;77;100m[38;2;229;167;169m▂[48;2;205;72;101m[38;2;231;74;111m▎[48;2;236;220;211m[38;2;217;121;137m▅[48;2;163;158;162m[38;2;249;244;248m▊[48;2;8;4;7m[38;2;40;35;39m▎[48;2;3;1;4m[38;2;3;1;4m  [48;2;3;1;6m[38;2;3;1;6m  [48;2;1;1;1m[38;2;1;1;1m                  [0m
[48;2;1;1;1m[38;2;1;1;1m                    [48;2;2;0;3m[38;2;2;0;3m  [48;2;1;1;1m[38;2;1;1;1m  [48;2;3;1;6m[38;2;3;1;6m    [48;2;30;28;33m[38;2;1;0;4m▊[48;2;209;208;212m[38;2;67;65;70m▁[48;2;248;248;250m[38;2;248;248;250m  [48;2;249;249;251m[38;2;249;249;251m  [48;2;207;109;140m[38;2;240;241;240m▅[48;2;247;240;241m[38;2;0;0;0m [48;2;242;241;243m [48;2;40;38;41m[38;2;214;213;215m▅[48;2;5;3;8m[38;2;5;3;8m  [48;2;2;0;3m[38;2;2;0;3m  [48;2;1;1;1m[38;2;1;1;1m                  [0m
[48;2;1;1;1m[38;2;1;1;1m                  [48;2;1;1;3m[38;2;1;1;3m  [48;2;2;0;3m[38;2;2;0;3m  [48;2;1;1;3m[38;2;1;1;3m  [48;2;3;1;6m[38;2;3;1;6m  [48;2;2;0;3m[38;2;2;0;3m  [48;2;4;2;7m[38;2;4;2;7m  [48;2;248;247;252m[38;2;147;146;151m▎[48;2;255;254;255m[38;2;234;233;238m│[48;2;250;250;252m[38;2;250;250;252m    [48;2;255;255;255m[38;2;247;247;249m▌[48;2;176;176;178m[38;2;247;247;248m▊[48;2;25;21;26m[38;2;191;186;192m▁[48;2;11;7;12m[38;2;0;0;0m [48;2;1;1;3m[38;2;1;1;3m  [48;2;1;1;1m[38;2;1;1;1m                  [0m
[48;2;1;1;1m[38;2;1;1;1m                  [48;2;2;0;3m[38;2;2;0;3m    [48;2;3;1;6m[38;2;3;1;6m        [48;2;191;189;192m[38;2;24;22;25m▅[48;2;244;243;245m[38;2;189;187;190m▎[48;2;250;250;252m[38;2;250;250;252m      [48;2;175;170;174m[38;2;246;242;246m▊[48;2;6;2;5m[38;2;52;47;51m▎[48;2;1;1;1m[38;2;1;1;1m                    [0m
[48;2;4;2;10m[38;2;23;2;126m▂▂▂▂▂▂▂▂▂▂▂▂▂▂▂▂▂▂[48;2;5;3;12m[38;2;24;2;129m▂▂[48;2;4;2;10m[38;2;23;2;126m▂▂[48;2;5;3;12m[38;2;24;2;129m▂▂▂▂▂▂[48;2;6;3;13m[38;2;25;3;130m▂▂[48;2;25;23;26m[38;2;205;203;206m▆[48;2;240;238;240m[38;2;0;0;0m [48;2;250;250;252m[38;2;250;250;252m      [48;2;178;171;187m[38;2;248;244;244m▊[48;2;20;16;20m[38;2;20;9;115m▂[48;2;4;2;10m[38;2;23;2;126m▂▂▂▂▂▂▂▂▂▂▂▂▂▂▂▂▂▂▂▂[0m
[48;2;38;3;183m[38;2;38;3;183m                            [48;2;53;31;172m[38;2;32;5;179m▊[48;2;82;56;190m[38;2;231;224;244m▅[48;2;241;241;243m[38;2;251;251;252m▄[48;2;250;250;251m[38;2;240;240;242m▃[48;2;250;250;252m[38;2;250;250;252m    [48;2;248;248;250m[38;2;248;248;250m  [48;2;226;219;234m[38;2;85;60;190m▂[48;2;34;11;154m[38;2;43;12;193m▆[48;2;38;3;183m[38;2;38;3;183m                    [0m
[48;2;38;3;183m[38;2;38;3;183m                            [48;2;49;29;173m[38;2;211;207;228m▆[48;2;241;240;245m[38;2;0;0;0m [48;2;250;250;252m[38;2;250;250;252m  [48;2;213;206;236m[38;2;246;245;240m▊[48;2;228;224;238m[38;2;69;45;187m▆[48;2;243;243;245m[38;2;239;239;241m▌[48;2;254;254;255m[38;2;250;250;252m▌[48;2;243;242;249m[38;2;0;0;0m [48;2;222;221;225m[38;2;66;49;175m▂[48;2;40;5;185m[38;2;40;5;185m  [48;2;38;3;183m[38;2;38;3;183m                    [0m
[48;2;38;3;185m[38;2;38;3;185m                          [48;2;43;17;180m[38;2;201;196;220m▂[48;2;45;19;181m[38;2;222;216;237m▆[48;2;241;240;245m[38;2;251;250;253m▄[48;2;250;249;253m[38;2;240;239;244m▃[48;2;243;241;247m[38;2;0;0;0m [48;2;237;236;239m[38;2;67;47;176m▂[48;2;220;211;242m[38;2;57;33;183m▆[48;2;65;45;168m[38;2;227;223;233m▆[48;2;248;248;250m[38;2;248;248;250m  [48;2;221;214;234m[38;2;65;42;166m▂[48;2;47;18;182m[38;2;38;7;195m▄[48;2;38;3;185m[38;2;38;3;185m                      [0m
[48;2;38;3;185m[38;2;38;3;185m                        [48;2;37;6;190m[38;2;0;0;0m [48;2;71;49;166m[38;2;198;188;220m▆[48;2;249;248;251m[38;2;211;210;215m▘[48;2;250;249;252m[38;2;0;0;0m [48;2;250;250;252m[38;2;250;250;252m  [48;2;231;226;242m[38;2;75;55;178m▂[48;2;41;13;181m[38;2;88;69;177m▎[48;2;69;53;165m[38;2;224;223;230m▆[48;2;246;244;250m[38;2;0;0;0m [48;2;244;242;250m [48;2;229;228;232m[38;2;64;49;173m▂[48;2;38;4;179m[38;2;56;22;197m▌[48;2;41;7;182m[38;2;32;0;173m▌[48;2;38;3;185m[38;2;38;3;185m                      [0m
[48;2;38;3;185m[38;2;38;3;185m                        [48;2;34;3;174m[38;2;39;7;199m▎[48;2;201;189;216m[38;2;172;75;131m▂[48;2;236;231;231m[38;2;220;91;132m▂[48;2;248;239;240m[38;2;0;0;0m [48;2;233;230;234m[38;2;72;47;191m▂[48;2;214;210;222m[38;2;54;29;180m▆[48;2;41;7;182m[38;2;41;7;182m  [48;2;229;208;202m[38;2;206;69;102m▆[48;2;234;213;207m[38;2;212;75;107m▆[48;2;222;193;197m[38;2;190;76;108m▆[48;2;63;14;178m[38;2;22;1;180m┃[48;2;38;3;185m[38;2;38;3;185m                        [0m
[48;2;38;3;185m[38;2;38;3;185m                        [48;2;35;4;172m[38;2;19;5;62m▃[48;2;90;34;75m[38;2;188;75;91m┗[48;2;222;78;107m[38;2;176;50;72m▖[48;2;237;187;184m[38;2;210;74;100m▆[48;2;49;25;74m[38;2;203;61;89m▂[48;2;38;14;63m[38;2;211;70;98m▂[48;2;39;14;141m[38;2;8;3;12m▆▆[48;2;152;49;76m[38;2;18;13;8m▆[48;2;186;61;96m[38;2;33;7;11m▂[48;2;177;57;93m[38;2;212;74;95m▊[48;2;49;20;66m[38;2;199;54;94m▂[48;2;32;18;71m[38;2;180;52;85m▂[48;2;40;11;154m[38;2;19;6;13m▆[48;2;40;7;169m[38;2;19;7;46m▂[48;2;35;0;185m[38;2;32;1;158m▖[48;2;38;3;185m[38;2;38;3;185m                    [0m
[48;2;38;3;185m[38;2;38;3;185m                        [48;2;32;17;88m[38;2;33;2;173m▆[48;2;17;6;49m[38;2;37;3;185m▂[48;2;145;47;75m[38;2;26;10;82m▆▆[48;2;160;41;74m[38;2;25;10;81m▆▆[48;2;9;4;24m[38;2;40;11;181m▂▂[48;2;8;3;24m[38;2;39;10;180m▂▂[48;2;148;47;76m[38;2;28;10;82m▆▆[48;2;135;45;74m[38;2;26;7;82m▆[48;2;19;9;30m[38;2;44;13;183m▂[48;2;37;22;78m[38;2;37;2;183m▆[48;2;37;2;182m[38;2;37;5;163m▘[48;2;38;3;185m[38;2;38;3;185m                    [0m
[48;2;40;2;185m[38;2;40;2;185m                                                            [0m
[48;2;40;2;185m[38;2;40;2;185m                                                            [0m
