[48;2;1;1;1m[38;2;1;1;1m                                                            [0m
[48;2;1;1;1m[38;2;1;1;1m                                                            [0m
[48;2;1;1;1m[38;2;1;1;1m                                                            [0m
[48;2;1;1;1m[38;2;1;1;1m                                                            [0m
[48;2;1;1;1m[38;2;1;1;1m                            [48;2;1;1;3m[38;2;1;1;3m  [48;2;1;1;1m[38;2;1;1;1m                              [0m
[48;2;1;1;1m[38;2;1;1;1m                        [48;2;1;1;3m[38;2;1;1;3m    [48;2;3;1;6m[38;2;3;1;6m  [48;2;2;0;3m[38;2;2;0;3m  [48;2;1;1;1m[38;2;1;1;1m  [48;2;1;1;3m[38;2;1;1;3m  [48;2;1;1;1m[38;2;1;1;1m                        [0m
[48;2;1;1;1m[38;2;1;1;1m                        [48;2;3;1;6m[38;2;3;1;6m      [48;2;1;1;3m[38;2;1;1;3m  [48;2;3;1;4m[38;2;3;1;4m  [48;2;1;0;2m[38;2;6;4;7m▌[48;2;8;6;9m[38;2;35;33;36m▗[48;2;13;11;14m[38;2;223;221;224m▄▄[48;2;13;11;12m[38;2;220;218;219m▄[48;2;14;12;13m[38;2;204;202;203m▄[48;2;4;2;5m[38;2;12;10;13m▂[48;2;11;9;12m[38;2;2;1;3m▅[48;2;1;1;1m[38;2;1;1;1m                  [0m
[48;2;1;1;1m[38;2;1;1;1m                        [48;2;1;1;3m[38;2;1;1;3m  [48;2;3;1;6m[38;2;3;1;6m  [48;2;1;1;3m[38;2;1;1;3m    [48;2;2;0;3m[38;2;2;0;3m  [48;2;64;59;63m[38;2;12;7;11m▊[48;2;236;232;235m[38;2;185;180;184m▎[48;2;250;250;252m[38;2;250;250;252m  [48;2;235;237;233m[38;2;0;0;0m [48;2;245;237;236m[38;2;196;84;117m▄[48;2;184;179;183m[38;2;30;25;29m▄[48;2;13;9;12m[38;2;0;0;0m [48;2;1;1;3m[38;2;1;1;3m  [48;2;1;1;1m[38;2;1;1;1m                [0m
[48;2;1;1;1m[38;2;1;1;1m                    [48;2;2;2;4m[38;2;2;2;4m  [48;2;3;1;6m[38;2;3;1;6m    [48;2;1;1;3m[38;2;1;1;3m      [48;2;3;1;4m[38;2;3;1;4m  [48;2;68;66;69m[38;2;8;6;9m▊[48;2;251;249;252m[38;2;192;190;193m▎[48;2;253;249;250m[38;2;245;241;242m┃[48;2;227;223;224m[38;2;255;253;254m▌[48;2;208;75;104m[38;2;166;71;87m▝[48;2;63;15;18m[38;2;185;67;91m▃[48;2;3;1;4m[38;2;3;1;4m  [48;2;3;1;6m[38;2;3;1;6m  [48;2;1;1;1m[38;2;1;1;1m                [0m
[48;2;1;1;1m[38;2;1;1;1m                [48;2;2;0;3m[38;2;2;0;3m  [48;2;3;1;4m[38;2;3;1;4m  [48;2;3;1;6m[38;2;3;1;6m    [48;2;1;1;3m[38;2;1;1;3m  [48;2;1;1;1m[38;2;1;1;1m    [48;2;1;1;3m[38;2;1;1;3m  [48;2;1;0;2m[38;2;8;6;9m▄[48;2;8;6;9m[38;2;37;35;38m▂[48;2;39;37;40m[38;2;224;222;225m▄[48;2;240;239;241m[38;2;0;0;0m [48;2;239;237;238m[38;2;247;254;253m▊[48;2;212;186;195m[38;2;252;239;245m▊[48;2;222;76;104m[38;2;212;66;93m▚[48;2;208;85;105m[38;2;178;61;79m▝[48;2;22;20;23m[38;2;235;233;236m▄▄[48;2;23;21;24m[38;2;236;234;237m▄▄▄▄[48;2;33;19;18m[38;2;227;207;208m▄[48;2;20;8;6m[38;2;185;64;100m▄[48;2;44;19;23m[38;2;203;73;113m▖[48;2;7;4;1m[38;2;0;0;0m [48;2;1;1;1m[38;2;1;1;1m          [0m
[48;2;1;1;1m[38;2;1;1;1m            [48;2;1;1;3m[38;2;1;1;3m  [48;2;3;1;6m[38;2;3;1;6m          [48;2;1;1;1m[38;2;1;1;1m    [48;2;1;1;3m[38;2;1;1;3m  [48;2;3;1;6m[38;2;3;1;6m  [48;2;21;16;20m[38;2;100;95;99m▁[48;2;241;237;240m[38;2;189;184;188m▎[48;2;250;250;252m[38;2;250;250;252m  [48;2;253;252;254m[38;2;247;245;248m▃[48;2;245;243;246m[38;2;232;230;233m▝[48;2;205;106;135m[38;2;243;240;239m▄[48;2;245;241;238m[38;2;144;143;139m▁[48;2;242;241;243m[38;2;161;159;162m▁[48;2;237;236;238m[38;2;139;137;140m▁[48;2;227;225;230m[38;2;15;14;18m▄▄[48;2;225;224;229m[38;2;14;13;18m▄▄[48;2;188;180;185m[38;2;24;16;20m▄[48;2;20;12;16m[38;2;0;0;0m [48;2;41;17;21m[38;2;198;71;110m▘[48;2;5;3;1m[38;2;0;0;0m [48;2;1;1;1m[38;2;1;1;1m          [0m
[48;2;1;1;1m[38;2;1;1;1m            [48;2;3;1;6m[38;2;3;1;6m        [48;2;1;1;1m[38;2;1;1;1m        [48;2;2;0;3m[38;2;2;0;3m  [48;2;1;0;4m[38;2;3;1;6m▄[48;2;16;15;19m[38;2;108;106;111m▁[48;2;235;235;237m[38;2;255;255;255m┃[48;2;250;250;252m[38;2;253;253;255m│[38;2;250;250;252m    [48;2;176;171;175m[38;2;247;243;246m▊[48;2;7;3;6m[38;2;53;48;52m▎[48;2;5;3;6m[38;2;5;3;6m  [48;2;3;1;6m[38;2;3;1;6m    [48;2;3;1;4m[38;2;3;1;4m  [48;2;1;1;1m[38;2;1;1;1m            [0m
[48;2;1;1;1m[38;2;1;1;1m            [48;2;1;1;3m[38;2;1;1;3m  [48;2;3;1;6m[38;2;3;1;6m    [48;2;1;1;3m[38;2;1;1;3m  [48;2;1;1;1m[38;2;1;1;1m  [48;2;1;1;3m[38;2;1;1;3m  [48;2;1;1;1m[38;2;1;1;1m    [48;2;3;1;6m[38;2;3;1;6m  [48;2;38;36;39m[38;2;6;5;7m▊[48;2;247;245;248m[38;2;161;159;162m▎[48;2;250;250;252m[38;2;250;250;252m      [48;2;175;170;174m[38;2;246;242;246m▊[48;2;6;2;5m[38;2;52;47;51m▎[48;2;3;1;6m[38;2;3;1;6m      [48;2;1;1;3m[38;2;1;1;3m  [48;2;1;1;1m[38;2;1;1;1m            [0m
[48;2;1;1;1m[38;2;1;1;1m              [48;2;2;0;3m[38;2;2;0;3m  [48;2;1;1;3m[38;2;1;1;3m  [48;2;1;1;1m[38;2;1;1;1m      [48;2;2;0;3m[38;2;2;0;3m  [48;2;3;1;4m[38;2;3;1;4m  [48;2;1;0;4m[38;2;22;20;25m [48;2;14;12;17m[38;2;125;123;128m▁[48;2;29;24;28m[38;2;176;171;175m▅[48;2;233;229;233m[38;2;97;92;96m▁[48;2;249;249;251m[38;2;249;249;251m  [48;2;250;250;252m[38;2;250;250;252m  [48;2;247;246;248m[38;2;0;0;0m [48;2;231;229;232m[38;2;100;98;101m▁[48;2;215;210;214m[38;2;25;21;24m▅[48;2;14;9;13m[38;2;0;0;0m [48;2;3;1;4m[38;2;3;1;4m  [48;2;1;1;3m[38;2;1;1;3m  [48;2;3;1;6m[38;2;3;1;6m  [48;2;1;1;1m[38;2;1;1;1m              [0m
[48;2;1;1;1m[38;2;1;1;1m                [48;2;1;1;3m[38;2;1;1;3m  [48;2;1;1;1m[38;2;1;1;1m    [48;2;3;1;6m[38;2;3;1;6m      [48;2;1;0;2m[38;2;22;20;23m▄[48;2;244;242;245m[38;2;145;143;146m▎[48;2;36;35;37m[38;2;230;229;231m▅▅[48;2;244;244;246m[38;2;231;231;233m▘[48;2;253;253;254m[38;2;246;246;248m▃[48;2;249;249;251m[38;2;249;249;251m  [48;2;219;215;218m[38;2;107;102;106m▁[48;2;10;6;9m[38;2;44;40;43m▎[48;2;1;1;1m[38;2;1;1;1m                      [0m
[48;2;1;1;1m[38;2;1;1;1m                    [48;2;0;0;0m[38;2;0;0;0m  [48;2;1;1;3m[38;2;1;1;3m  [48;2;2;0;3m[38;2;2;0;3m  [48;2;3;1;6m[38;2;3;1;6m  [48;2;27;26;28m[38;2;197;195;197m▅[48;2;237;235;237m[38;2;0;0;0m [48;2;250;250;252m[38;2;250;250;252m    [48;2;241;237;238m[38;2;215;141;166m▁[48;2;234;230;232m[38;2;209;135;160m▁[48;2;23;21;22m[38;2;158;156;157m▁[48;2;1;0;0m[38;2;5;3;4m▄[48;2;1;1;3m[38;2;1;1;3m    [48;2;1;1;1m[38;2;1;1;1m                  [0m
[48;2;1;1;1m[38;2;1;1;1m                        [48;2;1;1;3m[38;2;1;1;3m  [48;2;3;1;6m[38;2;3;1;6m  [48;2;245;243;245m[38;2;142;140;143m▎[48;2;252;250;252m[38;2;236;234;237m│[48;2;250;250;252m[38;2;250;250;252m  [48;2;248;246;249m[38;2;248;246;249m  [48;2;208;82;106m[38;2;249;217;212m▁▁[48;2;162;157;161m[38;2;248;243;247m▊[48;2;8;4;7m[38;2;39;34;38m▎[48;2;3;1;4m[38;2;3;1;4m  [48;2;3;1;6m[38;2;3;1;6m  [48;2;1;1;1m[38;2;1;1;1m                  [0m
[48;2;1;1;1m[38;2;1;1;1m                    [48;2;2;0;3m[38;2;2;0;3m  [48;2;1;1;1m[38;2;1;1;1m  [48;2;3;1;6m[38;2;3;1;6m  [48;2;3;1;4m[38;2;3;1;4m  [48;2;218;213;217m[38;2;95;90;94m▂[48;2;243;239;243m[38;2;0;0;0m [48;2;250;250;252m[38;2;250;250;252m      [48;2;242;241;243m[38;2;0;0;0m [48;2;40;38;41m[38;2;214;213;215m▅[48;2;5;3;8m[38;2;5;3;8m  [48;2;2;0;3m[38;2;2;0;3m  [48;2;1;1;1m[38;2;1;1;1m                  [0m
[48;2;1;1;1m[38;2;1;1;1m                  [48;2;1;1;3m[38;2;1;1;3m  [48;2;2;0;3m[38;2;2;0;3m  [48;2;1;1;3m[38;2;1;1;3m  [48;2;3;1;6m[38;2;3;1;6m  [48;2;2;0;3m[38;2;2;0;3m  [48;2;1;0;4m[38;2;23;21;26m▄[48;2;245;243;248m[38;2;146;144;149m▎[48;2;250;250;252m[38;2;250;250;252m      [48;2;255;255;255m[38;2;247;247;249m▌[48;2;176;176;178m[38;2;247;247;248m▊[48;2;25;21;26m[38;2;191;186;192m▁[48;2;11;7;12m[38;2;0;0;0m [48;2;1;1;3m[38;2;1;1;3m  [48;2;1;1;1m[38;2;1;1;1m                  [0m
[48;2;1;1;1m[38;2;1;1;1m                  [48;2;2;0;3m[38;2;2;0;3m    [48;2;3;1;6m[38;2;3;1;6m      [48;2;44;42;45m[38;2;209;207;210m▅[48;2;240;238;240m[38;2;0;0;0m [48;2;250;250;252m[38;2;250;250;252m        [48;2;175;170;174m[38;2;246;242;246m▊[48;2;6;2;5m[38;2;52;47;51m▎[48;2;1;1;1m[38;2;1;1;1m                    [0m
[48;2;4;2;10m[38;2;23;2;126m▂▂▂▂▂▂▂▂▂▂▂▂▂▂▂▂▂▂[48;2;5;3;12m[38;2;24;2;129m▂▂[48;2;4;2;10m[38;2;23;2;126m▂▂[48;2;5;3;12m[38;2;24;2;129m▂▂▂▂[48;2;11;8;25m[38;2;49;24;173m▁[48;2;19;20;14m[38;2;190;186;202m▆[48;2;238;238;239m[38;2;0;0;0m [48;2;249;249;251m[38;2;233;233;235m╵[48;2;250;250;252m[38;2;250;250;252m  [48;2;248;248;248m[38;2;103;87;185m▂▂[48;2;249;249;251m[38;2;249;249;251m  [48;2;250;250;252m[38;2;250;250;252m  [48;2;178;171;187m[38;2;248;244;244m▊[48;2;20;16;20m[38;2;20;9;115m▂[48;2;4;2;10m[38;2;23;2;126m▂▂▂▂▂▂▂▂▂▂▂▂▂▂▂▂▂▂▂▂[0m
[48;2;38;3;183m[38;2;38;3;183m                        [48;2;38;3;185m[38;2;38;3;185m  [48;2;39;18;168m[38;2;200;195;221m▆[48;2;236;233;243m[38;2;0;0;0m [48;2;250;250;252m[38;2;250;250;252m  [48;2;242;241;245m[38;2;0;0;0m [48;2;244;242;245m[38;2;94;79;170m▂[48;2;36;7;175m[38;2;88;64;187m▎[48;2;54;26;184m[38;2;189;175;227m▂[48;2;249;249;251m[38;2;231;231;233m▌[38;2;255;255;255m▌[48;2;243;242;247m[38;2;252;251;254m▎[48;2;246;245;248m[38;2;211;210;215m▗[48;2;211;200;234m[38;2;58;28;186m▆[48;2;41;10;183m[38;2;0;0;0m [48;2;38;3;183m[38;2;38;3;183m                    [0m
[48;2;38;3;183m[38;2;38;3;183m                        [48;2;42;10;187m[38;2;36;5;178m▗[48;2;55;30;189m[38;2;192;181;220m▆[48;2;238;237;241m[38;2;0;0;0m [48;2;255;254;255m[38;2;254;253;255m┗[48;2;250;250;252m[38;2;250;250;252m  [48;2;228;222;237m[38;2;71;46;179m▆[48;2;40;11;184m[38;2;0;0;0m [48;2;70;48;175m[38;2;33;5;185m▊[48;2;248;247;247m[38;2;187;176;232m▎[48;2;250;250;252m[38;2;250;250;252m  [48;2;198;190;229m[38;2;249;246;248m▊[48;2;209;203;225m[38;2;45;22;172m▆[48;2;39;4;184m[38;2;39;4;184m  [48;2;38;3;183m[38;2;38;3;183m                    [0m
[48;2;38;3;185m[38;2;38;3;185m                        [48;2;49;29;174m[38;2;210;206;228m▆[48;2;236;235;241m[38;2;0;0;0m [48;2;250;250;252m[38;2;250;250;252m  [48;2;234;230;238m[38;2;247;245;242m▊[48;2;222;217;232m[38;2;73;49;189m▆[48;2;47;13;188m[38;2;36;3;177m▄[48;2;36;3;177m[38;2;47;13;188m▄[48;2;69;50;184m[38;2;224;224;225m▆[48;2;246;244;247m[38;2;0;0;0m [48;2;250;250;252m[38;2;254;254;255m▌[48;2;239;239;241m[38;2;243;243;245m▌[48;2;205;193;238m[38;2;59;31;184m▆[48;2;32;5;170m[38;2;40;10;191m┏[48;2;38;3;185m[38;2;38;3;185m                      [0m
[48;2;38;3;185m[38;2;38;3;185m                      [48;2;36;5;187m[38;2;34;7;160m▎[48;2;69;45;176m[38;2;196;184;228m▆[48;2;237;236;240m[38;2;0;0;0m [48;2;248;247;252m[38;2;255;254;255m▌[48;2;250;250;252m[38;2;250;250;252m  [48;2;221;211;240m[38;2;68;43;186m▆[48;2;40;11;177m[38;2;0;0;0m [48;2;60;34;176m[38;2;33;4;187m▊[48;2;73;49;174m[38;2;228;221;239m▆[48;2;249;249;251m[38;2;249;249;251m  [48;2;211;203;241m[38;2;247;245;246m▊[48;2;207;201;224m[38;2;50;26;175m▆[48;2;40;5;185m[38;2;40;5;185m  [48;2;38;3;185m[38;2;38;3;185m                      [0m
[48;2;38;3;185m[38;2;38;3;185m                      [48;2;39;5;181m[38;2;0;0;0m [48;2;168;153;211m[38;2;40;8;189m▆[48;2;219;207;220m[38;2;169;72;116m▂[48;2;241;235;237m[38;2;0;0;0m [48;2;238;234;243m[38;2;250;249;247m▊[48;2;203;199;216m[38;2;71;48;189m▆[48;2;46;11;189m[38;2;35;2;178m▄[48;2;35;2;178m[38;2;46;11;189m▄[48;2;42;6;187m[38;2;0;0;0m [48;2;207;182;207m[38;2;88;39;143m▆[48;2;242;220;213m[38;2;209;73;103m▆▆[48;2;222;193;197m[38;2;190;76;108m▆[48;2;63;14;178m[38;2;22;1;180m┃[48;2;38;3;185m[38;2;38;3;185m                        [0m
[48;2;38;3;185m[38;2;38;3;185m                      [48;2;36;0;189m[38;2;36;4;165m▗[48;2;36;3;169m[38;2;36;23;64m▂[48;2;208;70;96m[38;2;107;21;97m▎[48;2;226;174;191m[38;2;212;80;104m▆[48;2;224;196;211m[38;2;219;80;100m▆[48;2;96;56;154m[38;2;217;77;100m▆[48;2;45;21;73m[38;2;211;70;102m▂[48;2;38;14;66m[38;2;206;64;96m▂[48;2;34;12;119m[38;2;12;6;15m▆[48;2;152;63;84m[38;2;14;4;14m▆[48;2;172;58;86m[38;2;24;8;7m▆[48;2;177;65;93m[38;2;25;11;7m▂[48;2;177;57;93m[38;2;212;74;95m▊[48;2;49;20;66m[38;2;199;54;94m▂[48;2;32;18;71m[38;2;180;52;85m▂[48;2;40;11;154m[38;2;19;6;13m▆[48;2;40;7;169m[38;2;19;7;46m▂[48;2;35;0;185m[38;2;32;1;158m▖[48;2;38;3;185m[38;2;38;3;185m                    [0m
[48;2;38;3;185m[38;2;38;3;185m                      [48;2;37;2;182m[38;2;37;4;170m▝[48;2;37;16;107m[38;2;37;3;176m▆[48;2;63;28;54m[38;2;37;3;175m▂[48;2;61;25;51m[38;2;51;8;189m▂[48;2;168;49;84m[38;2;25;10;83m▆▆[48;2;160;41;74m[38;2;25;10;81m▆▆[48;2;9;4;24m[38;2;40;11;181m▂▂[48;2;8;3;24m[38;2;39;10;180m▂▂[48;2;148;47;76m[38;2;28;10;82m▆▆[48;2;135;45;74m[38;2;26;7;82m▆[48;2;19;9;30m[38;2;44;13;183m▂[48;2;37;22;78m[38;2;37;2;183m▆[48;2;37;2;182m[38;2;37;5;163m▘[48;2;38;3;185m[38;2;38;3;185m                    [0m
[48;2;40;2;185m[38;2;40;2;185m                                                            [0m
[48;2;40;2;185m[38;2;40;2;185m                                                            [0m
