[48;2;1;1;1m[38;2;1;1;1m                                                            [0m
[48;2;1;1;1m[38;2;1;1;1m                                                            [0m
[48;2;1;1;1m[38;2;1;1;1m                                                            [0m
[48;2;1;1;1m[38;2;1;1;1m                                                            [0m
[48;2;1;1;1m[38;2;1;1;1m                            [48;2;1;1;3m[38;2;1;1;3m  [48;2;1;1;1m[38;2;1;1;1m                              [0m
[48;2;1;1;1m[38;2;1;1;1m                        [48;2;1;1;3m[38;2;1;1;3m    [48;2;3;1;6m[38;2;3;1;6m  [48;2;2;0;3m[38;2;2;0;3m  [48;2;1;1;1m[38;2;1;1;1m  [48;2;1;1;3m[38;2;1;1;3m  [48;2;1;1;1m[38;2;1;1;1m                        [0m
[48;2;1;1;1m[38;2;1;1;1m                        [48;2;3;1;6m[38;2;3;1;6m      [48;2;1;1;3m[38;2;1;1;3m  [48;2;3;1;4m[38;2;3;1;4m  [48;2;1;0;2m[38;2;6;4;7m▌[48;2;8;6;9m[38;2;35;33;36m▗[48;2;13;11;14m[38;2;223;221;224m▄▄[48;2;13;11;12m[38;2;220;218;219m▄[48;2;14;12;13m[38;2;204;202;203m▄[48;2;4;2;5m[38;2;12;10;13m▂[48;2;11;9;12m[38;2;2;1;3m▅[48;2;1;1;1m[38;2;1;1;1m                  [0m
[48;2;1;1;1m[38;2;1;1;1m                        [48;2;1;1;3m[38;2;1;1;3m  [48;2;3;1;6m[38;2;3;1;6m  [48;2;1;1;3m[38;2;1;1;3m    [48;2;2;0;3m[38;2;2;0;3m  [48;2;64;59;63m[38;2;12;7;11m▊[48;2;236;232;235m[38;2;185;180;184m▎[48;2;250;250;252m[38;2;250;250;252m  [48;2;235;237;233m[38;2;0;0;0m [48;2;245;237;236m[38;2;196;84;117m▄[48;2;184;179;183m[38;2;30;25;29m▄[48;2;13;9;12m[38;2;0;0;0m [48;2;1;1;3m[38;2;1;1;3m  [48;2;1;1;1m[38;2;1;1;1m                [0m
[48;2;1;1;1m[38;2;1;1;1m                    [48;2;2;2;4m[38;2;2;2;4m  [48;2;3;1;6m[38;2;3;1;6m    [48;2;1;1;3m[38;2;1;1;3m      [48;2;3;1;4m[38;2;3;1;4m  [48;2;68;66;69m[38;2;8;6;9m▊[48;2;251;249;252m[38;2;192;190;193m▎[48;2;253;249;250m[38;2;245;241;242m┃[48;2;227;223;224m[38;2;255;253;254m▌[48;2;208;75;104m[38;2;166;71;87m▝[48;2;63;15;18m[38;2;185;67;91m▃[48;2;3;1;4m[38;2;3;1;4m  [48;2;3;1;6m[38;2;3;1;6m  [48;2;1;1;1m[38;2;1;1;1m                [0m
[48;2;1;1;1m[38;2;1;1;1m                [48;2;2;0;3m[38;2;2;0;3m  [48;2;3;1;4m[38;2;3;1;4m  [48;2;3;1;6m[38;2;3;1;6m    [48;2;1;1;3m[38;2;1;1;3m  [48;2;1;1;1m[38;2;1;1;1m    [48;2;1;1;3m[38;2;1;1;3m  [48;2;1;0;2m[38;2;8;6;9m▄[48;2;8;6;9m[38;2;37;35;38m▂[48;2;39;37;40m[38;2;224;222;225m▄[48;2;240;239;241m[38;2;0;0;0m [48;2;239;237;238m[38;2;247;254;253m▊[48;2;212;186;195m[38;2;252;239;245m▊[48;2;222;76;104m[38;2;212;66;93m▚[48;2;208;85;105m[38;2;178;61;79m▝[48;2;22;20;23m[38;2;235;233;236m▄▄[48;2;23;21;24m[38;2;236;234;237m▄▄▄▄[48;2;33;19;18m[38;2;227;207;208m▄[48;2;20;8;6m[38;2;185;64;100m▄[48;2;44;19;23m[38;2;203;73;113m▖[48;2;7;4;1m[38;2;0;0;0m [48;2;1;1;1m[38;2;1;1;1m          [0m
[48;2;1;1;1m[38;2;1;1;1m            [48;2;1;1;3m[38;2;1;1;3m  [48;2;3;1;6m[38;2;3;1;6m          [48;2;1;1;1m[38;2;1;1;1m    [48;2;1;1;3m[38;2;1;1;3m  [48;2;5;3;8m[38;2;5;3;8m  [48;2;36;34;37m[38;2;221;219;222m▄[48;2;237;235;237m[38;2;0;0;0m [48;2;250;250;252m[38;2;250;250;252m  [48;2;253;252;254m[38;2;247;245;248m▃[48;2;245;243;246m[38;2;232;230;233m▝[48;2;205;106;135m[38;2;243;240;239m▄[48;2;245;241;238m[38;2;144;143;139m▁[48;2;248;247;249m[38;2;150;148;151m▁▁[48;2;229;227;230m[38;2;141;139;142m▁[48;2;228;226;229m[38;2;22;20;23m▄[48;2;225;224;229m[38;2;14;13;18m▄▄[48;2;188;180;185m[38;2;24;16;20m▄[48;2;20;12;16m[38;2;0;0;0m [48;2;41;17;21m[38;2;198;71;110m▘[48;2;5;3;1m[38;2;0;0;0m [48;2;1;1;1m[38;2;1;1;1m          [0m
[48;2;1;1;1m[38;2;1;1;1m            [48;2;3;1;6m[38;2;3;1;6m        [48;2;1;1;1m[38;2;1;1;1m        [48;2;2;0;3m[38;2;2;0;3m  [48;2;3;0;2m[38;2;52;47;51m [48;2;45;40;44m[38;2;219;214;218m▄[48;2;244;244;246m[38;2;231;231;233m▘[48;2;253;253;254m[38;2;246;246;248m▃[48;2;250;250;252m[38;2;250;250;252m    [48;2;176;171;175m[38;2;247;243;246m▊[48;2;7;3;6m[38;2;53;48;52m▎[48;2;5;3;6m[38;2;5;3;6m  [48;2;4;2;7m[38;2;4;2;7m  [48;2;3;1;6m[38;2;3;1;6m  [48;2;3;1;4m[38;2;3;1;4m  [48;2;1;1;1m[38;2;1;1;1m            [0m
[48;2;1;1;1m[38;2;1;1;1m            [48;2;1;1;3m[38;2;1;1;3m  [48;2;3;1;6m[38;2;3;1;6m    [48;2;1;1;3m[38;2;1;1;3m  [48;2;1;1;1m[38;2;1;1;1m  [48;2;1;1;3m[38;2;1;1;3m  [48;2;1;1;1m[38;2;1;1;1m    [48;2;3;1;6m[38;2;3;1;6m  [48;2;19;17;20m[38;2;119;117;120m▁[48;2;247;246;248m[38;2;170;168;171m▎[48;2;250;250;252m[38;2;250;250;252m    [48;2;249;249;251m[38;2;249;249;251m  [48;2;224;220;224m[38;2;115;110;114m▁[48;2;3;0;2m[38;2;16;11;15m▎[48;2;3;1;6m[38;2;3;1;6m      [48;2;1;1;3m[38;2;1;1;3m  [48;2;1;1;1m[38;2;1;1;1m            [0m
[48;2;1;1;1m[38;2;1;1;1m              [48;2;2;0;3m[38;2;2;0;3m  [48;2;1;1;3m[38;2;1;1;3m  [48;2;1;1;1m[38;2;1;1;1m      [48;2;2;0;3m[38;2;2;0;3m  [48;2;3;1;4m[38;2;3;1;4m  [48;2;1;0;4m[38;2;22;20;25m [48;2;14;12;17m[38;2;125;123;128m▁[48;2;207;202;206m[38;2;65;60;64m▅[48;2;234;230;233m[38;2;39;34;38m▅[48;2;237;236;238m[38;2;108;106;109m▁[48;2;245;243;245m[38;2;0;0;0m [48;2;250;250;252m[38;2;250;250;252m  [48;2;205;203;206m[38;2;242;240;243m▊[48;2;217;215;218m[38;2;35;33;36m▅[48;2;4;2;5m[38;2;4;2;5m  [48;2;3;1;4m[38;2;3;1;4m  [48;2;1;1;3m[38;2;1;1;3m  [48;2;3;1;6m[38;2;3;1;6m  [48;2;1;1;1m[38;2;1;1;1m              [0m
[48;2;1;1;1m[38;2;1;1;1m                [48;2;1;1;3m[38;2;1;1;3m  [48;2;1;1;1m[38;2;1;1;1m    [48;2;3;1;6m[38;2;3;1;6m      [48;2;1;0;2m[38;2;23;21;24m▄[48;2;245;243;246m[38;2;146;144;147m▎[48;2;255;254;255m[38;2;249;247;250m▄[48;2;41;39;42m[38;2;233;232;234m▅[48;2;37;35;38m[38;2;229;227;230m▅[48;2;240;238;241m[38;2;0;0;0m [48;2;250;250;251m[38;2;241;241;243m┗[48;2;216;216;218m[38;2;248;248;249m▊[48;2;207;205;207m[38;2;29;27;30m▅[48;2;1;0;2m[38;2;7;5;8m▄[48;2;1;1;1m[38;2;1;1;1m                      [0m
[48;2;1;1;1m[38;2;1;1;1m                    [48;2;0;0;0m[38;2;0;0;0m  [48;2;1;1;3m[38;2;1;1;3m  [48;2;2;0;3m[38;2;2;0;3m  [48;2;3;1;6m[38;2;3;1;6m  [48;2;27;26;28m[38;2;197;195;197m▅[48;2;237;235;237m[38;2;0;0;0m [48;2;250;250;252m[38;2;250;250;252m    [48;2;243;247;247m[38;2;0;0;0m [48;2;228;209;216m [48;2;13;15;12m[38;2;79;39;50m▂[48;2;8;1;1m[38;2;0;0;0m [48;2;1;1;3m[38;2;1;1;3m    [48;2;1;1;1m[38;2;1;1;1m                  [0m
[48;2;1;1;1m[38;2;1;1;1m                        [48;2;1;1;3m[38;2;1;1;3m  [48;2;3;1;6m[38;2;3;1;6m  [48;2;245;243;245m[38;2;142;140;143m▎[48;2;252;250;252m[38;2;236;234;237m│[48;2;250;250;252m[38;2;250;250;252m    [48;2;238;208;214m[38;2;244;247;252m▊[48;2;208;83;105m[38;2;234;173;174m▂[48;2;194;78;114m[38;2;226;211;214m▅[48;2;32;27;26m[38;2;174;151;157m▁[48;2;3;1;4m[38;2;3;1;4m  [48;2;3;1;6m[38;2;3;1;6m  [48;2;1;1;1m[38;2;1;1;1m                  [0m
[48;2;1;1;1m[38;2;1;1;1m                    [48;2;2;0;3m[38;2;2;0;3m  [48;2;1;1;1m[38;2;1;1;1m  [48;2;3;1;6m[38;2;3;1;6m    [48;2;190;188;191m[38;2;25;23;26m▅[48;2;244;242;244m[38;2;185;184;186m▎[48;2;250;250;252m[38;2;250;250;252m      [48;2;255;255;255m[38;2;245;245;247m▌[48;2;174;174;176m▊[48;2;4;3;7m[38;2;21;19;24m▌[48;2;8;6;11m[38;2;1;0;4m▊[48;2;2;0;3m[38;2;2;0;3m  [48;2;1;1;1m[38;2;1;1;1m                  [0m
[48;2;1;1;1m[38;2;1;1;1m                  [48;2;1;1;3m[38;2;1;1;3m  [48;2;2;0;3m[38;2;2;0;3m  [48;2;1;1;3m[38;2;1;1;3m  [48;2;3;1;6m[38;2;3;1;6m  [48;2;2;0;3m[38;2;2;0;3m  [48;2;1;0;4m[38;2;23;21;26m▄[48;2;245;243;248m[38;2;146;144;149m▎[48;2;250;250;252m[38;2;250;250;252m      [48;2;250;250;251m[38;2;0;0;0m [48;2;249;249;250m[38;2;211;211;213m▝[48;2;41;36;40m[38;2;214;209;213m▅[48;2;4;0;3m[38;2;3;0;2m┏[48;2;1;1;3m[38;2;1;1;3m  [48;2;1;1;1m[38;2;1;1;1m                  [0m
[48;2;1;1;1m[38;2;1;1;1m                  [48;2;2;0;3m[38;2;2;0;3m    [48;2;3;1;6m[38;2;3;1;6m      [48;2;44;42;45m[38;2;209;207;210m▅[48;2;240;238;240m[38;2;0;0;0m [48;2;250;250;252m[38;2;250;250;252m        [48;2;175;170;174m[38;2;246;242;246m▊[48;2;6;2;5m[38;2;52;47;51m▎[48;2;1;1;1m[38;2;1;1;1m                    [0m
[48;2;4;2;10m[38;2;23;2;126m▂▂▂▂▂▂▂▂▂▂▂▂▂▂▂▂▂▂[48;2;5;3;12m[38;2;24;2;129m▂▂[48;2;4;2;10m[38;2;23;2;126m▂▂[48;2;5;3;12m[38;2;24;2;129m▂▂▂▂[48;2;7;5;21m[38;2;51;30;175m▁[48;2;22;20;28m[38;2;206;196;243m▁[48;2;244;242;245m[38;2;154;152;155m▎[48;2;251;249;252m[38;2;243;241;244m│[48;2;250;250;252m[38;2;250;250;252m  [48;2;248;248;248m[38;2;103;87;185m▂▂[48;2;249;249;251m[38;2;249;249;251m  [48;2;238;238;240m[38;2;251;251;252m▊[48;2;195;195;197m[38;2;244;244;246m▊[48;2;189;183;194m[38;2;28;16;72m▅[48;2;12;8;17m[38;2;34;9;137m▂[48;2;4;2;10m[38;2;23;2;126m▂▂▂▂▂▂▂▂▂▂▂▂▂▂▂▂▂▂▂▂[0m
[48;2;38;3;183m[38;2;38;3;183m                          [48;2;49;22;177m[38;2;32;3;183m▊[48;2;244;242;243m[38;2;127;112;195m▎[48;2;250;250;252m[38;2;250;250;252m  [48;2;242;241;245m[38;2;0;0;0m [48;2;244;242;245m[38;2;94;79;170m▂[48;2;36;2;184m[38;2;83;57;184m▎[48;2;83;57;184m[38;2;36;2;184m▊[48;2;255;255;255m[38;2;236;236;238m▌[48;2;252;252;253m[38;2;244;244;246m┃[48;2;244;242;246m[38;2;0;0;0m [48;2;223;222;226m[38;2;67;51;168m▂[48;2;40;5;185m[38;2;40;5;185m  [48;2;38;3;183m[38;2;38;3;183m                    [0m
[48;2;38;3;183m[38;2;38;3;183m                        [48;2;41;7;180m[38;2;0;0;0m [48;2;57;26;189m[38;2;197;186;223m▁[48;2;51;29;175m[38;2;213;209;228m▆[48;2;239;238;242m[38;2;0;0;0m [48;2;250;250;252m[38;2;250;250;252m  [48;2;228;222;237m[38;2;71;46;179m▆[48;2;40;11;184m[38;2;0;0;0m [48;2;41;11;182m[38;2;46;23;168m▗[48;2;57;34;182m[38;2;223;214;240m▆[48;2;249;249;251m[38;2;249;249;251m  [48;2;172;161;219m[38;2;248;246;248m▊[48;2;36;11;172m[38;2;45;12;203m│[48;2;38;3;183m[38;2;38;3;183m                      [0m
[48;2;38;3;185m[38;2;38;3;185m                        [48;2;44;20;173m[38;2;186;177;219m▂[48;2;242;239;246m[38;2;138;123;207m▎[48;2;250;250;252m[38;2;250;250;252m  [48;2;234;230;238m[38;2;247;245;242m▊[48;2;222;217;232m[38;2;73;49;189m▆[48;2;46;11;189m[38;2;35;2;178m▄[48;2;35;2;178m[38;2;46;11;189m▄[48;2;51;26;177m[38;2;207;202;224m▂[48;2;248;246;248m[38;2;210;202;242m▎[48;2;250;250;252m[38;2;254;254;255m▌[48;2;239;239;241m[38;2;243;243;245m▌[48;2;205;193;238m[38;2;59;31;184m▆[48;2;32;5;170m[38;2;40;10;191m┏[48;2;38;3;185m[38;2;38;3;185m                      [0m
[48;2;38;3;185m[38;2;38;3;185m                      [48;2;36;5;187m[38;2;34;7;160m▎[48;2;69;45;176m[38;2;196;184;228m▆[48;2;237;236;240m[38;2;0;0;0m [48;2;248;247;252m[38;2;255;254;255m▌[48;2;250;250;252m[38;2;250;250;252m  [48;2;221;211;240m[38;2;68;43;186m▆[48;2;40;11;177m[38;2;0;0;0m [48;2;55;19;159m[38;2;38;9;186m▊[48;2;152;127;212m[38;2;198;142;161m▄[48;2;247;247;249m[38;2;247;247;249m  [48;2;211;203;241m[38;2;247;245;246m▊[48;2;207;201;224m[38;2;50;26;175m▆[48;2;40;5;185m[38;2;40;5;185m  [48;2;38;3;185m[38;2;38;3;185m                      [0m
[48;2;38;3;185m[38;2;38;3;185m                      [48;2;40;8;185m[38;2;42;8;165m╸[48;2;175;145;197m[38;2;76;27;157m▆[48;2;222;212;216m[38;2;199;63;89m▂[48;2;242;232;235m[38;2;208;72;98m▂[48;2;224;218;225m[38;2;65;39;187m▆[48;2;213;205;229m[38;2;40;13;173m▆[48;2;46;11;189m[38;2;35;2;178m▄[48;2;35;2;178m[38;2;46;11;189m▄[48;2;41;7;176m[38;2;36;4;189m▄[48;2;180;60;105m[38;2;40;17;178m▂[48;2;243;219;213m[38;2;210;71;102m▆▆[48;2;222;193;197m[38;2;190;76;108m▆[48;2;63;14;178m[38;2;22;1;180m┃[48;2;38;3;185m[38;2;38;3;185m                        [0m
[48;2;38;3;185m[38;2;38;3;185m                      [48;2;37;3;155m[38;2;37;17;74m▂[48;2;203;73;102m[38;2;66;23;102m▎[48;2;218;74;99m[38;2;218;74;99m  [48;2;81;37;141m[38;2;214;72;99m▆▆[48;2;53;18;75m[38;2;190;60;90m▂[48;2;49;10;152m[38;2;17;13;13m▆[48;2;36;13;140m[38;2;5;3;12m▆▆[48;2;152;49;76m[38;2;18;13;8m▆[48;2;186;61;96m[38;2;33;7;11m▂[48;2;205;69;98m[38;2;0;0;0m [48;2;67;28;151m[38;2;215;74;92m▆[48;2;30;15;68m[38;2;178;50;83m▂[48;2;44;14;157m[38;2;23;9;16m▆[48;2;40;7;169m[38;2;19;7;46m▂[48;2;35;0;185m[38;2;32;1;158m▖[48;2;38;3;185m[38;2;38;3;185m                    [0m
[48;2;38;3;185m[38;2;38;3;185m                      [48;2;34;19;89m[38;2;37;10;177m▆[48;2;57;21;67m[38;2;46;1;179m▂[48;2;168;49;82m[38;2;25;10;82m▆▆[48;2;168;49;84m[38;2;25;10;83m▆▆[48;2;135;45;70m[38;2;26;7;80m▆[48;2;19;10;27m[38;2;44;14;179m▂[48;2;8;3;24m[38;2;39;10;180m▂▂▂▂[48;2;148;47;76m[38;2;28;10;82m▆▆[48;2;135;45;74m[38;2;26;7;82m▆[48;2;19;9;30m[38;2;44;13;183m▂[48;2;37;22;78m[38;2;37;2;183m▆[48;2;37;2;182m[38;2;37;5;163m▘[48;2;38;3;185m[38;2;38;3;185m                    [0m
[48;2;40;2;185m[38;2;40;2;185m                                                            [0m
[48;2;40;2;185m[38;2;40;2;185m                                                            [0m
