[48;2;1;1;1m[38;2;1;1;1m                                                            [0m
[48;2;1;1;1m[38;2;1;1;1m                                                            [0m
[48;2;1;1;1m[38;2;1;1;1m                                                            [0m
[48;2;1;1;1m[38;2;1;1;1m                                                            [0m
[48;2;1;1;1m[38;2;1;1;1m                            [48;2;1;1;3m[38;2;1;1;3m  [48;2;1;1;1m[38;2;1;1;1m                              [0m
[48;2;1;1;1m[38;2;1;1;1m                        [48;2;1;1;3m[38;2;1;1;3m    [48;2;3;1;6m[38;2;3;1;6m  [48;2;2;0;3m[38;2;2;0;3m  [48;2;1;1;1m[38;2;1;1;1m  [48;2;1;1;3m[38;2;1;1;3m  [48;2;1;1;1m[38;2;1;1;1m                        [0m
[48;2;1;1;1m[38;2;1;1;1m                        [48;2;3;1;6m[38;2;3;1;6m      [48;2;1;1;3m[38;2;1;1;3m  [48;2;3;1;4m[38;2;3;1;4m  [48;2;1;0;2m[38;2;6;4;7m▌[48;2;8;6;9m[38;2;35;33;36m▗[48;2;13;11;14m[38;2;223;221;224m▄▄[48;2;13;11;12m[38;2;220;218;219m▄[48;2;14;12;13m[38;2;204;202;203m▄[48;2;4;2;5m[38;2;12;10;13m▂[48;2;11;9;12m[38;2;2;1;3m▅[48;2;1;1;1m[38;2;1;1;1m                  [0m
[48;2;1;1;1m[38;2;1;1;1m                        [48;2;1;1;3m[38;2;1;1;3m  [48;2;3;1;6m[38;2;3;1;6m  [48;2;1;1;3m[38;2;1;1;3m    [48;2;2;0;3m[38;2;2;0;3m  [48;2;64;59;63m[38;2;12;7;11m▊[48;2;236;232;235m[38;2;185;180;184m▎[48;2;250;250;252m[38;2;250;250;252m  [48;2;235;237;233m[38;2;0;0;0m [48;2;245;237;236m[38;2;196;84;117m▄[48;2;184;179;183m[38;2;30;25;29m▄[48;2;13;9;12m[38;2;0;0;0m [48;2;1;1;3m[38;2;1;1;3m  [48;2;1;1;1m[38;2;1;1;1m                [0m
[48;2;1;1;1m[38;2;1;1;1m                    [48;2;2;2;4m[38;2;2;2;4m  [48;2;3;1;6m[38;2;3;1;6m    [48;2;1;1;3m[38;2;1;1;3m      [48;2;3;1;4m[38;2;3;1;4m  [48;2;72;67;71m[38;2;12;7;11m▊[48;2;253;250;253m[38;2;196;191;195m▎[48;2;253;249;250m[38;2;245;241;242m┃[48;2;227;223;224m[38;2;255;253;254m▌[48;2;208;75;104m[38;2;166;71;87m▝[48;2;63;15;18m[38;2;185;67;91m▃[48;2;3;1;4m[38;2;3;1;4m  [48;2;3;1;6m[38;2;3;1;6m  [48;2;1;1;1m[38;2;1;1;1m                [0m
[48;2;1;1;1m[38;2;1;1;1m                [48;2;2;0;3m[38;2;2;0;3m  [48;2;3;1;4m[38;2;3;1;4m  [48;2;3;1;6m[38;2;3;1;6m    [48;2;1;1;3m[38;2;1;1;3m  [48;2;1;1;1m[38;2;1;1;1m    [48;2;1;1;3m[38;2;1;1;3m  [48;2;11;10;12m[38;2;0;0;0m [48;2;35;34;36m[38;2;220;218;221m▄[48;2;228;226;229m[38;2;249;248;250m▄[48;2;252;250;253m[38;2;245;243;246m▘[48;2;239;237;238m[38;2;247;254;253m▊[48;2;212;186;195m[38;2;252;239;245m▊[48;2;222;76;104m[38;2;212;66;93m▚[48;2;208;85;105m[38;2;178;61;79m▝[48;2;22;20;23m[38;2;235;233;236m▄▄[48;2;23;21;24m[38;2;236;234;237m▄▄▄▄[48;2;33;19;18m[38;2;227;207;208m▄[48;2;20;8;6m[38;2;185;64;100m▄[48;2;44;19;23m[38;2;203;73;113m▖[48;2;7;4;1m[38;2;0;0;0m [48;2;1;1;1m[38;2;1;1;1m          [0m
[48;2;1;1;1m[38;2;1;1;1m            [48;2;1;1;3m[38;2;1;1;3m  [48;2;3;1;6m[38;2;3;1;6m          [48;2;1;1;1m[38;2;1;1;1m    [48;2;1;1;3m[38;2;1;1;3m  [48;2;5;3;8m[38;2;5;3;8m  [48;2;37;35;38m[38;2;221;220;222m▄[48;2;239;237;240m[38;2;0;0;0m [48;2;250;250;252m[38;2;250;250;252m  [48;2;253;252;254m[38;2;247;245;248m▃[48;2;245;243;246m[38;2;232;230;233m▝[48;2;205;106;135m[38;2;243;240;239m▄[48;2;245;241;238m[38;2;144;143;139m▁[48;2;248;247;249m[38;2;150;148;151m▁▁[48;2;242;240;242m[38;2;160;158;161m▁[48;2;237;235;237m[38;2;138;136;139m▁[48;2;226;224;229m[38;2;15;13;18m▄▄[48;2;188;180;185m[38;2;24;16;20m▄[48;2;20;12;16m[38;2;0;0;0m [48;2;41;17;21m[38;2;198;71;110m▘[48;2;5;3;1m[38;2;0;0;0m [48;2;1;1;1m[38;2;1;1;1m          [0m
[48;2;1;1;1m[38;2;1;1;1m            [48;2;3;1;6m[38;2;3;1;6m        [48;2;1;1;1m[38;2;1;1;1m        [48;2;2;0;3m[38;2;2;0;3m  [48;2;3;0;2m[38;2;52;47;51m [48;2;45;40;44m[38;2;219;214;218m▄[48;2;244;244;246m[38;2;231;231;233m▘[48;2;253;253;254m[38;2;246;246;248m▃[48;2;250;250;252m[38;2;250;250;252m    [48;2;176;171;175m[38;2;247;243;246m▊[48;2;7;3;6m[38;2;53;48;52m▎[48;2;5;3;6m[38;2;5;3;6m    [48;2;3;1;6m[38;2;3;1;6m  [48;2;3;1;4m[38;2;3;1;4m  [48;2;1;1;1m[38;2;1;1;1m            [0m
[48;2;1;1;1m[38;2;1;1;1m            [48;2;1;1;3m[38;2;1;1;3m  [48;2;3;1;6m[38;2;3;1;6m    [48;2;1;1;3m[38;2;1;1;3m  [48;2;1;1;1m[38;2;1;1;1m  [48;2;1;1;3m[38;2;1;1;3m  [48;2;1;1;1m[38;2;1;1;1m    [48;2;3;1;6m[38;2;3;1;6m  [48;2;19;17;20m[38;2;119;117;120m▁[48;2;247;246;248m[38;2;170;168;171m▎[48;2;250;250;252m[38;2;250;250;252m    [48;2;238;238;240m[38;2;249;249;250m▊[48;2;237;237;238m[38;2;0;0;0m [48;2;218;214;217m[38;2;34;30;33m▅[48;2;3;0;2m[38;2;72;67;71m [48;2;3;1;6m[38;2;3;1;6m      [48;2;1;1;3m[38;2;1;1;3m  [48;2;1;1;1m[38;2;1;1;1m            [0m
[48;2;1;1;1m[38;2;1;1;1m              [48;2;2;0;3m[38;2;2;0;3m  [48;2;1;1;3m[38;2;1;1;3m  [48;2;1;1;1m[38;2;1;1;1m      [48;2;2;0;3m[38;2;2;0;3m  [48;2;3;1;4m[38;2;3;1;4m  [48;2;3;1;6m[38;2;3;1;6m  [48;2;210;205;209m[38;2;59;54;58m▅[48;2;238;234;238m[38;2;37;33;36m▅[48;2;237;236;238m[38;2;108;106;109m▁[48;2;245;243;245m[38;2;0;0;0m [48;2;250;250;252m[38;2;250;250;252m  [48;2;205;203;206m[38;2;242;240;243m▊[48;2;217;215;218m[38;2;35;33;36m▅[48;2;4;2;5m[38;2;4;2;5m  [48;2;3;1;4m[38;2;3;1;4m  [48;2;1;1;3m[38;2;1;1;3m  [48;2;3;1;6m[38;2;3;1;6m  [48;2;1;1;1m[38;2;1;1;1m              [0m
[48;2;1;1;1m[38;2;1;1;1m                [48;2;1;1;3m[38;2;1;1;3m  [48;2;1;1;1m[38;2;1;1;1m    [48;2;3;1;6m[38;2;3;1;6m      [48;2;11;9;14m[38;2;0;0;0m [48;2;21;19;24m[38;2;200;198;202m▅[48;2;236;234;236m[38;2;0;0;0m [48;2;45;43;46m[38;2;229;227;230m▅[48;2;37;35;38m▅[48;2;240;238;241m[38;2;0;0;0m [48;2;250;250;251m[38;2;241;241;243m┗[48;2;216;216;218m[38;2;248;248;249m▊[48;2;207;205;207m[38;2;29;27;30m▅[48;2;1;0;2m[38;2;7;5;8m▄[48;2;1;1;1m[38;2;1;1;1m                      [0m
[48;2;1;1;1m[38;2;1;1;1m                    [48;2;0;0;0m[38;2;0;0;0m  [48;2;1;1;3m[38;2;1;1;3m  [48;2;2;0;3m[38;2;2;0;3m  [48;2;3;1;6m[38;2;3;1;6m  [48;2;27;26;28m[38;2;197;195;197m▅[48;2;237;235;237m[38;2;0;0;0m [48;2;250;250;252m[38;2;250;250;252m    [48;2;238;238;240m[38;2;253;253;254m▊[48;2;195;195;197m[38;2;245;245;246m▊[48;2;23;21;22m[38;2;158;156;157m▁[48;2;1;0;0m[38;2;5;3;4m▄[48;2;1;1;3m[38;2;1;1;3m    [48;2;1;1;1m[38;2;1;1;1m                  [0m
[48;2;1;1;1m[38;2;1;1;1m                        [48;2;1;1;3m[38;2;1;1;3m  [48;2;3;1;6m[38;2;3;1;6m  [48;2;245;243;245m[38;2;142;140;143m▎[48;2;252;250;252m[38;2;236;234;237m│[48;2;250;250;252m[38;2;250;250;252m    [48;2;235;217;218m[38;2;242;247;242m▊[48;2;246;228;230m[38;2;211;89;124m▅[48;2;224;197;203m[38;2;192;73;109m▅[48;2;29;26;23m[38;2;173;168;165m▁[48;2;3;1;4m[38;2;3;1;4m  [48;2;3;1;6m[38;2;3;1;6m  [48;2;1;1;1m[38;2;1;1;1m                  [0m
[48;2;1;1;1m[38;2;1;1;1m                    [48;2;2;0;3m[38;2;2;0;3m  [48;2;1;1;1m[38;2;1;1;1m  [48;2;3;1;6m[38;2;3;1;6m    [48;2;190;188;191m[38;2;25;23;26m▅[48;2;244;242;244m[38;2;185;184;186m▎[48;2;250;250;252m[38;2;250;250;252m    [48;2;246;246;245m[38;2;0;0;0m [48;2;209;97;133m[38;2;244;232;234m▅[48;2;212;100;136m[38;2;245;235;237m▅[48;2;160;172;166m[38;2;244;241;241m▊[48;2;4;3;7m[38;2;21;19;24m▌[48;2;8;6;11m[38;2;1;0;4m▊[48;2;2;0;3m[38;2;2;0;3m  [48;2;1;1;1m[38;2;1;1;1m                  [0m
[48;2;1;1;1m[38;2;1;1;1m                  [48;2;1;1;3m[38;2;1;1;3m  [48;2;2;0;3m[38;2;2;0;3m  [48;2;1;1;3m[38;2;1;1;3m  [48;2;3;1;6m[38;2;3;1;6m  [48;2;2;0;3m[38;2;2;0;3m  [48;2;23;22;24m[38;2;193;191;194m▁[48;2;243;242;244m[38;2;164;162;165m▎[48;2;250;250;252m[38;2;250;250;252m      [48;2;250;250;251m[38;2;0;0;0m [48;2;249;249;250m[38;2;211;211;213m▝[48;2;41;36;40m[38;2;214;209;213m▅[48;2;4;0;3m[38;2;3;0;2m┏[48;2;1;1;3m[38;2;1;1;3m  [48;2;1;1;1m[38;2;1;1;1m                  [0m
[48;2;1;1;1m[38;2;1;1;1m                  [48;2;2;0;3m[38;2;2;0;3m    [48;2;3;1;6m[38;2;3;1;6m      [48;2;245;243;245m[38;2;142;140;143m▎[48;2;252;250;252m[38;2;236;234;237m│[48;2;250;250;252m[38;2;250;250;252m        [48;2;175;170;174m[38;2;246;242;246m▊[48;2;6;2;5m[38;2;52;47;51m▎[48;2;1;1;1m[38;2;1;1;1m                    [0m
[48;2;4;2;10m[38;2;23;2;126m▂▂▂▂▂▂▂▂▂▂▂▂▂▂▂▂▂▂[48;2;5;3;12m[38;2;24;2;129m▂▂[48;2;4;2;10m[38;2;23;2;126m▂▂[48;2;5;3;12m[38;2;24;2;129m▂▂▂▂[48;2;11;9;24m[38;2;49;22;189m▁[48;2;47;46;42m[38;2;208;203;218m▅[48;2;238;238;239m[38;2;0;0;0m [48;2;249;249;251m[38;2;233;233;235m╵[48;2;250;250;252m[38;2;250;250;252m  [48;2;248;248;248m[38;2;103;87;185m▂▂[48;2;249;249;251m[38;2;249;249;251m  [48;2;248;248;250m[38;2;248;248;250m  [48;2;209;202;218m[38;2;62;30;201m▁[48;2;23;17;34m[38;2;40;8;179m▁[48;2;4;2;10m[38;2;23;2;126m▂▂▂▂▂▂▂▂▂▂▂▂▂▂▂▂▂▂▂▂[0m
[48;2;38;3;183m[38;2;38;3;183m                          [48;2;43;18;183m[38;2;189;178;228m▂[48;2;241;239;239m[38;2;158;149;194m▎[48;2;250;250;252m[38;2;250;250;252m  [48;2;242;241;245m[38;2;0;0;0m [48;2;244;242;245m[38;2;94;79;170m▂[48;2;36;2;184m[38;2;83;57;184m▎[48;2;83;57;184m[38;2;36;2;184m▊[48;2;255;255;255m[38;2;236;236;238m▌[48;2;252;252;253m[38;2;244;244;246m┃[48;2;255;254;255m[38;2;246;245;250m▌[48;2;175;174;179m[38;2;246;245;249m▊[48;2;41;6;184m[38;2;41;6;184m  [48;2;38;3;183m[38;2;38;3;183m                    [0m
[48;2;38;3;183m[38;2;38;3;183m                        [48;2;42;8;181m[38;2;0;0;0m [48;2;58;27;190m[38;2;197;187;223m▁[48;2;243;240;250m[38;2;152;148;175m▎[48;2;251;251;249m[38;2;241;242;237m┗[48;2;250;250;252m[38;2;250;250;252m  [48;2;228;222;237m[38;2;71;46;179m▆[48;2;40;11;184m[38;2;0;0;0m [48;2;41;11;182m[38;2;46;23;168m▗[48;2;57;34;182m[38;2;223;214;240m▆[48;2;249;249;251m[38;2;249;249;251m  [48;2;243;242;249m[38;2;0;0;0m [48;2;222;221;225m[38;2;66;49;175m▂[48;2;40;5;185m[38;2;40;5;185m  [48;2;38;3;183m[38;2;38;3;183m                    [0m
[48;2;38;3;185m[38;2;38;3;185m                        [48;2;49;31;161m[38;2;209;204;230m▆[48;2;237;235;242m[38;2;0;0;0m [48;2;250;250;252m[38;2;250;250;252m  [48;2;234;230;238m[38;2;247;245;242m▊[48;2;222;217;232m[38;2;73;49;189m▆[48;2;46;11;189m[38;2;35;2;178m▄[48;2;35;2;178m[38;2;46;11;189m▄[48;2;51;26;177m[38;2;207;202;224m▂[48;2;248;246;248m[38;2;210;202;242m▎[48;2;250;250;252m[38;2;250;250;252m  [48;2;172;161;219m[38;2;248;246;248m▊[48;2;36;11;172m[38;2;45;12;203m│[48;2;38;3;185m[38;2;38;3;185m                      [0m
[48;2;38;3;185m[38;2;38;3;185m                      [48;2;35;4;186m[38;2;33;7;159m▎[48;2;68;44;175m[38;2;195;183;227m▆[48;2;237;236;240m[38;2;0;0;0m [48;2;248;247;252m[38;2;255;254;255m▌[48;2;250;250;252m[38;2;250;250;252m  [48;2;221;211;240m[38;2;68;43;186m▆[48;2;40;11;177m[38;2;0;0;0m [48;2;40;5;183m[38;2;40;5;183m  [48;2;248;247;251m[38;2;205;204;209m▎[48;2;240;239;244m[38;2;252;251;254m┃[48;2;250;250;252m[38;2;254;254;255m▌[48;2;239;239;241m[38;2;243;243;245m▌[48;2;199;187;223m[38;2;53;23;182m▆[48;2;42;10;194m[38;2;37;7;172m▌[48;2;38;3;185m[38;2;38;3;185m                      [0m
[48;2;38;3;185m[38;2;38;3;185m                    [48;2;34;2;192m[38;2;50;9;175m▗[48;2;42;7;175m[38;2;136;38;110m▂[48;2;131;116;205m[38;2;194;122;155m▄[48;2;235;224;229m[38;2;0;0;0m [48;2;250;250;252m[38;2;250;250;252m  [48;2;231;226;239m[38;2;71;53;169m▂[48;2;219;214;223m[38;2;58;34;183m▆[48;2;46;11;189m[38;2;35;2;178m▄[48;2;35;2;178m[38;2;46;11;189m▄[48;2;39;4;184m[38;2;39;4;184m  [48;2;194;189;205m[38;2;108;41;148m▆[48;2;233;222;234m[38;2;216;85;100m▂[48;2;246;248;245m[38;2;217;105;138m▃[48;2;238;241;236m[38;2;205;94;127m▃[48;2;30;0;171m[38;2;61;27;202m▌[48;2;36;2;177m[38;2;44;10;185m┃[48;2;38;3;185m[38;2;38;3;185m                      [0m
[48;2;38;3;185m[38;2;38;3;185m                    [48;2;42;8;181m[38;2;28;13;74m▃[48;2;86;26;73m[38;2;174;59;80m┗[48;2;198;62;92m[38;2;33;20;10m▂[48;2;230;182;183m[38;2;192;67;93m▆[48;2;246;215;213m[38;2;207;74;105m▆[48;2;207;191;183m[38;2;119;45;58m▆[48;2;38;25;60m[38;2;200;70;102m▂[48;2;40;11;142m[38;2;24;7;24m▆[48;2;36;13;142m[38;2;5;3;13m▆▆[48;2;36;13;140m[38;2;5;3;12m▆▆[48;2;152;55;80m[38;2;25;8;7m▆[48;2;195;72;106m[38;2;46;17;19m▃[48;2;217;66;96m[38;2;70;29;24m▃[48;2;205;72;97m[38;2;0;0;0m [48;2;41;15;70m[38;2;190;68;95m▂▂[48;2;36;3;165m[38;2;36;24;60m▂[48;2;36;0;185m[38;2;36;4;161m▖[48;2;38;3;185m[38;2;38;3;185m                    [0m
[48;2;38;3;185m[38;2;38;3;185m                    [48;2;33;17;91m[38;2;34;3;176m▆[48;2;18;7;50m[38;2;38;5;188m▂[48;2;14;9;26m[38;2;38;12;178m▂[48;2;129;43;69m[38;2;22;7;79m▆[48;2;168;49;82m[38;2;25;10;82m▆▆[48;2;137;45;73m[38;2;27;7;82m▆[48;2;21;10;29m[38;2;46;13;182m▂[48;2;8;3;24m[38;2;39;10;180m▂▂▂▂▂▂[48;2;18;9;28m[38;2;43;12;180m▂[48;2;134;44;71m[38;2;25;7;80m▆[48;2;149;48;79m[38;2;29;10;84m▆▆[48;2;37;22;78m[38;2;37;2;183m▆[48;2;37;2;182m[38;2;37;5;163m▘[48;2;38;3;185m[38;2;38;3;185m                    [0m
[48;2;40;2;185m[38;2;40;2;185m                                                            [0m
[48;2;40;2;185m[38;2;40;2;185m                                                            [0m
