[48;2;1;1;1m[38;2;1;1;1m                                                            [0m
[48;2;1;1;1m[38;2;1;1;1m                                                            [0m
[48;2;1;1;1m[38;2;1;1;1m                                                            [0m
[48;2;1;1;1m[38;2;1;1;1m                                                            [0m
[48;2;1;1;1m[38;2;1;1;1m                            [48;2;1;1;3m[38;2;1;1;3m  [48;2;1;1;1m[38;2;1;1;1m                              [0m
[48;2;1;1;1m[38;2;1;1;1m                        [48;2;1;1;3m[38;2;1;1;3m    [48;2;3;1;6m[38;2;3;1;6m  [48;2;2;0;3m[38;2;2;0;3m  [48;2;1;1;1m[38;2;1;1;1m  [48;2;1;1;3m[38;2;1;1;3m  [48;2;1;1;1m[38;2;1;1;1m                        [0m
[48;2;1;1;1m[38;2;1;1;1m                        [48;2;3;1;6m[38;2;3;1;6m      [48;2;1;1;3m[38;2;1;1;3m  [48;2;3;1;4m[38;2;3;1;4m  [48;2;1;0;2m[38;2;6;4;7m▌[48;2;8;6;9m[38;2;35;33;36m▗[48;2;13;11;14m[38;2;223;221;224m▄▄[48;2;13;11;12m[38;2;220;218;219m▄[48;2;14;12;13m[38;2;204;202;203m▄[48;2;4;2;5m[38;2;12;10;13m▂[48;2;11;9;12m[38;2;2;1;3m▅[48;2;1;1;1m[38;2;1;1;1m                  [0m
[48;2;1;1;1m[38;2;1;1;1m                        [48;2;1;1;3m[38;2;1;1;3m  [48;2;3;1;6m[38;2;3;1;6m  [48;2;1;1;3m[38;2;1;1;3m    [48;2;2;0;3m[38;2;2;0;3m  [48;2;64;59;63m[38;2;12;7;11m▊[48;2;236;232;235m[38;2;185;180;184m▎[48;2;250;250;252m[38;2;250;250;252m  [48;2;235;237;233m[38;2;0;0;0m [48;2;245;237;236m[38;2;196;84;117m▄[48;2;184;179;183m[38;2;30;25;29m▄[48;2;13;9;12m[38;2;0;0;0m [48;2;1;1;3m[38;2;1;1;3m  [48;2;1;1;1m[38;2;1;1;1m                [0m
[48;2;1;1;1m[38;2;1;1;1m                    [48;2;2;2;4m[38;2;2;2;4m  [48;2;3;1;6m[38;2;3;1;6m    [48;2;1;1;3m[38;2;1;1;3m      [48;2;3;1;4m[38;2;3;1;4m  [48;2;72;67;71m[38;2;12;7;11m▊[48;2;253;250;253m[38;2;196;191;195m▎[48;2;253;249;250m[38;2;245;241;242m┃[48;2;227;223;224m[38;2;255;253;254m▌[48;2;208;75;104m[38;2;166;71;87m▝[48;2;63;15;18m[38;2;185;67;91m▃[48;2;4;3;5m[38;2;45;43;46m▁▁▁▁[48;2;3;3;3m[38;2;44;44;44m▁▁[48;2;1;0;0m[38;2;7;5;6m▃▃[48;2;2;2;2m[38;2;2;2;2m  [48;2;1;1;1m[38;2;1;1;1m          [0m
[48;2;1;1;1m[38;2;1;1;1m                [48;2;2;0;3m[38;2;2;0;3m  [48;2;3;1;4m[38;2;3;1;4m  [48;2;3;1;6m[38;2;3;1;6m    [48;2;1;1;3m[38;2;1;1;3m  [48;2;1;1;1m[38;2;1;1;1m    [48;2;1;1;3m[38;2;1;1;3m  [48;2;11;10;12m[38;2;0;0;0m [48;2;35;34;36m[38;2;220;218;221m▄[48;2;228;226;229m[38;2;249;248;250m▄[48;2;252;250;253m[38;2;245;243;246m▘[48;2;243;247;246m[38;2;247;255;255m▎[48;2;230;206;214m[38;2;255;245;250m▌[48;2;233;78;110m[38;2;212;72;99m▊[48;2;225;132;143m[38;2;202;73;96m▊[48;2;188;186;189m[38;2;248;246;249m▇▇[48;2;244;239;243m[38;2;186;181;185m▁▁[48;2;244;240;243m[38;2;177;172;176m▁▁[48;2;213;202;201m[38;2;0;0;0m [48;2;196;61;101m[38;2;53;16;22m▄[48;2;53;28;24m[38;2;191;66;86m▊[48;2;0;5;6m[38;2;22;0;9m┃[48;2;1;1;1m[38;2;1;1;1m          [0m
[48;2;1;1;1m[38;2;1;1;1m            [48;2;1;1;3m[38;2;1;1;3m  [48;2;3;1;6m[38;2;3;1;6m          [48;2;1;1;1m[38;2;1;1;1m    [48;2;1;1;3m[38;2;1;1;3m  [48;2;5;3;8m[38;2;5;3;8m  [48;2;37;35;38m[38;2;221;220;222m▄[48;2;239;237;240m[38;2;0;0;0m [48;2;250;250;252m[38;2;250;250;252m  [48;2;247;239;238m[38;2;0;0;0m [48;2;203;100;130m[38;2;250;241;241m▄[48;2;206;106;135m[38;2;239;237;236m▄[48;2;223;217;215m[38;2;0;0;0m [48;2;226;224;227m[38;2;19;18;20m▄[48;2;200;198;201m[38;2;12;10;13m▄[48;2;12;10;13m[38;2;2;0;3m▄▄[48;2;13;11;14m[38;2;3;1;4m▅▅[48;2;4;2;5m[38;2;4;2;5m  [48;2;1;1;1m[38;2;1;1;1m            [0m
[48;2;1;1;1m[38;2;1;1;1m            [48;2;3;1;6m[38;2;3;1;6m        [48;2;1;1;1m[38;2;1;1;1m        [48;2;2;0;3m[38;2;2;0;3m  [48;2;3;0;2m[38;2;52;47;51m [48;2;45;40;44m[38;2;219;214;218m▄[48;2;244;244;246m[38;2;231;231;233m▘[48;2;253;253;254m[38;2;246;246;248m▃[48;2;250;250;252m[38;2;250;250;252m  [48;2;249;249;251m[38;2;249;249;251m  [48;2;225;221;224m[38;2;135;130;134m▁[48;2;8;3;7m[38;2;46;41;45m▎[48;2;3;1;4m[38;2;3;1;4m  [48;2;3;1;6m[38;2;3;1;6m    [48;2;3;1;4m[38;2;3;1;4m  [48;2;1;1;1m[38;2;1;1;1m            [0m
[48;2;1;1;1m[38;2;1;1;1m            [48;2;1;1;3m[38;2;1;1;3m  [48;2;3;1;6m[38;2;3;1;6m    [48;2;1;1;3m[38;2;1;1;3m  [48;2;1;1;1m[38;2;1;1;1m  [48;2;1;1;3m[38;2;1;1;3m  [48;2;1;1;1m[38;2;1;1;1m    [48;2;3;1;6m[38;2;3;1;6m  [48;2;38;36;39m[38;2;6;5;7m▊[48;2;247;245;248m[38;2;161;159;162m▎[48;2;250;250;252m[38;2;250;250;252m    [48;2;255;255;255m[38;2;245;245;247m▌[48;2;174;174;176m▊[48;2;4;3;7m[38;2;21;19;24m▌[48;2;8;6;11m[38;2;1;0;4m▊[48;2;3;1;6m[38;2;3;1;6m      [48;2;1;1;3m[38;2;1;1;3m  [48;2;1;1;1m[38;2;1;1;1m            [0m
[48;2;1;1;1m[38;2;1;1;1m              [48;2;2;0;3m[38;2;2;0;3m  [48;2;1;1;3m[38;2;1;1;3m  [48;2;1;1;1m[38;2;1;1;1m      [48;2;2;0;3m[38;2;2;0;3m  [48;2;3;1;4m[38;2;3;1;4m  [48;2;3;1;6m[38;2;3;1;6m  [48;2;28;23;27m[38;2;171;166;170m▅[48;2;237;233;236m[38;2;0;0;0m [48;2;250;250;252m[38;2;250;250;252m    [48;2;205;203;206m[38;2;242;240;243m▊[48;2;217;215;218m[38;2;35;33;36m▅[48;2;4;2;5m[38;2;4;2;5m  [48;2;3;1;4m[38;2;3;1;4m  [48;2;1;1;3m[38;2;1;1;3m  [48;2;3;1;6m[38;2;3;1;6m  [48;2;1;1;1m[38;2;1;1;1m              [0m
[48;2;1;1;1m[38;2;1;1;1m                [48;2;1;1;3m[38;2;1;1;3m  [48;2;1;1;1m[38;2;1;1;1m    [48;2;3;1;6m[38;2;3;1;6m      [48;2;1;0;4m[38;2;2;0;5m▄[48;2;14;12;17m[38;2;143;141;146m▁[48;2;32;26;30m[38;2;205;200;203m▅[48;2;207;202;206m[38;2;89;83;87m▅[48;2;231;226;230m[38;2;84;79;83m▅[48;2;239;235;238m[38;2;0;0;0m [48;2;249;249;251m[38;2;249;249;251m  [48;2;219;215;218m[38;2;107;102;106m▁[48;2;10;6;9m[38;2;44;40;43m▎[48;2;1;1;1m[38;2;1;1;1m                      [0m
[48;2;1;1;1m[38;2;1;1;1m                    [48;2;0;0;0m[38;2;0;0;0m  [48;2;1;1;3m[38;2;1;1;3m  [48;2;2;0;3m[38;2;2;0;3m  [48;2;3;1;6m[38;2;3;1;6m  [48;2;1;0;2m[38;2;23;21;24m▄[48;2;245;243;246m[38;2;146;144;147m▎[48;2;250;250;252m[38;2;250;250;252m    [48;2;253;253;254m[38;2;246;246;248m▃[48;2;244;244;246m[38;2;231;231;233m▝[48;2;39;30;33m[38;2;215;207;210m▅[48;2;22;14;16m[38;2;90;81;84m▁[48;2;2;2;4m[38;2;2;2;4m  [48;2;1;1;3m[38;2;1;1;3m  [48;2;1;1;1m[38;2;1;1;1m                  [0m
[48;2;1;1;1m[38;2;1;1;1m                        [48;2;1;1;3m[38;2;1;1;3m  [48;2;3;1;6m[38;2;3;1;6m  [48;2;32;30;33m[38;2;197;195;197m▅[48;2;239;237;240m[38;2;0;0;0m [48;2;250;250;252m[38;2;250;250;252m    [48;2;249;247;250m[38;2;249;247;250m  [48;2;240;217;213m[38;2;210;107;128m▅[48;2;189;70;97m[38;2;65;30;28m▁[48;2;4;2;5m[38;2;4;2;5m  [48;2;3;1;6m[38;2;3;1;6m  [48;2;1;1;1m[38;2;1;1;1m                  [0m
[48;2;1;1;1m[38;2;1;1;1m                    [48;2;2;0;3m[38;2;2;0;3m  [48;2;1;1;1m[38;2;1;1;1m  [48;2;3;1;6m[38;2;3;1;6m  [48;2;3;1;4m[38;2;3;1;4m  [48;2;245;243;245m[38;2;142;140;143m▎[48;2;252;250;252m[38;2;236;234;237m│[48;2;250;250;252m[38;2;250;250;252m      [48;2;185;183;186m[38;2;244;242;245m▊[48;2;1;0;2m[38;2;61;59;62m▎[48;2;3;1;6m[38;2;3;1;6m  [48;2;2;0;3m[38;2;2;0;3m  [48;2;1;1;1m[38;2;1;1;1m                  [0m
[48;2;1;1;1m[38;2;1;1;1m                  [48;2;1;1;3m[38;2;1;1;3m  [48;2;2;0;3m[38;2;2;0;3m  [48;2;1;1;3m[38;2;1;1;3m  [48;2;3;1;6m[38;2;3;1;6m  [48;2;2;0;3m[38;2;2;0;3m  [48;2;181;179;182m[38;2;21;19;22m▅[48;2;241;239;242m[38;2;182;180;183m▎[48;2;250;250;252m[38;2;250;250;252m      [48;2;238;236;239m[38;2;0;0;0m [48;2;49;47;50m[38;2;218;217;219m▅[48;2;5;3;8m[38;2;5;3;8m  [48;2;1;1;3m[38;2;1;1;3m  [48;2;1;1;1m[38;2;1;1;1m                  [0m
[48;2;1;1;1m[38;2;1;1;1m                  [48;2;2;0;3m[38;2;2;0;3m    [48;2;3;1;6m[38;2;3;1;6m      [48;2;44;42;45m[38;2;209;207;210m▅[48;2;240;238;240m[38;2;0;0;0m [48;2;250;250;252m[38;2;250;250;252m      [48;2;255;255;255m[38;2;245;245;247m▌[48;2;174;174;176m▊[48;2;4;2;5m[38;2;20;18;21m▌[48;2;7;5;8m[38;2;1;0;2m▊[48;2;1;1;1m[38;2;1;1;1m                    [0m
[48;2;4;2;10m[38;2;23;2;126m▂▂▂▂▂▂▂▂▂▂▂▂▂▂▂▂▂▂[48;2;5;3;12m[38;2;24;2;129m▂▂[48;2;4;2;10m[38;2;23;2;126m▂▂[48;2;5;3;12m[38;2;24;2;129m▂▂▂▂[48;2;11;9;24m[38;2;49;22;189m▁[48;2;47;46;42m[38;2;208;203;218m▅[48;2;238;238;239m[38;2;0;0;0m [48;2;249;249;251m[38;2;233;233;235m╵[48;2;250;250;252m[38;2;250;250;252m      [48;2;255;255;255m[38;2;245;245;247m▌[48;2;174;174;176m▊[48;2;14;11;20m[38;2;33;11;138m▂[48;2;4;2;11m[38;2;22;2;126m▂[48;2;4;2;10m[38;2;23;2;126m▂▂▂▂▂▂▂▂▂▂▂▂▂▂▂▂▂▂▂▂[0m
[48;2;38;3;183m[38;2;38;3;183m                        [48;2;38;3;185m[38;2;38;3;185m  [48;2;37;16;163m[38;2;202;197;221m▆[48;2;237;234;242m[38;2;0;0;0m [48;2;250;250;252m[38;2;250;250;252m  [48;2;249;249;251m[38;2;249;249;251m  [48;2;243;242;245m[38;2;88;70;180m▂[48;2;244;243;247m[38;2;0;0;0m [48;2;250;250;252m[38;2;250;250;252m  [48;2;244;242;247m[38;2;0;0;0m [48;2;223;222;227m[38;2;67;51;169m▂[48;2;40;5;185m[38;2;40;5;185m  [48;2;38;3;183m[38;2;38;3;183m                    [0m
[48;2;38;3;183m[38;2;38;3;183m                        [48;2;42;17;182m[38;2;190;184;212m▂[48;2;37;17;176m[38;2;212;207;232m▆[48;2;237;236;240m[38;2;0;0;0m [48;2;250;249;252m[38;2;232;231;236m╺[48;2;250;250;252m[38;2;250;250;252m  [48;2;239;235;245m[38;2;84;64;180m▂[48;2;233;230;235m[38;2;58;34;181m▆[48;2;36;12;163m[38;2;41;11;194m▌[48;2;247;245;246m[38;2;213;202;255m▎[48;2;250;250;252m[38;2;250;250;252m  [48;2;172;161;219m[38;2;248;246;248m▊[48;2;36;11;172m[38;2;45;12;203m│[48;2;38;3;183m[38;2;38;3;183m                      [0m
[48;2;38;3;185m[38;2;38;3;185m                      [48;2;44;17;180m[38;2;186;178;217m▂[48;2;37;20;164m[38;2;213;206;235m▆[48;2;238;237;241m[38;2;0;0;0m [48;2;255;254;255m[38;2;254;253;255m┗[48;2;250;250;252m[38;2;250;250;252m  [48;2;234;230;238m[38;2;247;245;242m▊[48;2;222;217;232m[38;2;73;49;189m▆[48;2;47;13;188m[38;2;36;3;177m▄[48;2;36;3;177m[38;2;47;13;188m▄[48;2;69;50;184m[38;2;224;224;225m▆[48;2;246;244;247m[38;2;0;0;0m [48;2;250;250;252m[38;2;254;254;255m▌[48;2;239;239;241m[38;2;243;243;245m▌[48;2;200;188;224m[38;2;54;24;183m▆[48;2;43;10;195m[38;2;38;8;173m▌[48;2;38;3;185m[38;2;38;3;185m                      [0m
[48;2;38;3;185m[38;2;38;3;185m                    [48;2;46;23;179m[38;2;189;181;220m▂[48;2;55;31;178m[38;2;213;207;231m▆[48;2;236;235;238m[38;2;0;0;0m [48;2;251;250;252m[38;2;243;242;246m┗[48;2;250;250;252m[38;2;250;250;252m  [48;2;235;234;239m[38;2;81;58;200m▂[48;2;233;232;238m[38;2;68;44;190m▂[48;2;217;204;244m[38;2;58;32;180m▆[48;2;42;13;182m[38;2;0;0;0m [48;2;40;5;183m[38;2;40;5;183m  [48;2;248;247;251m[38;2;205;204;209m▎[48;2;240;239;244m[38;2;252;251;254m┃[48;2;255;255;255m[38;2;249;249;251m▌[48;2;231;231;233m▌[48;2;35;6;166m[38;2;82;51;206m▎[48;2;47;11;196m[38;2;35;0;185m┃[48;2;38;3;185m[38;2;38;3;185m                      [0m
[48;2;38;3;185m[38;2;38;3;185m                  [48;2;44;7;187m[38;2;22;0;191m▖[48;2;40;5;173m[38;2;143;45;117m▂[48;2;199;178;206m[38;2;184;68;106m▆[48;2;231;201;210m[38;2;207;81;100m▂[48;2;239;236;238m[38;2;0;0;0m [48;2;235;230;234m[38;2;103;83;189m▂[48;2;232;229;237m[38;2;50;24;175m▂[48;2;216;213;224m[38;2;64;41;190m▆[48;2;40;7;183m[38;2;70;35;213m▘[48;2;41;6;184m[38;2;31;0;174m▚[48;2;38;3;185m[38;2;38;3;185m  [48;2;39;4;184m[38;2;39;4;184m  [48;2;224;219;224m[38;2;193;83;122m▂[48;2;248;243;247m[38;2;0;0;0m [48;2;210;202;240m[38;2;246;244;245m▊[48;2;206;200;223m[38;2;49;25;174m▆[48;2;39;4;184m[38;2;39;4;184m  [48;2;38;3;185m[38;2;38;3;185m                      [0m
[48;2;38;3;185m[38;2;38;3;185m                  [48;2;35;7;169m[38;2;25;11;78m▂[48;2;81;25;76m[38;2;171;57;93m┗[48;2;206;67;96m[38;2;33;15;8m▂[48;2;199;68;94m[38;2;0;0;0m [48;2;238;174;209m[38;2;215;74;98m▆[48;2;65;39;69m[38;2;212;73;97m▂[48;2;30;11;64m[38;2;195;65;98m▂[48;2;47;13;155m[38;2;25;9;15m▆[48;2;36;13;140m[38;2;5;3;12m▆▆[48;2;36;13;142m[38;2;5;3;13m▆▆[48;2;37;14;141m[38;2;6;4;12m▆▆[48;2;203;65;91m[38;2;0;0;0m [48;2;237;187;184m[38;2;215;81;106m▆[48;2;225;201;211m[38;2;212;73;99m▆[48;2;84;43;153m[38;2;213;75;100m▆[48;2;41;15;70m[38;2;190;68;95m▂▂[48;2;36;3;165m[38;2;36;24;60m▂[48;2;36;0;185m[38;2;36;4;161m▖[48;2;38;3;185m[38;2;38;3;185m                    [0m
[48;2;38;3;185m[38;2;38;3;185m                  [48;2;27;6;94m[38;2;37;4;186m▆[48;2;27;15;49m[38;2;37;4;174m▆[48;2;17;11;45m[38;2;33;3;197m▂[48;2;124;40;56m[38;2;23;12;79m▆[48;2;168;49;84m[38;2;25;10;83m▆▆[48;2;137;46;71m[38;2;27;8;81m▆[48;2;21;10;28m[38;2;46;14;180m▂[48;2;8;6;11m[38;2;30;5;149m▃▃[48;2;8;3;24m[38;2;39;10;180m▂▂▂▂[48;2;147;47;73m[38;2;27;9;80m▆▆[48;2;160;41;74m[38;2;25;10;81m▆▆[48;2;149;48;79m[38;2;29;10;84m▆▆[48;2;37;22;78m[38;2;37;2;183m▆[48;2;37;2;182m[38;2;37;5;163m▘[48;2;38;3;185m[38;2;38;3;185m                    [0m
[48;2;40;2;185m[38;2;40;2;185m                                                            [0m
[48;2;40;2;185m[38;2;40;2;185m                                                            [0m
