[48;2;1;1;1m[38;2;1;1;1m                                                            [0m
[48;2;1;1;1m[38;2;1;1;1m                                                            [0m
[48;2;1;1;1m[38;2;1;1;1m                                                            [0m
[48;2;1;1;1m[38;2;1;1;1m                                                            [0m
[48;2;1;1;1m[38;2;1;1;1m                            [48;2;1;1;3m[38;2;1;1;3m  [48;2;1;1;1m[38;2;1;1;1m                              [0m
[48;2;1;1;1m[38;2;1;1;1m                        [48;2;1;1;3m[38;2;1;1;3m    [48;2;3;1;6m[38;2;3;1;6m  [48;2;2;0;3m[38;2;2;0;3m  [48;2;1;1;1m[38;2;1;1;1m  [48;2;1;1;3m[38;2;1;1;3m  [48;2;1;1;1m[38;2;1;1;1m                        [0m
[48;2;1;1;1m[38;2;1;1;1m                        [48;2;3;1;6m[38;2;3;1;6m      [48;2;1;1;3m[38;2;1;1;3m  [48;2;3;1;4m[38;2;3;1;4m  [48;2;1;0;2m[38;2;6;4;7m▌[48;2;8;6;9m[38;2;35;33;36m▗[48;2;13;11;14m[38;2;223;221;224m▄▄[48;2;13;11;12m[38;2;220;218;219m▄[48;2;14;12;13m[38;2;204;202;203m▄[48;2;4;2;5m[38;2;12;10;13m▂[48;2;11;9;12m[38;2;2;1;3m▅[48;2;1;1;1m[38;2;1;1;1m                  [0m
[48;2;1;1;1m[38;2;1;1;1m                        [48;2;1;1;3m[38;2;1;1;3m  [48;2;3;1;6m[38;2;3;1;6m  [48;2;1;1;3m[38;2;1;1;3m    [48;2;2;0;3m[38;2;2;0;3m  [48;2;64;59;63m[38;2;12;7;11m▊[48;2;236;232;235m[38;2;185;180;184m▎[48;2;250;250;252m[38;2;250;250;252m  [48;2;235;237;233m[38;2;0;0;0m [48;2;245;237;236m[38;2;196;84;117m▄[48;2;184;179;183m[38;2;30;25;29m▄[48;2;13;9;12m[38;2;0;0;0m [48;2;1;1;3m[38;2;1;1;3m  [48;2;1;1;1m[38;2;1;1;1m                [0m
[48;2;1;1;1m[38;2;1;1;1m                    [48;2;2;2;4m[38;2;2;2;4m  [48;2;3;1;6m[38;2;3;1;6m    [48;2;1;1;3m[38;2;1;1;3m      [48;2;3;1;4m[38;2;3;1;4m  [48;2;72;67;71m[38;2;12;7;11m▊[48;2;253;250;253m[38;2;196;191;195m▎[48;2;253;249;250m[38;2;245;241;242m┃[48;2;227;223;224m[38;2;255;253;254m▌[48;2;208;75;104m[38;2;166;71;87m▝[48;2;63;15;18m[38;2;185;67;91m▃[48;2;4;3;5m[38;2;45;43;46m▁▁▁▁[48;2;3;3;3m[38;2;44;44;44m▁▁[48;2;1;0;0m[38;2;7;5;6m▃▃[48;2;2;2;2m[38;2;2;2;2m  [48;2;1;1;1m[38;2;1;1;1m          [0m
[48;2;1;1;1m[38;2;1;1;1m                [48;2;2;0;3m[38;2;2;0;3m  [48;2;3;1;4m[38;2;3;1;4m  [48;2;3;1;6m[38;2;3;1;6m    [48;2;1;1;3m[38;2;1;1;3m  [48;2;1;1;1m[38;2;1;1;1m    [48;2;1;1;3m[38;2;1;1;3m  [48;2;11;10;12m[38;2;0;0;0m [48;2;35;34;36m[38;2;220;218;221m▄[48;2;228;226;229m[38;2;249;248;250m▄[48;2;252;250;253m[38;2;245;243;246m▘[48;2;239;237;238m[38;2;247;254;253m▊[48;2;212;186;195m[38;2;252;239;245m▊[48;2;233;78;110m[38;2;212;72;99m▊[48;2;225;132;143m[38;2;202;73;96m▊[48;2;188;186;189m[38;2;248;246;249m▇▇[48;2;244;239;243m[38;2;186;181;185m▁▁[48;2;244;240;243m[38;2;177;172;176m▁▁[48;2;213;202;201m[38;2;0;0;0m [48;2;196;61;101m[38;2;53;16;22m▄[48;2;53;28;24m[38;2;191;66;86m▊[48;2;0;5;6m[38;2;22;0;9m┃[48;2;1;1;1m[38;2;1;1;1m          [0m
[48;2;1;1;1m[38;2;1;1;1m            [48;2;1;1;3m[38;2;1;1;3m  [48;2;3;1;6m[38;2;3;1;6m          [48;2;1;1;1m[38;2;1;1;1m    [48;2;1;1;3m[38;2;1;1;3m  [48;2;5;3;8m[38;2;5;3;8m  [48;2;37;35;38m[38;2;221;220;222m▄[48;2;239;237;240m[38;2;0;0;0m [48;2;250;250;252m[38;2;250;250;252m  [48;2;253;252;254m[38;2;247;245;248m▃[48;2;245;243;246m[38;2;232;230;233m▝[48;2;232;201;208m[38;2;207;87;123m▘[48;2;224;218;216m[38;2;0;0;0m [48;2;226;224;227m[38;2;19;18;20m▄[48;2;200;198;201m[38;2;12;10;13m▄[48;2;12;10;13m[38;2;2;0;3m▄▄[48;2;13;11;14m[38;2;3;1;4m▅▅[48;2;4;2;5m[38;2;4;2;5m  [48;2;1;1;1m[38;2;1;1;1m            [0m
[48;2;1;1;1m[38;2;1;1;1m            [48;2;3;1;6m[38;2;3;1;6m        [48;2;1;1;1m[38;2;1;1;1m        [48;2;2;0;3m[38;2;2;0;3m  [48;2;3;0;2m[38;2;52;47;51m [48;2;45;40;44m[38;2;219;214;218m▄[48;2;244;244;246m[38;2;231;231;233m▘[48;2;253;253;254m[38;2;246;246;248m▃[48;2;250;250;252m[38;2;250;250;252m  [48;2;249;249;251m[38;2;249;249;251m  [48;2;225;221;224m[38;2;135;130;134m▁[48;2;8;3;7m[38;2;46;41;45m▎[48;2;3;1;4m[38;2;3;1;4m  [48;2;3;1;6m[38;2;3;1;6m    [48;2;3;1;4m[38;2;3;1;4m  [48;2;1;1;1m[38;2;1;1;1m            [0m
[48;2;1;1;1m[38;2;1;1;1m            [48;2;1;1;3m[38;2;1;1;3m  [48;2;3;1;6m[38;2;3;1;6m    [48;2;1;1;3m[38;2;1;1;3m  [48;2;1;1;1m[38;2;1;1;1m  [48;2;1;1;3m[38;2;1;1;3m  [48;2;1;1;1m[38;2;1;1;1m    [48;2;3;1;6m[38;2;3;1;6m  [48;2;18;16;19m[38;2;118;116;119m▁[48;2;247;245;247m[38;2;169;167;170m▎[48;2;250;250;252m[38;2;250;250;252m    [48;2;255;254;255m[38;2;248;246;249m▄[48;2;207;205;208m[38;2;0;0;0m [48;2;4;2;7m[38;2;20;18;23m▌[48;2;7;5;10m[38;2;1;0;4m▊[48;2;3;1;6m[38;2;3;1;6m      [48;2;1;1;3m[38;2;1;1;3m  [48;2;1;1;1m[38;2;1;1;1m            [0m
[48;2;1;1;1m[38;2;1;1;1m              [48;2;2;0;3m[38;2;2;0;3m  [48;2;1;1;3m[38;2;1;1;3m  [48;2;1;1;1m[38;2;1;1;1m      [48;2;2;0;3m[38;2;2;0;3m  [48;2;3;1;4m[38;2;3;1;4m  [48;2;4;2;7m[38;2;4;2;7m  [48;2;221;219;222m[38;2;77;75;78m▁[48;2;241;239;242m[38;2;98;96;99m▁[48;2;249;249;251m[38;2;249;249;251m  [48;2;250;250;252m[38;2;250;250;252m  [48;2;175;173;176m[38;2;246;245;247m▊[48;2;6;4;7m[38;2;52;50;53m▎[48;2;2;0;3m[38;2;2;0;3m  [48;2;3;1;4m[38;2;3;1;4m  [48;2;1;1;3m[38;2;1;1;3m  [48;2;3;1;6m[38;2;3;1;6m  [48;2;1;1;1m[38;2;1;1;1m              [0m
[48;2;1;1;1m[38;2;1;1;1m                [48;2;1;1;3m[38;2;1;1;3m  [48;2;1;1;1m[38;2;1;1;1m    [48;2;3;1;6m[38;2;3;1;6m      [48;2;1;0;2m[38;2;23;21;24m━[48;2;23;21;24m[38;2;197;195;198m▅[48;2;19;15;18m[38;2;231;227;231m▅[48;2;29;24;28m[38;2;226;221;225m▅[48;2;217;212;216m[38;2;93;88;92m▅[48;2;239;235;239m[38;2;0;0;0m [48;2;250;250;251m[38;2;241;241;243m┗[48;2;216;216;218m[38;2;248;248;249m▊[48;2;207;206;208m[38;2;30;28;31m▅[48;2;11;10;12m[38;2;0;0;0m [48;2;1;1;1m[38;2;1;1;1m                      [0m
[48;2;1;1;1m[38;2;1;1;1m                    [48;2;0;0;0m[38;2;0;0;0m  [48;2;1;1;3m[38;2;1;1;3m  [48;2;2;0;3m[38;2;2;0;3m  [48;2;3;1;6m[38;2;3;1;6m  [48;2;16;14;17m[38;2;106;104;107m▂[48;2;242;241;243m[38;2;151;149;152m▎[48;2;250;250;252m[38;2;250;250;252m    [48;2;253;253;254m[38;2;246;246;248m▃[48;2;244;244;246m[38;2;231;231;233m▝[48;2;39;30;33m[38;2;215;207;210m▅[48;2;22;14;16m[38;2;90;81;84m▁[48;2;2;2;4m[38;2;2;2;4m  [48;2;1;1;3m[38;2;1;1;3m  [48;2;1;1;1m[38;2;1;1;1m                  [0m
[48;2;1;1;1m[38;2;1;1;1m                        [48;2;1;1;3m[38;2;1;1;3m  [48;2;3;1;6m[38;2;3;1;6m  [48;2;245;243;245m[38;2;142;140;143m▎[48;2;252;250;252m[38;2;236;234;237m│[48;2;250;250;252m[38;2;250;250;252m    [48;2;255;254;255m[38;2;252;250;253m▘[48;2;246;244;247m[38;2;225;223;226m▗[48;2;244;217;214m[38;2;170;62;85m▅[48;2;188;64;92m[38;2;70;32;31m▁[48;2;4;2;5m[38;2;4;2;5m  [48;2;3;1;6m[38;2;3;1;6m  [48;2;1;1;1m[38;2;1;1;1m                  [0m
[48;2;1;1;1m[38;2;1;1;1m                    [48;2;2;0;3m[38;2;2;0;3m  [48;2;1;1;1m[38;2;1;1;1m  [48;2;3;1;6m[38;2;3;1;6m    [48;2;217;213;217m[38;2;102;97;101m▂[48;2;243;239;242m[38;2;0;0;0m [48;2;250;250;252m[38;2;250;250;252m    [48;2;255;255;255m[38;2;252;252;254m▄[48;2;188;188;190m[38;2;246;246;247m▊[48;2;22;20;21m[38;2;164;162;163m▁[48;2;1;0;0m[38;2;8;6;7m▄[48;2;3;1;6m[38;2;3;1;6m  [48;2;2;0;3m[38;2;2;0;3m  [48;2;1;1;1m[38;2;1;1;1m                  [0m
[48;2;1;1;1m[38;2;1;1;1m                  [48;2;1;1;3m[38;2;1;1;3m  [48;2;2;0;3m[38;2;2;0;3m  [48;2;1;1;3m[38;2;1;1;3m  [48;2;3;1;6m[38;2;3;1;6m  [48;2;2;0;3m[38;2;2;0;3m  [48;2;1;0;2m[38;2;23;21;24m▄[48;2;245;243;246m[38;2;146;144;147m▎[48;2;250;250;252m[38;2;250;250;252m      [48;2;173;171;174m[38;2;245;243;246m▊[48;2;4;3;5m[38;2;50;48;51m▎[48;2;3;1;6m[38;2;3;1;6m  [48;2;1;1;3m[38;2;1;1;3m  [48;2;1;1;1m[38;2;1;1;1m                  [0m
[48;2;1;1;1m[38;2;1;1;1m                  [48;2;2;0;3m[38;2;2;0;3m    [48;2;3;1;6m[38;2;3;1;6m      [48;2;44;42;45m[38;2;209;207;210m▅[48;2;240;238;240m[38;2;0;0;0m [48;2;250;250;252m[38;2;250;250;252m      [48;2;240;238;240m[38;2;0;0;0m [48;2;48;46;49m[38;2;223;222;224m▅[48;2;5;3;6m[38;2;5;3;6m  [48;2;1;1;1m[38;2;1;1;1m                    [0m
[48;2;4;2;10m[38;2;23;2;126m▂▂▂▂▂▂▂▂▂▂▂▂▂▂▂▂▂▂[48;2;5;3;12m[38;2;24;2;129m▂▂[48;2;4;2;10m[38;2;23;2;126m▂▂[48;2;5;3;12m[38;2;24;2;129m▂▂▂▂[48;2;7;5;21m[38;2;51;30;175m▁[48;2;22;20;28m[38;2;206;196;243m▁[48;2;244;242;245m[38;2;154;152;155m▎[48;2;251;249;252m[38;2;243;241;244m│[48;2;250;250;252m[38;2;250;250;252m      [48;2;242;241;243m[38;2;0;0;0m [48;2;210;208;221m[38;2;38;20;144m▁[48;2;9;4;13m[38;2;28;3;131m▂▂[48;2;4;2;10m[38;2;23;2;126m▂▂▂▂▂▂▂▂▂▂▂▂▂▂▂▂▂▂▂▂[0m
[48;2;38;3;183m[38;2;38;3;183m                          [48;2;42;16;183m[38;2;189;177;230m▂[48;2;242;240;241m[38;2;148;138;185m▎[48;2;250;250;252m[38;2;250;250;252m        [48;2;173;162;220m[38;2;249;247;249m▊[48;2;37;11;173m[38;2;46;13;204m│[48;2;38;3;183m[38;2;38;3;183m                      [0m
[48;2;38;3;183m[38;2;38;3;183m                        [48;2;42;17;182m[38;2;190;184;212m▂[48;2;37;17;176m[38;2;212;207;232m▆[48;2;237;236;240m[38;2;0;0;0m [48;2;250;249;252m[38;2;232;231;236m╺[48;2;250;250;252m[38;2;250;250;252m  [48;2;245;244;249m[38;2;0;0;0m [48;2;243;241;245m[38;2;92;77;170m▂[48;2;249;249;251m[38;2;249;249;251m    [48;2;223;216;234m[38;2;82;58;183m▂[48;2;31;2;185m[38;2;58;33;174m▎[48;2;38;3;183m[38;2;38;3;183m                      [0m
[48;2;38;3;185m[38;2;38;3;185m                      [48;2;44;17;180m[38;2;186;178;217m▂[48;2;37;20;164m[38;2;213;206;235m▆[48;2;238;237;241m[38;2;0;0;0m [48;2;255;254;255m[38;2;254;253;255m┗[48;2;250;250;252m[38;2;250;250;252m  [48;2;244;243;246m[38;2;0;0;0m [48;2;240;239;239m[38;2;80;65;185m▂[48;2;215;205;241m[38;2;52;27;173m▆[48;2;48;17;187m[38;2;0;0;0m [48;2;248;247;251m[38;2;205;204;209m▎[48;2;240;239;244m[38;2;252;251;254m┃[48;2;255;255;255m[38;2;249;249;251m▌[48;2;231;231;233m▌[48;2;36;6;173m[38;2;83;55;191m▎[48;2;39;4;185m[38;2;50;12;209m▎[48;2;38;3;185m[38;2;38;3;185m                      [0m
[48;2;38;3;185m[38;2;38;3;185m                    [48;2;45;6;172m[38;2;141;60;109m▂[48;2;75;34;198m[38;2;202;194;219m▆[48;2;236;235;238m[38;2;0;0;0m [48;2;251;250;252m[38;2;243;242;246m┗[48;2;250;250;252m[38;2;250;250;252m  [48;2;235;234;239m[38;2;81;58;200m▂[48;2;233;232;238m[38;2;68;44;190m▂[48;2;217;204;244m[38;2;58;32;180m▆[48;2;42;13;182m[38;2;0;0;0m [48;2;40;5;183m[38;2;40;5;183m  [48;2;248;247;251m[38;2;205;204;209m▎[48;2;240;239;244m[38;2;252;251;254m┃[48;2;243;241;248m[38;2;0;0;0m [48;2;230;229;232m[38;2;67;52;176m▂[48;2;30;0;171m[38;2;61;27;202m▌[48;2;36;2;177m[38;2;44;10;185m┃[48;2;38;3;185m[38;2;38;3;185m                      [0m
[48;2;38;3;185m[38;2;38;3;185m                    [48;2;197;68;99m[38;2;72;25;131m▎[48;2;231;167;169m[38;2;207;77;100m▆[48;2;243;228;233m[38;2;206;171;147m▖[48;2;233;232;242m[38;2;103;85;200m▂[48;2;232;229;237m[38;2;50;24;175m▂[48;2;216;213;224m[38;2;64;41;190m▆[48;2;40;7;183m[38;2;70;35;213m▘[48;2;41;6;184m[38;2;31;0;174m▚[48;2;38;3;185m[38;2;38;3;185m  [48;2;39;4;184m[38;2;39;4;184m  [48;2;224;219;224m[38;2;193;83;122m▂[48;2;248;243;247m[38;2;0;0;0m [48;2;199;189;242m[38;2;248;247;246m▊[48;2;33;2;183m[38;2;83;61;187m▎[48;2;38;3;185m[38;2;38;3;185m                        [0m
[48;2;38;3;185m[38;2;38;3;185m                    [48;2;133;38;124m[38;2;32;6;124m▆[48;2;165;59;103m[38;2;14;18;13m▂[48;2;225;164;202m[38;2;193;72;91m▆[48;2;74;39;71m[38;2;209;71;97m▂[48;2;30;11;64m[38;2;195;65;98m▂[48;2;47;13;155m[38;2;25;9;15m▆[48;2;36;13;140m[38;2;5;3;12m▆▆[48;2;36;13;142m[38;2;5;3;13m▆▆[48;2;37;14;141m[38;2;6;4;12m▆▆[48;2;203;65;91m[38;2;0;0;0m [48;2;237;187;184m[38;2;215;81;106m▆[48;2;225;201;211m[38;2;212;73;99m▆[48;2;84;43;153m[38;2;213;75;100m▆[48;2;41;15;70m[38;2;190;68;95m▂▂[48;2;36;3;165m[38;2;36;24;60m▂[48;2;36;0;185m[38;2;36;4;161m▖[48;2;38;3;185m[38;2;38;3;185m                    [0m
[48;2;38;3;185m[38;2;38;3;185m                    [48;2;33;18;89m[38;2;34;2;174m▆[48;2;18;7;50m[38;2;38;4;186m▂[48;2;59;21;34m[38;2;49;12;156m▃[48;2;151;53;81m[38;2;23;8;78m▆[48;2;137;46;71m[38;2;27;8;81m▆[48;2;21;10;28m[38;2;46;14;180m▂[48;2;8;6;11m[38;2;30;5;149m▃▃[48;2;8;3;24m[38;2;39;10;180m▂▂▂▂[48;2;147;47;73m[38;2;27;9;80m▆▆[48;2;160;41;76m[38;2;25;10;82m▆▆[48;2;149;48;79m[38;2;29;10;84m▆▆[48;2;37;22;78m[38;2;37;2;183m▆[48;2;37;2;182m[38;2;37;5;163m▘[48;2;38;3;185m[38;2;38;3;185m                    [0m
[48;2;40;2;185m[38;2;40;2;185m                                                            [0m
[48;2;40;2;185m[38;2;40;2;185m                                                            [0m
