[48;2;1;1;1m[38;2;1;1;1m                                                            [0m
[48;2;1;1;1m[38;2;1;1;1m                                                            [0m
[48;2;1;1;1m[38;2;1;1;1m                                                            [0m
[48;2;1;1;1m[38;2;1;1;1m                                                            [0m
[48;2;1;1;1m[38;2;1;1;1m                            [48;2;1;1;3m[38;2;1;1;3m  [48;2;1;1;1m[38;2;1;1;1m                              [0m
[48;2;1;1;1m[38;2;1;1;1m                        [48;2;1;1;3m[38;2;1;1;3m    [48;2;3;1;6m[38;2;3;1;6m  [48;2;2;0;3m[38;2;2;0;3m  [48;2;1;1;1m[38;2;1;1;1m  [48;2;1;1;3m[38;2;1;1;3m  [48;2;1;1;1m[38;2;1;1;1m                        [0m
[48;2;1;1;1m[38;2;1;1;1m                        [48;2;3;1;6m[38;2;3;1;6m      [48;2;1;1;3m[38;2;1;1;3m  [48;2;3;1;4m[38;2;3;1;4m  [48;2;1;0;2m[38;2;6;4;7m▌[48;2;8;6;9m[38;2;35;33;36m▗[48;2;13;11;14m[38;2;223;221;224m▄▄[48;2;13;11;12m[38;2;220;218;219m▄[48;2;14;12;13m[38;2;204;202;203m▄[48;2;4;2;5m[38;2;12;10;13m▂[48;2;11;9;12m[38;2;2;1;3m▅[48;2;1;1;1m[38;2;1;1;1m                  [0m
[48;2;1;1;1m[38;2;1;1;1m                        [48;2;1;1;3m[38;2;1;1;3m  [48;2;3;1;6m[38;2;3;1;6m  [48;2;1;1;3m[38;2;1;1;3m    [48;2;2;0;3m[38;2;2;0;3m  [48;2;64;59;63m[38;2;12;7;11m▊[48;2;236;232;235m[38;2;185;180;184m▎[48;2;250;250;252m[38;2;250;250;252m  [48;2;235;237;233m[38;2;0;0;0m [48;2;245;237;236m[38;2;196;84;117m▄[48;2;184;179;183m[38;2;30;25;29m▄[48;2;13;9;12m[38;2;0;0;0m [48;2;1;1;3m[38;2;1;1;3m  [48;2;1;1;1m[38;2;1;1;1m                [0m
[48;2;1;1;1m[38;2;1;1;1m                    [48;2;2;2;4m[38;2;2;2;4m  [48;2;3;1;6m[38;2;3;1;6m    [48;2;1;1;3m[38;2;1;1;3m      [48;2;3;1;4m[38;2;3;1;4m  [48;2;72;67;71m[38;2;12;7;11m▊[48;2;253;250;253m[38;2;196;191;195m▎[48;2;253;249;250m[38;2;245;241;242m┃[48;2;227;223;224m[38;2;255;253;254m▌[48;2;208;75;104m[38;2;166;71;87m▝[48;2;63;15;18m[38;2;185;67;91m▃[48;2;4;3;5m[38;2;45;43;46m▁▁▁▁[48;2;3;3;3m[38;2;44;44;44m▁▁[48;2;1;0;0m[38;2;7;5;6m▃▃[48;2;2;2;2m[38;2;2;2;2m  [48;2;1;1;1m[38;2;1;1;1m          [0m
[48;2;1;1;1m[38;2;1;1;1m                [48;2;2;0;3m[38;2;2;0;3m  [48;2;3;1;4m[38;2;3;1;4m  [48;2;3;1;6m[38;2;3;1;6m    [48;2;1;1;3m[38;2;1;1;3m  [48;2;1;1;1m[38;2;1;1;1m    [48;2;1;1;3m[38;2;1;1;3m  [48;2;15;11;14m[38;2;71;66;70m▁[48;2;35;31;34m[38;2;221;216;220m▄[48;2;228;226;229m[38;2;249;248;250m▄[48;2;252;250;253m[38;2;245;243;246m▘[48;2;239;237;238m[38;2;247;254;253m▊[48;2;212;186;195m[38;2;252;239;245m▊[48;2;233;78;110m[38;2;212;72;99m▊[48;2;225;132;143m[38;2;202;73;96m▊[48;2;188;186;189m[38;2;248;246;249m▇▇[48;2;244;239;243m[38;2;186;181;185m▁▁[48;2;244;240;243m[38;2;177;172;176m▁▁[48;2;199;128;144m[38;2;235;223;229m▊[48;2;207;77;98m[38;2;159;29;50m▁[48;2;52;28;24m[38;2;190;67;86m▊[48;2;0;5;6m[38;2;20;1;9m┃[48;2;1;1;1m[38;2;1;1;1m          [0m
[48;2;1;1;1m[38;2;1;1;1m            [48;2;1;1;3m[38;2;1;1;3m  [48;2;3;1;6m[38;2;3;1;6m          [48;2;1;1;1m[38;2;1;1;1m    [48;2;1;1;3m[38;2;1;1;3m  [48;2;1;0;4m[38;2;15;13;18m╸[48;2;16;14;19m[38;2;88;86;91m▁[48;2;244;244;246m[38;2;186;186;188m▎[48;2;255;255;255m[38;2;250;250;252m▄[48;2;250;250;252m  [48;2;253;252;254m[38;2;247;245;248m▃[48;2;245;243;246m[38;2;232;230;233m▝[48;2;202;104;133m[38;2;245;238;238m▄[48;2;235;230;228m[38;2;0;0;0m [48;2;226;224;227m[38;2;19;18;20m▄[48;2;200;198;201m[38;2;12;10;13m▄[48;2;12;10;13m[38;2;2;0;3m▄▄[48;2;13;11;14m[38;2;3;1;4m▅▅[48;2;4;2;5m[38;2;4;2;5m  [48;2;1;1;1m[38;2;1;1;1m            [0m
[48;2;1;1;1m[38;2;1;1;1m            [48;2;3;1;6m[38;2;3;1;6m        [48;2;1;1;1m[38;2;1;1;1m        [48;2;2;0;3m[38;2;2;0;3m  [48;2;38;36;39m[38;2;6;5;7m▊[48;2;247;245;248m[38;2;161;159;162m▎[48;2;250;250;252m[38;2;250;250;252m    [48;2;249;249;251m[38;2;249;249;251m  [48;2;238;234;237m[38;2;122;117;121m▁[48;2;224;219;223m[38;2;39;34;38m▅[48;2;4;2;7m[38;2;4;2;7m  [48;2;3;1;6m[38;2;3;1;6m    [48;2;3;1;4m[38;2;3;1;4m  [48;2;1;1;1m[38;2;1;1;1m            [0m
[48;2;1;1;1m[38;2;1;1;1m            [48;2;1;1;3m[38;2;1;1;3m  [48;2;3;1;6m[38;2;3;1;6m    [48;2;1;1;3m[38;2;1;1;3m  [48;2;1;1;1m[38;2;1;1;1m  [48;2;1;1;3m[38;2;1;1;3m  [48;2;1;1;1m[38;2;1;1;1m    [48;2;3;1;6m[38;2;3;1;6m  [48;2;24;22;25m[38;2;198;196;199m▅[48;2;238;236;239m[38;2;0;0;0m [48;2;250;250;252m[38;2;250;250;252m    [48;2;255;254;255m[38;2;248;246;249m▄[48;2;207;205;208m[38;2;0;0;0m [48;2;4;2;7m[38;2;20;18;23m▌[48;2;7;5;10m[38;2;1;0;4m▊[48;2;3;1;6m[38;2;3;1;6m      [48;2;1;1;3m[38;2;1;1;3m  [48;2;1;1;1m[38;2;1;1;1m            [0m
[48;2;1;1;1m[38;2;1;1;1m              [48;2;2;0;3m[38;2;2;0;3m  [48;2;1;1;3m[38;2;1;1;3m  [48;2;1;1;1m[38;2;1;1;1m      [48;2;2;0;3m[38;2;2;0;3m  [48;2;3;1;4m[38;2;3;1;4m  [48;2;1;0;2m[38;2;22;20;23m [48;2;14;12;15m[38;2;125;123;126m▁[48;2;207;203;204m[38;2;70;67;67m▅[48;2;236;233;234m[38;2;102;98;99m▁[48;2;249;249;251m[38;2;249;249;251m  [48;2;250;250;251m[38;2;241;241;243m┗[48;2;216;216;218m[38;2;248;248;249m▊[48;2;214;212;215m[38;2;24;22;25m▅[48;2;12;11;13m[38;2;0;0;0m [48;2;2;0;3m[38;2;2;0;3m  [48;2;3;1;4m[38;2;3;1;4m  [48;2;1;1;3m[38;2;1;1;3m  [48;2;3;1;6m[38;2;3;1;6m  [48;2;1;1;1m[38;2;1;1;1m              [0m
[48;2;1;1;1m[38;2;1;1;1m                [48;2;1;1;3m[38;2;1;1;3m  [48;2;1;1;1m[38;2;1;1;1m    [48;2;3;1;6m[38;2;3;1;6m      [48;2;24;22;25m[38;2;199;198;200m▅[48;2;237;235;237m[38;2;0;0;0m [48;2;222;220;223m[38;2;251;249;252m▊[48;2;53;51;54m[38;2;223;221;224m▅[48;2;217;212;216m[38;2;93;88;92m▅[48;2;239;235;239m[38;2;0;0;0m [48;2;255;254;255m[38;2;251;249;252m▄[48;2;187;185;188m[38;2;245;243;246m▊[48;2;1;0;2m[38;2;35;33;36m▎[38;2;8;6;9m┃[48;2;1;1;1m[38;2;1;1;1m                      [0m
[48;2;1;1;1m[38;2;1;1;1m                    [48;2;0;0;0m[38;2;0;0;0m  [48;2;1;1;3m[38;2;1;1;3m  [48;2;2;0;3m[38;2;2;0;3m  [48;2;1;0;2m[38;2;25;23;26m [48;2;83;82;84m[38;2;226;225;227m┏[48;2;238;238;239m[38;2;0;0;0m [48;2;249;249;250m[38;2;232;232;234m╵[48;2;250;250;252m[38;2;250;250;252m  [48;2;249;249;251m[38;2;249;249;251m  [48;2;235;225;225m[38;2;82;70;70m▁[48;2;229;219;219m[38;2;169;81;107m▅[48;2;38;13;16m[38;2;175;59;92m▅[48;2;3;6;1m[38;2;33;16;16m▎[48;2;1;1;3m[38;2;1;1;3m    [48;2;1;1;1m[38;2;1;1;1m                  [0m
[48;2;1;1;1m[38;2;1;1;1m                        [48;2;1;1;3m[38;2;1;1;3m  [48;2;22;20;25m[38;2;1;0;4m▊[48;2;242;241;244m[38;2;120;118;123m▎[48;2;250;250;252m[38;2;250;250;252m    [48;2;248;248;250m[38;2;248;248;250m  [48;2;39;35;38m[38;2;220;216;219m▅[48;2;11;7;10m[38;2;33;29;32m▎[48;2;199;56;102m[38;2;32;13;17m▆[48;2;7;4;3m[38;2;0;0;0m [48;2;3;1;4m[38;2;3;1;4m  [48;2;3;1;6m[38;2;3;1;6m  [48;2;1;1;1m[38;2;1;1;1m                  [0m
[48;2;1;1;1m[38;2;1;1;1m                    [48;2;2;0;3m[38;2;2;0;3m  [48;2;1;1;1m[38;2;1;1;1m  [48;2;3;1;6m[38;2;3;1;6m  [48;2;8;6;9m[38;2;0;0;0m [48;2;191;190;192m[38;2;13;11;14m▅[48;2;245;244;246m[38;2;176;174;177m▎[48;2;250;249;251m[38;2;235;233;236m╷[48;2;250;250;252m[38;2;250;250;252m    [48;2;198;193;199m[38;2;246;242;247m▊[48;2;30;26;31m[38;2;190;185;191m▁[48;2;1;1;3m[38;2;1;1;3m  [48;2;3;1;6m[38;2;3;1;6m  [48;2;2;0;3m[38;2;2;0;3m  [48;2;1;1;1m[38;2;1;1;1m                  [0m
[48;2;1;1;1m[38;2;1;1;1m                  [48;2;1;1;3m[38;2;1;1;3m  [48;2;2;0;3m[38;2;2;0;3m  [48;2;1;1;3m[38;2;1;1;3m  [48;2;3;1;6m[38;2;3;1;6m  [48;2;2;0;3m[38;2;2;0;3m  [48;2;245;243;245m[38;2;142;140;143m▎[48;2;252;250;252m[38;2;236;234;237m│[48;2;250;250;252m[38;2;250;250;252m    [48;2;255;255;255m▄[48;2;186;186;188m[38;2;244;244;246m▊[48;2;1;0;2m[38;2;35;33;36m▎[38;2;8;6;9m┃[48;2;3;1;6m[38;2;3;1;6m  [48;2;1;1;3m[38;2;1;1;3m  [48;2;1;1;1m[38;2;1;1;1m                  [0m
[48;2;1;1;1m[38;2;1;1;1m                  [48;2;2;0;3m[38;2;2;0;3m    [48;2;3;1;6m[38;2;3;1;6m    [48;2;9;8;10m[38;2;0;0;0m [48;2;88;86;89m[38;2;230;228;231m┏[48;2;238;238;239m[38;2;0;0;0m [48;2;249;249;251m[38;2;233;233;235m╵[48;2;250;250;252m[38;2;250;250;252m    [48;2;253;253;254m[38;2;246;246;248m▃[48;2;244;244;246m[38;2;231;231;233m▝[48;2;47;45;50m[38;2;223;222;225m▅[48;2;5;3;8m[38;2;33;31;36m▎[48;2;2;0;3m[38;2;2;0;3m  [48;2;1;1;1m[38;2;1;1;1m                    [0m
[48;2;4;2;10m[38;2;23;2;126m▂▂▂▂▂▂▂▂▂▂▂▂▂▂▂▂▂▂[48;2;5;3;12m[38;2;24;2;129m▂▂[48;2;4;2;10m[38;2;23;2;126m▂▂[48;2;5;3;12m[38;2;24;2;129m▂▂▂▂[48;2;15;11;28m[38;2;24;4;148m▁[48;2;240;238;239m[38;2;122;118;136m▎[48;2;250;250;252m[38;2;250;250;252m        [48;2;177;172;188m[38;2;248;245;245m▊[48;2;19;16;25m[38;2;19;10;102m▂[48;2;5;3;12m[38;2;24;2;129m▂▂[48;2;4;2;10m[38;2;23;2;126m▂▂▂▂▂▂▂▂▂▂▂▂▂▂▂▂▂▂▂▂[0m
[48;2;38;3;183m[38;2;38;3;183m                          [48;2;42;16;183m[38;2;189;177;230m▂[48;2;242;240;241m[38;2;148;138;185m▎[48;2;250;250;252m[38;2;250;250;252m      [48;2;249;249;251m[38;2;249;249;251m  [48;2;226;218;239m[38;2;81;60;165m▂[48;2;39;12;180m[38;2;41;10;184m▄[48;2;38;3;183m[38;2;38;3;183m                      [0m
[48;2;38;3;183m[38;2;38;3;183m                        [48;2;42;8;181m[38;2;0;0;0m [48;2;58;27;190m[38;2;197;187;223m▁[48;2;243;240;250m[38;2;152;148;175m▎[48;2;251;251;249m[38;2;241;242;237m┗[48;2;250;250;252m[38;2;250;250;252m  [48;2;245;244;249m[38;2;0;0;0m [48;2;243;241;245m[38;2;92;77;170m▂[48;2;249;249;251m[38;2;249;249;251m  [48;2;255;255;255m▌[48;2;231;231;233m▌[48;2;35;6;166m[38;2;82;51;206m▎[48;2;47;11;196m[38;2;35;0;185m┃[48;2;38;3;183m[38;2;38;3;183m                      [0m
[48;2;38;3;185m[38;2;38;3;185m                      [48;2;40;5;191m[38;2;34;4;181m▄[48;2;63;34;185m[38;2;201;192;218m▁[48;2;56;39;166m[38;2;215;211;234m▆[48;2;237;235;240m[38;2;0;0;0m [48;2;250;250;252m[38;2;250;250;252m  [48;2;244;243;246m[38;2;0;0;0m [48;2;240;239;239m[38;2;80;65;185m▂[48;2;215;205;241m[38;2;52;27;173m▆[48;2;48;17;187m[38;2;0;0;0m [48;2;248;247;251m[38;2;205;204;209m▎[48;2;240;239;244m[38;2;252;251;254m┃[48;2;255;255;255m[38;2;249;249;251m▌[48;2;231;231;233m▌[48;2;36;5;173m[38;2;92;64;200m▎[48;2;38;4;176m[38;2;40;4;193m▊[48;2;38;3;185m[38;2;38;3;185m                      [0m
[48;2;38;3;185m[38;2;38;3;185m                    [48;2;36;2;192m[38;2;52;8;175m▗[48;2;43;6;175m[38;2;137;37;110m▂[48;2;70;34;161m[38;2;197;69;104m▅[48;2;216;194;203m[38;2;215;80;91m▂[48;2;248;246;249m[38;2;228;226;229m▃[48;2;252;250;252m[38;2;0;0;0m [48;2;235;234;239m[38;2;81;58;200m▂[48;2;233;232;238m[38;2;68;44;190m▂[48;2;217;204;244m[38;2;58;32;180m▆[48;2;42;13;182m[38;2;0;0;0m [48;2;40;5;183m[38;2;40;5;183m  [48;2;248;247;251m[38;2;205;204;209m▎[48;2;240;239;244m[38;2;252;251;254m┃[48;2;255;255;255m[38;2;249;249;251m▌[48;2;231;231;233m▌[48;2;35;6;166m[38;2;82;51;206m▎[48;2;47;11;196m[38;2;35;0;185m┃[48;2;38;3;185m[38;2;38;3;185m                      [0m
[48;2;38;3;185m[38;2;38;3;185m                    [48;2;31;6;179m[38;2;41;1;180m▄[48;2;94;28;149m[38;2;187;60;112m┗[48;2;216;70;105m[38;2;172;77;116m▖[48;2;195;63;91m[38;2;82;27;147m▂[48;2;222;200;214m[38;2;53;12;165m▂[48;2;222;219;232m[38;2;59;38;187m▆[48;2;40;7;183m[38;2;70;35;213m▘[48;2;41;6;184m[38;2;31;0;174m▚[48;2;38;3;185m[38;2;38;3;185m  [48;2;39;4;184m[38;2;39;4;184m  [48;2;224;219;224m[38;2;193;83;122m▂[48;2;248;243;247m[38;2;0;0;0m [48;2;210;202;242m[38;2;246;244;246m▊[48;2;206;200;224m[38;2;49;25;175m▆[48;2;39;4;184m[38;2;39;4;184m  [48;2;38;3;185m[38;2;38;3;185m                      [0m
[48;2;38;3;185m[38;2;38;3;185m                    [48;2;36;0;190m[38;2;36;3;167m▗[48;2;36;3;170m[38;2;36;23;66m▂[48;2;83;37;58m[38;2;196;72;100m┗[48;2;92;36;129m[38;2;197;65;97m▆[48;2;56;20;78m[38;2;197;65;98m▂[48;2;49;7;152m[38;2;20;14;16m▆[48;2;36;13;140m[38;2;5;3;12m▆▆[48;2;36;13;142m[38;2;5;3;13m▆▆[48;2;37;14;141m[38;2;6;4;12m▆▆[48;2;203;65;91m[38;2;0;0;0m [48;2;237;187;184m[38;2;215;81;106m▆[48;2;225;201;211m[38;2;212;73;99m▆[48;2;84;43;153m[38;2;213;75;100m▆[48;2;41;15;70m[38;2;190;68;95m▂▂[48;2;36;3;165m[38;2;36;24;60m▂[48;2;36;0;185m[38;2;36;4;161m▖[48;2;38;3;185m[38;2;38;3;185m                    [0m
[48;2;38;3;185m[38;2;38;3;185m                    [48;2;37;1;184m[38;2;37;3;172m▝[48;2;37;16;109m[38;2;37;3;178m▆[48;2;16;9;36m[38;2;33;9;162m▃[48;2;125;42;50m[38;2;24;10;82m▆[48;2;137;46;71m[38;2;27;8;81m▆[48;2;21;10;28m[38;2;46;14;180m▂[48;2;8;6;11m[38;2;30;5;149m▃▃[48;2;8;3;24m[38;2;39;10;180m▂▂▂▂[48;2;147;47;73m[38;2;27;9;80m▆▆[48;2;160;41;76m[38;2;25;10;82m▆▆[48;2;149;48;79m[38;2;29;10;84m▆▆[48;2;37;22;78m[38;2;37;2;183m▆[48;2;37;2;182m[38;2;37;5;163m▘[48;2;38;3;185m[38;2;38;3;185m                    [0m
[48;2;40;2;185m[38;2;40;2;185m                                                            [0m
[48;2;40;2;185m[38;2;40;2;185m                                                            [0m
