[48;2;1;1;1m[38;2;1;1;1m                                                            [0m
[48;2;1;1;1m[38;2;1;1;1m                                                            [0m
[48;2;1;1;1m[38;2;1;1;1m                                                            [0m
[48;2;1;1;1m[38;2;1;1;1m                                                            [0m
[48;2;1;1;1m[38;2;1;1;1m                            [48;2;1;1;3m[38;2;1;1;3m  [48;2;1;1;1m[38;2;1;1;1m                              [0m
[48;2;1;1;1m[38;2;1;1;1m                        [48;2;1;1;3m[38;2;1;1;3m    [48;2;3;1;6m[38;2;3;1;6m  [48;2;2;0;3m[38;2;2;0;3m  [48;2;1;1;1m[38;2;1;1;1m  [48;2;1;1;3m[38;2;1;1;3m  [48;2;1;1;1m[38;2;1;1;1m                        [0m
[48;2;1;1;1m[38;2;1;1;1m                        [48;2;3;1;6m[38;2;3;1;6m      [48;2;1;1;3m[38;2;1;1;3m  [48;2;3;1;4m[38;2;3;1;4m  [48;2;16;14;17m[38;2;0;0;0m [48;2;18;16;19m[38;2;204;202;205m▄[48;2;14;12;15m[38;2;225;223;226m▄▄[48;2;18;16;19m[38;2;195;193;196m▄[48;2;12;11;13m[38;2;0;0;0m [48;2;1;1;3m[38;2;1;1;3m  [48;2;1;1;1m[38;2;1;1;1m                  [0m
[48;2;1;1;1m[38;2;1;1;1m                        [48;2;1;1;3m[38;2;1;1;3m  [48;2;3;1;6m[38;2;3;1;6m  [48;2;1;1;3m[38;2;1;1;3m    [48;2;14;12;17m[38;2;1;0;4m▊[48;2;57;55;60m[38;2;8;6;11m▊[48;2;163;161;164m[38;2;236;234;236m▇[48;2;250;248;250m[38;2;235;233;236m╺[48;2;246;244;247m[38;2;253;251;253m▅[48;2;244;242;245m[38;2;231;229;232m▗[48;2;240;234;232m[38;2;192;83;116m▄[48;2;189;188;184m[38;2;41;25;25m▄[48;2;4;2;7m[38;2;4;2;7m  [48;2;1;1;3m[38;2;1;1;3m  [48;2;1;1;1m[38;2;1;1;1m                [0m
[48;2;1;1;1m[38;2;1;1;1m                    [48;2;2;2;4m[38;2;2;2;4m  [48;2;3;1;6m[38;2;3;1;6m    [48;2;1;1;3m[38;2;1;1;3m      [48;2;1;0;2m[38;2;9;7;10m│[48;2;68;66;69m[38;2;9;8;10m▊[48;2;255;255;255m[38;2;236;236;238m▌[48;2;252;252;253m[38;2;244;244;246m┃[48;2;249;209;217m[38;2;251;247;252m▊[48;2;194;67;86m[38;2;202;105;124m▎[48;2;25;13;13m[38;2;171;66;97m▄[48;2;17;7;7m[38;2;0;0;0m [48;2;4;3;5m[38;2;45;43;46m▁▁▁▁[48;2;1;1;1m[38;2;1;1;1m                [0m
[48;2;1;1;1m[38;2;1;1;1m                [48;2;2;0;3m[38;2;2;0;3m  [48;2;3;1;4m[38;2;3;1;4m  [48;2;3;1;6m[38;2;3;1;6m    [48;2;1;1;3m[38;2;1;1;3m  [48;2;1;1;1m[38;2;1;1;1m    [48;2;6;4;7m[38;2;1;0;2m▆[38;2;35;33;36m▂[48;2;31;30;32m[38;2;222;220;223m▄[48;2;234;232;235m[38;2;0;0;0m [48;2;250;250;252m[38;2;250;250;252m  [48;2;227;186;194m[38;2;247;248;251m▊[48;2;219;98;118m[38;2;212;62;91m┃[48;2;215;145;156m[38;2;210;82;103m▊[48;2;204;194;201m[38;2;245;235;241m▇[48;2;195;193;196m[38;2;245;243;246m▇[48;2;239;237;240m[38;2;181;179;182m▁[48;2;242;240;242m[38;2;176;174;177m▁[38;2;187;185;188m▝[48;2;28;23;26m[38;2;237;231;235m▄[48;2;30;24;28m[38;2;219;214;217m▄[48;2;26;13;17m[38;2;185;65;84m▄[48;2;23;6;12m[38;2;179;59;78m▄[48;2;1;1;3m[38;2;1;1;3m  [48;2;1;1;1m[38;2;1;1;1m          [0m
[48;2;1;1;1m[38;2;1;1;1m            [48;2;1;1;3m[38;2;1;1;3m  [48;2;3;1;6m[38;2;3;1;6m          [48;2;1;1;1m[38;2;1;1;1m    [48;2;1;1;3m[38;2;1;1;3m  [48;2;17;13;16m[38;2;97;92;96m▁[48;2;243;239;242m[38;2;166;161;165m▎[48;2;250;250;252m[38;2;250;250;252m    [48;2;244;243;240m[38;2;0;0;0m [48;2;207;101;132m[38;2;250;240;242m▄[48;2;233;231;234m[38;2;0;0;0m [48;2;221;219;221m[38;2;25;24;26m▄[48;2;198;196;199m[38;2;14;13;15m▄[48;2;29;27;30m[38;2;1;0;2m▇[48;2;27;25;28m[38;2;0;0;0m [48;2;217;215;218m[38;2;10;9;11m▄[48;2;225;223;225m[38;2;13;12;14m▄[48;2;193;191;194m[38;2;11;10;12m▄[48;2;26;11;12m[38;2;0;0;0m [48;2;42;19;23m[38;2;191;53;95m▘[48;2;1;1;1m[38;2;1;1;1m            [0m
[48;2;1;1;1m[38;2;1;1;1m            [48;2;3;1;6m[38;2;3;1;6m        [48;2;1;1;1m[38;2;1;1;1m        [48;2;3;1;4m[38;2;3;1;4m  [48;2;247;246;251m[38;2;146;145;150m▎[48;2;255;254;255m[38;2;233;232;237m│[48;2;250;250;252m[38;2;250;250;252m    [48;2;246;244;246m[38;2;0;0;0m [48;2;234;233;235m[38;2;144;142;145m▁[48;2;220;215;219m[38;2;36;31;35m▅[48;2;3;0;2m[38;2;5;0;4m▄[48;2;3;1;4m[38;2;3;1;4m  [48;2;3;1;6m[38;2;3;1;6m    [48;2;3;1;4m[38;2;3;1;4m  [48;2;1;1;1m[38;2;1;1;1m            [0m
[48;2;1;1;1m[38;2;1;1;1m            [48;2;1;1;3m[38;2;1;1;3m  [48;2;3;1;6m[38;2;3;1;6m    [48;2;1;1;3m[38;2;1;1;3m  [48;2;1;1;1m[38;2;1;1;1m  [48;2;1;1;3m[38;2;1;1;3m  [48;2;1;1;1m[38;2;1;1;1m    [48;2;39;37;40m[38;2;1;0;2m▊[48;2;45;43;46m[38;2;211;209;212m▄[48;2;238;238;239m[38;2;0;0;0m [48;2;249;249;251m[38;2;233;233;235m╵[48;2;250;250;252m[38;2;250;250;252m  [48;2;249;249;251m[38;2;249;249;251m  [48;2;223;221;225m[38;2;123;121;126m▁[48;2;6;4;9m[38;2;1;0;4m│[48;2;3;1;6m[38;2;3;1;6m        [48;2;1;1;3m[38;2;1;1;3m  [48;2;1;1;1m[38;2;1;1;1m            [0m
[48;2;1;1;1m[38;2;1;1;1m              [48;2;2;0;3m[38;2;2;0;3m  [48;2;1;1;3m[38;2;1;1;3m  [48;2;1;1;1m[38;2;1;1;1m      [48;2;2;0;3m[38;2;2;0;3m  [48;2;3;1;4m[38;2;3;1;4m  [48;2;19;14;18m[38;2;131;126;130m▁[48;2;197;192;196m[38;2;68;63;67m▅[48;2;228;227;229m[38;2;120;118;121m▁[48;2;247;246;247m[38;2;235;233;235m━[48;2;250;250;252m[38;2;250;250;252m  [48;2;206;204;206m[38;2;243;242;244m▊[48;2;220;218;221m[38;2;33;32;34m▅[48;2;5;3;6m[38;2;5;3;6m  [48;2;3;1;4m[38;2;3;1;4m    [48;2;1;1;3m[38;2;1;1;3m  [48;2;3;1;6m[38;2;3;1;6m  [48;2;1;1;1m[38;2;1;1;1m              [0m
[48;2;1;1;1m[38;2;1;1;1m                [48;2;1;1;3m[38;2;1;1;3m  [48;2;1;1;1m[38;2;1;1;1m    [48;2;3;1;6m[38;2;3;1;6m    [48;2;8;4;7m[38;2;26;21;25m━[48;2;80;75;79m[38;2;218;214;218m┏[48;2;236;234;236m[38;2;0;0;0m [48;2;245;243;246m [48;2;57;51;55m[38;2;224;219;222m▅[48;2;211;206;210m[38;2;95;89;93m▅[48;2;249;249;251m[38;2;231;231;233m▌[38;2;255;255;255m▌[48;2;188;183;187m[38;2;247;242;246m▊[48;2;5;1;4m[38;2;64;59;63m▎[48;2;2;0;3m[38;2;2;0;3m  [48;2;1;1;1m[38;2;1;1;1m                      [0m
[48;2;1;1;1m[38;2;1;1;1m                    [48;2;0;0;0m[38;2;0;0;0m  [48;2;1;1;3m[38;2;1;1;3m  [48;2;2;0;3m[38;2;2;0;3m  [48;2;25;23;26m[38;2;194;192;195m▅[48;2;235;234;236m[38;2;0;0;0m [48;2;250;250;252m[38;2;250;250;252m    [48;2;248;248;250m[38;2;248;248;250m  [48;2;228;193;206m[38;2;154;61;71m▄[48;2;36;19;28m[38;2;196;65;91m▅[48;2;4;2;5m[38;2;4;2;5m  [48;2;1;1;3m[38;2;1;1;3m    [48;2;1;1;1m[38;2;1;1;1m                  [0m
[48;2;1;1;1m[38;2;1;1;1m                        [48;2;2;0;3m[38;2;2;0;3m  [48;2;239;237;240m[38;2;129;127;130m▎[48;2;254;252;254m[38;2;239;237;240m│[48;2;250;250;252m[38;2;250;250;252m    [48;2;248;248;250m[38;2;248;248;250m  [48;2;56;39;43m[38;2;223;211;213m▅[48;2;168;59;93m[38;2;26;26;23m▅[48;2;4;2;5m[38;2;4;2;5m  [48;2;3;1;4m[38;2;3;1;4m  [48;2;3;1;6m[38;2;3;1;6m  [48;2;1;1;1m[38;2;1;1;1m                  [0m
[48;2;1;1;1m[38;2;1;1;1m                    [48;2;2;0;3m[38;2;2;0;3m  [48;2;1;1;1m[38;2;1;1;1m  [48;2;3;1;6m[38;2;3;1;6m  [48;2;205;203;206m[38;2;103;101;104m▎[48;2;241;239;241m[38;2;0;0;0m [48;2;250;250;252m[38;2;250;250;252m      [48;2;198;193;199m[38;2;246;242;247m▊[48;2;30;26;31m[38;2;190;185;191m▁[48;2;1;1;3m[38;2;1;1;3m  [48;2;3;1;6m[38;2;3;1;6m  [48;2;2;0;3m[38;2;2;0;3m  [48;2;1;1;1m[38;2;1;1;1m                  [0m
[48;2;1;1;1m[38;2;1;1;1m                  [48;2;1;1;3m[38;2;1;1;3m  [48;2;2;0;3m[38;2;2;0;3m  [48;2;1;1;3m[38;2;1;1;3m  [48;2;3;1;6m[38;2;3;1;6m  [48;2;28;26;29m[38;2;5;3;6m▊[48;2;202;200;203m[38;2;101;99;102m▎[48;2;251;251;252m[38;2;241;241;243m▃[48;2;241;241;243m[38;2;251;251;252m▅[48;2;250;250;252m[38;2;250;250;252m    [48;2;255;255;255m▄[48;2;186;186;188m[38;2;244;244;246m▊[48;2;1;0;2m[38;2;35;33;36m▎[38;2;8;6;9m┃[48;2;3;1;6m[38;2;3;1;6m  [48;2;1;1;3m[38;2;1;1;3m  [48;2;1;1;1m[38;2;1;1;1m                  [0m
[48;2;1;1;1m[38;2;1;1;1m                  [48;2;2;0;3m[38;2;2;0;3m    [48;2;3;1;6m[38;2;3;1;6m      [48;2;213;211;214m[38;2;74;72;75m▂[48;2;244;242;244m[38;2;0;0;0m [48;2;250;250;252m[38;2;250;250;252m    [48;2;253;253;254m[38;2;246;246;248m▃[48;2;244;244;246m[38;2;231;231;233m▝[48;2;47;45;50m[38;2;223;222;225m▅[48;2;5;3;8m[38;2;33;31;36m▎[48;2;2;0;3m[38;2;2;0;3m  [48;2;1;1;1m[38;2;1;1;1m                    [0m
[48;2;4;2;10m[38;2;23;2;126m▂▂▂▂▂▂▂▂▂▂▂▂▂▂▂▂▂▂[48;2;5;3;12m[38;2;24;2;129m▂▂[48;2;4;2;10m[38;2;23;2;126m▂▂[48;2;5;3;12m[38;2;24;2;129m▂▂▂▂▂▂[48;2;11;9;15m[38;2;20;6;120m▂[48;2;248;246;245m[38;2;151;147;165m▎[48;2;250;250;252m[38;2;250;250;252m      [48;2;177;172;188m[38;2;248;245;245m▊[48;2;19;16;25m[38;2;19;10;102m▂[48;2;5;3;12m[38;2;24;2;129m▂▂[48;2;4;2;10m[38;2;23;2;126m▂▂▂▂▂▂▂▂▂▂▂▂▂▂▂▂▂▂▂▂[0m
[48;2;38;3;183m[38;2;38;3;183m                            [48;2;42;11;184m[38;2;0;0;0m [48;2;211;201;232m[38;2;52;22;180m▆[48;2;249;248;251m[38;2;205;204;209m▎[48;2;248;247;250m[38;2;238;237;242m▎[48;2;250;250;252m[38;2;250;250;252m  [38;2;254;254;255m▌[48;2;239;239;241m[38;2;243;243;245m▌[48;2;224;217;237m[38;2;60;31;187m▆[48;2;36;9;178m[38;2;45;15;181m▄[48;2;38;3;183m[38;2;38;3;183m                      [0m
[48;2;38;3;183m[38;2;38;3;183m                            [48;2;36;6;173m[38;2;0;0;0m [48;2;49;15;192m[38;2;201;187;236m▂[48;2;248;247;251m[38;2;204;203;208m▎[48;2;247;246;250m[38;2;237;236;241m▎[48;2;250;250;252m[38;2;250;250;252m  [48;2;212;205;240m[38;2;245;244;243m▊[48;2;225;220;239m[38;2;54;30;177m▆[48;2;40;5;183m[38;2;40;5;183m  [48;2;38;3;183m[38;2;38;3;183m                      [0m
[48;2;38;3;185m[38;2;38;3;185m                          [48;2;38;3;183m[38;2;38;3;183m  [48;2;45;21;173m[38;2;201;194;219m▂[48;2;251;248;253m[38;2;185;177;219m▎[48;2;250;250;252m[38;2;250;250;252m  [48;2;253;253;254m[38;2;245;245;247m┃[48;2;237;237;239m[38;2;255;255;255m▌[48;2;208;197;231m[38;2;52;22;182m▆[48;2;37;7;178m[38;2;56;20;205m│[48;2;38;3;185m[38;2;38;3;185m                        [0m
[48;2;38;3;185m[38;2;38;3;185m                          [48;2;36;3;189m[38;2;55;12;175m▗[48;2;39;6;168m[38;2;153;55;122m▂[48;2;246;243;249m[38;2;175;172;179m▎[48;2;246;243;250m[38;2;255;253;255m▌[48;2;250;250;252m[38;2;250;250;252m  [48;2;229;225;238m[38;2;67;41;196m▂[48;2;212;207;223m[38;2;48;24;178m▆[48;2;39;4;184m[38;2;39;4;184m  [48;2;38;3;185m[38;2;38;3;185m                        [0m
[48;2;38;3;185m[38;2;38;3;185m                          [48;2;79;24;160m[38;2;178;64;79m━[48;2;197;69;105m[38;2;0;0;0m [48;2;231;201;199m[38;2;204;75;106m▆[48;2;246;220;219m[38;2;207;76;108m▂[48;2;228;225;237m[38;2;49;22;177m▂[48;2;214;209;225m[38;2;49;25;179m▆[48;2;40;5;185m[38;2;40;5;185m  [48;2;38;3;185m[38;2;38;3;185m                          [0m
[48;2;38;3;185m[38;2;38;3;185m                      [48;2;36;0;187m[38;2;36;4;163m▗[48;2;36;3;167m[38;2;36;24;62m▂[48;2;38;15;146m[38;2;7;4;17m▆▆[48;2;40;18;144m[38;2;5;5;9m▆[48;2;136;48;87m[38;2;14;4;12m▆[48;2;181;61;83m[38;2;37;20;13m▂[48;2;209;68;97m[38;2;0;0;0m [48;2;85;27;153m[38;2;201;77;93m▆[48;2;56;13;71m[38;2;191;69;95m▂[48;2;29;13;66m[38;2;184;56;89m▂[48;2;50;20;163m[38;2;20;7;13m▆[48;2;36;13;142m[38;2;5;3;13m▆▆[48;2;28;5;120m[38;2;12;7;18m▅[48;2;35;6;165m[38;2;19;6;60m▃[48;2;39;4;184m[38;2;39;4;184m  [48;2;38;3;185m[38;2;38;3;185m                    [0m
[48;2;38;3;185m[38;2;38;3;185m                      [48;2;37;2;182m[38;2;37;4;170m▝[48;2;37;16;107m[38;2;37;3;176m▆[48;2;9;7;14m[38;2;32;6;154m▃▃[48;2;8;6;11m[38;2;30;5;149m▃▃[48;2;16;9;27m[38;2;40;12;179m▂[48;2;132;44;70m[38;2;23;7;80m▆[48;2;160;41;74m[38;2;25;10;81m▆▆[48;2;134;44;71m[38;2;25;7;80m▆[48;2;18;9;28m[38;2;43;12;180m▂[48;2;8;3;24m[38;2;39;10;180m▂▂[48;2;16;8;37m[38;2;36;4;175m▂[48;2;31;22;53m[38;2;32;1;173m▆[48;2;38;3;185m[38;2;38;3;185m                      [0m
[48;2;40;2;185m[38;2;40;2;185m                                                            [0m
[48;2;40;2;185m[38;2;40;2;185m                                                            [0m
