[48;2;1;1;1m[38;2;1;1;1m                                                            [0m
[48;2;1;1;1m[38;2;1;1;1m                                                            [0m
[48;2;1;1;1m[38;2;1;1;1m                                                            [0m
[48;2;1;1;1m[38;2;1;1;1m                                                            [0m
[48;2;1;1;1m[38;2;1;1;1m                            [48;2;1;1;3m[38;2;1;1;3m  [48;2;1;1;1m[38;2;1;1;1m                              [0m
[48;2;1;1;1m[38;2;1;1;1m                        [48;2;1;1;3m[38;2;1;1;3m    [48;2;3;1;6m[38;2;3;1;6m  [48;2;2;0;3m[38;2;2;0;3m  [48;2;1;1;1m[38;2;1;1;1m  [48;2;1;1;3m[38;2;1;1;3m  [48;2;1;1;1m[38;2;1;1;1m                        [0m
[48;2;1;1;1m[38;2;1;1;1m                        [48;2;3;1;6m[38;2;3;1;6m      [48;2;1;1;3m[38;2;1;1;3m  [48;2;3;1;4m[38;2;3;1;4m  [48;2;16;14;17m[38;2;0;0;0m [48;2;18;16;19m[38;2;204;202;205m▄[48;2;14;12;15m[38;2;225;223;226m▄▄[48;2;18;16;19m[38;2;195;193;196m▄[48;2;12;11;13m[38;2;0;0;0m [48;2;1;1;3m[38;2;1;1;3m  [48;2;1;1;1m[38;2;1;1;1m                  [0m
[48;2;1;1;1m[38;2;1;1;1m                        [48;2;1;1;3m[38;2;1;1;3m  [48;2;3;1;6m[38;2;3;1;6m  [48;2;1;1;3m[38;2;1;1;3m    [48;2;14;12;17m[38;2;1;0;4m▊[48;2;57;55;60m[38;2;8;6;11m▊[48;2;163;161;164m[38;2;236;234;236m▇[48;2;250;248;250m[38;2;235;233;236m╺[48;2;246;244;247m[38;2;253;251;253m▅[48;2;244;242;245m[38;2;231;229;232m▗[48;2;240;234;232m[38;2;192;83;116m▄[48;2;189;188;184m[38;2;41;25;25m▄[48;2;4;2;7m[38;2;4;2;7m  [48;2;1;1;3m[38;2;1;1;3m  [48;2;1;1;1m[38;2;1;1;1m                [0m
[48;2;1;1;1m[38;2;1;1;1m                    [48;2;2;2;4m[38;2;2;2;4m  [48;2;3;1;6m[38;2;3;1;6m    [48;2;1;1;3m[38;2;1;1;3m      [48;2;1;0;2m[38;2;9;7;10m│[48;2;68;66;69m[38;2;9;8;10m▊[48;2;255;255;255m[38;2;236;236;238m▌[48;2;252;252;253m[38;2;244;244;246m┃[48;2;249;209;217m[38;2;251;247;252m▊[48;2;194;67;86m[38;2;202;105;124m▎[48;2;25;13;13m[38;2;171;66;97m▄[48;2;17;7;7m[38;2;0;0;0m [48;2;4;3;5m[38;2;45;43;46m▁▁▁▁[48;2;3;3;3m[38;2;3;3;3m  [48;2;1;1;1m[38;2;1;1;1m              [0m
[48;2;1;1;1m[38;2;1;1;1m                [48;2;2;0;3m[38;2;2;0;3m  [48;2;3;1;4m[38;2;3;1;4m  [48;2;3;1;6m[38;2;3;1;6m    [48;2;1;1;3m[38;2;1;1;3m  [48;2;1;1;1m[38;2;1;1;1m    [48;2;6;4;7m[38;2;1;0;2m▆[38;2;35;33;36m▂[48;2;31;30;32m[38;2;222;220;223m▄[48;2;234;232;235m[38;2;0;0;0m [48;2;250;250;252m[38;2;250;250;252m  [48;2;227;186;194m[38;2;247;248;251m▊[48;2;219;98;118m[38;2;212;62;91m┃[48;2;215;145;156m[38;2;210;82;103m▊[48;2;204;194;201m[38;2;245;235;241m▇[48;2;195;193;196m[38;2;245;243;246m▇[48;2;239;237;240m[38;2;181;179;182m▁[48;2;240;238;240m[38;2;183;181;184m▁[48;2;214;212;215m[38;2;247;245;248m▇[48;2;226;222;225m[38;2;0;0;0m [48;2;27;22;25m[38;2;222;217;220m▄[48;2;26;13;17m[38;2;185;65;84m▄[48;2;23;6;12m[38;2;179;59;78m▄[48;2;1;1;3m[38;2;1;1;3m  [48;2;1;1;1m[38;2;1;1;1m          [0m
[48;2;1;1;1m[38;2;1;1;1m            [48;2;1;1;3m[38;2;1;1;3m  [48;2;3;1;6m[38;2;3;1;6m          [48;2;1;1;1m[38;2;1;1;1m    [48;2;3;1;4m[38;2;3;1;4m  [48;2;32;30;33m[38;2;217;215;218m▄[48;2;233;231;234m[38;2;0;0;0m [48;2;250;250;252m[38;2;250;250;252m    [48;2;244;243;240m[38;2;0;0;0m [48;2;207;101;132m[38;2;250;240;242m▄[48;2;233;231;234m[38;2;0;0;0m [48;2;221;219;221m[38;2;25;24;26m▄[48;2;198;196;199m[38;2;14;13;15m▄[48;2;29;27;30m[38;2;1;0;2m▇[48;2;27;25;28m[38;2;0;0;0m [48;2;217;215;218m[38;2;10;9;11m▄[48;2;225;223;225m[38;2;13;12;14m▄[48;2;193;191;194m[38;2;11;10;12m▄[48;2;26;11;12m[38;2;0;0;0m [48;2;42;19;23m[38;2;191;53;95m▘[48;2;1;1;1m[38;2;1;1;1m            [0m
[48;2;1;1;1m[38;2;1;1;1m            [48;2;3;1;6m[38;2;3;1;6m        [48;2;1;1;1m[38;2;1;1;1m        [48;2;6;5;7m[38;2;0;0;0m [48;2;9;7;10m[38;2;98;96;99m▁[48;2;249;248;253m[38;2;148;147;152m▎[48;2;255;254;255m[38;2;235;234;239m│[48;2;250;250;252m[38;2;250;250;252m    [48;2;248;248;249m[38;2;231;231;233m╷[48;2;237;237;238m[38;2;0;0;0m [48;2;193;189;193m[38;2;19;14;18m▄[48;2;3;0;2m[38;2;16;11;15m▄[48;2;3;1;4m[38;2;3;1;4m  [48;2;3;1;6m[38;2;3;1;6m    [48;2;3;1;4m[38;2;3;1;4m  [48;2;1;1;1m[38;2;1;1;1m            [0m
[48;2;1;1;1m[38;2;1;1;1m            [48;2;1;1;3m[38;2;1;1;3m  [48;2;3;1;6m[38;2;3;1;6m    [48;2;1;1;3m[38;2;1;1;3m  [48;2;1;1;1m[38;2;1;1;1m  [48;2;1;1;3m[38;2;1;1;3m  [48;2;1;1;1m[38;2;1;1;1m    [48;2;1;0;2m[38;2;22;20;23m▄[48;2;244;242;245m[38;2;145;143;146m▎[48;2;250;250;252m[38;2;250;250;252m      [48;2;207;206;208m[38;2;243;242;244m▊[48;2;216;214;217m[38;2;38;37;39m▅[48;2;4;2;7m[38;2;4;2;7m  [48;2;3;1;6m[38;2;3;1;6m      [48;2;1;1;3m[38;2;1;1;3m  [48;2;1;1;1m[38;2;1;1;1m            [0m
[48;2;1;1;1m[38;2;1;1;1m              [48;2;2;0;3m[38;2;2;0;3m  [48;2;1;1;3m[38;2;1;1;3m  [48;2;1;1;1m[38;2;1;1;1m      [48;2;2;0;3m[38;2;2;0;3m  [48;2;3;1;4m[38;2;3;1;4m  [48;2;19;14;18m[38;2;131;126;130m▁[48;2;197;192;196m[38;2;68;63;67m▅[48;2;234;232;235m[38;2;94;92;95m▁[48;2;240;238;241m[38;2;115;113;116m▁[48;2;249;249;251m[38;2;249;249;251m  [48;2;245;243;245m[38;2;0;0;0m [48;2;237;236;238m[38;2;108;106;109m▁[48;2;213;211;214m[38;2;23;21;24m▅[48;2;12;10;13m[38;2;0;0;0m [48;2;3;1;4m[38;2;3;1;4m    [48;2;1;1;3m[38;2;1;1;3m  [48;2;3;1;6m[38;2;3;1;6m  [48;2;1;1;1m[38;2;1;1;1m              [0m
[48;2;1;1;1m[38;2;1;1;1m                [48;2;1;1;3m[38;2;1;1;3m  [48;2;1;1;1m[38;2;1;1;1m    [48;2;3;1;6m[38;2;3;1;6m    [48;2;6;5;9m[38;2;0;0;0m [48;2;1;0;4m[38;2;10;8;13m▄[48;2;248;246;249m[38;2;135;133;136m▎[48;2;249;247;250m[38;2;236;234;237m│[48;2;38;36;39m[38;2;230;229;231m▅▅[48;2;241;241;243m[38;2;251;251;252m▄[48;2;250;250;251m[38;2;240;240;242m▃[48;2;188;183;187m[38;2;247;242;246m▊[48;2;5;1;4m[38;2;64;59;63m▎[48;2;2;0;3m[38;2;2;0;3m  [48;2;1;1;1m[38;2;1;1;1m                      [0m
[48;2;1;1;1m[38;2;1;1;1m                    [48;2;0;0;0m[38;2;0;0;0m  [48;2;1;1;3m[38;2;1;1;3m  [48;2;2;0;3m[38;2;2;0;3m  [48;2;25;23;26m[38;2;194;192;195m▅[48;2;235;234;236m[38;2;0;0;0m [48;2;250;250;252m[38;2;250;250;252m    [48;2;249;241;240m[38;2;0;0;0m [48;2;239;233;232m[38;2;210;125;149m▅[48;2;224;202;206m[38;2;191;78;112m▅[48;2;7;7;3m[38;2;59;26;33m▎[48;2;2;0;3m[38;2;2;0;3m  [48;2;1;1;3m[38;2;1;1;3m    [48;2;1;1;1m[38;2;1;1;1m                  [0m
[48;2;1;1;1m[38;2;1;1;1m                        [48;2;2;0;3m[38;2;2;0;3m  [48;2;239;237;240m[38;2;129;127;130m▎[48;2;254;252;254m[38;2;239;237;240m│[48;2;250;250;252m[38;2;250;250;252m    [48;2;249;249;251m[38;2;249;249;251m  [48;2;201;96;131m[38;2;217;224;222m▅[48;2;9;2;2m[38;2;55;36;42m▎[48;2;3;1;6m[38;2;3;1;6m  [48;2;3;1;4m[38;2;3;1;4m  [48;2;3;1;6m[38;2;3;1;6m  [48;2;1;1;1m[38;2;1;1;1m                  [0m
[48;2;1;1;1m[38;2;1;1;1m                    [48;2;2;0;3m[38;2;2;0;3m  [48;2;1;1;1m[38;2;1;1;1m  [48;2;3;1;6m[38;2;3;1;6m  [48;2;239;237;240m[38;2;129;127;130m▎[48;2;254;252;254m[38;2;239;237;240m│[48;2;250;250;252m[38;2;250;250;252m      [48;2;240;238;240m[38;2;0;0;0m [48;2;45;43;46m[38;2;220;218;220m▅[48;2;7;7;9m[38;2;12;12;14m▌[48;2;0;0;2m[38;2;2;2;4m▎[48;2;3;1;6m[38;2;3;1;6m  [48;2;2;0;3m[38;2;2;0;3m  [48;2;1;1;1m[38;2;1;1;1m                  [0m
[48;2;1;1;1m[38;2;1;1;1m                  [48;2;1;1;3m[38;2;1;1;3m  [48;2;2;0;3m[38;2;2;0;3m  [48;2;1;1;3m[38;2;1;1;3m  [48;2;3;1;6m[38;2;3;1;6m  [48;2;180;179;181m[38;2;19;18;20m▅[48;2;241;239;242m[38;2;173;171;173m▎[48;2;250;250;252m[38;2;250;250;252m      [48;2;253;253;254m[38;2;246;246;248m▃[48;2;244;244;246m[38;2;231;231;233m▝[48;2;45;43;46m[38;2;216;214;217m▅[48;2;1;0;2m[38;2;57;55;58m▎[48;2;3;1;6m[38;2;3;1;6m  [48;2;1;1;3m[38;2;1;1;3m  [48;2;1;1;1m[38;2;1;1;1m                  [0m
[48;2;1;1;1m[38;2;1;1;1m                  [48;2;2;0;3m[38;2;2;0;3m    [48;2;3;1;6m[38;2;3;1;6m    [48;2;8;6;11m[38;2;1;0;4m┣[48;2;177;175;180m[38;2;16;14;19m▅[48;2;245;243;245m[38;2;175;173;176m▎[48;2;250;248;250m[38;2;234;232;235m╷[48;2;250;250;252m[38;2;250;250;252m      [48;2;175;173;176m[38;2;246;245;247m▊[48;2;6;4;7m[38;2;52;50;53m▎[48;2;2;0;3m[38;2;2;0;3m  [48;2;1;1;1m[38;2;1;1;1m                    [0m
[48;2;4;2;10m[38;2;23;2;126m▂▂▂▂▂▂▂▂▂▂▂▂▂▂▂▂▂▂[48;2;5;3;12m[38;2;24;2;129m▂▂[48;2;4;2;10m[38;2;23;2;126m▂▂[48;2;5;3;12m[38;2;24;2;129m▂▂▂▂▂▂[48;2;179;177;182m[38;2;24;16;64m▅[48;2;240;238;239m[38;2;185;181;197m▎[48;2;250;250;252m[38;2;250;250;252m      [48;2;177;172;188m[38;2;248;245;245m▊[48;2;19;16;25m[38;2;19;10;102m▂[48;2;5;3;12m[38;2;24;2;129m▂▂[48;2;4;2;10m[38;2;23;2;126m▂▂▂▂▂▂▂▂▂▂▂▂▂▂▂▂▂▂▂▂[0m
[48;2;38;3;183m[38;2;38;3;183m                            [48;2;58;30;185m[38;2;34;3;180m▊[48;2;218;209;239m[38;2;104;87;193m▆[48;2;248;247;250m[38;2;217;216;221m▎[48;2;247;246;250m[38;2;247;246;250m▄[48;2;250;250;252m[38;2;250;250;252m  [48;2;249;249;251m[38;2;249;249;251m  [48;2;225;218;240m[38;2;80;59;166m▂[48;2;38;11;181m[38;2;40;9;185m▄[48;2;38;3;183m[38;2;38;3;183m                      [0m
[48;2;38;3;183m[38;2;38;3;183m                            [48;2;45;21;173m[38;2;200;193;217m▂[48;2;248;245;251m[38;2;194;185;227m▎[48;2;250;250;252m[38;2;250;250;252m    [48;2;242;240;247m[38;2;0;0;0m [48;2;233;232;234m[38;2;79;59;186m▂[48;2;35;6;166m[38;2;82;51;206m▎[48;2;47;11;196m[38;2;35;0;185m┃[48;2;38;3;183m[38;2;38;3;183m                      [0m
[48;2;38;3;185m[38;2;38;3;185m                          [48;2;40;7;193m[38;2;32;5;170m▚[48;2;48;19;180m[38;2;200;189;227m▂[48;2;242;241;245m[38;2;185;184;190m▎[48;2;255;254;255m[38;2;246;245;251m│[48;2;250;250;252m[38;2;250;250;252m  [48;2;248;248;250m[38;2;248;248;250m  [48;2;226;219;235m[38;2;60;39;159m▂[48;2;45;17;176m[38;2;46;11;207m┏[48;2;38;3;185m[38;2;38;3;185m                        [0m
[48;2;38;3;185m[38;2;38;3;185m                          [48;2;68;43;180m[38;2;203;195;214m▆[48;2;234;225;238m[38;2;210;123;128m▂[48;2;249;247;250m[38;2;249;247;250m  [48;2;250;250;252m[38;2;250;250;252m  [48;2;245;243;249m[38;2;0;0;0m [48;2;227;226;228m[38;2;71;54;178m▂[48;2;38;4;181m[38;2;56;21;199m▌[48;2;41;6;184m[38;2;32;0;175m▌[48;2;38;3;185m[38;2;38;3;185m                        [0m
[48;2;38;3;185m[38;2;38;3;185m                        [48;2;37;3;190m[38;2;56;13;176m▗[48;2;40;6;169m[38;2;154;56;123m▂[48;2;218;172;184m[38;2;208;74;115m▆[48;2;208;116;120m[38;2;210;72;91m▇[48;2;232;203;201m[38;2;207;78;109m▆[48;2;244;217;215m[38;2;204;74;105m▂[48;2;243;240;247m[38;2;0;0;0m [48;2;230;228;231m[38;2;67;47;173m▂[48;2;199;187;223m[38;2;51;22;181m▆[48;2;42;11;181m[38;2;44;8;202m▝[48;2;38;3;185m[38;2;38;3;185m                          [0m
[48;2;38;3;185m[38;2;38;3;185m                      [48;2;36;0;187m[38;2;36;4;163m▗[48;2;36;3;167m[38;2;36;24;62m▂[48;2;39;12;121m[38;2;16;8;16m▅[48;2;82;32;48m[38;2;191;61;90m┗[48;2;207;68;95m[38;2;34;16;7m▂[48;2;200;69;93m[38;2;0;0;0m [48;2;218;74;101m[38;2;218;74;101m  [48;2;108;88;109m[38;2;141;55;74m▄[48;2;33;29;130m[38;2;17;7;15m▆[48;2;36;13;142m[38;2;5;3;13m▆▆▆▆[48;2;44;11;175m[38;2;22;6;70m▃[48;2;36;2;182m[38;2;33;2;155m▖[48;2;38;3;185m[38;2;38;3;185m                      [0m
[48;2;38;3;185m[38;2;38;3;185m                      [48;2;37;2;182m[38;2;37;4;170m▝[48;2;37;16;107m[38;2;37;3;176m▆[48;2;9;7;14m[38;2;32;6;154m▃▃[48;2;15;8;26m[38;2;39;11;178m▂[48;2;131;43;69m[38;2;23;6;79m▆[48;2;160;41;74m[38;2;25;10;81m▆▆[48;2;135;45;72m[38;2;26;7;81m▆[48;2;19;10;28m[38;2;44;13;181m▂[48;2;8;3;24m[38;2;39;10;180m▂▂[48;2;8;6;12m[38;2;31;5;151m▃▃[48;2;37;24;67m[38;2;37;3;171m▆[48;2;37;0;191m[38;2;37;4;168m▘[48;2;38;3;185m[38;2;38;3;185m                      [0m
[48;2;40;2;185m[38;2;40;2;185m                                                            [0m
[48;2;40;2;185m[38;2;40;2;185m                                                            [0m
