[48;2;1;1;1m[38;2;1;1;1m                                                            [0m
[48;2;1;1;1m[38;2;1;1;1m                                                            [0m
[48;2;1;1;1m[38;2;1;1;1m                                                            [0m
[48;2;1;1;1m[38;2;1;1;1m                                                            [0m
[48;2;1;1;1m[38;2;1;1;1m                            [48;2;1;1;3m[38;2;1;1;3m  [48;2;1;1;1m[38;2;1;1;1m                              [0m
[48;2;1;1;1m[38;2;1;1;1m                        [48;2;1;1;3m[38;2;1;1;3m    [48;2;3;1;6m[38;2;3;1;6m  [48;2;2;0;3m[38;2;2;0;3m  [48;2;1;1;1m[38;2;1;1;1m  [48;2;1;1;3m[38;2;1;1;3m  [48;2;1;1;1m[38;2;1;1;1m                        [0m
[48;2;1;1;1m[38;2;1;1;1m                        [48;2;3;1;6m[38;2;3;1;6m      [48;2;1;1;3m[38;2;1;1;3m  [48;2;3;1;4m[38;2;3;1;4m  [48;2;16;14;17m[38;2;0;0;0m [48;2;18;16;19m[38;2;204;202;205m▄[48;2;14;12;15m[38;2;225;223;226m▄▄[48;2;18;16;19m[38;2;195;193;196m▄[48;2;12;11;13m[38;2;0;0;0m [48;2;1;1;3m[38;2;1;1;3m  [48;2;1;1;1m[38;2;1;1;1m                  [0m
[48;2;1;1;1m[38;2;1;1;1m                        [48;2;1;1;3m[38;2;1;1;3m  [48;2;3;1;6m[38;2;3;1;6m  [48;2;1;1;3m[38;2;1;1;3m    [48;2;14;12;17m[38;2;1;0;4m▊[48;2;57;55;60m[38;2;8;6;11m▊[48;2;163;161;164m[38;2;236;234;236m▇[48;2;250;248;250m[38;2;235;233;236m╺[48;2;246;244;247m[38;2;253;251;253m▅[48;2;244;242;245m[38;2;231;229;232m▗[48;2;240;234;232m[38;2;192;83;116m▄[48;2;189;188;184m[38;2;41;25;25m▄[48;2;4;2;7m[38;2;4;2;7m  [48;2;1;1;3m[38;2;1;1;3m  [48;2;1;1;1m[38;2;1;1;1m                [0m
[48;2;1;1;1m[38;2;1;1;1m                    [48;2;2;2;4m[38;2;2;2;4m  [48;2;3;1;6m[38;2;3;1;6m    [48;2;1;1;3m[38;2;1;1;3m      [48;2;1;0;2m[38;2;9;7;10m│[48;2;68;66;69m[38;2;9;8;10m▊[48;2;255;255;255m[38;2;236;236;238m▌[48;2;252;252;253m[38;2;244;244;246m┃[48;2;249;209;217m[38;2;251;247;252m▊[48;2;194;67;86m[38;2;202;105;124m▎[48;2;25;13;13m[38;2;171;66;97m▄[48;2;17;7;7m[38;2;0;0;0m [48;2;4;3;5m[38;2;45;43;46m▁▁▁▁[48;2;3;3;3m[38;2;3;3;3m  [48;2;1;1;1m[38;2;1;1;1m              [0m
[48;2;1;1;1m[38;2;1;1;1m                [48;2;2;0;3m[38;2;2;0;3m  [48;2;3;1;4m[38;2;3;1;4m  [48;2;3;1;6m[38;2;3;1;6m    [48;2;1;1;3m[38;2;1;1;3m  [48;2;1;1;1m[38;2;1;1;1m    [48;2;6;4;7m[38;2;1;0;2m▆[38;2;35;33;36m▂[48;2;31;30;32m[38;2;222;220;223m▄[48;2;234;232;235m[38;2;0;0;0m [48;2;250;250;252m[38;2;250;250;252m  [48;2;227;186;194m[38;2;247;248;251m▊[48;2;219;98;118m[38;2;212;62;91m┃[48;2;215;145;156m[38;2;210;82;103m▊[48;2;204;194;201m[38;2;245;235;241m▇[48;2;195;193;196m[38;2;245;243;246m▇[48;2;239;237;240m[38;2;181;179;182m▁[48;2;240;238;240m[38;2;183;181;184m▁[48;2;214;212;215m[38;2;247;245;248m▇[48;2;226;222;225m[38;2;0;0;0m [48;2;27;22;25m[38;2;222;217;220m▄[48;2;26;13;17m[38;2;185;65;84m▄[48;2;23;6;12m[38;2;179;59;78m▄[48;2;1;1;3m[38;2;1;1;3m  [48;2;1;1;1m[38;2;1;1;1m          [0m
[48;2;1;1;1m[38;2;1;1;1m            [48;2;1;1;3m[38;2;1;1;3m  [48;2;3;1;6m[38;2;3;1;6m          [48;2;1;1;1m[38;2;1;1;1m    [48;2;3;1;4m[38;2;3;1;4m  [48;2;32;30;33m[38;2;217;215;218m▄[48;2;233;231;234m[38;2;0;0;0m [48;2;250;250;252m[38;2;250;250;252m    [48;2;244;243;240m[38;2;0;0;0m [48;2;207;101;132m[38;2;250;240;242m▄[48;2;233;231;234m[38;2;0;0;0m [48;2;221;219;221m[38;2;25;24;26m▄[48;2;198;196;199m[38;2;14;13;15m▄[48;2;29;27;30m[38;2;1;0;2m▇[48;2;27;25;28m[38;2;0;0;0m [48;2;217;215;218m[38;2;10;9;11m▄[48;2;225;223;225m[38;2;13;12;14m▄[48;2;193;191;194m[38;2;11;10;12m▄[48;2;26;11;12m[38;2;0;0;0m [48;2;42;19;23m[38;2;191;53;95m▘[48;2;1;1;1m[38;2;1;1;1m            [0m
[48;2;1;1;1m[38;2;1;1;1m            [48;2;3;1;6m[38;2;3;1;6m        [48;2;1;1;1m[38;2;1;1;1m        [48;2;6;5;7m[38;2;0;0;0m [48;2;9;7;10m[38;2;98;96;99m▁[48;2;249;248;253m[38;2;148;147;152m▎[48;2;255;254;255m[38;2;235;234;239m│[48;2;250;250;252m[38;2;250;250;252m    [48;2;248;248;249m[38;2;231;231;233m╷[48;2;237;237;238m[38;2;0;0;0m [48;2;193;189;193m[38;2;19;14;18m▄[48;2;3;0;2m[38;2;16;11;15m▄[48;2;3;1;4m[38;2;3;1;4m  [48;2;3;1;6m[38;2;3;1;6m    [48;2;3;1;4m[38;2;3;1;4m  [48;2;1;1;1m[38;2;1;1;1m            [0m
[48;2;1;1;1m[38;2;1;1;1m            [48;2;1;1;3m[38;2;1;1;3m  [48;2;3;1;6m[38;2;3;1;6m    [48;2;1;1;3m[38;2;1;1;3m  [48;2;1;1;1m[38;2;1;1;1m  [48;2;1;1;3m[38;2;1;1;3m  [48;2;1;1;1m[38;2;1;1;1m    [48;2;1;0;2m[38;2;22;20;23m▄[48;2;244;242;245m[38;2;145;143;146m▎[48;2;250;250;252m[38;2;250;250;252m      [48;2;207;206;208m[38;2;243;242;244m▊[48;2;216;214;217m[38;2;38;37;39m▅[48;2;4;2;7m[38;2;4;2;7m  [48;2;3;1;6m[38;2;3;1;6m      [48;2;1;1;3m[38;2;1;1;3m  [48;2;1;1;1m[38;2;1;1;1m            [0m
[48;2;1;1;1m[38;2;1;1;1m              [48;2;2;0;3m[38;2;2;0;3m  [48;2;1;1;3m[38;2;1;1;3m  [48;2;1;1;1m[38;2;1;1;1m      [48;2;2;0;3m[38;2;2;0;3m  [48;2;3;1;4m[38;2;3;1;4m  [48;2;19;14;18m[38;2;131;126;130m▁[48;2;197;192;196m[38;2;68;63;67m▅[48;2;234;232;235m[38;2;94;92;95m▁[48;2;240;238;241m[38;2;115;113;116m▁[48;2;249;249;251m[38;2;249;249;251m  [48;2;250;250;251m[38;2;241;241;243m┗[48;2;216;216;218m[38;2;248;248;249m▊[48;2;208;206;209m[38;2;26;25;27m▅[48;2;12;11;13m[38;2;0;0;0m [48;2;3;1;4m[38;2;3;1;4m    [48;2;1;1;3m[38;2;1;1;3m  [48;2;3;1;6m[38;2;3;1;6m  [48;2;1;1;1m[38;2;1;1;1m              [0m
[48;2;1;1;1m[38;2;1;1;1m                [48;2;1;1;3m[38;2;1;1;3m  [48;2;1;1;1m[38;2;1;1;1m    [48;2;3;1;6m[38;2;3;1;6m    [48;2;5;4;6m[38;2;23;21;24m━[48;2;77;75;78m[38;2;216;214;217m┏[48;2;236;234;236m[38;2;0;0;0m [48;2;245;243;246m [48;2;38;36;39m[38;2;230;229;231m▅▅[48;2;241;241;243m[38;2;251;251;252m▄[48;2;250;250;251m[38;2;240;240;242m▃[48;2;212;208;211m[38;2;246;242;245m▊[48;2;216;211;215m[38;2;37;32;36m▅[48;2;4;2;5m[38;2;4;2;5m  [48;2;1;1;1m[38;2;1;1;1m                      [0m
[48;2;1;1;1m[38;2;1;1;1m                    [48;2;0;0;0m[38;2;0;0;0m  [48;2;1;1;3m[38;2;1;1;3m  [48;2;2;0;3m[38;2;2;0;3m  [48;2;13;11;14m[38;2;102;100;103m▂[48;2;239;237;240m[38;2;147;145;148m▎[48;2;250;250;252m[38;2;250;250;252m    [48;2;236;220;221m[38;2;242;248;243m▊[48;2;247;233;234m[38;2;212;91;126m▅[48;2;224;202;206m[38;2;191;78;112m▅[48;2;7;7;3m[38;2;59;26;33m▎[48;2;2;0;3m[38;2;2;0;3m  [48;2;1;1;3m[38;2;1;1;3m    [48;2;1;1;1m[38;2;1;1;1m                  [0m
[48;2;1;1;1m[38;2;1;1;1m                        [48;2;2;0;3m[38;2;2;0;3m  [48;2;239;237;240m[38;2;129;127;130m▎[48;2;254;252;254m[38;2;239;237;240m│[48;2;250;250;252m[38;2;250;250;252m    [48;2;246;246;245m[38;2;0;0;0m [48;2;209;97;133m[38;2;244;232;234m▅[48;2;201;89;125m[38;2;229;218;220m▅[48;2;5;5;1m[38;2;52;36;38m▎[48;2;3;1;6m[38;2;3;1;6m  [48;2;3;1;4m[38;2;3;1;4m  [48;2;3;1;6m[38;2;3;1;6m  [48;2;1;1;1m[38;2;1;1;1m                  [0m
[48;2;1;1;1m[38;2;1;1;1m                    [48;2;2;0;3m[38;2;2;0;3m  [48;2;1;1;1m[38;2;1;1;1m  [48;2;3;1;6m[38;2;3;1;6m  [48;2;239;237;240m[38;2;129;127;130m▎[48;2;254;252;254m[38;2;239;237;240m│[48;2;250;250;252m[38;2;250;250;252m      [48;2;200;195;201m[38;2;248;244;249m▊[48;2;31;27;32m[38;2;172;167;173m▁[48;2;2;2;4m[38;2;2;2;4m  [48;2;3;1;6m[38;2;3;1;6m  [48;2;2;0;3m[38;2;2;0;3m  [48;2;1;1;1m[38;2;1;1;1m                  [0m
[48;2;1;1;1m[38;2;1;1;1m                  [48;2;1;1;3m[38;2;1;1;3m  [48;2;2;0;3m[38;2;2;0;3m  [48;2;1;1;3m[38;2;1;1;3m  [48;2;3;1;6m[38;2;3;1;6m  [48;2;180;179;181m[38;2;19;18;20m▅[48;2;241;239;242m[38;2;173;171;173m▎[48;2;250;250;252m[38;2;250;250;252m      [48;2;240;240;242m[38;2;252;252;253m┃[48;2;205;205;207m[38;2;248;248;250m▊[48;2;27;25;28m[38;2;205;203;206m▁[48;2;1;0;2m[38;2;13;11;14m▁[48;2;3;1;6m[38;2;3;1;6m  [48;2;1;1;3m[38;2;1;1;3m  [48;2;1;1;1m[38;2;1;1;1m                  [0m
[48;2;1;1;1m[38;2;1;1;1m                  [48;2;2;0;3m[38;2;2;0;3m    [48;2;3;1;6m[38;2;3;1;6m    [48;2;29;27;30m[38;2;5;4;6m▊[48;2;208;206;209m[38;2;73;71;74m▂[48;2;248;248;249m[38;2;228;228;230m▃[48;2;252;252;253m[38;2;0;0;0m [48;2;250;250;252m[38;2;250;250;252m      [48;2;175;173;176m[38;2;246;245;247m▊[48;2;6;4;7m[38;2;52;50;53m▎[48;2;2;0;3m[38;2;2;0;3m  [48;2;1;1;1m[38;2;1;1;1m                    [0m
[48;2;4;2;10m[38;2;23;2;126m▂▂▂▂▂▂▂▂▂▂▂▂▂▂▂▂▂▂[48;2;5;3;12m[38;2;24;2;129m▂▂[48;2;4;2;10m[38;2;23;2;126m▂▂[48;2;5;3;12m[38;2;24;2;129m▂▂▂▂▂▂[48;2;211;209;213m[38;2;78;62;160m▂[48;2;245;242;243m[38;2;0;0;0m [48;2;250;250;252m[38;2;250;250;252m      [48;2;177;172;188m[38;2;248;245;245m▊[48;2;19;16;25m[38;2;19;10;102m▂[48;2;5;3;12m[38;2;24;2;129m▂▂[48;2;4;2;10m[38;2;23;2;126m▂▂▂▂▂▂▂▂▂▂▂▂▂▂▂▂▂▂▂▂[0m
[48;2;38;3;183m[38;2;38;3;183m                            [48;2;70;45;173m[38;2;33;3;183m▊[48;2;248;244;246m[38;2;187;174;230m▎[48;2;250;250;252m[38;2;250;250;252m      [48;2;172;161;219m[38;2;248;246;248m▊[48;2;36;11;172m[38;2;45;12;203m│[48;2;38;3;183m[38;2;38;3;183m                      [0m
[48;2;38;3;183m[38;2;38;3;183m                            [48;2;59;38;182m[38;2;211;207;229m▆[48;2;243;242;245m[38;2;0;0;0m [48;2;250;250;252m[38;2;250;250;252m    [38;2;254;254;255m▌[48;2;239;239;241m[38;2;243;243;245m▌[48;2;213;205;229m[38;2;60;30;189m▆[48;2;40;11;187m[38;2;32;5;158m▖[48;2;38;3;183m[38;2;38;3;183m                      [0m
[48;2;38;3;185m[38;2;38;3;185m                          [48;2;39;8;180m[38;2;32;8;170m▗[48;2;57;31;187m[38;2;208;198;231m▆[48;2;244;243;248m[38;2;231;230;235m▘[48;2;253;252;254m[38;2;246;245;250m▃[48;2;250;250;252m[38;2;250;250;252m    [48;2;213;205;243m[38;2;248;247;247m▊[48;2;209;203;225m[38;2;52;27;177m▆[48;2;39;4;184m[38;2;39;4;184m  [48;2;38;3;185m[38;2;38;3;185m                      [0m
[48;2;38;3;185m[38;2;38;3;185m                          [48;2;56;38;174m[38;2;201;197;218m▆[48;2;243;241;243m[38;2;0;0;0m [48;2;250;250;252m[38;2;250;250;252m    [48;2;253;253;254m[38;2;245;245;247m┃[48;2;237;237;239m[38;2;255;255;255m▌[48;2;200;188;224m[38;2;54;24;183m▆[48;2;43;10;195m[38;2;38;8;173m▌[48;2;38;3;185m[38;2;38;3;185m                        [0m
[48;2;38;3;185m[38;2;38;3;185m                        [48;2;34;4;177m[38;2;48;13;205m▎[48;2;52;23;185m[38;2;196;183;224m▂[48;2;238;235;248m[38;2;171;167;194m▎[48;2;243;245;234m[38;2;250;250;249m▊[48;2;244;214;213m[38;2;219;90;121m▆[48;2;239;222;216m[38;2;196;78;105m▂[48;2;248;248;250m[38;2;248;248;250m  [48;2;227;222;237m[38;2;65;38;195m▂[48;2;210;205;223m[38;2;47;22;178m▆[48;2;39;4;184m[38;2;39;4;184m  [48;2;38;3;185m[38;2;38;3;185m                        [0m
[48;2;38;3;185m[38;2;38;3;185m                      [48;2;36;0;187m[38;2;36;4;163m▗[48;2;36;3;167m[38;2;36;24;62m▂[48;2;51;21;140m[38;2;20;6;28m▆[48;2;190;161;202m[38;2;166;63;80m▆[48;2;237;214;204m[38;2;215;74;104m▆▆[48;2;218;76;102m[38;2;218;76;102m  [48;2;198;166;175m[38;2;98;39;57m▆[48;2;164;177;171m[38;2;25;13;15m▆[48;2;37;14;141m[38;2;6;4;12m▆▆[48;2;36;13;142m[38;2;5;3;13m▆▆[48;2;44;11;175m[38;2;22;6;70m▃[48;2;36;2;182m[38;2;33;2;155m▖[48;2;38;3;185m[38;2;38;3;185m                      [0m
[48;2;38;3;185m[38;2;38;3;185m                      [48;2;37;2;182m[38;2;37;4;170m▝[48;2;37;16;107m[38;2;37;3;176m▆[48;2;16;7;40m[38;2;41;12;193m▂[48;2;132;46;65m[38;2;24;8;76m▆[48;2;167;48;81m[38;2;24;10;81m▆▆[48;2;160;41;74m[38;2;25;10;81m▆▆[48;2;135;45;72m[38;2;26;7;81m▆[48;2;19;10;28m[38;2;44;13;181m▂[48;2;8;3;24m[38;2;39;10;180m▂▂[48;2;8;6;12m[38;2;31;5;151m▃▃[48;2;37;24;67m[38;2;37;3;171m▆[48;2;37;0;191m[38;2;37;4;168m▘[48;2;38;3;185m[38;2;38;3;185m                      [0m
[48;2;40;2;185m[38;2;40;2;185m                                                            [0m
[48;2;40;2;185m[38;2;40;2;185m                                                            [0m
