[48;2;1;1;1m[38;2;1;1;1m                                                            [0m
[48;2;1;1;1m[38;2;1;1;1m                                                            [0m
[48;2;1;1;1m[38;2;1;1;1m                                                            [0m
[48;2;1;1;1m[38;2;1;1;1m                                                            [0m
[48;2;1;1;1m[38;2;1;1;1m                            [48;2;1;1;3m[38;2;1;1;3m  [48;2;1;1;1m[38;2;1;1;1m                              [0m
[48;2;1;1;1m[38;2;1;1;1m                        [48;2;1;1;3m[38;2;1;1;3m    [48;2;3;1;6m[38;2;3;1;6m  [48;2;2;0;3m[38;2;2;0;3m  [48;2;1;1;1m[38;2;1;1;1m  [48;2;4;2;5m[38;2;4;2;5m  [48;2;3;3;3m[38;2;3;3;3m  [48;2;2;2;2m[38;2;2;2;2m  [48;2;1;1;1m[38;2;1;1;1m                    [0m
[48;2;1;1;1m[38;2;1;1;1m                        [48;2;3;1;6m[38;2;3;1;6m      [48;2;1;1;3m[38;2;1;1;3m  [48;2;7;5;8m[38;2;1;0;2m▅[48;2;8;6;9m[38;2;21;19;22m▗[48;2;34;29;33m[38;2;213;208;212m▄[48;2;162;157;161m[38;2;240;236;239m▇[48;2;167;165;168m[38;2;247;245;248m▇▇[48;2;159;154;158m[38;2;236;232;235m▇[48;2;19;15;18m[38;2;196;191;195m▄[48;2;3;3;5m[38;2;3;3;5m  [48;2;1;1;1m[38;2;1;1;1m                  [0m
[48;2;1;1;1m[38;2;1;1;1m                        [48;2;1;1;3m[38;2;1;1;3m  [48;2;3;1;6m[38;2;3;1;6m  [48;2;1;1;3m[38;2;1;1;3m    [48;2;1;0;4m[38;2;6;4;9m│[48;2;65;63;68m[38;2;7;6;10m▊[48;2;255;255;255m[38;2;236;236;238m▌[48;2;252;252;253m[38;2;244;244;246m┃[48;2;246;239;239m[38;2;0;0;0m [48;2;234;227;226m[38;2;190;81;114m▄[48;2;186;73;107m[38;2;20;14;11m▄[48;2;12;9;7m[38;2;68;36;42m▘[48;2;3;1;6m[38;2;3;1;6m  [48;2;1;1;3m[38;2;1;1;3m  [48;2;1;1;1m[38;2;1;1;1m                [0m
[48;2;1;1;1m[38;2;1;1;1m                    [48;2;2;2;4m[38;2;2;2;4m  [48;2;3;1;6m[38;2;3;1;6m    [48;2;1;1;3m[38;2;1;1;3m      [48;2;10;8;11m[38;2;50;48;51m▁[48;2;31;29;32m[38;2;213;211;214m▄[48;2;247;247;249m[38;2;247;247;249m  [48;2;226;185;193m[38;2;246;247;250m▊[48;2;218;97;117m[38;2;211;61;90m┃[48;2;163;47;64m[38;2;203;87;105m▇[48;2;30;18;23m[38;2;225;214;219m▄[48;2;19;17;20m[38;2;232;230;233m▄▄▄▄[48;2;14;12;13m[38;2;199;197;198m▄[38;2;0;0;0m [48;2;4;2;3m[38;2;4;2;3m  [48;2;1;1;1m[38;2;1;1;1m            [0m
[48;2;1;1;1m[38;2;1;1;1m                [48;2;2;0;3m[38;2;2;0;3m  [48;2;3;1;4m[38;2;3;1;4m  [48;2;3;1;6m[38;2;3;1;6m    [48;2;1;1;3m[38;2;1;1;3m  [48;2;1;1;1m[38;2;1;1;1m    [48;2;1;0;2m[38;2;8;6;9m▄[48;2;30;28;31m[38;2;216;214;217m▄[48;2;226;226;228m[38;2;248;248;249m▄[48;2;250;250;252m[38;2;243;243;245m▘[38;2;250;250;252m  [48;2;230;190;198m[38;2;253;248;252m▊[48;2;214;106;122m[38;2;205;72;95m┃[48;2;205;102;132m[38;2;245;236;236m▄[48;2;245;238;237m[38;2;174;168;166m▁[48;2;233;231;234m[38;2;163;161;164m▁[48;2;231;230;232m[38;2;27;25;28m▄[48;2;237;236;238m[38;2;45;43;46m▄[48;2;244;242;244m[38;2;175;173;176m▁[48;2;249;243;246m[38;2;175;166;169m▁[48;2;155;146;149m[38;2;230;222;225m▊[48;2;184;54;82m[38;2;46;18;15m▄[48;2;106;33;42m[38;2;194;66;93m▊[48;2;1;1;3m[38;2;1;1;3m  [48;2;1;1;1m[38;2;1;1;1m          [0m
[48;2;1;1;1m[38;2;1;1;1m            [48;2;1;1;3m[38;2;1;1;3m  [48;2;3;1;6m[38;2;3;1;6m          [48;2;1;1;1m[38;2;1;1;1m    [48;2;3;1;4m[38;2;3;1;4m  [48;2;247;245;248m[38;2;146;144;147m▎[48;2;255;253;255m[38;2;255;254;255m│[48;2;250;250;252m[38;2;250;250;252m    [48;2;249;249;251m[38;2;249;249;251m  [48;2;227;223;226m[38;2;146;141;145m▁[48;2;12;8;11m[38;2;48;43;47m▎[48;2;4;2;5m[38;2;4;2;5m  [48;2;3;3;5m[38;2;3;3;5m  [48;2;13;11;14m[38;2;3;1;4m▅▅[48;2;3;1;4m  [48;2;1;1;1m[38;2;1;1;1m            [0m
[48;2;1;1;1m[38;2;1;1;1m            [48;2;3;1;6m[38;2;3;1;6m        [48;2;1;1;1m[38;2;1;1;1m        [48;2;27;25;28m[38;2;1;0;2m▊[48;2;44;42;45m[38;2;207;206;208m▄[48;2;238;238;239m[38;2;0;0;0m [48;2;249;249;250m[38;2;232;232;234m╵[48;2;250;250;252m[38;2;250;250;252m    [48;2;247;245;247m[38;2;229;227;230m╸[48;2;213;211;214m[38;2;0;0;0m [48;2;4;3;5m[38;2;21;19;22m▌[48;2;8;6;9m[38;2;1;0;2m▊[48;2;3;1;4m[38;2;3;1;4m  [48;2;3;1;6m[38;2;3;1;6m    [48;2;3;1;4m[38;2;3;1;4m  [48;2;1;1;1m[38;2;1;1;1m            [0m
[48;2;1;1;1m[38;2;1;1;1m            [48;2;1;1;3m[38;2;1;1;3m  [48;2;3;1;6m[38;2;3;1;6m    [48;2;1;1;3m[38;2;1;1;3m  [48;2;1;1;1m[38;2;1;1;1m  [48;2;1;1;3m[38;2;1;1;3m  [48;2;1;1;1m[38;2;1;1;1m    [48;2;23;21;24m[38;2;1;0;2m▊[48;2;226;224;227m[38;2;135;133;136m▎[48;2;249;249;251m[38;2;249;249;251m  [48;2;250;250;252m[38;2;250;250;252m  [48;2;249;249;251m[38;2;249;249;251m  [48;2;224;220;223m[38;2;125;120;124m▁[48;2;8;3;7m[38;2;3;0;2m│[48;2;3;1;6m[38;2;3;1;6m        [48;2;1;1;3m[38;2;1;1;3m  [48;2;1;1;1m[38;2;1;1;1m            [0m
[48;2;1;1;1m[38;2;1;1;1m              [48;2;2;0;3m[38;2;2;0;3m  [48;2;1;1;3m[38;2;1;1;3m  [48;2;1;1;1m[38;2;1;1;1m      [48;2;2;0;3m[38;2;2;0;3m  [48;2;1;0;2m[38;2;21;19;22m [48;2;13;11;14m[38;2;124;122;125m▁[48;2;42;38;41m[38;2;225;221;224m▄[48;2;26;21;25m[38;2;222;218;222m▅[48;2;215;210;213m[38;2;82;76;80m▅[48;2;235;229;233m[38;2;71;65;69m▅[48;2;249;249;251m[38;2;231;231;233m▌[38;2;255;255;255m▌[48;2;255;255;255m[38;2;250;250;252m▄[48;2;186;186;188m[38;2;244;244;246m▊[48;2;1;0;2m[38;2;35;33;36m▎[38;2;8;6;9m┃[48;2;3;1;4m[38;2;3;1;4m    [48;2;1;1;3m[38;2;1;1;3m  [48;2;3;1;6m[38;2;3;1;6m  [48;2;1;1;1m[38;2;1;1;1m              [0m
[48;2;1;1;1m[38;2;1;1;1m                [48;2;1;1;3m[38;2;1;1;3m  [48;2;1;1;1m[38;2;1;1;1m    [48;2;3;1;6m[38;2;3;1;6m    [48;2;12;10;13m[38;2;101;99;102m▂[48;2;238;236;239m[38;2;146;144;147m▎[48;2;250;250;252m[38;2;250;250;252m  [48;2;249;249;251m[38;2;249;249;251m  [48;2;250;250;252m[38;2;250;250;252m  [48;2;212;208;211m[38;2;246;242;245m▊[48;2;216;211;215m[38;2;37;32;36m▅[48;2;4;2;5m[38;2;4;2;5m  [48;2;1;1;1m[38;2;1;1;1m                      [0m
[48;2;1;1;1m[38;2;1;1;1m                    [48;2;0;0;0m[38;2;0;0;0m  [48;2;1;1;3m[38;2;1;1;3m  [48;2;2;0;3m[38;2;2;0;3m  [48;2;239;237;240m[38;2;129;127;130m▎[48;2;254;252;254m[38;2;239;237;240m│[48;2;250;250;252m[38;2;250;250;252m  [48;2;249;249;251m[38;2;249;249;251m  [48;2;251;241;234m[38;2;209;118;137m▅[48;2;244;232;224m[38;2;207;76;108m▅[48;2;211;206;210m[38;2;75;69;73m▅[48;2;4;0;2m[38;2;5;0;3m▄[48;2;2;0;3m[38;2;2;0;3m  [48;2;1;1;3m[38;2;1;1;3m    [48;2;1;1;1m[38;2;1;1;1m                  [0m
[48;2;1;1;1m[38;2;1;1;1m                        [48;2;2;0;3m[38;2;2;0;3m  [48;2;239;237;240m[38;2;129;127;130m▎[48;2;254;252;254m[38;2;239;237;240m│[48;2;250;250;252m[38;2;250;250;252m    [48;2;241;243;241m[38;2;0;0;0m [48;2;215;105;140m[38;2;248;239;240m▅[48;2;187;182;186m[38;2;246;241;245m▊[48;2;3;0;2m[38;2;63;58;62m▎[48;2;3;1;6m[38;2;3;1;6m  [48;2;3;1;4m[38;2;3;1;4m  [48;2;3;1;6m[38;2;3;1;6m  [48;2;1;1;1m[38;2;1;1;1m                  [0m
[48;2;1;1;1m[38;2;1;1;1m                    [48;2;2;0;3m[38;2;2;0;3m  [48;2;1;1;1m[38;2;1;1;1m  [48;2;3;1;6m[38;2;3;1;6m  [48;2;239;237;240m[38;2;129;127;130m▎[48;2;254;252;254m[38;2;239;237;240m│[48;2;250;250;252m[38;2;250;250;252m      [48;2;240;239;241m[38;2;0;0;0m [48;2;46;44;47m[38;2;220;219;221m▅[48;2;7;7;9m[38;2;12;12;14m▌[48;2;0;0;2m[38;2;2;2;4m▎[48;2;3;1;6m[38;2;3;1;6m  [48;2;2;0;3m[38;2;2;0;3m  [48;2;1;1;1m[38;2;1;1;1m                  [0m
[48;2;1;1;1m[38;2;1;1;1m                  [48;2;1;1;3m[38;2;1;1;3m  [48;2;2;0;3m[38;2;2;0;3m  [48;2;1;1;3m[38;2;1;1;3m  [48;2;11;6;12m[38;2;0;0;0m [48;2;18;13;19m[38;2;158;153;159m▁[48;2;244;243;245m[38;2;141;139;142m▎[48;2;250;249;251m[38;2;236;234;237m│[48;2;250;250;252m[38;2;250;250;252m      [48;2;253;253;254m[38;2;246;246;248m▃[48;2;244;244;246m[38;2;231;231;233m▝[48;2;46;44;47m[38;2;217;215;218m▅[48;2;1;0;2m[38;2;58;56;59m▎[48;2;3;1;6m[38;2;3;1;6m  [48;2;1;1;3m[38;2;1;1;3m  [48;2;1;1;1m[38;2;1;1;1m                  [0m
[48;2;1;1;1m[38;2;1;1;1m                  [48;2;2;0;3m[38;2;2;0;3m    [48;2;3;1;6m[38;2;3;1;6m  [48;2;24;22;27m[38;2;1;0;4m▊[48;2;239;237;241m[38;2;110;108;113m▎[48;2;250;250;252m[38;2;250;250;252m          [48;2;175;173;176m[38;2;246;245;247m▊[48;2;6;4;7m[38;2;52;50;53m▎[48;2;2;0;3m[38;2;2;0;3m  [48;2;1;1;1m[38;2;1;1;1m                    [0m
[48;2;4;2;10m[38;2;23;2;126m▂▂▂▂▂▂▂▂▂▂▂▂▂▂▂▂▂▂[48;2;5;3;12m[38;2;24;2;129m▂▂[48;2;4;2;10m[38;2;23;2;126m▂▂[48;2;5;3;12m[38;2;24;2;129m▂▂[48;2;10;8;15m[38;2;28;8;129m▂[48;2;236;233;238m[38;2;100;95;116m▎[48;2;250;250;252m[38;2;250;250;252m        [48;2;249;249;251m[38;2;249;249;251m  [48;2;212;208;223m[38;2;51;22;192m▁[48;2;19;16;32m[38;2;34;9;175m▁[48;2;5;3;12m[38;2;24;2;129m▂▂[48;2;4;2;10m[38;2;23;2;126m▂▂▂▂▂▂▂▂▂▂▂▂▂▂▂▂▂▂▂▂[0m
[48;2;38;3;183m[38;2;38;3;183m                        [48;2;38;13;183m[38;2;184;171;222m▂[48;2;240;239;238m[38;2;133;120;192m▎[48;2;250;250;252m[38;2;250;250;252m        [48;2;242;241;246m[38;2;0;0;0m [48;2;236;236;236m[38;2;81;61;186m▂[48;2;30;0;171m[38;2;61;27;202m▌[48;2;36;2;177m[38;2;44;10;185m┃[48;2;38;3;183m[38;2;38;3;183m                      [0m
[48;2;38;3;183m[38;2;38;3;183m                      [48;2;39;4;184m[38;2;39;4;184m  [48;2;243;242;247m[38;2;151;150;158m▎[48;2;251;250;255m[38;2;243;242;250m┃[48;2;250;250;252m[38;2;250;250;252m  [48;2;245;244;248m[38;2;0;0;0m [48;2;242;240;244m[38;2;101;86;177m▂[48;2;251;251;252m[38;2;241;241;243m▃[48;2;241;241;243m[38;2;251;251;252m▅[48;2;249;249;251m[38;2;249;249;251m  [48;2;230;224;238m[38;2;76;52;173m▂[48;2;36;5;186m[38;2;63;37;175m▎[48;2;38;3;183m[38;2;38;3;183m                        [0m
[48;2;38;3;185m[38;2;38;3;185m                      [48;2;39;4;186m[38;2;39;4;186m  [48;2;242;241;247m[38;2;150;149;157m▎[48;2;255;254;255m[38;2;244;243;251m▊[48;2;250;250;252m[38;2;250;250;252m  [48;2;235;230;233m[38;2;75;55;179m▂[48;2;70;40;181m[38;2;170;76;123m▂[48;2;245;244;248m[38;2;187;186;191m▎[48;2;255;254;255m[38;2;251;250;255m▄[48;2;245;243;249m[38;2;0;0;0m [48;2;227;226;228m[38;2;71;54;178m▂[48;2;29;0;170m[38;2;60;26;201m▌[48;2;35;1;176m[38;2;43;9;184m┃[48;2;38;3;185m[38;2;38;3;185m                        [0m
[48;2;38;3;185m[38;2;38;3;185m                      [48;2;35;3;186m[38;2;33;4;159m▎[48;2;68;45;175m[38;2;195;183;226m▆[48;2;237;236;240m[38;2;0;0;0m [48;2;248;247;252m[38;2;255;254;255m▌[48;2;250;250;252m[38;2;250;250;252m  [48;2;137;68;137m[38;2;137;68;137m▄[48;2;203;71;106m[38;2;0;0;0m [48;2;232;204;217m[38;2;206;82;106m▆[48;2;247;225;228m[38;2;208;84;98m▂[48;2;229;224;236m[38;2;54;33;166m▂[48;2;39;6;191m[38;2;73;47;187m▎[48;2;38;3;185m[38;2;38;3;185m                          [0m
[48;2;38;3;185m[38;2;38;3;185m                      [48;2;36;7;180m[38;2;0;0;0m [48;2;110;87;201m[38;2;226;218;241m┗[48;2;249;248;251m[38;2;211;210;215m▖[48;2;250;249;252m[38;2;0;0;0m [48;2;245;244;249m [48;2;231;230;233m[38;2;89;69;196m▂[48;2;41;11;177m[38;2;102;72;212m▎[48;2;100;34;149m[38;2;199;77;96m┗[48;2;176;57;113m[38;2;213;69;91m▊[48;2;179;65;115m[38;2;50;19;169m▆[48;2;39;4;184m[38;2;39;4;184m  [48;2;38;3;185m[38;2;38;3;185m                          [0m
[48;2;38;3;185m[38;2;38;3;185m                      [48;2;36;0;187m[38;2;36;4;163m▗[48;2;36;3;167m[38;2;36;24;62m▂[48;2;197;185;203m[38;2;184;59;93m▆[48;2;227;205;214m[38;2;214;78;105m▆[48;2;223;196;210m[38;2;219;79;99m▆[48;2;95;55;153m[38;2;216;76;99m▆[48;2;30;15;72m[38;2;187;68;94m▃[48;2;36;12;63m[38;2;208;66;96m▂[48;2;190;67;99m[38;2;53;29;34m▃[48;2;137;50;109m[38;2;101;32;52m▄[48;2;40;15;142m[38;2;9;4;13m▆▆[48;2;36;13;142m[38;2;5;3;13m▆▆[48;2;44;11;175m[38;2;22;6;70m▃[48;2;36;2;182m[38;2;33;2;155m▖[48;2;38;3;185m[38;2;38;3;185m                      [0m
[48;2;38;3;185m[38;2;38;3;185m                      [48;2;37;2;182m[38;2;37;4;170m▝[48;2;37;16;107m[38;2;37;3;176m▆[48;2;62;27;53m[38;2;36;2;174m▂[48;2;61;24;50m[38;2;50;7;188m▂[48;2;167;48;81m[38;2;24;10;81m▆▆[48;2;160;41;74m[38;2;25;10;81m▆▆[48;2;9;4;24m[38;2;40;11;181m▂▂[48;2;8;3;24m[38;2;39;10;180m▂▂[48;2;8;6;12m[38;2;31;5;151m▃▃[48;2;37;24;67m[38;2;37;3;171m▆[48;2;37;0;191m[38;2;37;4;168m▘[48;2;38;3;185m[38;2;38;3;185m                      [0m
[48;2;40;2;185m[38;2;40;2;185m                                                            [0m
[48;2;40;2;185m[38;2;40;2;185m                                                            [0m
