[48;2;1;1;1m[38;2;1;1;1m                                                            [0m
[48;2;1;1;1m[38;2;1;1;1m                                                            [0m
[48;2;1;1;1m[38;2;1;1;1m                                                            [0m
[48;2;1;1;1m[38;2;1;1;1m                                                            [0m
[48;2;1;1;1m[38;2;1;1;1m                            [48;2;1;1;3m[38;2;1;1;3m  [48;2;1;1;1m[38;2;1;1;1m                              [0m
[48;2;1;1;1m[38;2;1;1;1m                        [48;2;1;1;3m[38;2;1;1;3m    [48;2;3;1;6m[38;2;3;1;6m  [48;2;2;0;3m[38;2;2;0;3m  [48;2;1;1;1m[38;2;1;1;1m  [48;2;4;2;5m[38;2;4;2;5m  [48;2;3;3;3m[38;2;3;3;3m  [48;2;2;2;2m[38;2;2;2;2m  [48;2;1;1;1m[38;2;1;1;1m                    [0m
[48;2;1;1;1m[38;2;1;1;1m                        [48;2;3;1;6m[38;2;3;1;6m      [48;2;1;1;3m[38;2;1;1;3m  [48;2;7;5;8m[38;2;1;0;2m▅[48;2;8;6;9m[38;2;21;19;22m▗[48;2;34;29;33m[38;2;213;208;212m▄[48;2;162;157;161m[38;2;240;236;239m▇[48;2;167;165;168m[38;2;247;245;248m▇▇[48;2;159;154;158m[38;2;236;232;235m▇[48;2;19;15;18m[38;2;196;191;195m▄[48;2;3;3;5m[38;2;3;3;5m  [48;2;1;1;1m[38;2;1;1;1m                  [0m
[48;2;1;1;1m[38;2;1;1;1m                        [48;2;1;1;3m[38;2;1;1;3m  [48;2;3;1;6m[38;2;3;1;6m  [48;2;1;1;3m[38;2;1;1;3m    [48;2;1;0;4m[38;2;6;4;9m│[48;2;65;63;68m[38;2;7;6;10m▊[48;2;255;255;255m[38;2;236;236;238m▌[48;2;252;252;253m[38;2;244;244;246m┃[48;2;246;239;239m[38;2;0;0;0m [48;2;234;227;226m[38;2;190;81;114m▄[48;2;186;73;107m[38;2;20;14;11m▄[48;2;12;9;7m[38;2;68;36;42m▘[48;2;3;1;6m[38;2;3;1;6m  [48;2;1;1;3m[38;2;1;1;3m  [48;2;1;1;1m[38;2;1;1;1m                [0m
[48;2;1;1;1m[38;2;1;1;1m                    [48;2;2;2;4m[38;2;2;2;4m  [48;2;3;1;6m[38;2;3;1;6m    [48;2;1;1;3m[38;2;1;1;3m      [48;2;10;8;11m[38;2;50;48;51m▁[48;2;31;29;32m[38;2;213;211;214m▄[48;2;247;247;249m[38;2;247;247;249m  [48;2;226;185;193m[38;2;246;247;250m▊[48;2;218;97;117m[38;2;211;61;90m┃[48;2;163;47;64m[38;2;203;87;105m▇[48;2;30;18;23m[38;2;225;214;219m▄[48;2;19;17;20m[38;2;232;230;233m▄▄▄▄[48;2;14;12;13m[38;2;199;197;198m▄[38;2;0;0;0m [48;2;4;2;3m[38;2;4;2;3m  [48;2;1;1;1m[38;2;1;1;1m            [0m
[48;2;1;1;1m[38;2;1;1;1m                [48;2;2;0;3m[38;2;2;0;3m  [48;2;3;1;4m[38;2;3;1;4m  [48;2;3;1;6m[38;2;3;1;6m    [48;2;1;1;3m[38;2;1;1;3m  [48;2;1;1;1m[38;2;1;1;1m    [48;2;10;9;11m[38;2;0;0;0m [48;2;31;29;32m[38;2;207;205;207m▄[48;2;226;226;228m[38;2;248;248;249m▄[48;2;250;250;252m[38;2;243;243;245m▘[38;2;250;250;252m  [48;2;230;190;198m[38;2;253;248;252m▊[48;2;214;106;122m[38;2;205;72;95m┃[48;2;205;102;132m[38;2;245;236;236m▄[48;2;245;238;237m[38;2;174;168;166m▁[48;2;233;231;234m[38;2;163;161;164m▁[48;2;231;230;232m[38;2;27;25;28m▄[48;2;237;236;238m[38;2;45;43;46m▄[48;2;244;242;244m[38;2;175;173;176m▁[48;2;249;243;246m[38;2;175;166;169m▁[48;2;155;146;149m[38;2;230;222;225m▊[48;2;184;54;82m[38;2;46;18;15m▄[48;2;106;33;42m[38;2;194;66;93m▊[48;2;1;1;3m[38;2;1;1;3m  [48;2;1;1;1m[38;2;1;1;1m          [0m
[48;2;1;1;1m[38;2;1;1;1m            [48;2;1;1;3m[38;2;1;1;3m  [48;2;3;1;6m[38;2;3;1;6m          [48;2;1;1;1m[38;2;1;1;1m    [48;2;3;1;4m[38;2;3;1;4m  [48;2;33;31;34m[38;2;209;207;210m▄[48;2;239;237;240m[38;2;0;0;0m [48;2;250;250;252m[38;2;250;250;252m    [48;2;249;249;251m[38;2;249;249;251m  [48;2;176;171;175m[38;2;247;243;246m▊[48;2;7;3;6m[38;2;53;48;52m▎[48;2;4;2;5m[38;2;4;2;5m  [48;2;3;3;5m[38;2;3;3;5m  [48;2;13;11;14m[38;2;3;1;4m▅▅[48;2;3;1;4m  [48;2;1;1;1m[38;2;1;1;1m            [0m
[48;2;1;1;1m[38;2;1;1;1m            [48;2;3;1;6m[38;2;3;1;6m        [48;2;1;1;1m[38;2;1;1;1m        [48;2;6;5;7m[38;2;0;0;0m [48;2;9;7;10m[38;2;98;96;99m▁[48;2;245;244;249m[38;2;255;254;255m│[48;2;252;251;254m[38;2;240;239;244m┃[48;2;250;250;252m[38;2;250;250;252m    [48;2;248;248;249m[38;2;231;231;233m╷[48;2;237;237;238m[38;2;0;0;0m [48;2;193;189;193m[38;2;19;14;18m▄[48;2;3;0;2m[38;2;16;11;15m▄[48;2;3;1;4m[38;2;3;1;4m  [48;2;3;1;6m[38;2;3;1;6m    [48;2;3;1;4m[38;2;3;1;4m  [48;2;1;1;1m[38;2;1;1;1m            [0m
[48;2;1;1;1m[38;2;1;1;1m            [48;2;1;1;3m[38;2;1;1;3m  [48;2;3;1;6m[38;2;3;1;6m    [48;2;1;1;3m[38;2;1;1;3m  [48;2;1;1;1m[38;2;1;1;1m  [48;2;1;1;3m[38;2;1;1;3m  [48;2;1;1;1m[38;2;1;1;1m    [48;2;22;20;23m[38;2;1;0;2m▊[48;2;225;224;226m[38;2;134;132;135m▎[48;2;249;249;251m[38;2;249;249;251m  [48;2;250;250;252m[38;2;250;250;252m  [48;2;249;249;251m[38;2;249;249;251m  [48;2;237;236;238m[38;2;102;100;103m▁[48;2;215;213;216m[38;2;36;34;37m▅[48;2;4;2;7m[38;2;4;2;7m  [48;2;3;1;6m[38;2;3;1;6m      [48;2;1;1;3m[38;2;1;1;3m  [48;2;1;1;1m[38;2;1;1;1m            [0m
[48;2;1;1;1m[38;2;1;1;1m              [48;2;2;0;3m[38;2;2;0;3m  [48;2;1;1;3m[38;2;1;1;3m  [48;2;1;1;1m[38;2;1;1;1m      [48;2;2;0;3m[38;2;2;0;3m  [48;2;1;0;2m[38;2;21;19;22m [48;2;13;11;14m[38;2;124;122;125m▁[48;2;42;38;41m[38;2;225;221;224m▄[48;2;26;21;25m[38;2;222;218;222m▅[48;2;215;210;213m[38;2;82;76;80m▅[48;2;235;229;233m[38;2;71;65;69m▅[48;2;249;249;251m[38;2;231;231;233m▌[38;2;255;255;255m▌[48;2;255;255;255m[38;2;250;250;252m▄[48;2;186;186;188m[38;2;244;244;246m▊[48;2;1;0;2m[38;2;35;33;36m▎[38;2;8;6;9m┃[48;2;3;1;4m[38;2;3;1;4m    [48;2;1;1;3m[38;2;1;1;3m  [48;2;3;1;6m[38;2;3;1;6m  [48;2;1;1;1m[38;2;1;1;1m              [0m
[48;2;1;1;1m[38;2;1;1;1m                [48;2;1;1;3m[38;2;1;1;3m  [48;2;1;1;1m[38;2;1;1;1m    [48;2;3;1;6m[38;2;3;1;6m    [48;2;24;23;25m[38;2;193;191;194m▅[48;2;235;233;235m[38;2;0;0;0m [48;2;250;250;252m[38;2;250;250;252m  [48;2;249;249;251m[38;2;249;249;251m  [48;2;250;250;252m[38;2;250;250;252m  [48;2;212;208;211m[38;2;246;242;245m▊[48;2;216;211;215m[38;2;37;32;36m▅[48;2;4;2;5m[38;2;4;2;5m  [48;2;1;1;1m[38;2;1;1;1m                      [0m
[48;2;1;1;1m[38;2;1;1;1m                    [48;2;0;0;0m[38;2;0;0;0m  [48;2;1;1;3m[38;2;1;1;3m  [48;2;2;0;3m[38;2;2;0;3m  [48;2;239;237;240m[38;2;129;127;130m▎[48;2;254;252;254m[38;2;239;237;240m│[48;2;250;250;252m[38;2;250;250;252m  [48;2;249;249;251m[38;2;249;249;251m  [48;2;251;241;234m[38;2;209;118;137m▅[48;2;244;232;224m[38;2;207;76;108m▅[48;2;211;206;210m[38;2;75;69;73m▅[48;2;4;0;2m[38;2;5;0;3m▄[48;2;2;0;3m[38;2;2;0;3m  [48;2;1;1;3m[38;2;1;1;3m    [48;2;1;1;1m[38;2;1;1;1m                  [0m
[48;2;1;1;1m[38;2;1;1;1m                        [48;2;4;3;5m[38;2;19;17;20m┗[48;2;73;71;74m[38;2;215;213;216m┏[48;2;251;251;252m[38;2;193;193;195m▘[48;2;246;246;247m[38;2;244;244;246m▄[48;2;250;250;252m[38;2;250;250;252m    [48;2;241;243;241m[38;2;0;0;0m [48;2;215;105;140m[38;2;248;239;240m▅[48;2;199;194;198m[38;2;245;241;245m▊[48;2;32;27;31m[38;2;158;153;157m▁[48;2;3;1;6m[38;2;3;1;6m  [48;2;3;1;4m[38;2;3;1;4m  [48;2;3;1;6m[38;2;3;1;6m  [48;2;1;1;1m[38;2;1;1;1m                  [0m
[48;2;1;1;1m[38;2;1;1;1m                    [48;2;2;0;3m[38;2;2;0;3m  [48;2;1;1;1m[38;2;1;1;1m  [48;2;24;22;27m[38;2;1;0;4m▊[48;2;239;237;241m[38;2;110;108;113m▎[48;2;250;250;252m[38;2;250;250;252m        [48;2;255;255;255m[38;2;252;252;254m▄[48;2;188;188;190m[38;2;246;246;247m▊[48;2;23;22;22m[38;2;159;157;158m▁[48;2;1;0;0m[38;2;6;4;5m▄[48;2;3;1;6m[38;2;3;1;6m  [48;2;2;0;3m[38;2;2;0;3m  [48;2;1;1;1m[38;2;1;1;1m                  [0m
[48;2;1;1;1m[38;2;1;1;1m                  [48;2;1;1;3m[38;2;1;1;3m  [48;2;2;0;3m[38;2;2;0;3m  [48;2;1;1;3m[38;2;1;1;3m  [48;2;24;22;27m[38;2;1;0;4m▊[48;2;239;237;241m[38;2;110;108;113m▎[48;2;250;250;252m[38;2;250;250;252m    [48;2;236;235;237m[38;2;64;62;65m▁[48;2;243;241;244m[38;2;0;0;0m [48;2;250;250;252m[38;2;250;250;252m    [48;2;185;183;186m[38;2;244;242;245m▊[48;2;1;0;2m[38;2;61;59;62m▎[48;2;3;1;6m[38;2;3;1;6m  [48;2;1;1;3m[38;2;1;1;3m  [48;2;1;1;1m[38;2;1;1;1m                  [0m
[48;2;1;1;1m[38;2;1;1;1m                  [48;2;2;0;3m[38;2;2;0;3m    [48;2;3;1;6m[38;2;3;1;6m  [48;2;80;76;79m[38;2;226;222;225m┏[48;2;234;230;234m[38;2;0;0;0m [48;2;250;250;252m[38;2;250;250;252m  [48;2;249;247;250m[38;2;249;247;250m  [48;2;13;9;12m[38;2;88;83;87m▎[48;2;196;191;195m[38;2;21;17;20m▅[48;2;255;255;255m[38;2;237;237;239m▌[48;2;253;253;254m[38;2;245;245;247m┃[48;2;250;250;252m[38;2;250;250;252m  [48;2;175;173;176m[38;2;246;245;247m▊[48;2;6;4;7m[38;2;52;50;53m▎[48;2;2;0;3m[38;2;2;0;3m  [48;2;1;1;1m[38;2;1;1;1m                    [0m
[48;2;4;2;10m[38;2;23;2;126m▂▂▂▂▂▂▂▂▂▂▂▂▂▂▂▂▂▂[48;2;5;3;12m[38;2;24;2;129m▂▂[48;2;4;2;10m[38;2;23;2;126m▂▂[48;2;6;2;23m[38;2;57;30;184m▁[48;2;22;20;30m[38;2;191;181;227m▁[48;2;236;234;237m[38;2;128;126;129m▎[48;2;251;250;251m[38;2;239;237;240m┗[48;2;250;250;252m[38;2;250;250;252m  [48;2;246;245;245m[38;2;0;0;0m [48;2;230;228;238m[38;2;84;67;168m▁[48;2;27;21;39m[38;2;57;32;179m▁[48;2;35;31;38m[38;2;227;215;251m▁[48;2;255;255;255m[38;2;235;235;237m▌[48;2;251;251;253m[38;2;243;243;245m┃[48;2;250;250;252m[38;2;250;250;252m  [48;2;177;172;188m[38;2;248;245;245m▊[48;2;19;17;21m[38;2;19;9;116m▂[48;2;5;3;12m[38;2;24;2;129m▂▂[48;2;4;2;10m[38;2;23;2;126m▂▂▂▂▂▂▂▂▂▂▂▂▂▂▂▂▂▂▂▂[0m
[48;2;38;3;183m[38;2;38;3;183m                      [48;2;35;5;188m[38;2;35;5;188m▄[48;2;242;237;239m[38;2;93;70;186m▎[48;2;250;250;252m[38;2;250;250;252m    [48;2;225;224;220m[38;2;253;251;248m▊[48;2;39;12;188m[38;2;146;133;202m▎[48;2;50;24;186m[38;2;187;175;227m▂[48;2;247;246;240m[38;2;196;188;228m▎[48;2;250;250;252m[38;2;250;250;252m  [38;2;254;254;255m▌[48;2;239;239;241m[38;2;243;243;245m▌[48;2;221;211;241m[38;2;56;27;182m▆[48;2;41;10;181m[38;2;56;22;197m╴[48;2;38;3;183m[38;2;38;3;183m                      [0m
[48;2;38;3;183m[38;2;38;3;183m                      [48;2;41;18;172m[38;2;177;167;219m▂[48;2;238;234;245m[38;2;125;108;199m▎[48;2;250;250;252m[38;2;250;250;252m    [48;2;236;228;251m[38;2;70;47;182m▆[48;2;53;26;176m[38;2;202;191;230m▂[48;2;248;247;251m[38;2;204;203;208m▎[48;2;247;246;250m[38;2;237;236;241m▎[48;2;250;250;252m[38;2;250;250;252m  [48;2;212;205;240m[38;2;245;244;243m▊[48;2;225;220;239m[38;2;54;30;177m▆[48;2;40;5;183m[38;2;40;5;183m  [48;2;38;3;183m[38;2;38;3;183m                      [0m
[48;2;38;3;185m[38;2;38;3;185m                      [48;2;233;232;231m[38;2;85;69;167m▎[48;2;252;250;253m[38;2;241;242;236m│[48;2;250;250;252m[38;2;250;250;252m  [48;2;236;233;241m[38;2;251;249;246m▊[48;2;209;204;222m[38;2;69;47;187m▆[48;2;42;21;165m[38;2;54;23;203m▌[48;2;244;243;239m[38;2;175;165;217m▎[48;2;250;250;252m[38;2;250;250;252m  [48;2;253;253;254m[38;2;245;245;247m┃[48;2;237;237;239m[38;2;255;255;255m▌[48;2;208;197;231m[38;2;52;22;182m▆[48;2;37;7;178m[38;2;56;20;205m│[48;2;38;3;185m[38;2;38;3;185m                        [0m
[48;2;38;3;185m[38;2;38;3;185m                    [48;2;39;6;186m[38;2;0;0;0m [48;2;50;21;183m[38;2;186;174;215m▂[48;2;235;234;234m[38;2;138;126;190m▎[48;2;243;244;238m[38;2;249;247;251m▊[48;2;250;250;252m[38;2;250;250;252m  [48;2;219;209;240m[38;2;74;52;183m▆[48;2;44;13;183m[38;2;0;0;0m [48;2;43;9;185m [48;2;215;197;203m[38;2;184;80;115m▆[48;2;234;230;230m[38;2;225;96;137m▂[48;2;249;240;241m[38;2;0;0;0m [48;2;244;242;249m [48;2;227;226;230m[38;2;61;46;169m▂[48;2;38;4;181m[38;2;56;21;199m▌[48;2;41;6;184m[38;2;32;0;175m▌[48;2;38;3;185m[38;2;38;3;185m                        [0m
[48;2;38;3;185m[38;2;38;3;185m                    [48;2;41;5;187m[38;2;32;7;188m▖[48;2;188;178;205m[38;2;166;71;128m▂[48;2;237;231;232m[38;2;211;82;123m▂[48;2;244;235;237m[38;2;0;0;0m [48;2;244;240;247m[38;2;253;253;233m▎[48;2;214;211;217m[38;2;86;64;194m▆[48;2;40;7;183m[38;2;70;35;213m▘[48;2;41;6;184m[38;2;31;0;174m▚[48;2;53;19;169m[38;2;33;1;190m▊[48;2;169;63;110m[38;2;41;16;174m▂[48;2;223;79;108m[38;2;186;60;82m▖[48;2;241;204;197m[38;2;212;70;98m▆[48;2;201;188;225m[38;2;49;16;177m▆[48;2;42;8;184m[38;2;0;0;0m [48;2;38;3;185m[38;2;38;3;185m                          [0m
[48;2;38;3;185m[38;2;38;3;185m                    [48;2;40;7;184m[38;2;26;12;77m▃[48;2;84;25;75m[38;2;172;58;82m┗[48;2;198;62;92m[38;2;33;20;10m▂[48;2;230;182;183m[38;2;192;67;93m▆[48;2;239;203;229m[38;2;211;82;104m▆[48;2;70;32;67m[38;2;199;68;91m▂[48;2;30;11;64m[38;2;195;65;98m▂[48;2;47;13;155m[38;2;25;9;15m▆[48;2;36;13;140m[38;2;5;3;12m▆▆[48;2;130;54;83m[38;2;18;8;13m▆[48;2;182;61;82m[38;2;23;11;4m▂[48;2;34;15;68m[38;2;166;52;78m▂[48;2;32;16;152m[38;2;27;7;14m▆[48;2;36;13;142m[38;2;5;3;13m▆▆[48;2;44;11;175m[38;2;22;6;70m▃[48;2;36;2;182m[38;2;33;2;155m▖[48;2;38;3;185m[38;2;38;3;185m                      [0m
[48;2;38;3;185m[38;2;38;3;185m                    [48;2;33;17;91m[38;2;34;3;176m▆[48;2;18;7;50m[38;2;38;5;188m▂[48;2;15;8;26m[38;2;39;11;178m▂[48;2;131;43;69m[38;2;23;6;79m▆[48;2;167;48;81m[38;2;24;10;81m▆▆[48;2;137;45;73m[38;2;27;7;82m▆[48;2;21;10;29m[38;2;46;13;182m▂[48;2;8;3;24m[38;2;39;10;180m▂▂▂▂[48;2;51;18;43m[38;2;48;1;172m▂[48;2;14;9;15m[38;2;37;12;154m▃[48;2;8;6;12m[38;2;31;5;151m▃▃[48;2;37;24;67m[38;2;37;3;171m▆[48;2;37;0;191m[38;2;37;4;168m▘[48;2;38;3;185m[38;2;38;3;185m                      [0m
[48;2;40;2;185m[38;2;40;2;185m                                                            [0m
[48;2;40;2;185m[38;2;40;2;185m                                                            [0m
