[48;2;1;1;1m[38;2;1;1;1m                                                            [0m
[48;2;1;1;1m[38;2;1;1;1m                                                            [0m
[48;2;1;1;1m[38;2;1;1;1m                                                            [0m
[48;2;1;1;1m[38;2;1;1;1m                                                            [0m
[48;2;1;1;1m[38;2;1;1;1m                            [48;2;1;1;3m[38;2;1;1;3m  [48;2;1;1;1m[38;2;1;1;1m                              [0m
[48;2;1;1;1m[38;2;1;1;1m                        [48;2;1;1;3m[38;2;1;1;3m    [48;2;3;1;6m[38;2;3;1;6m  [48;2;2;0;3m[38;2;2;0;3m  [48;2;1;1;1m[38;2;1;1;1m  [48;2;4;2;5m[38;2;4;2;5m  [48;2;3;3;3m[38;2;3;3;3m  [48;2;2;2;2m[38;2;2;2;2m  [48;2;1;1;1m[38;2;1;1;1m                    [0m
[48;2;1;1;1m[38;2;1;1;1m                        [48;2;3;1;6m[38;2;3;1;6m      [48;2;1;1;3m[38;2;1;1;3m  [48;2;7;5;8m[38;2;1;0;2m▅[48;2;8;6;9m[38;2;21;19;22m▗[48;2;34;29;33m[38;2;213;208;212m▄[48;2;162;157;161m[38;2;240;236;239m▇[48;2;167;165;168m[38;2;247;245;248m▇▇[48;2;159;154;158m[38;2;236;232;235m▇[48;2;19;15;18m[38;2;196;191;195m▄[48;2;3;3;5m[38;2;3;3;5m  [48;2;1;1;1m[38;2;1;1;1m                  [0m
[48;2;1;1;1m[38;2;1;1;1m                        [48;2;1;1;3m[38;2;1;1;3m  [48;2;3;1;6m[38;2;3;1;6m  [48;2;1;1;3m[38;2;1;1;3m    [48;2;1;0;4m[38;2;6;4;9m│[48;2;65;63;68m[38;2;7;6;10m▊[48;2;255;255;255m[38;2;236;236;238m▌[48;2;252;252;253m[38;2;244;244;246m┃[48;2;246;239;239m[38;2;0;0;0m [48;2;234;227;226m[38;2;190;81;114m▄[48;2;186;73;107m[38;2;20;14;11m▄[48;2;12;9;7m[38;2;68;36;42m▘[48;2;3;1;6m[38;2;3;1;6m  [48;2;1;1;3m[38;2;1;1;3m  [48;2;1;1;1m[38;2;1;1;1m                [0m
[48;2;1;1;1m[38;2;1;1;1m                    [48;2;2;2;4m[38;2;2;2;4m  [48;2;3;1;6m[38;2;3;1;6m    [48;2;1;1;3m[38;2;1;1;3m      [48;2;10;8;11m[38;2;50;48;51m▁[48;2;31;29;32m[38;2;213;211;214m▄[48;2;247;247;249m[38;2;247;247;249m  [48;2;226;185;193m[38;2;246;247;250m▊[48;2;218;97;117m[38;2;211;61;90m┃[48;2;163;47;64m[38;2;203;87;105m▇[48;2;30;18;23m[38;2;225;214;219m▄[48;2;19;17;20m[38;2;232;230;233m▄▄[48;2;23;21;24m[38;2;228;227;229m▄[48;2;14;12;15m[38;2;205;204;206m▄[48;2;4;3;5m[38;2;45;43;46m▁▁[48;2;4;2;3m[38;2;4;2;3m  [48;2;1;1;1m[38;2;1;1;1m            [0m
[48;2;1;1;1m[38;2;1;1;1m                [48;2;2;0;3m[38;2;2;0;3m  [48;2;3;1;4m[38;2;3;1;4m  [48;2;3;1;6m[38;2;3;1;6m    [48;2;1;1;3m[38;2;1;1;3m  [48;2;1;1;1m[38;2;1;1;1m    [48;2;10;9;11m[38;2;0;0;0m [48;2;31;29;32m[38;2;207;205;207m▄[48;2;226;226;228m[38;2;248;248;249m▄[48;2;250;250;252m[38;2;243;243;245m▘[38;2;250;250;252m  [48;2;230;190;198m[38;2;253;248;252m▊[48;2;214;106;122m[38;2;205;72;95m┃[48;2;205;102;132m[38;2;245;236;236m▄[48;2;245;238;237m[38;2;174;168;166m▁[48;2;233;231;234m[38;2;163;161;164m▁[48;2;231;230;232m[38;2;27;25;28m▄[48;2;237;236;238m[38;2;45;43;46m▄[48;2;244;242;244m[38;2;175;173;176m▁[48;2;243;236;239m[38;2;187;178;181m▁[48;2;142;133;136m[38;2;232;224;227m▊[48;2;184;54;82m[38;2;46;18;15m▄[48;2;106;33;42m[38;2;194;66;93m▊[48;2;1;1;3m[38;2;1;1;3m  [48;2;1;1;1m[38;2;1;1;1m          [0m
[48;2;1;1;1m[38;2;1;1;1m            [48;2;1;1;3m[38;2;1;1;3m  [48;2;3;1;6m[38;2;3;1;6m          [48;2;1;1;1m[38;2;1;1;1m    [48;2;3;1;4m[38;2;3;1;4m  [48;2;33;31;34m[38;2;209;207;210m▄[48;2;239;237;240m[38;2;0;0;0m [48;2;250;250;252m[38;2;250;250;252m    [48;2;249;249;251m[38;2;249;249;251m  [48;2;176;171;175m[38;2;247;243;246m▊[48;2;7;3;6m[38;2;53;48;52m▎[48;2;4;2;5m[38;2;4;2;5m  [48;2;3;3;5m[38;2;3;3;5m  [48;2;13;11;14m[38;2;3;1;4m▅▅[48;2;3;1;4m  [48;2;1;1;1m[38;2;1;1;1m            [0m
[48;2;1;1;1m[38;2;1;1;1m            [48;2;3;1;6m[38;2;3;1;6m        [48;2;1;1;1m[38;2;1;1;1m        [48;2;3;1;4m[38;2;3;1;4m  [48;2;248;247;252m[38;2;147;146;151m▎[48;2;255;254;255m[38;2;234;233;238m│[48;2;250;250;252m[38;2;250;250;252m    [48;2;249;249;251m[38;2;249;249;251m  [48;2;165;160;164m[38;2;231;226;230m▊[48;2;8;4;7m[38;2;45;40;44m▎[48;2;3;1;4m[38;2;3;1;4m  [48;2;3;1;6m[38;2;3;1;6m    [48;2;3;1;4m[38;2;3;1;4m  [48;2;1;1;1m[38;2;1;1;1m            [0m
[48;2;1;1;1m[38;2;1;1;1m            [48;2;1;1;3m[38;2;1;1;3m  [48;2;3;1;6m[38;2;3;1;6m    [48;2;1;1;3m[38;2;1;1;3m  [48;2;1;1;1m[38;2;1;1;1m  [48;2;1;1;3m[38;2;1;1;3m  [48;2;1;1;1m[38;2;1;1;1m    [48;2;14;10;13m[38;2;0;0;0m [48;2;42;37;41m[38;2;174;169;173m▄[48;2;247;247;248m[38;2;215;215;217m▎[48;2;249;249;250m[38;2;241;241;243m┏[48;2;250;250;252m[38;2;250;250;252m    [48;2;209;207;210m[38;2;245;243;245m▊[48;2;218;216;219m[38;2;40;38;41m▅[48;2;5;3;8m[38;2;5;3;8m  [48;2;3;1;6m[38;2;3;1;6m      [48;2;1;1;3m[38;2;1;1;3m  [48;2;1;1;1m[38;2;1;1;1m            [0m
[48;2;1;1;1m[38;2;1;1;1m              [48;2;2;0;3m[38;2;2;0;3m  [48;2;1;1;3m[38;2;1;1;3m  [48;2;1;1;1m[38;2;1;1;1m      [48;2;2;0;3m[38;2;2;0;3m  [48;2;3;1;4m[38;2;3;1;4m  [48;2;16;12;15m[38;2;135;130;134m▁[48;2;19;14;18m[38;2;204;199;203m▅[48;2;215;210;213m[38;2;82;76;80m▅[48;2;235;229;233m[38;2;71;65;69m▅[48;2;249;249;251m[38;2;231;231;233m▌[38;2;255;255;255m▌[48;2;250;250;251m[38;2;241;241;243m┗[48;2;216;216;218m[38;2;248;248;249m▊[48;2;207;205;208m[38;2;26;24;27m▅[48;2;12;10;13m[38;2;0;0;0m [48;2;3;1;4m[38;2;3;1;4m    [48;2;1;1;3m[38;2;1;1;3m  [48;2;3;1;6m[38;2;3;1;6m  [48;2;1;1;1m[38;2;1;1;1m              [0m
[48;2;1;1;1m[38;2;1;1;1m                [48;2;1;1;3m[38;2;1;1;3m  [48;2;1;1;1m[38;2;1;1;1m    [48;2;3;1;6m[38;2;3;1;6m    [48;2;5;4;8m[38;2;23;21;26m━[48;2;77;75;80m[38;2;216;214;218m┏[48;2;236;236;237m[38;2;0;0;0m [48;2;245;245;247m [48;2;249;249;251m[38;2;249;249;251m  [48;2;250;250;252m[38;2;250;250;252m  [48;2;212;208;211m[38;2;246;242;245m▊[48;2;216;211;215m[38;2;37;32;36m▅[48;2;4;2;5m[38;2;4;2;5m  [48;2;1;1;1m[38;2;1;1;1m                      [0m
[48;2;1;1;1m[38;2;1;1;1m                    [48;2;0;0;0m[38;2;0;0;0m  [48;2;1;1;3m[38;2;1;1;3m  [48;2;2;0;3m[38;2;2;0;3m  [48;2;25;23;26m[38;2;194;192;195m▅[48;2;235;234;236m[38;2;0;0;0m [48;2;250;250;252m[38;2;250;250;252m  [48;2;249;249;251m[38;2;249;249;251m  [48;2;251;241;234m[38;2;209;118;137m▅[48;2;244;232;224m[38;2;207;76;108m▅[48;2;211;206;210m[38;2;75;69;73m▅[48;2;4;0;2m[38;2;5;0;3m▄[48;2;2;0;3m[38;2;2;0;3m  [48;2;1;1;3m[38;2;1;1;3m    [48;2;1;1;1m[38;2;1;1;1m                  [0m
[48;2;1;1;1m[38;2;1;1;1m                        [48;2;1;0;2m[38;2;8;6;9m━[38;2;6;4;7m▃[48;2;240;239;241m[38;2;132;130;133m▎[48;2;255;254;255m[38;2;251;249;252m│[48;2;250;250;252m[38;2;250;250;252m    [48;2;241;243;241m[38;2;0;0;0m [48;2;215;105;140m[38;2;248;239;240m▅[48;2;187;182;186m[38;2;246;241;245m▊[48;2;3;0;2m[38;2;63;58;62m▎[48;2;3;1;6m[38;2;3;1;6m  [48;2;3;1;4m[38;2;3;1;4m  [48;2;3;1;6m[38;2;3;1;6m  [48;2;1;1;1m[38;2;1;1;1m                  [0m
[48;2;1;1;1m[38;2;1;1;1m                    [48;2;2;0;3m[38;2;2;0;3m  [48;2;1;1;1m[38;2;1;1;1m  [48;2;19;17;20m[38;2;135;133;136m▁[48;2;239;237;240m[38;2;122;120;123m▎[48;2;250;250;252m[38;2;250;250;252m        [48;2;240;239;241m[38;2;0;0;0m [48;2;46;44;47m[38;2;220;219;221m▅[48;2;8;6;9m[38;2;13;11;14m▌[48;2;1;0;2m[38;2;3;1;4m▎[48;2;3;1;6m[38;2;3;1;6m  [48;2;2;0;3m[38;2;2;0;3m  [48;2;1;1;1m[38;2;1;1;1m                  [0m
[48;2;1;1;1m[38;2;1;1;1m                  [48;2;1;1;3m[38;2;1;1;3m  [48;2;2;0;3m[38;2;2;0;3m  [48;2;1;1;3m[38;2;1;1;3m  [48;2;235;232;233m[38;2;78;74;75m▎[48;2;255;254;255m[38;2;254;250;251m▄[48;2;250;250;252m[38;2;250;250;252m    [48;2;236;235;237m[38;2;64;62;65m▁[48;2;243;241;244m[38;2;0;0;0m [48;2;250;250;252m[38;2;250;250;252m  [48;2;253;253;254m[38;2;246;246;248m▃[48;2;244;244;246m[38;2;231;231;233m▝[48;2;46;44;47m[38;2;217;215;218m▅[48;2;1;0;2m[38;2;58;56;59m▎[48;2;3;1;6m[38;2;3;1;6m  [48;2;1;1;3m[38;2;1;1;3m  [48;2;1;1;1m[38;2;1;1;1m                  [0m
[48;2;1;1;1m[38;2;1;1;1m                  [48;2;2;0;3m[38;2;2;0;3m    [48;2;1;0;4m[38;2;7;5;10m▄[48;2;21;19;24m[38;2;179;177;182m▁[48;2;234;233;235m[38;2;128;126;129m▎[48;2;249;248;250m[38;2;232;230;233m╵[48;2;250;250;252m[38;2;250;250;252m  [48;2;249;247;250m[38;2;249;247;250m  [48;2;19;14;18m[38;2;82;77;81m▎[48;2;209;204;208m[38;2;44;39;43m▁[48;2;249;249;251m[38;2;249;249;251m  [48;2;250;250;252m[38;2;250;250;252m  [48;2;175;173;176m[38;2;246;245;247m▊[48;2;6;4;7m[38;2;52;50;53m▎[48;2;2;0;3m[38;2;2;0;3m  [48;2;1;1;1m[38;2;1;1;1m                    [0m
[48;2;4;2;10m[38;2;23;2;126m▂▂▂▂▂▂▂▂▂▂▂▂▂▂▂▂▂▂[48;2;5;3;12m[38;2;24;2;129m▂▂[48;2;4;2;10m[38;2;23;2;126m▂▂[48;2;9;5;22m[38;2;17;1;141m▁[48;2;234;231;234m[38;2;97;93;111m▎[48;2;250;250;252m[38;2;250;250;252m    [48;2;243;241;244m[38;2;0;0;0m [48;2;168;162;188m[38;2;38;33;58m┳[48;2;17;12;19m[38;2;47;25;144m▂[48;2;19;15;18m[38;2;179;169;195m▂[48;2;249;249;250m[38;2;206;206;208m▎[48;2;241;241;243m[38;2;253;253;254m┃[48;2;250;250;252m[38;2;250;250;252m  [48;2;177;172;188m[38;2;248;245;245m▊[48;2;19;17;21m[38;2;19;9;116m▂[48;2;5;3;12m[38;2;24;2;129m▂▂[48;2;4;2;10m[38;2;23;2;126m▂▂▂▂▂▂▂▂▂▂▂▂▂▂▂▂▂▂▂▂[0m
[48;2;38;3;183m[38;2;38;3;183m                    [48;2;38;3;185m[38;2;38;3;185m  [48;2;104;85;199m[38;2;221;217;229m┏[48;2;232;231;234m[38;2;0;0;0m [48;2;250;250;252m[38;2;250;250;252m    [48;2;239;232;251m[38;2;75;50;179m▆[48;2;44;15;186m[38;2;0;0;0m [48;2;72;47;175m[38;2;35;4;185m▊[48;2;250;246;247m[38;2;189;176;232m▎[48;2;250;250;252m[38;2;250;250;252m  [48;2;249;249;251m[38;2;249;249;251m  [48;2;225;219;235m[38;2;80;54;187m▂[48;2;38;11;176m[38;2;40;9;190m▄[48;2;38;3;183m[38;2;38;3;183m                      [0m
[48;2;38;3;183m[38;2;38;3;183m                    [48;2;40;6;180m[38;2;0;0;0m [48;2;56;25;190m[38;2;196;185;223m▁[48;2;234;233;233m[38;2;136;124;188m▎[48;2;242;243;237m[38;2;247;245;251m▊[48;2;250;250;252m[38;2;250;250;252m  [48;2;237;234;240m[38;2;249;248;243m▊[48;2;229;225;238m[38;2;74;52;189m▆[48;2;37;4;180m[38;2;76;41;219m▘[48;2;33;1;176m[38;2;46;11;189m▝[48;2;64;43;186m[38;2;220;217;234m▆[48;2;242;241;243m[38;2;0;0;0m [48;2;250;250;252m[38;2;250;250;252m  [48;2;242;240;247m[38;2;0;0;0m [48;2;236;235;237m[38;2;80;60;187m▂[48;2;30;0;171m[38;2;61;27;202m▌[48;2;36;2;177m[38;2;44;10;185m┃[48;2;38;3;183m[38;2;38;3;183m                      [0m
[48;2;38;3;185m[38;2;38;3;185m                    [48;2;61;40;176m[38;2;195;189;220m▆[48;2;232;230;236m[38;2;0;0;0m [48;2;250;250;252m[38;2;250;250;252m    [48;2;224;216;239m[38;2;82;59;184m▆[48;2;40;10;183m[38;2;0;0;0m [48;2;37;8;185m[38;2;47;16;190m▄[48;2;67;40;181m[38;2;219;212;228m▆[48;2;248;248;250m[38;2;248;248;250m    [48;2;225;219;231m[38;2;59;37;171m▂[48;2;44;10;196m[38;2;45;18;178m▌[48;2;38;3;185m[38;2;38;3;185m                        [0m
[48;2;38;3;185m[38;2;38;3;185m                  [48;2;45;20;179m[38;2;190;181;222m▂[48;2;61;39;185m[38;2;209;203;230m▆[48;2;236;235;239m[38;2;0;0;0m [48;2;250;249;252m[38;2;244;243;248m▝[48;2;250;250;252m[38;2;250;250;252m  [48;2;220;213;225m[38;2;87;64;193m▆[48;2;206;199;217m[38;2;41;13;186m▆[48;2;40;7;183m[38;2;70;35;213m▘[48;2;41;6;184m[38;2;31;0;174m▚[48;2;60;41;169m[38;2;214;210;231m▆[48;2;243;242;244m[38;2;0;0;0m [48;2;250;250;252m[38;2;250;250;252m  [48;2;244;242;249m[38;2;0;0;0m [48;2;227;226;230m[38;2;61;46;169m▂[48;2;38;4;181m[38;2;56;21;199m▌[48;2;41;6;184m[38;2;32;0;175m▌[48;2;38;3;185m[38;2;38;3;185m                        [0m
[48;2;38;3;185m[38;2;38;3;185m                  [48;2;210;186;197m[38;2;94;65;179m▎[48;2;246;228;226m[38;2;202;77;114m▂[48;2;245;234;237m[38;2;204;69;92m▂▂[48;2;234;228;237m[38;2;54;38;144m▂[48;2;229;225;228m[38;2;71;44;187m▆[48;2;36;5;179m[38;2;80;45;221m▘[48;2;30;1;173m[38;2;45;10;188m┗[48;2;38;3;185m[38;2;38;3;185m  [48;2;181;187;220m[38;2;89;34;145m▆[48;2;238;208;223m[38;2;200;77;101m▆[48;2;243;242;244m[38;2;221;107;126m▃▃[48;2;203;191;224m[38;2;54;24;182m▆[48;2;37;7;177m[38;2;56;20;204m│[48;2;38;3;185m[38;2;38;3;185m                          [0m
[48;2;38;3;185m[38;2;38;3;185m                [48;2;36;0;189m[38;2;36;4;165m▗[48;2;36;3;169m[38;2;36;23;64m▂[48;2;77;28;65m[38;2;168;67;112m┗[48;2;212;77;97m[38;2;47;12;19m▃[48;2;205;66;95m[38;2;32;14;7m▂[48;2;198;67;93m[38;2;0;0;0m [48;2;87;36;126m[38;2;210;75;102m▆[48;2;67;20;77m[38;2;208;72;102m▂[48;2;32;5;133m[38;2;22;14;25m▆[48;2;35;9;137m[38;2;8;2;11m▆[48;2;36;13;142m[38;2;5;3;13m▆▆[48;2;195;68;97m[38;2;37;23;17m▃[48;2;217;66;103m[38;2;53;18;17m▃[48;2;216;74;98m[38;2;216;74;98m  [48;2;44;21;73m[38;2;208;68;99m▂[48;2;35;12;65m[38;2;196;56;87m▂[48;2;37;14;143m[38;2;6;4;14m▆▆[48;2;44;11;175m[38;2;22;6;70m▃[48;2;36;2;182m[38;2;33;2;155m▖[48;2;38;3;185m[38;2;38;3;185m                      [0m
[48;2;38;3;185m[38;2;38;3;185m                [48;2;37;1;184m[38;2;37;3;172m▝[48;2;37;16;109m[38;2;37;3;178m▆[48;2;15;5;50m[38;2;37;4;179m▂[48;2;15;8;30m[38;2;37;8;159m▂[48;2;15;8;26m[38;2;39;11;178m▂[48;2;131;43;69m[38;2;23;6;79m▆[48;2;167;48;81m[38;2;24;10;81m▆▆[48;2;12;5;25m[38;2;43;11;182m▂▂[48;2;8;3;24m[38;2;39;10;180m▂▂▂▂[48;2;147;47;73m[38;2;27;9;80m▆▆[48;2;148;48;74m[38;2;28;10;81m▆▆[48;2;8;6;12m[38;2;31;5;151m▃▃[48;2;37;24;67m[38;2;37;3;171m▆[48;2;37;0;191m[38;2;37;4;168m▘[48;2;38;3;185m[38;2;38;3;185m                      [0m
[48;2;40;2;185m[38;2;40;2;185m                                                            [0m
[48;2;40;2;185m[38;2;40;2;185m                                                            [0m
