[48;2;1;1;1m[38;2;1;1;1m                                                            [0m
[48;2;1;1;1m[38;2;1;1;1m                                                            [0m
[48;2;1;1;1m[38;2;1;1;1m                                                            [0m
[48;2;1;1;1m[38;2;1;1;1m                                                            [0m
[48;2;1;1;1m[38;2;1;1;1m                            [48;2;1;1;3m[38;2;1;1;3m  [48;2;1;1;1m[38;2;1;1;1m                              [0m
[48;2;1;1;1m[38;2;1;1;1m                        [48;2;1;1;3m[38;2;1;1;3m    [48;2;3;1;6m[38;2;3;1;6m  [48;2;2;0;3m[38;2;2;0;3m  [48;2;1;1;1m[38;2;1;1;1m  [48;2;5;3;6m[38;2;5;3;6m  [48;2;3;3;3m[38;2;3;3;3m  [48;2;2;2;2m[38;2;2;2;2m  [48;2;1;1;1m[38;2;1;1;1m                    [0m
[48;2;1;1;1m[38;2;1;1;1m                        [48;2;3;1;6m[38;2;3;1;6m      [48;2;1;1;3m[38;2;1;1;3m  [48;2;1;0;2m[38;2;24;22;25m▄[48;2;27;25;28m[38;2;207;206;208m▄[48;2;150;148;151m[38;2;240;238;241m▇[48;2;176;174;177m[38;2;248;246;248m▇[48;2;175;173;176m[38;2;246;244;247m▇▇[48;2;165;160;164m[38;2;232;227;231m▊[48;2;8;5;7m[38;2;45;40;44m▎[48;2;1;1;3m[38;2;1;1;3m  [48;2;1;1;1m[38;2;1;1;1m                  [0m
[48;2;1;1;1m[38;2;1;1;1m                        [48;2;1;1;3m[38;2;1;1;3m  [48;2;3;1;6m[38;2;3;1;6m  [48;2;1;1;3m[38;2;1;1;3m    [48;2;52;50;53m[38;2;6;4;7m▊[48;2;246;245;247m[38;2;175;173;176m▎[48;2;249;247;250m[38;2;249;247;250m  [48;2;236;229;231m[38;2;202;88;106m▄[48;2;201;87;106m[38;2;25;13;16m▄[48;2;47;45;48m[38;2;5;4;6m▆[48;2;1;0;2m[38;2;13;11;14m⎼[48;2;3;1;4m[38;2;3;1;4m  [48;2;1;1;3m[38;2;1;1;3m  [48;2;1;1;1m[38;2;1;1;1m                [0m
[48;2;1;1;1m[38;2;1;1;1m                    [48;2;2;2;4m[38;2;2;2;4m  [48;2;3;1;6m[38;2;3;1;6m    [48;2;1;1;3m[38;2;1;1;3m      [48;2;54;52;55m[38;2;7;5;8m▊[48;2;248;246;248m[38;2;177;175;178m▎[48;2;253;249;253m[38;2;246;241;245m┃[48;2;238;233;237m[38;2;255;253;255m▌[48;2;220;65;97m[38;2;207;71;97m▌[48;2;207;78;101m[38;2;172;69;83m▝[48;2;18;17;19m[38;2;231;229;232m▄▄[48;2;19;17;20m[38;2;232;230;233m▄▄[48;2;15;14;16m[38;2;200;198;201m▄[48;2;15;13;16m[38;2;0;0;0m [48;2;1;0;2m[38;2;7;5;8m▃▃[48;2;2;2;2m[38;2;2;2;2m  [48;2;1;1;1m[38;2;1;1;1m            [0m
[48;2;1;1;1m[38;2;1;1;1m                [48;2;2;0;3m[38;2;2;0;3m  [48;2;3;1;4m[38;2;3;1;4m  [48;2;3;1;6m[38;2;3;1;6m    [48;2;1;1;3m[38;2;1;1;3m  [48;2;1;1;1m[38;2;1;1;1m    [48;2;10;9;11m[38;2;0;0;0m [48;2;31;29;32m[38;2;207;205;207m▄[48;2;226;226;228m[38;2;248;248;249m▄[48;2;250;250;252m[38;2;243;243;245m▘[48;2;254;250;253m[38;2;247;242;246m┃[48;2;239;234;238m[38;2;255;253;255m▌[48;2;209;79;109m[38;2;182;118;126m▁[48;2;219;93;122m[38;2;249;230;224m▄[48;2;244;242;245m[38;2;174;172;175m▁[48;2;230;228;230m[38;2;0;0;0m [48;2;233;231;234m[38;2;27;26;28m▄[48;2;234;232;235m[38;2;43;41;44m▄[48;2;244;242;245m[38;2;168;166;169m▁[48;2;242;240;243m[38;2;184;182;185m▁[48;2;160;124;131m[38;2;235;224;223m▊[48;2;186;67;101m[38;2;39;24;24m▄[48;2;92;26;36m[38;2;189;65;85m▊[48;2;17;3;7m[38;2;4;10;11m┃[48;2;1;1;3m[38;2;1;1;3m  [48;2;1;1;1m[38;2;1;1;1m          [0m
[48;2;1;1;1m[38;2;1;1;1m            [48;2;1;1;3m[38;2;1;1;3m  [48;2;3;1;6m[38;2;3;1;6m          [48;2;1;1;1m[38;2;1;1;1m    [48;2;1;1;3m[38;2;1;1;3m  [48;2;18;16;19m[38;2;89;87;90m▁[48;2;245;244;246m[38;2;166;164;167m▎[48;2;250;250;252m[38;2;250;250;252m    [48;2;255;255;255m[38;2;244;244;246m▌[48;2;173;173;175m[38;2;245;245;246m▊[48;2;6;5;7m[38;2;23;21;24m▌[48;2;2;1;3m[38;2;13;11;14m▝[48;2;1;1;3m[38;2;1;1;3m  [48;2;13;11;14m[38;2;3;1;4m▅▅[48;2;4;2;5m[38;2;4;2;5m  [48;2;3;1;4m[38;2;3;1;4m  [48;2;1;1;1m[38;2;1;1;1m            [0m
[48;2;1;1;1m[38;2;1;1;1m            [48;2;3;1;6m[38;2;3;1;6m        [48;2;1;1;1m[38;2;1;1;1m        [48;2;6;5;7m[38;2;0;0;0m [48;2;9;7;10m[38;2;98;96;99m▁[48;2;245;245;246m[38;2;173;173;175m▎[48;2;244;244;246m[38;2;255;255;255m▌[48;2;250;250;252m[38;2;250;250;252m    [48;2;255;255;255m[38;2;245;245;247m▌[48;2;174;174;176m▊[48;2;4;2;5m[38;2;20;18;21m▌[48;2;7;5;8m[38;2;1;0;2m▊[48;2;3;1;4m[38;2;3;1;4m  [48;2;3;1;6m[38;2;3;1;6m    [48;2;3;1;4m[38;2;3;1;4m  [48;2;1;1;1m[38;2;1;1;1m            [0m
[48;2;1;1;1m[38;2;1;1;1m            [48;2;1;1;3m[38;2;1;1;3m  [48;2;3;1;6m[38;2;3;1;6m    [48;2;1;1;3m[38;2;1;1;3m  [48;2;1;1;1m[38;2;1;1;1m  [48;2;1;1;3m[38;2;1;1;3m  [48;2;1;1;1m[38;2;1;1;1m    [48;2;22;20;23m[38;2;1;0;2m▊[48;2;225;224;226m[38;2;134;132;135m▎[48;2;244;244;245m[38;2;134;134;136m▁[38;2;0;0;0m [48;2;250;250;252m[38;2;250;250;252m    [48;2;247;246;248m[38;2;0;0;0m [48;2;206;204;207m [48;2;4;2;7m[38;2;20;18;23m▌[48;2;7;5;10m[38;2;1;0;4m▊[48;2;3;1;6m[38;2;3;1;6m      [48;2;1;1;3m[38;2;1;1;3m  [48;2;1;1;1m[38;2;1;1;1m            [0m
[48;2;1;1;1m[38;2;1;1;1m              [48;2;2;0;3m[38;2;2;0;3m  [48;2;1;1;3m[38;2;1;1;3m  [48;2;1;1;1m[38;2;1;1;1m      [48;2;2;0;3m[38;2;2;0;3m  [48;2;3;1;4m[38;2;3;1;4m  [48;2;20;16;19m[38;2;144;139;143m▁[48;2;44;39;43m[38;2;215;211;215m▄[48;2;28;22;26m[38;2;187;181;185m▁[48;2;218;213;216m[38;2;68;62;66m▅[48;2;249;249;251m[38;2;231;231;233m▌[38;2;255;255;255m▌[38;2;249;249;251m  [48;2;224;220;224m[38;2;115;110;114m▁[48;2;3;0;2m[38;2;16;11;15m▎[48;2;3;1;4m[38;2;3;1;4m    [48;2;1;1;3m[38;2;1;1;3m  [48;2;3;1;6m[38;2;3;1;6m  [48;2;1;1;1m[38;2;1;1;1m              [0m
[48;2;1;1;1m[38;2;1;1;1m                [48;2;1;1;3m[38;2;1;1;3m  [48;2;1;1;1m[38;2;1;1;1m    [48;2;3;1;6m[38;2;3;1;6m    [48;2;6;5;7m[38;2;0;0;0m [48;2;1;0;2m[38;2;10;8;11m▄[48;2;243;241;244m[38;2;152;150;153m▎[48;2;250;248;250m[38;2;234;232;235m╷[48;2;249;249;251m[38;2;249;249;251m  [48;2;250;250;252m[38;2;250;250;252m  [48;2;251;247;249m[38;2;0;0;0m [48;2;219;214;216m [48;2;1;0;2m[38;2;35;33;36m▎[38;2;8;6;9m┃[48;2;1;1;1m[38;2;1;1;1m                      [0m
[48;2;1;1;1m[38;2;1;1;1m                    [48;2;0;0;0m[38;2;0;0;0m  [48;2;1;1;3m[38;2;1;1;3m  [48;2;2;0;3m[38;2;2;0;3m  [48;2;13;11;14m[38;2;102;100;103m▂[48;2;239;237;240m[38;2;147;145;148m▎[48;2;250;250;252m[38;2;250;250;252m    [48;2;248;248;250m[38;2;248;248;250m  [48;2;243;220;215m[38;2;174;82;99m▅[48;2;191;62;92m[38;2;40;21;16m▁[48;2;8;6;7m[38;2;13;11;12m▌[48;2;1;0;0m[38;2;3;1;2m▎[48;2;1;1;3m[38;2;1;1;3m    [48;2;1;1;1m[38;2;1;1;1m                  [0m
[48;2;1;1;1m[38;2;1;1;1m                        [48;2;1;0;2m[38;2;8;6;9m━[38;2;6;4;7m▃[48;2;240;239;241m[38;2;132;130;133m▎[48;2;255;254;255m[38;2;251;249;252m│[48;2;250;250;252m[38;2;250;250;252m    [48;2;248;248;250m[38;2;248;248;250m  [48;2;48;43;47m[38;2;217;212;216m▅[48;2;11;7;10m[38;2;33;29;32m▎[48;2;3;1;6m[38;2;3;1;6m  [48;2;3;1;4m[38;2;3;1;4m  [48;2;3;1;6m[38;2;3;1;6m  [48;2;1;1;1m[38;2;1;1;1m                  [0m
[48;2;1;1;1m[38;2;1;1;1m                    [48;2;2;0;3m[38;2;2;0;3m  [48;2;1;1;1m[38;2;1;1;1m  [48;2;24;22;25m[38;2;1;0;2m▊[48;2;239;237;240m[38;2;110;108;111m▎[48;2;250;250;252m[38;2;250;250;252m        [48;2;202;197;201m[38;2;247;243;247m▊[48;2;21;16;20m[38;2;141;136;140m▂[48;2;1;1;3m[38;2;1;1;3m  [48;2;3;1;6m[38;2;3;1;6m  [48;2;2;0;3m[38;2;2;0;3m  [48;2;1;1;1m[38;2;1;1;1m                  [0m
[48;2;1;1;1m[38;2;1;1;1m                  [48;2;1;1;3m[38;2;1;1;3m  [48;2;2;0;3m[38;2;2;0;3m  [48;2;1;1;3m[38;2;1;1;3m  [48;2;81;76;80m[38;2;225;221;225m┏[48;2;233;229;233m[38;2;0;0;0m [48;2;250;250;252m[38;2;250;250;252m        [48;2;251;251;253m[38;2;255;255;255m┃[48;2;196;196;198m[38;2;246;246;247m▊[48;2;27;26;28m[38;2;206;204;207m▁[48;2;1;0;2m[38;2;14;12;15m▁[48;2;3;1;6m[38;2;3;1;6m  [48;2;1;1;3m[38;2;1;1;3m  [48;2;1;1;1m[38;2;1;1;1m                  [0m
[48;2;1;1;1m[38;2;1;1;1m                  [48;2;2;0;3m[38;2;2;0;3m    [48;2;1;0;4m[38;2;7;5;10m▄[48;2;21;19;24m[38;2;179;177;182m▁[48;2;234;233;235m[38;2;128;126;129m▎[48;2;249;248;250m[38;2;232;230;233m╵[48;2;250;250;252m[38;2;250;250;252m    [48;2;229;228;230m[38;2;56;54;57m▁[48;2;244;242;245m[38;2;0;0;0m [48;2;250;250;252m[38;2;250;250;252m    [48;2;175;173;176m[38;2;246;245;247m▊[48;2;6;4;7m[38;2;52;50;53m▎[48;2;2;0;3m[38;2;2;0;3m  [48;2;1;1;1m[38;2;1;1;1m                    [0m
[48;2;4;2;10m[38;2;23;2;126m▂▂▂▂▂▂▂▂▂▂▂▂▂▂▂▂▂▂[48;2;5;3;12m[38;2;24;2;129m▂▂[48;2;4;2;10m[38;2;23;2;126m▂▂[48;2;22;21;25m[38;2;202;200;203m▁[48;2;233;231;235m[38;2;127;125;130m▎[48;2;250;250;252m[38;2;250;250;252m    [48;2;243;241;244m[38;2;0;0;0m [48;2;168;162;188m[38;2;38;33;58m┳[48;2;29;23;39m[38;2;47;21;167m▁[48;2;249;245;244m[38;2;164;157;174m▎[48;2;250;250;252m[38;2;250;250;252m    [48;2;177;172;188m[38;2;248;245;245m▊[48;2;19;17;21m[38;2;19;9;116m▂[48;2;5;3;12m[38;2;24;2;129m▂▂[48;2;4;2;10m[38;2;23;2;126m▂▂▂▂▂▂▂▂▂▂▂▂▂▂▂▂▂▂▂▂[0m
[48;2;38;3;183m[38;2;38;3;183m                    [48;2;37;4;181m[38;2;40;6;181m▄[48;2;55;25;191m[38;2;191;179;220m▁[48;2;234;233;233m[38;2;136;124;188m▎[48;2;242;243;237m[38;2;247;245;251m▊[48;2;250;250;252m[38;2;250;250;252m  [48;2;243;243;246m[38;2;0;0;0m [48;2;245;243;246m[38;2;105;90;181m▂[48;2;242;236;245m[38;2;68;42;188m▆[48;2;41;15;175m[38;2;0;0;0m [48;2;50;24;186m[38;2;187;175;227m▂[48;2;247;246;240m[38;2;196;188;228m▎[48;2;250;250;252m[38;2;250;250;252m  [38;2;254;254;255m▌[48;2;239;239;241m[38;2;243;243;245m▌[48;2;223;213;243m[38;2;58;28;184m▆[48;2;38;10;176m[38;2;42;12;184m▄[48;2;38;3;183m[38;2;38;3;183m                      [0m
[48;2;38;3;183m[38;2;38;3;183m                    [48;2;55;32;173m[38;2;208;200;232m▁[48;2;238;233;249m[38;2;142;130;197m▎[48;2;250;250;252m[38;2;250;250;252m  [48;2;245;244;249m[38;2;0;0;0m [48;2;228;225;238m[38;2;87;70;175m▁[48;2;234;227;247m[38;2;73;47;193m▆[48;2;41;14;175m[38;2;0;0;0m [48;2;36;6;183m [48;2;51;19;184m[38;2;194;181;221m▂[48;2;248;247;251m[38;2;205;204;209m▎[48;2;240;239;244m[38;2;252;251;254m┃[48;2;250;250;252m[38;2;250;250;252m  [48;2;212;205;240m[38;2;245;244;243m▊[48;2;225;220;239m[38;2;54;30;177m▆[48;2;40;5;185m[38;2;40;5;185m  [48;2;38;3;183m[38;2;38;3;183m                      [0m
[48;2;38;3;185m[38;2;38;3;185m                  [48;2;38;6;183m[38;2;0;0;0m [48;2;61;36;180m[38;2;188;177;220m▆[48;2;236;235;239m[38;2;0;0;0m [48;2;246;245;249m[38;2;236;235;240m╸[48;2;250;250;252m[38;2;250;250;252m  [48;2;239;235;241m[38;2;93;79;171m▂[48;2;42;14;190m[38;2;126;114;181m▎[48;2;38;3;183m[38;2;38;3;183m  [48;2;46;22;172m[38;2;202;196;219m▂[48;2;247;245;248m[38;2;197;189;229m▎[48;2;250;250;252m[38;2;250;250;252m  [48;2;246;244;250m[38;2;0;0;0m [48;2;231;230;231m[38;2;66;51;173m▂[48;2;204;192;229m[38;2;48;20;179m▆[48;2;42;8;187m[38;2;0;0;0m [48;2;38;3;185m[38;2;38;3;185m                        [0m
[48;2;38;3;185m[38;2;38;3;185m                  [48;2;121;106;192m[38;2;228;226;234m┏[48;2;231;229;234m[38;2;0;0;0m [48;2;250;250;252m[38;2;250;250;252m  [48;2;237;234;241m[38;2;74;61;166m▂[48;2;226;223;224m[38;2;70;47;189m▆[48;2;37;5;180m[38;2;81;46;222m▘[48;2;31;2;174m[38;2;46;11;189m┗[48;2;41;7;201m[38;2;39;11;177m▄[48;2;75;50;181m[38;2;207;199;224m▆[48;2;244;243;248m[38;2;231;230;235m▘[48;2;253;252;254m[38;2;246;245;250m▃[48;2;250;250;252m[38;2;250;250;252m  [48;2;229;223;238m[38;2;80;56;176m▂[48;2;34;4;184m[38;2;72;46;185m▎[48;2;38;3;185m[38;2;38;3;185m                          [0m
[48;2;38;3;185m[38;2;38;3;185m                  [48;2;173;135;174m[38;2;158;60;119m▅[48;2;238;206;208m[38;2;204;64;102m▂[48;2;240;230;233m[38;2;198;84;107m▂[48;2;214;217;229m[38;2;89;51;174m▆[48;2;37;3;180m[38;2;76;41;219m▘[48;2;36;6;179m[38;2;35;4;178m▄[48;2;38;3;185m[38;2;38;3;185m  [48;2;41;7;180m[38;2;0;0;0m [48;2;170;155;210m[38;2;42;9;188m▆[48;2;226;216;229m[38;2;196;57;116m▂[48;2;241;234;227m[38;2;213;79;112m▂[48;2;234;241;237m[38;2;215;115;130m▃[48;2;203;190;232m[38;2;60;26;178m▆[48;2;40;5;185m[38;2;40;5;185m  [48;2;38;3;185m[38;2;38;3;185m                          [0m
[48;2;38;3;185m[38;2;38;3;185m                [48;2;36;0;189m[38;2;36;4;165m▗[48;2;36;3;169m[38;2;36;23;64m▂[48;2;111;39;101m[38;2;14;9;29m▆[48;2;178;56;79m[38;2;45;21;31m▃[48;2;202;68;89m[38;2;28;9;16m▂[48;2;100;37;143m[38;2;190;67;87m▆[48;2;59;21;79m[38;2;198;63;94m▂[48;2;55;12;155m[38;2;24;16;19m▆[48;2;36;13;142m[38;2;5;3;13m▆▆▆▆[48;2;187;65;91m[38;2;65;23;22m▃[48;2;207;67;99m[38;2;0;0;0m [48;2;213;73;101m [48;2;89;36;130m[38;2;218;76;103m▆[48;2;40;16;68m[38;2;202;62;93m▂▂[48;2;37;14;143m[38;2;6;4;14m▆▆[48;2;44;11;175m[38;2;22;6;70m▃[48;2;36;2;182m[38;2;33;2;155m▖[48;2;38;3;185m[38;2;38;3;185m                      [0m
[48;2;38;3;185m[38;2;38;3;185m                [48;2;37;1;184m[38;2;37;3;172m▝[48;2;37;16;109m[38;2;37;3;178m▆[48;2;15;5;50m[38;2;37;4;179m▂[48;2;15;8;30m[38;2;37;8;159m▂[48;2;15;8;26m[38;2;39;11;178m▂[48;2;131;43;69m[38;2;23;6;79m▆[48;2;138;46;74m[38;2;28;8;82m▆[48;2;22;11;30m[38;2;47;14;183m▂[48;2;8;3;24m[38;2;39;10;180m▂▂▂▂[48;2;16;9;27m[38;2;40;12;179m▂[48;2;132;44;70m[38;2;23;7;80m▆[48;2;167;48;81m[38;2;24;10;81m▆▆[48;2;148;48;74m[38;2;28;10;81m▆▆[48;2;8;6;12m[38;2;31;5;151m▃▃[48;2;37;24;67m[38;2;37;3;171m▆[48;2;37;0;191m[38;2;37;4;168m▘[48;2;38;3;185m[38;2;38;3;185m                      [0m
[48;2;40;2;185m[38;2;40;2;185m                                                            [0m
[48;2;40;2;185m[38;2;40;2;185m                                                            [0m
