[48;2;1;1;1m[38;2;1;1;1m                                                            [0m
[48;2;1;1;1m[38;2;1;1;1m                                                            [0m
[48;2;1;1;1m[38;2;1;1;1m                                                            [0m
[48;2;1;1;1m[38;2;1;1;1m                                                            [0m
[48;2;1;1;1m[38;2;1;1;1m                            [48;2;1;1;3m[38;2;1;1;3m  [48;2;1;1;1m[38;2;1;1;1m                              [0m
[48;2;1;1;1m[38;2;1;1;1m                        [48;2;1;1;3m[38;2;1;1;3m    [48;2;3;1;6m[38;2;3;1;6m  [48;2;2;0;3m[38;2;2;0;3m  [48;2;1;1;1m[38;2;1;1;1m  [48;2;5;3;6m[38;2;5;3;6m  [48;2;3;3;3m[38;2;3;3;3m  [48;2;2;2;2m[38;2;2;2;2m  [48;2;1;1;1m[38;2;1;1;1m                    [0m
[48;2;1;1;1m[38;2;1;1;1m                        [48;2;3;1;6m[38;2;3;1;6m      [48;2;1;1;3m[38;2;1;1;3m  [48;2;1;0;2m[38;2;24;22;25m▄[48;2;27;25;28m[38;2;207;206;208m▄[48;2;150;148;151m[38;2;240;238;241m▇[48;2;176;174;177m[38;2;248;246;248m▇[48;2;175;173;176m[38;2;246;244;247m▇▇[48;2;165;160;164m[38;2;232;227;231m▊[48;2;8;5;7m[38;2;45;40;44m▎[48;2;1;1;3m[38;2;1;1;3m  [48;2;1;1;1m[38;2;1;1;1m                  [0m
[48;2;1;1;1m[38;2;1;1;1m                        [48;2;1;1;3m[38;2;1;1;3m  [48;2;3;1;6m[38;2;3;1;6m  [48;2;1;1;3m[38;2;1;1;3m    [48;2;52;50;53m[38;2;6;4;7m▊[48;2;246;245;247m[38;2;175;173;176m▎[48;2;249;247;250m[38;2;249;247;250m  [48;2;236;229;231m[38;2;202;88;106m▄[48;2;201;87;106m[38;2;25;13;16m▄[48;2;47;45;48m[38;2;5;4;6m▆[48;2;1;0;2m[38;2;13;11;14m⎼[48;2;3;1;4m[38;2;3;1;4m  [48;2;1;1;3m[38;2;1;1;3m  [48;2;1;1;1m[38;2;1;1;1m                [0m
[48;2;1;1;1m[38;2;1;1;1m                    [48;2;2;2;4m[38;2;2;2;4m  [48;2;3;1;6m[38;2;3;1;6m    [48;2;1;1;3m[38;2;1;1;3m      [48;2;54;52;55m[38;2;7;5;8m▊[48;2;248;246;248m[38;2;177;175;178m▎[48;2;253;249;253m[38;2;246;241;245m┃[48;2;238;233;237m[38;2;255;253;255m▌[48;2;220;65;97m[38;2;207;71;97m▌[48;2;207;78;101m[38;2;172;69;83m▝[48;2;18;17;19m[38;2;231;229;232m▄▄[48;2;19;17;20m[38;2;232;230;233m▄▄[48;2;15;14;16m[38;2;200;198;201m▄[48;2;15;13;16m[38;2;0;0;0m [48;2;1;0;2m[38;2;7;5;8m▃▃[48;2;2;2;2m[38;2;2;2;2m  [48;2;1;1;1m[38;2;1;1;1m            [0m
[48;2;1;1;1m[38;2;1;1;1m                [48;2;2;0;3m[38;2;2;0;3m  [48;2;3;1;4m[38;2;3;1;4m  [48;2;3;1;6m[38;2;3;1;6m    [48;2;1;1;3m[38;2;1;1;3m  [48;2;1;1;1m[38;2;1;1;1m    [48;2;1;0;2m[38;2;55;53;56m▁[48;2;30;28;31m[38;2;216;214;217m▄[48;2;226;226;228m[38;2;248;248;249m▄[48;2;250;250;252m[38;2;243;243;245m▘[48;2;248;246;249m[38;2;248;246;249m  [48;2;215;86;108m[38;2;246;242;244m▄▄[48;2;243;242;244m[38;2;179;177;180m▁[48;2;230;228;231m[38;2;0;0;0m [48;2;233;231;234m[38;2;27;26;28m▄[48;2;234;232;235m[38;2;43;41;44m▄[48;2;244;242;245m[38;2;168;166;169m▁[48;2;242;240;243m[38;2;184;182;185m▁[48;2;160;124;131m[38;2;235;224;223m▊[48;2;186;67;101m[38;2;39;24;24m▄[48;2;92;26;36m[38;2;189;65;85m▊[48;2;17;3;7m[38;2;4;10;11m┃[48;2;1;1;3m[38;2;1;1;3m  [48;2;1;1;1m[38;2;1;1;1m          [0m
[48;2;1;1;1m[38;2;1;1;1m            [48;2;1;1;3m[38;2;1;1;3m  [48;2;3;1;6m[38;2;3;1;6m          [48;2;1;1;1m[38;2;1;1;1m    [48;2;3;1;4m[38;2;3;1;4m  [48;2;246;245;250m[38;2;145;144;149m▎[48;2;254;253;255m[38;2;255;254;255m│[48;2;250;250;252m[38;2;250;250;252m    [48;2;255;255;255m[38;2;245;245;247m▌[48;2;174;174;176m▊[48;2;6;5;7m[38;2;23;21;24m▌[48;2;2;1;3m[38;2;13;11;14m▝[48;2;1;1;3m[38;2;1;1;3m  [48;2;13;11;14m[38;2;3;1;4m▅▅[48;2;4;2;5m[38;2;4;2;5m  [48;2;3;1;4m[38;2;3;1;4m  [48;2;1;1;1m[38;2;1;1;1m            [0m
[48;2;1;1;1m[38;2;1;1;1m            [48;2;3;1;6m[38;2;3;1;6m        [48;2;1;1;1m[38;2;1;1;1m        [48;2;50;48;51m[38;2;1;0;2m▊[48;2;39;37;40m[38;2;214;213;215m▄[48;2;238;238;239m[38;2;0;0;0m [48;2;249;249;250m[38;2;232;232;234m╵[48;2;250;250;252m[38;2;250;250;252m    [48;2;255;255;255m[38;2;245;245;247m▌[48;2;174;174;176m▊[48;2;4;2;5m[38;2;20;18;21m▌[48;2;7;5;8m[38;2;1;0;2m▊[48;2;3;1;4m[38;2;3;1;4m  [48;2;3;1;6m[38;2;3;1;6m    [48;2;3;1;4m[38;2;3;1;4m  [48;2;1;1;1m[38;2;1;1;1m            [0m
[48;2;1;1;1m[38;2;1;1;1m            [48;2;1;1;3m[38;2;1;1;3m  [48;2;3;1;6m[38;2;3;1;6m    [48;2;1;1;3m[38;2;1;1;3m  [48;2;1;1;1m[38;2;1;1;1m  [48;2;1;1;3m[38;2;1;1;3m  [48;2;1;1;1m[38;2;1;1;1m    [48;2;23;21;24m[38;2;1;0;2m▊[48;2;226;224;227m[38;2;135;133;136m▎[48;2;244;244;245m[38;2;134;134;136m▁[38;2;0;0;0m [48;2;250;250;252m[38;2;250;250;252m    [48;2;247;246;248m[38;2;0;0;0m [48;2;206;204;207m [48;2;4;2;7m[38;2;20;18;23m▌[48;2;7;5;10m[38;2;1;0;4m▊[48;2;3;1;6m[38;2;3;1;6m      [48;2;1;1;3m[38;2;1;1;3m  [48;2;1;1;1m[38;2;1;1;1m            [0m
[48;2;1;1;1m[38;2;1;1;1m              [48;2;2;0;3m[38;2;2;0;3m  [48;2;1;1;3m[38;2;1;1;3m  [48;2;1;1;1m[38;2;1;1;1m      [48;2;2;0;3m[38;2;2;0;3m  [48;2;3;1;4m[38;2;3;1;4m  [48;2;20;16;19m[38;2;144;139;143m▁[48;2;44;39;43m[38;2;215;211;215m▄[48;2;28;22;26m[38;2;187;181;185m▁[48;2;218;213;216m[38;2;68;62;66m▅[48;2;249;249;251m[38;2;231;231;233m▌[38;2;255;255;255m▌[38;2;249;249;251m  [48;2;224;220;224m[38;2;115;110;114m▁[48;2;3;0;2m[38;2;16;11;15m▎[48;2;3;1;4m[38;2;3;1;4m    [48;2;1;1;3m[38;2;1;1;3m  [48;2;3;1;6m[38;2;3;1;6m  [48;2;1;1;1m[38;2;1;1;1m              [0m
[48;2;1;1;1m[38;2;1;1;1m                [48;2;1;1;3m[38;2;1;1;3m  [48;2;1;1;1m[38;2;1;1;1m    [48;2;3;1;6m[38;2;3;1;6m    [48;2;6;5;7m[38;2;0;0;0m [48;2;1;0;2m[38;2;10;8;11m▄[48;2;243;241;244m[38;2;152;150;153m▎[48;2;250;248;250m[38;2;234;232;235m╷[48;2;249;249;251m[38;2;249;249;251m  [48;2;250;250;252m[38;2;250;250;252m  [48;2;244;234;233m[38;2;232;132;161m▁[48;2;225;220;216m[38;2;196;84;116m▅[48;2;4;2;5m[38;2;20;18;21m▌[48;2;7;5;8m[38;2;1;0;2m▊[48;2;1;1;1m[38;2;1;1;1m                      [0m
[48;2;1;1;1m[38;2;1;1;1m                    [48;2;0;0;0m[38;2;0;0;0m  [48;2;1;1;3m[38;2;1;1;3m  [48;2;2;0;3m[38;2;2;0;3m  [48;2;13;11;14m[38;2;102;100;103m▂[48;2;239;237;240m[38;2;147;145;148m▎[48;2;250;250;252m[38;2;250;250;252m    [48;2;253;251;253m[38;2;245;243;246m┃[48;2;237;235;238m[38;2;255;254;255m▌[48;2;197;71;92m[38;2;28;15;19m▅[48;2;191;65;86m[38;2;21;8;11m▅[48;2;3;1;4m[38;2;3;1;4m  [48;2;1;1;3m[38;2;1;1;3m    [48;2;1;1;1m[38;2;1;1;1m                  [0m
[48;2;1;1;1m[38;2;1;1;1m                        [48;2;2;0;3m[38;2;2;0;3m  [48;2;239;237;240m[38;2;129;127;130m▎[48;2;254;252;254m[38;2;239;237;240m│[48;2;250;250;252m[38;2;250;250;252m    [48;2;248;248;250m[38;2;248;248;250m  [48;2;48;43;47m[38;2;217;212;216m▅[48;2;11;7;10m[38;2;33;29;32m▎[48;2;3;1;6m[38;2;3;1;6m  [48;2;3;1;4m[38;2;3;1;4m  [48;2;3;1;6m[38;2;3;1;6m  [48;2;1;1;1m[38;2;1;1;1m                  [0m
[48;2;1;1;1m[38;2;1;1;1m                    [48;2;2;0;3m[38;2;2;0;3m  [48;2;1;1;1m[38;2;1;1;1m  [48;2;1;0;2m[38;2;10;8;11m━[38;2;8;6;9m▃[48;2;240;239;241m[38;2;132;130;133m▎[48;2;255;254;255m[38;2;251;249;252m│[48;2;250;250;252m[38;2;250;250;252m      [48;2;240;239;241m[38;2;0;0;0m [48;2;46;44;47m[38;2;220;219;221m▅[48;2;8;6;9m[38;2;13;11;14m▌[48;2;1;0;2m[38;2;3;1;4m▎[48;2;3;1;6m[38;2;3;1;6m  [48;2;2;0;3m[38;2;2;0;3m  [48;2;1;1;1m[38;2;1;1;1m                  [0m
[48;2;1;1;1m[38;2;1;1;1m                  [48;2;1;1;3m[38;2;1;1;3m  [48;2;2;0;3m[38;2;2;0;3m  [48;2;1;1;3m[38;2;1;1;3m  [48;2;24;22;27m[38;2;1;0;4m▊[48;2;239;237;241m[38;2;110;108;113m▎[48;2;250;250;252m[38;2;250;250;252m        [48;2;253;253;254m[38;2;246;246;248m▃[48;2;244;244;246m[38;2;231;231;233m▝[48;2;46;44;47m[38;2;217;215;218m▅[48;2;1;0;2m[38;2;58;56;59m▎[48;2;3;1;6m[38;2;3;1;6m  [48;2;1;1;3m[38;2;1;1;3m  [48;2;1;1;1m[38;2;1;1;1m                  [0m
[48;2;1;1;1m[38;2;1;1;1m                  [48;2;2;0;3m[38;2;2;0;3m    [48;2;3;1;6m[38;2;3;1;6m  [48;2;80;75;79m[38;2;228;224;227m┏[48;2;235;231;234m[38;2;0;0;0m [48;2;250;250;252m[38;2;250;250;252m          [48;2;175;173;176m[38;2;246;245;247m▊[48;2;6;4;7m[38;2;52;50;53m▎[48;2;2;0;3m[38;2;2;0;3m  [48;2;1;1;1m[38;2;1;1;1m                    [0m
[48;2;4;2;10m[38;2;23;2;126m▂▂▂▂▂▂▂▂▂▂▂▂▂▂▂▂▂▂[48;2;5;3;12m[38;2;24;2;129m▂▂[48;2;4;2;10m[38;2;23;2;126m▂▂[48;2;11;6;24m[38;2;43;15;165m▁[48;2;48;44;49m[38;2;193;187;204m▅[48;2;232;230;232m[38;2;0;0;0m [48;2;250;248;250m[38;2;238;236;239m╸[48;2;250;250;252m[38;2;250;250;252m  [48;2;249;249;251m[38;2;249;249;251m  [48;2;206;203;207m[38;2;48;41;77m▅[48;2;247;245;246m[38;2;190;186;198m▎[48;2;250;250;252m[38;2;250;250;252m    [48;2;177;172;188m[38;2;248;245;245m▊[48;2;19;17;21m[38;2;19;9;116m▂[48;2;5;3;12m[38;2;24;2;129m▂▂[48;2;4;2;10m[38;2;23;2;126m▂▂▂▂▂▂▂▂▂▂▂▂▂▂▂▂▂▂▂▂[0m
[48;2;38;3;183m[38;2;38;3;183m                    [48;2;38;3;185m[38;2;38;3;185m  [48;2;104;87;194m[38;2;218;213;240m┏[48;2;232;231;236m[38;2;0;0;0m [48;2;250;250;252m[38;2;250;250;252m    [48;2;240;237;243m[38;2;100;80;190m▂[48;2;243;241;239m[38;2;66;43;183m▆[48;2;60;32;181m[38;2;20;0;175m│[48;2;247;242;246m[38;2;196;185;227m▎[48;2;250;250;252m[38;2;250;250;252m  [38;2;254;254;255m▌[48;2;239;239;241m[38;2;243;243;245m▌[48;2;223;213;243m[38;2;58;28;184m▆[48;2;38;10;176m[38;2;42;12;184m▄[48;2;38;3;183m[38;2;38;3;183m                      [0m
[48;2;38;3;183m[38;2;38;3;183m                    [48;2;40;8;185m[38;2;34;4;176m▗[48;2;53;29;187m[38;2;190;180;218m▆[48;2;236;235;239m[38;2;0;0;0m [48;2;246;245;250m[38;2;236;235;241m╸[48;2;250;250;252m[38;2;250;250;252m  [48;2;245;244;248m[38;2;0;0;0m [48;2;242;241;244m[38;2;101;84;191m▂[48;2;40;13;178m[38;2;109;88;194m▎[48;2;43;15;183m[38;2;190;178;225m▂[48;2;52;36;172m[38;2;227;224;239m▆[48;2;241;241;242m[38;2;0;0;0m [48;2;250;250;252m[38;2;250;250;252m  [48;2;212;205;240m[38;2;245;244;243m▊[48;2;225;220;239m[38;2;54;30;177m▆[48;2;40;5;185m[38;2;40;5;185m  [48;2;38;3;183m[38;2;38;3;183m                      [0m
[48;2;38;3;185m[38;2;38;3;185m                    [48;2;63;40;178m[38;2;193;188;216m▆[48;2;235;233;242m[38;2;0;0;0m [48;2;250;250;252m[38;2;250;250;252m  [48;2;247;246;248m[38;2;0;0;0m [48;2;222;219;234m[38;2;65;51;169m▁[48;2;226;215;247m[38;2;71;45;189m▆[48;2;38;9;174m[38;2;0;0;0m [48;2;57;39;166m[38;2;213;209;232m▆[48;2;245;245;245m[38;2;0;0;0m [48;2;250;250;252m[38;2;250;250;252m  [48;2;246;244;250m[38;2;0;0;0m [48;2;231;230;231m[38;2;66;51;173m▂[48;2;204;192;229m[38;2;48;20;179m▆[48;2;42;8;187m[38;2;0;0;0m [48;2;38;3;185m[38;2;38;3;185m                        [0m
[48;2;38;3;185m[38;2;38;3;185m                  [48;2;39;14;183m[38;2;148;54;132m▂[48;2;116;106;190m[38;2;206;114;148m▄[48;2;232;228;233m[38;2;0;0;0m [48;2;255;253;255m[38;2;249;244;250m▊[48;2;245;243;250m[38;2;250;250;235m▖[48;2;221;218;233m[38;2;84;70;186m▁[48;2;213;205;226m[38;2;64;38;185m▆[48;2;51;18;186m[38;2;0;0;0m [48;2;42;9;200m[38;2;32;9;158m▗[48;2;75;50;181m[38;2;207;199;223m▆[48;2;241;241;243m[38;2;251;251;252m▄[48;2;250;250;251m[38;2;240;240;242m▃[48;2;250;250;252m[38;2;250;250;252m  [48;2;229;223;238m[38;2;80;56;176m▂[48;2;34;4;184m[38;2;72;46;185m▎[48;2;38;3;185m[38;2;38;3;185m                          [0m
[48;2;38;3;185m[38;2;38;3;185m                  [48;2;96;30;145m[38;2;177;72;99m┗[48;2;214;67;106m[38;2;138;55;106m▖[48;2;234;169;177m[38;2;213;69;104m▆[48;2;234;210;205m[38;2;203;61;95m▂[48;2;225;214;239m[38;2;70;48;170m▆[48;2;47;18;180m[38;2;0;0;0m [48;2;38;3;185m[38;2;38;3;185m  [48;2;40;8;181m[38;2;0;0;0m [48;2;169;156;212m[38;2;41;10;189m▆[48;2;239;212;210m[38;2;195;66;100m▆[48;2;243;227;234m[38;2;205;109;143m▃[48;2;234;241;237m[38;2;215;115;130m▃[48;2;203;190;232m[38;2;60;26;178m▆[48;2;40;5;185m[38;2;40;5;185m  [48;2;38;3;185m[38;2;38;3;185m                          [0m
[48;2;38;3;185m[38;2;38;3;185m                [48;2;36;0;189m[38;2;36;4;165m▗[48;2;36;3;169m[38;2;36;23;64m▂[48;2;34;13;132m[38;2;11;7;25m▅[48;2;128;38;93m[38;2;10;6;10m▆[48;2;176;63;83m[38;2;51;11;9m▃[48;2;205;70;97m[38;2;0;0;0m [48;2;74;32;69m[38;2;189;68;94m▂[48;2;35;9;135m[38;2;27;13;25m▆[48;2;36;13;142m[38;2;5;3;13m▆▆▆▆[48;2;140;49;83m[38;2;25;4;13m▆[48;2;176;64;82m[38;2;19;14;4m▂[48;2;220;73;104m[38;2;198;70;94m▄[48;2;88;35;129m[38;2;214;75;101m▆[48;2;40;16;68m[38;2;202;62;93m▂▂[48;2;37;14;143m[38;2;6;4;14m▆▆[48;2;44;11;175m[38;2;22;6;70m▃[48;2;36;2;182m[38;2;33;2;155m▖[48;2;38;3;185m[38;2;38;3;185m                      [0m
[48;2;38;3;185m[38;2;38;3;185m                [48;2;37;1;184m[38;2;37;3;172m▝[48;2;37;16;109m[38;2;37;3;178m▆[48;2;15;5;50m[38;2;37;4;179m▂[48;2;15;8;30m[38;2;37;8;159m▂[48;2;15;8;26m[38;2;39;11;178m▂[48;2;131;43;69m[38;2;23;6;79m▆[48;2;137;45;73m[38;2;27;7;82m▆[48;2;21;10;29m[38;2;46;13;182m▂[48;2;8;3;24m[38;2;39;10;180m▂▂▂▂▂▂[48;2;147;47;73m[38;2;27;9;80m▆▆[48;2;148;48;74m[38;2;28;10;81m▆▆[48;2;8;6;12m[38;2;31;5;151m▃▃[48;2;37;24;67m[38;2;37;3;171m▆[48;2;37;0;191m[38;2;37;4;168m▘[48;2;38;3;185m[38;2;38;3;185m                      [0m
[48;2;40;2;185m[38;2;40;2;185m                                                            [0m
[48;2;40;2;185m[38;2;40;2;185m                                                            [0m
