[48;2;1;1;1m[38;2;1;1;1m                                                            [0m
[48;2;1;1;1m[38;2;1;1;1m                                                            [0m
[48;2;1;1;1m[38;2;1;1;1m                                                            [0m
[48;2;1;1;1m[38;2;1;1;1m                                                            [0m
[48;2;1;1;1m[38;2;1;1;1m                            [48;2;1;1;3m[38;2;1;1;3m  [48;2;1;1;1m[38;2;1;1;1m                              [0m
[48;2;1;1;1m[38;2;1;1;1m                        [48;2;1;1;3m[38;2;1;1;3m    [48;2;3;1;6m[38;2;3;1;6m  [48;2;2;0;3m[38;2;2;0;3m  [48;2;1;1;1m[38;2;1;1;1m  [48;2;5;3;6m[38;2;5;3;6m  [48;2;3;3;3m[38;2;3;3;3m  [48;2;1;1;1m[38;2;1;1;1m                      [0m
[48;2;1;1;1m[38;2;1;1;1m                        [48;2;3;1;6m[38;2;3;1;6m      [48;2;1;1;3m[38;2;1;1;3m  [48;2;1;0;2m[38;2;24;22;25m▄[48;2;27;25;28m[38;2;207;206;208m▄[48;2;150;148;151m[38;2;240;238;241m▇[48;2;176;174;177m[38;2;248;246;248m▇[48;2;170;168;171m[38;2;243;241;244m▇[48;2;149;147;150m[38;2;237;235;238m▇[48;2;22;18;21m[38;2;195;190;194m▄[48;2;3;0;2m[38;2;5;0;4m▄[48;2;1;1;3m[38;2;1;1;3m  [48;2;1;1;1m[38;2;1;1;1m                  [0m
[48;2;1;1;1m[38;2;1;1;1m                        [48;2;1;1;3m[38;2;1;1;3m  [48;2;3;1;6m[38;2;3;1;6m  [48;2;1;1;3m[38;2;1;1;3m    [48;2;52;50;53m[38;2;6;4;7m▊[48;2;246;245;247m[38;2;175;173;176m▎[48;2;249;247;250m[38;2;249;247;250m  [48;2;236;229;231m[38;2;202;88;106m▄[48;2;201;87;106m[38;2;25;13;16m▄[48;2;70;68;71m[38;2;10;8;11m▇[48;2;4;2;5m[38;2;0;0;0m [48;2;3;1;4m[38;2;3;1;4m  [48;2;1;1;3m[38;2;1;1;3m  [48;2;1;1;1m[38;2;1;1;1m                [0m
[48;2;1;1;1m[38;2;1;1;1m                    [48;2;2;2;4m[38;2;2;2;4m  [48;2;3;1;6m[38;2;3;1;6m    [48;2;1;1;3m[38;2;1;1;3m      [48;2;54;52;55m[38;2;7;5;8m▊[48;2;248;246;248m[38;2;177;175;178m▎[48;2;253;249;253m[38;2;246;241;245m┃[48;2;238;233;237m[38;2;255;253;255m▌[48;2;220;65;97m[38;2;207;71;97m▌[48;2;207;78;101m[38;2;172;69;83m▝[48;2;18;16;19m[38;2;230;228;231m▄▄[48;2;14;13;15m[38;2;208;206;209m▄[48;2;1;0;2m[38;2;6;4;7m▄[48;2;4;3;5m[38;2;45;43;46m▁▁[48;2;3;3;5m[38;2;3;3;5m  [48;2;1;1;1m[38;2;1;1;1m              [0m
[48;2;1;1;1m[38;2;1;1;1m                [48;2;2;0;3m[38;2;2;0;3m  [48;2;3;1;4m[38;2;3;1;4m  [48;2;3;1;6m[38;2;3;1;6m    [48;2;1;1;3m[38;2;1;1;3m  [48;2;1;1;1m[38;2;1;1;1m    [48;2;1;0;2m[38;2;55;53;56m▁[48;2;30;28;31m[38;2;216;214;217m▄[48;2;226;226;228m[38;2;248;248;249m▄[48;2;250;250;252m[38;2;243;243;245m▘[48;2;248;246;249m[38;2;248;246;249m  [48;2;215;86;108m[38;2;244;241;243m▄▄[48;2;245;243;246m[38;2;226;224;227m╴[48;2;255;254;255m[38;2;245;243;246m▂[48;2;246;242;246m[38;2;171;166;170m▁[48;2;244;240;243m[38;2;187;182;186m▁[48;2;244;239;243m[38;2;186;181;185m▁▁[48;2;158;127;133m[38;2;230;224;223m▊[48;2;27;20;17m[38;2;181;63;98m▄[48;2;23;14;12m[38;2;157;56;85m▄[48;2;9;4;2m[38;2;0;0;0m [48;2;1;1;3m[38;2;1;1;3m  [48;2;1;1;1m[38;2;1;1;1m          [0m
[48;2;1;1;1m[38;2;1;1;1m            [48;2;1;1;3m[38;2;1;1;3m  [48;2;3;1;6m[38;2;3;1;6m          [48;2;1;1;1m[38;2;1;1;1m    [48;2;1;0;2m[38;2;13;11;14m━[48;2;8;7;9m[38;2;78;76;79m▁[48;2;243;243;245m[38;2;152;152;154m▎[48;2;252;252;253m[38;2;244;244;246m┃[48;2;250;250;252m[38;2;250;250;252m    [48;2;249;249;250m[38;2;232;232;234m╷[48;2;238;238;239m[38;2;0;0;0m [48;2;204;199;203m[38;2;19;14;18m▄[48;2;35;30;34m[38;2;3;0;2m▇[48;2;13;11;14m[38;2;3;1;4m▅▅▅▅[48;2;15;10;14m[38;2;4;0;3m▄▄[48;2;46;14;23m[38;2;193;75;113m▘[48;2;7;2;1m[38;2;0;0;0m [48;2;1;1;1m[38;2;1;1;1m            [0m
[48;2;1;1;1m[38;2;1;1;1m            [48;2;3;1;6m[38;2;3;1;6m        [48;2;1;1;1m[38;2;1;1;1m        [48;2;1;0;2m[38;2;22;20;23m▄[48;2;244;242;245m[38;2;145;143;146m▎[48;2;250;250;252m[38;2;250;250;252m      [48;2;255;255;255m[38;2;245;245;247m▌[48;2;174;174;176m▊[48;2;4;2;5m[38;2;20;18;21m▌[48;2;7;5;8m[38;2;1;0;2m▊[48;2;3;1;4m[38;2;3;1;4m  [48;2;3;1;6m[38;2;3;1;6m    [48;2;3;1;4m[38;2;3;1;4m  [48;2;1;1;1m[38;2;1;1;1m            [0m
[48;2;1;1;1m[38;2;1;1;1m            [48;2;1;1;3m[38;2;1;1;3m  [48;2;3;1;6m[38;2;3;1;6m    [48;2;1;1;3m[38;2;1;1;3m  [48;2;1;1;1m[38;2;1;1;1m  [48;2;1;1;3m[38;2;1;1;3m  [48;2;1;1;1m[38;2;1;1;1m    [48;2;23;21;24m[38;2;1;0;2m▊[48;2;226;224;227m[38;2;135;133;136m▎[48;2;244;244;245m[38;2;134;134;136m▁[38;2;0;0;0m [48;2;250;250;252m[38;2;250;250;252m    [48;2;210;205;209m[38;2;245;241;245m▊[48;2;219;214;218m[38;2;41;37;40m▅[48;2;4;2;7m[38;2;4;2;7m  [48;2;3;1;6m[38;2;3;1;6m      [48;2;1;1;3m[38;2;1;1;3m  [48;2;1;1;1m[38;2;1;1;1m            [0m
[48;2;1;1;1m[38;2;1;1;1m              [48;2;2;0;3m[38;2;2;0;3m  [48;2;1;1;3m[38;2;1;1;3m  [48;2;1;1;1m[38;2;1;1;1m      [48;2;2;0;3m[38;2;2;0;3m  [48;2;3;1;4m[38;2;3;1;4m  [48;2;20;16;19m[38;2;144;139;143m▁[48;2;44;39;43m[38;2;215;211;215m▄[48;2;28;22;26m[38;2;187;181;185m▁[48;2;218;213;216m[38;2;68;62;66m▅[48;2;249;249;251m[38;2;231;231;233m▌[38;2;255;255;255m▌[48;2;250;250;251m[38;2;241;241;243m┗[48;2;216;216;218m[38;2;248;248;249m▊[48;2;208;206;209m[38;2;26;25;27m▅[48;2;12;11;13m[38;2;0;0;0m [48;2;3;1;4m[38;2;3;1;4m    [48;2;1;1;3m[38;2;1;1;3m  [48;2;3;1;6m[38;2;3;1;6m  [48;2;1;1;1m[38;2;1;1;1m              [0m
[48;2;1;1;1m[38;2;1;1;1m                [48;2;1;1;3m[38;2;1;1;3m  [48;2;1;1;1m[38;2;1;1;1m    [48;2;3;1;6m[38;2;3;1;6m    [48;2;6;5;7m[38;2;0;0;0m [48;2;1;0;2m[38;2;10;8;11m▄[48;2;243;241;244m[38;2;152;150;153m▎[48;2;250;248;250m[38;2;234;232;235m╷[48;2;249;249;251m[38;2;249;249;251m  [48;2;249;244;247m[38;2;0;0;0m [48;2;240;241;243m[38;2;200;158;172m▁[48;2;231;228;230m[38;2;184;141;155m▁[48;2;216;209;211m[38;2;37;29;31m▅[48;2;4;2;5m[38;2;4;2;5m  [48;2;1;1;1m[38;2;1;1;1m                      [0m
[48;2;1;1;1m[38;2;1;1;1m                    [48;2;0;0;0m[38;2;0;0;0m  [48;2;1;1;3m[38;2;1;1;3m  [48;2;2;0;3m[38;2;2;0;3m  [48;2;25;23;26m[38;2;194;192;195m▅[48;2;235;234;236m[38;2;0;0;0m [48;2;250;250;252m[38;2;250;250;252m    [48;2;238;208;214m[38;2;243;246;251m▊[48;2;211;93;113m[38;2;242;188;187m▁[48;2;195;66;90m[38;2;222;156;159m▂[48;2;8;4;9m[38;2;48;14;20m▎[48;2;2;0;3m[38;2;2;0;3m  [48;2;1;1;3m[38;2;1;1;3m    [48;2;1;1;1m[38;2;1;1;1m                  [0m
[48;2;1;1;1m[38;2;1;1;1m                        [48;2;2;0;3m[38;2;2;0;3m  [48;2;239;237;240m[38;2;129;127;130m▎[48;2;254;252;254m[38;2;239;237;240m│[48;2;250;250;252m[38;2;250;250;252m      [48;2;188;183;187m[38;2;247;242;246m▊[48;2;5;1;4m[38;2;64;59;63m▎[48;2;3;1;6m[38;2;3;1;6m  [48;2;3;1;4m[38;2;3;1;4m  [48;2;3;1;6m[38;2;3;1;6m  [48;2;1;1;1m[38;2;1;1;1m                  [0m
[48;2;1;1;1m[38;2;1;1;1m                    [48;2;2;0;3m[38;2;2;0;3m  [48;2;1;1;1m[38;2;1;1;1m  [48;2;3;1;6m[38;2;3;1;6m  [48;2;239;237;240m[38;2;129;127;130m▎[48;2;254;252;254m[38;2;239;237;240m│[48;2;250;250;252m[38;2;250;250;252m      [48;2;189;184;188m[38;2;248;243;247m▊[48;2;6;1;5m[38;2;65;60;64m▎[48;2;1;1;3m[38;2;1;1;3m  [48;2;3;1;6m[38;2;3;1;6m  [48;2;2;0;3m[38;2;2;0;3m  [48;2;1;1;1m[38;2;1;1;1m                  [0m
[48;2;1;1;1m[38;2;1;1;1m                  [48;2;1;1;3m[38;2;1;1;3m  [48;2;2;0;3m[38;2;2;0;3m  [48;2;1;1;3m[38;2;1;1;3m  [48;2;8;7;9m[38;2;0;0;0m [48;2;82;80;83m[38;2;221;220;222m┏[48;2;251;251;252m[38;2;193;193;195m▘[48;2;246;246;247m[38;2;244;244;246m▄[48;2;250;250;252m[38;2;250;250;252m      [48;2;240;239;241m[38;2;0;0;0m [48;2;47;45;48m[38;2;227;225;228m▅[48;2;9;7;10m[38;2;14;12;15m▌[48;2;1;0;2m[38;2;4;2;5m▎[48;2;3;1;6m[38;2;3;1;6m  [48;2;1;1;3m[38;2;1;1;3m  [48;2;1;1;1m[38;2;1;1;1m                  [0m
[48;2;1;1;1m[38;2;1;1;1m                  [48;2;2;0;3m[38;2;2;0;3m    [48;2;6;4;9m[38;2;0;0;0m [48;2;20;19;23m[38;2;170;168;173m▁[48;2;37;35;38m[38;2;212;210;213m▅[48;2;234;232;235m[38;2;0;0;0m [48;2;250;250;252m[38;2;250;250;252m        [48;2;255;254;255m[38;2;251;249;252m▄[48;2;187;185;188m[38;2;245;243;246m▊[48;2;1;0;2m[38;2;36;34;37m▎[48;2;2;0;3m[38;2;9;7;10m┃[38;2;2;0;3m  [48;2;1;1;1m[38;2;1;1;1m                    [0m
[48;2;4;2;10m[38;2;23;2;126m▂▂▂▂▂▂▂▂▂▂▂▂▂▂▂▂▂▂[48;2;5;3;12m[38;2;24;2;129m▂▂[48;2;4;2;10m[38;2;23;2;126m▂▂[48;2;22;21;25m[38;2;202;200;203m▁[48;2;233;231;235m[38;2;127;125;130m▎[48;2;250;250;252m[38;2;250;250;252m    [48;2;245;245;246m[38;2;0;0;0m [48;2;231;228;239m[38;2;71;55;156m▁[48;2;210;208;208m[38;2;42;34;83m▅[48;2;230;227;233m[38;2;0;0;0m [48;2;250;250;252m[38;2;250;250;252m  [48;2;255;255;255m[38;2;251;251;253m▄[48;2;187;187;189m[38;2;245;245;247m▊[48;2;17;13;32m[38;2;36;13;163m▁[48;2;7;5;12m[38;2;26;5;129m▂[48;2;5;3;12m[38;2;24;2;129m▂▂[48;2;4;2;10m[38;2;23;2;126m▂▂▂▂▂▂▂▂▂▂▂▂▂▂▂▂▂▂▂▂[0m
[48;2;38;3;183m[38;2;38;3;183m                    [48;2;37;4;181m[38;2;40;6;181m▄[48;2;55;25;191m[38;2;191;179;220m▁[48;2;234;233;233m[38;2;136;124;188m▎[48;2;242;243;237m[38;2;247;245;251m▊[48;2;250;250;252m[38;2;250;250;252m  [48;2;243;242;245m[38;2;0;0;0m [48;2;244;242;246m[38;2;105;90;181m▂[48;2;201;193;216m[38;2;53;30;184m▅[48;2;54;26;186m[38;2;202;191;235m▂[48;2;48;25;170m[38;2;221;218;234m▆[48;2;239;238;240m[38;2;0;0;0m [48;2;250;250;252m[38;2;250;250;252m  [48;2;244;243;247m[38;2;0;0;0m [48;2;235;235;235m[38;2;82;62;187m▂[48;2;38;4;179m[38;2;56;22;197m▌[48;2;41;7;182m[38;2;32;0;173m▌[48;2;38;3;183m[38;2;38;3;183m                      [0m
[48;2;38;3;183m[38;2;38;3;183m                    [48;2;44;18;173m[38;2;178;168;218m▂[48;2;236;232;247m[38;2;137;124;191m▎[48;2;250;250;252m[38;2;250;250;252m    [48;2;241;235;241m[38;2;99;78;178m▂[48;2;42;9;186m[38;2;107;88;181m▎[48;2;44;20;172m[38;2;200;194;219m▂[48;2;246;243;248m[38;2;195;186;228m▎[48;2;250;250;252m[38;2;250;250;252m  [48;2;249;249;251m[38;2;249;249;251m  [48;2;229;223;239m[38;2;75;51;174m▂[48;2;35;5;187m[38;2;62;36;176m▎[48;2;38;3;183m[38;2;38;3;183m                        [0m
[48;2;38;3;185m[38;2;38;3;185m                  [48;2;39;5;181m[38;2;42;9;181m▄[48;2;57;26;191m[38;2;192;181;220m▁[48;2;237;234;243m[38;2;138;130;178m▎[48;2;247;246;244m[38;2;0;0;0m [48;2;250;250;252m[38;2;250;250;252m  [48;2;237;234;242m[38;2;82;66;174m▂[48;2;233;230;230m[38;2;68;44;187m▆[48;2;47;16;178m[38;2;0;0;0m [48;2;47;18;185m[38;2;199;187;229m▂[48;2;242;241;245m[38;2;185;184;190m▎[48;2;251;250;253m[38;2;245;244;249m▝[48;2;250;250;252m[38;2;250;250;252m  [48;2;245;243;250m[38;2;0;0;0m [48;2;227;226;229m[38;2;71;54;180m▂[48;2;29;0;170m[38;2;60;26;201m▌[48;2;35;1;176m[38;2;43;9;184m┃[48;2;38;3;185m[38;2;38;3;185m                        [0m
[48;2;38;3;185m[38;2;38;3;185m                  [48;2;114;105;193m[38;2;177;124;174m▄[48;2;225;208;224m[38;2;219;83;104m▂[48;2;250;247;250m[38;2;214;209;213m▖[48;2;251;248;251m[38;2;0;0;0m [48;2;239;236;242m[38;2;75;63;167m▂[48;2;227;224;225m[38;2;70;47;189m▆[48;2;44;14;186m[38;2;0;0;0m [48;2;42;9;185m[38;2;27;0;170m▂[48;2;63;42;180m[38;2;200;196;217m▆[48;2;242;241;243m[38;2;0;0;0m [48;2;250;250;252m[38;2;250;250;252m    [48;2;229;223;238m[38;2;80;56;176m▂[48;2;34;4;184m[38;2;72;46;185m▎[48;2;38;3;185m[38;2;38;3;185m                          [0m
[48;2;38;3;185m[38;2;38;3;185m                [48;2;32;4;182m[38;2;56;3;194m▘[48;2;98;31;153m[38;2;186;62;93m┏[48;2;200;70;93m[38;2;224;73;104m▄[48;2;224;73;104m[38;2;200;70;93m▄[48;2;239;170;190m[38;2;203;69;91m▆[48;2;216;205;228m[38;2;74;23;159m▆[48;2;37;3;180m[38;2;76;41;219m▘[48;2;36;6;179m[38;2;35;4;178m▄[48;2;38;3;185m[38;2;38;3;185m  [48;2;180;174;204m[38;2;41;13;183m▆[48;2;214;207;234m[38;2;38;19;179m▂[48;2;247;250;246m[38;2;210;98;131m▃▃[48;2;234;241;237m[38;2;215;115;130m▃[48;2;203;190;232m[38;2;60;26;178m▆[48;2;40;5;185m[38;2;40;5;185m  [48;2;38;3;185m[38;2;38;3;185m                          [0m
[48;2;38;3;185m[38;2;38;3;185m                [48;2;41;7;169m[38;2;24;3;83m▂[48;2;119;40;92m[38;2;15;15;38m▆[48;2;171;56;79m[38;2;49;14;12m▃[48;2;202;69;98m[38;2;0;0;0m [48;2;211;77;104m[38;2;230;77;74m▘[48;2;143;40;88m[38;2;47;17;54m┗[48;2;32;13;66m[38;2;199;67;100m▂[48;2;49;15;157m[38;2;30;14;20m▆[48;2;36;13;142m[38;2;5;3;13m▆▆▆▆[48;2;187;65;91m[38;2;65;23;22m▃[48;2;207;67;99m[38;2;0;0;0m [48;2;183;62;96m[38;2;219;79;98m▊[48;2;55;24;69m[38;2;205;58;98m▂[48;2;29;13;65m[38;2;184;57;88m▂[48;2;50;20;161m[38;2;20;7;12m▆[48;2;41;12;166m[38;2;11;5;22m▆[48;2;37;8;163m[38;2;7;1;22m▂[48;2;38;3;183m[38;2;38;3;183m  [48;2;38;3;185m[38;2;38;3;185m                      [0m
[48;2;38;3;185m[38;2;38;3;185m                [48;2;34;15;110m[38;2;35;3;176m▆[48;2;19;7;58m[38;2;39;7;178m▂[48;2;14;9;26m[38;2;38;12;178m▂[48;2;129;43;69m[38;2;22;7;79m▆[48;2;168;49;82m[38;2;25;10;82m▆▆[48;2;137;45;73m[38;2;27;7;82m▆[48;2;21;10;29m[38;2;46;13;182m▂[48;2;8;3;24m[38;2;39;10;180m▂▂▂▂[48;2;16;9;27m[38;2;40;12;179m▂[48;2;132;44;70m[38;2;23;7;80m▆[48;2;167;48;81m[38;2;24;10;81m▆▆[48;2;134;44;71m[38;2;25;7;80m▆[48;2;18;9;28m[38;2;43;12;180m▂[48;2;16;8;37m[38;2;36;4;175m▂[48;2;31;22;53m[38;2;32;1;173m▆[48;2;38;3;183m[38;2;38;3;183m  [48;2;38;3;185m[38;2;38;3;185m                      [0m
[48;2;40;2;185m[38;2;40;2;185m                                                            [0m
[48;2;40;2;185m[38;2;40;2;185m                                                            [0m
