[48;2;1;1;1m[38;2;1;1;1m                                                            [0m
[48;2;1;1;1m[38;2;1;1;1m                                                            [0m
[48;2;1;1;1m[38;2;1;1;1m                                                            [0m
[48;2;1;1;1m[38;2;1;1;1m                                                            [0m
[48;2;1;1;1m[38;2;1;1;1m                            [48;2;1;1;3m[38;2;1;1;3m  [48;2;1;1;1m[38;2;1;1;1m                              [0m
[48;2;1;1;1m[38;2;1;1;1m                        [48;2;1;1;3m[38;2;1;1;3m    [48;2;3;1;6m[38;2;3;1;6m  [48;2;2;0;3m[38;2;2;0;3m  [48;2;2;2;4m[38;2;2;2;4m  [48;2;5;3;6m[38;2;5;3;6m  [48;2;2;2;2m[38;2;2;2;2m  [48;2;1;1;1m[38;2;1;1;1m                      [0m
[48;2;1;1;1m[38;2;1;1;1m                        [48;2;3;1;6m[38;2;3;1;6m      [48;2;2;2;4m[38;2;2;2;4m  [48;2;26;24;27m[38;2;207;205;208m▄[48;2;139;137;140m[38;2;235;234;236m▇[48;2;183;181;184m[38;2;245;244;246m▇▇[48;2;158;153;157m[38;2;234;229;233m▇[48;2;26;21;25m[38;2;202;197;201m▄[48;2;4;2;5m[38;2;4;2;5m  [48;2;1;1;3m[38;2;1;1;3m  [48;2;1;1;1m[38;2;1;1;1m                  [0m
[48;2;1;1;1m[38;2;1;1;1m                        [48;2;1;1;3m[38;2;1;1;3m  [48;2;3;1;6m[38;2;3;1;6m  [48;2;1;1;3m[38;2;1;1;3m  [48;2;1;0;2m[38;2;8;6;9m┃[48;2;35;33;36m[38;2;1;0;2m▊[48;2;253;246;245m[38;2;184;190;184m▎[48;2;236;228;226m[38;2;197;96;125m▄[48;2;215;83;112m[38;2;39;20;13m▄[48;2;209;84;110m[38;2;186;65;90m▄[48;2;184;68;102m[38;2;26;20;16m▄[48;2;90;77;77m[38;2;20;8;9m▇[48;2;2;2;4m[38;2;2;2;4m  [48;2;3;1;4m[38;2;3;1;4m  [48;2;1;1;3m[38;2;1;1;3m  [48;2;1;1;1m[38;2;1;1;1m                [0m
[48;2;1;1;1m[38;2;1;1;1m                    [48;2;2;2;4m[38;2;2;2;4m  [48;2;3;1;6m[38;2;3;1;6m    [48;2;1;1;3m[38;2;1;1;3m    [48;2;3;1;4m[38;2;11;9;12m┃[48;2;38;36;39m[38;2;1;0;2m▊[48;2;228;211;218m[38;2;241;251;249m┃[48;2;210;70;93m[38;2;228;131;150m▎[48;2;210;70;96m[38;2;210;70;96m  [48;2;202;71;94m[38;2;0;0;0m [48;2;30;24;27m[38;2;227;221;224m▄[48;2;14;12;17m[38;2;210;208;212m▄[48;2;19;17;22m[38;2;0;0;0m [48;2;5;3;8m[38;2;5;3;8m  [48;2;3;1;4m[38;2;3;1;4m  [48;2;1;1;3m[38;2;1;1;3m  [48;2;1;1;1m[38;2;1;1;1m              [0m
[48;2;1;1;1m[38;2;1;1;1m                [48;2;2;0;3m[38;2;2;0;3m  [48;2;3;1;4m[38;2;3;1;4m  [48;2;3;1;6m[38;2;3;1;6m    [48;2;1;1;3m[38;2;1;1;3m  [48;2;1;1;1m[38;2;1;1;1m    [48;2;27;25;28m[38;2;217;215;218m▄[48;2;231;229;232m[38;2;0;0;0m [48;2;250;248;251m[38;2;254;253;255m▌[48;2;239;237;240m[38;2;243;241;244m▌[48;2;210;74;100m[38;2;237;121;140m▁▁[48;2;203;100;131m[38;2;243;233;232m▄[48;2;250;243;242m[38;2;0;0;0m [48;2;244;244;246m[38;2;249;249;251m▚[48;2;233;233;235m[38;2;251;251;252m▅[48;2;243;241;244m[38;2;183;181;184m▝[48;2;33;31;34m[38;2;238;236;239m▄[48;2;22;18;21m[38;2;207;202;206m▄[48;2;14;9;13m[38;2;63;58;62m▁[48;2;3;1;6m[38;2;3;1;6m  [48;2;3;1;4m[38;2;3;1;4m  [48;2;1;1;3m[38;2;1;1;3m  [48;2;1;1;1m[38;2;1;1;1m          [0m
[48;2;1;1;1m[38;2;1;1;1m            [48;2;1;1;3m[38;2;1;1;3m  [48;2;3;1;6m[38;2;3;1;6m          [48;2;1;1;1m[38;2;1;1;1m    [48;2;1;0;2m[38;2;13;11;14m━[48;2;8;7;9m[38;2;78;76;79m▁[48;2;249;248;253m[38;2;148;147;152m▎[48;2;255;254;255m[38;2;235;234;239m│[48;2;250;250;252m[38;2;250;250;252m  [48;2;249;249;251m[38;2;249;249;251m  [48;2;250;250;252m[38;2;250;250;252m  [48;2;236;234;236m[38;2;0;0;0m [48;2;222;220;223m[38;2;32;30;33m▄[48;2;228;227;229m[38;2;42;40;43m▄[48;2;239;238;240m[38;2;170;168;171m▁[48;2;250;248;250m[38;2;239;237;240m╵[48;2;247;246;248m[38;2;184;182;185m▝[48;2;27;23;28m[38;2;210;205;211m▄[48;2;15;11;16m[38;2;82;77;83m▁[48;2;3;1;6m[38;2;3;1;6m  [48;2;1;1;1m[38;2;1;1;1m            [0m
[48;2;1;1;1m[38;2;1;1;1m            [48;2;3;1;6m[38;2;3;1;6m        [48;2;1;1;1m[38;2;1;1;1m        [48;2;1;0;2m[38;2;22;20;23m▄[48;2;244;242;245m[38;2;145;143;146m▎[48;2;250;250;252m[38;2;250;250;252m      [48;2;249;249;251m[38;2;249;249;251m  [48;2;165;160;164m[38;2;231;226;230m▊[48;2;8;4;7m[38;2;45;40;44m▎[48;2;4;3;5m[38;2;12;10;13m▚[48;2;8;6;9m[38;2;1;0;2m▌[48;2;215;214;216m[38;2;35;33;36m▄[48;2;242;240;243m[38;2;143;141;144m▁[48;2;234;238;232m[38;2;242;173;191m▗[48;2;210;187;190m[38;2;183;63;98m▄[48;2;6;1;5m[38;2;14;9;13m▂[48;2;13;8;12m[38;2;4;0;3m▅[48;2;1;1;1m[38;2;1;1;1m            [0m
[48;2;1;1;1m[38;2;1;1;1m            [48;2;1;1;3m[38;2;1;1;3m  [48;2;3;1;6m[38;2;3;1;6m    [48;2;1;1;3m[38;2;1;1;3m  [48;2;1;1;1m[38;2;1;1;1m  [48;2;1;1;3m[38;2;1;1;3m  [48;2;1;1;1m[38;2;1;1;1m    [48;2;1;0;2m[38;2;23;21;24m▄[48;2;245;243;246m[38;2;146;144;147m▎[48;2;250;250;252m[38;2;250;250;252m      [48;2;247;246;248m[38;2;0;0;0m [48;2;206;204;207m [48;2;4;2;7m[38;2;20;18;23m▌[48;2;7;5;10m[38;2;1;0;4m▊[48;2;3;1;6m[38;2;3;1;6m  [48;2;4;0;3m[38;2;10;5;9m▂[48;2;11;6;10m[38;2;24;19;23m▝[48;2;215;64;99m[38;2;50;17;16m▅[48;2;210;72;103m[38;2;75;46;40m▁[48;2;69;20;23m[38;2;187;68;84m▊[48;2;10;2;6m[38;2;20;14;22m╺[48;2;1;1;1m[38;2;1;1;1m            [0m
[48;2;1;1;1m[38;2;1;1;1m              [48;2;2;0;3m[38;2;2;0;3m  [48;2;1;1;3m[38;2;1;1;3m  [48;2;1;1;1m[38;2;1;1;1m      [48;2;2;0;3m[38;2;2;0;3m  [48;2;3;1;4m[38;2;3;1;4m  [48;2;17;16;18m[38;2;121;119;122m▁[48;2;244;242;245m[38;2;149;147;150m▎[48;2;250;250;252m[38;2;250;250;252m    [48;2;249;249;251m[38;2;249;249;251m  [48;2;224;220;224m[38;2;115;110;114m▁[48;2;3;0;2m[38;2;16;11;15m▎[48;2;3;1;4m[38;2;3;1;4m    [48;2;1;1;3m[38;2;1;1;3m  [48;2;3;1;6m[38;2;3;1;6m  [48;2;1;1;1m[38;2;1;1;1m              [0m
[48;2;1;1;1m[38;2;1;1;1m                [48;2;1;1;3m[38;2;1;1;3m  [48;2;1;1;1m[38;2;1;1;1m    [48;2;3;1;6m[38;2;3;1;6m      [48;2;244;221;225m[38;2;121;112;110m▎[48;2;240;240;235m[38;2;214;102;134m▅[48;2;234;235;231m[38;2;213;114;143m▅[48;2;248;237;238m[38;2;0;0;0m [48;2;242;241;243m [48;2;229;228;230m[38;2;83;81;84m▅[48;2;228;224;227m[38;2;71;66;70m▅[48;2;219;215;218m[38;2;25;21;24m▅[48;2;4;2;5m[38;2;4;2;5m  [48;2;1;1;1m[38;2;1;1;1m                      [0m
[48;2;1;1;1m[38;2;1;1;1m                    [48;2;0;0;0m[38;2;0;0;0m  [48;2;1;1;3m[38;2;1;1;3m  [48;2;2;0;3m[38;2;2;0;3m  [48;2;29;8;13m[38;2;5;4;2m▊[48;2;37;18;22m[38;2;190;103;130m▄[48;2;203;71;102m[38;2;221;200;193m▁[48;2;210;78;109m[38;2;238;223;215m▅[48;2;249;247;250m[38;2;249;247;250m  [48;2;250;250;252m[38;2;250;250;252m  [48;2;219;217;220m[38;2;242;240;242m▇[48;2;40;38;41m[38;2;220;218;221m▅[48;2;20;18;21m[38;2;142;140;143m▁[48;2;5;3;6m[38;2;1;0;2m▇[48;2;1;1;3m[38;2;1;1;3m    [48;2;1;1;1m[38;2;1;1;1m                  [0m
[48;2;1;1;1m[38;2;1;1;1m                        [48;2;1;1;3m[38;2;1;1;3m  [48;2;23;21;24m[38;2;1;0;2m▊[48;2;243;241;244m[38;2;121;119;122m▎[48;2;250;250;252m[38;2;250;250;252m        [48;2;175;173;176m[38;2;246;245;247m▊[48;2;6;4;7m[38;2;52;50;53m▎[48;2;3;1;4m[38;2;3;1;4m  [48;2;3;1;6m[38;2;3;1;6m  [48;2;1;1;1m[38;2;1;1;1m                  [0m
[48;2;1;1;1m[38;2;1;1;1m                    [48;2;2;0;3m[38;2;2;0;3m  [48;2;1;1;1m[38;2;1;1;1m  [48;2;3;1;6m[38;2;3;1;6m  [48;2;32;27;31m[38;2;8;4;7m▊[48;2;206;201;205m[38;2;105;100;104m▎[48;2;248;248;250m[38;2;248;248;250m  [48;2;250;250;252m[38;2;250;250;252m      [48;2;175;170;174m[38;2;246;242;246m▊[48;2;6;2;5m[38;2;52;47;51m▎[48;2;3;1;6m[38;2;3;1;6m  [48;2;2;0;3m[38;2;2;0;3m  [48;2;1;1;1m[38;2;1;1;1m                  [0m
[48;2;1;1;1m[38;2;1;1;1m                  [48;2;1;1;3m[38;2;1;1;3m  [48;2;2;0;3m[38;2;2;0;3m  [48;2;1;1;3m[38;2;1;1;3m  [48;2;3;1;6m[38;2;3;1;6m    [48;2;245;243;245m[38;2;142;140;143m▎[48;2;252;250;252m[38;2;236;234;237m│[48;2;250;250;252m[38;2;250;250;252m      [48;2;173;171;174m[38;2;245;243;246m▊[48;2;4;3;5m[38;2;50;48;51m▎[48;2;3;1;6m[38;2;3;1;6m  [48;2;1;1;3m[38;2;1;1;3m  [48;2;1;1;1m[38;2;1;1;1m                  [0m
[48;2;1;1;1m[38;2;1;1;1m                  [48;2;2;0;3m[38;2;2;0;3m    [48;2;3;1;6m[38;2;3;1;6m      [48;2;245;243;245m[38;2;142;140;143m▎[48;2;252;250;252m[38;2;236;234;237m│[48;2;250;250;252m[38;2;250;250;252m    [48;2;238;238;240m[38;2;248;248;249m▊[48;2;205;205;207m[38;2;249;249;250m▊[48;2;194;192;197m[38;2;17;15;20m▅[48;2;11;9;14m[38;2;0;0;0m [48;2;2;0;3m[38;2;2;0;3m  [48;2;1;1;1m[38;2;1;1;1m                    [0m
[48;2;4;2;10m[38;2;23;2;126m▂▂▂▂▂▂▂▂▂▂▂▂▂▂▂▂▂▂[48;2;5;3;12m[38;2;24;2;129m▂▂[48;2;4;2;10m[38;2;23;2;126m▂▂[48;2;5;3;12m[38;2;24;2;129m▂▂▂▂[48;2;7;5;22m[38;2;51;26;176m▁[48;2;23;21;30m[38;2;204;194;239m▁[48;2;245;243;245m[38;2;155;153;156m▎[48;2;252;250;252m[38;2;244;242;245m│[48;2;250;250;252m[38;2;250;250;252m    [48;2;209;203;219m[38;2;246;242;243m▊[48;2;188;183;189m[38;2;31;20;68m▅[48;2;6;3;13m[38;2;25;3;130m▂▂[48;2;5;3;12m[38;2;24;2;129m▂▂[48;2;4;2;10m[38;2;23;2;126m▂▂▂▂▂▂▂▂▂▂▂▂▂▂▂▂▂▂▂▂[0m
[48;2;38;3;183m[38;2;38;3;183m                          [48;2;43;18;184m[38;2;189;177;229m▂[48;2;241;239;241m[38;2;158;149;195m▎[48;2;250;250;252m[38;2;250;250;252m    [48;2;246;245;249m[38;2;0;0;0m [48;2;237;236;236m[38;2;84;64;189m▂[48;2;222;212;241m[38;2;57;27;183m▆[48;2;36;7;174m[38;2;52;17;199m│[48;2;38;3;183m[38;2;38;3;183m                        [0m
[48;2;38;3;183m[38;2;38;3;183m                        [48;2;41;7;180m[38;2;0;0;0m [48;2;57;26;189m[38;2;197;186;223m▁[48;2;243;242;248m[38;2;153;152;160m▎[48;2;250;249;254m[38;2;242;241;249m│[48;2;250;250;252m[38;2;250;250;252m  [48;2;249;249;251m[38;2;249;249;251m  [48;2;216;208;233m[38;2;64;36;187m▆[48;2;41;11;173m[38;2;47;12;198m▝[48;2;38;3;183m[38;2;38;3;183m                          [0m
[48;2;38;3;185m[38;2;38;3;185m                        [48;2;38;8;187m[38;2;38;8;187m▄[48;2;245;241;239m[38;2;96;74;185m▎[48;2;250;250;252m[38;2;250;250;252m    [48;2;249;249;251m[38;2;249;249;251m  [48;2;43;8;191m[38;2;102;78;190m▎[48;2;37;4;184m[38;2;32;0;164m│[48;2;38;3;185m[38;2;38;3;185m                          [0m
[48;2;38;3;185m[38;2;38;3;185m                        [48;2;37;6;178m[38;2;51;20;198m▖[48;2;196;178;203m[38;2;165;62;115m▆[48;2;248;221;233m[38;2;204;80;105m▆[48;2;242;217;220m[38;2;200;76;89m▂[48;2;249;247;250m[38;2;249;247;250m  [48;2;226;222;234m[38;2;251;248;246m▊[48;2;204;199;218m[38;2;61;38;181m▆[48;2;40;5;185m[38;2;40;5;185m  [48;2;38;3;185m[38;2;38;3;185m                          [0m
[48;2;38;3;185m[38;2;38;3;185m                        [48;2;45;3;181m[38;2;0;0;0m [48;2;114;60;117m[38;2;37;8;191m▆[48;2;184;64;104m[38;2;54;15;167m▂[48;2;216;70;98m[38;2;177;52;114m▖[48;2;235;212;202m[38;2;213;72;102m▆▆[48;2;201;190;225m[38;2;49;18;177m▆[48;2;42;9;184m[38;2;0;0;0m [48;2;38;3;185m[38;2;38;3;185m                            [0m
[48;2;38;3;185m[38;2;38;3;185m                      [48;2;36;0;187m[38;2;36;4;163m▗[48;2;36;3;167m[38;2;36;24;62m▂[48;2;38;15;146m[38;2;7;4;17m▆▆[48;2;38;7;126m[38;2;15;5;21m▆[48;2;87;37;49m[38;2;199;67;94m┗[48;2;216;74;100m[38;2;216;74;100m  [48;2;77;27;148m[38;2;204;78;92m▆[48;2;54;14;68m[38;2;199;69;96m▂[48;2;39;14;141m[38;2;8;3;12m▆▆[48;2;37;14;143m[38;2;6;4;14m▆▆[48;2;38;8;158m[38;2;28;15;61m▂[48;2;28;0;157m[38;2;38;5;180m▆[48;2;38;3;185m[38;2;38;3;185m                      [0m
[48;2;38;3;185m[38;2;38;3;185m                      [48;2;37;3;172m[38;2;37;0;199m▘[48;2;37;18;95m[38;2;37;2;180m▆[48;2;9;6;23m[38;2;32;8;143m▃▃[48;2;8;3;24m[38;2;39;10;180m▂▂[48;2;147;47;73m[38;2;27;9;80m▆▆[48;2;148;48;74m[38;2;28;10;81m▆▆[48;2;11;4;24m[38;2;42;10;181m▂▂[48;2;8;6;12m[38;2;31;5;151m▃▃[48;2;37;24;65m[38;2;37;4;170m▆[48;2;37;0;190m[38;2;37;5;166m▘[48;2;38;3;185m[38;2;38;3;185m                      [0m
[48;2;40;2;185m[38;2;40;2;185m                                                            [0m
[48;2;40;2;185m[38;2;40;2;185m                                                            [0m
