[48;2;1;1;1m[38;2;1;1;1m                                                            [0m
[48;2;1;1;1m[38;2;1;1;1m                                                            [0m
[48;2;1;1;1m[38;2;1;1;1m                                                            [0m
[48;2;1;1;1m[38;2;1;1;1m                                                            [0m
[48;2;1;1;1m[38;2;1;1;1m                            [48;2;1;1;3m[38;2;1;1;3m  [48;2;1;1;1m[38;2;1;1;1m                              [0m
[48;2;1;1;1m[38;2;1;1;1m                        [48;2;1;1;3m[38;2;1;1;3m    [48;2;3;1;6m[38;2;3;1;6m  [48;2;2;0;3m[38;2;2;0;3m  [48;2;1;1;1m[38;2;1;1;1m  [48;2;1;1;3m[38;2;1;1;3m  [48;2;1;1;1m[38;2;1;1;1m                        [0m
[48;2;1;1;1m[38;2;1;1;1m                        [48;2;3;1;6m[38;2;3;1;6m      [48;2;1;1;3m[38;2;1;1;3m  [48;2;1;0;2m[38;2;5;3;6m▂[48;2;16;14;17m[38;2;201;200;202m▄[48;2;14;12;15m[38;2;225;223;226m▄▄[48;2;20;15;21m[38;2;197;192;198m▄[48;2;14;10;15m[38;2;0;0;0m [48;2;3;1;6m[38;2;3;1;6m  [48;2;1;1;3m[38;2;1;1;3m  [48;2;1;1;1m[38;2;1;1;1m                  [0m
[48;2;1;1;1m[38;2;1;1;1m                        [48;2;1;1;3m[38;2;1;1;3m  [48;2;3;1;6m[38;2;3;1;6m  [48;2;1;1;3m[38;2;1;1;3m  [48;2;1;0;2m[38;2;8;6;9m┃[48;2;35;33;36m[38;2;1;0;2m▊[48;2;153;151;154m[38;2;234;232;235m▇[48;2;243;242;244m[38;2;0;0;0m [48;2;246;245;246m[38;2;206;79;101m▄▄[48;2;236;230;228m[38;2;189;80;112m▄[48;2;195;194;190m[38;2;47;30;30m▄[48;2;4;2;5m[38;2;4;2;5m  [48;2;3;1;4m[38;2;3;1;4m  [48;2;1;1;3m[38;2;1;1;3m  [48;2;1;1;1m[38;2;1;1;1m                [0m
[48;2;1;1;1m[38;2;1;1;1m                    [48;2;2;2;4m[38;2;2;2;4m  [48;2;3;1;6m[38;2;3;1;6m    [48;2;1;1;3m[38;2;1;1;3m    [38;2;8;8;10m┃[48;2;35;35;37m[38;2;0;0;2m▊[48;2;251;242;245m[38;2;201;187;200m▎[48;2;195;71;89m[38;2;234;141;159m▎[48;2;41;15;12m[38;2;201;72;100m▄[48;2;190;61;88m[38;2;210;65;98m▄[48;2;28;13;14m[38;2;165;58;89m▄[48;2;23;10;11m[38;2;0;0;0m [48;2;3;1;6m[38;2;13;11;16m▃▃[38;2;3;1;6m  [48;2;3;1;4m[38;2;3;1;4m  [48;2;1;1;3m[38;2;1;1;3m  [48;2;1;1;1m[38;2;1;1;1m              [0m
[48;2;1;1;1m[38;2;1;1;1m                [48;2;2;0;3m[38;2;2;0;3m  [48;2;3;1;4m[38;2;3;1;4m  [48;2;3;1;6m[38;2;3;1;6m    [48;2;1;1;3m[38;2;1;1;3m  [48;2;1;1;1m[38;2;1;1;1m  [48;2;1;0;0m[38;2;63;61;62m▁▁[48;2;17;15;18m[38;2;215;213;215m▄[48;2;36;35;37m[38;2;235;233;236m▄[48;2;230;215;221m[38;2;241;252;252m┃[48;2;214;77;99m[38;2;224;130;148m▎[48;2;215;71;98m[38;2;215;71;98m  [48;2;220;126;144m[38;2;213;75;98m▊[48;2;239;246;247m[38;2;235;203;208m▎[48;2;178;176;179m[38;2;237;235;238m▇[48;2;36;34;37m[38;2;239;237;240m▄[48;2;21;18;20m[38;2;213;209;212m▄[48;2;14;9;13m[38;2;72;67;71m▁[48;2;3;1;6m[38;2;3;1;6m    [48;2;3;1;4m[38;2;3;1;4m  [48;2;1;1;3m[38;2;1;1;3m  [48;2;1;1;1m[38;2;1;1;1m          [0m
[48;2;1;1;1m[38;2;1;1;1m            [48;2;1;1;3m[38;2;1;1;3m  [48;2;3;1;6m[38;2;3;1;6m          [48;2;1;1;1m[38;2;1;1;1m  [48;2;11;9;12m[38;2;78;76;79m▁[48;2;20;19;21m[38;2;204;202;205m▄[48;2;231;229;232m[38;2;0;0;0m [48;2;249;248;250m[38;2;234;232;235m▘[48;2;250;250;252m[38;2;250;250;252m  [48;2;249;247;250m[38;2;249;247;250m  [48;2;215;90;113m[38;2;243;244;247m▄▄[48;2;248;248;250m[38;2;248;248;250m  [48;2;255;255;255m[38;2;240;240;242m━[48;2;244;244;246m[38;2;174;174;176m▁[48;2;255;254;255m[38;2;247;245;248m▄[48;2;247;246;248m[38;2;189;187;190m▝[48;2;33;31;34m[38;2;198;196;199m▄[48;2;11;9;12m[38;2;0;0;0m [48;2;3;1;6m[38;2;3;1;6m    [48;2;1;1;1m[38;2;1;1;1m            [0m
[48;2;1;1;1m[38;2;1;1;1m            [48;2;3;1;6m[38;2;3;1;6m        [48;2;1;1;1m[38;2;1;1;1m    [48;2;11;9;10m[38;2;98;96;97m▁[48;2;30;28;29m[38;2;201;199;200m▄[48;2;229;229;230m[38;2;0;0;0m [48;2;249;249;251m[38;2;236;236;238m▎[48;2;250;250;252m[38;2;250;250;252m          [48;2;164;159;163m[38;2;249;245;248m▊[48;2;22;18;21m[38;2;55;50;54m▎[48;2;210;208;211m[38;2;44;42;45m▄[48;2;250;248;250m[38;2;219;217;220m▎[48;2;234;230;234m[38;2;0;0;0m [48;2;45;41;44m[38;2;214;210;213m▄[48;2;4;2;7m[38;2;4;2;7m  [48;2;3;1;4m[38;2;3;1;4m  [48;2;1;1;1m[38;2;1;1;1m            [0m
[48;2;1;1;1m[38;2;1;1;1m            [48;2;1;1;3m[38;2;1;1;3m  [48;2;3;1;6m[38;2;3;1;6m    [48;2;1;1;3m[38;2;1;1;3m  [48;2;5;5;5m[38;2;0;0;0m [48;2;8;8;8m[38;2;105;105;105m▁[48;2;13;9;10m[38;2;145;141;142m▁[48;2;35;31;32m[38;2;206;203;204m▄[48;2;228;228;229m[38;2;0;0;0m [48;2;236;236;238m[38;2;249;249;250m▊[48;2;246;246;247m[38;2;0;0;0m [48;2;244;244;245m[38;2;145;145;147m▁[38;2;134;134;136m▁[38;2;0;0;0m [48;2;250;250;252m[38;2;250;250;252m      [48;2;244;244;246m[38;2;251;251;252m▘[48;2;250;250;251m[38;2;205;205;207m▗[48;2;191;187;190m[38;2;17;12;16m▄[48;2;3;0;2m[38;2;13;8;12m▄[38;2;29;24;28m▝[48;2;227;222;226m[38;2;52;48;51m▅[48;2;242;240;242m[38;2;124;122;125m▁[48;2;245;243;245m[38;2;200;198;201m▝[48;2;76;72;76m[38;2;206;202;205m┓[48;2;11;7;10m[38;2;0;0;0m [48;2;2;0;3m[38;2;2;0;3m  [48;2;1;1;1m[38;2;1;1;1m            [0m
[48;2;1;1;1m[38;2;1;1;1m              [48;2;2;0;3m[38;2;2;0;3m  [48;2;1;1;3m[38;2;1;1;3m  [48;2;14;5;4m[38;2;66;52;51m▁[48;2;31;17;17m[38;2;159;55;85m▄[48;2;19;17;16m[38;2;204;162;176m▅[48;2;220;217;216m[38;2;0;0;0m [48;2;245;245;246m [48;2;243;243;245m[38;2;144;144;146m▁[48;2;242;238;241m[38;2;86;81;85m▁[48;2;240;236;239m[38;2;65;61;64m▅[48;2;224;222;225m[38;2;23;21;24m▅[48;2;23;22;24m[38;2;0;0;0m [48;2;11;9;12m[38;2;11;9;12m▄[48;2;219;217;220m[38;2;131;129;132m▎[48;2;249;249;251m[38;2;249;249;251m  [48;2;250;250;252m[38;2;250;250;252m  [48;2;249;249;251m[38;2;249;249;251m  [48;2;234;230;233m[38;2;100;95;99m▁[48;2;216;211;215m[38;2;30;25;29m▅[48;2;4;2;5m[38;2;4;2;5m  [48;2;2;0;3m[38;2;2;0;3m  [48;2;120;111;116m[38;2;18;10;14m▊[48;2;243;236;241m[38;2;174;165;170m▁[48;2;128;119;124m[38;2;231;224;228m▊[48;2;11;2;7m[38;2;6;0;2m┣[48;2;1;1;1m[38;2;1;1;1m              [0m
[48;2;1;1;1m[38;2;1;1;1m                [48;2;7;3;1m[38;2;0;0;0m [48;2;48;18;23m[38;2;176;62;96m▗[48;2;179;63;82m[38;2;79;32;28m▁[48;2;211;67;95m[38;2;68;31;23m▁[48;2;172;58;91m[38;2;57;13;22m▄[48;2;214;191;193m[38;2;25;24;19m▅[48;2;233;228;233m[38;2;27;23;28m▅[48;2;29;24;30m[38;2;0;0;0m [48;2;3;1;6m[38;2;3;1;6m    [48;2;20;16;19m[38;2;151;146;150m▁[48;2;26;22;25m[38;2;206;202;205m▅[48;2;217;212;215m[38;2;83;77;81m▅[48;2;234;229;233m[38;2;72;66;70m▅[48;2;226;222;225m[38;2;72;67;71m▅[48;2;235;230;234m[38;2;33;28;32m▅[48;2;231;227;230m[38;2;28;24;27m▅[48;2;214;210;214m[38;2;39;35;38m▅[48;2;29;24;28m[38;2;203;198;202m▅[48;2;10;6;9m[38;2;45;40;44m▎[48;2;1;1;1m[38;2;1;1;1m    [48;2;37;16;19m[38;2;100;35;55m▂[48;2;215;71;92m[38;2;175;62;82m▎[48;2;99;35;45m[38;2;183;61;81m▊[48;2;8;3;7m[38;2;24;16;14m▎[48;2;1;1;1m[38;2;1;1;1m              [0m
[48;2;1;1;1m[38;2;1;1;1m                    [48;2;0;0;0m[38;2;0;0;0m  [48;2;1;1;3m[38;2;1;1;3m  [48;2;2;0;3m[38;2;2;0;3m  [48;2;1;0;4m[38;2;9;7;12m━[38;2;7;5;10m▃[48;2;244;242;245m[38;2;153;151;154m▎[48;2;250;249;251m[38;2;235;233;236m╷[48;2;250;250;252m[38;2;250;250;252m  [48;2;208;203;207m[38;2;250;247;250m▊[48;2;40;35;39m[38;2;165;160;164m▁[48;2;28;23;24m[38;2;174;168;170m▅[48;2;49;43;45m[38;2;177;171;173m▅[48;2;202;196;200m[38;2;94;88;92m▅[48;2;66;60;64m[38;2;212;206;210m▄[48;2;5;3;6m[38;2;5;3;6m  [48;2;5;3;4m[38;2;5;3;4m  [48;2;191;70;89m[38;2;16;6;8m▅[48;2;179;57;76m[38;2;18;9;12m▅[48;2;1;1;1m[38;2;1;1;1m                [0m
[48;2;1;1;1m[38;2;1;1;1m                        [48;2;1;1;3m[38;2;1;1;3m  [48;2;23;21;24m[38;2;1;0;2m▊[48;2;243;241;244m[38;2;121;119;122m▎[48;2;250;250;252m[38;2;250;250;252m    [48;2;248;248;250m[38;2;248;248;250m  [48;2;42;38;41m[38;2;237;234;237m▅▅[48;2;246;246;247m[38;2;0;0;0m [48;2;182;182;184m[38;2;243;243;244m▊[48;2;23;19;22m[38;2;156;151;155m▁[48;2;3;0;2m[38;2;11;6;10m━[48;2;3;1;6m[38;2;3;1;6m  [48;2;1;1;1m[38;2;1;1;1m                  [0m
[48;2;1;1;1m[38;2;1;1;1m                    [48;2;2;0;3m[38;2;2;0;3m  [48;2;1;1;1m[38;2;1;1;1m  [48;2;3;1;6m[38;2;3;1;6m  [48;2;32;27;31m[38;2;8;4;7m▊[48;2;206;201;205m[38;2;105;100;104m▎[48;2;248;248;250m[38;2;248;248;250m  [48;2;250;250;252m[38;2;250;250;252m        [48;2;175;170;174m[38;2;246;242;246m▊[48;2;6;2;5m[38;2;52;47;51m▎[48;2;2;0;3m[38;2;2;0;3m  [48;2;1;1;1m[38;2;1;1;1m                  [0m
[48;2;1;1;1m[38;2;1;1;1m                  [48;2;1;1;3m[38;2;1;1;3m  [48;2;2;0;3m[38;2;2;0;3m  [48;2;1;1;3m[38;2;1;1;3m  [48;2;3;1;6m[38;2;3;1;6m    [48;2;245;243;245m[38;2;142;140;143m▎[48;2;252;250;252m[38;2;236;234;237m│[48;2;250;250;252m[38;2;250;250;252m        [48;2;174;169;173m[38;2;246;241;245m▊[48;2;6;1;5m[38;2;51;46;50m▎[48;2;1;1;3m[38;2;1;1;3m  [48;2;1;1;1m[38;2;1;1;1m                  [0m
[48;2;1;1;1m[38;2;1;1;1m                  [48;2;2;0;3m[38;2;2;0;3m    [48;2;3;1;6m[38;2;3;1;6m      [48;2;245;243;245m[38;2;142;140;143m▎[48;2;252;250;252m[38;2;236;234;237m│[48;2;250;250;252m[38;2;250;250;252m      [48;2;253;253;255m[38;2;255;255;255m┃[48;2;195;195;197m[38;2;244;244;246m▊[48;2;194;189;193m[38;2;18;13;17m▅[48;2;12;7;11m[38;2;0;0;0m [48;2;1;1;1m[38;2;1;1;1m                    [0m
[48;2;4;2;10m[38;2;23;2;126m▂▂▂▂▂▂▂▂▂▂▂▂▂▂▂▂▂▂[48;2;5;3;12m[38;2;24;2;129m▂▂[48;2;4;2;10m[38;2;23;2;126m▂▂[48;2;5;3;12m[38;2;24;2;129m▂▂▂▂▂▂[48;2;244;242;245m[38;2;153;151;154m▎[48;2;252;251;253m[38;2;245;243;246m┃[48;2;250;250;252m[38;2;250;250;252m      [48;2;242;241;243m[38;2;0;0;0m [48;2;210;208;221m[38;2;38;20;144m▁[48;2;9;4;13m[38;2;28;3;131m▂▂[48;2;4;2;10m[38;2;23;2;126m▂▂▂▂▂▂▂▂▂▂▂▂▂▂▂▂▂▂▂▂[0m
[48;2;38;3;183m[38;2;38;3;183m                          [48;2;36;6;173m[38;2;55;20;199m▝[48;2;39;9;184m[38;2;181;167;221m▂[48;2;246;245;250m[38;2;176;175;181m▎[48;2;254;253;255m[38;2;255;254;255m▌[48;2;250;250;252m[38;2;250;250;252m      [48;2;173;162;220m[38;2;249;247;249m▊[48;2;37;11;173m[38;2;46;13;204m│[48;2;38;3;183m[38;2;38;3;183m                      [0m
[48;2;38;3;183m[38;2;38;3;183m                          [48;2;59;36;170m[38;2;30;0;187m▊[48;2;243;240;247m[38;2;138;126;188m▎[48;2;250;250;252m[38;2;250;250;252m      [38;2;254;254;255m▌[48;2;239;239;241m[38;2;243;243;245m▌[48;2;213;205;229m[38;2;60;30;189m▆[48;2;40;11;187m[38;2;32;5;158m▖[48;2;38;3;183m[38;2;38;3;183m                      [0m
[48;2;38;3;185m[38;2;38;3;185m                          [48;2;60;37;171m[38;2;31;0;188m▊[48;2;243;241;248m[38;2;139;127;189m▎[48;2;250;250;252m[38;2;250;250;252m      [48;2;213;205;243m[38;2;248;247;247m▊[48;2;209;203;225m[38;2;52;27;177m▆[48;2;39;4;184m[38;2;39;4;184m  [48;2;38;3;185m[38;2;38;3;185m                      [0m
[48;2;38;3;185m[38;2;38;3;185m                          [48;2;56;22;156m[38;2;36;3;188m▊[48;2;207;195;217m[38;2;185;89;138m▂[48;2;249;247;250m[38;2;249;247;250m  [48;2;239;219;224m[38;2;239;249;253m▊[48;2;250;220;216m[38;2;211;91;114m▆[48;2;242;220;217m[38;2;205;84;115m▆[48;2;243;223;221m[38;2;191;68;99m▂[48;2;204;192;227m[38;2;48;20;177m▆[48;2;42;8;186m[38;2;0;0;0m [48;2;38;3;185m[38;2;38;3;185m                        [0m
[48;2;38;3;185m[38;2;38;3;185m                          [48;2;39;25;148m[38;2;40;1;190m▊[48;2;209;73;98m[38;2;111;53;114m▎[48;2;235;212;202m[38;2;213;72;102m▆▆[48;2;202;193;220m[38;2;42;13;177m▆[48;2;178;85;140m[38;2;41;10;174m▆[48;2;211;71;90m[38;2;64;11;176m▃▃[48;2;78;23;152m[38;2;210;73;100m━━[48;2;38;3;183m[38;2;38;3;183m  [48;2;38;3;185m[38;2;38;3;185m                      [0m
[48;2;38;3;185m[38;2;38;3;185m                        [48;2;36;0;189m[38;2;36;4;165m▗[48;2;36;3;169m[38;2;36;23;64m▂[48;2;42;16;111m[38;2;18;8;24m▅[48;2;179;59;85m[38;2;36;18;35m▃[48;2;216;74;100m[38;2;216;74;100m  [48;2;77;27;148m[38;2;204;78;92m▆[48;2;54;14;68m[38;2;199;69;96m▂[48;2;39;14;141m[38;2;8;3;12m▆▆[48;2;36;13;142m[38;2;5;3;13m▆▆[48;2;37;14;145m[38;2;6;3;16m▆▆[48;2;38;6;168m[38;2;28;16;53m▂[48;2;33;2;172m[38;2;43;5;201m▗[48;2;38;3;185m[38;2;38;3;185m                    [0m
[48;2;38;3;185m[38;2;38;3;185m                        [48;2;37;3;172m[38;2;37;0;199m▘[48;2;37;18;95m[38;2;37;2;180m▆[48;2;9;7;15m[38;2;32;6;156m▃▃[48;2;147;47;73m[38;2;27;9;80m▆▆[48;2;148;48;74m[38;2;28;10;81m▆▆[48;2;11;4;24m[38;2;42;10;181m▂▂[48;2;8;3;24m[38;2;39;10;180m▂▂[48;2;8;6;12m[38;2;31;5;151m▃▃[48;2;37;22;78m[38;2;37;2;183m▆[48;2;37;2;182m[38;2;37;5;163m▘[48;2;38;3;185m[38;2;38;3;185m                    [0m
[48;2;40;2;185m[38;2;40;2;185m                                                            [0m
[48;2;40;2;185m[38;2;40;2;185m                                                            [0m
