[48;2;1;1;1m[38;2;1;1;1m                                                            [0m
[48;2;1;1;1m[38;2;1;1;1m                                                            [0m
[48;2;1;1;1m[38;2;1;1;1m                                                            [0m
[48;2;1;1;1m[38;2;1;1;1m                                                            [0m
[48;2;1;1;1m[38;2;1;1;1m                            [48;2;1;1;3m[38;2;1;1;3m  [48;2;1;1;1m[38;2;1;1;1m                              [0m
[48;2;1;1;1m[38;2;1;1;1m                        [48;2;1;1;3m[38;2;1;1;3m    [48;2;3;1;6m[38;2;3;1;6m  [48;2;2;0;3m[38;2;2;0;3m  [48;2;1;1;1m[38;2;1;1;1m  [48;2;1;1;3m[38;2;1;1;3m  [48;2;1;1;1m[38;2;1;1;1m                        [0m
[48;2;1;1;1m[38;2;1;1;1m                        [48;2;3;1;6m[38;2;3;1;6m      [48;2;1;1;3m[38;2;1;1;3m  [48;2;1;0;4m[38;2;2;0;5m▗[48;2;6;4;9m[38;2;25;23;28m▃[48;2;9;8;10m[38;2;216;214;217m▄[48;2;16;14;17m[38;2;228;226;229m▄[48;2;15;11;14m[38;2;223;218;222m▄[48;2;17;12;16m[38;2;206;202;205m▄[48;2;8;6;9m[38;2;21;19;22m▖[48;2;7;5;8m[38;2;1;0;2m▅[48;2;1;1;3m[38;2;1;1;3m  [48;2;1;1;1m[38;2;1;1;1m                  [0m
[48;2;1;1;1m[38;2;1;1;1m                        [48;2;1;1;3m[38;2;1;1;3m  [48;2;3;1;6m[38;2;3;1;6m  [48;2;1;1;3m[38;2;1;1;3m    [48;2;47;45;48m[38;2;8;6;9m▊[48;2;232;230;233m[38;2;167;165;168m▎[48;2;249;242;240m[38;2;0;0;0m [48;2;245;236;235m[38;2;194;92;122m▄[48;2;253;243;246m[38;2;201;85;103m▄[48;2;246;235;240m[38;2;190;74;92m▄[48;2;191;186;190m[38;2;29;25;28m▄[48;2;15;10;14m[38;2;0;0;0m [48;2;3;1;4m[38;2;3;1;4m  [48;2;1;1;3m[38;2;1;1;3m  [48;2;1;1;1m[38;2;1;1;1m                [0m
[48;2;1;1;1m[38;2;1;1;1m                    [48;2;2;2;4m[38;2;2;2;4m  [48;2;3;1;6m[38;2;3;1;6m    [48;2;1;1;3m[38;2;1;1;3m    [48;2;4;4;6m[38;2;4;4;6m  [48;2;48;44;45m[38;2;12;8;9m▊[48;2;241;238;239m[38;2;182;178;179m▎[48;2;182;57;84m[38;2;218;82;112m▊[48;2;39;29;17m[38;2;198;62;92m▄[48;2;176;61;84m[38;2;213;66;100m▊[48;2;32;13;8m[38;2;185;67;91m▄[48;2;5;3;6m[38;2;46;44;47m▁▁[48;2;5;3;8m[38;2;5;3;8m  [48;2;3;1;4m[38;2;3;1;4m  [48;2;1;1;3m[38;2;1;1;3m  [48;2;1;1;1m[38;2;1;1;1m              [0m
[48;2;1;1;1m[38;2;1;1;1m                [48;2;2;0;3m[38;2;2;0;3m  [48;2;3;1;4m[38;2;3;1;4m  [48;2;3;1;6m[38;2;3;1;6m    [48;2;1;1;3m[38;2;1;1;3m  [48;2;3;3;3m[38;2;6;6;6m▗[48;2;1;1;1m[38;2;17;17;17m▃[48;2;17;16;18m[38;2;208;207;209m▄[48;2;28;26;29m[38;2;233;231;234m▄[48;2;36;34;37m[38;2;239;237;240m▄[48;2;178;176;179m[38;2;237;235;238m▇[48;2;230;228;231m[38;2;249;247;250m▆▆[48;2;208;70;95m[38;2;219;81;106m▄[48;2;219;81;106m[38;2;208;70;95m▄[48;2;226;79;107m[38;2;207;58;87m┃[48;2;222;98;118m[38;2;202;79;99m┃[48;2;206;204;207m[38;2;247;245;248m▇▇[48;2;228;223;227m[38;2;0;0;0m [48;2;36;32;35m[38;2;212;207;211m▄[48;2;6;4;9m[38;2;25;23;28m▃[48;2;1;0;4m[38;2;2;0;5m▖[48;2;3;1;6m[38;2;3;1;6m  [48;2;3;1;4m[38;2;3;1;4m  [48;2;1;1;3m[38;2;1;1;3m  [48;2;1;1;1m[38;2;1;1;1m          [0m
[48;2;1;1;1m[38;2;1;1;1m            [48;2;1;1;3m[38;2;1;1;3m  [48;2;3;1;6m[38;2;3;1;6m          [48;2;9;7;8m[38;2;80;78;79m▁[48;2;29;27;28m[38;2;192;190;191m▄[48;2;30;28;31m[38;2;239;237;239m▄[48;2;229;227;229m[38;2;0;0;0m [48;2;250;250;252m[38;2;250;250;252m      [48;2;247;239;238m[38;2;0;0;0m [48;2;203;100;130m[38;2;250;241;241m▄[48;2;204;103;132m[38;2;250;242;242m▄[48;2;247;242;240m[38;2;0;0;0m [48;2;250;250;252m[38;2;250;250;252m    [48;2;144;139;143m[38;2;240;236;239m▊[48;2;16;11;15m[38;2;95;90;94m▁[48;2;3;1;6m[38;2;3;1;6m    [48;2;1;1;1m[38;2;1;1;1m            [0m
[48;2;1;1;1m[38;2;1;1;1m            [48;2;3;1;6m[38;2;3;1;6m    [48;2;7;2;8m[38;2;7;2;8m  [48;2;3;1;6m[38;2;3;1;6m  [48;2;4;3;5m[38;2;0;0;0m [48;2;8;6;9m[38;2;87;85;88m▁[48;2;9;7;10m[38;2;130;128;131m▁[48;2;33;32;34m[38;2;197;195;198m▄[48;2;228;226;228m[38;2;0;0;0m [48;2;236;234;237m[38;2;249;247;250m▊[48;2;247;247;249m[38;2;0;0;0m [48;2;244;244;245m[38;2;164;164;166m▁[48;2;249;247;249m[38;2;120;118;121m▁▁[48;2;249;249;251m[38;2;249;249;251m  [48;2;250;250;252m[38;2;250;250;252m      [48;2;244;244;246m[38;2;251;251;252m▘[48;2;250;250;251m[38;2;205;205;207m▗[48;2;215;214;216m[38;2;51;49;52m▄[48;2;243;241;244m[38;2;0;0;0m [48;2;252;250;252m[38;2;244;242;245m┃[48;2;152;150;153m[38;2;243;242;244m▊[48;2;15;14;18m[38;2;87;85;90m▁[48;2;1;0;4m[38;2;14;12;17m╺[48;2;3;1;4m[38;2;3;1;4m  [48;2;1;1;1m[38;2;1;1;1m            [0m
[48;2;1;1;1m[38;2;1;1;1m            [48;2;1;1;3m[38;2;1;1;3m  [48;2;3;1;6m[38;2;3;1;6m  [48;2;8;5;10m[38;2;18;1;10m▁[48;2;177;64;82m[38;2;54;12;16m▎[48;2;77;23;38m[38;2;207;67;91m▄[48;2;31;19;22m[38;2;210;72;95m▄[48;2;49;37;40m[38;2;229;193;206m▄[48;2;222;221;223m[38;2;0;0;0m [48;2;246;246;248m [48;2;245;245;246m[38;2;146;146;148m▁[48;2;243;239;242m[38;2;119;114;118m▁[48;2;217;213;216m[38;2;53;49;52m▄[48;2;239;235;238m[38;2;28;24;27m▅[48;2;26;22;25m[38;2;0;0;0m [48;2;5;3;8m[38;2;5;3;8m  [48;2;249;248;253m[38;2;148;147;152m▎[48;2;255;254;255m[38;2;235;234;239m│[48;2;250;250;252m[38;2;250;250;252m      [48;2;200;195;199m[38;2;249;245;248m▊[48;2;219;214;218m[38;2;38;33;37m▅[48;2;28;24;27m[38;2;0;0;0m [48;2;231;227;231m[38;2;51;47;50m▅[48;2;248;248;250m[38;2;248;248;250m  [48;2;121;119;122m[38;2;243;241;244m▊[48;2;1;0;2m[38;2;23;21;24m▎[48;2;2;0;3m[38;2;2;0;3m  [48;2;1;1;1m[38;2;1;1;1m            [0m
[48;2;1;1;1m[38;2;1;1;1m              [48;2;2;0;3m[38;2;2;0;3m  [48;2;1;1;3m[38;2;1;1;3m  [48;2;152;59;69m[38;2;18;8;10m▅[48;2;209;66;92m[38;2;26;10;14m▅[48;2;227;197;209m[38;2;28;16;18m▅[48;2;214;228;224m[38;2;23;18;19m▅[48;2;235;230;235m[38;2;26;22;27m▅[48;2;30;25;31m[38;2;0;0;0m [48;2;3;1;6m[38;2;3;1;6m    [48;2;4;2;7m[38;2;4;2;7m  [48;2;248;247;252m[38;2;147;146;151m▎[48;2;255;254;255m[38;2;234;233;238m│[48;2;250;250;252m[38;2;250;250;252m    [48;2;237;237;239m[38;2;248;248;249m▊[48;2;204;204;206m[38;2;247;247;248m▊[48;2;215;210;214m[38;2;25;21;24m▅[48;2;14;9;13m[38;2;0;0;0m [48;2;3;1;4m[38;2;10;8;11m▚[48;2;6;4;7m[38;2;1;0;2m▌[48;2;238;236;238m[38;2;59;58;60m▅[48;2;242;240;243m[38;2;0;0;0m [48;2;121;119;122m[38;2;243;241;244m▊[48;2;1;0;2m[38;2;23;21;24m▎[48;2;1;1;1m[38;2;1;1;1m              [0m
[48;2;1;1;1m[38;2;1;1;1m                [48;2;3;1;4m[38;2;3;1;4m  [48;2;3;1;6m[38;2;3;1;6m  [48;2;2;0;3m[38;2;2;0;3m  [48;2;3;1;6m[38;2;3;1;6m      [48;2;8;6;11m[38;2;0;0;0m [48;2;14;12;17m[38;2;146;144;149m▁[48;2;205;200;203m[38;2;78;73;76m▅[48;2;230;225;229m[38;2;87;81;85m▁[48;2;242;239;240m[38;2;78;74;75m▁▁▁▁[48;2;232;228;232m[38;2;77;72;76m▁[48;2;209;204;208m▅[48;2;15;13;14m[38;2;141;139;140m▁[48;2;9;7;8m[38;2;0;0;0m [48;2;1;1;1m[38;2;1;1;1m  [48;2;126;115;119m[38;2;11;10;10m▊[48;2;240;219;227m[38;2;198;137;158m▁[48;2;208;192;193m[38;2;176;69;99m▅[48;2;9;10;4m[38;2;0;0;0m [48;2;1;1;1m[38;2;1;1;1m              [0m
[48;2;1;1;1m[38;2;1;1;1m                    [48;2;0;0;0m[38;2;0;0;0m  [48;2;1;1;3m[38;2;1;1;3m  [48;2;2;0;3m[38;2;2;0;3m  [48;2;3;1;6m[38;2;3;1;6m  [48;2;24;22;25m[38;2;199;198;200m▅[48;2;237;235;237m[38;2;0;0;0m [48;2;244;243;245m [48;2;46;44;47m[38;2;233;231;234m▅[48;2;23;22;26m[38;2;215;213;217m▅[48;2;11;10;14m[38;2;52;50;55m▎[48;2;19;15;20m[38;2;155;150;156m▁[48;2;37;32;38m[38;2;13;9;14m▊[48;2;48;46;49m[38;2;226;224;227m▅[48;2;241;239;242m[38;2;0;0;0m [48;2;239;237;240m [48;2;29;27;30m[38;2;213;211;214m▅[48;2;4;0;3m[38;2;16;11;15m▌[48;2;16;11;15m[38;2;4;0;3m▌[48;2;53;25;23m[38;2;155;48;71m▅[48;2;185;62;90m[38;2;49;10;12m▁[48;2;152;49;79m[38;2;20;6;6m▅[48;2;8;6;3m[38;2;0;0;0m [48;2;1;1;1m[38;2;1;1;1m              [0m
[48;2;1;1;1m[38;2;1;1;1m                        [48;2;1;1;3m[38;2;1;1;3m  [48;2;3;1;6m[38;2;3;1;6m  [48;2;250;248;250m[38;2;137;135;138m▎[48;2;247;245;248m[38;2;247;245;248m▄[48;2;250;250;252m[38;2;250;250;252m  [48;2;215;210;214m[38;2;247;244;247m▊[48;2;50;46;49m[38;2;171;166;170m▁[48;2;220;215;219m[38;2;87;82;86m▁[48;2;60;55;59m[38;2;225;220;224m▅[48;2;220;215;219m[38;2;90;85;89m▅[48;2;231;227;231m[38;2;49;44;48m▁[48;2;238;236;239m[38;2;78;76;79m▁[48;2;219;217;220m[38;2;242;240;243m▊[48;2;40;35;39m[38;2;209;204;208m▅[48;2;3;0;2m[38;2;53;48;52m▎[48;2;1;1;1m[38;2;1;1;1m                  [0m
[48;2;1;1;1m[38;2;1;1;1m                    [48;2;2;0;3m[38;2;2;0;3m  [48;2;1;1;1m[38;2;1;1;1m  [48;2;3;1;6m[38;2;3;1;6m    [48;2;207;205;208m[38;2;46;44;47m▁[48;2;243;241;244m[38;2;0;0;0m [48;2;250;250;252m[38;2;250;250;252m  [48;2;248;248;250m[38;2;248;248;250m  [48;2;61;55;59m[38;2;224;219;223m▅[48;2;207;201;205m[38;2;85;79;83m▅[48;2;208;203;207m[38;2;94;88;92m▅[48;2;43;38;41m[38;2;228;223;226m▅[48;2;56;54;57m[38;2;237;236;238m▅[48;2;243;241;244m[38;2;0;0;0m [48;2;238;236;239m [48;2;40;38;41m[38;2;209;208;210m▅[48;2;3;3;3m[38;2;3;3;3m  [48;2;1;1;1m[38;2;1;1;1m                [0m
[48;2;1;1;1m[38;2;1;1;1m                  [48;2;1;1;3m[38;2;1;1;3m  [48;2;2;0;3m[38;2;2;0;3m  [48;2;1;1;3m[38;2;1;1;3m  [48;2;3;1;6m[38;2;3;1;6m    [48;2;1;0;4m[38;2;23;21;26m▄[48;2;245;243;248m[38;2;146;144;149m▎[48;2;250;250;252m[38;2;250;250;252m          [48;2;255;255;255m[38;2;253;253;255m▌[48;2;164;164;166m[38;2;240;240;242m▊[48;2;2;2;2m[38;2;18;18;18m▌[48;2;5;5;5m[38;2;0;0;0m▊[48;2;1;1;1m[38;2;1;1;1m                [0m
[48;2;1;1;1m[38;2;1;1;1m                  [48;2;2;0;3m[38;2;2;0;3m    [48;2;3;1;6m[38;2;3;1;6m      [48;2;1;0;4m[38;2;23;21;26m▄[48;2;245;243;248m[38;2;146;144;149m▎[48;2;250;250;252m[38;2;250;250;252m          [48;2;188;183;187m[38;2;244;240;243m▊[48;2;191;186;190m[38;2;25;21;24m▅[48;2;2;2;2m[38;2;2;2;2m  [48;2;1;1;1m[38;2;1;1;1m                [0m
[48;2;4;2;10m[38;2;23;2;126m▂▂▂▂▂▂▂▂▂▂▂▂▂▂▂▂▂▂[48;2;5;3;12m[38;2;24;2;129m▂▂[48;2;4;2;10m[38;2;23;2;126m▂▂[48;2;5;3;12m[38;2;24;2;129m▂▂▂▂▂▂[48;2;51;49;52m[38;2;218;216;219m▅[48;2;238;237;239m[38;2;0;0;0m [48;2;250;250;252m[38;2;250;250;252m  [48;2;249;249;251m[38;2;249;249;251m  [48;2;230;227;242m[38;2;68;51;154m▁[48;2;246;246;247m[38;2;0;0;0m [48;2;250;250;252m[38;2;250;250;252m  [48;2;241;241;243m[38;2;251;251;252m▅[48;2;251;251;252m[38;2;241;241;243m▃[48;2;206;200;215m[38;2;59;27;198m▁[48;2;21;15;32m[38;2;37;6;176m▁[48;2;4;2;10m[38;2;23;2;126m▂▂▂▂▂▂▂▂▂▂▂▂▂▂▂▂▂▂[0m
[48;2;38;3;183m[38;2;38;3;183m                            [48;2;245;242;254m[38;2;154;150;177m▎[48;2;249;249;242m[38;2;250;250;251m▌[48;2;250;250;252m[38;2;250;250;252m  [48;2;244;243;248m[38;2;0;0;0m [48;2;233;231;240m[38;2;90;75;168m▂[48;2;64;40;181m[38;2;210;203;235m▂[48;2;247;246;243m[38;2;210;203;236m▎[48;2;250;250;252m[38;2;250;250;252m  [48;2;255;254;255m[38;2;244;243;249m▌[48;2;173;172;178m[38;2;245;244;248m▊[48;2;40;5;183m[38;2;40;5;183m  [48;2;38;3;183m[38;2;38;3;183m                  [0m
[48;2;38;3;183m[38;2;38;3;183m                          [48;2;37;7;178m[38;2;36;9;174m▄[48;2;50;28;179m[38;2;210;201;231m▆[48;2;244;243;248m[38;2;231;230;235m▘[48;2;253;252;254m[38;2;246;245;250m▃[48;2;250;250;252m[38;2;250;250;252m  [48;2;212;202;254m[38;2;250;248;253m▊[48;2;38;12;170m[38;2;82;62;177m▎[48;2;255;255;255m[38;2;236;236;238m▌[48;2;252;252;253m[38;2;244;244;246m┃[48;2;250;250;252m[38;2;250;250;252m  [48;2;208;201;237m[38;2;243;241;241m▊[48;2;212;207;226m[38;2;56;32;180m▆[48;2;39;4;184m[38;2;39;4;184m  [48;2;38;3;183m[38;2;38;3;183m                  [0m
[48;2;38;3;185m[38;2;38;3;185m                          [48;2;60;37;171m[38;2;31;0;188m▊[48;2;243;241;248m[38;2;139;127;189m▎[48;2;250;250;252m[38;2;250;250;252m  [48;2;249;249;251m[38;2;249;249;251m  [48;2;208;197;235m[38;2;55;30;174m▆[48;2;54;25;181m[38;2;44;12;192m▄[48;2;255;255;255m[38;2;236;236;238m▌[48;2;252;252;253m[38;2;244;244;246m┃[48;2;241;241;243m[38;2;251;251;252m▅[48;2;251;251;252m[38;2;241;241;243m▃[48;2;222;214;237m[38;2;60;34;183m▂[48;2;42;15;175m[38;2;43;14;179m▄[48;2;38;3;185m[38;2;38;3;185m                    [0m
[48;2;38;3;185m[38;2;38;3;185m                          [48;2;56;22;156m[38;2;36;3;188m▊[48;2;207;195;217m[38;2;185;89;138m▂[48;2;249;247;250m[38;2;249;247;250m  [48;2;226;222;234m[38;2;251;248;246m▊[48;2;204;199;218m[38;2;61;38;181m▆[48;2;40;5;183m[38;2;40;5;183m  [48;2;206;209;236m[38;2;54;18;178m▆[48;2;237;230;230m[38;2;185;73;112m▂[48;2;240;235;234m[38;2;193;70;109m▂[48;2;229;223;223m[38;2;202;78;118m▂[48;2;40;5;185m[38;2;40;5;185m  [48;2;38;3;185m[38;2;38;3;185m                    [0m
[48;2;38;3;185m[38;2;38;3;185m                          [48;2;39;25;148m[38;2;40;1;190m▊[48;2;209;73;98m[38;2;111;53;114m▎[48;2;235;212;202m[38;2;213;72;102m▆▆[48;2;201;190;225m[38;2;49;18;177m▆[48;2;42;9;184m[38;2;0;0;0m [48;2;38;3;185m[38;2;38;3;185m  [48;2;63;14;167m[38;2;33;0;188m▊[48;2;182;55;112m[38;2;42;18;158m▂[48;2;207;61;106m[38;2;64;24;151m▂[48;2;217;77;97m[38;2;189;67;107m▖[48;2;84;27;160m[38;2;192;71;100m▅[48;2;54;10;166m[38;2;179;72;96m▂[48;2;39;4;184m[38;2;39;4;184m  [48;2;38;3;185m[38;2;38;3;185m                  [0m
[48;2;38;3;185m[38;2;38;3;185m                        [48;2;36;0;189m[38;2;36;4;165m▗[48;2;36;3;169m[38;2;36;23;64m▂[48;2;42;16;111m[38;2;18;8;24m▅[48;2;179;59;85m[38;2;36;18;35m▃[48;2;216;74;100m[38;2;216;74;100m  [48;2;77;27;148m[38;2;204;78;92m▆[48;2;54;14;68m[38;2;199;69;96m▂[48;2;39;14;141m[38;2;8;3;12m▆▆[48;2;36;13;142m[38;2;5;3;13m▆▆[48;2;44;15;125m[38;2;7;6;13m▆[48;2;147;53;76m[38;2;12;4;15m▆[48;2;154;56;87m[38;2;10;5;4m▆▆[48;2;36;16;116m[38;2;9;2;20m▅[48;2;41;9;177m[38;2;13;3;43m▃[48;2;38;3;185m[38;2;38;3;185m                  [0m
[48;2;38;3;185m[38;2;38;3;185m                        [48;2;37;3;172m[38;2;37;0;199m▘[48;2;37;18;95m[38;2;37;2;180m▆[48;2;9;7;15m[38;2;32;6;156m▃▃[48;2;147;47;73m[38;2;27;9;80m▆▆[48;2;148;48;74m[38;2;28;10;81m▆▆[48;2;11;4;24m[38;2;42;10;181m▂▂[48;2;8;3;24m[38;2;39;10;180m▂▂▂▂▂▂[48;2;17;8;39m[38;2;37;5;178m▂[48;2;32;23;56m[38;2;33;2;175m▆[48;2;38;3;185m[38;2;38;3;185m                  [0m
[48;2;40;2;185m[38;2;40;2;185m                                                            [0m
[48;2;40;2;185m[38;2;40;2;185m                                                            [0m
