[48;2;1;1;1m[38;2;1;1;1m                                                            [0m
[48;2;1;1;1m[38;2;1;1;1m                                                            [0m
[48;2;1;1;1m[38;2;1;1;1m                                                            [0m
[48;2;1;1;1m[38;2;1;1;1m                                                            [0m
[48;2;1;1;1m[38;2;1;1;1m                            [48;2;1;1;3m[38;2;1;1;3m  [48;2;1;1;1m[38;2;1;1;1m                              [0m
[48;2;1;1;1m[38;2;1;1;1m                        [48;2;1;1;3m[38;2;1;1;3m    [48;2;3;1;6m[38;2;3;1;6m  [48;2;2;0;3m[38;2;2;0;3m  [48;2;1;1;1m[38;2;1;1;1m  [48;2;1;1;3m[38;2;1;1;3m  [48;2;1;1;1m[38;2;1;1;1m                        [0m
[48;2;1;1;1m[38;2;1;1;1m                        [48;2;3;1;6m[38;2;3;1;6m      [48;2;1;1;3m[38;2;1;1;3m  [48;2;3;1;6m[38;2;3;1;6m  [48;2;18;14;19m[38;2;0;0;0m [48;2;20;16;21m[38;2;206;201;206m▄[48;2;13;12;14m[38;2;224;222;225m▄▄[48;2;20;15;19m[38;2;197;192;196m▄[48;2;14;10;13m[38;2;0;0;0m [48;2;1;1;3m[38;2;1;1;3m  [48;2;1;1;1m[38;2;1;1;1m                  [0m
[48;2;1;1;1m[38;2;1;1;1m                        [48;2;1;1;3m[38;2;1;1;3m  [48;2;3;1;6m[38;2;3;1;6m  [48;2;1;1;3m[38;2;1;1;3m    [48;2;1;0;2m[38;2;6;4;7m▂[48;2;7;5;8m[38;2;20;18;21m▝[48;2;207;205;202m[38;2;48;30;31m▄[48;2;240;234;232m[38;2;183;74;106m▄[48;2;243;242;244m[38;2;212;86;107m▄▄[38;2;0;0;0m [48;2;215;213;216m [48;2;1;0;4m[38;2;35;33;38m▎[38;2;8;6;11m┃[48;2;1;1;3m[38;2;1;1;3m  [48;2;1;1;1m[38;2;1;1;1m                [0m
[48;2;1;1;1m[38;2;1;1;1m                    [48;2;2;2;4m[38;2;2;2;4m  [48;2;3;1;6m[38;2;3;1;6m    [48;2;1;1;3m[38;2;1;1;3m    [48;2;4;4;6m[38;2;4;4;6m  [48;2;4;3;5m[38;2;45;43;46m▁▁[48;2;24;12;11m[38;2;0;0;0m [48;2;29;15;15m[38;2;170;64;94m▄[48;2;197;60;90m[38;2;209;68;100m▄[48;2;43;18;14m[38;2;208;72;102m▄[48;2;218;146;157m[38;2;209;79;99m▊[48;2;174;139;159m[38;2;241;237;238m▊[48;2;1;0;4m[38;2;36;34;39m▎[48;2;2;0;5m[38;2;9;7;12m┃[48;2;3;1;4m[38;2;3;1;4m  [48;2;1;1;3m[38;2;1;1;3m  [48;2;1;1;1m[38;2;1;1;1m              [0m
[48;2;1;1;1m[38;2;1;1;1m                [48;2;2;0;3m[38;2;2;0;3m  [48;2;3;1;4m[38;2;3;1;4m  [48;2;3;1;6m[38;2;3;1;6m    [48;2;1;1;3m[38;2;1;1;3m  [48;2;5;3;4m[38;2;46;44;45m▁▁[48;2;17;16;18m[38;2;208;207;209m▄[48;2;28;26;29m[38;2;233;231;234m▄[48;2;36;34;37m[38;2;239;237;240m▄[48;2;178;176;179m[38;2;237;235;238m▇[48;2;208;206;209m[38;2;249;247;249m▇▇[48;2;205;200;203m[38;2;245;240;243m▇[48;2;212;71;95m[38;2;206;107;127m▎[48;2;213;71;97m[38;2;213;71;97m  [48;2;223;153;164m[38;2;205;77;98m▊[48;2;236;228;233m[38;2;0;0;0m [48;2;29;28;30m[38;2;236;234;237m▄[48;2;22;20;23m[38;2;211;209;212m▄[48;2;6;4;9m[38;2;25;23;28m▃[48;2;1;0;4m[38;2;2;0;5m▖[48;2;3;1;6m[38;2;3;1;6m  [48;2;3;1;4m[38;2;3;1;4m  [48;2;1;1;3m[38;2;1;1;3m  [48;2;1;1;1m[38;2;1;1;1m          [0m
[48;2;1;1;1m[38;2;1;1;1m            [48;2;1;1;3m[38;2;1;1;3m  [48;2;3;1;6m[38;2;3;1;6m          [48;2;9;7;8m[38;2;80;78;79m▁[48;2;29;27;28m[38;2;192;190;191m▄[48;2;228;226;228m[38;2;0;0;0m [48;2;248;246;248m[38;2;234;232;235m▘[48;2;250;250;252m[38;2;250;250;252m  [48;2;249;247;250m[38;2;151;149;152m▁▁[48;2;250;250;252m[38;2;250;250;252m  [48;2;251;249;251m[38;2;241;239;242m▃[48;2;242;240;243m[38;2;252;250;252m▄[48;2;215;90;113m[38;2;243;244;247m▄▄[48;2;248;248;250m[38;2;248;248;250m  [48;2;250;250;252m[38;2;250;250;252m  [48;2;227;226;228m[38;2;0;0;0m [48;2;36;34;37m[38;2;210;208;210m▄[48;2;4;2;7m[38;2;4;2;7m  [48;2;3;1;6m[38;2;3;1;6m  [48;2;1;1;1m[38;2;1;1;1m            [0m
[48;2;1;1;1m[38;2;1;1;1m            [48;2;3;1;6m[38;2;3;1;6m        [48;2;10;8;9m[38;2;2;0;1m▅[48;2;3;1;2m[38;2;11;9;10m▂[48;2;1;0;2m[38;2;4;2;5m▄[48;2;27;25;28m[38;2;199;197;199m▄[48;2;228;226;228m[38;2;0;0;0m [48;2;236;234;237m[38;2;249;247;250m▊[48;2;234;234;236m[38;2;247;247;249m▇[48;2;246;246;247m[38;2;165;165;167m▁[48;2;224;222;224m[38;2;35;33;36m▄[48;2;214;213;215m[38;2;9;8;10m▄[48;2;17;15;18m[38;2;0;0;0m [48;2;44;42;45m[38;2;6;5;7m▊[48;2;248;248;250m[38;2;205;205;207m▎[48;2;240;240;242m[38;2;252;252;253m┃[48;2;250;250;252m[38;2;250;250;252m        [48;2;248;248;249m[38;2;231;231;233m╵[48;2;237;237;238m[38;2;0;0;0m [48;2;39;35;38m[38;2;199;195;199m▄[48;2;12;8;11m[38;2;0;0;0m [48;2;3;1;4m[38;2;3;1;4m  [48;2;1;1;1m[38;2;1;1;1m            [0m
[48;2;1;1;1m[38;2;1;1;1m            [48;2;1;1;3m[38;2;1;1;3m  [48;2;3;1;6m[38;2;3;1;6m  [48;2;2;0;3m[38;2;2;0;3m  [48;2;1;1;1m[38;2;1;1;1m  [48;2;61;24;23m[38;2;204;62;95m▗[48;2;220;70;105m[38;2;139;51;65m▎[48;2;225;185;194m[38;2;183;59;95m▄[48;2;239;226;227m[38;2;99;110;100m▁[48;2;243;239;242m[38;2;119;114;118m▁[48;2;217;213;216m[38;2;53;49;52m▄[48;2;239;235;238m[38;2;28;24;27m▅[48;2;26;22;25m[38;2;0;0;0m [48;2;3;1;6m[38;2;3;1;6m  [48;2;1;1;3m[38;2;8;8;10m┃[48;2;35;35;37m[38;2;0;0;2m▊[48;2;248;248;250m[38;2;205;205;207m▎[48;2;240;240;242m[38;2;252;252;253m┃[48;2;250;250;252m[38;2;250;250;252m      [48;2;198;193;197m[38;2;247;243;247m▊[48;2;216;211;215m[38;2;47;42;46m▄[48;2;248;248;250m[38;2;248;248;250m  [48;2;121;119;122m[38;2;243;241;244m▊[48;2;1;0;2m[38;2;23;21;24m▎[48;2;2;0;3m[38;2;2;0;3m  [48;2;1;1;1m[38;2;1;1;1m            [0m
[48;2;1;1;1m[38;2;1;1;1m              [48;2;2;0;3m[38;2;2;0;3m  [48;2;1;1;3m[38;2;1;1;3m    [48;2;182;59;88m[38;2;66;21;23m▎[48;2;203;63;96m[38;2;51;24;21m▅[48;2;8;3;6m[38;2;45;39;43m▘[48;2;5;0;3m[38;2;4;0;2m▘[48;2;3;1;6m[38;2;3;1;6m      [48;2;1;1;3m[38;2;8;8;10m┃[48;2;35;35;37m[38;2;0;0;2m▊[48;2;248;248;250m[38;2;205;205;207m▎[48;2;240;240;242m[38;2;252;252;253m┃[48;2;250;250;252m[38;2;250;250;252m    [48;2;249;249;251m[38;2;249;249;251m  [48;2;138;133;137m[38;2;220;215;219m▊[48;2;20;16;19m[38;2;49;44;48m▎[48;2;238;236;238m[38;2;59;58;60m▅[48;2;242;240;243m[38;2;0;0;0m [48;2;121;119;122m[38;2;243;241;244m▊[48;2;1;0;2m[38;2;23;21;24m▎[48;2;1;1;1m[38;2;1;1;1m              [0m
[48;2;1;1;1m[38;2;1;1;1m                [48;2;3;1;4m[38;2;3;1;4m  [48;2;3;1;6m[38;2;3;1;6m  [48;2;2;0;3m[38;2;2;0;3m  [48;2;3;1;6m[38;2;3;1;6m        [48;2;16;12;15m[38;2;0;0;0m [48;2;30;25;29m[38;2;200;196;200m▅[48;2;218;212;214m[38;2;93;87;89m▅[48;2;231;227;229m[38;2;97;91;93m▁[48;2;242;239;240m[38;2;78;74;75m▁▁[48;2;242;238;242m[38;2;78;73;77m▁▁[48;2;240;236;239m[38;2;86;81;85m▁[48;2;220;216;219m[38;2;65;60;64m▁[48;2;5;3;4m[38;2;34;32;33m▎[48;2;52;50;51m[38;2;9;7;8m▊[48;2;53;51;54m[38;2;231;229;231m▅[48;2;245;243;245m[38;2;0;0;0m [48;2;121;119;122m[38;2;243;241;244m▊[48;2;1;0;2m[38;2;23;21;24m▎[48;2;1;1;1m[38;2;1;1;1m              [0m
[48;2;1;1;1m[38;2;1;1;1m                    [48;2;0;0;0m[38;2;0;0;0m  [48;2;1;1;3m[38;2;1;1;3m  [48;2;2;0;3m[38;2;2;0;3m  [48;2;3;1;6m[38;2;3;1;6m  [48;2;3;1;4m[38;2;3;1;4m  [48;2;33;31;34m[38;2;210;208;211m▅[48;2;238;236;238m[38;2;0;0;0m [48;2;255;254;255m[38;2;251;249;252m▄[48;2;40;38;41m[38;2;236;234;236m▅[48;2;22;17;23m[38;2;213;208;214m▅[48;2;10;6;11m[38;2;50;45;51m▎[48;2;17;16;18m[38;2;144;142;145m▁[48;2;55;53;56m[38;2;12;10;13m▊[48;2;31;27;30m[38;2;227;223;227m▅[48;2;23;18;22m[38;2;217;212;216m▅[48;2;19;19;17m[38;2;155;152;151m▁[48;2;37;19;22m[38;2;135;76;94m▁[48;2;246;228;230m[38;2;206;95;126m▅[48;2;218;216;212m[38;2;79;71;68m▁[48;2;191;189;190m[38;2;22;21;21m▅[48;2;6;4;5m[38;2;1;0;0m┻[48;2;1;1;1m[38;2;1;1;1m              [0m
[48;2;1;1;1m[38;2;1;1;1m                        [48;2;1;1;3m[38;2;1;1;3m  [48;2;3;1;6m[38;2;3;1;6m  [48;2;1;0;2m[38;2;10;8;11m▄[48;2;32;31;33m[38;2;206;204;206m▅[48;2;239;239;240m[38;2;0;0;0m [48;2;250;250;252m[38;2;234;234;236m╵[48;2;245;245;246m[38;2;0;0;0m [48;2;230;230;232m[38;2;93;93;95m▁[48;2;204;199;202m[38;2;98;92;96m▅[48;2;62;56;60m[38;2;221;216;219m▅[48;2;219;213;217m[38;2;90;84;88m▁[48;2;56;50;54m[38;2;182;176;180m▁[48;2;250;248;251m[38;2;232;230;233m▌[38;2;255;254;255m▌[48;2;245;239;238m[38;2;0;0;0m [48;2;209;91;126m[38;2;232;215;217m▅[48;2;95;34;43m[38;2;180;60;79m▊[48;2;8;4;8m[38;2;23;16;14m▎[48;2;1;1;1m[38;2;1;1;1m                [0m
[48;2;1;1;1m[38;2;1;1;1m                    [48;2;2;0;3m[38;2;2;0;3m  [48;2;1;1;1m[38;2;1;1;1m  [48;2;3;1;6m[38;2;3;1;6m    [48;2;38;36;39m[38;2;206;204;207m▅[48;2;236;234;236m[38;2;0;0;0m [48;2;250;250;252m[38;2;250;250;252m  [48;2;231;229;232m[38;2;252;250;253m▊[48;2;56;54;57m[38;2;4;3;5m┃[48;2;252;250;252m[38;2;211;209;212m▎[48;2;194;192;195m[38;2;245;243;246m▊[48;2;94;89;93m[38;2;3;0;2m┃[48;2;252;247;251m[38;2;202;197;201m▎[48;2;250;250;252m[38;2;250;250;252m  [48;2;241;241;243m[38;2;254;254;255m┃[48;2;182;182;184m[38;2;245;245;246m▊[48;2;19;18;18m[38;2;161;159;160m▁[48;2;1;0;0m[38;2;5;3;4m▄[48;2;1;1;1m[38;2;1;1;1m                [0m
[48;2;1;1;1m[38;2;1;1;1m                  [48;2;1;1;3m[38;2;1;1;3m  [48;2;2;0;3m[38;2;2;0;3m  [48;2;1;1;3m[38;2;1;1;3m  [48;2;3;1;6m[38;2;3;1;6m    [48;2;247;247;249m[38;2;146;146;148m▎[48;2;255;255;255m[38;2;233;233;235m│[48;2;250;250;252m[38;2;250;250;252m  [48;2;242;240;242m[38;2;0;0;0m [48;2;61;60;62m[38;2;234;233;235m▅[48;2;222;217;220m[38;2;89;83;87m▅[48;2;224;219;222m[38;2;48;42;46m▁[48;2;56;51;54m[38;2;229;224;228m▅[48;2;179;174;178m[38;2;113;107;111m▄[48;2;248;248;250m[38;2;248;248;250m  [48;2;250;250;252m[38;2;250;250;252m  [48;2;146;144;145m[38;2;245;243;244m▊[48;2;1;0;0m[38;2;23;21;22m▄[48;2;1;1;1m[38;2;1;1;1m                [0m
[48;2;1;1;1m[38;2;1;1;1m                  [48;2;2;0;3m[38;2;2;0;3m    [48;2;3;1;6m[38;2;3;1;6m    [48;2;7;5;10m[38;2;1;0;4m▆[48;2;20;19;23m[38;2;191;189;194m▁[48;2;245;244;246m[38;2;155;153;156m▎[48;2;252;250;252m[38;2;237;235;238m╷[48;2;250;250;252m[38;2;250;250;252m  [48;2;255;255;255m[38;2;249;249;251m▌[48;2;231;231;233m▌[48;2;195;191;192m[38;2;24;21;21m▅[48;2;91;87;88m[38;2;16;13;13m▊[48;2;255;255;255m[38;2;237;237;239m▌[48;2;253;253;254m[38;2;245;245;247m┃[48;2;250;250;252m[38;2;250;250;252m    [48;2;146;144;145m[38;2;245;243;244m▊[48;2;1;0;0m[38;2;23;21;22m▄[48;2;1;1;1m[38;2;1;1;1m                [0m
[48;2;4;2;10m[38;2;23;2;126m▂▂▂▂▂▂▂▂▂▂▂▂▂▂▂▂▂▂[48;2;5;3;12m[38;2;24;2;129m▂▂[48;2;4;2;10m[38;2;23;2;126m▂▂[48;2;5;3;12m[38;2;24;2;129m▂▂▂▂[48;2;15;11;28m[38;2;31;8;155m▁[48;2;240;238;240m[38;2;122;118;136m▎[48;2;250;250;252m[38;2;250;250;252m    [48;2;246;244;242m[38;2;0;0;0m [48;2;233;231;233m[38;2;98;81;178m▂[48;2;18;13;21m[38;2;26;6;127m▂▂[48;2;227;221;240m[38;2;53;46;79m▆[48;2;248;246;248m[38;2;225;222;235m▎[48;2;250;250;252m[38;2;250;250;252m    [48;2;167;165;168m[38;2;242;240;243m▊[48;2;14;12;15m[38;2;172;170;173m▂[48;2;4;2;10m[38;2;23;2;126m▂▂▂▂▂▂▂▂▂▂▂▂▂▂▂▂[0m
[48;2;38;3;183m[38;2;38;3;183m                          [48;2;34;7;176m[38;2;43;7;205m│[48;2;247;243;247m[38;2;121;102;191m▎[48;2;250;250;252m[38;2;250;250;252m    [48;2;202;192;242m[38;2;251;251;245m▊[48;2;36;6;182m[38;2;86;65;186m▎[48;2;38;3;183m[38;2;38;3;183m  [48;2;60;29;195m[38;2;36;9;175m▆[48;2;230;222;247m[38;2;59;31;182m▆[48;2;249;249;251m[38;2;231;231;233m▌[38;2;255;255;255m▌[48;2;250;250;252m[38;2;250;250;252m  [48;2;250;250;251m[38;2;249;249;242m▌[48;2;154;150;177m[38;2;245;242;254m▊[48;2;38;3;183m[38;2;38;3;183m                [0m
[48;2;38;3;183m[38;2;38;3;183m                          [48;2;60;37;171m[38;2;31;0;188m▊[48;2;243;241;248m[38;2;139;127;189m▎[48;2;250;250;252m[38;2;250;250;252m  [48;2;249;249;251m[38;2;249;249;251m  [48;2;216;209;229m[38;2;64;36;190m▆[48;2;44;13;187m[38;2;36;7;158m▖[48;2;38;3;183m[38;2;38;3;183m  [48;2;35;1;176m[38;2;43;9;184m┃[48;2;60;26;201m[38;2;29;0;170m▌[48;2;229;229;229m[38;2;74;56;179m▂[48;2;247;246;249m[38;2;0;0;0m [48;2;250;250;252m[38;2;250;250;252m  [48;2;250;250;251m[38;2;249;249;242m▌[48;2;154;150;177m[38;2;245;242;254m▊[48;2;38;3;183m[38;2;38;3;183m                [0m
[48;2;38;3;185m[38;2;38;3;185m                          [48;2;60;37;171m[38;2;31;0;188m▊[48;2;243;241;248m[38;2;139;127;189m▎[48;2;250;250;252m[38;2;250;250;252m  [48;2;249;249;251m[38;2;249;249;251m  [48;2;43;8;191m[38;2;102;78;190m▎[48;2;37;4;184m[38;2;32;0;164m│[48;2;38;3;185m[38;2;38;3;185m    [48;2;126;113;183m[38;2;36;10;188m▊[48;2;254;253;250m[38;2;218;217;215m▎[48;2;250;250;252m[38;2;250;250;252m  [48;2;250;250;251m[38;2;249;249;242m▌[48;2;154;150;177m[38;2;245;242;254m▊[48;2;38;3;183m[38;2;38;3;183m  [48;2;38;3;185m[38;2;38;3;185m              [0m
[48;2;38;3;185m[38;2;38;3;185m                          [48;2;51;21;179m[38;2;34;2;185m▊[48;2;244;242;245m[38;2;129;111;197m▎[48;2;250;250;252m[38;2;250;250;252m  [48;2;225;221;235m[38;2;250;248;248m▊[48;2;212;207;228m[38;2;59;35;180m▆[48;2;40;5;185m[38;2;40;5;185m  [48;2;38;3;185m[38;2;38;3;185m    [48;2;89;69;185m[38;2;37;7;179m▊[48;2;235;229;239m[38;2;87;64;182m▂[48;2;249;249;251m[38;2;249;249;251m  [48;2;251;251;249m[38;2;242;243;237m│[48;2;153;149;176m[38;2;244;241;254m▊[48;2;38;3;183m[38;2;38;3;183m  [48;2;38;3;185m[38;2;38;3;185m              [0m
[48;2;38;3;185m[38;2;38;3;185m                          [48;2;53;16;144m[38;2;38;2;180m▊[48;2;197;172;189m[38;2;182;75;120m▆[48;2;241;238;241m[38;2;211;95;114m▃[48;2;249;247;248m[38;2;222;106;125m▃[48;2;224;217;238m[38;2;66;37;185m▂[48;2;40;10;178m[38;2;74;52;184m▎[48;2;38;3;185m[38;2;38;3;185m      [48;2;34;0;177m[38;2;43;3;194m▌[48;2;58;24;182m[38;2;40;5;172m▌[48;2;236;223;230m[38;2;208;88;111m▆[48;2;244;227;227m[38;2;198;72;86m▂[48;2;220;214;223m[38;2;181;71;110m▂[48;2;179;185;215m[38;2;51;15;185m▆[48;2;38;3;185m[38;2;38;3;185m                [0m
[48;2;38;3;185m[38;2;38;3;185m                        [48;2;36;0;189m[38;2;36;4;165m▗[48;2;36;3;169m[38;2;36;23;64m▂[48;2;27;14;126m[38;2;10;10;37m▆[48;2;215;68;89m[38;2;110;57;78m▎[48;2;218;74;101m[38;2;218;74;101m  [48;2;50;18;74m[38;2;187;60;89m▂[48;2;47;10;151m[38;2;15;12;12m▆[48;2;36;13;142m[38;2;5;3;13m▆▆▆▆[48;2;36;13;140m[38;2;5;3;12m▆▆[48;2;36;9;136m[38;2;7;2;9m▆[48;2;47;21;147m[38;2;17;10;18m▆[48;2;216;73;97m[38;2;50;17;26m▃▃[48;2;193;63;91m[38;2;21;10;12m▂[48;2;123;41;108m[38;2;17;15;20m▂[48;2;36;3;165m[38;2;36;24;60m▂[48;2;36;0;185m[38;2;36;4;161m▖[48;2;38;3;185m[38;2;38;3;185m              [0m
[48;2;38;3;185m[38;2;38;3;185m                        [48;2;37;3;172m[38;2;37;0;199m▘[48;2;37;18;95m[38;2;37;2;180m▆[48;2;15;6;26m[38;2;37;9;168m▃[48;2;133;45;67m[38;2;24;8;77m▆[48;2;168;49;82m[38;2;25;10;82m▆▆[48;2;135;45;70m[38;2;26;7;80m▆[48;2;19;10;27m[38;2;44;14;179m▂[48;2;8;3;24m[38;2;39;10;180m▂▂▂▂▂▂▂▂▂▂[48;2;8;6;13m[38;2;31;5;153m▃▃[48;2;37;21;80m[38;2;37;2;185m▆[48;2;37;1;184m[38;2;37;4;165m▘[48;2;38;3;185m[38;2;38;3;185m              [0m
[48;2;40;2;185m[38;2;40;2;185m                                                            [0m
[48;2;40;2;185m[38;2;40;2;185m                                                            [0m
