[48;2;1;1;1m[38;2;1;1;1m                                                            [0m
[48;2;1;1;1m[38;2;1;1;1m                                                            [0m
[48;2;1;1;1m[38;2;1;1;1m                                                            [0m
[48;2;1;1;1m[38;2;1;1;1m                                                            [0m
[48;2;1;1;1m[38;2;1;1;1m                            [48;2;1;1;3m[38;2;1;1;3m  [48;2;1;1;1m[38;2;1;1;1m                              [0m
[48;2;1;1;1m[38;2;1;1;1m                        [48;2;1;1;3m[38;2;1;1;3m    [48;2;3;1;6m[38;2;3;1;6m  [48;2;2;0;3m[38;2;2;0;3m  [48;2;1;1;1m[38;2;1;1;1m  [48;2;1;1;3m[38;2;1;1;3m  [48;2;1;1;1m[38;2;1;1;1m                        [0m
[48;2;1;1;1m[38;2;1;1;1m                        [48;2;3;1;6m[38;2;3;1;6m      [48;2;1;1;3m[38;2;1;1;3m  [48;2;3;1;6m[38;2;3;1;6m  [48;2;2;0;5m[38;2;1;0;4m▗[48;2;5;4;8m[38;2;42;40;45m▗[48;2;12;11;13m[38;2;222;220;223m▄▄[48;2;15;11;14m[38;2;222;217;221m▄[48;2;16;12;15m[38;2;205;201;205m▄[48;2;2;1;3m[38;2;18;16;19m▃[48;2;4;2;5m[38;2;7;5;8m▖[48;2;1;1;1m[38;2;1;1;1m                  [0m
[48;2;1;1;1m[38;2;1;1;1m                        [48;2;1;1;3m[38;2;1;1;3m  [48;2;3;1;6m[38;2;3;1;6m  [48;2;1;1;3m[38;2;1;1;3m    [48;2;2;0;3m[38;2;2;0;3m  [48;2;16;12;15m[38;2;0;0;0m [48;2;202;197;201m[38;2;37;32;36m▄[48;2;247;243;245m[38;2;206;76;99m▄▄[48;2;249;241;241m[38;2;202;101;130m▄[48;2;246;240;238m[38;2;0;0;0m [48;2;162;157;161m[38;2;228;223;227m▊[48;2;14;9;13m[38;2;3;0;2m┣[48;2;1;1;3m[38;2;1;1;3m  [48;2;1;1;1m[38;2;1;1;1m                [0m
[48;2;1;1;1m[38;2;1;1;1m                    [48;2;2;2;4m[38;2;2;2;4m  [48;2;3;1;6m[38;2;3;1;6m    [48;2;1;1;3m[38;2;1;1;3m        [48;2;1;0;2m[38;2;2;0;3m▗[48;2;6;4;7m[38;2;25;23;26m▃[48;2;39;15;12m[38;2;188;61;88m▄[48;2;183;63;88m[38;2;210;70;101m▊[48;2;50;18;16m[38;2;198;64;93m▄[48;2;222;145;155m[38;2;204;72;100m▊[48;2;144;139;143m[38;2;238;233;237m▊[48;2;6;1;5m[38;2;49;44;48m▎[48;2;3;1;4m[38;2;3;1;4m  [48;2;1;1;3m[38;2;1;1;3m  [48;2;1;1;1m[38;2;1;1;1m              [0m
[48;2;1;1;1m[38;2;1;1;1m                [48;2;2;0;3m[38;2;2;0;3m  [48;2;3;1;4m[38;2;3;1;4m  [48;2;3;1;6m[38;2;3;1;6m    [48;2;1;1;3m[38;2;1;1;3m    [48;2;2;0;3m[38;2;2;0;3m  [48;2;3;1;6m[38;2;13;11;16m▃▃[48;2;22;17;21m[38;2;0;0;0m [48;2;24;20;23m[38;2;219;215;218m▄[48;2;44;39;43m[38;2;239;235;238m▄[48;2;187;182;186m[38;2;236;232;236m▇[48;2;229;91;116m[38;2;210;72;97m┃[48;2;218;80;105m[38;2;198;60;85m┃[48;2;234;79;111m[38;2;213;73;100m▊[48;2;226;133;144m[38;2;203;74;97m▊[48;2;231;229;231m[38;2;0;0;0m [48;2;34;32;35m[38;2;231;229;232m▄[48;2;21;17;20m[38;2;212;208;211m▄[48;2;13;9;12m[38;2;71;66;70m▁[48;2;3;1;6m[38;2;3;1;6m  [48;2;3;1;4m[38;2;3;1;4m  [48;2;1;1;3m[38;2;1;1;3m  [48;2;1;1;1m[38;2;1;1;1m          [0m
[48;2;1;1;1m[38;2;1;1;1m            [48;2;1;1;3m[38;2;1;1;3m  [48;2;3;1;6m[38;2;3;1;6m          [48;2;1;1;3m[38;2;1;1;3m  [48;2;3;1;6m[38;2;3;1;6m  [48;2;1;0;4m[38;2;14;12;17m━[48;2;9;7;12m[38;2;79;77;82m▁[48;2;33;32;34m[38;2;218;216;219m▄[48;2;234;233;235m[38;2;0;0;0m [48;2;248;248;250m[38;2;248;248;250m  [48;2;250;250;252m[38;2;250;250;252m  [48;2;247;239;238m[38;2;0;0;0m [48;2;203;100;130m[38;2;250;241;241m▄[48;2;203;105;133m[38;2;249;242;242m▄[48;2;247;243;241m[38;2;0;0;0m [48;2;250;250;252m[38;2;250;250;252m  [48;2;252;251;253m[38;2;238;236;239m▗[48;2;247;245;247m[38;2;188;186;189m▝[48;2;31;29;34m[38;2;196;195;199m▄[48;2;9;8;12m[38;2;0;0;0m [48;2;3;1;6m[38;2;3;1;6m  [48;2;1;1;1m[38;2;1;1;1m            [0m
[48;2;1;1;1m[38;2;1;1;1m            [48;2;3;1;6m[38;2;3;1;6m        [48;2;1;1;3m[38;2;1;1;3m    [48;2;3;1;6m[38;2;3;1;6m  [48;2;5;3;8m[38;2;0;0;0m [48;2;9;7;12m[38;2;88;86;91m▁[48;2;38;36;39m[38;2;215;213;215m▄[48;2;231;229;231m[38;2;0;0;0m [48;2;250;250;252m[38;2;250;250;252m              [48;2;234;230;234m[38;2;0;0;0m [48;2;37;32;36m[38;2;205;200;204m▄[48;2;2;0;3m[38;2;2;0;3m  [48;2;1;1;1m[38;2;1;1;1m            [0m
[48;2;1;1;1m[38;2;1;1;1m            [48;2;1;1;3m[38;2;1;1;3m  [48;2;3;1;6m[38;2;3;1;6m  [48;2;2;0;3m[38;2;2;0;3m  [48;2;1;1;1m[38;2;1;1;1m  [48;2;3;1;6m[38;2;3;1;6m      [48;2;14;12;15m[38;2;103;101;104m▁[48;2;240;238;241m[38;2;143;141;144m▎[48;2;250;250;252m[38;2;250;250;252m  [48;2;241;237;241m[38;2;115;110;114m▁[48;2;219;214;218m[38;2;37;33;36m▄[48;2;245;245;247m[38;2;224;224;226m▖[48;2;255;255;255m[38;2;251;251;253m▝[48;2;250;250;252m[38;2;250;250;252m          [48;2;252;250;252m[38;2;236;234;237m│[48;2;142;140;143m[38;2;245;243;245m▊[48;2;9;8;10m[38;2;107;105;108m▁[48;2;7;5;8m[38;2;0;0;0m [48;2;1;1;1m[38;2;1;1;1m            [0m
[48;2;1;1;1m[38;2;1;1;1m              [48;2;2;0;3m[38;2;2;0;3m  [48;2;1;1;3m[38;2;1;1;3m    [48;2;3;1;6m[38;2;3;1;6m    [48;2;1;0;4m[38;2;21;19;24m [48;2;13;11;16m[38;2;124;122;127m▁[48;2;240;239;241m[38;2;131;129;132m▎[48;2;255;254;255m[38;2;254;252;255m┃[48;2;239;235;238m[38;2;127;122;126m▁[48;2;234;230;233m[38;2;47;42;46m▅[48;2;15;13;16m[38;2;0;0;0m [48;2;41;39;42m[38;2;5;3;6m▊[48;2;226;224;227m[38;2;114;112;115m▁[48;2;255;254;255m[38;2;251;249;252m▄[48;2;250;250;252m[38;2;250;250;252m      [48;2;246;245;247m[38;2;0;0;0m [48;2;229;228;230m[38;2;98;96;99m▁[48;2;237;235;238m[38;2;50;48;51m▅[38;2;131;129;132m▁[48;2;250;250;252m[38;2;250;250;252m  [48;2;110;108;109m[38;2;239;237;238m▊[48;2;1;0;0m[38;2;24;22;23m▎[48;2;1;1;1m[38;2;1;1;1m            [0m
[48;2;1;1;1m[38;2;1;1;1m                [48;2;3;1;4m[38;2;3;1;4m  [48;2;3;1;6m[38;2;3;1;6m  [48;2;2;0;3m[38;2;2;0;3m  [48;2;3;1;6m[38;2;3;1;6m  [48;2;8;2;6m[38;2;4;0;2m▊[48;2;227;222;226m[38;2;104;98;102m▎[48;2;244;243;244m[38;2;183;117;139m▁[48;2;244;244;246m[38;2;163;137;146m▂[48;2;9;8;12m[38;2;100;98;103m▎[48;2;2;1;5m[38;2;11;9;14m│[48;2;3;1;4m[38;2;3;1;4m  [48;2;27;23;24m[38;2;148;144;145m▁[48;2;226;223;224m[38;2;103;99;100m▁[48;2;249;249;251m[38;2;249;249;251m  [48;2;250;250;252m[38;2;250;250;252m    [48;2;139;134;138m[38;2;247;243;246m▊[48;2;6;2;5m[38;2;40;35;39m▎[48;2;3;0;2m[38;2;15;10;14m▁[48;2;47;42;46m[38;2;163;158;162m▁[48;2;250;250;251m[38;2;231;231;233m▘▗[48;2;94;92;93m[38;2;213;212;213m▊[48;2;4;3;3m[38;2;19;17;18m▎[48;2;1;1;1m[38;2;1;1;1m            [0m
[48;2;1;1;1m[38;2;1;1;1m                    [48;2;0;0;0m[38;2;0;0;0m  [48;2;1;1;3m[38;2;1;1;3m  [48;2;15;2;3m[38;2;4;3;9m▊[48;2;176;63;79m[38;2;70;27;29m▎[48;2;188;61;82m[38;2;221;73;98m┫[48;2;33;12;19m[38;2;114;35;53m▎[48;2;3;1;4m[38;2;3;1;4m  [48;2;1;0;4m[38;2;3;1;6m▄[48;2;25;23;28m[38;2;140;138;143m▁[48;2;229;227;230m[38;2;0;0;0m [48;2;55;53;56m[38;2;227;225;228m▅[48;2;222;216;218m[38;2;75;69;71m▅[48;2;226;221;223m[38;2;72;66;68m▅[48;2;227;224;225m[38;2;23;19;20m▅▅[48;2;230;224;226m[38;2;33;28;29m▅[48;2;231;225;227m[38;2;70;65;66m▅[48;2;197;192;194m[38;2;77;71;73m▅[48;2;23;17;19m[38;2;147;141;143m▁[48;2;127;81;88m[38;2;35;12;13m▊[48;2;236;226;222m[38;2;196;78;109m▅[48;2;230;211;214m[38;2;164;75;100m▄[48;2;205;200;198m[38;2;59;51;50m▁[48;2;1;1;1m[38;2;1;1;1m              [0m
[48;2;1;1;1m[38;2;1;1;1m                        [48;2;1;1;3m[38;2;1;1;3m  [48;2;151;57;69m[38;2;12;6;9m▅[48;2;209;64;93m[38;2;21;7;12m▅[48;2;13;8;12m[38;2;4;0;3m▅[48;2;6;1;5m[38;2;14;9;13m▂[48;2;28;24;27m[38;2;144;139;143m▁[48;2;247;243;246m[38;2;175;170;174m▎[48;2;250;250;252m[38;2;250;250;252m  [48;2;247;246;248m[38;2;0;0;0m [48;2;218;216;218m[38;2;96;94;97m▁[48;2;38;33;37m[38;2;185;180;184m▁[48;2;31;26;30m[38;2;204;199;203m▅[48;2;97;92;96m[38;2;10;5;9m▊[48;2;250;246;250m[38;2;220;215;219m▎[48;2;237;235;238m[38;2;252;250;253m▊[48;2;194;192;195m[38;2;244;243;245m▊[48;2;195;75;103m[38;2;79;64;58m▅[48;2;180;57;86m[38;2;79;25;31m▁[48;2;1;1;1m[38;2;1;1;1m                [0m
[48;2;1;1;1m[38;2;1;1;1m                    [48;2;2;0;3m[38;2;2;0;3m  [48;2;1;1;1m[38;2;1;1;1m  [48;2;3;1;6m[38;2;3;1;6m    [48;2;4;2;7m[38;2;4;2;7m  [48;2;249;248;253m[38;2;148;147;152m▎[48;2;255;254;255m[38;2;235;234;239m│[48;2;246;246;247m[38;2;0;0;0m [48;2;233;233;234m[38;2;66;66;68m▁[48;2;219;214;217m[38;2;78;72;76m▁[48;2;49;44;47m[38;2;171;165;169m▁[48;2;221;216;218m[38;2;70;64;66m▁[48;2;204;199;201m[38;2;95;89;91m▅[48;2;65;63;66m[38;2;231;229;232m▅[48;2;243;241;244m[38;2;0;0;0m [48;2;250;250;252m[38;2;250;250;252m  [48;2;164;160;161m[38;2;244;240;241m▊[48;2;20;16;17m[38;2;110;106;107m▂[48;2;1;1;1m[38;2;1;1;1m                [0m
[48;2;1;1;1m[38;2;1;1;1m                  [48;2;1;1;3m[38;2;1;1;3m  [48;2;2;0;3m[38;2;2;0;3m  [48;2;1;1;3m[38;2;1;1;3m  [48;2;3;1;6m[38;2;3;1;6m    [48;2;24;22;27m[38;2;6;4;9m▊[48;2;31;29;34m[38;2;209;207;211m▅[48;2;237;237;239m[38;2;0;0;0m [48;2;248;248;250m[38;2;255;255;255m▌[48;2;243;242;244m[38;2;0;0;0m [48;2;55;53;56m[38;2;241;239;242m▅[48;2;55;49;53m[38;2;232;227;231m▅[48;2;192;187;191m[38;2;101;95;99m▅[48;2;60;55;59m[38;2;230;226;229m▅[48;2;230;226;229m[38;2;70;65;69m▁[48;2;250;250;252m[38;2;250;250;252m    [48;2;255;254;255m[38;2;253;251;254m▌[48;2;164;162;165m[38;2;240;238;241m▊[48;2;21;19;20m[38;2;166;164;165m▁[48;2;1;0;0m[38;2;6;4;5m▄[48;2;1;1;1m[38;2;1;1;1m              [0m
[48;2;1;1;1m[38;2;1;1;1m                  [48;2;2;0;3m[38;2;2;0;3m    [48;2;3;1;6m[38;2;3;1;6m      [48;2;26;24;27m[38;2;196;194;197m▁[48;2;245;244;246m[38;2;167;165;168m▎[48;2;250;250;252m[38;2;250;250;252m    [48;2;238;238;240m[38;2;248;248;249m▊[48;2;205;205;207m[38;2;249;249;250m▊[48;2;189;184;188m[38;2;27;23;26m▅[48;2;88;83;87m[38;2;13;9;12m▊[48;2;226;224;227m[38;2;38;37;39m▁[48;2;246;244;246m[38;2;0;0;0m [48;2;250;250;252m[38;2;250;250;252m    [48;2;120;118;119m[38;2;242;241;242m▊[48;2;1;0;0m[38;2;22;20;21m▎[48;2;1;1;1m[38;2;1;1;1m              [0m
[48;2;4;2;10m[38;2;23;2;126m▂▂▂▂▂▂▂▂▂▂▂▂▂▂▂▂▂▂[48;2;5;3;12m[38;2;24;2;129m▂▂[48;2;4;2;10m[38;2;23;2;126m▂▂[48;2;5;3;12m[38;2;24;2;129m▂▂▂▂▂▂[48;2;247;245;248m[38;2;146;144;147m▎[48;2;255;253;255m[38;2;255;254;255m│[48;2;250;250;252m[38;2;250;250;252m    [48;2;207;203;219m[38;2;245;242;244m▊[48;2;221;217;225m[38;2;46;38;77m▆[48;2;6;3;13m[38;2;25;3;130m▂▂[48;2;96;91;111m[38;2;12;6;40m▊[48;2;250;248;249m[38;2;219;215;229m▎[48;2;250;250;252m[38;2;250;250;252m    [48;2;236;234;236m[38;2;0;0;0m [48;2;43;41;44m[38;2;211;209;212m▅[48;2;4;2;10m[38;2;23;2;126m▂▂▂▂▂▂▂▂▂▂▂▂▂▂[0m
[48;2;38;3;183m[38;2;38;3;183m                            [48;2;245;242;254m[38;2;154;150;177m▎[48;2;249;249;242m[38;2;250;250;251m▌[48;2;250;250;252m[38;2;250;250;252m  [48;2;249;249;251m[38;2;249;249;251m  [48;2;231;225;239m[38;2;77;53;174m▂[48;2;37;6;187m[38;2;64;38;176m▎[48;2;38;3;183m[38;2;38;3;183m  [48;2;42;15;185m[38;2;0;0;0m [48;2;236;232;230m[38;2;73;47;183m▆[48;2;249;249;251m[38;2;249;249;251m  [48;2;250;250;252m[38;2;250;250;252m  [48;2;245;245;240m[38;2;255;253;255m▎[48;2;151;143;192m[38;2;243;240;248m▊[48;2;38;3;185m[38;2;38;3;185m  [48;2;38;3;183m[38;2;38;3;183m            [0m
[48;2;38;3;183m[38;2;38;3;183m                          [48;2;37;7;180m[38;2;36;9;176m▄[48;2;50;28;180m[38;2;210;201;232m▆[48;2;244;243;248m[38;2;231;230;235m▘[48;2;253;252;254m[38;2;246;245;250m▃[48;2;250;250;252m[38;2;250;250;252m  [48;2;243;241;246m[38;2;0;0;0m [48;2;233;232;234m[38;2;78;58;185m▂[48;2;38;4;179m[38;2;56;22;197m▌[48;2;41;7;182m[38;2;32;0;173m▌[48;2;38;3;183m[38;2;38;3;183m  [48;2;38;4;181m[38;2;25;0;168m▘[48;2;43;8;186m[38;2;56;21;199m▝[48;2;227;224;233m[38;2;70;47;182m▆[48;2;250;248;250m[38;2;218;213;234m▎[48;2;250;250;252m[38;2;250;250;252m  [48;2;250;249;252m[38;2;0;0;0m [48;2;249;248;251m[38;2;211;210;215m▝[48;2;52;28;182m[38;2;212;202;233m▆[48;2;39;10;182m[38;2;37;9;177m▄[48;2;38;3;183m[38;2;38;3;183m            [0m
[48;2;38;3;185m[38;2;38;3;185m                          [48;2;60;37;171m[38;2;31;0;188m▊[48;2;243;241;248m[38;2;139;127;189m▎[48;2;250;250;252m[38;2;250;250;252m    [48;2;231;225;240m[38;2;76;53;173m▂[48;2;33;3;183m[38;2;72;46;185m▎[48;2;38;3;185m[38;2;38;3;185m      [48;2;96;73;192m[38;2;38;7;180m▊[48;2;233;227;240m[38;2;80;59;176m▂[48;2;250;250;252m[38;2;250;250;252m    [48;2;162;148;209m[38;2;250;245;250m▊[48;2;41;6;195m[38;2;34;9;162m▌[48;2;38;3;185m[38;2;38;3;185m            [0m
[48;2;38;3;185m[38;2;38;3;185m                          [48;2;51;21;179m[38;2;34;2;185m▊[48;2;244;242;245m[38;2;129;111;197m▎[48;2;250;250;252m[38;2;250;250;252m  [48;2;249;249;251m[38;2;249;249;251m  [48;2;40;6;187m[38;2;112;88;200m▎[48;2;44;8;191m[38;2;28;0;168m▌[48;2;38;3;185m[38;2;38;3;185m      [48;2;40;6;188m[38;2;34;6;164m▃[48;2;114;90;200m[38;2;41;9;187m▊[48;2;237;237;237m[38;2;75;58;180m▂[48;2;245;244;248m[38;2;0;0;0m [48;2;250;250;252m[38;2;250;250;252m  [48;2;162;148;209m[38;2;250;245;250m▊[48;2;41;6;195m[38;2;34;9;162m▌[48;2;38;3;185m[38;2;38;3;185m            [0m
[48;2;38;3;185m[38;2;38;3;185m                          [48;2;46;6;167m[38;2;178;56;117m▂[48;2;209;188;213m[38;2;191;77;100m▆[48;2;234;222;225m[38;2;213;76;100m▂[48;2;243;232;234m[38;2;224;87;111m▂[48;2;227;223;237m[38;2;51;24;182m▂[48;2;215;211;229m[38;2;47;23;179m▆[48;2;40;5;185m[38;2;40;5;185m  [48;2;38;3;185m[38;2;38;3;185m        [48;2;41;9;177m[38;2;0;0;0m [48;2;206;193;229m[38;2;67;39;186m▆[48;2;245;236;238m[38;2;203;70;93m▂▂[48;2;209;198;219m[38;2;173;77;126m▂[48;2;36;4;183m[38;2;56;19;174m▎[48;2;38;3;185m[38;2;38;3;185m            [0m
[48;2;38;3;185m[38;2;38;3;185m                        [48;2;36;0;189m[38;2;36;4;165m▗[48;2;36;3;169m[38;2;36;23;64m▂[48;2;174;62;97m[38;2;33;9;15m▂[48;2;204;70;90m[38;2;0;0;0m [48;2;218;74;101m[38;2;218;74;101m  [48;2;50;18;74m[38;2;187;60;89m▂[48;2;47;10;151m[38;2;15;12;12m▆[48;2;36;13;142m[38;2;5;3;13m▆▆▆▆[48;2;36;13;140m[38;2;5;3;12m▆▆[48;2;36;13;142m[38;2;5;3;13m▆▆[48;2;31;6;134m[38;2;12;6;16m▆▆[48;2;60;15;72m[38;2;204;80;105m▂[48;2;115;47;135m[38;2;208;74;88m▅[48;2;215;76;99m[38;2;228;89;112m▖[48;2;210;71;94m[38;2;197;58;81m▗[48;2;161;63;102m[38;2;29;11;29m▂[48;2;36;4;179m[38;2;20;7;65m▃[48;2;38;3;185m[38;2;38;3;185m            [0m
[48;2;38;3;185m[38;2;38;3;185m                        [48;2;37;3;172m[38;2;37;0;199m▘[48;2;37;18;95m[38;2;37;2;180m▆[48;2;15;6;26m[38;2;37;9;168m▃[48;2;133;45;67m[38;2;24;8;77m▆[48;2;168;49;82m[38;2;25;10;82m▆▆[48;2;135;45;70m[38;2;26;7;80m▆[48;2;19;10;27m[38;2;44;14;179m▂[48;2;8;3;24m[38;2;39;10;180m▂▂▂▂▂▂▂▂[48;2;11;4;24m[38;2;42;10;181m▂▂[48;2;160;41;76m[38;2;25;10;82m▆▆[48;2;151;53;81m[38;2;23;8;78m▆[48;2;59;21;34m[38;2;49;12;156m▃[48;2;17;7;47m[38;2;37;4;183m▂[48;2;32;17;87m[38;2;33;2;172m▆[48;2;38;3;185m[38;2;38;3;185m            [0m
[48;2;40;2;185m[38;2;40;2;185m                                                            [0m
[48;2;40;2;185m[38;2;40;2;185m                                                            [0m
