[48;2;1;1;1m[38;2;1;1;1m                                                            [0m
[48;2;1;1;1m[38;2;1;1;1m                                                            [0m
[48;2;1;1;1m[38;2;1;1;1m                                                            [0m
[48;2;1;1;1m[38;2;1;1;1m                                                            [0m
[48;2;1;1;1m[38;2;1;1;1m                            [48;2;1;1;3m[38;2;1;1;3m  [48;2;1;1;1m[38;2;1;1;1m                              [0m
[48;2;1;1;1m[38;2;1;1;1m                        [48;2;1;1;3m[38;2;1;1;3m    [48;2;3;1;6m[38;2;3;1;6m  [48;2;2;0;3m[38;2;2;0;3m  [48;2;1;1;1m[38;2;1;1;1m  [48;2;1;1;3m[38;2;1;1;3m  [48;2;1;1;1m[38;2;1;1;1m                        [0m
[48;2;1;1;1m[38;2;1;1;1m                        [48;2;3;1;6m[38;2;3;1;6m      [48;2;1;1;3m[38;2;1;1;3m  [48;2;3;1;6m[38;2;3;1;6m    [48;2;17;15;18m[38;2;0;0;0m [48;2;18;17;19m[38;2;205;203;206m▄[48;2;13;12;14m[38;2;224;222;225m▄▄[48;2;18;16;19m[38;2;193;191;194m▄[48;2;1;0;2m[38;2;12;10;13m▄[48;2;1;1;1m[38;2;1;1;1m                  [0m
[48;2;1;1;1m[38;2;1;1;1m                        [48;2;1;1;3m[38;2;1;1;3m  [48;2;3;1;6m[38;2;3;1;6m  [48;2;1;1;3m[38;2;1;1;3m    [48;2;2;0;3m[38;2;2;0;3m  [48;2;1;0;2m[38;2;6;4;7m▖[48;2;7;6;8m[38;2;29;27;30m▝[48;2;212;209;206m[38;2;52;31;33m▄[48;2;245;237;236m[38;2;188;78;110m▄[48;2;251;241;245m[38;2;209;93;111m▄[48;2;244;234;239m[38;2;204;88;105m▄[48;2;226;224;227m[38;2;247;245;248m▇[48;2;156;154;157m[38;2;231;229;232m▊[48;2;5;3;6m[38;2;5;3;6m  [48;2;1;1;1m[38;2;1;1;1m                [0m
[48;2;1;1;1m[38;2;1;1;1m                    [48;2;2;2;4m[38;2;2;2;4m  [48;2;3;1;6m[38;2;3;1;6m    [48;2;1;1;3m[38;2;1;1;3m          [48;2;21;7;6m[38;2;0;0;0m [48;2;26;15;14m[38;2;186;71;104m▄[48;2;193;56;86m[38;2;215;74;106m▄[48;2;48;24;18m[38;2;204;67;98m▄[48;2;208;130;144m[38;2;219;72;100m▊[48;2;157;139;155m[38;2;234;235;236m▊[48;2;9;7;12m[38;2;14;12;17m▌[48;2;1;0;4m[38;2;4;2;7m▎[48;2;1;1;3m[38;2;1;1;3m  [48;2;1;1;1m[38;2;1;1;1m              [0m
[48;2;1;1;1m[38;2;1;1;1m                [48;2;2;0;3m[38;2;2;0;3m  [48;2;3;1;4m[38;2;3;1;4m  [48;2;3;1;6m[38;2;3;1;6m    [48;2;1;1;3m[38;2;1;1;3m    [48;2;2;0;3m[38;2;2;0;3m  [48;2;3;1;4m[38;2;3;1;4m    [48;2;1;0;2m[38;2;9;7;10m▄[48;2;13;11;14m[38;2;82;80;83m▁[48;2;36;28;33m[38;2;217;210;214m▄[48;2;212;79;103m[38;2;0;0;0m [48;2;215;71;98m[38;2;215;71;98m  [48;2;229;132;151m[38;2;207;67;90m▊[48;2;230;227;231m[38;2;0;0;0m [48;2;26;24;27m[38;2;236;235;237m▄[48;2;20;18;21m[38;2;208;207;209m▄[48;2;6;4;9m[38;2;25;23;28m▃[48;2;1;0;4m[38;2;2;0;5m▖[48;2;3;1;4m[38;2;3;1;4m  [48;2;1;1;3m[38;2;1;1;3m  [48;2;1;1;1m[38;2;1;1;1m          [0m
[48;2;1;1;1m[38;2;1;1;1m            [48;2;1;1;3m[38;2;1;1;3m  [48;2;3;1;6m[38;2;3;1;6m          [48;2;1;1;3m[38;2;1;1;3m  [48;2;3;1;6m[38;2;3;1;6m    [48;2;5;3;6m[38;2;5;3;6m  [48;2;29;27;30m[38;2;228;226;229m▄[48;2;37;35;38m[38;2;236;235;237m▄[48;2;216;216;218m[38;2;245;245;247m▆[48;2;249;249;250m[38;2;240;240;242m▁[48;2;252;250;252m[38;2;0;0;0m [48;2;230;228;231m[38;2;251;249;251m▄[48;2;216;87;109m[38;2;244;242;243m▄▄[48;2;210;110;139m[38;2;248;240;240m▄[48;2;248;242;240m[38;2;0;0;0m [48;2;250;250;252m[38;2;250;250;252m  [48;2;230;226;229m[38;2;0;0;0m [48;2;30;26;29m[38;2;205;200;204m▄[48;2;8;6;9m[38;2;77;75;78m▁[48;2;1;0;2m[38;2;12;10;13m━[48;2;1;1;1m[38;2;1;1;1m            [0m
[48;2;1;1;1m[38;2;1;1;1m            [48;2;3;1;6m[38;2;3;1;6m        [48;2;1;1;3m[38;2;1;1;3m    [48;2;3;1;6m[38;2;3;1;6m    [48;2;1;1;3m[38;2;1;1;3m  [48;2;14;10;13m[38;2;113;108;112m▁[48;2;44;39;43m[38;2;224;220;224m▄[48;2;244;244;246m[38;2;231;231;233m▘[48;2;253;253;254m[38;2;246;246;248m▃[48;2;250;250;252m[38;2;250;250;252m            [48;2;111;109;110m[38;2;240;238;239m▊[48;2;1;0;0m[38;2;25;23;24m▎[48;2;1;1;1m[38;2;1;1;1m            [0m
[48;2;1;1;1m[38;2;1;1;1m            [48;2;1;1;3m[38;2;1;1;3m  [48;2;3;1;6m[38;2;3;1;6m  [48;2;2;0;3m[38;2;2;0;3m  [48;2;1;1;1m[38;2;1;1;1m  [48;2;3;1;6m[38;2;3;1;6m      [48;2;1;1;3m[38;2;1;1;3m  [48;2;1;0;0m[38;2;3;1;2m▄[48;2;13;12;12m[38;2;113;111;112m▁[48;2;245;245;246m[38;2;173;173;175m▎[48;2;244;244;246m[38;2;255;255;255m▌[48;2;245;245;246m[38;2;0;0;0m [48;2;244;244;245m[38;2;135;135;137m▁▁[48;2;245;245;246m[38;2;0;0;0m [48;2;250;250;252m[38;2;250;250;252m          [48;2;111;109;110m[38;2;240;238;239m▊[48;2;1;0;0m[38;2;25;23;24m▎[48;2;1;1;1m[38;2;1;1;1m            [0m
[48;2;1;1;1m[38;2;1;1;1m              [48;2;2;0;3m[38;2;2;0;3m  [48;2;1;1;3m[38;2;1;1;3m    [48;2;3;1;6m[38;2;3;1;6m      [48;2;1;1;1m[38;2;1;1;1m  [48;2;1;0;2m[38;2;22;20;23m▄[48;2;244;242;245m[38;2;145;143;146m▎[48;2;248;248;250m[38;2;248;248;250m  [48;2;229;224;228m[38;2;42;37;41m▅[48;2;3;0;2m[38;2;11;6;10m▄[48;2;79;77;80m[38;2;8;6;9m▊[48;2;248;247;249m[38;2;202;200;203m▎[48;2;250;250;252m[38;2;250;250;252m        [48;2;250;248;251m[38;2;239;237;240m▎[48;2;184;182;185m[38;2;244;243;245m▊[48;2;199;197;198m[38;2;18;17;17m▅[48;2;1;0;0m[38;2;45;43;44m [48;2;1;1;1m[38;2;1;1;1m            [0m
[48;2;1;1;1m[38;2;1;1;1m                [48;2;3;1;4m[38;2;3;1;4m  [48;2;3;1;6m[38;2;3;1;6m  [48;2;2;0;3m[38;2;2;0;3m  [48;2;3;1;6m[38;2;3;1;6m  [48;2;2;0;3m[38;2;2;0;3m  [48;2;1;1;1m[38;2;1;1;1m  [48;2;20;19;21m[38;2;199;198;200m▅[48;2;237;236;238m[38;2;0;0;0m [48;2;255;254;255m[38;2;246;244;247m━[48;2;221;219;222m[38;2;44;42;45m▅[48;2;8;6;9m[38;2;21;19;22m▘[48;2;1;0;2m[38;2;7;5;8m▂[48;2;79;77;80m[38;2;8;6;9m▊[48;2;248;247;249m[38;2;202;200;203m▎[48;2;250;250;252m[38;2;250;250;252m      [48;2;193;181;185m[38;2;242;242;242m▊[48;2;226;227;227m[38;2;94;51;65m▅[48;2;232;238;233m[38;2;220;103;137m▅[48;2;123;114;111m[38;2;245;223;226m▊[48;2;1;1;1m[38;2;1;1;1m              [0m
[48;2;1;1;1m[38;2;1;1;1m                    [48;2;0;0;0m[38;2;0;0;0m  [48;2;1;1;3m[38;2;1;1;3m  [48;2;1;1;1m[38;2;1;1;1m  [48;2;6;1;2m[38;2;0;0;0m [48;2;6;8;6m[38;2;67;28;41m▂[48;2;241;224;228m[38;2;140;123;127m▎[48;2;242;238;238m[38;2;224;129;159m▁[48;2;222;218;222m[38;2;42;37;41m▅[48;2;18;13;17m[38;2;0;0;0m [48;2;1;1;3m[38;2;1;1;3m  [48;2;20;15;19m[38;2;0;0;0m [48;2;218;214;218m[38;2;74;69;73m▅[48;2;247;245;248m[38;2;122;120;123m▂▂[48;2;242;238;241m[38;2;56;51;55m▁▁[48;2;236;231;235m[38;2;71;66;70m▁[48;2;234;230;234m[38;2;131;126;130m▂[48;2;223;206;208m[38;2;72;61;61m▅[48;2;191;73;108m[38;2;43;16;21m▅[48;2;205;70;98m[38;2;24;23;5m▁[48;2;191;57;84m[38;2;28;27;9m▁[48;2;38;20;22m[38;2;136;49;74m▄[48;2;10;4;3m[38;2;0;0;0m [48;2;1;1;1m[38;2;1;1;1m            [0m
[48;2;1;1;1m[38;2;1;1;1m                        [48;2;1;1;3m[38;2;1;1;3m  [48;2;23;10;16m[38;2;0;5;6m┃[48;2;182;62;81m[38;2;98;36;45m▎[48;2;198;68;98m[38;2;64;24;24m▁[48;2;204;62;96m[38;2;38;10;9m▅[48;2;4;2;5m[38;2;4;2;5m  [48;2;9;7;8m[38;2;0;0;0m [48;2;23;22;22m[38;2;157;155;156m▁[48;2;52;50;53m[38;2;230;228;231m▅[48;2;235;233;236m[38;2;0;0;0m [48;2;44;40;43m[38;2;238;234;237m▅[48;2;23;19;22m[38;2;219;214;218m▅[48;2;4;2;5m[38;2;18;16;19m▖▗[48;2;35;31;34m[38;2;180;175;179m▁[48;2;72;67;71m[38;2;229;224;228m▅[48;2;237;233;234m[38;2;0;0;0m [48;2;33;30;30m[38;2;214;211;212m▅[48;2;1;0;2m[38;2;7;5;8m▃[38;2;9;7;10m━[48;2;1;1;1m[38;2;1;1;1m              [0m
[48;2;1;1;1m[38;2;1;1;1m                    [48;2;2;0;3m[38;2;2;0;3m  [48;2;1;1;1m[38;2;1;1;1m  [48;2;3;1;6m[38;2;3;1;6m      [48;2;1;1;1m[38;2;1;1;1m  [48;2;32;28;31m[38;2;168;163;167m▁[48;2;247;243;246m[38;2;201;196;200m▎[48;2;255;254;255m[38;2;248;246;249m▄[48;2;236;235;237m[38;2;61;59;62m▁[48;2;227;221;225m[38;2;45;39;43m▁[48;2;208;202;206m[38;2;73;67;71m▅[48;2;73;68;72m[38;2;15;10;14m▊[48;2;56;51;55m[38;2;225;221;225m▅[48;2;249;249;251m[38;2;249;249;251m  [48;2;250;250;252m[38;2;250;250;252m  [48;2;151;147;148m[38;2;242;239;240m▊[48;2;16;12;13m[38;2;106;102;103m▂[48;2;1;1;1m[38;2;1;1;1m              [0m
[48;2;1;1;1m[38;2;1;1;1m                  [48;2;1;1;3m[38;2;1;1;3m  [48;2;2;0;3m[38;2;2;0;3m  [48;2;1;1;3m[38;2;1;1;3m  [48;2;3;1;6m[38;2;3;1;6m    [48;2;2;0;3m[38;2;2;0;3m  [48;2;1;1;3m[38;2;8;8;10m┃[48;2;35;35;37m[38;2;0;0;2m▊[48;2;249;249;250m[38;2;206;206;208m▎[48;2;241;241;243m[38;2;253;253;254m┃[48;2;243;241;244m[38;2;0;0;0m [48;2;48;46;49m[38;2;242;240;242m▅[48;2;55;50;54m[38;2;228;224;227m▅[48;2;211;207;210m[38;2;109;104;108m▆[48;2;63;61;64m[38;2;238;236;239m▅[48;2;244;242;244m[38;2;0;0;0m [48;2;250;250;252m[38;2;250;250;252m    [48;2;251;249;252m[38;2;236;234;237m╷[48;2;154;152;155m[38;2;245;243;245m▊[48;2;14;12;13m[38;2;155;153;154m▁[48;2;8;6;7m[38;2;0;0;0m [48;2;1;1;1m[38;2;1;1;1m            [0m
[48;2;1;1;1m[38;2;1;1;1m                  [48;2;2;0;3m[38;2;2;0;3m    [48;2;3;1;6m[38;2;3;1;6m      [48;2;1;1;3m[38;2;1;1;3m  [48;2;1;0;2m[38;2;13;11;14m▄[48;2;28;26;29m[38;2;220;218;221m▁[48;2;250;250;251m[38;2;207;207;209m▎[48;2;242;242;244m[38;2;253;253;254m┃[48;2;250;250;252m[38;2;250;250;252m    [48;2;190;185;189m[38;2;249;245;248m▊[48;2;220;215;219m[38;2;42;38;41m▅[48;2;230;228;230m[38;2;65;63;66m▁[48;2;243;241;244m[38;2;0;0;0m [48;2;250;250;252m[38;2;250;250;252m    [48;2;111;109;110m[38;2;240;238;239m▊[48;2;1;0;0m[38;2;25;23;24m▎[48;2;1;1;1m[38;2;1;1;1m            [0m
[48;2;4;2;10m[38;2;23;2;126m▂▂▂▂▂▂▂▂▂▂▂▂▂▂▂▂▂▂[48;2;5;3;12m[38;2;24;2;129m▂▂[48;2;4;2;10m[38;2;23;2;126m▂▂[48;2;5;3;12m[38;2;24;2;129m▂▂▂▂▂▂[48;2;4;2;10m[38;2;23;2;126m▂▂[48;2;17;15;18m[38;2;177;175;178m▂[48;2;245;244;246m[38;2;173;171;174m▎[48;2;250;250;252m[38;2;250;250;252m    [48;2;242;241;243m[38;2;0;0;0m [48;2;219;217;227m[38;2;45;25;151m▁[48;2;189;183;195m[38;2;28;15;71m▅[48;2;11;7;16m[38;2;30;7;133m▂[48;2;34;32;35m[38;2;39;20;138m▂[48;2;235;233;236m[38;2;120;99;215m▂[48;2;250;250;252m[38;2;250;250;252m    [48;2;234;232;234m[38;2;0;0;0m [48;2;88;86;89m[38;2;238;236;239m┓[48;2;4;2;10m[38;2;23;2;126m▂▂▂▂▂▂▂▂▂▂▂▂[0m
[48;2;38;3;183m[38;2;38;3;183m                            [48;2;42;10;181m[38;2;0;0;0m [48;2;41;10;186m[38;2;183;169;223m▂[48;2;248;247;251m[38;2;205;204;209m▎[48;2;240;239;244m[38;2;252;251;254m┃[48;2;250;250;252m[38;2;250;250;252m  [48;2;249;249;251m[38;2;249;249;251m  [48;2;225;219;235m[38;2;80;54;187m▂[48;2;38;11;176m[38;2;40;9;190m▄[48;2;38;3;183m[38;2;38;3;183m  [48;2;33;4;160m[38;2;43;8;192m┃[48;2;136;116;201m[38;2;42;11;190m▊[48;2;249;249;251m[38;2;249;249;251m  [48;2;250;250;252m[38;2;250;250;252m  [48;2;254;253;253m[38;2;239;237;248m│[48;2;129;117;189m[38;2;239;238;239m▊[48;2;37;2;184m[38;2;37;2;184m  [48;2;38;3;183m[38;2;38;3;183m          [0m
[48;2;38;3;183m[38;2;38;3;183m                          [48;2;47;13;192m[38;2;35;6;164m▚[48;2;45;13;188m[38;2;187;173;225m▂[48;2;51;29;174m[38;2;220;217;234m▆[48;2;239;238;242m[38;2;0;0;0m [48;2;250;250;252m[38;2;250;250;252m    [48;2;212;205;240m[38;2;245;244;243m▊[48;2;225;220;239m[38;2;54;30;177m▆[48;2;40;5;185m[38;2;40;5;185m  [48;2;38;3;183m[38;2;38;3;183m  [48;2;30;0;168m[38;2;45;11;190m▌[48;2;114;90;200m[38;2;41;9;187m▊[48;2;237;236;238m[38;2;96;79;185m▂[48;2;247;245;247m[38;2;0;0;0m [48;2;250;250;252m[38;2;250;250;252m  [48;2;253;253;251m[38;2;238;235;254m│[48;2;124;112;184m[38;2;242;242;240m▊[48;2;37;2;184m[38;2;37;2;184m  [48;2;38;3;183m[38;2;38;3;183m          [0m
[48;2;38;3;185m[38;2;38;3;185m                          [48;2;46;20;179m[38;2;190;185;208m▂[48;2;244;241;245m[38;2;174;165;206m▎[48;2;250;250;252m[38;2;250;250;252m    [48;2;241;239;246m[38;2;0;0;0m [48;2;237;236;238m[38;2;72;53;179m▂[48;2;208;197;233m[38;2;45;18;177m▆[48;2;40;5;196m[38;2;43;10;185m▊[48;2;38;3;185m[38;2;38;3;185m      [48;2;89;65;198m[38;2;37;6;183m▊[48;2;238;232;239m[38;2;80;62;174m▂[48;2;250;250;252m[38;2;250;250;252m  [48;2;252;250;255m[38;2;240;241;235m▎[48;2;114;102;174m[38;2;245;245;240m▊[48;2;37;2;184m[38;2;37;2;184m  [48;2;38;3;185m[38;2;38;3;185m          [0m
[48;2;38;3;185m[38;2;38;3;185m                          [48;2;240;237;247m[38;2;130;122;171m▎[48;2;254;254;248m[38;2;240;239;244m│[48;2;250;250;252m[38;2;250;250;252m  [48;2;245;243;249m[38;2;0;0;0m [48;2;237;236;238m[38;2;71;54;178m▂[48;2;202;190;225m[38;2;53;22;183m▆[48;2;36;6;177m[38;2;55;19;205m│[48;2;38;3;185m[38;2;38;3;185m        [48;2;34;2;161m[38;2;44;10;193m┃[48;2;143;123;208m[38;2;41;6;189m▊[48;2;249;249;251m[38;2;249;249;251m  [48;2;252;250;255m[38;2;240;241;235m▎[48;2;114;102;174m[38;2;245;245;240m▊[48;2;37;2;184m[38;2;37;2;184m  [48;2;38;3;185m[38;2;38;3;185m          [0m
[48;2;38;3;185m[38;2;38;3;185m                          [48;2;187;174;210m[38;2;94;32;143m▆[48;2;223;211;229m[38;2;200;80;92m▂[48;2;240;237;235m[38;2;203;77;99m▂[48;2;237;226;239m[38;2;61;28;150m▂[48;2;215;203;242m[38;2;50;26;174m▆[48;2;42;11;185m[38;2;0;0;0m [48;2;38;3;185m[38;2;38;3;185m          [48;2;39;5;189m[38;2;33;5;164m▃[48;2;113;89;201m[38;2;40;8;188m▊[48;2;234;234;234m[38;2;82;65;187m▂[48;2;245;244;247m[38;2;0;0;0m [48;2;243;238;241m [48;2;206;193;212m[38;2;160;66;111m▂[48;2;38;3;185m[38;2;38;3;185m            [0m
[48;2;38;3;185m[38;2;38;3;185m                        [48;2;36;0;189m[38;2;36;4;165m▗[48;2;36;3;169m[38;2;36;23;64m▂[48;2;219;70;113m[38;2;125;46;75m▎[48;2;209;61;84m[38;2;210;79;95m┃[48;2;148;48;61m[38;2;38;20;30m━[48;2;54;16;104m[38;2;20;10;28m▆[48;2;36;13;140m[38;2;5;3;12m▆▆[48;2;36;13;142m[38;2;5;3;13m▆▆▆▆[48;2;36;13;140m[38;2;5;3;12m▆▆[48;2;36;13;142m[38;2;5;3;13m▆▆▆▆[48;2;39;14;141m[38;2;9;4;13m▆[48;2;24;1;127m[38;2;14;8;18m▆[48;2;64;28;64m[38;2;199;69;93m▂[48;2;237;203;230m[38;2;206;78;101m▆[48;2;227;174;194m[38;2;213;81;106m▆[48;2;108;18;117m[38;2;209;72;93m▊[48;2;37;4;170m[38;2;27;15;56m▂[48;2;32;2;175m[38;2;42;4;203m▗[48;2;38;3;185m[38;2;38;3;185m          [0m
[48;2;38;3;185m[38;2;38;3;185m                        [48;2;37;3;172m[38;2;37;0;199m▘[48;2;37;18;95m[38;2;37;2;180m▆[48;2;146;48;80m[38;2;27;6;100m▆[48;2;146;51;60m[38;2;27;10;80m▆[48;2;135;45;70m[38;2;26;7;80m▆[48;2;19;10;27m[38;2;44;14;179m▂[48;2;8;3;24m[38;2;39;10;180m▂▂▂▂▂▂▂▂▂▂▂▂[48;2;11;4;24m[38;2;42;10;181m▂▂[48;2;167;49;77m[38;2;24;9;82m▆▆[48;2;149;48;81m[38;2;29;10;86m▆▆[48;2;37;18;95m[38;2;37;2;180m▆[48;2;37;3;172m[38;2;37;0;199m▝[48;2;38;3;185m[38;2;38;3;185m          [0m
[48;2;40;2;185m[38;2;40;2;185m                                                            [0m
[48;2;40;2;185m[38;2;40;2;185m                                                            [0m
