[48;2;1;1;1m[38;2;1;1;1m                                                            [0m
[48;2;1;1;1m[38;2;1;1;1m                                                            [0m
[48;2;1;1;1m[38;2;1;1;1m                                                            [0m
[48;2;1;1;1m[38;2;1;1;1m                                                            [0m
[48;2;1;1;1m[38;2;1;1;1m                            [48;2;1;1;3m[38;2;1;1;3m  [48;2;1;1;1m[38;2;1;1;1m                              [0m
[48;2;1;1;1m[38;2;1;1;1m                        [48;2;1;1;3m[38;2;1;1;3m    [48;2;3;1;6m[38;2;3;1;6m  [48;2;2;0;3m[38;2;2;0;3m  [48;2;1;1;1m[38;2;1;1;1m  [48;2;1;1;3m[38;2;1;1;3m  [48;2;1;1;1m[38;2;1;1;1m                        [0m
[48;2;1;1;1m[38;2;1;1;1m                        [48;2;3;1;6m[38;2;3;1;6m      [48;2;1;1;3m[38;2;1;1;3m  [48;2;3;1;6m[38;2;3;1;6m  [38;2;1;0;4m▗[48;2;6;4;9m[38;2;43;41;46m▗[48;2;12;11;13m[38;2;222;220;223m▄▄[48;2;13;11;14m[38;2;220;218;221m▄[48;2;14;12;15m[38;2;204;202;205m▄[48;2;5;4;6m[38;2;24;22;25m▃[48;2;1;0;2m[38;2;3;1;4m▖[48;2;1;1;1m[38;2;1;1;1m                  [0m
[48;2;1;1;1m[38;2;1;1;1m                        [48;2;1;1;3m[38;2;1;1;3m  [48;2;3;1;6m[38;2;3;1;6m  [48;2;1;1;3m[38;2;1;1;3m    [48;2;2;0;3m[38;2;2;0;3m  [48;2;3;0;2m[38;2;7;2;6m▄[48;2;201;196;200m[38;2;36;31;35m▄[48;2;246;242;244m[38;2;205;75;98m▄▄[48;2;247;238;238m[38;2;204;104;133m▄[48;2;245;239;237m[38;2;0;0;0m [48;2;151;146;152m[38;2;230;225;230m▊[48;2;27;22;28m[38;2;3;0;4m┣[48;2;1;1;3m[38;2;1;1;3m  [48;2;1;1;1m[38;2;1;1;1m                [0m
[48;2;1;1;1m[38;2;1;1;1m                    [48;2;2;2;4m[38;2;2;2;4m  [48;2;3;1;6m[38;2;3;1;6m    [48;2;1;1;3m[38;2;1;1;3m        [48;2;4;2;5m[38;2;4;2;5m  [48;2;38;12;11m[38;2;195;66;94m▄[48;2;186;63;89m[38;2;212;70;102m▊[48;2;51;19;16m[38;2;199;65;94m▄[48;2;223;146;156m[38;2;205;73;101m▊[48;2;146;141;145m[38;2;239;235;239m▊[48;2;8;3;7m[38;2;51;46;50m▎[48;2;3;1;6m[38;2;3;1;6m  [48;2;1;1;3m[38;2;1;1;3m  [48;2;1;1;1m[38;2;1;1;1m              [0m
[48;2;1;1;1m[38;2;1;1;1m                [48;2;2;0;3m[38;2;2;0;3m  [48;2;3;1;4m[38;2;3;1;4m  [48;2;3;1;6m[38;2;3;1;6m    [48;2;1;1;3m[38;2;1;1;3m    [48;2;2;0;3m[38;2;2;0;3m  [48;2;3;1;4m[38;2;3;1;4m  [48;2;1;0;2m[38;2;12;10;13m▄[48;2;11;10;12m[38;2;81;79;82m▁[48;2;27;22;26m[38;2;227;222;226m▄▄[48;2;208;68;94m[38;2;219;79;105m▄[48;2;219;79;105m[38;2;208;68;94m▄[48;2;236;77;109m[38;2;215;71;98m▊[48;2;228;131;142m[38;2;205;72;95m▊[48;2;233;229;232m[38;2;0;0;0m [48;2;36;32;35m[38;2;233;228;232m▄[48;2;21;17;20m[38;2;211;207;211m▄[48;2;13;9;12m[38;2;72;67;71m▁[48;2;1;0;4m[38;2;37;35;40m▂[48;2;6;4;9m[38;2;17;15;20m▁[48;2;3;1;4m[38;2;3;1;4m  [48;2;1;1;3m[38;2;1;1;3m  [48;2;1;1;1m[38;2;1;1;1m          [0m
[48;2;1;1;1m[38;2;1;1;1m            [48;2;1;1;3m[38;2;1;1;3m  [48;2;3;1;6m[38;2;3;1;6m          [48;2;1;1;3m[38;2;1;1;3m  [48;2;3;1;6m[38;2;3;1;6m    [48;2;12;10;13m[38;2;0;0;0m [48;2;33;31;34m[38;2;208;206;209m▄[48;2;216;214;217m[38;2;244;242;245m▆[48;2;239;237;240m[38;2;249;247;249m▇[48;2;250;250;252m[38;2;250;250;252m  [48;2;247;239;238m[38;2;0;0;0m [48;2;203;100;130m[38;2;250;241;241m▄[48;2;204;79;102m[38;2;243;244;245m▄[48;2;226;101;124m[38;2;243;246;247m▄[48;2;247;245;248m[38;2;247;245;248m  [48;2;248;248;250m[38;2;248;248;250m  [48;2;231;227;230m[38;2;0;0;0m [48;2;30;26;29m[38;2;204;200;203m▄[48;2;3;1;6m[38;2;3;1;6m  [48;2;1;1;1m[38;2;1;1;1m            [0m
[48;2;1;1;1m[38;2;1;1;1m            [48;2;3;1;6m[38;2;3;1;6m        [48;2;1;1;3m[38;2;1;1;3m    [48;2;3;1;6m[38;2;3;1;6m    [48;2;3;1;4m[38;2;3;1;4m  [48;2;22;21;23m[38;2;197;195;197m▅[48;2;237;235;237m[38;2;0;0;0m [48;2;250;250;252m[38;2;250;250;252m      [48;2;251;249;252m[38;2;255;253;255m▌[48;2;240;238;241m[38;2;244;242;245m▌[48;2;236;210;205m[38;2;209;90;114m▄[48;2;200;102;119m[38;2;217;73;106m▊[48;2;243;232;232m[38;2;203;100;131m▄[48;2;249;243;242m[38;2;0;0;0m [48;2;246;244;247m[38;2;246;244;247m▄[48;2;136;134;137m[38;2;249;247;250m▊[48;2;2;0;3m[38;2;2;0;3m  [48;2;1;1;1m[38;2;1;1;1m            [0m
[48;2;1;1;1m[38;2;1;1;1m            [48;2;1;1;3m[38;2;1;1;3m  [48;2;3;1;6m[38;2;3;1;6m  [48;2;2;0;3m[38;2;2;0;3m  [48;2;1;1;1m[38;2;1;1;1m  [48;2;3;1;6m[38;2;3;1;6m      [48;2;1;1;3m[38;2;1;1;3m  [48;2;1;0;0m[38;2;3;1;2m▄[48;2;13;12;12m[38;2;113;111;112m▁[48;2;245;245;247m[38;2;174;174;176m▎[38;2;255;255;255m▌[48;2;245;245;246m[38;2;0;0;0m [48;2;243;243;245m[38;2;144;144;146m▁[48;2;249;249;251m[38;2;249;249;251m  [48;2;250;250;252m[38;2;250;250;252m    [48;2;244;236;235m[38;2;0;0;0m [48;2;206;103;133m[38;2;239;229;229m▄[48;2;239;155;172m[38;2;199;82;100m▊[48;2;246;248;251m[38;2;253;230;235m▎[48;2;245;245;247m[38;2;0;0;0m [48;2;236;236;237m [48;2;68;66;69m[38;2;207;205;207m┓[48;2;1;0;2m[38;2;14;12;15m▄[48;2;1;1;1m[38;2;1;1;1m            [0m
[48;2;1;1;1m[38;2;1;1;1m              [48;2;2;0;3m[38;2;2;0;3m  [48;2;1;1;3m[38;2;1;1;3m    [48;2;3;1;6m[38;2;3;1;6m      [48;2;1;1;1m[38;2;1;1;1m  [48;2;1;0;2m[38;2;22;20;23m▄[48;2;244;242;245m[38;2;145;143;146m▎[48;2;248;248;250m[38;2;248;248;250m  [48;2;221;217;221m[38;2;42;37;41m▅[48;2;73;68;72m[38;2;19;15;18m▊[48;2;255;255;255m[38;2;236;236;238m▌[48;2;252;252;253m[38;2;244;244;246m┃[48;2;250;250;252m[38;2;250;250;252m        [48;2;250;248;251m[38;2;239;237;240m▎[48;2;184;182;185m[38;2;244;243;245m▊[48;2;198;196;197m[38;2;18;16;17m▅[48;2;1;0;0m[38;2;44;42;43m [48;2;1;1;1m[38;2;1;1;1m            [0m
[48;2;1;1;1m[38;2;1;1;1m                [48;2;3;1;4m[38;2;3;1;4m  [48;2;3;1;6m[38;2;3;1;6m  [48;2;2;0;3m[38;2;2;0;3m  [48;2;3;1;6m[38;2;3;1;6m  [48;2;2;0;3m[38;2;2;0;3m  [48;2;1;1;1m[38;2;1;1;1m  [48;2;12;10;15m[38;2;1;0;4m┻[48;2;200;198;203m[38;2;23;21;26m▅[48;2;235;235;236m[38;2;0;0;0m [48;2;202;202;204m[38;2;248;248;250m▊[48;2;6;4;7m[38;2;62;60;63m▎[48;2;24;22;25m[38;2;7;5;8m▊[48;2;221;219;222m[38;2;39;37;40m▅[48;2;245;244;246m[38;2;228;226;229m▎[48;2;250;250;252m[38;2;250;250;252m      [48;2;244;242;245m[38;2;0;0;0m [48;2;239;237;240m[38;2;107;105;108m▁[48;2;223;219;222m[38;2;69;64;68m▁[48;2;205;201;205m[38;2;24;20;23m▅[48;2;1;1;1m[38;2;1;1;1m              [0m
[48;2;1;1;1m[38;2;1;1;1m                    [48;2;0;0;0m[38;2;0;0;0m  [48;2;1;1;3m[38;2;1;1;3m  [48;2;1;1;1m[38;2;1;1;1m  [48;2;1;1;3m[38;2;1;1;3m  [48;2;4;2;7m[38;2;4;2;7m  [48;2;213;180;193m[38;2;148;57;68m▄[48;2;233;219;228m[38;2;201;72;97m▅[48;2;51;27;30m[38;2;188;63;99m▅[48;2;6;5;1m[38;2;40;18;19m▎[48;2;28;23;26m[38;2;181;175;179m▁[48;2;221;215;219m[38;2;80;74;78m▅[48;2;247;245;248m[38;2;122;120;123m▂▂[48;2;242;238;241m[38;2;56;51;55m▁▁[48;2;236;232;236m[38;2;72;67;71m▁[48;2;235;231;234m[38;2;132;127;131m▂[48;2;201;196;200m[38;2;66;62;65m▅[48;2;12;8;11m[38;2;0;0;0m [48;2;3;1;6m[38;2;3;1;6m  [48;2;1;1;3m[38;2;1;1;3m  [48;2;1;1;1m[38;2;1;1;1m            [0m
[48;2;1;1;1m[38;2;1;1;1m                        [48;2;1;1;3m[38;2;1;1;3m  [48;2;3;1;6m[38;2;3;1;6m    [48;2;11;6;4m[38;2;0;0;0m [48;2;158;46;82m[38;2;17;6;8m▅[48;2;191;68;105m[38;2;27;17;17m▅[48;2;52;44;43m[38;2;217;214;211m▅[48;2;250;250;252m[38;2;225;225;227m▘▝[48;2;39;34;38m[38;2;219;214;218m▅[48;2;26;21;25m[38;2;167;162;166m▁[48;2;13;9;12m[38;2;0;0;0m [48;2;28;24;27m[38;2;163;158;162m▁[48;2;36;31;35m[38;2;227;223;226m▅[48;2;66;61;65m[38;2;238;233;237m▅[48;2;149;144;148m[38;2;241;237;240m▊[48;2;27;22;26m[38;2;142;137;141m▁[48;2;1;1;1m[38;2;1;1;1m                [0m
[48;2;1;1;1m[38;2;1;1;1m                    [48;2;2;0;3m[38;2;2;0;3m  [48;2;1;1;1m[38;2;1;1;1m  [48;2;3;1;6m[38;2;3;1;6m      [48;2;2;2;4m[38;2;0;0;2m▊[48;2;12;12;14m[38;2;7;7;9m▌[48;2;48;47;49m[38;2;224;222;225m▅[48;2;240;238;241m[38;2;0;0;0m [48;2;250;250;252m[38;2;250;250;252m  [48;2;255;254;255m[38;2;240;238;241m▄[48;2;224;222;225m[38;2;126;124;127m▂[48;2;53;48;52m[38;2;188;183;187m▁[48;2;250;246;250m[38;2;210;205;209m▎[48;2;250;250;252m[38;2;250;250;252m  [48;2;251;249;252m[38;2;236;234;237m╷[48;2;154;152;155m[38;2;245;243;245m▊[48;2;21;17;20m[38;2;163;158;162m▁[48;2;3;0;2m[38;2;7;2;6m▄[48;2;1;1;1m[38;2;1;1;1m              [0m
[48;2;1;1;1m[38;2;1;1;1m                  [48;2;1;1;3m[38;2;1;1;3m  [48;2;2;0;3m[38;2;2;0;3m  [48;2;1;1;3m[38;2;1;1;3m  [48;2;3;1;6m[38;2;3;1;6m    [48;2;2;0;3m[38;2;2;0;3m  [48;2;1;1;3m[38;2;8;8;10m┃[48;2;35;35;37m[38;2;0;0;2m▊[48;2;248;248;250m[38;2;205;205;207m▎[48;2;240;240;242m[38;2;252;252;253m┃[48;2;245;244;246m[38;2;0;0;0m [48;2;232;230;233m[38;2;44;42;45m▁[48;2;210;205;209m[38;2;55;50;54m▁[48;2;55;50;54m[38;2;210;205;209m▁[48;2;250;248;251m[38;2;232;230;233m▌[38;2;255;254;255m▌[48;2;250;250;252m[38;2;250;250;252m    [48;2;121;119;122m[38;2;243;241;244m▊[48;2;1;0;2m[38;2;23;21;24m▎[48;2;1;1;1m[38;2;1;1;1m              [0m
[48;2;1;1;1m[38;2;1;1;1m                  [48;2;2;0;3m[38;2;2;0;3m    [48;2;3;1;6m[38;2;3;1;6m      [48;2;1;1;3m[38;2;1;1;3m  [48;2;1;0;2m[38;2;13;11;14m▄[48;2;28;26;29m[38;2;220;218;221m▁[48;2;250;250;251m[38;2;207;207;209m▎[48;2;242;242;244m[38;2;253;253;254m┃[48;2;243;241;244m[38;2;0;0;0m [48;2;53;51;54m[38;2;241;239;241m▅[48;2;57;52;56m[38;2;229;225;228m▅[48;2;194;190;193m[38;2;84;79;83m┳[48;2;248;248;250m[38;2;248;248;250m  [48;2;250;250;252m[38;2;250;250;252m    [48;2;142;140;143m[38;2;244;243;245m▊[48;2;24;22;25m[38;2;196;194;197m▁[48;2;2;0;3m[38;2;2;0;3m  [48;2;1;1;1m[38;2;1;1;1m            [0m
[48;2;4;2;10m[38;2;23;2;126m▂▂▂▂▂▂▂▂▂▂▂▂▂▂▂▂▂▂[48;2;5;3;12m[38;2;24;2;129m▂▂[48;2;4;2;10m[38;2;23;2;126m▂▂[48;2;5;3;12m[38;2;24;2;129m▂▂▂▂▂▂[48;2;4;2;10m[38;2;23;2;126m▂▂[48;2;14;13;17m[38;2;31;13;129m▂[48;2;251;248;246m[38;2;164;160;176m▎[48;2;250;250;252m[38;2;250;250;252m    [48;2;248;248;250m[38;2;248;248;250m  [48;2;246;244;246m[38;2;115;101;187m▂[48;2;245;245;245m[38;2;0;0;0m [48;2;250;250;252m[38;2;250;250;252m    [48;2;246;244;248m[38;2;246;244;248m▄[48;2;136;134;139m[38;2;249;247;251m▊[48;2;4;2;11m[38;2;23;1;128m▂▂[48;2;4;2;10m[38;2;23;2;126m▂▂▂▂▂▂▂▂▂▂▂▂[0m
[48;2;38;3;183m[38;2;38;3;183m                              [48;2;47;26;171m[38;2;212;208;229m▆[48;2;242;241;245m[38;2;0;0;0m [48;2;250;250;252m[38;2;250;250;252m    [48;2;245;242;246m[38;2;0;0;0m [48;2;223;222;228m[38;2;68;50;170m▂[48;2;48;19;188m[38;2;0;0;0m [48;2;237;231;246m[38;2;74;50;178m▆[48;2;249;249;251m[38;2;249;249;251m  [48;2;250;250;252m[38;2;250;250;252m  [48;2;253;252;255m[38;2;241;240;247m▌[48;2;174;173;181m[38;2;243;242;248m▊[48;2;55;27;189m[38;2;206;195;234m▁[48;2;41;8;181m[38;2;0;0;0m [48;2;38;3;183m[38;2;38;3;183m            [0m
[48;2;38;3;183m[38;2;38;3;183m                            [48;2;42;18;179m[38;2;196;190;214m▂[48;2;51;25;187m[38;2;222;217;237m▆[48;2;241;241;243m[38;2;251;251;252m▅[48;2;251;251;252m[38;2;241;241;243m▃[48;2;250;250;252m[38;2;250;250;252m  [48;2;242;241;247m[38;2;0;0;0m [48;2;239;237;239m[38;2;74;55;181m▂[48;2;210;200;232m[38;2;48;20;176m▆[48;2;45;11;187m[38;2;0;0;0m [48;2;38;4;181m[38;2;25;0;168m▘[48;2;43;8;186m[38;2;56;21;199m▝[48;2;234;231;236m[38;2;62;38;183m▆[48;2;237;233;244m[38;2;86;67;181m▂[48;2;250;250;252m[38;2;250;250;252m    [48;2;161;147;208m[38;2;249;244;249m▊[48;2;40;5;194m[38;2;33;9;161m▌[48;2;38;3;183m[38;2;38;3;183m            [0m
[48;2;38;3;185m[38;2;38;3;185m                          [48;2;40;11;181m[38;2;38;10;176m▄[48;2;53;29;181m[38;2;212;204;233m▆[48;2;246;245;249m[38;2;218;217;222m▘[48;2;252;251;254m[38;2;245;244;249m▖[48;2;250;250;252m[38;2;250;250;252m  [48;2;241;239;246m[38;2;0;0;0m [48;2;237;236;238m[38;2;72;53;179m▂[48;2;208;197;233m[38;2;45;18;177m▆[48;2;40;5;196m[38;2;43;10;185m▊[48;2;38;3;185m[38;2;38;3;185m    [48;2;40;6;188m[38;2;34;6;164m▃[48;2;114;90;200m[38;2;41;9;187m▊[48;2;237;237;237m[38;2;78;61;183m▂[48;2;244;243;248m[38;2;0;0;0m [48;2;250;250;252m[38;2;250;250;252m  [48;2;243;241;246m[38;2;0;0;0m [48;2;56;38;168m[38;2;201;196;225m▆[48;2;38;3;185m[38;2;38;3;185m            [0m
[48;2;38;3;185m[38;2;38;3;185m                          [48;2;70;49;180m[38;2;206;201;224m▆[48;2;239;238;242m[38;2;0;0;0m [48;2;250;250;252m[38;2;250;250;252m  [48;2;245;243;249m[38;2;0;0;0m [48;2;237;236;238m[38;2;71;54;178m▂[48;2;202;190;225m[38;2;53;22;183m▆[48;2;36;6;177m[38;2;55;19;205m│[48;2;38;3;185m[38;2;38;3;185m        [48;2;88;66;197m[38;2;36;7;182m▊[48;2;234;229;236m[38;2;86;63;179m▂[48;2;250;250;252m[38;2;250;250;252m  [48;2;252;250;255m[38;2;240;241;235m▎[48;2;114;102;174m[38;2;245;245;240m▊[48;2;37;2;184m[38;2;37;2;184m  [48;2;38;3;185m[38;2;38;3;185m          [0m
[48;2;38;3;185m[38;2;38;3;185m                          [48;2;210;199;220m[38;2;200;65;107m▂[48;2;241;234;231m[38;2;213;81;100m▂[48;2;228;222;232m[38;2;52;23;176m▂[48;2;224;218;232m[38;2;59;32;185m▆[48;2;197;183;231m[38;2;44;12;186m▆[48;2;43;11;178m[38;2;0;0;0m [48;2;38;3;185m[38;2;38;3;185m          [48;2;39;5;189m[38;2;33;5;164m▃[48;2;113;89;201m[38;2;40;8;188m▊[48;2;234;234;234m[38;2;82;65;187m▂[48;2;245;244;247m[38;2;0;0;0m [48;2;243;238;241m [48;2;206;193;212m[38;2;160;66;111m▂[48;2;38;3;185m[38;2;38;3;185m            [0m
[48;2;38;3;185m[38;2;38;3;185m                        [48;2;36;3;177m[38;2;29;9;62m▃[48;2;111;43;123m[38;2;196;77;104m┏[48;2;215;73;99m[38;2;215;73;99m  [48;2;57;18;63m[38;2;186;71;82m▂[48;2;45;18;165m[38;2;21;12;21m▆[48;2;36;13;140m[38;2;5;3;12m▆▆[48;2;36;13;142m[38;2;5;3;13m▆▆▆▆[48;2;36;13;140m[38;2;5;3;12m▆▆[48;2;36;13;142m[38;2;5;3;13m▆▆▆▆[48;2;39;14;141m[38;2;9;4;13m▆[48;2;24;1;127m[38;2;14;8;18m▆[48;2;64;28;64m[38;2;199;69;93m▂[48;2;237;203;230m[38;2;206;78;101m▆[48;2;227;174;194m[38;2;213;81;106m▆[48;2;108;18;117m[38;2;209;72;93m▊[48;2;37;4;170m[38;2;27;15;56m▂[48;2;32;2;175m[38;2;42;4;203m▗[48;2;38;3;185m[38;2;38;3;185m          [0m
[48;2;38;3;185m[38;2;38;3;185m                        [48;2;27;10;80m[38;2;39;9;179m▆[48;2;51;17;63m[38;2;53;4;186m▂[48;2;148;47;76m[38;2;28;10;82m▆▆[48;2;135;45;70m[38;2;26;7;80m▆[48;2;19;10;27m[38;2;44;14;179m▂[48;2;8;3;24m[38;2;39;10;180m▂▂▂▂▂▂▂▂▂▂▂▂[48;2;11;4;24m[38;2;42;10;181m▂▂[48;2;167;49;77m[38;2;24;9;82m▆▆[48;2;149;48;81m[38;2;29;10;86m▆▆[48;2;37;18;95m[38;2;37;2;180m▆[48;2;37;3;172m[38;2;37;0;199m▝[48;2;38;3;185m[38;2;38;3;185m          [0m
[48;2;40;2;185m[38;2;40;2;185m                                                            [0m
[48;2;40;2;185m[38;2;40;2;185m                                                            [0m
