[48;2;1;1;1m[38;2;1;1;1m                                                            [0m
[48;2;1;1;1m[38;2;1;1;1m                                                            [0m
[48;2;1;1;1m[38;2;1;1;1m                                                            [0m
[48;2;1;1;1m[38;2;1;1;1m                                                            [0m
[48;2;1;1;1m[38;2;1;1;1m                            [48;2;1;1;3m[38;2;1;1;3m  [48;2;1;1;1m[38;2;1;1;1m                              [0m
[48;2;1;1;1m[38;2;1;1;1m                        [48;2;1;1;3m[38;2;1;1;3m    [48;2;3;1;6m[38;2;3;1;6m  [48;2;2;0;3m[38;2;2;0;3m  [48;2;1;1;1m[38;2;1;1;1m  [48;2;1;1;3m[38;2;1;1;3m  [48;2;4;2;3m[38;2;4;2;3m  [48;2;3;3;3m[38;2;3;3;3m  [48;2;1;1;1m[38;2;1;1;1m                    [0m
[48;2;1;1;1m[38;2;1;1;1m                        [48;2;3;1;6m[38;2;3;1;6m      [48;2;1;1;3m[38;2;1;1;3m  [48;2;3;1;6m[38;2;3;1;6m  [48;2;3;0;2m[38;2;31;26;30m▃[48;2;33;28;32m[38;2;209;205;209m▄[48;2;163;161;164m[38;2;244;243;245m▇▇[48;2;169;167;170m[38;2;242;240;243m▇[48;2;148;146;149m[38;2;236;235;237m▇[48;2;18;17;19m[38;2;194;192;195m▄[48;2;1;0;2m[38;2;13;11;14m▄[48;2;1;1;1m[38;2;1;1;1m                  [0m
[48;2;1;1;1m[38;2;1;1;1m                        [48;2;1;1;3m[38;2;1;1;3m  [48;2;3;1;6m[38;2;3;1;6m  [48;2;1;1;3m[38;2;1;1;3m    [48;2;2;0;3m[38;2;2;0;3m  [48;2;3;0;2m[38;2;17;12;16m╸[48;2;90;85;89m[38;2;18;14;17m▇[48;2;212;86;113m[38;2;193;58;88m▄[48;2;199;88;109m[38;2;49;18;15m▄[48;2;200;139;146m[38;2;208;80;110m▇[48;2;246;230;224m[38;2;212;89;117m▄[48;2;148;143;147m[38;2;244;240;243m▊[48;2;3;0;2m[38;2;49;44;48m▎[48;2;1;1;3m[38;2;1;1;3m  [48;2;1;1;1m[38;2;1;1;1m                [0m
[48;2;1;1;1m[38;2;1;1;1m                    [48;2;2;2;4m[38;2;2;2;4m  [48;2;3;1;6m[38;2;3;1;6m    [48;2;1;1;3m[38;2;1;1;3m        [48;2;3;0;0m[38;2;5;1;2m▄[48;2;13;10;10m[38;2;55;51;52m▁[48;2;211;71;97m[38;2;211;71;97m  [48;2;237;78;110m[38;2;216;72;99m▊[48;2;229;132;143m[38;2;206;73;96m▊[48;2;149;143;147m[38;2;241;237;240m▊[48;2;11;5;9m[38;2;54;48;52m▎[48;2;5;3;6m[38;2;5;3;6m  [48;2;1;1;3m[38;2;1;1;3m  [48;2;1;1;1m[38;2;1;1;1m              [0m
[48;2;1;1;1m[38;2;1;1;1m                [48;2;2;0;3m[38;2;2;0;3m  [48;2;3;1;4m[38;2;3;1;4m  [48;2;3;1;6m[38;2;3;1;6m    [48;2;1;1;3m[38;2;1;1;3m    [48;2;2;0;3m[38;2;2;0;3m  [48;2;5;3;8m[38;2;5;3;8m  [48;2;26;24;27m[38;2;226;224;226m▄[48;2;32;30;33m[38;2;233;231;234m▄[48;2;194;192;195m[38;2;245;243;245m▇▇[48;2;214;72;104m[38;2;245;230;221m▄[48;2;214;81;110m[38;2;200;114;127m▁[48;2;216;72;100m[38;2;243;121;143m▁[48;2;227;137;147m[38;2;204;77;100m▊[48;2;243;241;244m[38;2;248;246;249m▚[48;2;232;230;233m[38;2;251;249;251m▅[48;2;224;222;224m[38;2;0;0;0m [48;2;32;30;33m[38;2;208;206;209m▄[48;2;6;4;9m[38;2;25;23;28m▃[48;2;1;0;4m[38;2;2;0;5m▖[48;2;3;1;4m[38;2;3;1;4m  [48;2;1;1;3m[38;2;1;1;3m  [48;2;1;1;1m[38;2;1;1;1m          [0m
[48;2;1;1;1m[38;2;1;1;1m            [48;2;1;1;3m[38;2;1;1;3m  [48;2;3;1;6m[38;2;3;1;6m          [48;2;1;1;3m[38;2;1;1;3m  [48;2;3;1;6m[38;2;3;1;6m    [48;2;1;0;2m[38;2;15;13;16m▗[48;2;35;33;36m[38;2;214;213;215m▄[48;2;245;245;247m[38;2;224;224;226m▘[48;2;255;255;255m[38;2;251;251;253m▗[48;2;250;250;252m[38;2;250;250;252m  [48;2;249;249;251m[38;2;249;249;251m  [48;2;248;248;250m[38;2;248;248;250m  [48;2;252;250;252m[38;2;234;232;235m▃[48;2;245;243;246m[38;2;250;248;251m▚[48;2;250;250;252m[38;2;250;250;252m  [48;2;129;124;128m[38;2;238;234;237m▊[48;2;17;13;16m[38;2;77;72;76m▁[48;2;3;1;6m[38;2;3;1;6m  [48;2;1;1;1m[38;2;1;1;1m            [0m
[48;2;1;1;1m[38;2;1;1;1m            [48;2;3;1;6m[38;2;3;1;6m        [48;2;1;1;3m[38;2;1;1;3m    [48;2;3;1;6m[38;2;3;1;6m    [48;2;3;1;4m[38;2;3;1;4m  [48;2;22;21;23m[38;2;197;195;197m▅[48;2;237;235;237m[38;2;0;0;0m [48;2;250;250;252m[38;2;250;250;252m      [48;2;255;254;255m[38;2;252;250;253m▖[48;2;246;244;247m[38;2;225;223;226m▝[48;2;211;99;127m[38;2;229;204;202m▄[48;2;239;219;218m[38;2;216;105;132m▄[48;2;249;249;251m[38;2;249;249;251m  [48;2;255;254;255m[38;2;255;253;255m┃[48;2;132;130;133m[38;2;241;239;242m▊[48;2;2;0;3m[38;2;2;0;3m  [48;2;1;1;1m[38;2;1;1;1m            [0m
[48;2;1;1;1m[38;2;1;1;1m            [48;2;1;1;3m[38;2;1;1;3m  [48;2;3;1;6m[38;2;3;1;6m  [48;2;2;0;3m[38;2;2;0;3m  [48;2;1;1;1m[38;2;1;1;1m  [48;2;3;1;6m[38;2;3;1;6m      [48;2;1;1;3m[38;2;1;1;3m  [48;2;3;1;4m[38;2;3;1;4m  [48;2;248;247;252m[38;2;147;146;151m▎[48;2;255;254;255m[38;2;234;233;238m│[48;2;250;250;252m[38;2;250;250;252m      [48;2;253;252;254m[38;2;247;245;248m▃[48;2;245;243;246m[38;2;232;230;233m▝[48;2;194;71;91m[38;2;242;233;236m▅[48;2;218;95;115m[38;2;246;237;241m▅[48;2;249;249;251m[38;2;249;249;251m  [48;2;249;248;250m[38;2;222;220;223m▁[48;2;123;121;124m[38;2;224;222;225m▊[48;2;2;0;3m[38;2;2;0;3m  [48;2;1;1;1m[38;2;1;1;1m            [0m
[48;2;1;1;1m[38;2;1;1;1m              [48;2;2;0;3m[38;2;2;0;3m  [48;2;1;1;3m[38;2;1;1;3m    [48;2;3;1;6m[38;2;3;1;6m      [48;2;1;1;1m[38;2;1;1;1m  [48;2;3;1;4m[38;2;3;1;4m  [48;2;211;207;210m[38;2;31;27;30m▅[48;2;232;228;231m[38;2;109;104;108m▁[48;2;240;240;241m[38;2;118;118;120m▁[48;2;247;247;248m[38;2;0;0;0m [48;2;250;248;249m[38;2;241;237;238m⎻[48;2;246;242;243m[38;2;195;191;192m▁[48;2;250;250;252m[38;2;250;250;252m      [48;2;188;186;189m[38;2;243;241;244m▊[48;2;234;232;235m[38;2;33;32;34m▅[48;2;202;198;201m[38;2;22;17;21m▅[48;2;3;0;2m[38;2;49;44;48m [48;2;1;1;3m[38;2;1;1;3m  [48;2;1;1;1m[38;2;1;1;1m            [0m
[48;2;1;1;1m[38;2;1;1;1m                [48;2;3;1;4m[38;2;3;1;4m  [48;2;3;1;6m[38;2;3;1;6m  [48;2;2;0;3m[38;2;2;0;3m  [48;2;3;1;6m[38;2;3;1;6m  [48;2;2;0;3m[38;2;2;0;3m  [48;2;1;1;1m[38;2;1;1;1m  [48;2;3;1;6m[38;2;3;1;6m    [48;2;1;0;2m[38;2;13;11;14m▝[48;2;213;211;214m[38;2;21;19;22m▅[48;2;213;140;149m[38;2;59;39;30m▁[48;2;219;72;106m[38;2;202;85;109m▘[48;2;245;227;228m[38;2;208;99;130m▅[48;2;246;251;245m[38;2;245;218;221m▎[48;2;250;250;252m[38;2;250;250;252m  [48;2;249;249;251m[38;2;249;249;251m  [48;2;132;127;131m[38;2;221;216;220m▊[48;2;10;6;9m[38;2;21;16;20m▎[48;2;3;1;6m[38;2;3;1;6m  [48;2;1;1;1m[38;2;1;1;1m              [0m
[48;2;1;1;1m[38;2;1;1;1m                    [48;2;0;0;0m[38;2;0;0;0m  [48;2;1;1;3m[38;2;1;1;3m  [48;2;1;1;1m[38;2;1;1;1m  [48;2;1;1;3m[38;2;1;1;3m  [48;2;3;1;6m[38;2;3;1;6m    [48;2;4;3;5m[38;2;14;12;15m╵[48;2;35;33;36m[38;2;6;4;7m▊[48;2;36;26;27m[38;2;224;221;220m▅[48;2;188;79;113m[38;2;240;223;228m▅[48;2;197;81;116m[38;2;71;56;57m▅[48;2;222;210;211m[38;2;67;66;62m▅[48;2;232;227;231m[38;2;26;21;25m▅▅[48;2;229;224;227m[38;2;32;26;30m▅[48;2;195;190;193m[38;2;87;81;85m▅[48;2;31;26;30m[38;2;206;201;205m▅[48;2;19;14;18m[38;2;154;149;153m▁[48;2;3;1;6m[38;2;3;1;6m  [48;2;1;1;3m[38;2;1;1;3m  [48;2;1;1;1m[38;2;1;1;1m            [0m
[48;2;1;1;1m[38;2;1;1;1m                        [48;2;1;1;3m[38;2;1;1;3m  [48;2;3;1;6m[38;2;3;1;6m    [48;2;2;0;3m[38;2;2;0;3m  [48;2;33;28;32m[38;2;11;6;10m▊[48;2;50;45;49m[38;2;213;208;212m▅[48;2;248;248;250m[38;2;248;248;250m  [48;2;255;255;255m[38;2;244;244;246m▌[48;2;173;173;175m[38;2;245;245;246m▊[48;2;70;65;69m[38;2;17;13;16m▊[48;2;30;25;29m[38;2;224;220;223m▅[48;2;57;55;58m[38;2;238;236;239m▅[48;2;243;242;244m[38;2;0;0;0m [48;2;252;250;252m[38;2;244;242;245m┃[48;2;152;150;153m[38;2;243;242;244m▊[48;2;5;3;4m[38;2;5;3;4m  [48;2;1;1;1m[38;2;1;1;1m              [0m
[48;2;1;1;1m[38;2;1;1;1m                    [48;2;2;0;3m[38;2;2;0;3m  [48;2;1;1;1m[38;2;1;1;1m  [48;2;3;1;6m[38;2;3;1;6m      [48;2;1;1;1m[38;2;1;1;1m  [48;2;19;16;18m[38;2;139;134;138m▂[48;2;246;242;245m[38;2;200;195;199m▎[48;2;250;250;252m[38;2;250;250;252m  [48;2;194;189;193m[38;2;246;242;245m▊[48;2;195;191;194m[38;2;59;54;58m▅[48;2;62;60;63m[38;2;233;231;234m▅[48;2;241;240;242m[38;2;0;0;0m [48;2;250;250;252m[38;2;250;250;252m  [48;2;249;249;250m[38;2;232;232;234m╵[48;2;238;238;239m[38;2;0;0;0m [48;2;32;30;33m[38;2;202;201;203m▅[48;2;1;0;2m[38;2;17;15;18m▂[48;2;1;1;1m[38;2;1;1;1m              [0m
[48;2;1;1;1m[38;2;1;1;1m                  [48;2;1;1;3m[38;2;1;1;3m  [48;2;2;0;3m[38;2;2;0;3m  [48;2;1;1;3m[38;2;1;1;3m  [48;2;3;1;6m[38;2;3;1;6m    [48;2;2;0;3m[38;2;2;0;3m  [48;2;1;0;2m[38;2;18;16;19m╺[48;2;30;28;31m[38;2;191;189;192m▁[48;2;250;250;251m[38;2;207;207;209m▎[48;2;242;242;244m[38;2;253;253;254m┃[48;2;250;250;252m[38;2;250;250;252m  [48;2;193;188;192m[38;2;246;242;246m▊[48;2;59;54;58m[38;2;214;209;213m▁[48;2;250;248;251m[38;2;232;230;233m▌[38;2;255;254;255m▌[48;2;250;250;252m[38;2;250;250;252m    [48;2;121;119;122m[38;2;243;241;244m▊[48;2;1;0;2m[38;2;23;21;24m▎[48;2;1;1;1m[38;2;1;1;1m              [0m
[48;2;1;1;1m[38;2;1;1;1m                  [48;2;2;0;3m[38;2;2;0;3m    [48;2;3;1;6m[38;2;3;1;6m      [48;2;1;1;3m[38;2;1;1;3m  [48;2;38;36;37m[38;2;6;5;5m▊[48;2;247;245;246m[38;2;161;159;160m▎[48;2;250;250;252m[38;2;250;250;252m            [48;2;121;119;124m[38;2;243;241;245m▊[48;2;1;0;4m[38;2;23;21;26m▎[48;2;2;0;3m[38;2;2;0;3m  [48;2;1;1;1m[38;2;1;1;1m            [0m
[48;2;4;2;10m[38;2;23;2;126m▂▂▂▂▂▂▂▂▂▂▂▂▂▂▂▂▂▂[48;2;5;3;12m[38;2;24;2;129m▂▂[48;2;4;2;10m[38;2;23;2;126m▂▂[48;2;5;3;12m[38;2;24;2;129m▂▂▂▂▂▂[48;2;5;3;11m[38;2;24;3;127m▂▂[48;2;55;53;56m[38;2;222;220;223m▅[48;2;239;237;240m[38;2;0;0;0m [48;2;250;250;252m[38;2;250;250;252m    [48;2;242;241;243m[38;2;0;0;0m [48;2;219;217;227m[38;2;45;25;151m▁[48;2;211;208;213m[38;2;48;41;77m▅[48;2;247;246;246m[38;2;219;215;226m▎[48;2;250;250;252m[38;2;250;250;252m    [48;2;152;150;155m[38;2;239;237;241m▊[48;2;29;27;32m[38;2;212;210;215m▁[48;2;5;3;12m[38;2;24;2;129m▂▂[48;2;4;2;10m[38;2;23;2;126m▂▂▂▂▂▂▂▂▂▂▂▂[0m
[48;2;38;3;183m[38;2;38;3;183m                            [48;2;34;7;173m[38;2;44;15;180m▄[48;2;49;27;175m[38;2;221;212;239m▆[48;2;241;241;243m[38;2;251;251;252m▄[48;2;250;250;251m[38;2;240;240;242m▃[48;2;250;250;252m[38;2;250;250;252m  [48;2;244;243;246m[38;2;0;0;0m [48;2;238;236;240m[38;2;83;65;175m▂[48;2;220;210;242m[38;2;55;27;183m▆[48;2;40;10;180m[38;2;41;8;184m▄[48;2;41;17;165m[38;2;40;9;187m▄[48;2;231;224;244m[38;2;73;47;195m▆[48;2;243;241;246m[38;2;103;88;179m▂[48;2;243;242;246m[38;2;0;0;0m [48;2;250;250;252m[38;2;250;250;252m  [48;2;250;249;251m[38;2;236;237;229m│[48;2;136;128;177m[38;2;249;246;253m▊[48;2;37;2;184m[38;2;37;2;184m  [48;2;38;3;183m[38;2;38;3;183m            [0m
[48;2;38;3;183m[38;2;38;3;183m                            [48;2;45;20;183m[38;2;201;193;227m▂[48;2;247;246;239m[38;2;196;188;227m▎[48;2;250;250;252m[38;2;250;250;252m  [48;2;249;249;251m[38;2;249;249;251m  [48;2;230;224;238m[38;2;76;52;173m▂[48;2;36;5;186m[38;2;63;37;175m▎[48;2;38;3;183m[38;2;38;3;183m    [48;2;91;69;197m[38;2;39;10;182m▊[48;2;237;234;236m[38;2;93;73;182m▂[48;2;250;250;252m[38;2;250;250;252m  [48;2;250;249;252m[38;2;0;0;0m [48;2;249;248;251m[38;2;211;210;215m▝[48;2;52;28;181m[38;2;212;203;232m▆[48;2;39;10;180m[38;2;37;9;175m▄[48;2;38;3;183m[38;2;38;3;183m            [0m
[48;2;38;3;185m[38;2;38;3;185m                          [48;2;37;7;183m[38;2;0;0;0m [48;2;47;17;179m[38;2;205;194;231m▂[48;2;242;241;245m[38;2;185;184;190m▎[48;2;255;254;255m[38;2;246;245;251m│[48;2;250;250;252m[38;2;250;250;252m  [48;2;233;229;241m[38;2;66;39;194m▂[48;2;217;213;228m[38;2;49;24;179m▆[48;2;40;5;185m[38;2;40;5;185m  [48;2;38;3;185m[38;2;38;3;185m    [48;2;38;4;181m[38;2;25;0;168m▘[48;2;43;8;186m[38;2;56;21;199m▝[48;2;213;209;228m[38;2;61;37;180m▆[48;2;248;246;243m[38;2;234;230;242m▎[48;2;250;250;252m[38;2;250;250;252m  [48;2;162;148;209m[38;2;250;245;250m▊[48;2;41;6;195m[38;2;34;9;162m▌[48;2;38;3;185m[38;2;38;3;185m            [0m
[48;2;38;3;185m[38;2;38;3;185m                          [48;2;49;24;179m[38;2;196;191;212m▂[48;2;245;242;243m[38;2;163;155;194m▎[48;2;250;250;252m[38;2;250;250;252m  [48;2;245;243;249m[38;2;0;0;0m [48;2;237;236;237m[38;2;74;55;181m▂[48;2;35;5;168m[38;2;82;51;207m▎[48;2;39;6;191m[38;2;49;12;200m▁[48;2;38;3;185m[38;2;38;3;185m        [48;2;41;11;187m[38;2;0;0;0m [48;2;214;204;229m[38;2;71;48;179m▆[48;2;250;250;252m[38;2;250;250;252m  [48;2;237;236;242m[38;2;0;0;0m [48;2;62;42;174m[38;2;205;200;224m▆[48;2;38;3;185m[38;2;38;3;185m            [0m
[48;2;38;3;185m[38;2;38;3;185m                        [48;2;45;8;186m[38;2;23;0;190m▖[48;2;41;6;172m[38;2;144;47;116m▂[48;2;243;240;246m[38;2;152;149;156m▎[48;2;250;247;252m[38;2;234;231;238m╷[48;2;245;243;248m[38;2;0;0;0m [48;2;231;229;232m[38;2;88;68;195m▂[48;2;215;202;242m[38;2;51;24;174m▆[48;2;38;7;178m[38;2;57;21;204m│[48;2;38;3;185m[38;2;38;3;185m          [48;2;35;2;178m[38;2;46;11;189m▄[48;2;46;11;189m[38;2;35;2;178m▄[48;2;209;205;215m[38;2;69;48;180m▆[48;2;251;249;250m[38;2;236;231;248m▎[48;2;243;238;241m[38;2;0;0;0m [48;2;206;193;212m[38;2;160;66;111m▂[48;2;38;3;185m[38;2;38;3;185m            [0m
[48;2;38;3;185m[38;2;38;3;185m                        [48;2;40;8;179m[38;2;23;9;68m▃[48;2;153;55;96m[38;2;23;7;19m▂[48;2;233;177;178m[38;2;201;71;96m▆[48;2;238;213;204m[38;2;214;74;103m▆[48;2;190;183;203m[38;2;107;40;57m▆[48;2;60;30;136m[38;2;19;15;19m▆[48;2;36;13;140m[38;2;5;3;12m▆▆[48;2;36;13;142m[38;2;5;3;13m▆▆▆▆[48;2;36;13;140m[38;2;5;3;12m▆▆[48;2;36;13;142m[38;2;5;3;13m▆▆▆▆[48;2;39;14;141m[38;2;9;4;13m▆[48;2;24;1;127m[38;2;14;8;18m▆[48;2;66;27;64m[38;2;200;69;93m▂[48;2;238;202;230m[38;2;207;77;101m▆[48;2;215;187;187m[38;2;203;65;101m▆[48;2;171;56;96m[38;2;24;17;26m▂[48;2;36;3;169m[38;2;36;23;64m▂[48;2;36;0;189m[38;2;36;4;165m▖[48;2;38;3;185m[38;2;38;3;185m          [0m
[48;2;38;3;185m[38;2;38;3;185m                        [48;2;32;16;89m[38;2;33;2;174m▆[48;2;17;6;48m[38;2;37;4;185m▂[48;2;144;46;74m[38;2;26;9;81m▆▆[48;2;135;45;70m[38;2;26;7;80m▆[48;2;19;10;27m[38;2;44;14;179m▂[48;2;8;3;24m[38;2;39;10;180m▂▂▂▂▂▂▂▂▂▂▂▂[48;2;11;4;24m[38;2;42;10;181m▂▂[48;2;167;49;77m[38;2;24;9;82m▆▆[48;2;133;47;66m[38;2;25;9;77m▆[48;2;17;8;41m[38;2;42;12;194m▂[48;2;37;16;107m[38;2;37;3;176m▆[48;2;37;2;182m[38;2;37;4;170m▘[48;2;38;3;185m[38;2;38;3;185m          [0m
[48;2;40;2;185m[38;2;40;2;185m                                                            [0m
[48;2;40;2;185m[38;2;40;2;185m                                                            [0m
