[48;2;1;1;1m[38;2;1;1;1m                                                            [0m
[48;2;1;1;1m[38;2;1;1;1m                                                            [0m
[48;2;1;1;1m[38;2;1;1;1m                                                            [0m
[48;2;1;1;1m[38;2;1;1;1m                                                            [0m
[48;2;1;1;1m[38;2;1;1;1m                            [48;2;1;1;3m[38;2;1;1;3m  [48;2;1;1;1m[38;2;1;1;1m    [48;2;3;3;3m[38;2;3;3;3m  [48;2;2;1;1m[38;2;12;10;11m▃▃[48;2;2;2;2m[38;2;2;2;2m  [48;2;1;1;1m[38;2;1;1;1m                    [0m
[48;2;1;1;1m[38;2;1;1;1m                        [48;2;1;1;3m[38;2;1;1;3m    [48;2;3;1;6m[38;2;3;1;6m  [48;2;2;0;3m[38;2;2;0;3m  [48;2;5;5;7m[38;2;0;0;2m▅[48;2;6;6;8m[38;2;19;19;21m▗[48;2;51;47;50m[38;2;225;220;224m▃[48;2;128;123;127m[38;2;237;233;237m▇[48;2;122;122;124m[38;2;245;245;246m▇▇[48;2;123;118;122m[38;2;232;228;232m▇[48;2;46;42;45m[38;2;228;224;227m▃[48;2;3;3;3m[38;2;3;3;3m  [48;2;1;1;1m[38;2;1;1;1m                  [0m
[48;2;1;1;1m[38;2;1;1;1m                        [48;2;3;1;6m[38;2;3;1;6m      [48;2;1;1;3m[38;2;1;1;3m  [48;2;3;1;6m[38;2;3;1;6m  [48;2;95;83;90m[38;2;24;12;19m▇[48;2;197;83;103m[38;2;177;61;81m▄[48;2;202;91;112m[38;2;52;20;16m▄[48;2;216;142;151m[38;2;211;72;103m▇[48;2;245;236;235m[38;2;206;105;135m▄[48;2;171;177;170m[38;2;243;234;234m▊[48;2;4;2;5m[38;2;20;18;21m▌[48;2;7;5;8m[38;2;1;0;2m▊[48;2;1;1;1m[38;2;1;1;1m                  [0m
[48;2;1;1;1m[38;2;1;1;1m                        [48;2;1;1;3m[38;2;1;1;3m  [48;2;3;1;6m[38;2;3;1;6m  [48;2;1;1;3m[38;2;1;1;3m    [48;2;4;2;5m[38;2;4;2;5m  [48;2;67;27;35m[38;2;2;4;7m▊[48;2;215;71;95m[38;2;149;47;68m▎[48;2;208;66;92m[38;2;219;77;103m▄▄[48;2;237;161;173m[38;2;215;70;95m▊[48;2;169;153;166m[38;2;228;234;232m▊[48;2;5;3;8m[38;2;22;20;25m▌[48;2;9;7;12m[38;2;1;0;4m▊[48;2;1;1;3m[38;2;1;1;3m  [48;2;1;1;1m[38;2;1;1;1m                [0m
[48;2;1;1;1m[38;2;1;1;1m                    [48;2;2;2;4m[38;2;2;2;4m  [48;2;3;1;6m[38;2;3;1;6m    [48;2;1;1;3m[38;2;1;1;3m    [48;2;3;3;5m[38;2;3;3;5m  [48;2;30;25;29m[38;2;217;212;216m▄[48;2;173;168;172m[38;2;239;235;238m▇[48;2;237;235;232m[38;2;0;0;0m [48;2;204;85;120m[38;2;245;218;223m▄[48;2;211;71;97m[38;2;222;82;108m▄▄[48;2;223;129;147m[38;2;216;78;101m▊[48;2;245;252;254m[38;2;239;207;212m▎[48;2;155;153;156m[38;2;233;231;233m▇[48;2;30;28;31m[38;2;228;226;229m▄[48;2;15;14;16m[38;2;200;198;201m▄[48;2;15;13;16m[38;2;0;0;0m [48;2;1;1;3m[38;2;1;1;3m  [48;2;1;1;1m[38;2;1;1;1m              [0m
[48;2;1;1;1m[38;2;1;1;1m                [48;2;2;0;3m[38;2;2;0;3m  [48;2;3;1;4m[38;2;3;1;4m  [48;2;3;1;6m[38;2;3;1;6m    [48;2;1;1;3m[38;2;1;1;3m    [48;2;2;0;3m[38;2;2;0;3m  [48;2;13;11;14m[38;2;0;0;0m [48;2;29;27;30m[38;2;214;212;215m▄[48;2;246;246;248m[38;2;225;225;227m▘[48;2;255;255;255m[38;2;252;252;254m▗[48;2;250;250;252m[38;2;250;250;252m  [48;2;248;248;250m[38;2;248;248;250m  [48;2;249;249;251m[38;2;249;249;251m  [48;2;250;250;252m[38;2;250;250;252m  [48;2;244;242;245m[38;2;250;249;251m▌[48;2;245;243;246m[38;2;180;178;181m▝[48;2;31;26;32m[38;2;196;192;197m▄[48;2;3;0;4m[38;2;10;5;11m▎[48;2;3;1;4m[38;2;3;1;4m  [48;2;1;1;3m[38;2;1;1;3m  [48;2;1;1;1m[38;2;1;1;1m          [0m
[48;2;1;1;1m[38;2;1;1;1m            [48;2;1;1;3m[38;2;1;1;3m  [48;2;3;1;6m[38;2;3;1;6m          [48;2;1;1;3m[38;2;1;1;3m  [48;2;3;1;6m[38;2;3;1;6m  [48;2;4;2;7m[38;2;4;2;7m  [48;2;33;31;34m[38;2;209;207;210m▄[48;2;239;237;240m[38;2;0;0;0m [48;2;250;250;252m[38;2;250;250;252m            [48;2;231;229;231m[38;2;0;0;0m [48;2;26;24;27m[38;2;205;204;206m▄[48;2;3;1;6m[38;2;3;1;6m  [48;2;1;1;1m[38;2;1;1;1m            [0m
[48;2;1;1;1m[38;2;1;1;1m            [48;2;3;1;6m[38;2;3;1;6m        [48;2;1;1;3m[38;2;1;1;3m    [48;2;3;1;6m[38;2;3;1;6m    [48;2;3;1;4m[38;2;3;1;4m  [48;2;248;247;252m[38;2;147;146;151m▎[48;2;255;254;255m[38;2;234;233;238m│[48;2;250;250;252m[38;2;250;250;252m            [48;2;246;245;247m[38;2;0;0;0m [48;2;124;122;125m[38;2;225;223;226m▊[48;2;2;0;3m[38;2;2;0;3m  [48;2;1;1;1m[38;2;1;1;1m            [0m
[48;2;1;1;1m[38;2;1;1;1m            [48;2;1;1;3m[38;2;1;1;3m  [48;2;3;1;6m[38;2;3;1;6m  [48;2;2;0;3m[38;2;2;0;3m  [48;2;1;1;1m[38;2;1;1;1m  [48;2;3;1;6m[38;2;3;1;6m      [48;2;1;1;3m[38;2;1;1;3m  [48;2;2;2;4m[38;2;2;2;4m  [48;2;221;216;220m[38;2;39;35;38m▅[48;2;233;229;232m[38;2;105;100;104m▁[48;2;244;244;245m[38;2;134;134;136m▁[38;2;0;0;0m [48;2;255;253;255m[38;2;244;239;243m▄[48;2;246;242;246m[38;2;196;191;195m▁[48;2;250;250;252m[38;2;250;250;252m      [48;2;191;189;192m[38;2;246;244;247m▊[48;2;237;235;238m[38;2;36;34;37m▅[48;2;200;198;200m[38;2;25;23;26m▅[48;2;8;6;9m[38;2;0;0;0m [48;2;1;1;3m[38;2;1;1;3m  [48;2;1;1;1m[38;2;1;1;1m            [0m
[48;2;1;1;1m[38;2;1;1;1m              [48;2;2;0;3m[38;2;2;0;3m  [48;2;1;1;3m[38;2;1;1;3m    [48;2;3;1;6m[38;2;3;1;6m      [48;2;1;1;1m[38;2;1;1;1m  [48;2;3;1;6m[38;2;3;1;6m  [48;2;1;1;3m[38;2;1;1;3m  [48;2;14;12;15m[38;2;1;0;2m▊[48;2;214;212;215m[38;2;22;20;23m▅[48;2;235;229;217m[38;2;182;77;97m▅[48;2;219;75;108m[38;2;198;66;95m┛[48;2;245;215;221m[38;2;203;82;119m▄[48;2;247;251;247m[38;2;245;219;223m▎[48;2;250;250;252m[38;2;250;250;252m  [48;2;249;249;251m[38;2;249;249;251m  [48;2;133;128;132m[38;2;221;216;220m▊[48;2;13;8;12m[38;2;13;8;12m▄[48;2;2;0;3m[38;2;2;0;3m  [48;2;1;1;3m[38;2;1;1;3m  [48;2;1;1;1m[38;2;1;1;1m            [0m
[48;2;1;1;1m[38;2;1;1;1m                [48;2;3;1;4m[38;2;3;1;4m  [48;2;3;1;6m[38;2;3;1;6m  [48;2;2;0;3m[38;2;2;0;3m  [48;2;3;1;6m[38;2;3;1;6m  [48;2;2;0;3m[38;2;2;0;3m  [48;2;1;1;1m[38;2;1;1;1m  [48;2;3;1;6m[38;2;3;1;6m    [48;2;1;0;2m[38;2;3;1;4m▄[48;2;21;20;22m[38;2;156;154;157m▁[48;2;39;29;30m[38;2;220;217;216m▅[48;2;183;73;108m[38;2;239;222;227m▅[48;2;190;80;113m[38;2;73;55;56m▅[48;2;226;220;219m[38;2;27;25;22m▅[48;2;232;230;231m[38;2;25;23;24m▅▅[48;2;229;224;228m[38;2;75;69;73m▅[48;2;205;199;203m[38;2;90;84;88m▅[48;2;23;19;22m[38;2;199;194;198m▅[48;2;21;16;20m[38;2;167;162;166m▁[48;2;3;1;6m[38;2;3;1;6m  [48;2;1;1;1m[38;2;1;1;1m              [0m
[48;2;1;1;1m[38;2;1;1;1m                    [48;2;0;0;0m[38;2;0;0;0m  [48;2;1;1;3m[38;2;1;1;3m  [48;2;1;1;1m[38;2;1;1;1m  [48;2;1;1;3m[38;2;1;1;3m  [48;2;3;1;6m[38;2;3;1;6m    [48;2;30;25;29m[38;2;142;137;141m▁[48;2;244;240;244m[38;2;197;192;196m▎[48;2;249;249;251m[38;2;249;249;251m  [48;2;219;215;218m[38;2;98;93;97m▁[48;2;39;35;38m[38;2;180;175;179m▁[48;2;20;19;21m[38;2;225;224;226m▅[48;2;48;46;49m[38;2;236;234;237m▅[48;2;248;248;250m[38;2;248;248;250m  [48;2;252;250;252m[38;2;244;242;245m┃[48;2;152;150;153m[38;2;243;242;244m▊[48;2;5;3;8m[38;2;5;3;8m  [48;2;1;1;3m[38;2;1;1;3m  [48;2;1;1;1m[38;2;1;1;1m            [0m
[48;2;1;1;1m[38;2;1;1;1m                        [48;2;1;1;3m[38;2;1;1;3m  [48;2;3;1;6m[38;2;3;1;6m    [48;2;1;0;4m[38;2;8;6;11m┃[48;2;35;33;38m[38;2;1;0;4m▊[48;2;248;248;250m[38;2;205;205;207m▎[48;2;240;240;242m[38;2;252;252;253m┃[48;2;253;253;254m[38;2;246;246;248m▃[48;2;244;244;246m[38;2;231;231;233m▝[48;2;63;61;64m[38;2;235;234;236m▅[48;2;244;242;244m[38;2;0;0;0m [48;2;250;250;252m[38;2;250;250;252m    [48;2;252;250;252m[38;2;244;242;245m┃[48;2;152;150;153m[38;2;243;242;244m▊[48;2;8;6;7m[38;2;13;11;12m▌[48;2;1;0;0m[38;2;3;1;2m▎[48;2;1;1;1m[38;2;1;1;1m              [0m
[48;2;1;1;1m[38;2;1;1;1m                    [48;2;2;0;3m[38;2;2;0;3m  [48;2;1;1;1m[38;2;1;1;1m  [48;2;3;1;6m[38;2;3;1;6m      [48;2;8;6;9m[38;2;0;0;0m [48;2;23;22;24m[38;2;169;167;170m▁[48;2;249;249;250m[38;2;206;206;208m▎[48;2;241;241;243m[38;2;253;253;254m┃[48;2;250;250;252m[38;2;250;250;252m        [48;2;187;183;186m[38;2;245;241;244m▊[48;2;192;187;191m[38;2;27;22;26m▅[48;2;1;1;1m[38;2;1;1;1m                [0m
[48;2;1;1;1m[38;2;1;1;1m                  [48;2;1;1;3m[38;2;1;1;3m  [48;2;2;0;3m[38;2;2;0;3m  [48;2;1;1;3m[38;2;1;1;3m  [48;2;3;1;6m[38;2;3;1;6m    [48;2;2;0;3m[38;2;2;0;3m  [48;2;38;36;37m[38;2;6;5;5m▊[48;2;247;245;246m[38;2;161;159;160m▎[48;2;250;250;252m[38;2;250;250;252m          [48;2;166;161;165m[38;2;245;241;244m▊[48;2;14;10;13m[38;2;145;140;144m▂[48;2;3;1;4m[38;2;3;1;4m  [48;2;1;1;1m[38;2;1;1;1m              [0m
[48;2;1;1;1m[38;2;1;1;1m                  [48;2;2;0;3m[38;2;2;0;3m    [48;2;3;1;6m[38;2;3;1;6m      [48;2;3;1;4m[38;2;3;1;4m  [48;2;47;45;48m[38;2;220;218;221m▅[48;2;239;237;240m[38;2;0;0;0m [48;2;250;250;252m[38;2;250;250;252m    [48;2;244;242;245m[38;2;0;0;0m [48;2;229;228;230m[38;2;56;54;57m▁[48;2;249;249;251m[38;2;249;249;251m  [48;2;250;250;252m[38;2;250;250;252m  [48;2;252;251;253m[38;2;245;243;246m┃[48;2;153;151;154m[38;2;244;242;245m▊[48;2;5;3;6m[38;2;5;3;6m  [48;2;2;0;3m[38;2;2;0;3m  [48;2;1;1;1m[38;2;1;1;1m            [0m
[48;2;4;2;10m[38;2;23;2;126m▂▂▂▂▂▂▂▂▂▂▂▂▂▂▂▂▂▂[48;2;5;3;12m[38;2;24;2;129m▂▂[48;2;4;2;10m[38;2;23;2;126m▂▂[48;2;5;3;12m[38;2;24;2;129m▂▂▂▂▂▂[48;2;10;8;23m[38;2;48;24;172m▁[48;2;9;8;13m[38;2;165;158;192m▂[48;2;246;245;248m[38;2;175;174;179m▎[48;2;253;252;255m[38;2;255;254;255m▌[48;2;250;250;252m[38;2;250;250;252m  [48;2;251;251;253m[38;2;243;243;245m┃[48;2;235;235;237m[38;2;255;255;255m▌[48;2;190;185;194m[38;2;25;12;66m▅[48;2;27;21;29m[38;2;28;6;129m▂[48;2;233;227;245m[38;2;52;46;76m▆[48;2;247;246;245m[38;2;226;222;233m▎[48;2;250;250;252m[38;2;250;250;252m  [48;2;255;255;255m[38;2;247;247;249m▌[48;2;247;247;248m[38;2;206;206;208m▝[48;2;19;20;15m[38;2;193;188;204m▆[48;2;10;7;25m[38;2;60;34;184m▁[48;2;5;3;12m[38;2;24;2;129m▂▂[48;2;4;2;10m[38;2;23;2;126m▂▂▂▂▂▂▂▂▂▂▂▂[0m
[48;2;38;3;183m[38;2;38;3;183m                            [48;2;40;11;172m[38;2;49;14;204m│[48;2;252;248;249m[38;2;176;163;219m▎[48;2;250;250;252m[38;2;250;250;252m    [48;2;214;207;240m[38;2;247;245;243m▊[48;2;227;222;239m[38;2;56;32;177m▆[48;2;40;5;185m[38;2;40;5;185m  [48;2;42;13;186m[38;2;0;0;0m [48;2;235;229;237m[38;2;74;49;184m▆[48;2;249;249;251m[38;2;249;249;251m  [48;2;250;250;252m[38;2;250;250;252m  [48;2;139;127;189m[38;2;243;241;248m▊[48;2;31;0;188m[38;2;60;37;171m▎[48;2;38;3;183m[38;2;38;3;183m              [0m
[48;2;38;3;183m[38;2;38;3;183m                            [48;2;50;30;174m[38;2;211;208;229m▆[48;2;242;241;245m[38;2;0;0;0m [48;2;250;250;252m[38;2;250;250;252m  [48;2;243;241;247m[38;2;0;0;0m [48;2;239;238;240m[38;2;75;56;182m▂[48;2;213;204;235m[38;2;54;26;183m▆[48;2;39;9;182m[38;2;0;0;0m [48;2;38;3;183m[38;2;38;3;183m  [48;2;38;4;181m[38;2;25;0;168m▘[48;2;43;8;186m[38;2;56;21;199m▝[48;2;227;223;237m[38;2;69;45;185m▆[48;2;249;248;246m[38;2;218;214;222m▎[48;2;250;250;252m[38;2;250;250;252m  [48;2;174;165;207m[38;2;243;242;239m▊[48;2;44;19;182m[38;2;190;179;227m▂[48;2;38;3;183m[38;2;38;3;183m              [0m
[48;2;38;3;185m[38;2;38;3;185m                          [48;2;37;7;183m[38;2;0;0;0m [48;2;47;17;179m[38;2;205;194;231m▂[48;2;242;241;245m[38;2;185;184;190m▎[48;2;255;254;255m[38;2;246;245;251m│[48;2;250;250;252m[38;2;250;250;252m  [48;2;231;225;240m[38;2;76;53;173m▂[48;2;33;3;183m[38;2;72;46;185m▎[48;2;38;3;185m[38;2;38;3;185m      [48;2;95;74;193m[38;2;37;9;181m▊[48;2;233;228;240m[38;2;79;60;177m▂[48;2;250;250;252m[38;2;250;250;252m  [48;2;250;250;248m[38;2;241;242;236m│[48;2;152;148;175m[38;2;243;240;253m▊[48;2;38;3;183m[38;2;38;3;183m  [48;2;38;3;185m[38;2;38;3;185m            [0m
[48;2;38;3;185m[38;2;38;3;185m                          [48;2;51;21;179m[38;2;34;2;185m▊[48;2;244;242;245m[38;2;129;111;197m▎[48;2;250;250;252m[38;2;250;250;252m  [48;2;245;243;249m[38;2;0;0;0m [48;2;237;236;237m[38;2;74;55;181m▂[48;2;35;5;168m[38;2;82;51;207m▎[48;2;39;6;191m[38;2;49;12;200m▁[48;2;38;3;185m[38;2;38;3;185m      [48;2;29;0;167m[38;2;44;10;189m▌[48;2;113;89;199m[38;2;40;8;186m▊[48;2;237;237;237m[38;2;78;61;183m▂[48;2;244;243;248m[38;2;0;0;0m [48;2;250;249;253m[38;2;234;233;239m╵[48;2;175;174;180m[38;2;245;244;247m▊[48;2;47;15;179m[38;2;203;192;230m▂[48;2;35;6;175m[38;2;45;9;204m▗[48;2;38;3;185m[38;2;38;3;185m            [0m
[48;2;38;3;185m[38;2;38;3;185m                          [48;2;47;6;172m[38;2;179;60;106m▂[48;2;210;191;200m[38;2;192;77;105m▆[48;2;237;218;207m[38;2;205;77;105m▆[48;2;240;213;217m[38;2;155;52;126m▆[48;2;224;208;214m[38;2;130;46;138m▆[48;2;49;13;174m[38;2;0;0;0m [48;2;38;3;185m[38;2;38;3;185m          [48;2;115;82;179m[38;2;37;6;178m▊[48;2;239;229;231m[38;2;206;110;141m▂[48;2;250;250;252m[38;2;250;250;252m  [48;2;162;148;209m[38;2;250;245;250m▊[48;2;41;6;195m[38;2;34;9;162m▌[48;2;38;3;185m[38;2;38;3;185m            [0m
[48;2;38;3;185m[38;2;38;3;185m                        [48;2;41;11;178m[38;2;26;15;55m▃[48;2;58;14;178m[38;2;102;40;70m▆[48;2;189;64;96m[38;2;35;15;13m▂[48;2;178;59;89m[38;2;26;13;10m▆[48;2;148;59;77m[38;2;14;4;10m▆[48;2;52;30;133m[38;2;8;3;9m▆[48;2;36;13;140m[38;2;5;3;12m▆▆[48;2;36;13;142m[38;2;5;3;13m▆▆▆▆[48;2;36;13;140m[38;2;5;3;12m▆▆[48;2;36;13;142m[38;2;5;3;13m▆▆▆▆[48;2;56;15;125m[38;2;10;7;10m▆[48;2;149;72;85m[38;2;35;18;28m▆[48;2;232;211;200m[38;2;218;79;108m▆[48;2;235;214;203m[38;2;202;63;92m▆[48;2;94;54;92m[38;2;186;115;121m┛[48;2;39;9;177m[38;2;23;9;78m▃[48;2;38;3;185m[38;2;38;3;185m            [0m
[48;2;38;3;185m[38;2;38;3;185m                        [48;2;32;16;89m[38;2;33;2;174m▆[48;2;17;6;48m[38;2;37;4;185m▂[48;2;8;6;11m[38;2;30;5;149m▃▃[48;2;8;3;24m[38;2;39;10;180m▂▂▂▂▂▂▂▂▂▂▂▂▂▂[48;2;11;4;24m[38;2;42;10;181m▂▂[48;2;144;46;74m[38;2;26;9;81m▆▆[48;2;17;7;47m[38;2;37;4;183m▂[48;2;32;17;87m[38;2;33;2;172m▆[48;2;38;3;185m[38;2;38;3;185m            [0m
[48;2;40;2;185m[38;2;40;2;185m                                                            [0m
[48;2;40;2;185m[38;2;40;2;185m                                                            [0m
