[48;2;1;1;1m[38;2;1;1;1m                                                            [0m
[48;2;1;1;1m[38;2;1;1;1m                                                            [0m
[48;2;1;1;1m[38;2;1;1;1m                                                            [0m
[48;2;1;1;1m[38;2;1;1;1m                                                            [0m
[48;2;1;1;1m[38;2;1;1;1m                            [48;2;1;1;3m[38;2;1;1;3m  [48;2;1;1;1m[38;2;1;1;1m    [38;2;11;11;11m▃▃▃▃[38;2;1;1;1m                      [0m
[48;2;1;1;1m[38;2;1;1;1m                        [48;2;1;1;3m[38;2;1;1;3m    [48;2;3;1;6m[38;2;3;1;6m  [48;2;2;0;3m[38;2;2;0;3m  [48;2;3;0;2m[38;2;13;8;12m▄[48;2;43;39;42m[38;2;221;217;220m▃[48;2;133;131;134m[38;2;236;234;236m▇[48;2;145;143;146m[38;2;243;242;244m▇[48;2;129;127;130m[38;2;242;241;243m▇[48;2;107;105;108m[38;2;237;236;238m▇[48;2;41;36;40m[38;2;216;212;215m▃[48;2;3;0;2m[38;2;8;3;7m▄[48;2;1;1;1m[38;2;1;1;1m                    [0m
[48;2;1;1;1m[38;2;1;1;1m                        [48;2;3;1;6m[38;2;3;1;6m      [48;2;1;1;3m[38;2;1;1;3m  [48;2;3;0;2m[38;2;18;13;17m━[48;2;83;78;82m[38;2;13;8;12m▇[48;2;210;138;147m[38;2;205;69;99m▇[48;2;196;88;109m[38;2;48;19;16m▄[48;2;203;127;139m[38;2;207;74;106m▆[48;2;247;230;223m[38;2;220;98;126m▄[48;2;161;156;160m[38;2;246;242;245m▊[48;2;3;0;2m[38;2;62;57;61m▎[48;2;1;1;3m[38;2;1;1;3m  [48;2;1;1;1m[38;2;1;1;1m                  [0m
[48;2;1;1;1m[38;2;1;1;1m                        [48;2;1;1;3m[38;2;1;1;3m  [48;2;3;1;6m[38;2;3;1;6m  [48;2;1;1;3m[38;2;1;1;3m    [48;2;8;3;7m[38;2;8;3;7m  [48;2;215;77;102m[38;2;198;60;85m▎[48;2;218;80;105m[38;2;201;63;88m▊[48;2;211;73;98m[38;2;219;81;106m┃[48;2;236;98;123m[38;2;205;67;92m▌[48;2;198;196;199m[38;2;244;242;244m▊[48;2;30;28;31m[38;2;199;197;200m▄[48;2;3;1;4m[38;2;19;17;20m▃[48;2;8;6;9m[38;2;3;2;4m▚[48;2;1;1;3m[38;2;1;1;3m  [48;2;1;1;1m[38;2;1;1;1m                [0m
[48;2;1;1;1m[38;2;1;1;1m                    [48;2;2;2;4m[38;2;2;2;4m  [48;2;3;1;6m[38;2;3;1;6m    [48;2;1;1;3m[38;2;1;1;3m    [48;2;1;0;2m[38;2;8;6;9m▃▃[48;2;214;82;106m[38;2;183;51;75m▌[48;2;196;64;88m[38;2;212;80;104m▄[48;2;217;74;106m[38;2;236;219;209m▄[48;2;209;74;104m[38;2;206;117;132m▁[48;2;219;85;109m[38;2;198;64;88m▎[48;2;236;102;126m[38;2;214;80;104m▊[48;2;247;247;249m[38;2;247;247;249m  [48;2;157;152;156m[38;2;234;230;233m▇[48;2;33;28;32m[38;2;208;203;207m▄[48;2;5;4;8m[38;2;24;22;27m▃[48;2;1;0;4m[38;2;3;1;6m▖[48;2;1;1;3m[38;2;1;1;3m  [48;2;1;1;1m[38;2;1;1;1m              [0m
[48;2;1;1;1m[38;2;1;1;1m                [48;2;2;0;3m[38;2;2;0;3m  [48;2;3;1;4m[38;2;3;1;4m  [48;2;3;1;6m[38;2;3;1;6m    [48;2;1;1;3m[38;2;1;1;3m    [48;2;4;2;5m[38;2;1;0;2m▊[48;2;24;23;25m[38;2;199;198;200m▄[48;2;233;227;225m[38;2;0;0;0m [48;2;195;93;123m[38;2;246;240;239m▄[48;2;201;96;127m[38;2;249;239;239m▄[48;2;246;236;235m[38;2;0;0;0m [48;2;249;249;251m[38;2;249;249;251m  [48;2;248;248;250m[38;2;248;248;250m  [48;2;250;250;252m[38;2;250;250;252m    [48;2;228;227;229m[38;2;0;0;0m [48;2;25;24;26m[38;2;204;203;205m▄[48;2;4;2;7m[38;2;4;2;7m  [48;2;3;1;4m[38;2;3;1;4m  [48;2;1;1;3m[38;2;1;1;3m  [48;2;1;1;1m[38;2;1;1;1m          [0m
[48;2;1;1;1m[38;2;1;1;1m            [48;2;1;1;3m[38;2;1;1;3m  [48;2;3;1;6m[38;2;3;1;6m          [48;2;1;1;3m[38;2;1;1;3m  [48;2;3;1;6m[38;2;3;1;6m  [48;2;1;0;2m[38;2;5;3;6m▄[48;2;190;188;191m[38;2;15;14;16m▄[48;2;235;233;236m[38;2;138;136;139m▁[48;2;243;242;244m[38;2;150;148;151m▁[48;2;227;225;230m[38;2;29;27;32m▄▄[48;2;247;247;249m[38;2;247;247;249m  [48;2;250;250;252m[38;2;250;250;252m      [48;2;248;248;249m[38;2;231;231;233m╵[48;2;237;237;238m[38;2;0;0;0m [48;2;31;29;34m[38;2;196;195;199m▄[48;2;9;8;12m[38;2;0;0;0m [48;2;3;1;6m[38;2;3;1;6m  [48;2;1;1;1m[38;2;1;1;1m            [0m
[48;2;1;1;1m[38;2;1;1;1m            [48;2;3;1;6m[38;2;3;1;6m        [48;2;1;1;3m[38;2;1;1;3m    [48;2;3;1;6m[38;2;3;1;6m    [48;2;1;1;3m[38;2;1;1;3m  [48;2;5;3;8m[38;2;5;3;8m  [48;2;13;11;16m[38;2;2;0;5m┃[48;2;48;46;51m[38;2;5;3;8m▊[48;2;237;235;237m[38;2;145;143;146m▁[48;2;247;246;248m[38;2;0;0;0m [48;2;250;250;252m[38;2;250;250;252m        [48;2;121;119;122m[38;2;243;241;244m▊[48;2;1;0;2m[38;2;23;21;24m▎[48;2;3;1;4m[38;2;3;1;4m  [48;2;1;1;1m[38;2;1;1;1m            [0m
[48;2;1;1;1m[38;2;1;1;1m            [48;2;1;1;3m[38;2;1;1;3m  [48;2;3;1;6m[38;2;3;1;6m  [48;2;2;0;3m[38;2;2;0;3m  [48;2;1;1;1m[38;2;1;1;1m  [48;2;3;1;6m[38;2;3;1;6m      [48;2;1;1;3m[38;2;1;1;3m    [48;2;3;1;6m[38;2;3;1;6m    [48;2;68;63;67m[38;2;8;3;7m▊[48;2;251;246;250m[38;2;192;187;191m▎[48;2;250;250;252m[38;2;250;250;252m    [48;2;244;244;245m[38;2;0;0;0m [48;2;244;244;246m[38;2;143;143;145m▁[48;2;250;250;252m[38;2;250;250;252m  [48;2;121;119;122m[38;2;243;241;244m▊[48;2;1;0;2m[38;2;23;21;24m▎[48;2;1;1;3m[38;2;1;1;3m  [48;2;1;1;1m[38;2;1;1;1m            [0m
[48;2;1;1;1m[38;2;1;1;1m              [48;2;2;0;3m[38;2;2;0;3m  [48;2;1;1;3m[38;2;1;1;3m    [48;2;3;1;6m[38;2;3;1;6m      [48;2;1;1;1m[38;2;1;1;1m  [48;2;3;1;6m[38;2;3;1;6m  [48;2;1;1;3m[38;2;1;1;3m  [48;2;3;1;4m[38;2;3;1;4m  [48;2;20;15;19m[38;2;161;156;160m▁[48;2;223;219;222m[38;2;79;74;78m▅[48;2;243;241;243m[38;2;99;97;100m▁▁[48;2;234;230;234m[38;2;83;78;82m▁[48;2;231;227;231m[38;2;76;71;75m▅[48;2;179;174;177m[38;2;83;77;81m▄[48;2;60;54;58m[38;2;224;219;222m▅[48;2;249;249;251m[38;2;249;249;251m  [48;2;121;119;122m[38;2;243;241;244m▊[48;2;1;0;2m[38;2;23;21;24m▎[48;2;1;1;3m[38;2;1;1;3m  [48;2;1;1;1m[38;2;1;1;1m            [0m
[48;2;1;1;1m[38;2;1;1;1m                [48;2;3;1;4m[38;2;3;1;4m  [48;2;3;1;6m[38;2;3;1;6m  [48;2;2;0;3m[38;2;2;0;3m  [48;2;3;1;6m[38;2;3;1;6m  [48;2;2;0;3m[38;2;2;0;3m  [48;2;1;1;1m[38;2;1;1;1m  [48;2;3;1;6m[38;2;3;1;6m    [48;2;23;19;22m[38;2;158;153;157m▁[48;2;32;28;31m[38;2;218;214;217m▅[48;2;242;242;243m[38;2;0;0;0m  [48;2;21;19;22m[38;2;232;230;233m▅▅[48;2;41;39;42m[38;2;233;232;234m▅[48;2;255;254;255m[38;2;249;247;250m▄[48;2;250;250;252m[38;2;250;250;252m  [48;2;244;242;245m[38;2;251;249;252m▚[48;2;251;249;251m[38;2;207;205;208m▗[48;2;210;204;202m[38;2;148;57;84m▅[48;2;19;14;11m[38;2;98;26;46m▁[48;2;1;1;1m[38;2;1;1;1m              [0m
[48;2;1;1;1m[38;2;1;1;1m                    [48;2;0;0;0m[38;2;0;0;0m  [48;2;1;1;3m[38;2;1;1;3m  [48;2;1;1;1m[38;2;1;1;1m  [48;2;1;1;3m[38;2;1;1;3m  [48;2;3;1;6m[38;2;3;1;6m  [48;2;3;0;2m[38;2;20;15;19m▄[48;2;43;38;42m[38;2;210;205;209m▅[48;2;244;244;246m[38;2;231;231;233m▘[48;2;253;253;254m[38;2;246;246;248m▃[48;2;250;250;252m[38;2;250;250;252m        [48;2;252;250;252m[38;2;244;242;245m┃[48;2;152;150;153m[38;2;243;242;244m▊[48;2;21;11;11m[38;2;0;0;0m [48;2;183;65;103m[38;2;36;12;18m▆[48;2;1;1;3m[38;2;1;1;3m  [48;2;1;1;1m[38;2;1;1;1m            [0m
[48;2;1;1;1m[38;2;1;1;1m                        [48;2;1;1;3m[38;2;1;1;3m  [48;2;3;1;6m[38;2;3;1;6m    [48;2;38;36;39m[38;2;6;5;7m▊[48;2;247;245;248m[38;2;161;159;162m▎[48;2;250;250;252m[38;2;250;250;252m        [48;2;248;248;250m[38;2;248;248;250m  [48;2;221;217;221m[38;2;58;53;57m▁[48;2;192;188;191m[38;2;27;22;26m▅[48;2;2;2;2m[38;2;2;2;2m  [48;2;1;1;1m[38;2;1;1;1m              [0m
[48;2;1;1;1m[38;2;1;1;1m                    [48;2;2;0;3m[38;2;2;0;3m  [48;2;1;1;1m[38;2;1;1;1m  [48;2;3;1;6m[38;2;3;1;6m      [48;2;1;0;0m[38;2;10;8;9m▄[48;2;214;212;213m[38;2;71;69;70m▁[48;2;249;249;251m[38;2;249;249;251m  [48;2;250;250;252m[38;2;250;250;252m    [48;2;245;244;246m[38;2;0;0;0m [48;2;236;234;236m[38;2;60;58;61m▁[48;2;224;221;224m[38;2;50;45;49m▁[48;2;193;188;192m[38;2;20;16;19m▅[48;2;3;1;6m[38;2;3;1;6m  [48;2;1;1;3m[38;2;1;1;3m  [48;2;1;1;1m[38;2;1;1;1m              [0m
[48;2;1;1;1m[38;2;1;1;1m                  [48;2;1;1;3m[38;2;1;1;3m  [48;2;2;0;3m[38;2;2;0;3m  [48;2;1;1;3m[38;2;1;1;3m  [48;2;3;1;6m[38;2;3;1;6m    [48;2;2;0;3m[38;2;2;0;3m  [48;2;1;0;2m[38;2;7;5;8m▎[48;2;20;18;21m[38;2;4;2;5m▌[48;2;219;217;220m[38;2;46;44;47m▁[48;2;245;244;246m[38;2;0;0;0m [48;2;250;250;252m[38;2;250;250;252m  [48;2;253;253;255m[38;2;255;255;255m┃[48;2;195;195;197m[38;2;244;244;246m▊[48;2;192;187;193m[38;2;20;16;21m▅[48;2;5;0;6m[38;2;3;0;4m▖[48;2;3;1;6m[38;2;3;1;6m    [48;2;2;0;3m[38;2;2;0;3m  [48;2;1;1;1m[38;2;1;1;1m              [0m
[48;2;1;1;1m[38;2;1;1;1m                  [48;2;2;0;3m[38;2;2;0;3m    [48;2;3;1;6m[38;2;3;1;6m      [48;2;1;1;3m[38;2;1;1;3m  [48;2;3;1;6m[38;2;3;1;6m  [48;2;44;42;45m[38;2;10;8;11m▊[48;2;226;224;227m[38;2;76;74;77m▂[48;2;249;249;251m[38;2;249;249;251m  [48;2;250;250;251m[38;2;0;0;0m [48;2;249;249;250m[38;2;211;211;213m▝[48;2;45;40;44m[38;2;221;216;220m▅[48;2;10;5;9m[38;2;3;0;2m┣[48;2;3;1;6m[38;2;3;1;6m      [48;2;2;0;3m[38;2;2;0;3m  [48;2;1;1;1m[38;2;1;1;1m            [0m
[48;2;4;2;10m[38;2;23;2;126m▂▂▂▂▂▂▂▂▂▂▂▂▂▂▂▂▂▂[48;2;5;3;12m[38;2;24;2;129m▂▂[48;2;4;2;10m[38;2;23;2;126m▂▂[48;2;5;3;12m[38;2;24;2;129m▂▂▂▂▂▂[48;2;4;2;10m[38;2;23;2;126m▂▂[48;2;7;2;12m[38;2;26;1;129m▂▂[48;2;9;7;16m[38;2;28;6;133m▂[48;2;17;14;23m[38;2;34;15;139m▂[48;2;255;255;255m[38;2;236;236;238m▌[48;2;252;252;253m[38;2;244;244;246m┃[48;2;250;250;252m[38;2;250;250;252m  [48;2;241;240;242m[38;2;0;0;0m [48;2;54;52;55m[38;2;223;221;223m▅[48;2;7;4;13m[38;2;26;4;131m▂▂[48;2;7;2;12m[38;2;26;1;129m▂▂[48;2;5;3;12m[38;2;24;2;129m▂▂▂▂[48;2;4;2;10m[38;2;23;2;126m▂▂▂▂▂▂▂▂▂▂▂▂[0m
[48;2;38;3;183m[38;2;38;3;183m                                [48;2;39;4;184m[38;2;39;4;184m  [48;2;228;224;240m[38;2;61;38;181m▆[48;2;249;248;244m[38;2;217;211;242m▎[48;2;250;250;252m[38;2;250;250;252m  [48;2;250;250;251m[38;2;240;240;242m▃[48;2;241;241;243m[38;2;251;251;252m▄[48;2;77;51;186m[38;2;230;222;242m▅[48;2;30;5;177m[38;2;65;40;183m▎[48;2;38;3;183m[38;2;38;3;183m                  [0m
[48;2;38;3;183m[38;2;38;3;183m                                  [48;2;41;11;182m[38;2;0;0;0m [48;2;220;212;240m[38;2;54;25;181m▆[48;2;240;239;239m[38;2;76;57;181m▂[48;2;244;242;247m[38;2;0;0;0m [48;2;250;250;252m[38;2;250;250;252m  [48;2;184;173;229m[38;2;246;244;245m▊[48;2;30;3;182m[38;2;67;45;172m▎[48;2;38;3;183m[38;2;38;3;183m                  [0m
[48;2;38;3;185m[38;2;38;3;185m                                    [48;2;103;70;169m[38;2;43;12;187m▊[48;2;232;226;229m[38;2;199;87;126m▂[48;2;242;238;238m[38;2;225;85;113m▂▂[48;2;217;205;223m[38;2;185;90;135m▂[48;2;36;5;186m[38;2;83;47;179m▎[48;2;38;3;185m[38;2;38;3;185m                  [0m
[48;2;38;3;185m[38;2;38;3;185m                                  [48;2;41;4;185m[38;2;60;14;172m▗[48;2;44;7;164m[38;2;158;56;119m▂[48;2;69;28;146m[38;2;212;67;91m▆[48;2;221;78;108m[38;2;194;70;106m▘[48;2;220;80;100m[38;2;184;62;103m▗[48;2;211;65;109m[38;2;58;18;144m▂[48;2;177;62;111m[38;2;63;10;157m▂[48;2;71;5;196m[38;2;33;5;177m▊[48;2;38;3;185m[38;2;38;3;185m                  [0m
[48;2;38;3;185m[38;2;38;3;185m                                  [48;2;46;5;181m[38;2;0;0;0m [48;2;124;57;116m[38;2;35;10;190m▆[48;2;204;87;106m[38;2;49;12;173m▇▇[48;2;132;65;122m[38;2;32;8;186m▆[48;2;46;7;179m[38;2;0;0;0m [48;2;38;3;185m[38;2;38;3;185m                    [0m
[48;2;38;3;185m[38;2;38;3;185m                              [48;2;37;8;159m[38;2;7;0;27m▂[48;2;41;14;153m[38;2;11;4;25m▆[48;2;36;13;142m[38;2;5;3;13m▆▆▆▆[48;2;36;13;140m[38;2;5;3;12m▆▆[48;2;36;13;142m[38;2;5;3;13m▆▆▆▆[48;2;36;13;140m[38;2;5;3;12m▆▆[48;2;28;2;144m[38;2;17;9;33m▆[48;2;34;5;159m[38;2;23;14;47m▂[48;2;38;3;185m[38;2;38;3;185m              [0m
[48;2;38;3;185m[38;2;38;3;185m                              [48;2;31;19;68m[38;2;32;1;170m▆[48;2;16;8;35m[38;2;36;3;190m▂[48;2;8;3;24m[38;2;39;10;180m▂▂▂▂▂▂▂▂▂▂[48;2;8;6;11m[38;2;30;5;149m▃▃[48;2;17;7;46m[38;2;37;4;182m▂[48;2;32;17;85m[38;2;33;2;170m▆[48;2;38;3;185m[38;2;38;3;185m              [0m
[48;2;40;2;185m[38;2;40;2;185m                                                            [0m
[48;2;40;2;185m[38;2;40;2;185m                                                            [0m
