[48;2;1;1;1m[38;2;1;1;1m                                                            [0m
[48;2;1;1;1m[38;2;1;1;1m                                                            [0m
[48;2;1;1;1m[38;2;1;1;1m                                                            [0m
[48;2;1;1;1m[38;2;1;1;1m                                                            [0m
[48;2;1;1;1m[38;2;1;1;1m                            [48;2;1;1;3m[38;2;1;1;3m  [48;2;1;1;1m[38;2;1;1;1m    [38;2;11;11;11m▃▃▃▃[38;2;1;1;1m                      [0m
[48;2;1;1;1m[38;2;1;1;1m                        [48;2;1;1;3m[38;2;1;1;3m    [48;2;3;1;6m[38;2;3;1;6m  [48;2;2;0;3m[38;2;2;0;3m  [48;2;3;0;2m[38;2;13;8;12m▄[48;2;43;39;42m[38;2;221;217;220m▃[48;2;133;131;134m[38;2;236;234;236m▇[48;2;145;143;146m[38;2;243;242;244m▇[48;2;129;127;130m[38;2;242;241;243m▇[48;2;107;105;108m[38;2;237;236;238m▇[48;2;41;36;40m[38;2;216;212;215m▃[48;2;3;0;2m[38;2;8;3;7m▄[48;2;1;1;1m[38;2;1;1;1m                    [0m
[48;2;1;1;1m[38;2;1;1;1m                        [48;2;3;1;6m[38;2;3;1;6m      [48;2;1;1;3m[38;2;1;1;3m  [48;2;3;0;2m[38;2;18;13;17m━[48;2;83;78;82m[38;2;13;8;12m▇[48;2;210;138;147m[38;2;205;69;99m▇[48;2;196;88;109m[38;2;48;19;16m▄[48;2;203;127;139m[38;2;207;74;106m▆[48;2;247;230;223m[38;2;220;98;126m▄[48;2;161;156;160m[38;2;246;242;245m▊[48;2;3;0;2m[38;2;62;57;61m▎[48;2;1;1;3m[38;2;1;1;3m  [48;2;1;1;1m[38;2;1;1;1m                  [0m
[48;2;1;1;1m[38;2;1;1;1m                        [48;2;1;1;3m[38;2;1;1;3m  [48;2;3;1;6m[38;2;3;1;6m  [48;2;1;1;3m[38;2;1;1;3m    [48;2;6;1;5m[38;2;3;0;2m▊[48;2;16;11;15m[38;2;11;6;10m▌[48;2;215;77;102m[38;2;198;60;85m▎[48;2;218;80;105m[38;2;201;63;88m▊[48;2;211;73;98m[38;2;219;81;106m┃[48;2;236;98;123m[38;2;205;67;92m▌[48;2;160;155;159m[38;2;241;237;240m▊[48;2;10;6;9m[38;2;65;60;64m▎[48;2;3;1;6m[38;2;3;1;6m  [48;2;1;1;3m[38;2;1;1;3m  [48;2;1;1;1m[38;2;1;1;1m                [0m
[48;2;1;1;1m[38;2;1;1;1m                    [48;2;2;2;4m[38;2;2;2;4m  [48;2;3;1;6m[38;2;3;1;6m    [48;2;1;0;2m[38;2;7;5;8m▃▃[48;2;4;3;5m[38;2;45;43;46m▁▁[48;2;5;3;6m[38;2;46;44;47m▁▁[48;2;22;17;21m[38;2;219;215;218m▄[48;2;162;157;161m[38;2;239;235;238m▇[48;2;216;79;110m[38;2;247;228;221m▄[48;2;204;78;105m[38;2;0;0;0m [48;2;219;85;109m[38;2;198;64;88m▎[48;2;236;102;126m[38;2;214;80;104m▊[48;2;229;227;230m[38;2;248;247;249m╋[48;2;242;240;243m[38;2;189;187;190m▝[48;2;20;16;21m[38;2;206;201;207m▄[48;2;19;15;20m[38;2;0;0;0m [48;2;3;1;6m[38;2;3;1;6m  [48;2;1;1;3m[38;2;1;1;3m  [48;2;1;1;1m[38;2;1;1;1m              [0m
[48;2;1;1;1m[38;2;1;1;1m                [48;2;2;0;3m[38;2;2;0;3m  [48;2;3;1;4m[38;2;3;1;4m  [48;2;3;1;6m[38;2;3;1;6m    [48;2;9;3;3m[38;2;0;0;0m [48;2;49;19;26m[38;2;193;64;105m▗[48;2;197;67;95m[38;2;112;16;33m▁[48;2;219;198;191m[38;2;187;73;96m▄[48;2;238;234;235m[38;2;191;187;188m▁[48;2;244;241;242m[38;2;218;214;215m▁[48;2;207;205;208m[38;2;248;246;249m▇▇[48;2;250;250;252m[38;2;250;250;252m  [48;2;249;249;251m[38;2;249;249;251m  [48;2;248;248;250m[38;2;248;248;250m  [48;2;250;250;252m[38;2;250;250;252m  [48;2;245;243;246m[38;2;251;249;252m▌[48;2;246;244;246m[38;2;181;179;182m▝[48;2;22;18;21m[38;2;208;203;207m▄[48;2;21;17;20m[38;2;0;0;0m [48;2;3;1;6m[38;2;3;1;6m  [48;2;3;1;4m[38;2;3;1;4m  [48;2;1;1;3m[38;2;1;1;3m  [48;2;1;1;1m[38;2;1;1;1m          [0m
[48;2;1;1;1m[38;2;1;1;1m            [48;2;1;1;3m[38;2;1;1;3m  [48;2;3;1;6m[38;2;3;1;6m          [48;2;1;1;3m[38;2;1;1;3m  [48;2;4;2;7m[38;2;4;2;7m  [48;2;1;0;2m[38;2;66;64;67m [48;2;197;195;198m[38;2;12;11;13m▄[48;2;224;223;228m[38;2;13;12;17m▄▄[48;2;229;227;231m[38;2;11;9;14m▄[48;2;230;228;233m[38;2;27;25;30m▄[48;2;247;247;249m[38;2;247;247;249m  [48;2;250;250;252m[38;2;250;250;252m      [48;2;249;249;250m[38;2;238;238;240m╵[48;2;247;247;248m[38;2;183;183;185m▝[48;2;31;29;34m[38;2;196;195;199m▄[48;2;9;8;12m[38;2;0;0;0m [48;2;3;1;6m[38;2;3;1;6m  [48;2;1;1;1m[38;2;1;1;1m            [0m
[48;2;1;1;1m[38;2;1;1;1m            [48;2;3;1;6m[38;2;3;1;6m        [48;2;1;1;3m[38;2;1;1;3m    [48;2;3;1;6m[38;2;3;1;6m    [48;2;1;1;3m[38;2;1;1;3m  [48;2;3;1;6m[38;2;3;1;6m  [48;2;1;0;4m[38;2;7;5;10m▂[48;2;8;6;11m[38;2;21;19;24m▝[48;2;232;231;233m[38;2;45;43;46m▅[48;2;246;245;247m[38;2;221;219;221m▎[48;2;250;250;252m[38;2;250;250;252m        [48;2;130;128;131m[38;2;240;238;241m▊[48;2;16;14;17m[38;2;95;93;96m▁[48;2;3;1;4m[38;2;3;1;4m  [48;2;1;1;1m[38;2;1;1;1m            [0m
[48;2;1;1;1m[38;2;1;1;1m            [48;2;1;1;3m[38;2;1;1;3m  [48;2;3;1;6m[38;2;3;1;6m  [48;2;2;0;3m[38;2;2;0;3m  [48;2;1;1;1m[38;2;1;1;1m  [48;2;3;1;6m[38;2;3;1;6m      [48;2;1;1;3m[38;2;1;1;3m    [48;2;3;1;6m[38;2;3;1;6m    [48;2;61;56;60m[38;2;9;5;8m▊[48;2;231;227;230m[38;2;141;136;140m▁[48;2;250;250;252m[38;2;250;250;252m        [48;2;255;254;255m[38;2;255;253;255m┃[48;2;132;130;133m[38;2;241;239;242m▊[48;2;2;0;3m[38;2;2;0;3m  [48;2;1;1;1m[38;2;1;1;1m            [0m
[48;2;1;1;1m[38;2;1;1;1m              [48;2;2;0;3m[38;2;2;0;3m  [48;2;1;1;3m[38;2;1;1;3m    [48;2;3;1;6m[38;2;3;1;6m      [48;2;1;1;1m[38;2;1;1;1m  [48;2;3;1;6m[38;2;3;1;6m  [48;2;1;1;3m[38;2;1;1;3m  [48;2;2;0;3m[38;2;2;0;3m  [48;2;1;0;2m[38;2;7;5;8m│[48;2;66;64;67m[38;2;8;6;9m▊[48;2;236;235;237m[38;2;83;81;84m▁[48;2;243;241;244m[38;2;89;87;90m▁[48;2;243;242;244m[38;2;111;109;112m▁[48;2;233;231;234m[38;2;100;98;101m▁[48;2;234;229;231m[38;2;75;69;71m▅[48;2;237;233;235m[38;2;81;75;77m▅[48;2;247;247;249m[38;2;247;247;249m  [48;2;244;241;243m[38;2;121;94;103m▁[48;2;128;119;122m[38;2;231;224;227m▊[48;2;2;0;1m[38;2;2;0;1m  [48;2;1;1;1m[38;2;1;1;1m            [0m
[48;2;1;1;1m[38;2;1;1;1m                [48;2;3;1;4m[38;2;3;1;4m  [48;2;3;1;6m[38;2;3;1;6m  [48;2;2;0;3m[38;2;2;0;3m  [48;2;3;1;6m[38;2;3;1;6m  [48;2;2;0;3m[38;2;2;0;3m  [48;2;1;1;1m[38;2;1;1;1m  [48;2;3;1;6m[38;2;3;1;6m    [48;2;7;6;8m[38;2;0;0;0m [48;2;13;12;14m[38;2;154;152;155m▁[48;2;27;23;26m[38;2;172;167;171m▁[48;2;21;17;20m[38;2;218;214;218m▅[48;2;20;18;21m[38;2;230;228;231m▅▅[48;2;18;16;19m[38;2;229;228;230m▅[48;2;39;37;40m[38;2;234;232;235m▅[48;2;248;248;250m[38;2;248;248;250m  [48;2;252;250;252m[38;2;244;242;245m┃[48;2;152;150;153m[38;2;243;242;244m▊[48;2;18;9;8m[38;2;0;0;0m [48;2;161;54;85m[38;2;46;17;22m▅[48;2;55;23;29m[38;2;174;58;91m▖[48;2;11;5;3m[38;2;0;0;0m [48;2;1;1;1m[38;2;1;1;1m            [0m
[48;2;1;1;1m[38;2;1;1;1m                    [48;2;0;0;0m[38;2;0;0;0m  [48;2;1;1;3m[38;2;1;1;3m  [48;2;1;1;1m[38;2;1;1;1m  [48;2;1;1;3m[38;2;1;1;3m  [48;2;3;1;6m[38;2;3;1;6m  [48;2;5;3;8m[38;2;5;3;8m  [48;2;31;29;32m[38;2;213;212;214m▅[48;2;242;241;243m[38;2;0;0;0m [48;2;250;250;252m[38;2;250;250;252m        [48;2;245;243;246m[38;2;0;0;0m [48;2;205;203;206m[38;2;89;87;90m▁[48;2;5;3;8m[38;2;5;3;8m  [48;2;1;1;3m[38;2;1;1;3m  [48;2;1;1;1m[38;2;1;1;1m            [0m
[48;2;1;1;1m[38;2;1;1;1m                        [48;2;1;1;3m[38;2;1;1;3m  [48;2;3;1;6m[38;2;3;1;6m    [48;2;1;0;2m[38;2;3;1;4m▄[48;2;41;39;42m[38;2;210;208;211m▅[48;2;247;247;249m[38;2;247;247;249m  [48;2;250;250;252m[38;2;250;250;252m      [48;2;244;243;245m[38;2;0;0;0m [48;2;220;218;220m[38;2;65;63;66m▁[48;2;195;191;196m[38;2;27;22;28m▅[48;2;11;6;12m[38;2;3;0;4m┻[48;2;1;1;1m[38;2;1;1;1m                [0m
[48;2;1;1;1m[38;2;1;1;1m                    [48;2;2;0;3m[38;2;2;0;3m  [48;2;1;1;1m[38;2;1;1;1m  [48;2;3;1;6m[38;2;3;1;6m      [48;2;38;36;37m[38;2;6;5;5m▊[48;2;247;245;246m[38;2;161;159;160m▎[48;2;250;250;252m[38;2;250;250;252m    [48;2;248;248;250m[38;2;248;248;250m  [48;2;222;218;221m[38;2;38;33;37m▁[48;2;231;227;230m[38;2;29;24;28m▅[48;2;196;194;197m[38;2;15;14;16m▅[48;2;1;0;2m[38;2;15;13;16m▗[48;2;3;1;4m[38;2;3;1;4m  [48;2;1;1;3m[38;2;1;1;3m  [48;2;1;1;1m[38;2;1;1;1m              [0m
[48;2;1;1;1m[38;2;1;1;1m                  [48;2;1;1;3m[38;2;1;1;3m  [48;2;2;0;3m[38;2;2;0;3m  [48;2;1;1;3m[38;2;1;1;3m  [48;2;3;1;6m[38;2;3;1;6m    [48;2;2;0;3m[38;2;2;0;3m  [48;2;48;46;47m[38;2;1;0;0m▊[48;2;214;212;213m[38;2;47;45;46m▁[48;2;249;249;251m[38;2;249;249;251m  [48;2;250;250;252m[38;2;250;250;252m  [48;2;255;255;255m[38;2;247;247;249m▌[48;2;176;176;178m[38;2;247;247;248m▊[48;2;25;20;24m[38;2;191;186;190m▁[48;2;12;7;11m[38;2;0;0;0m [48;2;3;1;6m[38;2;3;1;6m    [48;2;2;0;3m[38;2;2;0;3m  [48;2;1;1;1m[38;2;1;1;1m              [0m
[48;2;1;1;1m[38;2;1;1;1m                  [48;2;2;0;3m[38;2;2;0;3m    [48;2;3;1;6m[38;2;3;1;6m      [48;2;1;1;3m[38;2;1;1;3m  [48;2;2;0;5m[38;2;9;7;12m┃[48;2;36;34;39m[38;2;1;0;4m▊[48;2;248;248;250m[38;2;205;205;207m▎[48;2;240;240;242m[38;2;252;252;253m┃[48;2;250;250;252m[38;2;250;250;252m    [48;2;238;236;239m[38;2;0;0;0m [48;2;48;46;49m[38;2;226;224;226m▅[48;2;28;23;29m[38;2;244;239;245m▁[48;2;20;16;21m[38;2;217;212;218m▁[48;2;3;1;6m[38;2;3;1;6m    [48;2;2;0;3m[38;2;2;0;3m  [48;2;1;1;1m[38;2;1;1;1m            [0m
[48;2;4;2;10m[38;2;23;2;126m▂▂▂▂▂▂▂▂▂▂▂▂▂▂▂▂▂▂[48;2;5;3;12m[38;2;24;2;129m▂▂[48;2;4;2;10m[38;2;23;2;126m▂▂[48;2;5;3;12m[38;2;24;2;129m▂▂▂▂▂▂[48;2;4;2;10m[38;2;23;2;126m▂▂[48;2;7;2;12m[38;2;25;2;127m▂[48;2;17;11;21m[38;2;36;12;139m▂[48;2;248;248;250m[38;2;205;205;207m▎[48;2;240;240;242m[38;2;252;252;253m┃[48;2;249;249;251m[38;2;249;249;251m  [48;2;234;232;241m[38;2;47;21;183m▁▁[48;2;249;249;251m[38;2;249;249;251m  [48;2;250;250;251m[38;2;0;0;0m [48;2;249;249;250m[38;2;211;211;213m▝[48;2;23;21;15m[38;2;193;186;203m▆[48;2;14;9;27m[38;2;53;25;175m▁[48;2;5;3;12m[38;2;24;2;129m▂▂▂▂[48;2;4;2;10m[38;2;23;2;126m▂▂▂▂▂▂▂▂▂▂▂▂[0m
[48;2;38;3;183m[38;2;38;3;183m                              [48;2;39;4;182m[38;2;39;4;182m  [48;2;248;247;251m[38;2;205;204;209m▎[48;2;240;239;244m[38;2;252;251;254m┃[48;2;255;255;255m[38;2;249;249;251m▌[48;2;231;231;233m▌[48;2;43;8;188m[38;2;73;42;195m▎[48;2;38;8;171m[38;2;44;7;201m▎[48;2;237;235;237m[38;2;64;41;183m▆[48;2;238;235;243m[38;2;89;70;181m▂[48;2;255;253;255m[38;2;247;245;248m▌[48;2;231;229;232m[38;2;249;247;250m▌[48;2;210;184;202m[38;2;203;67;97m▅[48;2;68;25;159m[38;2;198;61;98m▅[48;2;38;3;183m[38;2;38;3;183m                [0m
[48;2;38;3;183m[38;2;38;3;183m                              [48;2;39;4;184m[38;2;39;4;184m  [48;2;225;224;227m[38;2;70;52;179m▂[48;2;246;245;250m[38;2;0;0;0m [48;2;246;244;245m [48;2;238;235;238m[38;2;194;105;135m▂[48;2;38;4;179m[38;2;56;22;197m▌[48;2;41;7;182m[38;2;32;0;173m▌[48;2;38;4;181m[38;2;25;0;168m▘[48;2;43;8;186m[38;2;56;21;199m▝[48;2;218;220;237m[38;2;67;25;173m▆[48;2;240;226;211m[38;2;201;79;103m▆[48;2;221;71;98m[38;2;174;56;99m▗[48;2;192;67;98m[38;2;91;28;145m▃[48;2;38;3;183m[38;2;38;3;183m                [0m
[48;2;38;3;185m[38;2;38;3;185m                              [48;2;41;3;189m[38;2;60;13;175m▗[48;2;44;6;168m[38;2;158;56;123m▂[48;2;66;25;147m[38;2;197;68;95m▆[48;2;234;208;217m[38;2;207;77;110m▆[48;2;228;219;219m[38;2;142;52;119m▆[48;2;195;77;106m[38;2;72;8;168m▂[48;2;39;4;184m[38;2;39;4;184m  [48;2;42;5;181m[38;2;42;5;181m  [48;2;145;42;112m[38;2;38;22;159m▂[48;2;182;62;105m[38;2;55;15;167m▂[48;2;156;55;125m[38;2;42;6;170m▆[48;2;38;2;191m[38;2;58;12;178m▘[48;2;38;3;185m[38;2;38;3;185m                [0m
[48;2;38;3;185m[38;2;38;3;185m                              [48;2;38;5;189m[38;2;57;15;175m▝[48;2;155;57;123m[38;2;41;7;168m▆[48;2;174;72;96m[38;2;46;9;182m▆▆[48;2;39;4;184m[38;2;39;4;184m  [48;2;38;3;185m[38;2;38;3;185m                        [0m
[48;2;38;3;185m[38;2;38;3;185m                                                            [0m
[48;2;38;3;185m[38;2;38;3;185m                              [48;2;37;8;159m[38;2;7;0;27m▂[48;2;41;14;153m[38;2;11;4;25m▆[48;2;36;13;142m[38;2;5;3;13m▆▆▆▆[48;2;36;13;140m[38;2;5;3;12m▆▆[48;2;36;13;142m[38;2;5;3;13m▆▆▆▆[48;2;36;13;140m[38;2;5;3;12m▆▆[48;2;28;2;144m[38;2;17;9;33m▆[48;2;34;5;159m[38;2;23;14;47m▂[48;2;38;3;185m[38;2;38;3;185m              [0m
[48;2;38;3;185m[38;2;38;3;185m                              [48;2;31;19;68m[38;2;32;1;170m▆[48;2;16;8;35m[38;2;36;3;190m▂[48;2;8;3;24m[38;2;39;10;180m▂▂▂▂▂▂▂▂▂▂[48;2;8;6;11m[38;2;30;5;149m▃▃[48;2;17;7;46m[38;2;37;4;182m▂[48;2;32;17;85m[38;2;33;2;170m▆[48;2;38;3;185m[38;2;38;3;185m              [0m
[48;2;40;2;185m[38;2;40;2;185m                                                            [0m
[48;2;40;2;185m[38;2;40;2;185m                                                            [0m
