[48;2;1;1;1m[38;2;1;1;1m                                                            [0m
[48;2;1;1;1m[38;2;1;1;1m                                                            [0m
[48;2;1;1;1m[38;2;1;1;1m                                                            [0m
[48;2;1;1;1m[38;2;1;1;1m                                                            [0m
[48;2;1;1;1m[38;2;1;1;1m                            [48;2;1;1;3m[38;2;1;1;3m  [48;2;1;1;1m[38;2;1;1;1m    [38;2;11;11;11m▃▃▃▃[38;2;1;1;1m                      [0m
[48;2;1;1;1m[38;2;1;1;1m                        [48;2;1;1;3m[38;2;1;1;3m    [48;2;3;1;6m[38;2;3;1;6m  [48;2;2;0;3m[38;2;2;0;3m  [48;2;3;0;2m[38;2;13;8;12m▄[48;2;43;39;42m[38;2;221;217;220m▃[48;2;133;131;134m[38;2;236;234;236m▇[48;2;145;143;146m[38;2;243;242;244m▇[48;2;129;127;130m[38;2;242;241;243m▇[48;2;107;105;108m[38;2;237;236;238m▇[48;2;41;36;40m[38;2;216;212;215m▃[48;2;3;0;2m[38;2;8;3;7m▄[48;2;1;1;1m[38;2;1;1;1m                    [0m
[48;2;1;1;1m[38;2;1;1;1m                        [48;2;3;1;6m[38;2;3;1;6m      [48;2;1;1;3m[38;2;1;1;3m  [48;2;3;0;2m[38;2;18;13;17m━[48;2;83;78;82m[38;2;13;8;12m▇[48;2;210;138;147m[38;2;205;69;99m▇[48;2;196;88;109m[38;2;48;19;16m▄[48;2;203;127;139m[38;2;207;74;106m▆[48;2;247;230;223m[38;2;220;98;126m▄[48;2;161;156;160m[38;2;246;242;245m▊[48;2;3;0;2m[38;2;62;57;61m▎[48;2;1;1;3m[38;2;1;1;3m  [48;2;1;1;1m[38;2;1;1;1m                  [0m
[48;2;1;1;1m[38;2;1;1;1m                        [48;2;1;1;3m[38;2;1;1;3m  [48;2;3;1;6m[38;2;3;1;6m  [48;2;1;1;3m[38;2;1;1;3m    [48;2;6;1;5m[38;2;3;0;2m▊[48;2;16;11;15m[38;2;11;6;10m▌[48;2;215;77;102m[38;2;198;60;85m▎[48;2;218;80;105m[38;2;201;63;88m▊[48;2;211;73;98m[38;2;219;81;106m┃[48;2;236;98;123m[38;2;205;67;92m▌[48;2;160;155;159m[38;2;241;237;240m▊[48;2;10;6;9m[38;2;65;60;64m▎[48;2;3;1;6m[38;2;3;1;6m  [48;2;1;1;3m[38;2;1;1;3m  [48;2;1;1;1m[38;2;1;1;1m                [0m
[48;2;1;1;1m[38;2;1;1;1m                    [48;2;2;2;4m[38;2;2;2;4m  [48;2;3;1;6m[38;2;3;1;6m    [48;2;5;3;6m[38;2;5;3;6m  [48;2;4;3;5m[38;2;45;43;46m▁▁[48;2;19;17;20m[38;2;0;0;0m [48;2;14;12;15m[38;2;210;208;211m▄[48;2;32;27;31m[38;2;229;224;228m▄[48;2;161;156;160m[38;2;239;235;238m▇[48;2;216;79;110m[38;2;247;228;221m▄[48;2;204;78;105m[38;2;0;0;0m [48;2;219;85;109m[38;2;198;64;88m▎[48;2;236;102;126m[38;2;214;80;104m▊[48;2;229;227;230m[38;2;248;247;249m╋[48;2;242;240;243m[38;2;189;187;190m▝[48;2;20;16;21m[38;2;206;201;207m▄[48;2;19;15;20m[38;2;0;0;0m [48;2;5;3;8m[38;2;5;3;8m  [48;2;1;1;3m[38;2;1;1;3m  [48;2;1;1;1m[38;2;1;1;1m              [0m
[48;2;1;1;1m[38;2;1;1;1m                [48;2;2;0;3m[38;2;2;0;3m  [48;2;3;1;4m[38;2;3;1;4m  [48;2;3;1;6m[38;2;3;1;6m  [48;2;1;0;4m[38;2;55;53;58m▁▁[48;2;19;17;20m[38;2;200;199;201m▄[48;2;22;20;23m[38;2;235;233;236m▄[48;2;28;27;29m[38;2;234;233;235m▄[48;2;225;223;226m[38;2;0;0;0m [48;2;208;206;209m[38;2;249;247;249m▇▇[48;2;232;232;234m[38;2;251;251;252m▅[48;2;248;248;250m[38;2;243;243;245m▚[48;2;250;250;252m[38;2;250;250;252m  [48;2;249;249;251m[38;2;249;249;251m  [48;2;248;248;250m[38;2;248;248;250m  [48;2;250;250;252m[38;2;250;250;252m  [48;2;238;238;240m[38;2;248;248;249m▆[48;2;224;224;226m[38;2;251;251;252m▆[48;2;225;223;226m[38;2;0;0;0m [48;2;33;31;34m[38;2;207;206;208m▄[48;2;6;5;7m[38;2;26;24;27m▃[48;2;2;0;3m[38;2;1;0;2m▗[48;2;3;1;4m[38;2;3;1;4m  [48;2;1;1;3m[38;2;1;1;3m  [48;2;1;1;1m[38;2;1;1;1m          [0m
[48;2;1;1;1m[38;2;1;1;1m            [48;2;1;1;3m[38;2;1;1;3m  [48;2;3;1;6m[38;2;3;1;6m    [48;2;7;2;8m[38;2;7;2;8m  [48;2;23;10;15m[38;2;156;61;72m▄[48;2;21;8;12m[38;2;203;62;88m▄[48;2;197;182;182m[38;2;180;61;95m▄[48;2;243;227;228m[38;2;147;145;140m▁[48;2;248;247;249m[38;2;150;148;151m▁▁▁▁[48;2;230;228;231m[38;2;39;38;40m▄[48;2;220;218;221m[38;2;15;13;16m▄[48;2;224;223;228m[38;2;13;12;17m▄▄[48;2;229;227;231m[38;2;11;9;14m▄[48;2;230;228;233m[38;2;27;25;30m▄[48;2;247;247;249m[38;2;247;247;249m  [48;2;250;250;252m[38;2;250;250;252m        [48;2;229;227;230m[38;2;0;0;0m [48;2;26;24;27m[38;2;208;206;209m▄[48;2;8;6;11m[38;2;77;75;80m▁[48;2;1;0;4m[38;2;12;10;15m━[48;2;1;1;1m[38;2;1;1;1m            [0m
[48;2;1;1;1m[38;2;1;1;1m            [48;2;3;1;6m[38;2;3;1;6m      [48;2;6;6;4m[38;2;0;0;0m [48;2;33;14;17m[38;2;194;53;99m▝[48;2;216;71;96m[38;2;29;10;14m▅▅[48;2;11;3;5m[38;2;48;39;42m▘[48;2;8;0;2m[38;2;6;0;0m▘[48;2;5;3;8m[38;2;5;3;8m    [48;2;1;1;3m[38;2;1;1;3m  [48;2;3;1;6m[38;2;3;1;6m  [48;2;13;11;16m[38;2;2;0;5m┃[48;2;48;46;51m[38;2;5;3;8m▊[48;2;236;234;237m[38;2;154;152;155m▁[48;2;248;246;249m[38;2;234;232;235m╺[48;2;250;250;252m[38;2;250;250;252m          [48;2;110;108;109m[38;2;239;237;238m▊[48;2;1;0;0m[38;2;24;22;23m▎[48;2;1;1;1m[38;2;1;1;1m            [0m
[48;2;1;1;1m[38;2;1;1;1m            [48;2;1;1;3m[38;2;1;1;3m  [48;2;3;1;6m[38;2;3;1;6m  [48;2;2;0;3m[38;2;2;0;3m  [48;2;1;1;1m[38;2;1;1;1m  [48;2;3;1;6m[38;2;3;1;6m      [48;2;1;1;3m[38;2;1;1;3m    [48;2;3;1;6m[38;2;3;1;6m    [48;2;68;63;67m[38;2;8;3;7m▊[48;2;251;246;250m[38;2;192;187;191m▎[48;2;250;250;252m[38;2;250;250;252m        [48;2;251;249;251m[38;2;240;238;241m▎[48;2;185;183;186m[38;2;245;243;245m▊[48;2;197;195;196m[38;2;23;22;22m▅[48;2;1;0;0m[38;2;15;13;14m▄[48;2;1;1;1m[38;2;1;1;1m            [0m
[48;2;1;1;1m[38;2;1;1;1m              [48;2;2;0;3m[38;2;2;0;3m  [48;2;1;1;3m[38;2;1;1;3m    [48;2;3;1;6m[38;2;3;1;6m      [48;2;1;1;1m[38;2;1;1;1m  [48;2;3;1;6m[38;2;3;1;6m  [48;2;1;1;3m[38;2;1;1;3m  [48;2;2;0;3m[38;2;2;0;3m  [48;2;14;10;13m[38;2;0;0;0m [48;2;228;224;227m[38;2;42;37;41m▅[48;2;243;241;243m[38;2;88;86;89m▁▁[48;2;243;242;244m[38;2;111;109;112m▁[48;2;233;231;234m[38;2;100;98;101m▁[48;2;234;229;231m[38;2;75;69;71m▅[48;2;237;233;235m[38;2;81;75;77m▅[48;2;248;246;249m[38;2;230;228;231m▎[48;2;192;190;193m[38;2;248;246;248m▊[48;2;232;227;231m[38;2;33;28;32m▅[48;2;207;203;206m[38;2;24;20;23m▅[48;2;1;1;3m[38;2;1;1;3m  [48;2;1;1;1m[38;2;1;1;1m            [0m
[48;2;1;1;1m[38;2;1;1;1m                [48;2;3;1;4m[38;2;3;1;4m  [48;2;3;1;6m[38;2;3;1;6m  [48;2;2;0;3m[38;2;2;0;3m  [48;2;3;1;6m[38;2;3;1;6m  [48;2;2;0;3m[38;2;2;0;3m  [48;2;1;1;1m[38;2;1;1;1m  [48;2;3;1;6m[38;2;3;1;6m    [48;2;14;9;13m[38;2;158;153;157m▁[48;2;22;17;21m[38;2;185;180;184m▁[48;2;19;18;20m[38;2;225;223;226m▅▅[48;2;20;18;21m[38;2;230;228;231m▅▅[48;2;18;16;19m[38;2;229;228;230m▅[48;2;39;37;40m[38;2;234;232;235m▅[48;2;248;248;250m[38;2;248;248;250m  [48;2;252;250;252m[38;2;244;242;245m┃[48;2;152;150;153m[38;2;243;242;244m▊[48;2;4;2;5m[38;2;4;2;5m  [48;2;1;1;1m[38;2;1;1;1m              [0m
[48;2;1;1;1m[38;2;1;1;1m                    [48;2;0;0;0m[38;2;0;0;0m  [48;2;1;1;3m[38;2;1;1;3m  [48;2;1;1;1m[38;2;1;1;1m  [48;2;1;1;3m[38;2;1;1;3m  [48;2;3;1;6m[38;2;3;1;6m  [48;2;22;18;21m[38;2;167;162;166m▁[48;2;33;29;32m[38;2;217;213;216m▅[48;2;241;241;243m[38;2;251;251;252m▄[48;2;250;250;251m[38;2;240;240;242m▃[48;2;250;250;252m[38;2;250;250;252m        [48;2;191;186;190m[38;2;245;241;244m▊[48;2;195;190;194m[38;2;28;24;27m▅[48;2;4;2;7m[38;2;4;2;7m  [48;2;1;1;3m[38;2;1;1;3m  [48;2;1;1;1m[38;2;1;1;1m            [0m
[48;2;1;1;1m[38;2;1;1;1m                        [48;2;1;1;3m[38;2;1;1;3m  [48;2;3;1;6m[38;2;3;1;6m  [48;2;4;2;7m[38;2;4;2;7m  [48;2;248;247;252m[38;2;147;146;151m▎[48;2;255;254;255m[38;2;234;233;238m│[48;2;250;250;252m[38;2;250;250;252m      [48;2;248;248;250m[38;2;248;248;250m  [48;2;235;234;236m[38;2;47;45;48m▁[48;2;224;223;225m[38;2;46;44;47m▁[48;2;195;191;196m[38;2;27;22;28m▅[48;2;11;6;12m[38;2;3;0;4m┻[48;2;1;1;1m[38;2;1;1;1m                [0m
[48;2;1;1;1m[38;2;1;1;1m                    [48;2;2;0;3m[38;2;2;0;3m  [48;2;1;1;1m[38;2;1;1;1m  [48;2;3;1;6m[38;2;3;1;6m    [48;2;4;2;7m[38;2;4;2;7m  [48;2;248;247;252m[38;2;147;146;151m▎[48;2;255;254;255m[38;2;234;233;238m│[48;2;250;250;252m[38;2;250;250;252m      [48;2;194;189;193m[38;2;248;244;247m▊[48;2;197;192;196m[38;2;31;27;30m▅[48;2;4;2;7m[38;2;4;2;7m  [48;2;3;1;4m[38;2;3;1;4m  [48;2;1;1;3m[38;2;1;1;3m  [48;2;1;1;1m[38;2;1;1;1m              [0m
[48;2;1;1;1m[38;2;1;1;1m                  [48;2;1;1;3m[38;2;1;1;3m  [48;2;2;0;3m[38;2;2;0;3m  [48;2;1;1;3m[38;2;1;1;3m  [48;2;3;1;6m[38;2;3;1;6m    [48;2;4;2;5m[38;2;4;2;5m  [48;2;210;208;212m[38;2;37;35;40m▁[48;2;243;241;244m[38;2;0;0;0m [48;2;250;250;252m[38;2;250;250;252m      [48;2;237;235;237m[38;2;0;0;0m [48;2;46;44;47m[38;2;225;223;225m▅[48;2;25;21;26m[38;2;188;183;189m▁[48;2;11;7;12m[38;2;0;0;0m [48;2;3;1;6m[38;2;3;1;6m  [48;2;2;0;3m[38;2;2;0;3m  [48;2;1;1;1m[38;2;1;1;1m              [0m
[48;2;1;1;1m[38;2;1;1;1m                  [48;2;2;0;3m[38;2;2;0;3m    [48;2;3;1;6m[38;2;3;1;6m      [48;2;1;1;3m[38;2;1;1;3m  [48;2;38;36;39m[38;2;6;5;7m▊[48;2;247;245;248m[38;2;161;159;162m▎[48;2;250;250;252m[38;2;250;250;252m        [48;2;239;237;239m[38;2;0;0;0m [48;2;43;41;44m[38;2;221;220;222m▅[48;2;18;16;21m[38;2;201;199;204m▁[48;2;1;0;4m[38;2;4;2;7m▄[48;2;3;1;6m[38;2;3;1;6m  [48;2;2;0;3m[38;2;2;0;3m  [48;2;1;1;1m[38;2;1;1;1m            [0m
[48;2;4;2;10m[38;2;23;2;126m▂▂▂▂▂▂▂▂▂▂▂▂▂▂▂▂▂▂[48;2;5;3;12m[38;2;24;2;129m▂▂[48;2;4;2;10m[38;2;23;2;126m▂▂[48;2;5;3;12m[38;2;24;2;129m▂▂▂▂▂▂[48;2;5;3;11m[38;2;24;3;127m▂▂[48;2;17;15;18m[38;2;177;175;178m▂[48;2;245;244;246m[38;2;173;171;174m▎[48;2;250;250;252m[38;2;250;250;252m  [48;2;252;252;253m[38;2;244;244;246m┃[48;2;236;236;238m[38;2;255;255;255m▌[48;2;206;205;200m[38;2;42;32;84m▅[48;2;227;224;234m[38;2;45;16;184m▁[48;2;249;249;251m[38;2;249;249;251m  [48;2;250;250;252m[38;2;250;250;252m  [48;2;237;235;237m[38;2;0;0;0m [48;2;50;48;51m[38;2;218;216;219m▅[48;2;6;3;13m[38;2;25;3;130m▂▂[48;2;5;3;12m[38;2;24;2;129m▂▂[48;2;4;2;10m[38;2;23;2;126m▂▂▂▂▂▂▂▂▂▂▂▂[0m
[48;2;38;3;183m[38;2;38;3;183m                              [48;2;247;246;250m[38;2;176;175;181m▎[48;2;247;246;252m[38;2;255;254;255m▌[48;2;250;250;252m[38;2;250;250;252m  [48;2;243;242;247m[38;2;0;0;0m [48;2;235;234;234m[38;2;81;61;186m▂[48;2;42;8;187m[38;2;72;41;194m▎[48;2;36;8;170m[38;2;42;8;199m▎[48;2;237;235;237m[38;2;64;41;183m▆[48;2;238;235;243m[38;2;89;70;181m▂[48;2;250;250;252m[38;2;250;250;252m  [48;2;250;249;252m[38;2;0;0;0m [48;2;249;248;251m[38;2;211;210;215m▝[48;2;45;24;175m[38;2;205;195;228m▆[48;2;44;12;190m[38;2;34;10;161m▖[48;2;38;3;183m[38;2;38;3;183m              [0m
[48;2;38;3;183m[38;2;38;3;183m                              [48;2;222;221;225m[38;2;67;48;175m▂[48;2;244;242;249m[38;2;0;0;0m [48;2;247;244;246m [48;2;239;236;238m[38;2;198;110;140m▂[48;2;213;204;234m[38;2;54;27;181m▆[48;2;39;9;180m[38;2;0;0;0m [48;2;38;3;183m[38;2;38;3;183m  [48;2;35;2;178m[38;2;46;11;189m▄[48;2;46;11;189m[38;2;35;2;178m▄[48;2;233;230;236m[38;2;61;37;182m▆[48;2;236;233;243m[38;2;85;66;180m▂[48;2;253;250;251m[38;2;246;242;243m┃[48;2;238;234;235m[38;2;255;254;255m▌[48;2;222;192;224m[38;2;207;79;104m▆[48;2;41;17;150m[38;2;173;64;109m▆[48;2;38;3;185m[38;2;38;3;185m  [48;2;38;3;183m[38;2;38;3;183m            [0m
[48;2;38;3;185m[38;2;38;3;185m                            [48;2;38;3;190m[38;2;58;12;176m▗[48;2;42;6;169m[38;2;156;55;123m▂[48;2;47;21;161m[38;2;203;68;109m▆[48;2;213;204;211m[38;2;207;76;99m▆[48;2;223;189;193m[38;2;146;40;122m▅[48;2;189;67;96m[38;2;62;16;170m▂[48;2;39;4;182m[38;2;39;4;182m  [48;2;38;3;185m[38;2;38;3;185m    [48;2;38;4;181m[38;2;25;0;168m▘[48;2;43;8;186m[38;2;56;21;199m▝[48;2;211;215;240m[38;2;59;24;165m▆[48;2;240;210;218m[38;2;211;73;97m▆[48;2;212;69;98m[38;2;0;0;0m [48;2;97;34;143m[38;2;191;70;93m┛[48;2;38;3;185m[38;2;38;3;185m              [0m
[48;2;38;3;185m[38;2;38;3;185m                            [48;2;36;5;191m[38;2;56;15;177m▝[48;2;154;57;124m[38;2;40;7;170m▆[48;2;186;66;96m[38;2;43;11;182m▆▆[48;2;41;3;184m[38;2;41;3;184m  [48;2;38;3;185m[38;2;38;3;185m        [48;2;148;48;109m[38;2;53;17;174m▂[48;2;186;59;97m[38;2;45;15;177m▂[48;2;153;56;123m[38;2;39;7;169m▆[48;2;35;4;190m[38;2;55;14;176m▘[48;2;38;3;185m[38;2;38;3;185m              [0m
[48;2;38;3;185m[38;2;38;3;185m                                                            [0m
[48;2;38;3;185m[38;2;38;3;185m                          [48;2;38;3;183m[38;2;38;3;183m  [48;2;34;5;164m[38;2;14;7;27m▂[48;2;33;3;161m[38;2;13;6;27m▆[48;2;35;12;139m[38;2;5;3;11m▆▆[48;2;36;13;142m[38;2;5;3;13m▆▆▆▆[48;2;36;13;140m[38;2;5;3;12m▆▆[48;2;36;13;142m[38;2;5;3;13m▆▆▆▆[48;2;36;13;140m[38;2;5;3;12m▆▆[48;2;38;14;148m[38;2;7;4;18m▆▆[48;2;38;5;171m[38;2;28;16;57m▂[48;2;33;2;176m[38;2;43;5;204m▗[48;2;38;3;185m[38;2;38;3;185m            [0m
[48;2;38;3;185m[38;2;38;3;185m                            [48;2;31;16;84m[38;2;32;2;169m▆[48;2;16;6;45m[38;2;36;3;181m▂[48;2;8;3;24m[38;2;39;10;180m▂▂▂▂▂▂▂▂▂▂▂▂[48;2;8;6;11m[38;2;30;5;149m▃▃[48;2;9;7;15m[38;2;32;6;156m▃▃[48;2;37;18;95m[38;2;37;2;180m▆[48;2;37;3;172m[38;2;37;0;199m▝[48;2;38;3;185m[38;2;38;3;185m            [0m
[48;2;40;2;185m[38;2;40;2;185m                                                            [0m
[48;2;40;2;185m[38;2;40;2;185m                                                            [0m
