[48;2;1;1;1m[38;2;1;1;1m                                                            [0m
[48;2;1;1;1m[38;2;1;1;1m                                                            [0m
[48;2;1;1;1m[38;2;1;1;1m                                                            [0m
[48;2;1;1;1m[38;2;1;1;1m                                                            [0m
[48;2;1;1;1m[38;2;1;1;1m                            [48;2;1;1;3m[38;2;1;1;3m  [48;2;1;1;1m[38;2;1;1;1m    [38;2;11;11;11m▃▃▃▃[38;2;1;1;1m                      [0m
[48;2;1;1;1m[38;2;1;1;1m                        [48;2;1;1;3m[38;2;1;1;3m    [48;2;3;1;6m[38;2;3;1;6m  [48;2;2;0;3m[38;2;2;0;3m  [48;2;3;0;2m[38;2;13;8;12m▄[48;2;43;39;42m[38;2;221;217;220m▃[48;2;133;131;134m[38;2;236;234;236m▇[48;2;145;143;146m[38;2;243;242;244m▇[48;2;129;127;130m[38;2;242;241;243m▇[48;2;107;105;108m[38;2;237;236;238m▇[48;2;41;36;40m[38;2;216;212;215m▃[48;2;3;0;2m[38;2;8;3;7m▄[48;2;1;1;1m[38;2;1;1;1m                    [0m
[48;2;1;1;1m[38;2;1;1;1m                        [48;2;3;1;6m[38;2;3;1;6m      [48;2;1;1;3m[38;2;1;1;3m  [48;2;3;0;2m[38;2;18;13;17m━[48;2;83;78;82m[38;2;13;8;12m▇[48;2;210;138;147m[38;2;205;69;99m▇[48;2;196;88;109m[38;2;48;19;16m▄[48;2;203;127;139m[38;2;207;74;106m▆[48;2;247;230;223m[38;2;220;98;126m▄[48;2;161;156;160m[38;2;246;242;245m▊[48;2;3;0;2m[38;2;62;57;61m▎[48;2;1;1;3m[38;2;1;1;3m  [48;2;1;1;1m[38;2;1;1;1m                  [0m
[48;2;1;1;1m[38;2;1;1;1m                        [48;2;1;1;3m[38;2;1;1;3m  [48;2;3;1;6m[38;2;3;1;6m  [48;2;1;1;3m[38;2;1;1;3m    [48;2;6;1;5m[38;2;3;0;2m▊[48;2;16;11;15m[38;2;11;6;10m▌[48;2;215;77;102m[38;2;198;60;85m▎[48;2;218;80;105m[38;2;201;63;88m▊[48;2;211;73;98m[38;2;219;81;106m┃[48;2;236;98;123m[38;2;205;67;92m▌[48;2;160;155;159m[38;2;241;237;240m▊[48;2;10;6;9m[38;2;65;60;64m▎[48;2;3;1;4m[38;2;13;11;14m▃▃[48;2;1;1;3m[38;2;1;1;3m  [48;2;1;1;1m[38;2;1;1;1m                [0m
[48;2;1;1;1m[38;2;1;1;1m                    [48;2;2;2;4m[38;2;2;2;4m  [48;2;3;1;6m[38;2;3;1;6m    [48;2;1;1;3m[38;2;1;1;3m  [48;2;4;3;5m[38;2;45;43;46m▁▁[48;2;19;17;20m[38;2;0;0;0m [48;2;14;12;15m[38;2;210;208;211m▄[48;2;32;27;31m[38;2;229;224;228m▄[48;2;161;156;160m[38;2;239;235;238m▇[48;2;216;79;110m[38;2;247;228;221m▄[48;2;204;78;105m[38;2;0;0;0m [48;2;219;85;109m[38;2;198;64;88m▎[48;2;236;102;126m[38;2;214;80;104m▊[48;2;243;243;245m[38;2;229;229;231m╸[48;2;178;178;180m[38;2;247;247;249m▇[48;2;173;171;174m[38;2;244;243;245m▇[48;2;151;149;152m[38;2;239;238;240m▇[48;2;24;19;23m[38;2;233;228;232m▄[48;2;17;13;16m[38;2;205;200;204m▄[48;2;2;2;4m[38;2;2;2;4m  [48;2;1;1;1m[38;2;1;1;1m              [0m
[48;2;1;1;1m[38;2;1;1;1m                [48;2;2;0;3m[38;2;2;0;3m  [48;2;3;1;4m[38;2;3;1;4m  [48;2;3;1;6m[38;2;3;1;6m    [48;2;4;2;5m[38;2;7;5;8m▗[48;2;2;1;3m[38;2;18;16;19m▃[48;2;21;19;22m[38;2;204;202;205m▄[48;2;23;21;24m[38;2;235;233;235m▄[48;2;232;230;232m[38;2;0;0;0m [48;2;209;207;210m[38;2;243;241;244m▇[48;2;232;232;234m[38;2;251;251;252m▅[48;2;248;248;250m[38;2;243;243;245m▚[48;2;250;250;252m[38;2;250;250;252m  [48;2;249;249;251m[38;2;249;249;251m  [48;2;248;248;250m[38;2;248;248;250m  [48;2;250;250;252m[38;2;250;250;252m    [48;2;249;249;251m[38;2;255;255;255m▌[48;2;245;245;247m[38;2;191;191;193m▝[48;2;29;25;28m[38;2;235;230;234m▄[48;2;21;17;20m[38;2;210;206;209m▄[48;2;3;1;4m[38;2;19;17;20m▃[48;2;8;6;9m[38;2;3;2;4m▚[48;2;1;1;3m[38;2;1;1;3m  [48;2;1;1;1m[38;2;1;1;1m          [0m
[48;2;1;1;1m[38;2;1;1;1m            [48;2;1;1;3m[38;2;1;1;3m  [48;2;3;1;6m[38;2;3;1;6m      [48;2;1;1;3m[38;2;1;1;3m  [48;2;4;2;3m[38;2;4;2;3m  [48;2;28;23;27m[38;2;198;194;197m▄[48;2;223;219;222m[38;2;0;0;0m [48;2;246;245;247m[38;2;166;164;167m▁▁[48;2;242;240;242m[38;2;152;150;153m▁[48;2;228;226;229m[38;2;48;46;49m▄[48;2;224;223;228m[38;2;13;12;17m▄▄[48;2;228;226;229m[38;2;31;29;32m▄[48;2;234;232;235m[38;2;154;152;155m▁[48;2;250;250;252m[38;2;250;250;252m            [48;2;226;225;227m[38;2;0;0;0m [48;2;26;24;27m[38;2;199;197;200m▄[48;2;1;1;1m[38;2;1;1;1m            [0m
[48;2;1;1;1m[38;2;1;1;1m            [48;2;3;1;6m[38;2;3;1;6m      [48;2;3;1;4m[38;2;3;1;4m  [48;2;1;1;3m[38;2;1;1;3m  [48;2;4;4;6m[38;2;18;2;9m┏[48;2;187;64;83m[38;2;49;25;21m▎[48;2;240;194;204m[38;2;182;66;100m▄[48;2;221;214;211m[38;2;38;20;19m▄[48;2;25;23;26m[38;2;0;0;0m [48;2;4;3;5m[38;2;17;15;18m▎[48;2;2;2;4m[38;2;2;2;4m  [48;2;3;1;6m[38;2;3;1;6m  [48;2;15;13;18m[38;2;1;0;4m▊[48;2;58;56;61m[38;2;8;7;11m▊[48;2;255;255;255m[38;2;236;236;238m▌[48;2;252;252;253m[38;2;244;244;246m┃[48;2;250;250;252m[38;2;250;250;252m      [48;2;229;227;230m[38;2;0;0;0m [48;2;215;213;215m[38;2;24;23;25m▄[48;2;186;184;187m[38;2;55;53;56m┓[48;2;244;242;245m[38;2;242;241;243m▄[48;2;250;248;250m[38;2;250;248;250m▄[48;2;84;82;85m[38;2;247;245;248m▊[48;2;1;1;3m[38;2;1;1;3m  [48;2;1;1;1m[38;2;1;1;1m          [0m
[48;2;1;1;1m[38;2;1;1;1m            [48;2;1;1;3m[38;2;1;1;3m  [48;2;3;1;6m[38;2;3;1;6m  [48;2;2;0;3m[38;2;2;0;3m  [48;2;1;1;1m[38;2;1;1;1m  [48;2;3;1;6m[38;2;3;1;6m      [48;2;1;1;3m[38;2;1;1;3m    [48;2;3;1;6m[38;2;3;1;6m  [48;2;13;11;16m[38;2;2;0;5m┃[48;2;48;46;51m[38;2;5;3;8m▊[48;2;237;235;238m[38;2;125;123;126m▁[48;2;246;244;246m[38;2;0;0;0m [48;2;250;250;252m[38;2;250;250;252m    [48;2;249;249;251m[38;2;249;249;251m  [48;2;122;120;121m[38;2;225;223;224m▊[48;2;1;0;0m[38;2;34;32;33m▎[48;2;141;139;142m[38;2;1;0;2m▊[48;2;254;252;255m[38;2;253;251;254m▄[48;2;182;180;181m[38;2;242;240;241m▊[48;2;194;192;193m[38;2;30;28;29m▅[48;2;1;1;1m[38;2;1;1;1m            [0m
[48;2;1;1;1m[38;2;1;1;1m              [48;2;2;0;3m[38;2;2;0;3m  [48;2;1;1;3m[38;2;1;1;3m    [48;2;3;1;6m[38;2;3;1;6m      [48;2;1;1;1m[38;2;1;1;1m  [48;2;3;1;6m[38;2;3;1;6m  [48;2;1;1;3m[38;2;1;1;3m  [48;2;2;0;3m[38;2;2;0;3m  [48;2;59;54;58m[38;2;7;3;6m▊[48;2;230;226;230m[38;2;112;107;111m▁[48;2;244;242;245m[38;2;90;88;91m▁▁[48;2;235;231;234m[38;2;84;79;83m▁[48;2;232;228;231m[38;2;77;72;76m▅[48;2;234;231;232m[38;2;58;54;55m▅[48;2;213;209;210m[38;2;63;59;60m▅[48;2;4;0;0m[38;2;10;4;6m▘[48;2;11;6;7m[38;2;33;27;29m▗[48;2;47;41;44m[38;2;206;66;93m▅[48;2;227;182;194m[38;2;171;73;81m▃[48;2;199;197;200m[38;2;18;17;19m▅[48;2;1;0;2m[38;2;45;43;46m [48;2;1;1;1m[38;2;1;1;1m            [0m
[48;2;1;1;1m[38;2;1;1;1m                [48;2;3;1;4m[38;2;3;1;4m  [48;2;3;1;6m[38;2;3;1;6m  [48;2;2;0;3m[38;2;2;0;3m  [48;2;3;1;6m[38;2;3;1;6m  [48;2;2;0;3m[38;2;2;0;3m  [48;2;1;1;1m[38;2;1;1;1m  [48;2;3;1;6m[38;2;3;1;6m    [48;2;1;0;2m[38;2;4;2;5m▄[48;2;22;20;23m[38;2;157;155;158m▁[48;2;20;18;21m[38;2;226;224;227m▅▅[38;2;230;228;231m▅▅[48;2;41;39;42m[38;2;233;232;234m▅[48;2;255;254;255m[38;2;249;247;250m▄[48;2;249;249;250m[38;2;232;232;234m╵[48;2;238;238;239m[38;2;0;0;0m [48;2;24;18;20m[38;2;206;201;203m▅[48;2;17;12;13m[38;2;0;0;0m [48;2;207;72;97m[38;2;15;10;12m▅[48;2;165;57;73m[38;2;20;5;11m▅[48;2;1;1;1m[38;2;1;1;1m              [0m
[48;2;1;1;1m[38;2;1;1;1m                    [48;2;0;0;0m[38;2;0;0;0m  [48;2;1;1;3m[38;2;1;1;3m  [48;2;1;1;1m[38;2;1;1;1m  [48;2;1;1;3m[38;2;1;1;3m  [48;2;3;1;6m[38;2;3;1;6m  [38;2;1;0;4m▊[48;2;13;11;16m[38;2;8;6;11m▌[48;2;37;35;38m[38;2;218;216;218m▅[48;2;239;237;239m[38;2;0;0;0m [48;2;250;250;252m[38;2;250;250;252m      [48;2;248;248;250m[38;2;248;248;250m  [48;2;111;106;110m[38;2;214;210;214m▊[48;2;3;0;2m[38;2;8;3;7m▄[48;2;3;1;6m[38;2;3;1;6m  [48;2;1;1;3m[38;2;1;1;3m  [48;2;1;1;1m[38;2;1;1;1m            [0m
[48;2;1;1;1m[38;2;1;1;1m                        [48;2;1;1;3m[38;2;1;1;3m  [48;2;3;1;6m[38;2;3;1;6m    [48;2;28;26;29m[38;2;6;5;7m▊[48;2;38;36;39m[38;2;212;210;213m▅[48;2;247;247;249m[38;2;247;247;249m  [48;2;250;250;252m[38;2;250;250;252m      [48;2;245;243;246m[38;2;0;0;0m [48;2;205;203;206m[38;2;89;87;90m▁[48;2;5;3;8m[38;2;5;3;8m  [48;2;1;1;1m[38;2;1;1;1m                [0m
[48;2;1;1;1m[38;2;1;1;1m                    [48;2;2;0;3m[38;2;2;0;3m  [48;2;1;1;1m[38;2;1;1;1m  [48;2;3;1;6m[38;2;3;1;6m    [48;2;4;2;7m[38;2;4;2;7m  [48;2;41;39;44m[38;2;213;211;215m▅[48;2;239;238;241m[38;2;0;0;0m [48;2;250;250;252m[38;2;250;250;252m      [48;2;248;248;250m[38;2;248;248;250m  [48;2;131;126;130m[38;2;211;207;210m▊[48;2;5;2;4m[38;2;53;48;52m▎[48;2;3;1;4m[38;2;3;1;4m  [48;2;1;1;3m[38;2;1;1;3m  [48;2;1;1;1m[38;2;1;1;1m              [0m
[48;2;1;1;1m[38;2;1;1;1m                  [48;2;1;1;3m[38;2;1;1;3m  [48;2;2;0;3m[38;2;2;0;3m  [48;2;1;1;3m[38;2;1;1;3m  [48;2;3;1;6m[38;2;3;1;6m    [48;2;4;2;5m[38;2;4;2;5m  [48;2;248;247;252m[38;2;147;146;151m▎[48;2;255;254;255m[38;2;234;233;238m│[48;2;250;250;252m[38;2;250;250;252m      [48;2;190;188;191m[38;2;246;244;246m▊[48;2;193;191;194m[38;2;27;25;28m▅[48;2;4;2;7m[38;2;4;2;7m  [48;2;3;1;6m[38;2;3;1;6m  [48;2;2;0;3m[38;2;2;0;3m  [48;2;1;1;1m[38;2;1;1;1m              [0m
[48;2;1;1;1m[38;2;1;1;1m                  [48;2;2;0;3m[38;2;2;0;3m    [48;2;3;1;6m[38;2;3;1;6m      [48;2;3;1;4m[38;2;3;1;4m  [48;2;208;206;211m[38;2;36;34;39m▁[48;2;241;240;243m[38;2;0;0;0m [48;2;250;250;252m[38;2;250;250;252m      [48;2;239;237;239m[38;2;0;0;0m [48;2;46;45;47m[38;2;233;232;234m▅[48;2;24;22;25m[38;2;197;195;198m▁[48;2;9;7;10m[38;2;0;0;0m [48;2;3;1;6m[38;2;3;1;6m    [48;2;2;0;3m[38;2;2;0;3m  [48;2;1;1;1m[38;2;1;1;1m            [0m
[48;2;4;2;10m[38;2;23;2;126m▂▂▂▂▂▂▂▂▂▂▂▂▂▂▂▂▂▂[48;2;5;3;12m[38;2;24;2;129m▂▂[48;2;4;2;10m[38;2;23;2;126m▂▂[48;2;5;3;12m[38;2;24;2;129m▂▂▂▂▂▂[48;2;4;2;10m[38;2;23;2;126m▂▂[48;2;15;14;17m[38;2;24;9;122m▂[48;2;249;247;245m[38;2;165;160;176m▎[48;2;250;250;252m[38;2;250;250;252m  [48;2;243;242;241m[38;2;0;0;0m [48;2;234;231;241m[38;2;73;53;177m▁[48;2;249;249;251m[38;2;249;249;251m  [48;2;250;250;252m[38;2;250;250;252m  [48;2;173;168;172m[38;2;245;241;245m▊[48;2;17;13;16m[38;2;177;172;176m▂[48;2;4;2;10m[38;2;23;2;126m▂▂[48;2;5;3;12m[38;2;24;2;129m▂▂▂▂[48;2;4;2;10m[38;2;23;2;126m▂▂▂▂▂▂▂▂▂▂▂▂[0m
[48;2;38;3;183m[38;2;38;3;183m                              [48;2;72;47;175m[38;2;35;4;185m▊[48;2;250;246;247m[38;2;189;176;232m▎[48;2;250;250;252m[38;2;250;250;252m  [48;2;198;188;238m[38;2;252;252;246m▊[48;2;54;27;186m[38;2;15;0;158m│[48;2;202;193;234m[38;2;48;26;175m▅[48;2;247;246;240m[38;2;225;219;247m▎[48;2;250;250;252m[38;2;250;250;252m  [48;2;238;237;242m[38;2;251;250;253m▊[48;2;195;194;199m[38;2;244;243;247m▊[48;2;40;9;185m[38;2;182;167;222m▂[48;2;35;7;167m[38;2;48;13;195m▚[48;2;38;3;183m[38;2;38;3;183m                [0m
[48;2;38;3;183m[38;2;38;3;183m                              [48;2;41;9;185m[38;2;0;0;0m [48;2;210;200;234m[38;2;51;19;181m▆[48;2;255;254;255m[38;2;236;235;240m▌[48;2;252;251;254m[38;2;244;243;248m┃[48;2;199;189;241m[38;2;248;247;244m▊[48;2;33;3;181m[38;2;83;61;185m▎[48;2;41;13;180m[38;2;64;31;207m╶[48;2;227;220;234m[38;2;53;24;183m▆[48;2;238;237;237m[38;2;76;58;181m▂[48;2;245;244;248m[38;2;0;0;0m [48;2;250;250;252m[38;2;250;250;252m  [48;2;181;172;217m[38;2;246;243;252m▊[48;2;40;17;172m[38;2;196;189;218m▂[48;2;38;3;183m[38;2;38;3;183m                [0m
[48;2;38;3;185m[38;2;38;3;185m                              [48;2;39;4;182m[38;2;39;4;182m  [48;2;228;220;231m[38;2;195;89;112m▂[48;2;250;221;228m[38;2;216;90;108m▆[48;2;231;204;208m[38;2;189;75;106m▆[48;2;65;16;180m[38;2;24;2;182m┃[48;2;38;3;185m[38;2;38;3;185m  [48;2;42;13;182m[38;2;0;0;0m [48;2;220;210;245m[38;2;57;33;178m▆[48;2;237;237;237m[38;2;78;61;183m▂[48;2;244;243;248m[38;2;0;0;0m [48;2;210;179;182m[38;2;242;244;237m▊[48;2;235;203;207m[38;2;219;79;118m▆[48;2;106;39;135m[38;2;201;74;102m┓[48;2;37;7;178m[38;2;62;6;192m▝[48;2;38;3;185m[38;2;38;3;185m              [0m
[48;2;38;3;185m[38;2;38;3;185m                              [48;2;54;8;175m[38;2;179;68;116m▂[48;2;84;30;143m[38;2;192;72;97m▅[48;2;220;80;107m[38;2;206;66;93m▌[48;2;206;66;93m[38;2;220;80;107m▌[48;2;156;58;122m[38;2;42;8;167m▆[48;2;39;6;188m[38;2;58;16;175m▘[48;2;38;3;185m[38;2;38;3;185m    [48;2;43;11;185m[38;2;0;0;0m [48;2;201;190;225m[38;2;49;17;177m▆[48;2;230;192;187m[38;2;214;75;104m▆[48;2;217;77;107m[38;2;171;47;71m▁[48;2;172;62;112m[38;2;45;18;158m▂[48;2;37;1;188m[38;2;57;19;166m▎[48;2;38;3;185m[38;2;38;3;185m              [0m
[48;2;38;3;185m[38;2;38;3;185m                              [48;2;193;73;118m[38;2;47;11;174m▇▇[48;2;194;76;100m[38;2;48;11;176m▇▇[48;2;38;3;185m[38;2;38;3;185m      [48;2;40;7;173m[38;2;86;15;141m╺[48;2;85;27;159m[38;2;192;71;95m━[48;2;197;62;95m[38;2;60;14;177m▃[48;2;133;56;102m[38;2;41;7;181m▆[48;2;38;3;185m[38;2;38;3;185m                [0m
[48;2;38;3;185m[38;2;38;3;185m                          [48;2;38;3;183m[38;2;38;3;183m  [48;2;34;5;164m[38;2;14;7;27m▂[48;2;33;3;161m[38;2;13;6;27m▆[48;2;35;12;139m[38;2;5;3;11m▆▆[48;2;36;13;142m[38;2;5;3;13m▆▆▆▆[48;2;36;13;140m[38;2;5;3;12m▆▆[48;2;36;13;142m[38;2;5;3;13m▆▆▆▆[48;2;36;13;140m[38;2;5;3;12m▆▆[48;2;38;14;148m[38;2;7;4;18m▆▆[48;2;38;5;171m[38;2;28;16;57m▂[48;2;33;2;176m[38;2;43;5;204m▗[48;2;38;3;185m[38;2;38;3;185m            [0m
[48;2;38;3;185m[38;2;38;3;185m                            [48;2;31;16;84m[38;2;32;2;169m▆[48;2;16;6;45m[38;2;36;3;181m▂[48;2;8;3;24m[38;2;39;10;180m▂▂▂▂▂▂▂▂▂▂▂▂[48;2;8;6;11m[38;2;30;5;149m▃▃[48;2;9;7;15m[38;2;32;6;156m▃▃[48;2;37;18;95m[38;2;37;2;180m▆[48;2;37;3;172m[38;2;37;0;199m▝[48;2;38;3;185m[38;2;38;3;185m            [0m
[48;2;40;2;185m[38;2;40;2;185m                                                            [0m
[48;2;40;2;185m[38;2;40;2;185m                                                            [0m
