[48;2;1;1;1m[38;2;1;1;1m                                                            [0m
[48;2;1;1;1m[38;2;1;1;1m                                                            [0m
[48;2;1;1;1m[38;2;1;1;1m                                                            [0m
[48;2;1;1;1m[38;2;1;1;1m                                                            [0m
[48;2;1;1;1m[38;2;1;1;1m                            [48;2;1;1;3m[38;2;1;1;3m  [48;2;1;1;1m[38;2;1;1;1m                              [0m
[48;2;1;1;1m[38;2;1;1;1m                        [48;2;1;1;3m[38;2;1;1;3m    [48;2;3;1;6m[38;2;3;1;6m  [48;2;2;0;3m[38;2;2;0;3m  [48;2;1;0;2m[38;2;3;1;4m▗[48;2;5;4;6m[38;2;24;22;25m▃[48;2;31;30;32m[38;2;237;235;237m▃[48;2;13;11;14m[38;2;218;216;219m▄[48;2;12;10;13m[38;2;214;212;215m▄[48;2;36;34;37m[38;2;222;220;223m▃[48;2;5;3;6m[38;2;5;3;6m  [48;2;1;1;1m[38;2;1;1;1m                    [0m
[48;2;1;1;1m[38;2;1;1;1m                        [48;2;3;1;6m[38;2;3;1;6m      [48;2;1;1;3m[38;2;1;1;3m  [48;2;3;0;2m[38;2;19;14;18m▄[48;2;202;197;201m[38;2;37;32;36m▄[48;2;244;241;244m[38;2;208;81;103m▄▄[48;2;247;238;238m[38;2;204;104;133m▄[48;2;245;239;237m[38;2;0;0;0m [48;2;165;160;164m[38;2;231;226;230m▊[48;2;8;4;7m[38;2;45;40;44m▎[48;2;1;1;3m[38;2;1;1;3m  [48;2;1;1;1m[38;2;1;1;1m                  [0m
[48;2;1;1;1m[38;2;1;1;1m                        [48;2;1;1;3m[38;2;1;1;3m  [48;2;3;1;6m[38;2;3;1;6m  [48;2;1;1;3m[38;2;1;1;3m    [48;2;7;2;6m[38;2;7;2;6m  [48;2;213;72;101m[38;2;179;56;79m▎[48;2;46;23;16m[38;2;198;65;91m▄[48;2;223;79;106m[38;2;215;64;93m▘[48;2;232;117;134m[38;2;203;80;100m▊[48;2;160;155;159m[38;2;244;240;243m▊[48;2;3;0;2m[38;2;62;57;61m▎[48;2;1;1;3m[38;2;1;1;3m    [48;2;1;1;1m[38;2;1;1;1m                [0m
[48;2;1;1;1m[38;2;1;1;1m                    [48;2;2;2;4m[38;2;2;2;4m  [48;2;3;1;6m[38;2;3;1;6m    [48;2;1;1;3m[38;2;1;1;3m    [48;2;1;0;2m[38;2;3;1;4m▗[48;2;5;4;6m[38;2;24;22;25m▃[48;2;17;13;16m[38;2;216;212;215m▄[48;2;27;22;26m[38;2;227;223;226m▄[48;2;205;67;92m[38;2;216;78;103m▄[48;2;216;78;103m[38;2;205;67;92m▄[48;2;228;78;107m[38;2;216;65;95m┃[48;2;242;123;142m[38;2;201;73;95m▊[48;2;231;229;232m[38;2;0;0;0m [48;2;33;32;34m[38;2;230;228;231m▄[48;2;23;21;24m[38;2;228;227;229m▄[48;2;14;12;15m[38;2;205;204;206m▄[48;2;5;4;6m[38;2;24;22;25m▃[48;2;1;0;2m[38;2;3;1;4m▖[48;2;1;1;3m[38;2;1;1;3m  [48;2;1;1;1m[38;2;1;1;1m              [0m
[48;2;1;1;1m[38;2;1;1;1m                [48;2;2;0;3m[38;2;2;0;3m  [48;2;3;1;4m[38;2;3;1;4m  [48;2;3;1;6m[38;2;3;1;6m    [48;2;1;1;3m[38;2;1;1;3m  [48;2;1;1;1m[38;2;1;1;1m  [48;2;5;3;4m[38;2;1;0;0m▆[48;2;5;4;4m[38;2;34;32;33m▂[48;2;27;26;28m[38;2;218;216;218m▄[48;2;232;230;233m[38;2;0;0;0m [48;2;250;250;252m[38;2;250;250;252m  [48;2;245;236;235m[38;2;0;0;0m [48;2;200;95;126m[38;2;251;241;242m▄[48;2;215;86;108m[38;2;246;242;244m▄▄[48;2;249;249;251m[38;2;249;249;251m  [48;2;250;250;252m[38;2;250;250;252m  [48;2;229;227;230m[38;2;0;0;0m [48;2;28;26;29m[38;2;202;200;203m▄[48;2;3;1;4m[38;2;3;1;4m  [48;2;2;0;3m[38;2;2;0;3m  [48;2;1;1;3m[38;2;1;1;3m  [48;2;1;1;1m[38;2;1;1;1m          [0m
[48;2;1;1;1m[38;2;1;1;1m            [48;2;1;1;3m[38;2;1;1;3m  [48;2;3;1;6m[38;2;3;1;6m      [48;2;1;1;3m[38;2;1;1;3m  [48;2;1;1;1m[38;2;1;1;1m      [48;2;27;25;28m[38;2;208;206;209m▄[48;2;231;230;232m[38;2;0;0;0m [48;2;255;255;255m[38;2;240;240;242m━[48;2;244;244;246m[38;2;174;174;176m▁[48;2;244;244;245m[38;2;173;173;175m▁[48;2;255;255;255m[38;2;239;239;241m━[48;2;250;250;252m[38;2;250;250;252m        [48;2;249;247;249m[38;2;232;230;233m╵[48;2;238;236;238m[38;2;0;0;0m [48;2;28;26;29m[38;2;205;203;206m▄[48;2;12;11;13m[38;2;90;88;91m▁[48;2;1;1;1m[38;2;1;1;1m              [0m
[48;2;1;1;1m[38;2;1;1;1m            [48;2;3;1;6m[38;2;3;1;6m      [48;2;3;1;4m[38;2;3;1;4m  [48;2;1;1;3m[38;2;1;1;3m  [48;2;1;1;1m[38;2;1;1;1m    [48;2;3;1;6m[38;2;3;1;6m  [48;2;250;248;250m[38;2;137;135;138m▎[48;2;247;245;248m[38;2;247;245;248m▄[48;2;236;232;236m[38;2;56;51;55m▅[48;2;3;0;2m[38;2;14;9;13m▎[48;2;16;11;15m[38;2;0;0;0m [48;2;225;221;224m[38;2;45;40;44m▅[48;2;243;243;245m[38;2;239;239;241m▌[48;2;254;254;255m[38;2;250;250;252m▌[48;2;250;250;252m      [48;2;245;245;247m[38;2;0;0;0m [48;2;245;245;246m[38;2;164;164;166m▁[48;2;255;254;255m[38;2;254;252;255m┃[48;2;131;129;132m[38;2;240;239;241m▊[48;2;1;1;1m[38;2;1;1;1m              [0m
[48;2;1;1;1m[38;2;1;1;1m            [48;2;1;1;3m[38;2;1;1;3m  [48;2;3;1;6m[38;2;3;1;6m  [48;2;2;0;3m[38;2;2;0;3m  [48;2;1;1;1m[38;2;1;1;1m  [48;2;3;1;6m[38;2;3;1;6m      [48;2;1;1;3m[38;2;1;1;3m  [48;2;216;192;199m[38;2;193;65;85m▄[48;2;242;233;237m[38;2;210;95;113m▅[48;2;10;6;9m[38;2;60;55;59m▎[48;2;3;0;2m[38;2;17;12;16m▎[48;2;1;0;4m[38;2;7;5;10m│[48;2;66;64;69m[38;2;8;6;11m▊[48;2;255;255;255m[38;2;236;236;238m▌[48;2;252;252;253m[38;2;244;244;246m┃[48;2;250;250;252m[38;2;250;250;252m    [48;2;238;238;240m[38;2;251;251;252m▊[48;2;231;231;233m[38;2;0;0;0m [48;2;204;196;199m[38;2;39;30;33m▅[48;2;98;89;92m[38;2;30;21;24m▊[48;2;241;236;238m[38;2;203;197;199m▁[48;2;130;124;126m[38;2;251;247;249m▊[48;2;1;1;1m[38;2;1;1;1m              [0m
[48;2;1;1;1m[38;2;1;1;1m              [48;2;2;0;3m[38;2;2;0;3m  [48;2;1;1;3m[38;2;1;1;3m    [48;2;3;1;6m[38;2;3;1;6m      [48;2;1;1;1m[38;2;1;1;1m  [48;2;184;56;78m[38;2;18;7;10m▅[48;2;196;68;89m[38;2;26;15;19m▅[48;2;4;2;5m[38;2;4;2;5m  [48;2;1;0;2m[38;2;6;4;7m▂[48;2;7;5;8m[38;2;20;18;21m▝[48;2;227;225;227m[38;2;36;35;37m▅[48;2;248;246;249m[38;2;223;222;224m▎[48;2;250;250;252m[38;2;250;250;252m  [48;2;247;247;248m[38;2;0;0;0m [48;2;239;239;241m[38;2;117;117;119m▁[48;2;226;223;224m[38;2;87;83;84m▁[48;2;216;212;213m[38;2;66;62;63m▅[48;2;72;30;39m[38;2;15;6;11m▊[48;2;203;74;96m[38;2;78;15;18m▁[48;2;192;75;95m[38;2;78;25;23m▁[48;2;194;193;198m[38;2;29;17;22m▅[48;2;1;1;1m[38;2;1;1;1m              [0m
[48;2;1;1;1m[38;2;1;1;1m                [48;2;3;1;4m[38;2;3;1;4m  [48;2;3;1;6m[38;2;3;1;6m  [48;2;2;0;3m[38;2;2;0;3m  [48;2;3;1;6m[38;2;3;1;6m  [48;2;2;0;3m[38;2;2;0;3m  [48;2;1;1;1m[38;2;1;1;1m  [48;2;3;1;6m[38;2;3;1;6m      [48;2;23;19;22m[38;2;177;172;176m▁[48;2;213;209;213m[38;2;74;69;73m▅[48;2;234;230;233m[38;2;73;68;72m▅▅[48;2;213;208;212m[38;2;91;86;90m▅[48;2;30;26;29m[38;2;218;214;218m▅[48;2;47;45;50m[38;2;228;226;231m▅[48;2;156;154;159m[38;2;238;236;239m▊[48;2;3;3;5m[38;2;19;19;21m▌[48;2;6;6;8m[38;2;0;0;2m▊[48;2;1;1;3m[38;2;1;1;3m  [48;2;1;1;1m[38;2;1;1;1m              [0m
[48;2;1;1;1m[38;2;1;1;1m                    [48;2;0;0;0m[38;2;0;0;0m  [48;2;1;1;3m[38;2;1;1;3m  [48;2;1;1;1m[38;2;1;1;1m  [48;2;1;1;3m[38;2;1;1;3m  [48;2;3;1;6m[38;2;3;1;6m  [48;2;2;0;3m[38;2;2;0;3m  [48;2;1;0;2m[38;2;24;22;25m▁[48;2;33;31;34m[38;2;156;154;157m▁[48;2;255;255;255m[38;2;236;236;238m▌[48;2;252;252;253m[38;2;244;244;246m┃[48;2;249;249;251m[38;2;249;249;251m  [48;2;250;250;252m[38;2;250;250;252m  [48;2;249;249;250m[38;2;232;232;234m╵[48;2;238;238;239m[38;2;0;0;0m [48;2;27;25;28m[38;2;204;202;205m▅[48;2;1;0;2m[38;2;8;6;9m━[48;2;3;1;6m[38;2;3;1;6m  [48;2;1;1;3m[38;2;1;1;3m  [48;2;1;1;1m[38;2;1;1;1m            [0m
[48;2;1;1;1m[38;2;1;1;1m                        [48;2;1;1;3m[38;2;1;1;3m  [48;2;3;1;6m[38;2;3;1;6m    [48;2;1;1;3m[38;2;1;1;3m  [48;2;31;27;30m[38;2;147;142;146m▁[48;2;245;240;244m[38;2;198;193;197m▎[48;2;250;250;252m[38;2;250;250;252m        [48;2;146;144;147m[38;2;245;243;246m▊[48;2;1;0;2m[38;2;23;21;24m▄[48;2;1;1;1m[38;2;1;1;1m                [0m
[48;2;1;1;1m[38;2;1;1;1m                    [48;2;2;0;3m[38;2;2;0;3m  [48;2;1;1;1m[38;2;1;1;1m  [48;2;3;1;6m[38;2;3;1;6m      [48;2;0;0;2m[38;2;7;7;9m┃[48;2;34;34;36m[38;2;0;0;2m▊[48;2;248;248;250m[38;2;205;205;207m▎[48;2;240;240;242m[38;2;252;252;253m┃[48;2;250;250;252m[38;2;250;250;252m      [48;2;241;241;243m[38;2;251;251;252m▅[48;2;251;251;252m[38;2;241;241;243m▃[48;2;108;103;107m[38;2;212;208;211m▊[48;2;3;0;2m[38;2;5;0;4m▄[48;2;1;1;3m[38;2;1;1;3m  [48;2;1;1;1m[38;2;1;1;1m              [0m
[48;2;1;1;1m[38;2;1;1;1m                  [48;2;1;1;3m[38;2;1;1;3m  [48;2;2;0;3m[38;2;2;0;3m  [48;2;1;1;3m[38;2;1;1;3m  [48;2;3;1;6m[38;2;3;1;6m    [48;2;2;0;3m[38;2;2;0;3m  [48;2;1;0;2m[38;2;5;3;6m▄[48;2;47;45;48m[38;2;219;217;219m▅[48;2;248;248;250m[38;2;248;248;250m  [48;2;250;250;252m[38;2;250;250;252m      [48;2;251;250;254m[38;2;235;234;239m│[48;2;141;140;145m[38;2;244;243;247m▊[48;2;5;3;8m[38;2;5;3;8m  [48;2;2;0;3m[38;2;2;0;3m  [48;2;1;1;1m[38;2;1;1;1m              [0m
[48;2;1;1;1m[38;2;1;1;1m                  [48;2;2;0;3m[38;2;2;0;3m    [48;2;3;1;6m[38;2;3;1;6m      [48;2;1;1;3m[38;2;1;1;3m  [48;2;38;36;39m[38;2;6;5;7m▊[48;2;247;245;248m[38;2;161;159;162m▎[48;2;250;250;252m[38;2;250;250;252m        [48;2;251;251;252m[38;2;242;242;244m│[48;2;153;153;155m[38;2;244;244;245m▊[48;2;4;3;7m[38;2;21;19;24m▌[48;2;8;6;11m[38;2;1;0;4m▊[48;2;3;1;6m[38;2;3;1;6m  [48;2;2;0;3m[38;2;2;0;3m  [48;2;1;1;1m[38;2;1;1;1m            [0m
[48;2;4;2;10m[38;2;23;2;126m▂▂▂▂▂▂▂▂▂▂▂▂▂▂▂▂▂▂[48;2;5;3;12m[38;2;24;2;129m▂▂[48;2;4;2;10m[38;2;23;2;126m▂▂[48;2;5;3;12m[38;2;24;2;129m▂▂▂▂▂▂[48;2;4;2;10m[38;2;23;2;126m▂▂[48;2;15;14;17m[38;2;24;9;122m▂[48;2;249;247;245m[38;2;165;160;176m▎[48;2;250;250;252m[38;2;250;250;252m        [48;2;242;241;244m[38;2;0;0;0m [48;2;204;202;210m[38;2;64;40;186m▁[48;2;7;4;13m[38;2;26;4;131m▂▂[48;2;5;3;12m[38;2;24;2;129m▂▂▂▂[48;2;4;2;10m[38;2;23;2;126m▂▂▂▂▂▂▂▂▂▂▂▂[0m
[48;2;38;3;183m[38;2;38;3;183m                              [48;2;41;13;177m[38;2;43;11;191m▄[48;2;227;221;236m[38;2;83;58;188m▂[48;2;249;249;251m[38;2;249;249;251m  [48;2;250;250;252m[38;2;250;250;252m      [48;2;184;173;229m[38;2;246;244;245m▊[48;2;30;3;182m[38;2;67;45;172m▎[48;2;38;3;183m[38;2;38;3;183m                  [0m
[48;2;38;3;183m[38;2;38;3;183m                              [48;2;40;5;183m[38;2;40;5;183m  [48;2;248;247;251m[38;2;205;204;209m▎[48;2;240;239;244m[38;2;252;251;254m┃[48;2;250;250;252m[38;2;250;250;252m      [48;2;184;173;229m[38;2;246;244;245m▊[48;2;30;3;182m[38;2;67;45;172m▎[48;2;38;3;183m[38;2;38;3;183m                  [0m
[48;2;38;3;185m[38;2;38;3;185m                              [48;2;40;5;183m[38;2;40;5;183m  [48;2;248;247;251m[38;2;205;204;209m▎[48;2;240;239;244m[38;2;252;251;254m┃[48;2;250;250;252m[38;2;250;250;252m      [48;2;184;173;229m[38;2;246;244;245m▊[48;2;30;3;182m[38;2;67;45;172m▎[48;2;38;3;185m[38;2;38;3;185m                  [0m
[48;2;38;3;185m[38;2;38;3;185m                              [48;2;39;4;184m[38;2;39;4;184m  [48;2;225;221;238m[38;2;53;37;174m▂[48;2;243;242;244m[38;2;0;0;0m [48;2;250;250;252m[38;2;250;250;252m  [48;2;186;178;214m[38;2;247;245;244m▊[48;2;217;212;234m[38;2;64;40;187m▆[48;2;249;249;251m[38;2;231;231;233m▌[38;2;255;255;255m▌[48;2;184;173;229m[38;2;246;244;245m▊[48;2;30;3;182m[38;2;67;45;172m▎[48;2;38;3;185m[38;2;38;3;185m                  [0m
[48;2;38;3;185m[38;2;38;3;185m                                [48;2;71;49;176m[38;2;34;5;186m▊[48;2;249;248;248m[38;2;188;177;233m▎[48;2;245;240;243m[38;2;0;0;0m [48;2;236;232;235m[38;2;203;95;131m▂[48;2;196;184;227m[38;2;48;18;187m▆[48;2;46;17;176m[38;2;47;13;194m╸[48;2;228;218;235m[38;2;67;36;159m▂[48;2;239;237;238m[38;2;188;64;88m▂[48;2;215;211;224m[38;2;206;69;105m▂[48;2;49;18;168m[38;2;173;64;104m▂[48;2;38;3;185m[38;2;38;3;185m                  [0m
[48;2;38;3;185m[38;2;38;3;185m                            [48;2;36;0;185m[38;2;36;4;161m▗[48;2;36;3;165m[38;2;36;24;60m▂[48;2;35;14;68m[38;2;203;65;98m▂▂[48;2;74;33;143m[38;2;214;76;100m▆[48;2;215;190;201m[38;2;212;74;100m▆[48;2;228;194;190m[38;2;215;70;103m▆[48;2;189;68;93m[38;2;42;29;19m▂[48;2;40;17;69m[38;2;203;63;94m▂▂[48;2;88;34;129m[38;2;217;75;102m▆[48;2;220;73;100m[38;2;189;71;99m▘[48;2;220;74;102m[38;2;201;71;94m┃[48;2;159;67;76m[38;2;235;75;108m▌[48;2;37;14;145m[38;2;6;3;16m▆▆[48;2;38;6;168m[38;2;28;16;53m▂[48;2;33;2;172m[38;2;43;5;201m▗[48;2;38;3;185m[38;2;38;3;185m              [0m
[48;2;38;3;185m[38;2;38;3;185m                            [48;2;37;1;184m[38;2;37;4;165m▝[48;2;37;21;80m[38;2;37;2;185m▆[48;2;148;47;78m[38;2;28;10;84m▆▆[48;2;168;49;82m[38;2;25;10;82m▆▆[48;2;135;45;72m[38;2;26;7;81m▆[48;2;19;10;28m[38;2;44;13;181m▂[48;2;148;48;74m[38;2;28;10;81m▆▆[48;2;168;49;82m[38;2;25;10;82m▆▆[48;2;147;47;73m[38;2;27;9;80m▆▆[48;2;8;6;13m[38;2;31;5;153m▃▃[48;2;37;21;80m[38;2;37;2;185m▆[48;2;37;1;184m[38;2;37;4;165m▘[48;2;38;3;185m[38;2;38;3;185m              [0m
[48;2;40;2;185m[38;2;40;2;185m                                                            [0m
[48;2;40;2;185m[38;2;40;2;185m                                                            [0m
