[48;2;1;1;1m[38;2;1;1;1m                                                            [0m
[48;2;1;1;1m[38;2;1;1;1m                                                            [0m
[48;2;1;1;1m[38;2;1;1;1m                                                            [0m
[48;2;1;1;1m[38;2;1;1;1m                                                            [0m
[48;2;1;1;1m[38;2;1;1;1m                            [48;2;1;1;3m[38;2;1;1;3m  [48;2;1;1;1m[38;2;1;1;1m                              [0m
[48;2;1;1;1m[38;2;1;1;1m                        [48;2;1;1;3m[38;2;1;1;3m    [48;2;3;1;6m[38;2;3;1;6m  [48;2;2;0;3m[38;2;2;0;3m  [48;2;1;0;2m[38;2;16;14;17m▄[48;2;9;8;10m[38;2;189;187;190m▄[48;2;10;8;11m[38;2;220;218;221m▄▄[48;2;12;10;13m[38;2;214;212;215m▄[48;2;36;34;37m[38;2;222;220;223m▃[48;2;5;3;6m[38;2;5;3;6m  [48;2;1;1;1m[38;2;1;1;1m                    [0m
[48;2;1;1;1m[38;2;1;1;1m                        [48;2;3;1;6m[38;2;3;1;6m      [48;2;1;1;3m[38;2;1;1;3m  [48;2;3;0;4m[38;2;6;1;7m▄[48;2;107;102;108m[38;2;17;12;18m▇[48;2;240;214;224m[38;2;193;71;90m▃[48;2;246;237;243m[38;2;208;94;113m▄[48;2;247;247;249m[38;2;247;247;249m  [48;2;165;160;164m[38;2;231;226;230m▊[48;2;8;4;7m[38;2;45;40;44m▎[48;2;1;1;3m[38;2;1;1;3m  [48;2;1;1;1m[38;2;1;1;1m                  [0m
[48;2;1;1;1m[38;2;1;1;1m                        [48;2;1;1;3m[38;2;1;1;3m  [48;2;3;1;6m[38;2;3;1;6m  [48;2;1;1;3m[38;2;1;1;3m    [48;2;3;1;4m[38;2;3;1;4m  [48;2;42;21;15m[38;2;189;67;92m▄[48;2;219;67;102m[38;2;176;57;82m▎[48;2;224;131;150m[38;2;217;81;105m▊[48;2;244;252;255m[38;2;240;209;215m▎[48;2;175;170;174m[38;2;246;242;246m▊[48;2;6;2;5m[38;2;52;47;51m▎[48;2;1;1;3m[38;2;1;1;3m    [48;2;1;1;1m[38;2;1;1;1m                [0m
[48;2;1;1;1m[38;2;1;1;1m                    [48;2;2;2;4m[38;2;2;2;4m  [48;2;3;1;6m[38;2;3;1;6m    [48;2;1;1;3m[38;2;1;1;3m      [48;2;9;4;8m[38;2;50;45;49m▁▁[48;2;215;77;102m[38;2;198;60;85m▎[48;2;218;80;105m[38;2;201;63;88m▊[48;2;222;146;158m[38;2;218;73;98m▊[48;2;246;247;251m[38;2;236;225;223m▎[48;2;237;235;237m[38;2;0;0;0m [48;2;31;29;32m[38;2;227;225;228m▄[48;2;23;21;24m[38;2;228;227;229m▄[48;2;14;12;15m[38;2;205;204;206m▄[48;2;5;4;6m[38;2;24;22;25m▃[48;2;1;0;2m[38;2;3;1;4m▖[48;2;1;1;3m[38;2;1;1;3m  [48;2;1;1;1m[38;2;1;1;1m              [0m
[48;2;1;1;1m[38;2;1;1;1m                [48;2;2;0;3m[38;2;2;0;3m  [48;2;3;1;4m[38;2;3;1;4m  [48;2;3;1;6m[38;2;3;1;6m    [48;2;1;1;3m[38;2;1;1;3m  [48;2;1;1;1m[38;2;1;1;1m    [48;2;1;0;2m[38;2;10;8;11m▄[48;2;29;27;30m[38;2;209;207;210m▄[48;2;182;180;183m[38;2;241;239;242m▇[48;2;209;207;210m[38;2;249;247;249m▇[48;2;245;236;235m[38;2;0;0;0m [48;2;200;95;126m[38;2;251;241;242m▄[48;2;204;103;133m[38;2;244;236;234m▄[48;2;250;245;243m[38;2;0;0;0m [48;2;250;250;252m[38;2;250;250;252m    [48;2;147;142;146m[38;2;240;236;239m▊[48;2;14;10;13m[38;2;44;39;43m▁[48;2;1;1;3m[38;2;1;1;3m  [48;2;2;0;3m[38;2;2;0;3m  [48;2;1;1;3m[38;2;1;1;3m  [48;2;1;1;1m[38;2;1;1;1m          [0m
[48;2;1;1;1m[38;2;1;1;1m            [48;2;1;1;3m[38;2;1;1;3m  [48;2;3;1;6m[38;2;3;1;6m      [48;2;1;1;3m[38;2;1;1;3m  [48;2;1;1;1m[38;2;1;1;1m      [48;2;3;1;6m[38;2;3;1;6m  [48;2;35;30;34m[38;2;10;6;9m▊[48;2;233;229;233m[38;2;155;150;154m▎[48;2;250;250;252m[38;2;250;250;252m  [48;2;250;248;251m[38;2;245;243;246m▚[48;2;252;250;252m[38;2;234;232;235m▃▃[48;2;245;243;246m[38;2;250;248;251m▚[48;2;250;250;252m[38;2;250;250;252m    [48;2;244;242;245m[38;2;255;254;255m▎[48;2;150;148;151m[38;2;242;240;243m▊[48;2;10;9;11m[38;2;80;78;81m▁[48;2;5;4;6m[38;2;22;20;23m╺[48;2;1;1;1m[38;2;1;1;1m              [0m
[48;2;1;1;1m[38;2;1;1;1m            [48;2;3;1;6m[38;2;3;1;6m      [48;2;3;1;4m[38;2;3;1;4m  [48;2;1;1;3m[38;2;1;1;3m  [48;2;1;1;1m[38;2;1;1;1m    [48;2;3;1;6m[38;2;3;1;6m    [48;2;2;1;5m[38;2;10;8;13m┃[48;2;37;35;40m[38;2;1;0;4m▊[48;2;232;230;232m[38;2;152;150;153m▁[48;2;247;245;248m[38;2;228;226;229m▁[48;2;248;239;238m[38;2;0;0;0m [48;2;205;102;132m[38;2;244;234;233m▄[48;2;209;78;107m[38;2;231;146;160m▁[48;2;246;238;227m[38;2;219;102;126m▅[48;2;249;244;248m[38;2;220;215;219m▂[48;2;255;253;255m[38;2;250;245;249m▄[48;2;250;250;252m[38;2;250;250;252m    [48;2;121;119;122m[38;2;243;241;244m▊[48;2;1;0;2m[38;2;23;21;24m▎[48;2;1;1;3m[38;2;1;1;3m  [48;2;1;1;1m[38;2;1;1;1m            [0m
[48;2;1;1;1m[38;2;1;1;1m            [48;2;1;1;3m[38;2;1;1;3m  [48;2;3;1;6m[38;2;3;1;6m  [48;2;2;0;3m[38;2;2;0;3m  [48;2;1;1;1m[38;2;1;1;1m  [48;2;3;1;6m[38;2;3;1;6m      [48;2;1;1;3m[38;2;1;1;3m  [48;2;3;1;6m[38;2;3;1;6m    [48;2;52;50;53m[38;2;6;4;7m▊[48;2;246;245;247m[38;2;175;173;176m▎[48;2;250;250;252m[38;2;250;250;252m  [48;2;243;241;239m[38;2;0;0;0m [48;2;196;80;115m[38;2;246;233;234m▅[48;2;203;89;126m[38;2;243;232;234m▅[48;2;244;242;242m[38;2;0;0;0m [48;2;249;249;251m[38;2;249;249;251m  [48;2;243;241;244m[38;2;121;119;122m▁[48;2;230;228;231m[38;2;88;86;89m▁[48;2;202;198;203m[38;2;28;23;29m▅[48;2;11;6;12m[38;2;0;0;0m [48;2;1;1;3m[38;2;1;1;3m  [48;2;1;1;1m[38;2;1;1;1m            [0m
[48;2;1;1;1m[38;2;1;1;1m              [48;2;2;0;3m[38;2;2;0;3m  [48;2;1;1;3m[38;2;1;1;3m    [48;2;3;1;6m[38;2;3;1;6m      [48;2;1;1;1m[38;2;1;1;1m  [48;2;3;1;6m[38;2;3;1;6m  [48;2;1;1;3m[38;2;1;1;3m  [48;2;1;0;2m[38;2;2;0;3m▄[48;2;217;215;218m[38;2;39;37;40m▅[48;2;243;243;245m[38;2;239;239;241m▌[48;2;254;254;255m[38;2;250;250;252m▌[48;2;250;250;252m  [48;2;249;249;251m[38;2;249;249;251m  [48;2;231;227;231m[38;2;96;91;95m▁[48;2;212;207;211m[38;2;27;23;26m▅[48;2;4;2;7m[38;2;4;2;7m  [48;2;3;1;6m[38;2;3;1;6m  [48;2;1;1;3m[38;2;1;1;3m  [48;2;1;1;1m[38;2;1;1;1m            [0m
[48;2;1;1;1m[38;2;1;1;1m                [48;2;3;1;4m[38;2;3;1;4m  [48;2;3;1;6m[38;2;3;1;6m  [48;2;2;0;3m[38;2;2;0;3m  [48;2;3;1;6m[38;2;3;1;6m  [48;2;2;0;3m[38;2;2;0;3m  [48;2;1;1;1m[38;2;1;1;1m  [48;2;3;1;6m[38;2;3;1;6m    [48;2;4;2;7m[38;2;1;0;4m▊[48;2;14;12;17m[38;2;9;7;12m▌[48;2;225;221;222m[38;2;67;63;64m▅[48;2;235;232;233m[38;2;76;72;73m▅[48;2;234;230;233m[38;2;73;68;72m▅▅[48;2;233;229;232m[38;2;71;65;69m▅[48;2;216;211;215m[38;2;82;76;80m▅[48;2;33;29;32m[38;2;206;201;205m▅[48;2;23;19;22m[38;2;146;141;145m▁[48;2;1;1;3m[38;2;1;1;3m    [48;2;1;1;1m[38;2;1;1;1m              [0m
[48;2;1;1;1m[38;2;1;1;1m                    [48;2;0;0;0m[38;2;0;0;0m  [48;2;1;1;3m[38;2;1;1;3m  [48;2;1;1;1m[38;2;1;1;1m  [48;2;1;1;3m[38;2;1;1;3m  [48;2;3;1;6m[38;2;3;1;6m  [48;2;2;0;3m[38;2;2;0;3m  [48;2;26;24;27m[38;2;9;7;10m▊[48;2;39;37;40m[38;2;212;210;213m▅[48;2;248;248;250m[38;2;248;248;250m  [48;2;249;249;251m[38;2;249;249;251m  [48;2;250;250;252m[38;2;250;250;252m  [48;2;249;249;250m[38;2;232;232;234m╵[48;2;238;238;239m[38;2;0;0;0m [48;2;27;25;28m[38;2;204;202;205m▅[48;2;1;0;2m[38;2;8;6;9m━[48;2;3;1;6m[38;2;3;1;6m  [48;2;1;1;3m[38;2;1;1;3m  [48;2;1;1;1m[38;2;1;1;1m            [0m
[48;2;1;1;1m[38;2;1;1;1m                        [48;2;1;1;3m[38;2;1;1;3m  [48;2;3;1;6m[38;2;3;1;6m    [48;2;1;1;3m[38;2;1;1;3m  [48;2;52;50;53m[38;2;6;4;7m▊[48;2;246;245;247m[38;2;175;173;176m▎[48;2;250;250;252m[38;2;250;250;252m        [48;2;146;144;147m[38;2;245;243;246m▊[48;2;1;0;2m[38;2;23;21;24m▄[48;2;1;1;1m[38;2;1;1;1m                [0m
[48;2;1;1;1m[38;2;1;1;1m                    [48;2;2;0;3m[38;2;2;0;3m  [48;2;1;1;1m[38;2;1;1;1m  [48;2;3;1;6m[38;2;3;1;6m      [48;2;2;2;4m[38;2;0;0;2m▊[48;2;12;12;14m[38;2;7;7;9m▌[48;2;48;47;49m[38;2;224;222;225m▅[48;2;240;238;241m[38;2;0;0;0m [48;2;250;250;252m[38;2;250;250;252m        [48;2;146;144;147m[38;2;245;243;246m▊[48;2;1;0;2m[38;2;23;21;24m▄[48;2;1;1;3m[38;2;1;1;3m  [48;2;1;1;1m[38;2;1;1;1m              [0m
[48;2;1;1;1m[38;2;1;1;1m                  [48;2;1;1;3m[38;2;1;1;3m  [48;2;2;0;3m[38;2;2;0;3m  [48;2;1;1;3m[38;2;1;1;3m  [48;2;3;1;6m[38;2;3;1;6m    [48;2;2;0;3m[38;2;2;0;3m  [48;2;1;0;2m[38;2;7;5;8m▎[48;2;20;18;21m[38;2;4;2;5m▌[48;2;248;248;250m[38;2;205;205;207m▎[48;2;240;240;242m[38;2;252;252;253m┃[48;2;250;250;252m[38;2;250;250;252m      [48;2;241;241;243m[38;2;251;251;252m▄[48;2;250;250;251m[38;2;240;240;242m▃[48;2;200;198;201m[38;2;40;38;41m▁[48;2;10;8;11m[38;2;21;19;22m▎[48;2;2;0;3m[38;2;2;0;3m  [48;2;1;1;1m[38;2;1;1;1m              [0m
[48;2;1;1;1m[38;2;1;1;1m                  [48;2;2;0;3m[38;2;2;0;3m    [48;2;3;1;6m[38;2;3;1;6m      [48;2;1;1;3m[38;2;1;1;3m  [48;2;4;2;7m[38;2;1;0;4m▊[48;2;14;12;17m[38;2;9;7;12m▌[48;2;248;248;250m[38;2;205;205;207m▎[48;2;240;240;242m[38;2;252;252;253m┃[48;2;250;250;252m[38;2;250;250;252m      [48;2;252;252;253m[38;2;244;244;246m┃[48;2;152;152;154m[38;2;243;243;245m▊[48;2;9;7;12m[38;2;14;12;17m▌[48;2;1;0;4m[38;2;4;2;7m▎[48;2;3;1;6m[38;2;3;1;6m  [48;2;2;0;3m[38;2;2;0;3m  [48;2;1;1;1m[38;2;1;1;1m            [0m
[48;2;4;2;10m[38;2;23;2;126m▂▂▂▂▂▂▂▂▂▂▂▂▂▂▂▂▂▂[48;2;5;3;12m[38;2;24;2;129m▂▂[48;2;4;2;10m[38;2;23;2;126m▂▂[48;2;5;3;12m[38;2;24;2;129m▂▂▂▂▂▂[48;2;4;2;10m[38;2;23;2;126m▂▂[48;2;6;1;10m[38;2;24;1;126m▂[48;2;15;10;19m[38;2;35;10;138m▂[48;2;235;235;237m[38;2;255;255;255m┃[48;2;250;250;252m[38;2;253;253;255m│[38;2;250;250;252m      [48;2;255;255;255m[38;2;252;252;254m▌[48;2;163;163;165m[38;2;239;239;241m▊[48;2;7;4;13m[38;2;26;4;131m▂▂[48;2;5;3;12m[38;2;24;2;129m▂▂▂▂[48;2;4;2;10m[38;2;23;2;126m▂▂▂▂▂▂▂▂▂▂▂▂[0m
[48;2;38;3;183m[38;2;38;3;183m                              [48;2;39;4;182m[38;2;39;4;182m  [48;2;248;247;251m[38;2;205;204;209m▎[48;2;240;239;244m[38;2;252;251;254m┃[48;2;250;250;252m[38;2;250;250;252m      [48;2;255;254;255m[38;2;246;245;251m▌[48;2;175;174;180m[38;2;246;245;249m▊[48;2;38;3;183m[38;2;38;3;183m                  [0m
[48;2;38;3;183m[38;2;38;3;183m                              [48;2;40;5;183m[38;2;40;5;183m  [48;2;248;247;251m[38;2;205;204;209m▎[48;2;240;239;244m[38;2;252;251;254m┃[48;2;250;250;252m[38;2;250;250;252m      [48;2;250;250;251m[38;2;240;240;242m▃[48;2;241;241;243m[38;2;251;251;252m▄[48;2;52;29;181m[38;2;212;203;232m▆[48;2;39;9;180m[38;2;38;10;176m▄[48;2;38;3;183m[38;2;38;3;183m                [0m
[48;2;38;3;185m[38;2;38;3;185m                              [48;2;40;5;183m[38;2;40;5;183m  [48;2;248;247;251m[38;2;205;204;209m▎[48;2;240;239;244m[38;2;252;251;254m┃[48;2;250;250;252m[38;2;250;250;252m        [48;2;143;125;211m[38;2;250;246;244m▊[48;2;37;5;188m[38;2;27;0;155m▎[48;2;38;3;185m[38;2;38;3;185m                [0m
[48;2;38;3;185m[38;2;38;3;185m                              [48;2;39;4;184m[38;2;39;4;184m  [48;2;225;221;238m[38;2;53;37;174m▂[48;2;243;242;244m[38;2;0;0;0m [48;2;250;250;252m[38;2;250;250;252m  [48;2;186;178;214m[38;2;247;245;244m▊[48;2;217;212;234m[38;2;64;40;187m▆[48;2;249;249;251m[38;2;231;231;233m▌[38;2;255;255;255m▌[48;2;250;250;252m[38;2;250;250;252m  [48;2;161;147;209m[38;2;249;244;251m▊[48;2;40;5;196m[38;2;33;9;163m▌[48;2;38;3;185m[38;2;38;3;185m                [0m
[48;2;38;3;185m[38;2;38;3;185m                                [48;2;71;49;176m[38;2;34;5;186m▊[48;2;249;248;248m[38;2;188;177;233m▎[48;2;245;240;243m[38;2;0;0;0m [48;2;236;232;235m[38;2;203;95;131m▂[48;2;200;190;225m[38;2;46;19;176m▆[48;2;40;9;185m[38;2;0;0;0m [48;2;189;196;209m[38;2;73;34;181m▆[48;2;238;231;232m[38;2;196;83;128m▂[48;2;238;237;242m[38;2;253;252;254m▊[48;2;195;194;199m[38;2;245;244;248m▊[48;2;177;164;207m[38;2;43;12;178m▆[48;2;45;10;200m[38;2;36;7;167m▘[48;2;38;3;185m[38;2;38;3;185m                [0m
[48;2;38;3;185m[38;2;38;3;185m                            [48;2;36;0;185m[38;2;36;4;161m▗[48;2;36;3;165m[38;2;36;24;60m▂[48;2;35;14;68m[38;2;203;65;98m▂▂[48;2;74;33;143m[38;2;214;76;100m▆[48;2;215;190;201m[38;2;212;74;100m▆[48;2;234;186;182m[38;2;214;79;104m▆[48;2;213;75;101m[38;2;0;0;0m [48;2;39;16;68m[38;2;212;72;103m▂▂[48;2;91;23;139m[38;2;207;72;93m▆[48;2;216;78;108m[38;2;0;0;0m [48;2;236;206;201m[38;2;223;77;110m▆[48;2;203;197;184m[38;2;190;68;93m▆[48;2;37;14;145m[38;2;6;3;16m▆▆[48;2;38;6;168m[38;2;28;16;53m▂[48;2;33;2;172m[38;2;43;5;201m▗[48;2;38;3;185m[38;2;38;3;185m              [0m
[48;2;38;3;185m[38;2;38;3;185m                            [48;2;37;1;184m[38;2;37;4;165m▝[48;2;37;21;80m[38;2;37;2;185m▆[48;2;148;47;78m[38;2;28;10;84m▆▆[48;2;168;49;82m[38;2;25;10;82m▆▆▆▆[48;2;167;48;81m[38;2;24;10;81m▆▆[48;2;168;49;82m[38;2;25;10;82m▆▆[48;2;147;47;73m[38;2;27;9;80m▆▆[48;2;8;6;13m[38;2;31;5;153m▃▃[48;2;37;21;80m[38;2;37;2;185m▆[48;2;37;1;184m[38;2;37;4;165m▘[48;2;38;3;185m[38;2;38;3;185m              [0m
[48;2;40;2;185m[38;2;40;2;185m                                                            [0m
[48;2;40;2;185m[38;2;40;2;185m                                                            [0m
