[48;2;1;1;1m[38;2;1;1;1m                                                            [0m
[48;2;1;1;1m[38;2;1;1;1m                                                            [0m
[48;2;1;1;1m[38;2;1;1;1m                                                            [0m
[48;2;1;1;1m[38;2;1;1;1m                                                            [0m
[48;2;1;1;1m[38;2;1;1;1m                            [48;2;1;1;3m[38;2;1;1;3m  [48;2;1;1;1m[38;2;1;1;1m                              [0m
[48;2;1;1;1m[38;2;1;1;1m                        [48;2;1;1;3m[38;2;1;1;3m    [48;2;3;1;6m[38;2;3;1;6m  [48;2;2;0;3m[38;2;2;0;3m  [48;2;1;0;2m[38;2;16;14;17m▄[48;2;9;8;10m[38;2;189;187;190m▄[48;2;10;8;11m[38;2;220;218;221m▄▄[48;2;12;10;13m[38;2;214;212;215m▄[48;2;36;34;37m[38;2;222;220;223m▃[48;2;5;3;6m[38;2;5;3;6m  [48;2;1;1;1m[38;2;1;1;1m                    [0m
[48;2;1;1;1m[38;2;1;1;1m                        [48;2;3;1;6m[38;2;3;1;6m      [48;2;1;1;3m[38;2;1;1;3m  [48;2;1;0;4m[38;2;23;21;26m╴[48;2;96;94;99m[38;2;16;14;19m▇[48;2;242;232;233m[38;2;197;91;122m▄[48;2;240;241;237m[38;2;0;0;0m [48;2;249;249;251m[38;2;249;249;251m  [48;2;165;160;164m[38;2;231;226;230m▊[48;2;8;4;7m[38;2;45;40;44m▎[48;2;1;1;3m[38;2;1;1;3m  [48;2;1;1;1m[38;2;1;1;1m                  [0m
[48;2;1;1;1m[38;2;1;1;1m                        [48;2;1;1;3m[38;2;1;1;3m  [48;2;3;1;6m[38;2;3;1;6m  [48;2;1;1;3m[38;2;1;1;3m    [48;2;7;2;6m[38;2;7;2;6m  [48;2;203;106;125m[38;2;195;68;87m▊[48;2;251;248;252m[38;2;250;210;218m▎[48;2;250;250;252m[38;2;250;250;252m  [48;2;175;170;174m[38;2;246;242;246m▊[48;2;6;2;5m[38;2;52;47;51m▎[48;2;1;1;3m[38;2;1;1;3m    [48;2;1;1;1m[38;2;1;1;1m                [0m
[48;2;1;1;1m[38;2;1;1;1m                    [48;2;2;2;4m[38;2;2;2;4m  [48;2;3;1;6m[38;2;3;1;6m    [48;2;1;1;3m[38;2;1;1;3m      [48;2;5;1;4m[38;2;13;8;12m▎[48;2;11;7;10m[38;2;39;34;38m▗[48;2;196;87;119m[38;2;234;220;221m▄[48;2;246;246;243m[38;2;231;229;225m╷[48;2;250;250;252m[38;2;250;250;252m  [48;2;178;173;177m[38;2;248;244;247m▊[48;2;9;4;8m[38;2;54;49;53m▎[48;2;1;1;1m[38;2;1;1;1m  [48;2;3;1;4m[38;2;3;1;4m  [48;2;1;1;3m[38;2;1;1;3m  [48;2;1;1;1m[38;2;1;1;1m              [0m
[48;2;1;1;1m[38;2;1;1;1m                [48;2;2;0;3m[38;2;2;0;3m  [48;2;3;1;4m[38;2;3;1;4m  [48;2;3;1;6m[38;2;3;1;6m    [48;2;1;1;3m[38;2;1;1;3m  [48;2;1;1;1m[38;2;1;1;1m    [48;2;5;3;6m[38;2;5;3;6m  [48;2;32;30;33m[38;2;223;221;224m▄[48;2;235;233;236m[38;2;0;0;0m [48;2;250;250;252m[38;2;250;250;252m    [48;2;252;251;253m[38;2;238;236;239m▗[48;2;247;245;247m[38;2;188;186;189m▝[48;2;28;26;29m[38;2;238;236;238m▄[48;2;21;19;22m[38;2;210;208;211m▄[48;2;6;4;7m[38;2;25;23;26m▃[48;2;1;0;2m[38;2;2;0;3m▖[48;2;1;1;3m[38;2;1;1;3m  [48;2;2;0;3m[38;2;2;0;3m  [48;2;1;1;3m[38;2;1;1;3m  [48;2;1;1;1m[38;2;1;1;1m          [0m
[48;2;1;1;1m[38;2;1;1;1m            [48;2;1;1;3m[38;2;1;1;3m  [48;2;3;1;6m[38;2;3;1;6m      [48;2;1;1;3m[38;2;1;1;3m  [48;2;1;1;1m[38;2;1;1;1m      [48;2;3;1;6m[38;2;3;1;6m  [48;2;1;0;4m[38;2;16;14;19m╸[48;2;17;15;20m[38;2;89;87;92m▁[48;2;249;249;250m[38;2;206;206;208m▎[48;2;241;241;243m[38;2;253;253;254m┃[48;2;250;250;252m[38;2;250;250;252m        [48;2;144;139;143m[38;2;240;236;239m▊[48;2;16;11;15m[38;2;95;90;94m▁[48;2;1;1;3m[38;2;1;1;3m  [48;2;1;1;1m[38;2;1;1;1m              [0m
[48;2;1;1;1m[38;2;1;1;1m            [48;2;3;1;6m[38;2;3;1;6m      [48;2;3;1;4m[38;2;3;1;4m  [48;2;1;1;3m[38;2;1;1;3m  [48;2;1;1;1m[38;2;1;1;1m    [48;2;9;8;5m[38;2;0;0;0m [48;2;69;26;36m[38;2;207;52;100m▗[48;2;48;14;21m[38;2;201;74;112m▄[48;2;40;33;32m[38;2;236;224;224m▄[48;2;52;50;53m[38;2;237;235;238m▄[48;2;237;235;238m[38;2;0;0;0m [48;2;250;250;252m[38;2;250;250;252m          [48;2;251;249;252m[38;2;235;233;236m│[48;2;141;139;142m[38;2;244;242;245m▊[48;2;4;2;7m[38;2;4;2;7m  [48;2;1;1;3m[38;2;1;1;3m  [48;2;1;1;1m[38;2;1;1;1m            [0m
[48;2;1;1;1m[38;2;1;1;1m            [48;2;1;1;3m[38;2;1;1;3m  [48;2;3;1;6m[38;2;3;1;6m  [48;2;2;0;3m[38;2;2;0;3m  [48;2;1;1;1m[38;2;1;1;1m  [48;2;3;1;6m[38;2;3;1;6m      [48;2;9;5;4m[38;2;0;0;0m [48;2;147;50;80m[38;2;13;6;5m▄[48;2;194;80;114m[38;2;30;9;11m▅[48;2;209;198;197m[38;2;14;8;7m▄[48;2;219;217;222m[38;2;9;8;12m▄▄[48;2;215;213;215m[38;2;8;6;9m▄[48;2;217;215;218m[38;2;26;24;27m▄[48;2;243;243;245m[38;2;239;239;241m▌[48;2;254;254;255m[38;2;250;250;252m▌[48;2;250;250;252m    [48;2;244;243;245m[38;2;0;0;0m [48;2;245;243;246m[38;2;144;142;145m▁[48;2;252;250;252m[38;2;244;242;245m┃[48;2;152;150;153m[38;2;243;242;244m▊[48;2;4;2;7m[38;2;4;2;7m  [48;2;1;1;3m[38;2;1;1;3m  [48;2;1;1;1m[38;2;1;1;1m            [0m
[48;2;1;1;1m[38;2;1;1;1m              [48;2;2;0;3m[38;2;2;0;3m  [48;2;1;1;3m[38;2;1;1;3m    [48;2;3;1;6m[38;2;3;1;6m      [48;2;1;1;1m[38;2;1;1;1m  [48;2;3;1;6m[38;2;3;1;6m  [48;2;1;1;3m[38;2;1;1;3m  [48;2;12;10;13m[38;2;1;0;2m┃[48;2;47;45;48m[38;2;4;3;5m▊[48;2;236;234;236m[38;2;82;80;83m▁[48;2;242;241;243m[38;2;88;86;89m▁[48;2;244;242;244m[38;2;101;99;102m▁▁[48;2;250;250;252m[38;2;250;250;252m  [48;2;155;149;153m[38;2;245;240;244m▊[48;2;55;50;53m[38;2;162;156;160m▁[48;2;250;245;249m[38;2;223;218;222m▎[48;2;169;164;168m[38;2;243;240;243m▊[48;2;5;3;8m[38;2;5;3;8m  [48;2;1;1;3m[38;2;1;1;3m  [48;2;1;1;1m[38;2;1;1;1m            [0m
[48;2;1;1;1m[38;2;1;1;1m                [48;2;3;1;4m[38;2;3;1;4m  [48;2;3;1;6m[38;2;3;1;6m  [48;2;2;0;3m[38;2;2;0;3m  [48;2;3;1;6m[38;2;3;1;6m  [48;2;2;0;3m[38;2;2;0;3m  [48;2;1;1;1m[38;2;1;1;1m  [48;2;3;1;6m[38;2;3;1;6m    [48;2;4;3;5m[38;2;14;12;15m╵[48;2;35;33;36m[38;2;6;4;7m▊[48;2;21;17;20m[38;2;214;209;213m▅[48;2;24;20;23m[38;2;178;173;177m▁[48;2;16;12;13m[38;2;185;181;182m▁[48;2;26;22;23m[38;2;183;179;180m▁[48;2;231;227;230m[38;2;69;63;67m▅▅[48;2;229;227;229m[38;2;95;93;96m▅[48;2;241;240;242m[38;2;0;0;0m [48;2;191;186;190m[38;2;246;242;245m▊[48;2;203;198;202m[38;2;26;22;25m▅[48;2;3;1;4m[38;2;3;1;4m  [48;2;1;1;1m[38;2;1;1;1m              [0m
[48;2;1;1;1m[38;2;1;1;1m                    [48;2;0;0;0m[38;2;0;0;0m  [48;2;1;1;3m[38;2;1;1;3m  [48;2;1;1;1m[38;2;1;1;1m  [48;2;1;1;3m[38;2;1;1;3m  [48;2;3;1;6m[38;2;3;1;6m  [48;2;2;0;3m[38;2;2;0;3m  [48;2;26;24;27m[38;2;9;7;10m▊[48;2;39;37;40m[38;2;212;210;213m▅[48;2;248;248;250m[38;2;248;248;250m  [48;2;249;249;251m[38;2;249;249;251m    [48;2;238;238;240m[38;2;251;251;252m▊[48;2;231;231;233m[38;2;0;0;0m [48;2;193;191;194m[38;2;26;24;27m▅[48;2;1;0;2m[38;2;6;4;7m▄[48;2;3;1;6m[38;2;3;1;6m  [48;2;1;1;3m[38;2;1;1;3m  [48;2;1;1;1m[38;2;1;1;1m            [0m
[48;2;1;1;1m[38;2;1;1;1m                        [48;2;1;1;3m[38;2;1;1;3m  [48;2;3;1;6m[38;2;3;1;6m    [48;2;2;2;4m[38;2;0;0;2m▊[48;2;12;12;14m[38;2;7;7;9m▌[48;2;42;40;43m[38;2;217;216;218m▅[48;2;240;239;241m[38;2;0;0;0m [48;2;250;250;252m[38;2;250;250;252m      [48;2;252;251;254m[38;2;244;243;248m┃[48;2;152;151;156m[38;2;243;242;246m▊[48;2;4;2;7m[38;2;20;18;23m▌[48;2;7;5;10m[38;2;1;0;4m▊[48;2;1;1;1m[38;2;1;1;1m                [0m
[48;2;1;1;1m[38;2;1;1;1m                    [48;2;2;0;3m[38;2;2;0;3m  [48;2;1;1;1m[38;2;1;1;1m  [48;2;3;1;6m[38;2;3;1;6m      [48;2;28;26;27m[38;2;6;5;5m▊[48;2;38;36;37m[38;2;212;210;211m▅[48;2;241;241;243m[38;2;251;251;252m▄[48;2;250;250;251m[38;2;240;240;242m▃[48;2;250;250;252m[38;2;250;250;252m      [48;2;244;242;245m[38;2;0;0;0m [48;2;208;206;210m[38;2;47;45;50m▁[48;2;4;4;6m[38;2;4;4;6m  [48;2;1;1;3m[38;2;1;1;3m  [48;2;1;1;1m[38;2;1;1;1m              [0m
[48;2;1;1;1m[38;2;1;1;1m                  [48;2;1;1;3m[38;2;1;1;3m  [48;2;2;0;3m[38;2;2;0;3m  [48;2;1;1;3m[38;2;1;1;3m  [48;2;3;1;6m[38;2;3;1;6m    [48;2;2;0;3m[38;2;2;0;3m  [48;2;38;36;37m[38;2;6;5;5m▊[48;2;247;245;246m[38;2;161;159;160m▎[48;2;250;250;252m[38;2;250;250;252m        [48;2;161;156;160m[38;2;247;242;246m▊[48;2;3;0;2m[38;2;38;33;37m▎[48;2;1;1;3m[38;2;1;1;3m  [48;2;2;0;3m[38;2;2;0;3m  [48;2;1;1;1m[38;2;1;1;1m              [0m
[48;2;1;1;1m[38;2;1;1;1m                  [48;2;2;0;3m[38;2;2;0;3m    [48;2;3;1;6m[38;2;3;1;6m      [48;2;3;1;4m[38;2;3;1;4m  [48;2;46;44;47m[38;2;213;211;214m▅[48;2;241;240;242m[38;2;0;0;0m [48;2;250;250;252m[38;2;250;250;252m      [48;2;252;252;254m[38;2;255;255;255m┃[48;2;194;194;196m[38;2;244;244;245m▊[48;2;188;186;189m[38;2;17;15;18m▅[48;2;1;0;2m[38;2;12;10;13m╺[48;2;3;1;6m[38;2;3;1;6m    [48;2;2;0;3m[38;2;2;0;3m  [48;2;1;1;1m[38;2;1;1;1m            [0m
[48;2;4;2;10m[38;2;23;2;126m▂▂▂▂▂▂▂▂▂▂▂▂▂▂▂▂▂▂[48;2;5;3;12m[38;2;24;2;129m▂▂[48;2;4;2;10m[38;2;23;2;126m▂▂[48;2;5;3;12m[38;2;24;2;129m▂▂▂▂▂▂[48;2;5;3;11m[38;2;24;3;127m▂▂[48;2;249;248;253m[38;2;148;147;152m▎[48;2;255;254;255m[38;2;235;234;239m│[48;2;250;250;252m[38;2;250;250;252m      [48;2;205;200;217m[38;2;243;240;241m▊[48;2;218;216;219m[38;2;43;35;78m▆[48;2;5;3;11m[38;2;24;3;127m▂▂[48;2;4;2;10m[38;2;23;2;126m▂▂[48;2;5;3;12m[38;2;24;2;129m▂▂▂▂[48;2;4;2;10m[38;2;23;2;126m▂▂▂▂▂▂▂▂▂▂▂▂[0m
[48;2;38;3;183m[38;2;38;3;183m                              [48;2;191;182;226m[38;2;41;19;173m▅[48;2;244;243;242m[38;2;210;203;238m▎[48;2;250;250;252m[38;2;250;250;252m      [48;2;187;177;229m[38;2;248;248;244m▊[48;2;33;5;181m[38;2;70;48;172m▎[48;2;38;3;183m[38;2;38;3;183m                    [0m
[48;2;38;3;183m[38;2;38;3;183m                              [48;2;70;48;175m[38;2;33;5;185m▊[48;2;248;247;247m[38;2;187;176;232m▎[48;2;250;250;252m[38;2;250;250;252m      [48;2;245;244;246m[38;2;0;0;0m [48;2;57;39;179m[38;2;214;211;229m▆[48;2;39;4;184m[38;2;39;4;184m  [48;2;38;3;183m[38;2;38;3;183m                  [0m
[48;2;38;3;185m[38;2;38;3;185m                              [48;2;41;8;186m[38;2;0;0;0m [48;2;200;189;227m[38;2;48;17;179m▆[48;2;255;254;255m[38;2;236;235;240m▌[48;2;252;251;254m[38;2;244;243;248m┃[48;2;250;250;252m[38;2;250;250;252m    [48;2;237;236;241m[38;2;247;246;250m▊[48;2;204;203;208m[38;2;248;247;251m▊[48;2;45;18;175m[38;2;203;192;229m▂[48;2;41;8;185m[38;2;0;0;0m [48;2;38;3;185m[38;2;38;3;185m                  [0m
[48;2;38;3;185m[38;2;38;3;185m                              [48;2;39;4;184m[38;2;39;4;184m  [48;2;235;234;239m[38;2;255;254;255m┃[48;2;250;249;254m[38;2;253;252;255m│[48;2;250;250;252m[38;2;250;250;252m      [48;2;184;173;229m[38;2;246;244;245m▊[48;2;30;3;182m[38;2;67;45;172m▎[48;2;38;3;185m[38;2;38;3;185m                  [0m
[48;2;38;3;185m[38;2;38;3;185m                              [48;2;39;4;184m[38;2;39;4;184m  [48;2;204;197;222m[38;2;47;23;175m▆[48;2;245;243;247m[38;2;206;198;240m▎[48;2;244;240;242m[38;2;0;0;0m [48;2;235;231;234m[38;2;202;94;130m▂[48;2;184;174;218m[38;2;48;26;176m▅[48;2;231;228;236m[38;2;55;31;171m▂[48;2;243;233;235m[38;2;205;70;93m▂▂[48;2;213;208;221m[38;2;208;79;133m▂[48;2;43;13;184m[38;2;51;9;160m▖[48;2;38;3;185m[38;2;38;3;185m                  [0m
[48;2;38;3;185m[38;2;38;3;185m                            [48;2;36;0;185m[38;2;36;4;161m▗[48;2;36;3;165m[38;2;36;24;60m▂[48;2;35;14;68m[38;2;203;65;98m▂▂[48;2;74;33;143m[38;2;214;76;100m▆[48;2;215;190;201m[38;2;212;74;100m▆[48;2;234;187;183m[38;2;215;80;105m▆[48;2;214;76;102m[38;2;0;0;0m [48;2;81;39;144m[38;2;214;73;101m▆▆[48;2;216;74;100m[38;2;216;74;100m  [48;2;197;65;97m[38;2;23;8;14m▂[48;2;127;48;89m[38;2;19;17;25m▂[48;2;33;9;129m[38;2;11;4;21m▅[48;2;38;7;173m[38;2;16;2;62m▃[48;2;38;3;185m[38;2;38;3;185m                [0m
[48;2;38;3;185m[38;2;38;3;185m                            [48;2;37;1;184m[38;2;37;4;165m▝[48;2;37;21;80m[38;2;37;2;185m▆[48;2;148;47;78m[38;2;28;10;84m▆▆[48;2;168;49;82m[38;2;25;10;82m▆▆▆▆[48;2;167;48;81m[38;2;24;10;81m▆▆[48;2;148;48;74m[38;2;28;10;81m▆▆[48;2;8;3;24m[38;2;39;10;180m▂▂[48;2;17;7;46m[38;2;37;4;182m▂[48;2;32;17;85m[38;2;33;2;170m▆[48;2;38;3;185m[38;2;38;3;185m                [0m
[48;2;40;2;185m[38;2;40;2;185m                                                            [0m
[48;2;40;2;185m[38;2;40;2;185m                                                            [0m
