[48;2;1;1;1m[38;2;1;1;1m                                                            [0m
[48;2;1;1;1m[38;2;1;1;1m                                                            [0m
[48;2;1;1;1m[38;2;1;1;1m                                                            [0m
[48;2;1;1;1m[38;2;1;1;1m                                                            [0m
[48;2;1;1;1m[38;2;1;1;1m                            [48;2;1;1;3m[38;2;1;1;3m  [48;2;1;1;1m[38;2;1;1;1m      [48;2;4;4;4m[38;2;4;4;4m  [48;2;2;2;2m[38;2;2;2;2m  [48;2;1;1;1m[38;2;1;1;1m                    [0m
[48;2;1;1;1m[38;2;1;1;1m                        [48;2;1;1;3m[38;2;1;1;3m    [48;2;3;1;6m[38;2;3;1;6m  [48;2;2;0;3m[38;2;2;0;3m  [48;2;1;1;3m[38;2;1;1;3m  [48;2;14;10;13m[38;2;0;0;0m [48;2;32;28;31m[38;2;210;206;209m▄[48;2;122;120;123m[38;2;245;243;245m▇▇[48;2;121;116;120m[38;2;235;231;234m▇[48;2;25;21;24m[38;2;199;194;198m▄[48;2;2;2;2m[38;2;2;2;2m  [48;2;1;1;1m[38;2;1;1;1m                  [0m
[48;2;1;1;1m[38;2;1;1;1m                        [48;2;3;1;6m[38;2;3;1;6m      [48;2;1;1;3m[38;2;1;1;3m  [48;2;3;1;6m[38;2;3;1;6m  [48;2;68;66;69m[38;2;8;6;9m▊[48;2;251;249;252m[38;2;192;190;193m▎[48;2;250;250;252m[38;2;250;250;252m  [48;2;241;241;243m[38;2;254;254;255m┃[48;2;182;182;184m[38;2;245;245;246m▊[48;2;1;0;2m[38;2;36;34;37m▎[48;2;2;0;3m[38;2;9;7;10m┃[48;2;1;1;1m[38;2;1;1;1m                  [0m
[48;2;1;1;1m[38;2;1;1;1m                        [48;2;1;1;3m[38;2;1;1;3m  [48;2;3;1;6m[38;2;3;1;6m  [48;2;1;1;3m[38;2;1;1;3m    [48;2;4;2;5m[38;2;4;2;5m  [48;2;71;66;70m[38;2;11;6;10m▊[48;2;253;249;252m[38;2;195;190;194m▎[48;2;250;250;252m[38;2;250;250;252m  [48;2;240;240;242m[38;2;253;253;254m┃[48;2;181;181;183m[38;2;244;244;245m▊[48;2;4;2;7m[38;2;20;18;23m▌[48;2;7;5;10m[38;2;1;0;4m▊[48;2;1;1;3m[38;2;1;1;3m  [48;2;1;1;1m[38;2;1;1;1m                [0m
[48;2;1;1;1m[38;2;1;1;1m                    [48;2;2;2;4m[38;2;2;2;4m  [48;2;3;1;6m[38;2;3;1;6m    [48;2;1;1;3m[38;2;1;1;3m    [48;2;14;12;15m[38;2;0;0;0m [48;2;18;16;19m[38;2;206;204;207m▄[48;2;30;26;29m[38;2;233;229;232m▄[48;2;171;166;170m[38;2;240;236;239m▇[48;2;175;175;177m[38;2;245;245;247m▇[48;2;255;255;255m[38;2;241;241;243m━[48;2;250;250;252m[38;2;250;250;252m  [48;2;244;244;246m[38;2;251;251;252m▖[48;2;250;250;251m[38;2;205;205;207m▝[48;2;23;21;24m[38;2;199;197;200m▄[48;2;17;16;18m[38;2;0;0;0m [48;2;5;3;6m[38;2;5;3;6m  [48;2;1;1;3m[38;2;1;1;3m  [48;2;1;1;1m[38;2;1;1;1m              [0m
[48;2;1;1;1m[38;2;1;1;1m                [48;2;2;0;3m[38;2;2;0;3m  [48;2;3;1;4m[38;2;3;1;4m  [48;2;3;1;6m[38;2;3;1;6m    [48;2;1;1;3m[38;2;1;1;3m  [48;2;1;1;1m[38;2;1;1;1m  [48;2;4;2;3m[38;2;1;0;0m▆[48;2;5;3;4m[38;2;33;31;32m▂[48;2;28;27;29m[38;2;210;208;211m▄[48;2;237;236;238m[38;2;0;0;0m [48;2;250;250;252m[38;2;250;250;252m        [48;2;239;239;241m[38;2;249;249;250m▆[48;2;225;225;227m[38;2;252;252;252m▆[48;2;224;222;225m[38;2;0;0;0m [48;2;30;28;31m[38;2;209;207;210m▄[48;2;5;4;6m[38;2;24;22;25m▃[48;2;1;0;2m[38;2;3;1;4m▖[48;2;2;0;3m[38;2;2;0;3m  [48;2;1;1;3m[38;2;1;1;3m  [48;2;1;1;1m[38;2;1;1;1m          [0m
[48;2;1;1;1m[38;2;1;1;1m            [48;2;1;1;3m[38;2;1;1;3m  [48;2;3;1;6m[38;2;3;1;6m      [48;2;1;1;3m[38;2;1;1;3m  [48;2;1;1;1m[38;2;1;1;1m      [48;2;30;28;31m[38;2;204;202;205m▄[48;2;231;229;231m[38;2;0;0;0m [48;2;250;250;252m[38;2;250;250;252m              [48;2;126;124;127m[38;2;236;234;236m▊[48;2;14;13;15m[38;2;74;72;75m▁[48;2;1;1;1m[38;2;1;1;1m              [0m
[48;2;1;1;1m[38;2;1;1;1m            [48;2;3;1;6m[38;2;3;1;6m      [48;2;3;1;4m[38;2;3;1;4m  [48;2;1;1;3m[38;2;1;1;3m  [48;2;1;1;1m[38;2;1;1;1m    [48;2;3;1;6m[38;2;3;1;6m  [48;2;229;227;230m[38;2;133;131;134m▎[48;2;245;244;246m[38;2;227;225;227m▁[48;2;243;241;243m[38;2;0;0;0m [48;2;216;215;217m[38;2;44;42;45m▄[48;2;238;238;240m[38;2;137;137;139m▁[48;2;248;248;249m[38;2;0;0;0m [48;2;250;250;252m[38;2;250;250;252m          [48;2;251;249;252m[38;2;235;233;236m│[48;2;141;139;142m[38;2;244;242;245m▊[48;2;1;0;0m[38;2;7;5;6m▅▄[48;2;1;1;1m[38;2;1;1;1m            [0m
[48;2;1;1;1m[38;2;1;1;1m            [48;2;1;1;3m[38;2;1;1;3m  [48;2;3;1;6m[38;2;3;1;6m  [48;2;2;0;3m[38;2;2;0;3m  [48;2;1;1;1m[38;2;1;1;1m  [48;2;3;1;6m[38;2;3;1;6m      [48;2;2;0;3m[38;2;2;0;3m  [48;2;22;20;23m[38;2;1;0;2m▊[48;2;225;224;226m[38;2;134;132;135m▎[48;2;243;235;234m[38;2;217;157;172m▁[48;2;50;45;41m[38;2;206;76;114m▄[48;2;51;45;47m[38;2;15;9;11m▊[48;2;224;219;221m[38;2;124;118;120m▁[48;2;250;250;252m[38;2;250;250;252m      [48;2;244;242;245m[38;2;255;254;255m┃[48;2;229;227;230m[38;2;110;108;111m▁[48;2;213;212;214m[38;2;51;49;52m▄[48;2;247;245;248m[38;2;236;235;237m▎[48;2;250;250;252m[38;2;250;250;252m  [48;2;111;109;110m[38;2;240;238;239m▊[48;2;1;0;0m[38;2;25;23;24m▎[48;2;1;1;1m[38;2;1;1;1m            [0m
[48;2;1;1;1m[38;2;1;1;1m              [48;2;2;0;3m[38;2;2;0;3m  [48;2;1;1;3m[38;2;1;1;3m    [48;2;3;1;6m[38;2;3;1;6m      [48;2;1;1;1m[38;2;1;1;1m  [48;2;3;1;6m[38;2;3;1;6m  [48;2;192;61;84m[38;2;23;10;14m▅▅[48;2;16;11;15m[38;2;4;0;3m┃[48;2;51;46;50m[38;2;8;3;7m▊[48;2;236;234;236m[38;2;82;80;83m▁[48;2;242;241;243m[38;2;88;86;89m▁[48;2;240;240;242m[38;2;128;128;130m▁[48;2;248;248;249m[38;2;0;0;0m [48;2;250;250;252m[38;2;250;250;252m  [48;2;150;145;149m[38;2;245;241;244m▊[48;2;65;60;64m[38;2;23;19;22m▊[48;2;52;50;53m[38;2;226;224;227m▅[48;2;249;248;250m[38;2;232;230;233m▎[48;2;242;240;243m[38;2;0;0;0m [48;2;226;225;227m[38;2;86;84;87m▁[48;2;199;197;198m[38;2;20;19;19m▅[48;2;1;0;0m[38;2;5;3;4m▄[48;2;1;1;1m[38;2;1;1;1m            [0m
[48;2;1;1;1m[38;2;1;1;1m                [48;2;3;1;4m[38;2;3;1;4m  [48;2;3;1;6m[38;2;3;1;6m  [48;2;2;0;3m[38;2;2;0;3m  [48;2;3;1;6m[38;2;3;1;6m  [48;2;2;0;3m[38;2;2;0;3m  [48;2;1;1;1m[38;2;1;1;1m  [48;2;3;1;6m[38;2;3;1;6m    [48;2;1;0;2m[38;2;18;16;19m▄[48;2;22;21;23m[38;2;147;145;148m▁[48;2;21;17;20m[38;2;214;209;213m▅[48;2;24;20;23m[38;2;178;173;177m▁[48;2;25;20;21m[38;2;179;173;175m▁[48;2;215;210;212m[38;2;76;70;72m▅[48;2;232;227;231m[38;2;70;64;68m▅▅[48;2;212;205;208m[38;2;68;59;62m▅[48;2;30;22;24m[38;2;0;0;0m [48;2;239;236;232m[38;2;202;92;123m▅[48;2;246;238;236m[38;2;229;129;157m▁[48;2;109;104;108m[38;2;213;209;212m▊[48;2;3;0;2m[38;2;6;1;5m▄[48;2;1;1;1m[38;2;1;1;1m              [0m
[48;2;1;1;1m[38;2;1;1;1m                    [48;2;0;0;0m[38;2;0;0;0m  [48;2;1;1;3m[38;2;1;1;3m  [48;2;1;1;1m[38;2;1;1;1m  [48;2;1;1;3m[38;2;1;1;3m  [48;2;3;1;6m[38;2;3;1;6m  [48;2;3;1;4m[38;2;3;1;4m  [48;2;28;26;29m[38;2;140;138;141m▁[48;2;243;241;244m[38;2;195;193;196m▎[48;2;250;250;252m[38;2;250;250;252m  [48;2;249;249;251m[38;2;249;249;251m    [48;2;235;231;235m[38;2;0;0;0m [48;2;48;43;47m[38;2;206;202;206m▅[48;2;200;57;93m[38;2;45;20;17m▅[48;2;176;57;85m[38;2;53;41;32m▁[48;2;3;1;6m[38;2;3;1;6m  [48;2;1;1;3m[38;2;1;1;3m  [48;2;1;1;1m[38;2;1;1;1m            [0m
[48;2;1;1;1m[38;2;1;1;1m                        [48;2;1;1;3m[38;2;1;1;3m  [48;2;3;1;6m[38;2;3;1;6m    [48;2;1;0;2m[38;2;6;4;7m▄[48;2;23;22;24m[38;2;159;157;160m▁[48;2;249;249;250m[38;2;206;206;208m▎[48;2;241;241;243m[38;2;253;253;254m┃[48;2;250;250;252m[38;2;250;250;252m      [48;2;252;251;254m[38;2;244;243;248m┃[48;2;152;151;156m[38;2;243;242;246m▊[48;2;4;2;7m[38;2;20;18;23m▌[48;2;7;5;10m[38;2;1;0;4m▊[48;2;1;1;1m[38;2;1;1;1m                [0m
[48;2;1;1;1m[38;2;1;1;1m                    [48;2;2;0;3m[38;2;2;0;3m  [48;2;1;1;1m[38;2;1;1;1m  [48;2;3;1;6m[38;2;3;1;6m      [48;2;38;36;37m[38;2;6;5;5m▊[48;2;247;245;246m[38;2;161;159;160m▎[48;2;250;250;252m[38;2;250;250;252m        [48;2;252;251;254m[38;2;244;243;248m┃[48;2;152;151;156m[38;2;243;242;246m▊[48;2;3;3;5m[38;2;19;19;21m▌[48;2;6;6;8m[38;2;0;0;2m▊[48;2;1;1;3m[38;2;1;1;3m  [48;2;1;1;1m[38;2;1;1;1m              [0m
[48;2;1;1;1m[38;2;1;1;1m                  [48;2;1;1;3m[38;2;1;1;3m  [48;2;2;0;3m[38;2;2;0;3m  [48;2;1;1;3m[38;2;1;1;3m  [48;2;3;1;6m[38;2;3;1;6m    [48;2;2;0;3m[38;2;2;0;3m  [48;2;38;36;37m[38;2;6;5;5m▊[48;2;247;245;246m[38;2;161;159;160m▎[48;2;250;250;252m[38;2;250;250;252m        [48;2;189;184;188m[38;2;245;241;244m▊[48;2;192;187;191m[38;2;26;22;25m▅[48;2;2;2;4m[38;2;2;2;4m  [48;2;2;0;3m[38;2;2;0;3m  [48;2;1;1;1m[38;2;1;1;1m              [0m
[48;2;1;1;1m[38;2;1;1;1m                  [48;2;2;0;3m[38;2;2;0;3m    [48;2;3;1;6m[38;2;3;1;6m      [48;2;1;1;3m[38;2;1;1;3m  [48;2;38;36;39m[38;2;6;5;7m▊[48;2;247;245;248m[38;2;161;159;162m▎[48;2;250;250;252m[38;2;250;250;252m        [48;2;138;133;137m[38;2;246;242;245m▊[48;2;5;1;4m[38;2;39;34;38m▎[48;2;3;1;6m[38;2;3;1;6m    [48;2;2;0;3m[38;2;2;0;3m  [48;2;1;1;1m[38;2;1;1;1m            [0m
[48;2;4;2;10m[38;2;23;2;126m▂▂▂▂▂▂▂▂▂▂▂▂▂▂▂▂▂▂[48;2;5;3;12m[38;2;24;2;129m▂▂[48;2;4;2;10m[38;2;23;2;126m▂▂[48;2;5;3;12m[38;2;24;2;129m▂▂▂▂▂▂[48;2;4;2;10m[38;2;23;2;126m▂▂[48;2;12;7;16m[38;2;31;8;134m▂[48;2;114;101;154m[38;2;14;11;11m━[48;2;255;255;255m[38;2;236;236;238m▌[48;2;252;252;253m[38;2;244;244;246m┃[48;2;250;250;252m[38;2;250;250;252m    [48;2;248;248;250m[38;2;248;248;250m  [48;2;207;201;216m[38;2;50;18;189m▁[48;2;20;15;31m[38;2;47;15;186m▁[48;2;4;2;10m[38;2;23;2;126m▂▂[48;2;5;3;12m[38;2;24;2;129m▂▂▂▂[48;2;4;2;10m[38;2;23;2;126m▂▂▂▂▂▂▂▂▂▂▂▂[0m
[48;2;38;3;183m[38;2;38;3;183m                              [48;2;39;4;182m[38;2;39;4;182m  [48;2;248;247;251m[38;2;205;204;209m▎[48;2;240;239;244m[38;2;252;251;254m┃[48;2;250;250;252m[38;2;250;250;252m    [48;2;255;254;255m[38;2;246;245;251m▌[48;2;175;174;180m[38;2;246;245;249m▊[48;2;39;4;182m[38;2;39;4;182m  [48;2;38;3;183m[38;2;38;3;183m                  [0m
[48;2;38;3;183m[38;2;38;3;183m                              [48;2;39;4;184m[38;2;39;4;184m  [48;2;225;224;227m[38;2;70;52;179m▂[48;2;246;245;250m[38;2;0;0;0m [48;2;250;250;252m[38;2;250;250;252m    [48;2;242;242;242m[38;2;0;0;0m [48;2;221;217;236m[38;2;65;46;172m▂[48;2;39;4;184m[38;2;39;4;184m  [48;2;38;3;183m[38;2;38;3;183m                  [0m
[48;2;38;3;185m[38;2;38;3;185m                                [48;2;70;48;175m[38;2;33;5;185m▊[48;2;248;247;247m[38;2;187;176;232m▎[48;2;250;250;252m[38;2;250;250;252m    [48;2;175;162;218m[38;2;251;247;248m▊[48;2;39;11;171m[38;2;48;13;203m│[48;2;38;3;185m[38;2;38;3;185m                    [0m
[48;2;38;3;185m[38;2;38;3;185m                                [48;2;41;12;175m[38;2;50;15;206m│[48;2;252;248;250m[38;2;177;163;222m▎[48;2;250;250;252m[38;2;250;250;252m    [48;2;175;162;218m[38;2;251;247;248m▊[48;2;39;11;171m[38;2;48;13;203m│[48;2;38;3;185m[38;2;38;3;185m                    [0m
[48;2;38;3;185m[38;2;38;3;185m                                [48;2;70;47;177m[38;2;33;4;186m▊[48;2;248;247;248m[38;2;187;176;234m▎[48;2;245;241;241m[38;2;0;0;0m [48;2;234;233;233m[38;2;214;89;129m▂[48;2;178;177;218m[38;2;132;55;136m▅[48;2;237;228;230m[38;2;201;69;85m▂[48;2;219;209;226m[38;2;184;71;122m▂[48;2;40;7;187m[38;2;59;24;153m▎[48;2;38;3;185m[38;2;38;3;185m                    [0m
[48;2;38;3;185m[38;2;38;3;185m                            [48;2;36;0;185m[38;2;36;4;161m▗[48;2;36;3;165m[38;2;36;24;60m▂[48;2;35;14;68m[38;2;203;65;98m▂▂[48;2;74;33;143m[38;2;214;76;100m▆[48;2;215;190;201m[38;2;212;74;100m▆[48;2;238;186;183m[38;2;216;80;105m▆[48;2;215;75;102m[38;2;0;0;0m [48;2;216;74;100m[38;2;216;74;100m  [48;2;190;67;87m[38;2;44;24;37m▃[48;2;44;12;116m[38;2;19;6;25m▆[48;2;38;6;166m[38;2;28;17;52m▂[48;2;33;2;170m[38;2;43;6;199m▗[48;2;38;3;185m[38;2;38;3;185m                  [0m
[48;2;38;3;185m[38;2;38;3;185m                            [48;2;37;1;184m[38;2;37;4;165m▝[48;2;37;21;80m[38;2;37;2;185m▆[48;2;148;47;78m[38;2;28;10;84m▆▆[48;2;168;49;82m[38;2;25;10;82m▆▆▆▆[48;2;148;47;76m[38;2;28;10;82m▆▆[48;2;8;6;12m[38;2;31;5;151m▃▃[48;2;37;22;78m[38;2;37;2;183m▆[48;2;37;2;182m[38;2;37;5;163m▘[48;2;38;3;185m[38;2;38;3;185m                  [0m
[48;2;40;2;185m[38;2;40;2;185m                                                            [0m
[48;2;40;2;185m[38;2;40;2;185m                                                            [0m
