[48;2;1;1;1m[38;2;1;1;1m                                                            [0m
[48;2;1;1;1m[38;2;1;1;1m                                                            [0m
[48;2;1;1;1m[38;2;1;1;1m                                                            [0m
[48;2;1;1;1m[38;2;1;1;1m                                                            [0m
[48;2;1;1;1m[38;2;1;1;1m                            [48;2;1;1;3m[38;2;1;1;3m  [48;2;1;1;1m[38;2;1;1;1m      [38;2;11;11;11m▃▃[48;2;2;2;2m[38;2;2;2;2m  [48;2;1;1;1m[38;2;1;1;1m                    [0m
[48;2;1;1;1m[38;2;1;1;1m                        [48;2;1;1;3m[38;2;1;1;3m    [48;2;3;1;6m[38;2;3;1;6m  [48;2;2;0;3m[38;2;2;0;3m  [48;2;1;1;3m[38;2;1;1;3m  [48;2;14;10;13m[38;2;0;0;0m [48;2;32;28;31m[38;2;210;206;209m▄[48;2;122;120;123m[38;2;245;243;245m▇▇[48;2;121;116;120m[38;2;235;231;234m▇[48;2;25;21;24m[38;2;199;194;198m▄[48;2;2;2;2m[38;2;2;2;2m  [48;2;1;1;1m[38;2;1;1;1m                  [0m
[48;2;1;1;1m[38;2;1;1;1m                        [48;2;3;1;6m[38;2;3;1;6m      [48;2;1;1;3m[38;2;1;1;3m  [48;2;3;1;6m[38;2;3;1;6m  [48;2;68;66;69m[38;2;8;6;9m▊[48;2;251;249;252m[38;2;192;190;193m▎[48;2;250;250;252m[38;2;250;250;252m  [48;2;241;241;243m[38;2;254;254;255m┃[48;2;182;182;184m[38;2;245;245;246m▊[48;2;1;0;2m[38;2;36;34;37m▎[48;2;2;0;3m[38;2;9;7;10m┃[48;2;1;1;1m[38;2;1;1;1m                  [0m
[48;2;1;1;1m[38;2;1;1;1m                        [48;2;1;1;3m[38;2;1;1;3m  [48;2;3;1;6m[38;2;3;1;6m  [48;2;1;1;3m[38;2;1;1;3m    [48;2;4;2;5m[38;2;4;2;5m  [48;2;71;66;70m[38;2;11;6;10m▊[48;2;253;249;252m[38;2;195;190;194m▎[48;2;250;250;252m[38;2;250;250;252m  [48;2;240;240;242m[38;2;253;253;254m┃[48;2;181;181;183m[38;2;244;244;245m▊[48;2;4;2;7m[38;2;20;18;23m▌[48;2;7;5;10m[38;2;1;0;4m▊[48;2;1;1;3m[38;2;1;1;3m  [48;2;1;1;1m[38;2;1;1;1m                [0m
[48;2;1;1;1m[38;2;1;1;1m                    [48;2;2;2;4m[38;2;2;2;4m  [48;2;3;1;6m[38;2;3;1;6m    [48;2;1;1;3m[38;2;1;1;3m    [48;2;14;12;15m[38;2;0;0;0m [48;2;18;16;19m[38;2;206;204;207m▄[48;2;30;26;29m[38;2;233;229;232m▄[48;2;171;166;170m[38;2;240;236;239m▇[48;2;175;175;177m[38;2;245;245;247m▇[48;2;255;255;255m[38;2;241;241;243m━[48;2;250;250;252m[38;2;250;250;252m  [48;2;244;244;246m[38;2;251;251;252m▖[48;2;250;250;251m[38;2;205;205;207m▝[48;2;23;21;24m[38;2;199;197;200m▄[48;2;17;16;18m[38;2;0;0;0m [48;2;5;3;6m[38;2;5;3;6m  [48;2;1;1;3m[38;2;1;1;3m  [48;2;1;1;1m[38;2;1;1;1m              [0m
[48;2;1;1;1m[38;2;1;1;1m                [48;2;2;0;3m[38;2;2;0;3m  [48;2;3;1;4m[38;2;3;1;4m  [48;2;3;1;6m[38;2;3;1;6m    [48;2;1;1;3m[38;2;1;1;3m  [48;2;1;1;1m[38;2;1;1;1m    [48;2;30;28;31m[38;2;207;205;208m▄[48;2;239;237;239m[38;2;0;0;0m [48;2;250;250;252m[38;2;250;250;252m        [48;2;239;239;241m[38;2;249;249;250m▆[48;2;225;225;227m[38;2;252;252;252m▆[48;2;228;226;228m[38;2;0;0;0m [48;2;25;23;26m[38;2;204;202;204m▄[48;2;3;1;4m[38;2;3;1;4m  [48;2;2;0;3m[38;2;2;0;3m  [48;2;1;1;3m[38;2;1;1;3m  [48;2;1;1;1m[38;2;1;1;1m          [0m
[48;2;1;1;1m[38;2;1;1;1m            [48;2;1;1;3m[38;2;1;1;3m  [48;2;3;1;6m[38;2;3;1;6m      [48;2;1;1;3m[38;2;1;1;3m  [48;2;1;1;1m[38;2;1;1;1m      [48;2;25;23;26m[38;2;1;0;2m┃[48;2;31;29;32m[38;2;207;205;208m▄[48;2;238;238;239m[38;2;0;0;0m [48;2;249;249;250m[38;2;232;232;234m╵[48;2;250;250;252m[38;2;250;250;252m          [48;2;249;249;251m[38;2;255;255;255m▌[48;2;245;245;247m[38;2;191;191;193m▝[48;2;31;29;32m[38;2;196;195;197m▄[48;2;9;8;10m[38;2;0;0;0m [48;2;1;1;1m[38;2;1;1;1m              [0m
[48;2;1;1;1m[38;2;1;1;1m            [48;2;3;1;6m[38;2;3;1;6m      [48;2;3;1;4m[38;2;3;1;4m  [48;2;1;1;3m[38;2;1;1;3m  [48;2;1;1;1m[38;2;1;1;1m    [48;2;3;1;6m[38;2;3;1;6m  [48;2;1;0;4m[38;2;23;21;26m▄[48;2;245;243;248m[38;2;146;144;149m▎[48;2;247;247;249m[38;2;247;247;249m  [48;2;216;214;217m[38;2;38;36;39m▄[48;2;249;247;249m[38;2;209;207;210m▎[48;2;250;250;252m[38;2;250;250;252m          [48;2;233;231;234m[38;2;0;0;0m [48;2;35;33;36m[38;2;203;201;204m▄[48;2;1;1;3m[38;2;1;1;3m  [48;2;1;1;1m[38;2;1;1;1m            [0m
[48;2;1;1;1m[38;2;1;1;1m            [48;2;1;1;3m[38;2;1;1;3m  [48;2;3;1;6m[38;2;3;1;6m  [48;2;2;0;3m[38;2;2;0;3m  [48;2;1;1;1m[38;2;1;1;1m  [48;2;3;1;6m[38;2;3;1;6m      [48;2;2;0;3m[38;2;2;0;3m  [48;2;9;8;12m[38;2;0;0;0m [48;2;201;199;204m[38;2;26;25;29m▅[48;2;236;236;237m[38;2;0;0;0m [48;2;203;203;205m[38;2;249;249;250m▊[48;2;35;31;34m[38;2;139;134;138m▁[48;2;224;219;223m[38;2;45;40;44m▅[48;2;243;243;245m[38;2;239;239;241m▌[48;2;254;254;255m[38;2;250;250;252m▌[48;2;250;250;252m    [48;2;249;249;251m[38;2;255;255;255m▌[48;2;245;245;247m[38;2;191;191;193m▗[48;2;213;212;214m[38;2;51;49;52m▄[48;2;247;245;248m[38;2;236;235;237m▎[48;2;246;244;247m[38;2;246;244;247m▄[48;2;136;134;137m[38;2;249;247;250m▊[48;2;2;0;3m[38;2;2;0;3m  [48;2;1;1;1m[38;2;1;1;1m            [0m
[48;2;1;1;1m[38;2;1;1;1m              [48;2;2;0;3m[38;2;2;0;3m  [48;2;1;1;3m[38;2;1;1;3m    [48;2;3;1;6m[38;2;3;1;6m      [48;2;1;1;1m[38;2;1;1;1m  [48;2;3;1;6m[38;2;3;1;6m  [48;2;217;210;213m[38;2;39;31;33m▅[48;2;236;228;231m[38;2;170;161;164m▁[48;2;228;226;229m[38;2;112;110;113m▁[48;2;15;13;16m[38;2;62;60;63m▎[48;2;232;227;231m[38;2;21;17;20m▅▅[48;2;233;231;233m[38;2;38;36;39m▅[48;2;234;233;235m[38;2;114;112;115m▁[48;2;245;243;246m[38;2;91;89;92m▁▁[48;2;228;224;227m[38;2;94;89;93m▁[48;2;213;209;213m[38;2;29;24;28m▅[48;2;124;122;125m[38;2;13;12;14m▊[48;2;252;250;253m[38;2;255;254;255m┃[48;2;244;243;245m[38;2;0;0;0m [48;2;197;195;198m [48;2;1;1;1m[38;2;1;1;1m              [0m
[48;2;1;1;1m[38;2;1;1;1m                [48;2;3;1;4m[38;2;3;1;4m  [48;2;3;1;6m[38;2;3;1;6m  [48;2;2;0;3m[38;2;2;0;3m  [48;2;3;1;6m[38;2;3;1;6m  [48;2;2;0;3m[38;2;2;0;3m  [48;2;1;1;1m[38;2;1;1;1m  [48;2;3;1;6m[38;2;3;1;6m  [48;2;16;1;8m[38;2;0;5;6m┃[48;2;219;72;100m[38;2;114;36;50m▎[48;2;31;23;25m[38;2;168;159;162m▁[48;2;21;14;15m[38;2;222;215;218m▅[48;2;20;18;19m[38;2;230;228;229m▅▅[48;2;20;18;21m[38;2;230;228;231m▅▅[48;2;19;17;20m[38;2;229;227;230m▅▅[48;2;17;12;16m[38;2;206;201;205m▅[48;2;7;2;6m[38;2;3;0;2m┃[48;2;139;121;125m[38;2;37;16;21m▊[48;2;237;233;233m[38;2;223;109;145m▁[48;2;126;118;121m[38;2;229;222;226m▊[48;2;7;1;1m[38;2;31;23;26m▎[48;2;1;1;1m[38;2;1;1;1m              [0m
[48;2;1;1;1m[38;2;1;1;1m                    [48;2;0;0;0m[38;2;0;0;0m  [48;2;1;1;3m[38;2;1;1;3m  [48;2;1;1;1m[38;2;1;1;1m  [48;2;1;1;3m[38;2;1;1;3m  [48;2;3;1;6m[38;2;3;1;6m  [48;2;8;5;3m[38;2;0;0;0m [48;2;169;62;96m[38;2;77;61;63m▅[48;2;255;254;255m[38;2;237;235;238m▌[48;2;253;251;253m[38;2;245;243;246m┃[48;2;250;250;252m[38;2;250;250;252m      [48;2;236;232;235m[38;2;0;0;0m [48;2;50;44;48m[38;2;208;203;206m▅[48;2;190;72;96m[38;2;54;24;19m▅[48;2;217;67;102m[38;2;187;59;86m▎[48;2;93;33;44m[38;2;177;59;79m▊[48;2;7;3;8m[38;2;21;15;14m▎[48;2;1;1;3m[38;2;1;1;3m  [48;2;1;1;1m[38;2;1;1;1m            [0m
[48;2;1;1;1m[38;2;1;1;1m                        [48;2;1;1;3m[38;2;1;1;3m  [48;2;3;1;6m[38;2;3;1;6m    [48;2;38;36;37m[38;2;6;5;5m▊[48;2;247;245;246m[38;2;161;159;160m▎[48;2;250;250;252m[38;2;250;250;252m        [48;2;252;251;254m[38;2;244;243;248m┃[48;2;152;151;156m[38;2;243;242;246m▊[48;2;17;15;12m[38;2;46;19;25m▎[48;2;184;54;96m[38;2;28;11;14m▆[48;2;1;1;1m[38;2;1;1;1m                [0m
[48;2;1;1;1m[38;2;1;1;1m                    [48;2;2;0;3m[38;2;2;0;3m  [48;2;1;1;1m[38;2;1;1;1m  [48;2;3;1;6m[38;2;3;1;6m      [48;2;38;36;37m[38;2;6;5;5m▊[48;2;247;245;246m[38;2;161;159;160m▎[48;2;250;250;252m[38;2;250;250;252m        [48;2;252;251;254m[38;2;244;243;248m┃[48;2;152;151;156m[38;2;243;242;246m▊[48;2;3;3;5m[38;2;19;19;21m▌[48;2;6;6;8m[38;2;0;0;2m▊[48;2;1;1;3m[38;2;1;1;3m  [48;2;1;1;1m[38;2;1;1;1m              [0m
[48;2;1;1;1m[38;2;1;1;1m                  [48;2;1;1;3m[38;2;1;1;3m  [48;2;2;0;3m[38;2;2;0;3m  [48;2;1;1;3m[38;2;1;1;3m  [48;2;3;1;6m[38;2;3;1;6m    [48;2;2;0;3m[38;2;2;0;3m  [48;2;38;36;37m[38;2;6;5;5m▊[48;2;247;245;246m[38;2;161;159;160m▎[48;2;250;250;252m[38;2;250;250;252m        [48;2;241;240;243m[38;2;0;0;0m [48;2;208;206;211m[38;2;36;34;39m▁[48;2;4;2;5m[38;2;4;2;5m  [48;2;2;0;3m[38;2;2;0;3m  [48;2;1;1;1m[38;2;1;1;1m              [0m
[48;2;1;1;1m[38;2;1;1;1m                  [48;2;2;0;3m[38;2;2;0;3m    [48;2;3;1;6m[38;2;3;1;6m      [48;2;1;1;3m[38;2;1;1;3m  [48;2;38;36;39m[38;2;6;5;7m▊[48;2;247;245;248m[38;2;161;159;162m▎[48;2;250;250;252m[38;2;250;250;252m        [48;2;138;133;137m[38;2;246;242;245m▊[48;2;5;1;4m[38;2;39;34;38m▎[48;2;3;1;6m[38;2;3;1;6m    [48;2;2;0;3m[38;2;2;0;3m  [48;2;1;1;1m[38;2;1;1;1m            [0m
[48;2;4;2;10m[38;2;23;2;126m▂▂▂▂▂▂▂▂▂▂▂▂▂▂▂▂▂▂[48;2;5;3;12m[38;2;24;2;129m▂▂[48;2;4;2;10m[38;2;23;2;126m▂▂[48;2;5;3;12m[38;2;24;2;129m▂▂▂▂▂▂[48;2;4;2;10m[38;2;23;2;126m▂▂[48;2;12;7;16m[38;2;31;8;134m▂[48;2;114;101;154m[38;2;14;11;11m━[48;2;255;255;255m[38;2;236;236;238m▌[48;2;252;252;253m[38;2;244;244;246m┃[48;2;250;250;252m[38;2;250;250;252m      [48;2;175;168;184m[38;2;246;241;242m▊[48;2;16;12;16m[38;2;24;10;120m▂[48;2;4;2;10m[38;2;23;2;126m▂▂[48;2;5;3;12m[38;2;24;2;129m▂▂▂▂[48;2;4;2;10m[38;2;23;2;126m▂▂▂▂▂▂▂▂▂▂▂▂[0m
[48;2;38;3;183m[38;2;38;3;183m                              [48;2;39;4;182m[38;2;39;4;182m  [48;2;248;247;251m[38;2;205;204;209m▎[48;2;240;239;244m[38;2;252;251;254m┃[48;2;250;250;252m[38;2;250;250;252m    [48;2;237;236;242m[38;2;247;246;250m▊[48;2;204;203;209m[38;2;248;247;251m▊[48;2;209;198;232m[38;2;52;22;180m▆[48;2;41;10;183m[38;2;0;0;0m [48;2;38;3;183m[38;2;38;3;183m                  [0m
[48;2;38;3;183m[38;2;38;3;183m                              [48;2;39;4;184m[38;2;39;4;184m  [48;2;225;224;227m[38;2;70;52;179m▂[48;2;246;245;250m[38;2;0;0;0m [48;2;250;250;252m[38;2;250;250;252m    [48;2;242;242;242m[38;2;0;0;0m [48;2;221;217;236m[38;2;65;46;172m▂[48;2;39;4;184m[38;2;39;4;184m  [48;2;38;3;183m[38;2;38;3;183m                  [0m
[48;2;38;3;185m[38;2;38;3;185m                                [48;2;70;48;175m[38;2;33;5;185m▊[48;2;248;247;247m[38;2;187;176;232m▎[48;2;250;250;252m[38;2;250;250;252m  [48;2;241;241;243m[38;2;251;251;252m▅[48;2;251;251;252m[38;2;241;241;243m▃[48;2;220;212;237m[38;2;58;33;183m▂[48;2;40;13;175m[38;2;41;12;179m▄[48;2;38;3;185m[38;2;38;3;185m                    [0m
[48;2;38;3;185m[38;2;38;3;185m                                [48;2;41;12;175m[38;2;50;15;206m│[48;2;252;248;250m[38;2;177;163;222m▎[48;2;250;250;252m[38;2;250;250;252m  [48;2;255;254;255m[38;2;246;245;250m▌[48;2;175;174;179m[38;2;246;245;249m▊[48;2;41;6;186m[38;2;41;6;186m  [48;2;38;3;185m[38;2;38;3;185m                    [0m
[48;2;38;3;185m[38;2;38;3;185m                                [48;2;46;13;174m[38;2;48;12;208m▎[48;2;223;217;225m[38;2;203;73;123m▂[48;2;244;233;236m[38;2;203;68;91m▂▂[48;2;217;205;241m[38;2;99;46;152m▆[48;2;185;189;232m[38;2;47;12;164m▆[48;2;39;4;184m[38;2;39;4;184m  [48;2;38;3;185m[38;2;38;3;185m                    [0m
[48;2;38;3;185m[38;2;38;3;185m                              [48;2;43;4;185m[38;2;20;10;45m▃[48;2;76;35;76m[38;2;195;76;110m━[48;2;159;55;107m[38;2;9;8;6m▂[48;2;189;66;97m[38;2;22;3;1m▂[48;2;209;66;94m[38;2;43;24;13m▂[48;2;206;70;96m[38;2;0;0;0m [48;2;176;56;92m[38;2;220;69;94m▊[48;2;43;22;65m[38;2;179;62;93m▂[48;2;29;6;122m[38;2;13;7;20m▅[48;2;35;7;156m[38;2;15;5;43m▂[48;2;38;3;185m[38;2;38;3;185m                    [0m
[48;2;38;3;185m[38;2;38;3;185m                              [48;2;31;22;53m[38;2;32;1;173m▆[48;2;16;8;37m[38;2;36;4;175m▂[48;2;8;3;24m[38;2;39;10;180m▂▂[48;2;13;5;24m[38;2;35;7;175m▂[48;2;138;50;77m[38;2;28;11;84m▆[48;2;148;47;76m[38;2;28;10;82m▆▆[48;2;17;8;43m[38;2;37;5;178m▂[48;2;32;18;81m[38;2;33;3;166m▆[48;2;38;3;185m[38;2;38;3;185m                    [0m
[48;2;40;2;185m[38;2;40;2;185m                                                            [0m
[48;2;40;2;185m[38;2;40;2;185m                                                            [0m
