[48;2;1;1;1m[38;2;1;1;1m                                                            [0m
[48;2;1;1;1m[38;2;1;1;1m                                                            [0m
[48;2;1;1;1m[38;2;1;1;1m                                                            [0m
[48;2;1;1;1m[38;2;1;1;1m                                                            [0m
[48;2;1;1;1m[38;2;1;1;1m                            [48;2;1;1;3m[38;2;1;1;3m  [48;2;1;1;1m[38;2;1;1;1m      [48;2;2;2;2m[38;2;2;2;2m  [48;2;4;4;4m[38;2;4;4;4m  [48;2;1;1;1m[38;2;1;1;1m                    [0m
[48;2;1;1;1m[38;2;1;1;1m                        [48;2;1;1;3m[38;2;1;1;3m    [48;2;3;1;6m[38;2;3;1;6m  [48;2;2;0;3m[38;2;2;0;3m  [48;2;1;1;3m[38;2;1;1;3m  [48;2;1;0;2m[38;2;2;0;3m▖[48;2;4;3;5m[38;2;40;38;41m▗[48;2;54;49;53m[38;2;234;230;234m▃[48;2;130;125;129m[38;2;239;235;239m▇[48;2;137;135;138m[38;2;242;240;243m▇[48;2;116;114;117m[38;2;236;235;237m▇[48;2;19;16;16m[38;2;194;190;191m▄[48;2;3;0;0m[38;2;13;9;10m▄[48;2;1;1;1m[38;2;1;1;1m                  [0m
[48;2;1;1;1m[38;2;1;1;1m                        [48;2;3;1;6m[38;2;3;1;6m      [48;2;1;1;3m[38;2;1;1;3m  [48;2;3;1;6m[38;2;3;1;6m  [48;2;1;0;2m[38;2;13;11;14m│[48;2;78;76;79m[38;2;7;6;8m▊[48;2;255;255;255m[38;2;237;237;239m▌[48;2;253;253;254m[38;2;245;245;247m┃[48;2;247;245;248m[38;2;253;252;254m▅[48;2;245;243;246m[38;2;232;230;233m▗[48;2;243;235;234m[38;2;187;86;116m▄[48;2;191;187;184m[38;2;38;29;26m▄[48;2;2;2;2m[38;2;2;2;2m  [48;2;1;1;1m[38;2;1;1;1m                [0m
[48;2;1;1;1m[38;2;1;1;1m                        [48;2;1;1;3m[38;2;1;1;3m  [48;2;3;1;6m[38;2;3;1;6m  [48;2;1;1;3m[38;2;1;1;3m    [48;2;2;0;3m[38;2;2;0;3m  [48;2;1;0;2m[38;2;13;11;14m│[48;2;78;76;79m[38;2;7;6;8m▊[48;2;255;254;255m[38;2;237;235;238m▌[48;2;253;251;253m[38;2;245;243;246m┃[48;2;239;237;238m[38;2;247;254;253m▊[48;2;212;186;195m[38;2;252;239;245m▊[48;2;113;35;49m[38;2;218;71;99m▊[48;2;15;1;7m[38;2;0;5;5m┃[48;2;1;1;3m[38;2;1;1;3m  [48;2;1;1;1m[38;2;1;1;1m                [0m
[48;2;1;1;1m[38;2;1;1;1m                    [48;2;2;2;4m[38;2;2;2;4m  [48;2;3;1;6m[38;2;3;1;6m    [48;2;1;1;3m[38;2;1;1;3m      [48;2;1;1;1m[38;2;1;1;1m  [48;2;15;13;16m[38;2;0;0;0m [48;2;37;36;38m[38;2;213;211;214m▄[48;2;247;247;249m[38;2;247;247;249m  [48;2;255;254;255m[38;2;252;250;253m▖[48;2;246;244;247m[38;2;225;223;226m▝[48;2;176;73;104m[38;2;217;205;206m▄[48;2;22;14;13m[38;2;0;0;0m [48;2;3;1;4m[38;2;3;1;4m  [48;2;1;1;3m[38;2;1;1;3m  [48;2;1;1;1m[38;2;1;1;1m              [0m
[48;2;1;1;1m[38;2;1;1;1m                [48;2;2;0;3m[38;2;2;0;3m  [48;2;3;1;4m[38;2;3;1;4m  [48;2;3;1;6m[38;2;3;1;6m    [48;2;1;1;3m[38;2;1;1;3m  [48;2;1;1;1m[38;2;1;1;1m        [48;2;71;69;72m[38;2;13;11;14m▊[48;2;253;251;253m[38;2;194;192;195m▎[48;2;250;250;252m[38;2;250;250;252m    [48;2;251;250;253m[38;2;239;237;242m▘[48;2;160;158;163m[38;2;236;234;239m▊[48;2;6;4;7m[38;2;35;33;36m▂[38;2;1;0;2m▆[48;2;1;1;3m[38;2;1;1;3m  [48;2;2;0;3m[38;2;2;0;3m  [48;2;1;1;3m[38;2;1;1;3m  [48;2;1;1;1m[38;2;1;1;1m          [0m
[48;2;1;1;1m[38;2;1;1;1m            [48;2;1;1;3m[38;2;1;1;3m  [48;2;3;1;6m[38;2;3;1;6m      [48;2;1;1;3m[38;2;1;1;3m  [48;2;1;1;1m[38;2;1;1;1m      [48;2;1;1;3m[38;2;1;1;3m  [48;2;1;1;1m[38;2;1;1;1m  [48;2;1;0;2m[38;2;6;4;7m│[48;2;65;63;66m[38;2;7;6;8m▊[48;2;255;254;255m[38;2;236;234;237m▌[48;2;252;250;253m[38;2;244;242;245m┃[48;2;250;250;252m[38;2;250;250;252m      [48;2;144;142;145m[38;2;243;241;244m▊[48;2;1;0;2m[38;2;21;19;22m▄[48;2;1;1;3m[38;2;1;1;3m  [48;2;1;1;1m[38;2;1;1;1m              [0m
[48;2;1;1;1m[38;2;1;1;1m            [48;2;3;1;6m[38;2;3;1;6m      [48;2;3;1;4m[38;2;3;1;4m  [48;2;1;1;3m[38;2;1;1;3m  [48;2;1;1;1m[38;2;1;1;1m    [48;2;3;1;6m[38;2;3;1;6m  [48;2;1;1;3m[38;2;1;1;3m  [48;2;1;1;1m[38;2;1;1;1m  [48;2;1;0;2m[38;2;6;4;7m│[48;2;65;63;66m[38;2;7;6;8m▊[48;2;255;255;255m[38;2;236;236;238m▌[48;2;252;252;253m[38;2;244;244;246m┃[48;2;250;250;252m[38;2;250;250;252m    [48;2;249;249;251m[38;2;249;249;251m  [48;2;136;134;135m[38;2;228;226;227m▊[48;2;6;4;5m[38;2;19;17;18m▎[48;2;1;1;1m[38;2;1;1;1m  [48;2;1;1;3m[38;2;1;1;3m  [48;2;1;1;1m[38;2;1;1;1m            [0m
[48;2;1;1;1m[38;2;1;1;1m            [48;2;1;1;3m[38;2;1;1;3m  [48;2;3;1;6m[38;2;3;1;6m  [48;2;2;0;3m[38;2;2;0;3m  [48;2;1;1;1m[38;2;1;1;1m  [48;2;3;1;6m[38;2;3;1;6m      [48;2;2;0;3m[38;2;2;0;3m    [48;2;1;1;1m[38;2;1;1;1m  [48;2;12;10;13m[38;2;1;0;2m┃[48;2;47;45;48m[38;2;4;3;5m▊[48;2;236;234;237m[38;2;114;112;115m▁[48;2;243;241;244m[38;2;120;118;121m▁[48;2;244;244;245m[38;2;135;135;137m▁[48;2;245;245;246m[38;2;0;0;0m [48;2;250;250;252m[38;2;250;250;252m  [48;2;252;251;253m[38;2;245;243;246m┃[48;2;153;151;154m[38;2;244;242;245m▊[48;2;8;6;9m[38;2;13;11;14m▌[48;2;1;0;2m[38;2;3;1;4m▎[48;2;1;1;1m[38;2;1;1;1m  [48;2;1;1;3m[38;2;1;1;3m  [48;2;1;1;1m[38;2;1;1;1m            [0m
[48;2;1;1;1m[38;2;1;1;1m              [48;2;2;0;3m[38;2;2;0;3m  [48;2;1;1;3m[38;2;1;1;3m    [48;2;3;1;6m[38;2;3;1;6m      [48;2;1;1;1m[38;2;1;1;1m  [48;2;3;1;6m[38;2;3;1;6m  [48;2;1;1;1m[38;2;1;1;1m  [48;2;1;0;2m[38;2;6;4;7m▃[48;2;13;11;14m[38;2;133;131;134m▁[48;2;1;0;0m[38;2;5;3;4m▄▄[48;2;25;21;24m[38;2;140;135;139m▁[48;2;220;215;219m[38;2;46;41;45m▅[48;2;240;238;241m[38;2;118;116;119m▁[48;2;247;246;248m[38;2;0;0;0m [48;2;194;189;193m[38;2;246;241;245m▊[48;2;217;212;216m[38;2;31;27;30m▅[48;2;2;2;4m[38;2;2;2;4m  [48;2;1;1;1m[38;2;1;1;1m  [48;2;1;1;3m[38;2;1;1;3m  [48;2;1;1;1m[38;2;1;1;1m            [0m
[48;2;1;1;1m[38;2;1;1;1m                [48;2;3;1;4m[38;2;3;1;4m  [48;2;3;1;6m[38;2;3;1;6m  [48;2;2;0;3m[38;2;2;0;3m  [48;2;3;1;6m[38;2;3;1;6m  [48;2;2;0;3m[38;2;2;0;3m  [48;2;1;1;1m[38;2;1;1;1m  [48;2;3;1;6m[38;2;3;1;6m  [48;2;5;3;6m[38;2;5;3;6m  [48;2;29;27;30m[38;2;212;210;213m▅[48;2;241;239;242m[38;2;0;0;0m [48;2;250;250;252m[38;2;250;250;252m  [48;2;239;237;240m[38;2;0;0;0m [48;2;31;29;32m[38;2;231;229;232m▅[48;2;47;39;41m[38;2;233;224;228m▅[48;2;238;235;239m[38;2;180;135;150m▁[48;2;143;133;136m[38;2;233;225;228m▊[48;2;9;1;1m[38;2;48;38;41m▎[48;2;1;1;3m[38;2;1;1;3m  [48;2;1;1;1m[38;2;1;1;1m                [0m
[48;2;1;1;1m[38;2;1;1;1m                    [48;2;0;0;0m[38;2;0;0;0m  [48;2;1;1;3m[38;2;1;1;3m  [48;2;1;1;1m[38;2;1;1;1m  [48;2;1;1;3m[38;2;1;1;3m  [48;2;3;1;6m[38;2;3;1;6m  [48;2;1;0;2m[38;2;8;6;9m┃[48;2;35;33;36m[38;2;1;0;2m▊[48;2;248;248;250m[38;2;205;205;207m▎[48;2;240;240;242m[38;2;252;252;253m┃[48;2;250;250;252m[38;2;250;250;252m  [48;2;251;249;252m[38;2;255;253;255m▌[48;2;240;238;241m[38;2;244;242;245m▌[48;2;237;208;202m[38;2;218;120;137m▅[48;2;210;76;105m[38;2;232;207;200m▁[48;2;198;73;96m[38;2;227;165;167m▂[48;2;34;30;33m[38;2;206;197;203m▅[48;2;3;3;5m[38;2;3;3;5m  [48;2;1;1;3m[38;2;1;1;3m    [48;2;1;1;1m[38;2;1;1;1m            [0m
[48;2;1;1;1m[38;2;1;1;1m                        [48;2;1;1;3m[38;2;1;1;3m  [48;2;3;1;6m[38;2;3;1;6m    [48;2;1;0;2m[38;2;8;6;9m┃[48;2;35;33;36m[38;2;1;0;2m▊[48;2;248;248;250m[38;2;205;205;207m▎[48;2;240;240;242m[38;2;252;252;253m┃[48;2;250;250;252m[38;2;250;250;252m      [48;2;252;251;254m[38;2;244;243;248m┃[48;2;152;151;156m[38;2;243;242;246m▊[48;2;3;3;5m[38;2;19;19;21m▌[48;2;6;6;8m[38;2;0;0;2m▊[48;2;1;1;1m[38;2;1;1;1m                [0m
[48;2;1;1;1m[38;2;1;1;1m                    [48;2;2;0;3m[38;2;2;0;3m  [48;2;1;1;1m[38;2;1;1;1m  [48;2;3;1;6m[38;2;3;1;6m      [48;2;1;0;2m[38;2;6;4;7m▎[48;2;19;17;20m[38;2;3;2;4m▌[48;2;218;216;219m[38;2;71;69;72m▁[48;2;247;245;247m[38;2;0;0;0m [48;2;250;250;252m[38;2;250;250;252m      [48;2;252;251;254m[38;2;244;243;248m┃[48;2;152;151;156m[38;2;243;242;246m▊[48;2;3;3;5m[38;2;19;19;21m▌[48;2;6;6;8m[38;2;0;0;2m▊[48;2;1;1;3m[38;2;1;1;3m  [48;2;1;1;1m[38;2;1;1;1m              [0m
[48;2;1;1;1m[38;2;1;1;1m                  [48;2;1;1;3m[38;2;1;1;3m  [48;2;2;0;3m[38;2;2;0;3m  [48;2;1;1;3m[38;2;1;1;3m  [48;2;3;1;6m[38;2;3;1;6m    [48;2;2;0;3m[38;2;2;0;3m  [48;2;1;1;1m[38;2;1;1;1m  [48;2;52;50;53m[38;2;6;4;7m▊[48;2;246;245;247m[38;2;175;173;176m▎[48;2;250;250;252m[38;2;250;250;252m      [48;2;241;240;243m[38;2;0;0;0m [48;2;208;206;211m[38;2;36;34;39m▁[48;2;4;2;5m[38;2;4;2;5m  [48;2;2;0;3m[38;2;2;0;3m  [48;2;1;1;1m[38;2;1;1;1m              [0m
[48;2;1;1;1m[38;2;1;1;1m                  [48;2;2;0;3m[38;2;2;0;3m    [48;2;3;1;6m[38;2;3;1;6m      [48;2;1;1;3m[38;2;1;1;3m    [48;2;37;35;38m[38;2;6;5;7m▊[48;2;233;231;233m[38;2;84;82;85m▂[48;2;249;249;251m[38;2;249;249;251m  [48;2;250;250;252m[38;2;250;250;252m    [48;2;138;133;137m[38;2;246;242;245m▊[48;2;5;1;4m[38;2;39;34;38m▎[48;2;3;1;6m[38;2;3;1;6m    [48;2;2;0;3m[38;2;2;0;3m  [48;2;1;1;1m[38;2;1;1;1m            [0m
[48;2;4;2;10m[38;2;23;2;126m▂▂▂▂▂▂▂▂▂▂▂▂▂▂▂▂▂▂[48;2;5;3;12m[38;2;24;2;129m▂▂[48;2;4;2;10m[38;2;23;2;126m▂▂[48;2;5;3;12m[38;2;24;2;129m▂▂▂▂▂▂[48;2;4;2;10m[38;2;23;2;126m▂▂[48;2;5;3;12m[38;2;24;2;129m▂▂[48;2;6;4;11m[38;2;23;4;126m▂[48;2;21;19;26m[38;2;40;20;143m▂[48;2;255;255;255m[38;2;236;236;238m▌[48;2;252;252;253m[38;2;244;244;246m┃[48;2;250;250;252m[38;2;250;250;252m  [48;2;248;248;250m[38;2;248;248;250m  [48;2;206;200;215m[38;2;59;27;198m▁[48;2;21;15;32m[38;2;37;6;176m▁[48;2;4;2;10m[38;2;23;2;126m▂▂[48;2;5;3;12m[38;2;24;2;129m▂▂▂▂[48;2;4;2;10m[38;2;23;2;126m▂▂▂▂▂▂▂▂▂▂▂▂[0m
[48;2;38;3;183m[38;2;38;3;183m                                [48;2;41;15;180m[38;2;42;16;178m▄[48;2;49;20;175m[38;2;224;215;242m▆[48;2;249;249;251m[38;2;249;249;251m  [48;2;250;250;252m[38;2;250;250;252m  [48;2;255;254;255m[38;2;245;244;250m▌[48;2;174;173;179m[38;2;245;244;249m▊[48;2;39;4;182m[38;2;39;4;182m  [48;2;38;3;183m[38;2;38;3;183m                  [0m
[48;2;38;3;183m[38;2;38;3;183m                              [48;2;39;4;184m[38;2;39;4;184m  [48;2;51;27;176m[38;2;208;202;225m▂[48;2;248;246;246m[38;2;212;204;242m▎[48;2;250;250;252m[38;2;250;250;252m    [48;2;255;254;255m[38;2;245;244;250m▌[48;2;174;173;179m[38;2;245;244;249m▊[48;2;40;5;183m[38;2;40;5;183m  [48;2;38;3;183m[38;2;38;3;183m                  [0m
[48;2;38;3;185m[38;2;38;3;185m                              [48;2;42;10;185m[38;2;0;0;0m [48;2;46;16;176m[38;2;206;194;230m▂[48;2;255;254;255m[38;2;236;235;240m▌[48;2;252;251;254m[38;2;244;243;248m┃[48;2;250;250;252m[38;2;250;250;252m    [48;2;199;191;230m[38;2;249;246;249m▊[48;2;203;198;221m[38;2;48;23;174m▆[48;2;39;4;184m[38;2;39;4;184m  [48;2;38;3;185m[38;2;38;3;185m                  [0m
[48;2;38;3;185m[38;2;38;3;185m                              [48;2;72;47;175m[38;2;35;4;185m▊[48;2;250;246;247m[38;2;189;176;232m▎[48;2;250;250;252m[38;2;250;250;252m      [48;2;185;175;228m[38;2;247;245;244m▊[48;2;31;3;181m[38;2;68;46;172m▎[48;2;38;3;185m[38;2;38;3;185m                    [0m
[48;2;38;3;185m[38;2;38;3;185m                              [48;2;39;8;184m[38;2;0;0;0m [48;2;191;179;218m[38;2;49;17;180m▆[48;2;233;225;223m[38;2;200;65;106m▂[48;2;242;235;234m[38;2;211;76;117m▂[48;2;227;223;227m[38;2;183;72;118m▂[48;2;207;214;229m[38;2;64;29;176m▆[48;2;239;231;231m[38;2;211;75;116m▂[48;2;231;223;222m[38;2;199;64;105m▂[48;2;209;181;223m[38;2;85;36;155m▆[48;2;45;12;176m[38;2;0;0;0m [48;2;38;3;185m[38;2;38;3;185m                    [0m
[48;2;38;3;185m[38;2;38;3;185m                              [48;2;42;4;171m[38;2;11;13;17m▂[48;2;76;35;74m[38;2;195;76;110m━[48;2;215;63;96m[38;2;64;22;21m▃[48;2;207;73;100m[38;2;0;0;0m [48;2;211;73;100m [48;2;87;35;129m[38;2;216;76;102m▆[48;2;216;74;100m[38;2;216;74;100m  [48;2;182;65;90m[38;2;25;8;13m▂[48;2;155;57;102m[38;2;15;10;17m▂[48;2;66;28;66m[38;2;173;57;93m━[48;2;28;16;144m[38;2;21;8;25m▆[48;2;40;7;169m[38;2;19;7;46m▂[48;2;35;0;185m[38;2;32;1;158m▖[48;2;38;3;185m[38;2;38;3;185m                [0m
[48;2;38;3;185m[38;2;38;3;185m                              [48;2;31;22;53m[38;2;32;1;173m▆[48;2;16;8;37m[38;2;36;4;175m▂[48;2;17;10;28m[38;2;41;13;180m▂[48;2;133;45;71m[38;2;24;7;80m▆[48;2;168;49;82m[38;2;25;10;82m▆▆[48;2;148;47;76m[38;2;28;10;82m▆▆[48;2;8;3;24m[38;2;39;10;180m▂▂[48;2;8;6;12m[38;2;31;5;151m▃▃[48;2;37;16;107m[38;2;37;3;176m▆[48;2;37;2;182m[38;2;37;4;170m▘[48;2;38;3;185m[38;2;38;3;185m                [0m
[48;2;40;2;185m[38;2;40;2;185m                                                            [0m
[48;2;40;2;185m[38;2;40;2;185m                                                            [0m
