[48;2;1;1;1m[38;2;1;1;1m                                                            [0m
[48;2;1;1;1m[38;2;1;1;1m                                                            [0m
[48;2;1;1;1m[38;2;1;1;1m                                                            [0m
[48;2;1;1;1m[38;2;1;1;1m                                                            [0m
[48;2;1;1;1m[38;2;1;1;1m                            [48;2;1;1;3m[38;2;1;1;3m  [48;2;1;1;1m[38;2;1;1;1m                              [0m
[48;2;1;1;1m[38;2;1;1;1m                        [48;2;1;1;3m[38;2;1;1;3m    [48;2;3;1;6m[38;2;3;1;6m  [48;2;2;0;3m[38;2;2;0;3m  [48;2;1;1;3m[38;2;1;1;3m  [48;2;2;0;3m[38;2;2;0;3m  [48;2;15;13;16m[38;2;0;0;0m [48;2;17;15;18m[38;2;202;200;203m▄[48;2;10;9;11m[38;2;221;219;222m▄▄[48;2;33;31;32m[38;2;208;206;207m▃[48;2;12;11;11m[38;2;0;0;0m [48;2;1;1;1m[38;2;1;1;1m                  [0m
[48;2;1;1;1m[38;2;1;1;1m                        [48;2;3;1;6m[38;2;3;1;6m      [48;2;1;1;3m[38;2;1;1;3m  [48;2;3;1;6m[38;2;3;1;6m  [48;2;1;0;2m[38;2;12;10;13m│[48;2;77;75;78m[38;2;7;5;8m▊[48;2;163;161;164m[38;2;236;234;236m▇[48;2;250;248;250m[38;2;235;233;236m╺[48;2;246;244;247m[38;2;253;251;253m▅[48;2;244;242;245m[38;2;231;229;232m▗[48;2;242;234;233m[38;2;186;85;115m▄[48;2;190;186;183m[38;2;37;28;26m▄[48;2;2;2;2m[38;2;2;2;2m  [48;2;1;1;1m[38;2;1;1;1m                [0m
[48;2;1;1;1m[38;2;1;1;1m                        [48;2;1;1;3m[38;2;1;1;3m  [48;2;3;1;6m[38;2;3;1;6m  [48;2;1;1;3m[38;2;1;1;3m    [48;2;2;0;3m[38;2;2;0;3m  [48;2;1;0;2m[38;2;13;11;14m│[48;2;78;76;79m[38;2;7;6;8m▊[48;2;255;254;255m[38;2;237;235;238m▌[48;2;253;251;253m[38;2;245;243;246m┃[48;2;248;207;215m[38;2;251;244;251m▊[48;2;194;64;84m[38;2;201;102;122m▎[48;2;21;15;12m[38;2;170;56;90m▄[48;2;14;6;5m[38;2;0;0;0m [48;2;1;1;3m[38;2;1;1;3m  [48;2;1;1;1m[38;2;1;1;1m                [0m
[48;2;1;1;1m[38;2;1;1;1m                    [48;2;2;2;4m[38;2;2;2;4m  [48;2;3;1;6m[38;2;3;1;6m    [48;2;1;1;3m[38;2;1;1;3m      [48;2;19;18;18m[38;2;0;0;0m [48;2;14;13;13m[38;2;211;209;210m▄[48;2;17;16;18m[38;2;234;233;235m▄[48;2;34;33;35m[38;2;232;230;233m▄[48;2;243;242;244m[38;2;0;0;0m  [48;2;241;217;210m[38;2;201;84;108m▄[48;2;233;75;112m[38;2;205;77;104m▌[48;2;109;33;45m[38;2;219;74;99m▊[48;2;6;10;11m[38;2;24;13;11m▎[48;2;3;1;4m[38;2;3;1;4m  [48;2;1;1;3m[38;2;1;1;3m  [48;2;1;1;1m[38;2;1;1;1m              [0m
[48;2;1;1;1m[38;2;1;1;1m                [48;2;2;0;3m[38;2;2;0;3m  [48;2;3;1;4m[38;2;3;1;4m  [48;2;3;1;6m[38;2;3;1;6m    [48;2;1;1;3m[38;2;1;1;3m  [48;2;1;1;1m[38;2;1;1;1m    [48;2;10;9;11m[38;2;0;0;0m [48;2;31;29;32m[38;2;207;205;207m▄[48;2;243;243;245m[38;2;215;215;217m▘[48;2;244;244;246m[38;2;252;252;253m▌[48;2;250;250;252m[38;2;250;250;252m  [48;2;253;249;250m[38;2;245;241;242m┃[48;2;227;223;224m[38;2;255;253;254m▌[48;2;208;64;99m[38;2;200;106;124m▄[48;2;212;94;120m[38;2;250;232;227m▄[48;2;242;240;243m[38;2;0;0;0m [48;2;243;241;243m[38;2;198;196;199m▝[48;2;24;23;25m[38;2;210;208;211m▄[48;2;15;13;16m[38;2;0;0;0m [48;2;1;1;3m[38;2;1;1;3m  [48;2;2;0;3m[38;2;2;0;3m  [48;2;1;1;3m[38;2;1;1;3m  [48;2;1;1;1m[38;2;1;1;1m          [0m
[48;2;1;1;1m[38;2;1;1;1m            [48;2;1;1;3m[38;2;1;1;3m  [48;2;3;1;6m[38;2;3;1;6m      [48;2;1;1;3m[38;2;1;1;3m  [48;2;1;1;1m[38;2;1;1;1m      [48;2;1;1;3m[38;2;1;1;3m  [48;2;32;30;31m[38;2;7;6;6m▊[48;2;231;229;230m[38;2;152;150;151m▎[48;2;250;250;252m[38;2;250;250;252m      [48;2;249;249;251m[38;2;249;249;251m  [48;2;250;250;252m[38;2;250;250;252m  [48;2;245;243;246m[38;2;255;254;255m▎[48;2;151;149;152m[38;2;243;241;243m▊[48;2;15;13;16m[38;2;86;84;87m▁[48;2;1;0;2m[38;2;13;11;14m╺[48;2;1;1;1m[38;2;1;1;1m              [0m
[48;2;1;1;1m[38;2;1;1;1m            [48;2;3;1;6m[38;2;3;1;6m      [48;2;3;1;4m[38;2;3;1;4m  [48;2;1;1;3m[38;2;1;1;3m  [48;2;1;1;1m[38;2;1;1;1m    [48;2;3;1;6m[38;2;3;1;6m  [48;2;1;1;3m[38;2;1;1;3m  [38;2;8;8;10m┃[48;2;35;35;37m[38;2;0;0;2m▊[48;2;248;248;250m[38;2;205;205;207m▎[48;2;240;240;242m[38;2;252;252;253m┃[48;2;250;250;252m[38;2;250;250;252m          [48;2;120;118;121m[38;2;242;241;243m▊[48;2;1;0;2m[38;2;22;20;23m▎[48;2;1;1;3m[38;2;1;1;3m  [48;2;1;1;1m[38;2;1;1;1m            [0m
[48;2;1;1;1m[38;2;1;1;1m            [48;2;1;1;3m[38;2;1;1;3m  [48;2;3;1;6m[38;2;3;1;6m  [48;2;2;0;3m[38;2;2;0;3m  [48;2;1;1;1m[38;2;1;1;1m  [48;2;3;1;6m[38;2;3;1;6m      [48;2;2;0;3m[38;2;2;0;3m    [48;2;3;3;3m[38;2;3;3;3m  [48;2;224;223;225m[38;2;39;37;40m▅[48;2;245;244;246m[38;2;210;208;211m▎[48;2;250;250;252m[38;2;250;250;252m      [48;2;198;193;197m[38;2;247;243;247m▊[48;2;216;211;215m[38;2;47;42;46m▄[48;2;248;248;250m[38;2;248;248;250m  [48;2;120;118;119m[38;2;242;241;242m▊[48;2;1;0;0m[38;2;22;20;21m▎[48;2;1;1;3m[38;2;1;1;3m  [48;2;1;1;1m[38;2;1;1;1m            [0m
[48;2;1;1;1m[38;2;1;1;1m              [48;2;2;0;3m[38;2;2;0;3m  [48;2;1;1;3m[38;2;1;1;3m    [48;2;3;1;6m[38;2;3;1;6m      [48;2;1;1;1m[38;2;1;1;1m  [48;2;3;1;6m[38;2;3;1;6m  [48;2;1;1;1m[38;2;1;1;1m  [48;2;15;10;14m[38;2;0;0;0m [48;2;213;208;212m[38;2;70;65;69m▅[48;2;243;243;245m[38;2;239;239;241m▌[48;2;254;254;255m[38;2;250;250;252m▌[48;2;234;232;235m[38;2;0;0;0m [48;2;232;230;233m[38;2;54;52;55m▅[48;2;243;241;243m[38;2;88;86;89m▁▁[48;2;132;126;130m[38;2;222;217;221m▊[48;2;98;92;96m[38;2;29;23;27m▊[48;2;252;251;253m[38;2;239;237;240m▌[48;2;239;237;240m[38;2;252;251;253m▌[48;2;109;107;108m[38;2;215;213;214m▊[48;2;5;3;4m[38;2;32;30;31m▎[48;2;1;1;3m[38;2;1;1;3m  [48;2;1;1;1m[38;2;1;1;1m            [0m
[48;2;1;1;1m[38;2;1;1;1m                [48;2;3;1;4m[38;2;3;1;4m  [48;2;3;1;6m[38;2;3;1;6m  [48;2;2;0;3m[38;2;2;0;3m  [48;2;3;1;6m[38;2;3;1;6m  [48;2;2;0;3m[38;2;2;0;3m  [48;2;1;1;1m[38;2;1;1;1m  [48;2;3;1;6m[38;2;3;1;6m  [48;2;5;3;6m[38;2;5;3;6m  [48;2;29;27;30m[38;2;212;210;213m▅[48;2;241;239;242m[38;2;0;0;0m [48;2;242;242;237m [48;2;248;227;230m[38;2;210;94;127m▅[48;2;224;194;201m[38;2;204;81;118m▄[48;2;38;35;34m[38;2;225;218;217m▅[48;2;16;14;17m[38;2;227;225;228m▅[48;2;21;19;22m[38;2;213;212;214m▅[48;2;78;73;77m[38;2;15;11;14m▊[48;2;49;45;48m[38;2;222;218;221m▅[48;2;251;249;252m[38;2;235;233;236m│[48;2;141;139;142m[38;2;244;242;245m▊[48;2;2;2;4m[38;2;2;2;4m  [48;2;1;1;1m[38;2;1;1;1m              [0m
[48;2;1;1;1m[38;2;1;1;1m                    [48;2;0;0;0m[38;2;0;0;0m  [48;2;1;1;3m[38;2;1;1;3m  [48;2;1;1;1m[38;2;1;1;1m  [48;2;1;1;3m[38;2;1;1;3m  [48;2;3;1;6m[38;2;3;1;6m  [48;2;1;0;2m[38;2;8;6;9m┃[48;2;35;33;36m[38;2;1;0;2m▊[48;2;248;248;250m[38;2;205;205;207m▎[48;2;240;240;242m[38;2;252;252;253m┃[48;2;244;243;243m[38;2;0;0;0m [48;2;200;86;122m[38;2;247;234;237m▅[48;2;207;95;130m[38;2;244;233;235m▅[48;2;244;244;244m[38;2;0;0;0m [48;2;250;250;251m [48;2;249;249;250m[38;2;211;211;213m▝[48;2;65;61;62m[38;2;229;226;227m▅[48;2;233;229;230m[38;2;98;94;95m▁[48;2;225;222;223m[38;2;70;66;67m▁[48;2;200;196;197m[38;2;21;18;18m▅[48;2;3;1;4m[38;2;3;1;4m  [48;2;1;1;3m[38;2;1;1;3m  [48;2;1;1;1m[38;2;1;1;1m            [0m
[48;2;1;1;1m[38;2;1;1;1m                        [48;2;1;1;3m[38;2;1;1;3m  [48;2;3;1;6m[38;2;3;1;6m    [48;2;1;0;2m[38;2;7;5;8m▎[48;2;20;18;21m[38;2;4;2;5m▌[48;2;219;217;220m[38;2;82;80;83m▁[48;2;255;254;255m[38;2;255;253;255m▄[48;2;250;250;252m[38;2;250;250;252m      [48;2;238;236;239m[38;2;0;0;0m [48;2;46;44;47m[38;2;203;201;204m▅[48;2;3;3;5m[38;2;3;3;5m  [48;2;1;1;1m[38;2;1;1;1m                [0m
[48;2;1;1;1m[38;2;1;1;1m                    [48;2;2;0;3m[38;2;2;0;3m  [48;2;1;1;1m[38;2;1;1;1m  [48;2;3;1;6m[38;2;3;1;6m      [48;2;1;1;1m[38;2;1;1;1m  [48;2;52;50;53m[38;2;6;4;7m▊[48;2;246;245;247m[38;2;175;173;176m▎[48;2;250;250;252m[38;2;250;250;252m      [48;2;252;251;254m[38;2;244;243;248m┃[48;2;152;151;156m[38;2;243;242;246m▊[48;2;3;3;5m[38;2;19;19;21m▌[48;2;6;6;8m[38;2;0;0;2m▊[48;2;1;1;3m[38;2;1;1;3m  [48;2;1;1;1m[38;2;1;1;1m              [0m
[48;2;1;1;1m[38;2;1;1;1m                  [48;2;1;1;3m[38;2;1;1;3m  [48;2;2;0;3m[38;2;2;0;3m  [48;2;1;1;3m[38;2;1;1;3m  [48;2;3;1;6m[38;2;3;1;6m    [48;2;2;0;3m[38;2;2;0;3m  [48;2;1;1;1m[38;2;1;1;1m  [48;2;11;9;12m[38;2;0;0;0m [48;2;202;201;203m[38;2;27;25;28m▅[48;2;243;243;245m[38;2;239;239;241m▌[48;2;254;254;255m[38;2;250;250;252m▌[48;2;250;250;252m    [48;2;251;250;253m[38;2;243;242;247m┃[48;2;151;150;155m[38;2;243;242;245m▊[48;2;8;6;9m[38;2;13;11;14m▌[48;2;1;0;2m[38;2;3;1;4m▎[48;2;2;0;3m[38;2;2;0;3m  [48;2;1;1;1m[38;2;1;1;1m              [0m
[48;2;1;1;1m[38;2;1;1;1m                  [48;2;2;0;3m[38;2;2;0;3m    [48;2;3;1;6m[38;2;3;1;6m      [48;2;1;1;3m[38;2;1;1;3m    [48;2;0;0;2m[38;2;5;5;7m│[48;2;64;64;66m[38;2;6;6;8m▊[48;2;255;255;255m[38;2;236;236;238m▌[48;2;252;252;253m[38;2;244;244;246m┃[48;2;250;250;252m[38;2;250;250;252m    [48;2;252;251;254m[38;2;244;243;248m┃[48;2;152;151;156m[38;2;243;242;246m▊[48;2;4;3;7m[38;2;21;19;24m▌[48;2;8;6;11m[38;2;1;0;4m▊[48;2;3;1;6m[38;2;3;1;6m  [48;2;2;0;3m[38;2;2;0;3m  [48;2;1;1;1m[38;2;1;1;1m            [0m
[48;2;4;2;10m[38;2;23;2;126m▂▂▂▂▂▂▂▂▂▂▂▂▂▂▂▂▂▂[48;2;5;3;12m[38;2;24;2;129m▂▂[48;2;4;2;10m[38;2;23;2;126m▂▂[48;2;5;3;12m[38;2;24;2;129m▂▂▂▂▂▂[48;2;4;2;10m[38;2;23;2;126m▂▂[48;2;5;3;12m[38;2;24;2;129m▂▂[48;2;6;4;11m[38;2;23;4;126m▂[48;2;21;19;26m[38;2;40;20;143m▂[48;2;255;255;255m[38;2;236;236;238m▌[48;2;252;252;253m[38;2;244;244;246m┃[48;2;250;250;252m[38;2;250;250;252m    [48;2;189;182;199m[38;2;244;239;241m▊[48;2;211;206;211m[38;2;47;37;80m▆[48;2;5;3;12m[38;2;24;2;129m▂▂▂▂▂▂[48;2;4;2;10m[38;2;23;2;126m▂▂▂▂▂▂▂▂▂▂▂▂[0m
[48;2;38;3;183m[38;2;38;3;183m                                [48;2;39;6;184m[38;2;46;11;193m╵[48;2;48;20;180m[38;2;195;183;221m▂[48;2;250;250;251m[38;2;232;232;234m▌[48;2;250;250;252m[38;2;255;255;255m▌[38;2;250;250;252m    [48;2;184;173;229m[38;2;246;244;245m▊[48;2;30;3;182m[38;2;67;45;172m▎[48;2;38;3;183m[38;2;38;3;183m                  [0m
[48;2;38;3;183m[38;2;38;3;183m                                [48;2;82;60;186m[38;2;32;2;182m▊[48;2;247;246;245m[38;2;198;188;241m▎[48;2;250;250;252m[38;2;250;250;252m    [48;2;238;237;242m[38;2;251;250;253m▊[48;2;195;194;199m[38;2;244;243;247m▊[48;2;206;195;231m[38;2;47;17;177m▆[48;2;43;10;186m[38;2;0;0;0m [48;2;38;3;183m[38;2;38;3;183m                  [0m
[48;2;38;3;185m[38;2;38;3;185m                              [48;2;39;4;184m[38;2;39;4;184m  [48;2;51;26;177m[38;2;208;202;226m▂[48;2;248;245;247m[38;2;212;204;244m▎[48;2;250;250;252m[38;2;250;250;252m    [48;2;245;244;246m[38;2;0;0;0m [48;2;214;211;229m[38;2;57;39;179m▂[48;2;39;4;184m[38;2;39;4;184m  [48;2;38;3;185m[38;2;38;3;185m                  [0m
[48;2;38;3;185m[38;2;38;3;185m                              [48;2;39;4;184m[38;2;39;4;184m  [48;2;248;247;251m[38;2;205;204;209m▎[48;2;240;239;244m[38;2;252;251;254m┃[48;2;250;250;252m[38;2;250;250;252m    [48;2;185;175;228m[38;2;247;245;244m▊[48;2;31;3;181m[38;2;68;46;172m▎[48;2;38;3;185m[38;2;38;3;185m                    [0m
[48;2;38;3;185m[38;2;38;3;185m                              [48;2;39;4;182m[38;2;39;4;182m  [48;2;224;219;222m[38;2;192;82;119m▂[48;2;247;242;245m[38;2;0;0;0m [48;2;249;249;251m[38;2;249;249;251m  [48;2;246;236;236m[38;2;191;75;110m▂▂[48;2;214;206;236m[38;2;64;34;190m▂[48;2;33;4;178m[38;2;54;30;171m▎[48;2;38;3;185m[38;2;38;3;185m                    [0m
[48;2;38;3;185m[38;2;38;3;185m                              [48;2;38;8;168m[38;2;16;3;57m▃[48;2;33;10;124m[38;2;11;5;18m▅[48;2;185;64;89m[38;2;33;19;11m▂[48;2;224;190;186m[38;2;216;71;104m▆[48;2;231;208;198m[38;2;218;78;107m▆▆[48;2;218;76;102m[38;2;218;76;102m  [48;2;87;33;157m[38;2;193;73;88m▆[48;2;48;10;66m[38;2;192;74;99m▂[48;2;30;12;68m[38;2;163;55;83m▂[48;2;52;7;157m[38;2;18;10;16m▆[48;2;40;7;169m[38;2;19;7;46m▂[48;2;35;0;185m[38;2;32;1;158m▖[48;2;38;3;185m[38;2;38;3;185m                [0m
[48;2;38;3;185m[38;2;38;3;185m                              [48;2;31;22;53m[38;2;32;1;173m▆[48;2;16;8;37m[38;2;36;4;175m▂[48;2;17;10;28m[38;2;41;13;180m▂[48;2;133;45;71m[38;2;24;7;80m▆[48;2;168;49;82m[38;2;25;10;82m▆▆▆▆▆▆[48;2;133;44;73m[38;2;24;7;82m▆[48;2;17;9;29m[38;2;41;13;182m▂[48;2;37;16;107m[38;2;37;3;176m▆[48;2;37;2;182m[38;2;37;4;170m▘[48;2;38;3;185m[38;2;38;3;185m                [0m
[48;2;40;2;185m[38;2;40;2;185m                                                            [0m
[48;2;40;2;185m[38;2;40;2;185m                                                            [0m
