[48;2;1;1;1m[38;2;1;1;1m                                                            [0m
[48;2;1;1;1m[38;2;1;1;1m                                                            [0m
[48;2;1;1;1m[38;2;1;1;1m                                                            [0m
[48;2;1;1;1m[38;2;1;1;1m                                                            [0m
[48;2;1;1;1m[38;2;1;1;1m                            [48;2;1;1;3m[38;2;1;1;3m  [48;2;1;1;1m[38;2;1;1;1m                              [0m
[48;2;1;1;1m[38;2;1;1;1m                        [48;2;1;1;3m[38;2;1;1;3m    [48;2;3;1;6m[38;2;3;1;6m  [48;2;2;0;3m[38;2;2;0;3m  [48;2;1;1;3m[38;2;1;1;3m  [48;2;2;0;3m[38;2;2;0;3m  [48;2;15;13;16m[38;2;0;0;0m [48;2;17;15;18m[38;2;202;200;203m▄[48;2;10;9;11m[38;2;221;219;222m▄▄[48;2;33;31;32m[38;2;208;206;207m▃[48;2;12;11;11m[38;2;0;0;0m [48;2;1;1;1m[38;2;1;1;1m                  [0m
[48;2;1;1;1m[38;2;1;1;1m                        [48;2;3;1;6m[38;2;3;1;6m      [48;2;1;1;3m[38;2;1;1;3m  [48;2;3;1;6m[38;2;3;1;6m  [48;2;1;0;2m[38;2;12;10;13m│[48;2;77;75;78m[38;2;7;5;8m▊[48;2;163;161;164m[38;2;236;234;236m▇[48;2;250;248;250m[38;2;235;233;236m╺[48;2;245;237;236m[38;2;0;0;0m [48;2;249;240;240m[38;2;201;98;128m▄[48;2;232;212;215m[38;2;178;66;99m▃[48;2;193;188;185m[38;2;37;28;26m▄[48;2;2;2;2m[38;2;2;2;2m  [48;2;1;1;1m[38;2;1;1;1m                [0m
[48;2;1;1;1m[38;2;1;1;1m                        [48;2;1;1;3m[38;2;1;1;3m  [48;2;3;1;6m[38;2;3;1;6m  [48;2;1;1;3m[38;2;1;1;3m    [48;2;2;0;3m[38;2;2;0;3m  [48;2;1;0;2m[38;2;13;11;14m│[48;2;78;76;79m[38;2;7;6;8m▊[48;2;250;245;247m[38;2;213;207;209m▎[48;2;213;207;209m[38;2;250;245;247m▊[48;2;200;71;99m[38;2;209;64;97m▄[48;2;60;22;20m[38;2;193;75;99m▄[48;2;114;36;50m[38;2;219;72;100m▊[48;2;16;1;8m[38;2;0;5;6m┃[48;2;1;1;3m[38;2;1;1;3m  [48;2;1;1;1m[38;2;1;1;1m                [0m
[48;2;1;1;1m[38;2;1;1;1m                    [48;2;2;2;4m[38;2;2;2;4m  [48;2;3;1;6m[38;2;3;1;6m    [48;2;1;1;3m[38;2;1;1;3m    [48;2;1;0;2m[38;2;3;1;4m▗[48;2;5;4;6m[38;2;24;22;25m▃[48;2;21;19;22m[38;2;219;217;220m▄[48;2;16;15;17m[38;2;234;232;235m▄[48;2;17;16;18m[38;2;234;233;235m▄[48;2;34;33;35m[38;2;232;230;233m▄[48;2;253;249;251m[38;2;222;216;218m▎[48;2;205;199;201m[38;2;247;242;244m▊[48;2;214;72;98m[38;2;214;72;98m  [48;2;201;74;95m[38;2;248;124;145m▁[48;2;23;19;21m[38;2;225;224;227m▄[48;2;19;18;20m[38;2;193;191;194m▄[48;2;3;1;4m[38;2;1;0;2m┃[48;2;1;1;3m[38;2;1;1;3m  [48;2;1;1;1m[38;2;1;1;1m              [0m
[48;2;1;1;1m[38;2;1;1;1m                [48;2;2;0;3m[38;2;2;0;3m  [48;2;3;1;4m[38;2;3;1;4m  [48;2;3;1;6m[38;2;3;1;6m    [48;2;1;1;3m[38;2;1;1;3m  [48;2;1;1;1m[38;2;1;1;1m  [48;2;4;2;3m[38;2;1;0;0m▆[48;2;5;3;4m[38;2;33;31;32m▂[48;2;27;26;28m[38;2;218;216;218m▄[48;2;232;230;233m[38;2;0;0;0m [48;2;250;250;252m[38;2;250;250;252m    [48;2;247;239;239m[38;2;0;0;0m [48;2;205;94;127m[38;2;238;230;228m▄[48;2;208;64;99m[38;2;200;106;124m▄[48;2;212;94;120m[38;2;250;232;227m▄[48;2;248;248;250m[38;2;248;248;250m  [48;2;232;231;233m[38;2;0;0;0m [48;2;29;27;30m[38;2;204;202;205m▄[48;2;3;1;4m[38;2;3;1;4m  [48;2;2;0;3m[38;2;2;0;3m  [48;2;1;1;3m[38;2;1;1;3m  [48;2;1;1;1m[38;2;1;1;1m          [0m
[48;2;1;1;1m[38;2;1;1;1m            [48;2;1;1;3m[38;2;1;1;3m  [48;2;3;1;6m[38;2;3;1;6m      [48;2;1;1;3m[38;2;1;1;3m  [48;2;1;1;1m[38;2;1;1;1m      [48;2;34;32;35m[38;2;200;198;200m▄[48;2;231;230;232m[38;2;0;0;0m [48;2;250;250;252m[38;2;250;250;252m        [48;2;249;249;251m[38;2;249;249;251m  [48;2;250;250;252m[38;2;250;250;252m  [38;2;255;255;255m▌[48;2;246;246;247m[38;2;192;192;194m▝[48;2;32;30;33m[38;2;196;194;197m▄[48;2;2;1;3m[38;2;29;27;30m▎[48;2;1;1;1m[38;2;1;1;1m              [0m
[48;2;1;1;1m[38;2;1;1;1m            [48;2;3;1;6m[38;2;3;1;6m      [48;2;3;1;4m[38;2;3;1;4m  [48;2;1;1;3m[38;2;1;1;3m  [48;2;1;1;1m[38;2;1;1;1m    [48;2;3;1;6m[38;2;3;1;6m  [48;2;244;242;245m[38;2;126;124;127m▎[48;2;255;254;255m[38;2;252;250;253m▄[48;2;249;249;251m[38;2;0;0;0m [48;2;240;240;241m[38;2;139;139;141m▁[48;2;244;242;244m[38;2;56;54;57m▅[48;2;249;247;249m[38;2;203;201;204m▎[48;2;250;250;252m[38;2;250;250;252m          [48;2;234;230;233m[38;2;0;0;0m [48;2;35;30;34m[38;2;208;204;208m▄[48;2;1;1;1m[38;2;1;1;1m              [0m
[48;2;1;1;1m[38;2;1;1;1m            [48;2;1;1;3m[38;2;1;1;3m  [48;2;3;1;6m[38;2;3;1;6m  [48;2;2;0;3m[38;2;2;0;3m  [48;2;1;1;1m[38;2;1;1;1m  [48;2;3;1;6m[38;2;3;1;6m      [48;2;3;1;4m[38;2;3;1;4m  [48;2;209;207;210m[38;2;33;32;34m▅[48;2;231;229;231m[38;2;0;0;0m [48;2;244;243;245m [48;2;37;35;38m[38;2;215;213;215m▅[48;2;16;12;15m[38;2;49;44;48m▎[48;2;216;212;215m[38;2;43;38;42m▅[48;2;243;243;245m[38;2;239;239;241m▌[48;2;254;254;255m[38;2;250;250;252m▌[48;2;250;250;252m    [48;2;243;243;245m[38;2;251;251;252m▘[48;2;249;249;250m[38;2;204;204;206m▗[48;2;214;209;213m[38;2;83;78;82m▄[48;2;246;242;246m[38;2;0;0;0m [48;2;245;243;246m [48;2;198;196;199m [48;2;2;0;3m[38;2;2;0;3m  [48;2;1;1;1m[38;2;1;1;1m            [0m
[48;2;1;1;1m[38;2;1;1;1m              [48;2;2;0;3m[38;2;2;0;3m  [48;2;1;1;3m[38;2;1;1;3m    [48;2;3;1;6m[38;2;3;1;6m      [48;2;1;1;1m[38;2;1;1;1m  [48;2;8;6;9m[38;2;0;0;0m [48;2;200;198;200m[38;2;25;23;26m▅[48;2;232;231;233m[38;2;90;88;91m▁[48;2;240;238;240m[38;2;0;0;0m [48;2;40;30;33m[38;2;215;197;204m▅[48;2;26;20;21m[38;2;121;47;72m▁[48;2;227;222;226m[38;2;80;75;79m▅[48;2;239;235;238m[38;2;89;84;88m▁[48;2;244;242;245m[38;2;90;88;91m▁▁▁▁[48;2;229;225;228m[38;2;97;92;96m▁[48;2;234;229;233m[38;2;60;55;59m▅[48;2;247;245;248m[38;2;247;245;248m  [48;2;109;107;108m[38;2;215;213;214m▊[48;2;5;3;4m[38;2;32;30;31m▎[48;2;1;1;3m[38;2;1;1;3m  [48;2;1;1;1m[38;2;1;1;1m            [0m
[48;2;1;1;1m[38;2;1;1;1m                [48;2;3;1;4m[38;2;3;1;4m  [48;2;3;1;6m[38;2;3;1;6m  [48;2;2;0;3m[38;2;2;0;3m  [48;2;3;1;6m[38;2;3;1;6m  [48;2;2;0;3m[38;2;2;0;3m  [48;2;1;1;1m[38;2;1;1;1m  [48;2;3;1;6m[38;2;3;1;6m  [48;2;1;0;2m[38;2;19;17;20m▄[48;2;203;201;204m[38;2;25;23;26m▅[48;2;203;74;98m[38;2;136;50;59m▂[48;2;217;72;101m[38;2;201;70;94m▖[48;2;239;234;238m[38;2;0;0;0m [48;2;41;36;40m[38;2;232;227;231m▅[48;2;18;13;17m[38;2;216;211;215m▅[48;2;23;19;22m[38;2;161;156;160m▁[48;2;13;8;14m[38;2;0;0;0m [48;2;30;26;31m[38;2;147;142;148m▁[48;2;56;47;52m[38;2;172;163;168m▄[48;2;69;60;65m[38;2;20;12;16m▊[48;2;233;200;211m[38;2;197;62;84m▄[48;2;209;179;189m[38;2;154;65;73m▄[48;2;2;2;2m[38;2;2;2;2m  [48;2;1;1;1m[38;2;1;1;1m              [0m
[48;2;1;1;1m[38;2;1;1;1m                    [48;2;0;0;0m[38;2;0;0;0m  [48;2;1;1;3m[38;2;1;1;3m  [48;2;1;1;1m[38;2;1;1;1m  [48;2;1;1;3m[38;2;1;1;3m  [48;2;3;1;6m[38;2;3;1;6m  [48;2;4;2;5m[38;2;4;2;5m  [48;2;32;21;18m[38;2;186;97;119m▅[48;2;198;73;107m[38;2;242;224;224m▅[48;2;249;249;251m[38;2;249;249;251m  [48;2;250;250;251m[38;2;0;0;0m [48;2;249;249;250m[38;2;211;211;213m▝[48;2;49;43;45m[38;2;219;214;216m▅[48;2;195;189;191m[38;2;98;92;94m▅[48;2;35;30;31m[38;2;226;221;223m▅▅[48;2;197;64;95m[38;2;86;43;44m▂[48;2;51;16;16m[38;2;134;45;62m▄[48;2;2;0;3m[38;2;2;0;3m  [48;2;1;1;3m[38;2;1;1;3m  [48;2;1;1;1m[38;2;1;1;1m            [0m
[48;2;1;1;1m[38;2;1;1;1m                        [48;2;1;1;3m[38;2;1;1;3m  [48;2;3;1;6m[38;2;3;1;6m    [48;2;1;0;2m[38;2;8;6;9m┃[48;2;35;33;36m[38;2;1;0;2m▊[48;2;248;248;250m[38;2;205;205;207m▎[48;2;240;240;242m[38;2;252;252;253m┃[48;2;250;250;252m[38;2;250;250;252m      [48;2;241;241;243m[38;2;254;254;255m┃[48;2;182;182;184m[38;2;245;245;246m▊[48;2;22;20;23m[38;2;143;141;144m▁[48;2;1;0;2m[38;2;4;2;5m▄[48;2;1;1;1m[38;2;1;1;1m                [0m
[48;2;1;1;1m[38;2;1;1;1m                    [48;2;2;0;3m[38;2;2;0;3m  [48;2;1;1;1m[38;2;1;1;1m  [48;2;3;1;6m[38;2;3;1;6m      [48;2;0;0;2m[38;2;7;7;9m┃[48;2;34;34;36m[38;2;0;0;2m▊[48;2;248;248;250m[38;2;205;205;207m▎[48;2;240;240;242m[38;2;252;252;253m┃[48;2;250;250;252m[38;2;250;250;252m        [48;2;146;144;147m[38;2;245;243;246m▊[48;2;1;0;2m[38;2;23;21;24m▄[48;2;1;1;3m[38;2;1;1;3m  [48;2;1;1;1m[38;2;1;1;1m              [0m
[48;2;1;1;1m[38;2;1;1;1m                  [48;2;1;1;3m[38;2;1;1;3m  [48;2;2;0;3m[38;2;2;0;3m  [48;2;1;1;3m[38;2;1;1;3m  [48;2;3;1;6m[38;2;3;1;6m    [48;2;2;0;3m[38;2;2;0;3m  [48;2;0;0;2m[38;2;6;6;8m▎[48;2;19;19;21m[38;2;3;3;5m▌[48;2;218;217;219m[38;2;45;43;46m▁[48;2;245;243;245m[38;2;0;0;0m [48;2;250;250;252m[38;2;250;250;252m      [48;2;241;241;243m[38;2;251;251;252m▅[48;2;251;251;252m[38;2;241;241;243m▃[48;2;199;197;200m[38;2;34;33;35m▁[48;2;7;5;8m[38;2;30;28;31m▎[48;2;2;0;3m[38;2;2;0;3m  [48;2;1;1;1m[38;2;1;1;1m              [0m
[48;2;1;1;1m[38;2;1;1;1m                  [48;2;2;0;3m[38;2;2;0;3m    [48;2;3;1;6m[38;2;3;1;6m      [48;2;1;1;3m[38;2;1;1;3m    [48;2;52;50;53m[38;2;6;4;7m▊[48;2;246;245;247m[38;2;175;173;176m▎[48;2;250;250;252m[38;2;250;250;252m      [48;2;252;251;254m[38;2;244;243;248m┃[48;2;152;151;156m[38;2;243;242;246m▊[48;2;4;3;7m[38;2;21;19;24m▌[48;2;8;6;11m[38;2;1;0;4m▊[48;2;3;1;6m[38;2;3;1;6m  [48;2;2;0;3m[38;2;2;0;3m  [48;2;1;1;1m[38;2;1;1;1m            [0m
[48;2;4;2;10m[38;2;23;2;126m▂▂▂▂▂▂▂▂▂▂▂▂▂▂▂▂▂▂[48;2;5;3;12m[38;2;24;2;129m▂▂[48;2;4;2;10m[38;2;23;2;126m▂▂[48;2;5;3;12m[38;2;24;2;129m▂▂▂▂▂▂[48;2;4;2;10m[38;2;23;2;126m▂▂[48;2;5;3;12m[38;2;24;2;129m▂▂[48;2;18;16;20m[38;2;28;12;126m▂[48;2;249;246;245m[38;2;179;174;190m▎[48;2;250;250;252m[38;2;250;250;252m      [48;2;242;242;244m[38;2;0;0;0m [48;2;207;205;213m[38;2;47;31;169m▁[48;2;7;4;13m[38;2;26;4;131m▂▂[48;2;5;3;12m[38;2;24;2;129m▂▂▂▂[48;2;4;2;10m[38;2;23;2;126m▂▂▂▂▂▂▂▂▂▂▂▂[0m
[48;2;38;3;183m[38;2;38;3;183m                                [48;2;48;24;176m[38;2;205;198;225m▂[48;2;246;243;247m[38;2;209;201;242m▎[48;2;250;250;252m[38;2;250;250;252m      [48;2;184;173;229m[38;2;246;244;245m▊[48;2;30;3;182m[38;2;67;45;172m▎[48;2;38;3;183m[38;2;38;3;183m                  [0m
[48;2;38;3;183m[38;2;38;3;183m                              [48;2;40;5;183m[38;2;40;5;183m  [48;2;248;247;251m[38;2;205;204;209m▎[48;2;240;239;244m[38;2;252;251;254m┃[48;2;250;250;252m[38;2;250;250;252m    [48;2;248;248;250m[38;2;248;248;250m  [48;2;224;217;233m[38;2;83;59;182m▂[48;2;32;2;184m[38;2;59;34;173m▎[48;2;38;3;183m[38;2;38;3;183m                  [0m
[48;2;38;3;185m[38;2;38;3;185m                              [48;2;40;5;183m[38;2;40;5;183m  [48;2;248;247;251m[38;2;205;204;209m▎[48;2;240;239;244m[38;2;252;251;254m┃[48;2;250;250;252m[38;2;250;250;252m    [48;2;255;254;255m[38;2;245;244;250m▌[48;2;174;173;179m[38;2;245;244;249m▊[48;2;40;5;183m[38;2;40;5;183m  [48;2;38;3;185m[38;2;38;3;185m                  [0m
[48;2;38;3;185m[38;2;38;3;185m                              [48;2;39;4;184m[38;2;39;4;184m  [48;2;248;247;251m[38;2;205;204;209m▎[48;2;240;239;244m[38;2;252;251;254m┃[48;2;250;250;252m[38;2;250;250;252m    [48;2;206;198;237m[38;2;245;242;245m▊[48;2;203;197;220m[38;2;46;23;172m▆[48;2;38;3;185m[38;2;38;3;185m                    [0m
[48;2;38;3;185m[38;2;38;3;185m                              [48;2;39;4;184m[38;2;39;4;184m  [48;2;219;215;234m[38;2;56;36;178m▂[48;2;242;242;244m[38;2;0;0;0m [48;2;249;249;251m[38;2;249;249;251m  [48;2;246;236;238m[38;2;204;71;94m▂▂[48;2;219;211;227m[38;2;183;73;124m▂[48;2;54;14;185m[38;2;28;7;171m▃[48;2;38;3;185m[38;2;38;3;185m                    [0m
[48;2;38;3;185m[38;2;38;3;185m                              [48;2;36;7;166m[38;2;20;7;61m▃[48;2;29;6;121m[38;2;13;7;19m▅[48;2;39;23;133m[38;2;23;7;25m▆[48;2;208;187;219m[38;2;121;50;55m▆[48;2;230;207;197m[38;2;217;77;106m▆▆[48;2;219;75;102m[38;2;219;75;102m  [48;2;199;79;111m[38;2;204;61;87m▆[48;2;51;8;143m[38;2;89;36;48m▆[48;2;34;6;148m[38;2;14;7;27m▆[48;2;35;7;159m[38;2;15;6;37m▂[48;2;38;3;185m[38;2;38;3;185m                  [0m
[48;2;38;3;185m[38;2;38;3;185m                              [48;2;31;22;53m[38;2;32;1;173m▆[48;2;16;8;37m[38;2;36;4;175m▂[48;2;8;3;24m[38;2;39;10;180m▂▂[48;2;156;56;82m[38;2;28;9;82m▆▆[48;2;168;49;82m[38;2;25;10;82m▆▆[48;2;148;48;74m[38;2;28;10;81m▆▆[48;2;17;9;38m[38;2;37;5;176m▂[48;2;32;23;54m[38;2;33;2;174m▆[48;2;38;3;185m[38;2;38;3;185m                  [0m
[48;2;40;2;185m[38;2;40;2;185m                                                            [0m
[48;2;40;2;185m[38;2;40;2;185m                                                            [0m
