[48;2;1;1;1m[38;2;1;1;1m                                                            [0m
[48;2;1;1;1m[38;2;1;1;1m                                                            [0m
[48;2;1;1;1m[38;2;1;1;1m                                                            [0m
[48;2;1;1;1m[38;2;1;1;1m                                                            [0m
[48;2;1;1;1m[38;2;1;1;1m                            [48;2;1;1;3m[38;2;1;1;3m  [48;2;1;1;1m[38;2;1;1;1m      [48;2;5;3;4m[38;2;5;3;4m  [48;2;3;3;3m[38;2;3;3;3m  [48;2;1;1;1m[38;2;1;1;1m                    [0m
[48;2;1;1;1m[38;2;1;1;1m                        [48;2;1;1;3m[38;2;1;1;3m    [48;2;3;1;6m[38;2;3;1;6m  [48;2;2;0;3m[38;2;2;0;3m  [48;2;1;1;3m[38;2;1;1;3m  [48;2;3;0;2m[38;2;32;27;31m [48;2;50;45;49m[38;2;235;231;234m▃[48;2;121;119;122m[38;2;244;242;245m▇▇[48;2;120;118;121m[38;2;243;241;244m▇[48;2;114;112;115m[38;2;236;234;237m▇[48;2;41;38;38m[38;2;209;205;206m▃[48;2;12;8;9m[38;2;3;0;0m┏[48;2;1;1;1m[38;2;1;1;1m                  [0m
[48;2;1;1;1m[38;2;1;1;1m                        [48;2;3;1;6m[38;2;3;1;6m      [48;2;1;1;3m[38;2;1;1;3m  [48;2;3;1;6m[38;2;3;1;6m  [48;2;71;66;70m[38;2;4;0;3m▊[48;2;245;241;245m[38;2;208;203;207m▎[48;2;243;227;225m[38;2;198;87;114m▄[48;2;186;84;108m[38;2;25;11;8m▃[48;2;160;56;75m[38;2;209;83;110m▊[48;2;195;82;104m[38;2;46;12;11m▄[48;2;79;77;82m[38;2;9;7;12m▇[48;2;1;0;4m[38;2;14;12;17m━[48;2;1;1;1m[38;2;1;1;1m                  [0m
[48;2;1;1;1m[38;2;1;1;1m                        [48;2;1;1;3m[38;2;1;1;3m  [48;2;3;1;6m[38;2;3;1;6m  [48;2;1;1;3m[38;2;1;1;3m    [48;2;2;0;3m[38;2;2;0;3m  [48;2;70;64;68m[38;2;8;3;6m▊[48;2;213;207;211m[38;2;245;241;244m┃[48;2;207;69;94m[38;2;218;80;105m▄▄[48;2;226;80;109m[38;2;202;55;85m┃[48;2;152;36;55m[38;2;199;75;97m▊[48;2;4;2;7m[38;2;4;2;7m  [48;2;1;1;3m[38;2;1;1;3m  [48;2;1;1;1m[38;2;1;1;1m                [0m
[48;2;1;1;1m[38;2;1;1;1m                    [48;2;2;2;4m[38;2;2;2;4m  [48;2;3;1;6m[38;2;3;1;6m    [48;2;1;1;3m[38;2;1;1;3m      [48;2;2;0;3m[38;2;1;0;2m▖[48;2;6;5;7m[38;2;26;24;27m▃[48;2;36;32;33m[38;2;227;224;225m▄[48;2;212;208;209m[38;2;235;232;233m▊[48;2;227;91;115m[38;2;207;71;95m┃┃[48;2;201;96;127m[38;2;243;231;231m▄[48;2;231;223;222m[38;2;0;0;0m [48;2;19;15;18m[38;2;205;200;204m▄[48;2;3;0;2m[38;2;36;31;35m▁[48;2;3;1;6m[38;2;3;1;6m  [48;2;1;1;3m[38;2;1;1;3m  [48;2;1;1;1m[38;2;1;1;1m              [0m
[48;2;1;1;1m[38;2;1;1;1m                [48;2;2;0;3m[38;2;2;0;3m  [48;2;3;1;4m[38;2;3;1;4m  [48;2;3;1;6m[38;2;3;1;6m    [48;2;1;1;3m[38;2;1;1;3m  [48;2;1;1;1m[38;2;1;1;1m    [48;2;3;1;6m[38;2;3;1;6m  [48;2;48;46;49m[38;2;4;3;5m▊[48;2;243;241;244m[38;2;172;170;173m▎[48;2;250;250;252m[38;2;250;250;252m  [48;2;247;247;249m[38;2;247;247;249m  [48;2;250;250;252m[38;2;250;250;252m  [48;2;251;250;252m[38;2;239;237;240m▘[48;2;160;158;161m[38;2;236;234;237m▊[48;2;6;5;9m[38;2;26;24;29m▃[48;2;2;0;5m[38;2;1;0;4m▗[48;2;2;0;3m[38;2;2;0;3m    [48;2;1;1;3m[38;2;1;1;3m  [48;2;1;1;1m[38;2;1;1;1m          [0m
[48;2;1;1;1m[38;2;1;1;1m            [48;2;1;1;3m[38;2;1;1;3m  [48;2;3;1;6m[38;2;3;1;6m      [48;2;1;1;3m[38;2;1;1;3m  [48;2;1;1;1m[38;2;1;1;1m      [48;2;3;1;6m[38;2;3;1;6m  [48;2;6;4;9m[38;2;6;4;9m  [48;2;37;35;38m[38;2;221;219;222m▄[48;2;240;238;240m[38;2;0;0;0m [48;2;250;250;252m[38;2;250;250;252m        [48;2;146;141;145m[38;2;245;240;244m▊[48;2;3;0;2m[38;2;23;18;22m▄[48;2;3;1;4m[38;2;3;1;4m  [48;2;1;1;1m[38;2;1;1;1m              [0m
[48;2;1;1;1m[38;2;1;1;1m            [48;2;3;1;6m[38;2;3;1;6m      [48;2;3;1;4m[38;2;3;1;4m  [48;2;1;1;3m[38;2;1;1;3m  [48;2;1;1;1m[38;2;1;1;1m    [48;2;3;1;6m[38;2;3;1;6m    [48;2;5;4;8m[38;2;0;0;0m [48;2;18;17;21m[38;2;100;98;103m▁[48;2;248;248;250m[38;2;205;205;207m▎[48;2;240;240;242m[38;2;252;252;253m┃[48;2;250;250;252m[38;2;250;250;252m        [48;2;234;230;234m[38;2;0;0;0m [48;2;45;41;44m[38;2;214;210;213m▄[48;2;4;2;7m[38;2;4;2;7m  [48;2;1;1;3m[38;2;1;1;3m  [48;2;1;1;1m[38;2;1;1;1m            [0m
[48;2;1;1;1m[38;2;1;1;1m            [48;2;1;1;3m[38;2;1;1;3m  [48;2;3;1;6m[38;2;3;1;6m  [48;2;2;0;3m[38;2;2;0;3m  [48;2;1;1;1m[38;2;1;1;1m  [48;2;3;1;6m[38;2;3;1;6m      [48;2;2;0;3m[38;2;2;0;3m  [48;2;3;1;6m[38;2;3;1;6m  [48;2;38;36;39m[38;2;6;5;7m▊[48;2;247;245;248m[38;2;161;159;162m▎[48;2;255;255;255m[38;2;251;251;253m▘[48;2;245;245;247m[38;2;224;224;226m▗[48;2;216;211;215m[38;2;36;32;35m▄[48;2;239;235;239m[38;2;116;111;115m▁[48;2;250;250;252m[38;2;250;250;252m      [48;2;252;250;252m[38;2;244;242;245m┃[48;2;152;150;153m[38;2;243;242;244m▊[48;2;4;2;7m[38;2;4;2;7m  [48;2;1;1;3m[38;2;1;1;3m  [48;2;1;1;1m[38;2;1;1;1m            [0m
[48;2;1;1;1m[38;2;1;1;1m              [48;2;2;0;3m[38;2;2;0;3m  [48;2;1;1;3m[38;2;1;1;3m    [48;2;3;1;6m[38;2;3;1;6m      [48;2;1;1;1m[38;2;1;1;1m  [48;2;3;1;6m[38;2;3;1;6m  [48;2;38;29;32m[38;2;12;4;6m▊[48;2;235;228;231m[38;2;158;149;152m▎[48;2;238;235;238m[38;2;187;143;158m▁[48;2;220;213;215m[38;2;50;41;44m▅[48;2;13;9;12m[38;2;0;0;0m [48;2;64;59;63m[38;2;8;5;7m▊[48;2;236;234;237m[38;2;81;79;82m▁[48;2;246;244;246m[38;2;93;91;94m▁[48;2;244;243;245m[38;2;102;100;103m▁▁[48;2;250;250;252m[38;2;250;250;252m  [48;2;189;187;190m[38;2;242;240;243m▊[48;2;209;208;210m[38;2;30;28;31m▅[48;2;2;0;3m[38;2;2;0;3m  [48;2;1;1;3m[38;2;1;1;3m  [48;2;1;1;1m[38;2;1;1;1m            [0m
[48;2;1;1;1m[38;2;1;1;1m                [48;2;3;1;4m[38;2;3;1;4m  [48;2;3;1;6m[38;2;3;1;6m  [48;2;2;0;3m[38;2;2;0;3m  [48;2;3;1;6m[38;2;3;1;6m  [48;2;2;0;3m[38;2;2;0;3m  [48;2;1;1;1m[38;2;1;1;1m  [48;2;3;1;6m[38;2;3;1;6m  [48;2;27;10;18m[38;2;2;5;6m┃[48;2;187;63;83m[38;2;102;37;47m▎[48;2;204;66;95m[38;2;0;0;0m [48;2;68;24;24m[38;2;209;74;101m▄[48;2;28;23;27m[38;2;173;168;172m▁[48;2;21;17;20m[38;2;219;215;218m▅[48;2;18;13;17m[38;2;216;211;215m▅[48;2;23;19;22m[38;2;161;156;160m▁[48;2;9;5;10m[38;2;34;29;35m▁[48;2;41;36;42m[38;2;157;152;158m▁[48;2;241;237;239m[38;2;0;0;0m [48;2;242;243;243m[38;2;217;194;202m▂[48;2;146;144;147m[38;2;245;243;246m▊[48;2;1;0;2m[38;2;23;21;24m▄[48;2;1;1;1m[38;2;1;1;1m                [0m
[48;2;1;1;1m[38;2;1;1;1m                    [48;2;0;0;0m[38;2;0;0;0m  [48;2;1;1;3m[38;2;1;1;3m  [48;2;1;1;1m[38;2;1;1;1m  [48;2;1;1;3m[38;2;1;1;3m  [48;2;3;1;6m[38;2;3;1;6m  [48;2;3;1;4m[38;2;3;1;4m  [48;2;180;57;77m[38;2;74;63;67m▅[48;2;207;84;104m[38;2;233;223;226m▅[48;2;249;249;251m[38;2;249;249;251m  [48;2;250;250;251m[38;2;0;0;0m [48;2;249;249;250m[38;2;211;211;213m▝[48;2;56;50;52m[38;2;219;214;216m▅[48;2;207;202;204m[38;2;90;84;86m▅[48;2;237;208;205m[38;2;209;110;130m▅[48;2;201;79;107m[38;2;220;212;203m▁[48;2;190;185;187m[38;2;99;93;95m▅[48;2;36;31;32m[38;2;200;194;196m▅[48;2;3;1;4m[38;2;3;1;4m  [48;2;1;1;3m[38;2;1;1;3m  [48;2;1;1;1m[38;2;1;1;1m            [0m
[48;2;1;1;1m[38;2;1;1;1m                        [48;2;1;1;3m[38;2;1;1;3m  [48;2;3;1;6m[38;2;3;1;6m    [48;2;7;6;8m[38;2;0;0;0m [48;2;24;23;25m[38;2;148;146;149m▁[48;2;249;249;250m[38;2;206;206;208m▎[48;2;241;241;243m[38;2;253;253;254m┃[48;2;250;250;252m[38;2;250;250;252m        [48;2;255;254;255m[38;2;237;235;238m▄[48;2;206;204;207m[38;2;76;74;77m▁[48;2;2;2;4m[38;2;2;2;4m  [48;2;1;1;1m[38;2;1;1;1m              [0m
[48;2;1;1;1m[38;2;1;1;1m                    [48;2;2;0;3m[38;2;2;0;3m  [48;2;1;1;1m[38;2;1;1;1m  [48;2;3;1;6m[38;2;3;1;6m      [48;2;27;24;24m[38;2;163;159;160m▁[48;2;247;245;246m[38;2;176;172;173m▎[48;2;250;250;252m[38;2;250;250;252m          [48;2;146;144;147m[38;2;245;243;246m▊[48;2;1;0;2m[38;2;23;21;24m▄[48;2;1;1;3m[38;2;1;1;3m  [48;2;1;1;1m[38;2;1;1;1m              [0m
[48;2;1;1;1m[38;2;1;1;1m                  [48;2;1;1;3m[38;2;1;1;3m  [48;2;2;0;3m[38;2;2;0;3m  [48;2;1;1;3m[38;2;1;1;3m  [48;2;3;1;6m[38;2;3;1;6m    [48;2;3;1;4m[38;2;3;1;4m  [48;2;248;247;252m[38;2;147;146;151m▎[48;2;255;254;255m[38;2;234;233;238m│[48;2;250;250;252m[38;2;250;250;252m        [48;2;242;240;243m[38;2;0;0;0m [48;2;217;215;218m[38;2;53;51;54m▁[48;2;186;184;187m[38;2;15;13;16m▅[48;2;1;0;2m[38;2;43;41;44m [48;2;2;0;3m[38;2;2;0;3m  [48;2;1;1;1m[38;2;1;1;1m              [0m
[48;2;1;1;1m[38;2;1;1;1m                  [48;2;2;0;3m[38;2;2;0;3m    [48;2;3;1;6m[38;2;3;1;6m      [48;2;3;1;4m[38;2;3;1;4m  [48;2;248;247;252m[38;2;147;146;151m▎[48;2;255;254;255m[38;2;234;233;238m│[48;2;250;250;252m[38;2;250;250;252m      [48;2;241;239;241m[38;2;0;0;0m [48;2;220;218;221m[38;2;34;32;35m▁[48;2;190;185;191m[38;2;19;14;20m▅[48;2;3;0;4m[38;2;14;9;15m╺[48;2;3;1;6m[38;2;3;1;6m    [48;2;2;0;3m[38;2;2;0;3m  [48;2;1;1;1m[38;2;1;1;1m            [0m
[48;2;4;2;10m[38;2;23;2;126m▂▂▂▂▂▂▂▂▂▂▂▂▂▂▂▂▂▂[48;2;5;3;12m[38;2;24;2;129m▂▂[48;2;4;2;10m[38;2;23;2;126m▂▂[48;2;5;3;12m[38;2;24;2;129m▂▂▂▂▂▂[48;2;5;3;11m[38;2;24;3;127m▂▂[48;2;184;181;189m[38;2;24;15;66m▅[48;2;233;230;234m[38;2;0;0;0m [48;2;250;250;252m[38;2;250;250;252m    [48;2;248;248;250m[38;2;248;248;250m  [48;2;209;203;219m[38;2;54;22;193m▁[48;2;23;17;33m[38;2;32;3;171m▁[48;2;5;3;12m[38;2;24;2;129m▂▂[48;2;4;2;11m[38;2;23;1;128m▂▂[48;2;5;3;12m[38;2;24;2;129m▂▂▂▂[48;2;4;2;10m[38;2;23;2;126m▂▂▂▂▂▂▂▂▂▂▂▂[0m
[48;2;38;3;183m[38;2;38;3;183m                              [48;2;41;14;172m[38;2;43;10;196m▄[48;2;227;221;237m[38;2;83;59;182m▂[48;2;249;249;251m[38;2;249;249;251m  [48;2;250;250;252m[38;2;250;250;252m  [48;2;255;254;255m[38;2;246;245;250m▌[48;2;175;174;179m[38;2;246;245;249m▊[48;2;41;6;184m[38;2;41;6;184m  [48;2;38;3;183m[38;2;38;3;183m                    [0m
[48;2;38;3;183m[38;2;38;3;183m                              [48;2;39;4;184m[38;2;39;4;184m  [48;2;224;223;227m[38;2;69;51;178m▂[48;2;246;244;250m[38;2;0;0;0m [48;2;250;250;252m[38;2;250;250;252m  [48;2;250;250;251m[38;2;240;240;242m▃[48;2;241;241;243m[38;2;251;251;252m▄[48;2;59;33;184m[38;2;221;213;238m▆[48;2;42;13;180m[38;2;41;14;176m▄[48;2;38;3;183m[38;2;38;3;183m                    [0m
[48;2;38;3;185m[38;2;38;3;185m                                [48;2;41;14;183m[38;2;46;15;192m▄[48;2;224;218;232m[38;2;55;31;168m▂[48;2;249;249;251m[38;2;249;249;251m  [48;2;250;250;252m[38;2;250;250;252m  [48;2;173;162;218m[38;2;249;247;248m▊[48;2;37;11;171m[38;2;46;14;203m│[48;2;38;3;185m[38;2;38;3;185m                    [0m
[48;2;38;3;185m[38;2;38;3;185m                                [48;2;41;6;184m[38;2;41;6;184m  [48;2;255;255;255m[38;2;236;236;238m▌[48;2;252;252;253m[38;2;244;244;246m┃[48;2;250;250;252m[38;2;250;250;252m  [48;2;186;176;229m[38;2;248;246;245m▊[48;2;32;4;182m[38;2;69;47;173m▎[48;2;38;3;185m[38;2;38;3;185m                    [0m
[48;2;38;3;185m[38;2;38;3;185m                                [48;2;39;4;184m[38;2;39;4;184m  [48;2;205;199;223m[38;2;52;29;175m▆[48;2;246;244;243m[38;2;219;212;247m▎[48;2;246;236;236m[38;2;191;75;110m▂▂[48;2;217;208;236m[38;2;60;32;185m▂[48;2;36;11;170m[38;2;41;13;179m▄[48;2;38;3;185m[38;2;38;3;185m                    [0m
[48;2;38;3;185m[38;2;38;3;185m                              [48;2;41;10;170m[38;2;13;2;54m▃[48;2;36;13;128m[38;2;9;3;16m▅[48;2;39;14;141m[38;2;8;3;12m▆▆[48;2;54;15;69m[38;2;197;79;104m▂[48;2;225;191;194m[38;2;199;79;97m▆[48;2;218;76;102m[38;2;218;76;102m  [48;2;70;21;142m[38;2;191;73;86m▆[48;2;49;13;68m[38;2;187;71;95m▂[48;2;34;6;148m[38;2;14;7;27m▆[48;2;35;7;159m[38;2;15;6;37m▂[48;2;38;3;185m[38;2;38;3;185m                  [0m
[48;2;38;3;185m[38;2;38;3;185m                              [48;2;31;22;53m[38;2;32;1;173m▆[48;2;16;8;37m[38;2;36;4;175m▂[48;2;8;3;24m[38;2;39;10;180m▂▂[48;2;156;56;82m[38;2;28;9;82m▆▆[48;2;168;49;82m[38;2;25;10;82m▆▆[48;2;148;48;74m[38;2;28;10;81m▆▆[48;2;17;9;38m[38;2;37;5;176m▂[48;2;32;23;54m[38;2;33;2;174m▆[48;2;38;3;185m[38;2;38;3;185m                  [0m
[48;2;40;2;185m[38;2;40;2;185m                                                            [0m
[48;2;40;2;185m[38;2;40;2;185m                                                            [0m
