[48;2;1;1;1m[38;2;1;1;1m                                                            [0m
[48;2;1;1;1m[38;2;1;1;1m                                                            [0m
[48;2;1;1;1m[38;2;1;1;1m                                                            [0m
[48;2;1;1;1m[38;2;1;1;1m                                                            [0m
[48;2;1;1;1m[38;2;1;1;1m                            [48;2;1;1;3m[38;2;1;1;3m  [48;2;1;1;1m[38;2;1;1;1m    [48;2;2;2;2m[38;2;2;2;2m  [48;2;2;1;1m[38;2;12;10;11m▃▃[48;2;2;2;2m[38;2;2;2;2m  [48;2;1;1;1m[38;2;1;1;1m                    [0m
[48;2;1;1;1m[38;2;1;1;1m                        [48;2;1;1;3m[38;2;1;1;3m    [48;2;3;1;6m[38;2;3;1;6m  [48;2;2;0;3m[38;2;2;0;3m  [48;2;6;4;7m[38;2;1;0;2m▅[48;2;7;5;8m[38;2;20;18;21m▗[48;2;51;47;50m[38;2;225;220;224m▃[48;2;128;123;127m[38;2;237;233;237m▇[48;2;122;120;123m[38;2;245;243;245m▇▇[48;2;124;119;123m[38;2;232;228;232m▇[48;2;45;40;44m[38;2;220;215;219m▃[48;2;3;3;5m[38;2;3;3;5m  [48;2;1;1;1m[38;2;1;1;1m                  [0m
[48;2;1;1;1m[38;2;1;1;1m                        [48;2;3;1;6m[38;2;3;1;6m      [48;2;1;1;3m[38;2;1;1;3m  [48;2;3;1;6m[38;2;3;1;6m  [48;2;123;94;99m[38;2;20;11;11m▇[48;2;186;81;112m[38;2;29;16;14m▄[48;2;206;149;152m[38;2;198;65;94m▇[48;2;214;94;119m[38;2;53;23;20m▄[48;2;242;234;233m[38;2;205;104;134m▄[48;2;164;170;163m[38;2;247;237;236m▊[48;2;4;3;7m[38;2;21;19;24m▌[48;2;8;6;11m[38;2;1;0;4m▊[48;2;1;1;1m[38;2;1;1;1m                  [0m
[48;2;1;1;1m[38;2;1;1;1m                        [48;2;1;1;3m[38;2;1;1;3m  [48;2;3;1;6m[38;2;3;1;6m  [48;2;1;1;3m[38;2;1;1;3m    [48;2;2;0;3m[38;2;2;0;3m  [48;2;62;25;33m[38;2;0;3;7m▊[48;2;211;68;94m[38;2;144;45;66m▎[48;2;206;68;93m[38;2;217;79;104m▄▄[48;2;236;164;175m[38;2;207;77;97m▊[48;2;183;148;168m[38;2;237;232;234m▊[48;2;9;7;12m[38;2;14;12;17m▌[48;2;1;0;4m[38;2;4;2;7m▎[48;2;1;1;3m[38;2;1;1;3m  [48;2;1;1;1m[38;2;1;1;1m                [0m
[48;2;1;1;1m[38;2;1;1;1m                    [48;2;2;2;4m[38;2;2;2;4m  [48;2;3;1;6m[38;2;3;1;6m    [48;2;1;1;3m[38;2;1;1;3m      [48;2;3;1;4m[38;2;3;1;4m  [48;2;23;20;17m[38;2;0;0;0m [48;2;191;82;115m[38;2;231;216;218m▄[48;2;240;238;241m[38;2;251;249;252m▄▄[48;2;248;246;249m[38;2;231;229;232m╵[48;2;237;235;238m[38;2;0;0;0m [48;2;19;15;18m[38;2;205;200;204m▄[48;2;3;0;2m[38;2;36;31;35m▁[48;2;3;1;6m[38;2;3;1;6m  [48;2;1;1;3m[38;2;1;1;3m  [48;2;1;1;1m[38;2;1;1;1m              [0m
[48;2;1;1;1m[38;2;1;1;1m                [48;2;2;0;3m[38;2;2;0;3m  [48;2;3;1;4m[38;2;3;1;4m  [48;2;3;1;6m[38;2;3;1;6m    [48;2;1;1;3m[38;2;1;1;3m  [48;2;1;1;1m[38;2;1;1;1m    [48;2;3;1;6m[38;2;3;1;6m  [48;2;14;12;17m[38;2;1;0;4m▊[48;2;57;55;60m[38;2;8;6;11m▊[48;2;246;244;247m[38;2;211;209;212m▘[48;2;252;250;252m[38;2;243;241;244m▊[48;2;250;250;252m[38;2;250;250;252m    [48;2;251;250;252m[38;2;239;237;240m▘[48;2;160;158;161m[38;2;236;234;237m▊[48;2;6;5;9m[38;2;26;24;29m▃[48;2;2;0;5m[38;2;1;0;4m▗[48;2;2;0;3m[38;2;2;0;3m    [48;2;1;1;3m[38;2;1;1;3m  [48;2;1;1;1m[38;2;1;1;1m          [0m
[48;2;1;1;1m[38;2;1;1;1m            [48;2;1;1;3m[38;2;1;1;3m  [48;2;3;1;6m[38;2;3;1;6m      [48;2;1;1;3m[38;2;1;1;3m  [48;2;1;1;1m[38;2;1;1;1m      [48;2;3;1;6m[38;2;3;1;6m    [48;2;15;13;18m[38;2;1;0;4m▊[48;2;58;56;61m[38;2;8;7;11m▊[48;2;255;255;255m[38;2;236;236;238m▌[48;2;252;252;253m[38;2;244;244;246m┃[48;2;250;250;252m[38;2;250;250;252m      [48;2;146;141;145m[38;2;245;240;244m▊[48;2;3;0;2m[38;2;23;18;22m▄[48;2;3;1;4m[38;2;3;1;4m  [48;2;1;1;1m[38;2;1;1;1m              [0m
[48;2;1;1;1m[38;2;1;1;1m            [48;2;3;1;6m[38;2;3;1;6m      [48;2;3;1;4m[38;2;3;1;4m  [48;2;1;1;3m[38;2;1;1;3m  [48;2;1;1;1m[38;2;1;1;1m    [48;2;3;1;6m[38;2;3;1;6m      [48;2;1;0;4m[38;2;7;5;10m▂[48;2;8;6;11m[38;2;21;19;24m▝[48;2;208;206;208m[38;2;27;25;28m▄[48;2;245;243;245m[38;2;216;214;216m▎[48;2;250;250;252m[38;2;250;250;252m      [48;2;146;144;147m[38;2;245;243;246m▊[48;2;1;0;2m[38;2;23;21;24m▄[48;2;3;1;6m[38;2;3;1;6m  [48;2;1;1;3m[38;2;1;1;3m  [48;2;1;1;1m[38;2;1;1;1m            [0m
[48;2;1;1;1m[38;2;1;1;1m            [48;2;1;1;3m[38;2;1;1;3m  [48;2;3;1;6m[38;2;3;1;6m  [48;2;2;0;3m[38;2;2;0;3m  [48;2;1;1;1m[38;2;1;1;1m  [48;2;3;1;6m[38;2;3;1;6m      [48;2;2;0;3m[38;2;2;0;3m  [48;2;3;1;6m[38;2;3;1;6m      [48;2;60;55;59m[38;2;7;3;6m▊[48;2;231;227;230m[38;2;122;117;121m▁[48;2;250;250;252m[38;2;250;250;252m      [48;2;146;144;147m[38;2;245;243;246m▊[48;2;1;0;2m[38;2;23;21;24m▄[48;2;3;1;6m[38;2;3;1;6m  [48;2;1;1;3m[38;2;1;1;3m  [48;2;1;1;1m[38;2;1;1;1m            [0m
[48;2;1;1;1m[38;2;1;1;1m              [48;2;2;0;3m[38;2;2;0;3m  [48;2;1;1;3m[38;2;1;1;3m    [48;2;3;1;6m[38;2;3;1;6m      [48;2;1;1;1m[38;2;1;1;1m  [48;2;3;1;6m[38;2;3;1;6m      [48;2;10;10;6m[38;2;0;0;0m [48;2;67;31;39m[38;2;193;66;104m▄[48;2;239;237;239m[38;2;126;124;127m▁[48;2;246;245;247m[38;2;0;0;0m [48;2;249;249;251m[38;2;249;249;251m  [48;2;244;242;244m[38;2;139;137;140m▁[48;2;225;223;226m[38;2;245;243;246m▇[48;2;114;109;113m[38;2;219;215;218m▊[48;2;9;4;8m[38;2;37;32;36m▎[48;2;1;1;3m[38;2;1;1;3m    [48;2;1;1;1m[38;2;1;1;1m            [0m
[48;2;1;1;1m[38;2;1;1;1m                [48;2;3;1;4m[38;2;3;1;4m  [48;2;3;1;6m[38;2;3;1;6m  [48;2;2;0;3m[38;2;2;0;3m  [48;2;3;1;6m[38;2;3;1;6m  [48;2;2;0;3m[38;2;2;0;3m  [48;2;1;1;1m[38;2;1;1;1m  [48;2;3;1;6m[38;2;3;1;6m    [48;2;4;2;7m[38;2;4;2;7m  [48;2;29;14;13m[38;2;142;58;79m▅[48;2;183;54;90m[38;2;69;52;51m▅[48;2;67;62;66m[38;2;12;8;11m▊[48;2;253;249;253m[38;2;203;198;202m▎[48;2;241;241;243m[38;2;254;254;255m┃[48;2;182;182;184m[38;2;245;245;246m▊[48;2;39;33;37m[38;2;172;166;170m▁[48;2;199;193;197m[38;2;63;58;61m▅[48;2;4;2;7m[38;2;4;2;7m  [48;2;1;1;1m[38;2;1;1;1m                [0m
[48;2;1;1;1m[38;2;1;1;1m                    [48;2;0;0;0m[38;2;0;0;0m  [48;2;1;1;3m[38;2;1;1;3m  [48;2;1;1;1m[38;2;1;1;1m  [48;2;1;1;3m[38;2;1;1;3m  [48;2;3;1;6m[38;2;3;1;6m  [48;2;1;1;3m[38;2;1;1;3m  [48;2;9;7;12m[38;2;0;0;0m [48;2;23;21;26m[38;2;149;147;152m▁[48;2;40;38;41m[38;2;222;220;223m▅[48;2;235;234;236m[38;2;0;0;0m [48;2;56;51;55m[38;2;237;233;237m▅[48;2;218;213;217m[38;2;243;239;242m▊[48;2;247;235;240m[38;2;204;80;101m▅[48;2;243;230;236m[38;2;198;74;96m▅[48;2;227;223;226m[38;2;31;26;29m▅[48;2;203;197;201m[38;2;81;75;79m▅[48;2;28;24;27m[38;2;158;153;157m▅[48;2;13;9;12m[38;2;0;0;0m [48;2;2;0;3m[38;2;2;0;3m  [48;2;1;1;3m[38;2;1;1;3m  [48;2;1;1;1m[38;2;1;1;1m            [0m
[48;2;1;1;1m[38;2;1;1;1m                        [48;2;1;1;3m[38;2;1;1;3m  [48;2;3;1;6m[38;2;3;1;6m    [48;2;1;1;3m[38;2;1;1;3m  [48;2;22;18;21m[38;2;119;114;118m▂[48;2;245;241;245m[38;2;199;194;198m▎[48;2;250;250;252m[38;2;250;250;252m  [48;2;251;249;251m[38;2;241;239;242m▃[48;2;242;240;243m[38;2;252;250;252m▄[48;2;216;80;112m[38;2;244;225;219m▅[48;2;202;78;106m[38;2;231;200;197m▁[48;2;52;43;42m[38;2;184;99;123m▅[48;2;198;191;189m[38;2;100;90;89m▅[48;2;40;36;39m[38;2;202;197;201m▅[48;2;3;0;2m[38;2;54;49;53m▎[48;2;1;1;1m[38;2;1;1;1m                [0m
[48;2;1;1;1m[38;2;1;1;1m                    [48;2;2;0;3m[38;2;2;0;3m  [48;2;1;1;1m[38;2;1;1;1m  [48;2;3;1;6m[38;2;3;1;6m      [48;2;2;0;5m[38;2;9;7;12m┃[48;2;36;34;39m[38;2;1;0;4m▊[48;2;249;249;250m[38;2;206;206;208m▎[48;2;241;241;243m[38;2;253;253;254m┃[48;2;250;250;252m[38;2;250;250;252m      [48;2;250;250;251m[38;2;239;239;241m▎[48;2;184;184;186m[38;2;244;244;245m▊[48;2;198;193;197m[38;2;25;20;24m▅[48;2;3;0;2m[38;2;7;2;6m╺[48;2;1;1;3m[38;2;1;1;3m  [48;2;1;1;1m[38;2;1;1;1m              [0m
[48;2;1;1;1m[38;2;1;1;1m                  [48;2;1;1;3m[38;2;1;1;3m  [48;2;2;0;3m[38;2;2;0;3m  [48;2;1;1;3m[38;2;1;1;3m  [48;2;3;1;6m[38;2;3;1;6m    [48;2;2;0;3m[38;2;2;0;3m  [48;2;2;1;5m[38;2;10;8;13m┃[48;2;37;35;40m[38;2;1;0;4m▊[48;2;248;248;250m[38;2;205;205;207m▎[48;2;240;240;242m[38;2;252;252;253m┃[48;2;250;250;252m[38;2;250;250;252m    [48;2;248;248;250m[38;2;248;248;250m  [48;2;222;217;221m[38;2;33;28;32m▁[48;2;201;196;200m[38;2;23;19;22m▅[48;2;3;1;4m[38;2;3;1;4m  [48;2;2;0;3m[38;2;2;0;3m  [48;2;1;1;1m[38;2;1;1;1m              [0m
[48;2;1;1;1m[38;2;1;1;1m                  [48;2;2;0;3m[38;2;2;0;3m    [48;2;3;1;6m[38;2;3;1;6m      [48;2;1;1;3m[38;2;1;1;3m  [48;2;2;1;5m[38;2;10;8;13m┃[48;2;37;35;40m[38;2;1;0;4m▊[48;2;248;248;250m[38;2;205;205;207m▎[48;2;240;240;242m[38;2;252;252;253m┃[48;2;250;250;252m[38;2;250;250;252m    [48;2;255;255;255m[38;2;253;253;255m▌[48;2;164;164;166m[38;2;240;240;242m▊[48;2;4;2;7m[38;2;20;18;23m▌[48;2;7;5;10m[38;2;1;0;4m▊[48;2;3;1;6m[38;2;3;1;6m    [48;2;2;0;3m[38;2;2;0;3m  [48;2;1;1;1m[38;2;1;1;1m            [0m
[48;2;4;2;10m[38;2;23;2;126m▂▂▂▂▂▂▂▂▂▂▂▂▂▂▂▂▂▂[48;2;5;3;12m[38;2;24;2;129m▂▂[48;2;4;2;10m[38;2;23;2;126m▂▂[48;2;5;3;12m[38;2;24;2;129m▂▂▂▂▂▂[48;2;4;2;10m[38;2;23;2;126m▂▂[48;2;7;2;12m[38;2;25;2;127m▂[48;2;17;11;21m[38;2;36;12;139m▂[48;2;218;215;228m[38;2;44;25;150m▁[48;2;244;243;244m[38;2;0;0;0m [48;2;250;250;252m[38;2;250;250;252m    [48;2;199;192;209m[38;2;247;244;243m▊[48;2;184;179;185m[38;2;30;19;67m▅[48;2;8;3;13m[38;2;27;2;130m▂▂[48;2;4;2;11m[38;2;23;1;128m▂▂[48;2;5;3;12m[38;2;24;2;129m▂▂▂▂[48;2;4;2;10m[38;2;23;2;126m▂▂▂▂▂▂▂▂▂▂▂▂[0m
[48;2;38;3;183m[38;2;38;3;183m                                [48;2;71;49;176m[38;2;34;5;186m▊[48;2;249;248;248m[38;2;188;177;233m▎[48;2;250;250;252m[38;2;250;250;252m    [48;2;164;154;188m[38;2;252;247;246m▊[48;2;36;0;200m[38;2;40;12;177m▊[48;2;38;3;183m[38;2;38;3;183m                    [0m
[48;2;38;3;183m[38;2;38;3;183m                                [48;2;40;12;176m[38;2;49;16;207m│[48;2;252;250;251m[38;2;176;165;223m▎[48;2;250;250;252m[38;2;250;250;252m    [48;2;198;190;230m[38;2;248;246;249m▊[48;2;47;23;173m[38;2;203;197;220m▂[48;2;39;4;184m[38;2;39;4;184m  [48;2;38;3;183m[38;2;38;3;183m                  [0m
[48;2;38;3;185m[38;2;38;3;185m                                [48;2;44;11;185m[38;2;44;10;190m▄[48;2;209;198;233m[38;2;47;19;177m▆[48;2;250;250;251m[38;2;232;232;234m▌[48;2;250;250;252m[38;2;255;255;255m▌[38;2;250;250;252m  [48;2;255;254;255m[38;2;245;244;250m▌[48;2;174;173;179m[38;2;245;244;249m▊[48;2;40;5;183m[38;2;40;5;183m  [48;2;38;3;185m[38;2;38;3;185m                  [0m
[48;2;38;3;185m[38;2;38;3;185m                                [48;2;40;5;185m[38;2;40;5;185m  [48;2;227;226;230m[38;2;61;46;169m▂[48;2;244;242;249m[38;2;0;0;0m [48;2;250;250;252m[38;2;250;250;252m  [48;2;255;254;255m[38;2;246;245;251m▌[48;2;175;174;180m[38;2;246;245;249m▊[48;2;39;4;182m[38;2;39;4;182m  [48;2;38;3;185m[38;2;38;3;185m                  [0m
[48;2;38;3;185m[38;2;38;3;185m                                  [48;2;87;63;185m[38;2;37;4;181m▊[48;2;252;249;244m[38;2;203;191;241m▎[48;2;246;236;238m[38;2;204;71;94m▂▂[48;2;233;220;223m[38;2;204;74;94m▂[48;2;221;205;217m[38;2;208;76;107m▆[48;2;42;6;167m[38;2;156;55;122m▂[48;2;38;3;188m[38;2;58;13;174m▖[48;2;38;3;185m[38;2;38;3;185m                  [0m
[48;2;38;3;185m[38;2;38;3;185m                                [48;2;37;7;167m[38;2;15;2;56m▃[48;2;32;9;123m[38;2;10;5;18m▅[48;2;152;63;111m[38;2;56;26;36m▃[48;2;204;190;192m[38;2;211;68;102m▆[48;2;219;75;102m[38;2;219;75;102m  [48;2;216;74;100m[38;2;216;74;100m  [48;2;191;64;88m[38;2;45;22;38m▃[48;2;38;13;117m[38;2;16;7;26m▆[48;2;37;5;168m[38;2;27;15;54m▂[48;2;32;2;173m[38;2;42;4;201m▗[48;2;38;3;185m[38;2;38;3;185m                [0m
[48;2;38;3;185m[38;2;38;3;185m                                [48;2;30;21;52m[38;2;31;1;172m▆[48;2;15;7;36m[38;2;35;4;174m▂[48;2;13;5;24m[38;2;35;7;175m▂[48;2;138;50;77m[38;2;28;11;84m▆[48;2;168;49;82m[38;2;25;10;82m▆▆[48;2;148;48;74m[38;2;28;10;81m▆▆[48;2;8;6;13m[38;2;31;5;153m▃▃[48;2;37;22;78m[38;2;37;2;183m▆[48;2;37;2;182m[38;2;37;5;163m▘[48;2;38;3;185m[38;2;38;3;185m                [0m
[48;2;40;2;185m[38;2;40;2;185m                                                            [0m
[48;2;40;2;185m[38;2;40;2;185m                                                            [0m
