[48;2;1;1;1m[38;2;1;1;1m                                                            [0m
[48;2;1;1;1m[38;2;1;1;1m                                                            [0m
[48;2;1;1;1m[38;2;1;1;1m                                                            [0m
[48;2;1;1;1m[38;2;1;1;1m                                                            [0m
[48;2;1;1;1m[38;2;1;1;1m                            [48;2;1;1;3m[38;2;1;1;3m  [48;2;1;1;1m[38;2;1;1;1m    [48;2;2;2;2m[38;2;2;2;2m  [48;2;2;1;1m[38;2;12;10;11m▃▃[48;2;2;2;2m[38;2;2;2;2m  [48;2;1;1;1m[38;2;1;1;1m                    [0m
[48;2;1;1;1m[38;2;1;1;1m                        [48;2;1;1;3m[38;2;1;1;3m    [48;2;3;1;6m[38;2;3;1;6m  [48;2;2;0;3m[38;2;2;0;3m  [48;2;6;4;7m[38;2;1;0;2m▅[48;2;7;5;8m[38;2;20;18;21m▗[48;2;51;47;50m[38;2;225;220;224m▃[48;2;128;123;127m[38;2;237;233;237m▇[48;2;123;121;124m[38;2;245;244;246m▇▇[48;2;124;119;123m[38;2;232;228;232m▇[48;2;45;40;44m[38;2;220;215;219m▃[48;2;3;3;5m[38;2;3;3;5m  [48;2;1;1;1m[38;2;1;1;1m                  [0m
[48;2;1;1;1m[38;2;1;1;1m                        [48;2;3;1;6m[38;2;3;1;6m      [48;2;1;1;3m[38;2;1;1;3m  [48;2;3;1;6m[38;2;3;1;6m  [48;2;92;80;88m[38;2;22;10;17m▇[48;2;171;67;83m[38;2;209;83;106m┃[48;2;214;105;132m[38;2;47;24;23m▄[48;2;241;228;225m[38;2;199;90;117m▄[48;2;239;239;241m[38;2;252;252;254m┃[48;2;180;180;182m[38;2;243;243;245m▊[48;2;1;0;4m[38;2;35;33;38m▎[38;2;8;6;11m┃[48;2;1;1;1m[38;2;1;1;1m                  [0m
[48;2;1;1;1m[38;2;1;1;1m                        [48;2;1;1;3m[38;2;1;1;3m  [48;2;3;1;6m[38;2;3;1;6m  [48;2;1;1;3m[38;2;1;1;3m    [48;2;2;0;3m[38;2;2;0;3m  [48;2;58;21;29m[38;2;3;4;9m▊[48;2;215;72;99m[38;2;154;55;76m▎[48;2;217;83;107m[38;2;196;62;86m┃[48;2;241;107;131m[38;2;211;77;101m▊[48;2;239;237;240m[38;2;252;250;253m┃[48;2;180;178;181m[38;2;243;242;244m▊[48;2;5;3;8m[38;2;22;20;25m▌[48;2;9;7;12m[38;2;1;0;4m▊[48;2;1;1;3m[38;2;1;1;3m  [48;2;1;1;1m[38;2;1;1;1m                [0m
[48;2;1;1;1m[38;2;1;1;1m                    [48;2;2;2;4m[38;2;2;2;4m  [48;2;3;1;6m[38;2;3;1;6m    [48;2;1;1;3m[38;2;1;1;3m      [48;2;1;0;2m[38;2;6;4;7m▌[48;2;8;6;9m[38;2;35;33;36m▗[48;2;31;29;32m[38;2;226;224;227m▄[48;2;235;233;236m[38;2;0;0;0m [48;2;242;240;243m[38;2;253;251;253m▄▄[48;2;250;250;252m[38;2;250;250;252m  [48;2;162;160;163m[38;2;232;230;233m▇[48;2;26;24;27m[38;2;231;229;231m▄[48;2;15;14;16m[38;2;200;198;201m▄[48;2;15;13;16m[38;2;0;0;0m [48;2;1;1;3m[38;2;1;1;3m  [48;2;1;1;1m[38;2;1;1;1m              [0m
[48;2;1;1;1m[38;2;1;1;1m                [48;2;2;0;3m[38;2;2;0;3m  [48;2;3;1;4m[38;2;3;1;4m  [48;2;3;1;6m[38;2;3;1;6m    [48;2;1;1;3m[38;2;1;1;3m  [48;2;1;1;1m[38;2;1;1;1m    [48;2;3;1;6m[38;2;3;1;6m  [48;2;67;62;66m[38;2;15;11;14m▊[48;2;240;235;239m[38;2;186;181;185m▎[48;2;250;250;252m[38;2;250;250;252m        [48;2;251;249;251m[38;2;236;234;237m▝[48;2;247;246;248m[38;2;176;174;177m▝[48;2;29;27;30m[38;2;195;193;196m▄[48;2;1;0;2m[38;2;8;6;9m▎[48;2;2;0;3m[38;2;2;0;3m  [48;2;1;1;3m[38;2;1;1;3m  [48;2;1;1;1m[38;2;1;1;1m          [0m
[48;2;1;1;1m[38;2;1;1;1m            [48;2;1;1;3m[38;2;1;1;3m  [48;2;3;1;6m[38;2;3;1;6m      [48;2;1;1;3m[38;2;1;1;3m  [48;2;1;1;1m[38;2;1;1;1m      [48;2;3;1;6m[38;2;3;1;6m  [48;2;1;0;4m[38;2;16;14;19m╸[48;2;17;15;20m[38;2;89;87;92m▁[48;2;245;245;246m[38;2;195;195;197m▎[48;2;253;253;254m[38;2;238;238;240m▎[48;2;250;250;252m[38;2;250;250;252m          [48;2;120;118;121m[38;2;242;241;243m▊[48;2;1;0;2m[38;2;22;20;23m▎[48;2;1;1;1m[38;2;1;1;1m              [0m
[48;2;1;1;1m[38;2;1;1;1m            [48;2;3;1;6m[38;2;3;1;6m      [48;2;3;1;4m[38;2;3;1;4m  [48;2;1;1;3m[38;2;1;1;3m  [48;2;1;1;1m[38;2;1;1;1m    [48;2;3;1;6m[38;2;3;1;6m    [48;2;37;35;38m[38;2;6;4;7m▊[48;2;246;244;247m[38;2;160;158;161m▎[48;2;250;250;252m[38;2;250;250;252m  [48;2;245;245;246m[38;2;164;164;166m▁[48;2;245;245;247m[38;2;0;0;0m [48;2;250;250;252m[38;2;250;250;252m      [48;2;239;237;240m[38;2;251;250;252m▊[48;2;232;230;233m[38;2;0;0;0m [48;2;207;203;208m[38;2;38;33;39m▅[48;2;3;0;4m[38;2;40;35;41m [48;2;1;1;3m[38;2;1;1;3m  [48;2;1;1;1m[38;2;1;1;1m            [0m
[48;2;1;1;1m[38;2;1;1;1m            [48;2;1;1;3m[38;2;1;1;3m  [48;2;3;1;6m[38;2;3;1;6m  [48;2;2;0;3m[38;2;2;0;3m  [48;2;1;1;1m[38;2;1;1;1m  [48;2;3;1;6m[38;2;3;1;6m      [48;2;2;0;3m[38;2;2;0;3m  [48;2;3;1;6m[38;2;3;1;6m  [48;2;38;36;39m[38;2;6;5;7m▊[48;2;247;245;248m[38;2;161;159;162m▎[48;2;233;229;233m[38;2;246;242;246m▊[48;2;228;223;227m[38;2;80;75;79m▅[48;2;65;60;64m[38;2;17;12;16m▊[48;2;228;224;227m[38;2;133;128;132m▁[48;2;250;250;252m[38;2;250;250;252m      [48;2;191;189;191m[38;2;244;242;245m▊[48;2;214;212;215m[38;2;29;28;30m▅[48;2;4;2;7m[38;2;4;2;7m  [48;2;1;1;3m[38;2;1;1;3m  [48;2;1;1;1m[38;2;1;1;1m            [0m
[48;2;1;1;1m[38;2;1;1;1m              [48;2;2;0;3m[38;2;2;0;3m  [48;2;1;1;3m[38;2;1;1;3m    [48;2;3;1;6m[38;2;3;1;6m      [48;2;1;1;1m[38;2;1;1;1m  [48;2;3;1;6m[38;2;3;1;6m  [48;2;14;9;13m[38;2;0;0;0m [48;2;215;210;214m[38;2;25;21;24m▅[48;2;233;232;234m[38;2;96;94;97m▁[48;2;240;238;241m[38;2;0;0;0m [48;2;30;24;28m[38;2;216;211;214m▅[48;2;42;37;40m[38;2;163;157;161m▁[48;2;236;234;237m[38;2;81;79;82m▁[48;2;246;244;246m[38;2;93;91;94m▁[48;2;245;243;246m[38;2;91;89;92m▁▁[48;2;245;244;246m[38;2;134;132;135m▁[48;2;243;241;244m[38;2;0;0;0m [48;2;114;109;113m[38;2;219;215;218m▊[48;2;9;4;8m[38;2;37;32;36m▎[48;2;1;1;3m[38;2;1;1;3m    [48;2;1;1;1m[38;2;1;1;1m            [0m
[48;2;1;1;1m[38;2;1;1;1m                [48;2;3;1;4m[38;2;3;1;4m  [48;2;3;1;6m[38;2;3;1;6m  [48;2;2;0;3m[38;2;2;0;3m  [48;2;3;1;6m[38;2;3;1;6m  [48;2;2;0;3m[38;2;2;0;3m  [48;2;1;1;1m[38;2;1;1;1m  [48;2;3;1;6m[38;2;3;1;6m    [48;2;14;10;15m[38;2;0;0;0m [48;2;211;206;212m[38;2;32;28;33m▅[48;2;231;224;222m[38;2;103;90;89m▁[48;2;235;212;215m[38;2;202;87;120m▅[48;2;16;11;7m[38;2;182;65;99m▅[48;2;25;9;9m[38;2;139;35;64m▁[48;2;3;0;2m[38;2;9;4;8m▄▄[48;2;31;26;29m[38;2;191;185;189m▁[48;2;199;194;197m[38;2;68;62;66m▅[48;2;16;12;17m[38;2;139;134;140m▁[48;2;9;4;10m[38;2;0;0;0m [48;2;1;1;1m[38;2;1;1;1m                [0m
[48;2;1;1;1m[38;2;1;1;1m                    [48;2;0;0;0m[38;2;0;0;0m  [48;2;1;1;3m[38;2;1;1;3m  [48;2;1;1;1m[38;2;1;1;1m  [48;2;1;1;3m[38;2;1;1;3m  [48;2;3;1;6m[38;2;3;1;6m  [48;2;1;1;3m[38;2;1;1;3m  [48;2;3;1;6m[38;2;3;1;6m  [48;2;15;8;7m[38;2;0;0;0m [48;2;178;61;98m[38;2;78;63;66m▅[48;2;186;99;115m[38;2;197;182;185m┳[48;2;206;81;101m[38;2;76;62;67m▅[48;2;224;218;222m[38;2;78;72;76m▅[48;2;221;215;219m[38;2;88;82;86m▅[48;2;247;247;249m[38;2;247;247;249m  [48;2;148;143;147m[38;2;247;242;246m▊[48;2;3;0;2m[38;2;25;20;24m▄[48;2;2;0;3m[38;2;2;0;3m  [48;2;1;1;3m[38;2;1;1;3m  [48;2;1;1;1m[38;2;1;1;1m            [0m
[48;2;1;1;1m[38;2;1;1;1m                        [48;2;1;1;3m[38;2;1;1;3m  [48;2;3;1;6m[38;2;3;1;6m    [48;2;1;1;3m[38;2;1;1;3m  [48;2;4;3;7m[38;2;14;12;17m╵[48;2;35;33;38m[38;2;6;4;9m▊[48;2;52;50;53m[38;2;229;227;230m▅[48;2;235;233;236m[38;2;0;0;0m [48;2;60;54;58m[38;2;223;218;222m▅[48;2;203;197;201m[38;2;84;79;82m▅[48;2;219;217;220m[38;2;84;82;85m▅[48;2;243;242;244m[38;2;0;0;0m [48;2;248;248;250m[38;2;248;248;250m  [48;2;109;104;108m[38;2;213;209;212m▊[48;2;3;0;2m[38;2;6;1;5m▄[48;2;1;1;1m[38;2;1;1;1m                [0m
[48;2;1;1;1m[38;2;1;1;1m                    [48;2;2;0;3m[38;2;2;0;3m  [48;2;1;1;1m[38;2;1;1;1m  [48;2;3;1;6m[38;2;3;1;6m      [48;2;2;0;3m[38;2;2;0;3m  [48;2;3;0;2m[38;2;11;6;10m▄[48;2;49;44;48m[38;2;222;218;221m▅[48;2;248;248;250m[38;2;248;248;250m  [48;2;250;250;252m[38;2;250;250;252m    [48;2;243;242;245m[38;2;0;0;0m [48;2;207;206;210m[38;2;52;51;55m▁[48;2;4;2;7m[38;2;4;2;7m  [48;2;1;1;3m[38;2;1;1;3m  [48;2;1;1;1m[38;2;1;1;1m              [0m
[48;2;1;1;1m[38;2;1;1;1m                  [48;2;1;1;3m[38;2;1;1;3m  [48;2;2;0;3m[38;2;2;0;3m  [48;2;1;1;3m[38;2;1;1;3m  [48;2;3;1;6m[38;2;3;1;6m    [48;2;2;0;3m[38;2;2;0;3m  [48;2;3;1;6m[38;2;3;1;6m  [48;2;52;50;53m[38;2;6;4;7m▊[48;2;246;245;247m[38;2;175;173;176m▎[48;2;250;250;252m[38;2;250;250;252m      [48;2;151;146;150m[38;2;250;245;249m▊[48;2;3;0;2m[38;2;28;23;27m▄[48;2;3;1;4m[38;2;3;1;4m  [48;2;2;0;3m[38;2;2;0;3m  [48;2;1;1;1m[38;2;1;1;1m              [0m
[48;2;1;1;1m[38;2;1;1;1m                  [48;2;2;0;3m[38;2;2;0;3m    [48;2;3;1;6m[38;2;3;1;6m      [48;2;1;1;3m[38;2;1;1;3m  [48;2;3;1;6m[38;2;3;1;6m  [48;2;40;36;39m[38;2;13;8;12m▊[48;2;231;226;230m[38;2;80;75;79m▂[48;2;249;249;251m[38;2;249;249;251m  [48;2;250;250;252m[38;2;250;250;252m  [48;2;252;252;254m[38;2;255;255;255m┃[48;2;194;194;196m[38;2;244;244;245m▊[48;2;191;186;192m[38;2;19;15;20m▅[48;2;4;0;5m[38;2;3;0;4m▖[48;2;3;1;6m[38;2;3;1;6m    [48;2;2;0;3m[38;2;2;0;3m  [48;2;1;1;1m[38;2;1;1;1m            [0m
[48;2;4;2;10m[38;2;23;2;126m▂▂▂▂▂▂▂▂▂▂▂▂▂▂▂▂▂▂[48;2;5;3;12m[38;2;24;2;129m▂▂[48;2;4;2;10m[38;2;23;2;126m▂▂[48;2;5;3;12m[38;2;24;2;129m▂▂▂▂▂▂[48;2;4;2;10m[38;2;23;2;126m▂▂[48;2;5;3;12m[38;2;24;2;129m▂▂[48;2;9;7;16m[38;2;28;6;133m▂[48;2;17;14;23m[38;2;34;15;139m▂[48;2;255;255;255m[38;2;236;236;238m▌[48;2;252;252;253m[38;2;244;244;246m┃[48;2;250;250;252m[38;2;250;250;252m  [48;2;243;242;243m[38;2;0;0;0m [48;2;209;206;219m[38;2;47;31;153m▁[48;2;15;10;19m[38;2;35;10;138m▂[48;2;6;1;10m[38;2;24;1;126m▂[48;2;4;2;11m[38;2;23;1;128m▂▂[48;2;5;3;12m[38;2;24;2;129m▂▂▂▂[48;2;4;2;10m[38;2;23;2;126m▂▂▂▂▂▂▂▂▂▂▂▂[0m
[48;2;38;3;183m[38;2;38;3;183m                                [48;2;41;6;184m[38;2;41;6;184m  [48;2;255;255;255m[38;2;236;236;238m▌[48;2;252;252;253m[38;2;244;244;246m┃[48;2;250;250;252m[38;2;250;250;252m  [48;2;185;177;216m[38;2;249;249;241m▊[48;2;43;18;182m[38;2;200;192;227m▂[48;2;39;4;184m[38;2;39;4;184m  [48;2;38;3;183m[38;2;38;3;183m                  [0m
[48;2;38;3;183m[38;2;38;3;183m                                [48;2;40;5;183m[38;2;40;5;183m  [48;2;234;233;234m[38;2;79;59;186m▂[48;2;243;242;247m[38;2;0;0;0m [48;2;250;250;252m[38;2;250;250;252m  [48;2;255;254;255m[38;2;246;245;251m▌[48;2;175;174;180m[38;2;246;245;249m▊[48;2;40;5;183m[38;2;40;5;183m  [48;2;38;3;183m[38;2;38;3;183m                  [0m
[48;2;38;3;185m[38;2;38;3;185m                                  [48;2;87;66;187m[38;2;37;7;183m▊[48;2;252;251;245m[38;2;203;193;243m▎[48;2;250;250;252m[38;2;250;250;252m  [48;2;238;237;242m[38;2;251;250;253m▊[48;2;195;194;199m[38;2;244;243;247m▊[48;2;45;18;175m[38;2;203;192;229m▂[48;2;41;8;185m[38;2;0;0;0m [48;2;38;3;185m[38;2;38;3;185m                  [0m
[48;2;38;3;185m[38;2;38;3;185m                                  [48;2;87;66;187m[38;2;37;7;183m▊[48;2;252;251;245m[38;2;203;193;243m▎[48;2;250;250;252m[38;2;250;250;252m    [48;2;184;173;229m[38;2;246;244;245m▊[48;2;30;3;182m[38;2;67;45;172m▎[48;2;38;3;185m[38;2;38;3;185m                  [0m
[48;2;38;3;185m[38;2;38;3;185m                                  [48;2;87;63;185m[38;2;37;4;181m▊[48;2;252;249;244m[38;2;203;191;241m▎[48;2;246;236;238m[38;2;204;71;94m▂▂[48;2;245;222;219m[38;2;194;67;97m▂[48;2;245;219;215m[38;2;208;83;113m▆[48;2;226;196;207m[38;2;199;71;102m▆[48;2;44;12;174m[38;2;165;57;97m▂[48;2;38;3;185m[38;2;38;3;185m                  [0m
[48;2;38;3;185m[38;2;38;3;185m                                [48;2;43;4;186m[38;2;20;10;46m▃[48;2;76;34;78m[38;2;195;76;112m━[48;2;155;58;105m[38;2;12;7;15m▂[48;2;197;104;123m[38;2;18;17;17m▂[48;2;219;75;102m[38;2;219;75;102m  [48;2;216;74;100m[38;2;216;74;100m  [48;2;194;66;96m[38;2;33;10;9m▂[48;2;179;64;90m[38;2;31;13;8m▂[48;2;37;5;168m[38;2;27;15;54m▂[48;2;32;2;173m[38;2;42;4;201m▗[48;2;38;3;185m[38;2;38;3;185m                [0m
[48;2;38;3;185m[38;2;38;3;185m                                [48;2;30;21;52m[38;2;31;1;172m▆[48;2;15;7;36m[38;2;35;4;174m▂[48;2;10;3;24m[38;2;41;9;180m▂▂[48;2;148;48;74m[38;2;28;10;81m▆▆[48;2;148;47;76m[38;2;28;10;82m▆▆[48;2;8;6;13m[38;2;31;5;153m▃▃[48;2;37;22;78m[38;2;37;2;183m▆[48;2;37;2;182m[38;2;37;5;163m▘[48;2;38;3;185m[38;2;38;3;185m                [0m
[48;2;40;2;185m[38;2;40;2;185m                                                            [0m
[48;2;40;2;185m[38;2;40;2;185m                                                            [0m
