[48;2;1;1;1m[38;2;1;1;1m                                                            [0m
[48;2;1;1;1m[38;2;1;1;1m                                                            [0m
[48;2;1;1;1m[38;2;1;1;1m                                                            [0m
[48;2;1;1;1m[38;2;1;1;1m                                                            [0m
[48;2;1;1;1m[38;2;1;1;1m                            [48;2;1;1;3m[38;2;1;1;3m  [48;2;1;1;1m[38;2;1;1;1m      [48;2;5;3;4m[38;2;5;3;4m  [48;2;4;4;4m[38;2;4;4;4m  [48;2;1;1;1m[38;2;1;1;1m                    [0m
[48;2;1;1;1m[38;2;1;1;1m                        [48;2;1;1;3m[38;2;1;1;3m    [48;2;3;1;6m[38;2;3;1;6m  [48;2;2;0;3m[38;2;2;0;3m  [48;2;1;1;3m[38;2;1;1;3m  [48;2;16;12;15m[38;2;0;0;0m [48;2;30;26;29m[38;2;200;195;199m▄[48;2;121;119;122m[38;2;244;242;245m▇▇[48;2;120;118;121m▇[48;2;99;97;100m[38;2;237;236;238m▇[48;2;39;37;38m[38;2;207;205;206m▃[48;2;1;0;0m[38;2;6;4;5m▄[48;2;1;1;1m[38;2;1;1;1m                  [0m
[48;2;1;1;1m[38;2;1;1;1m                        [48;2;3;1;6m[38;2;3;1;6m      [48;2;1;1;3m[38;2;1;1;3m  [48;2;3;1;6m[38;2;3;1;6m  [48;2;3;0;4m[38;2;16;11;17m╸[48;2;89;84;90m[38;2;17;13;18m▇[48;2;216;125;142m[38;2;201;80;97m▊[48;2;245;243;248m[38;2;253;227;232m▎[48;2;250;250;252m[38;2;250;250;252m  [48;2;139;134;138m[38;2;247;243;246m▊[48;2;6;2;5m[38;2;40;35;39m▎[48;2;1;1;1m[38;2;1;1;1m                  [0m
[48;2;1;1;1m[38;2;1;1;1m                        [48;2;1;1;3m[38;2;1;1;3m  [48;2;3;1;6m[38;2;3;1;6m  [48;2;1;1;3m[38;2;1;1;3m    [48;2;2;0;3m[38;2;2;0;3m  [48;2;8;3;7m[38;2;3;0;2m▊[48;2;18;13;17m[38;2;13;8;12m▌[48;2;231;78;109m[38;2;196;62;87m▌[48;2;213;113;126m[38;2;216;77;104m▌[48;2;248;248;250m[38;2;248;248;250m  [48;2;151;146;150m[38;2;246;242;245m▊[48;2;3;0;2m[38;2;52;47;51m▎[48;2;4;2;5m[38;2;4;2;5m  [48;2;1;1;1m[38;2;1;1;1m                [0m
[48;2;1;1;1m[38;2;1;1;1m                    [48;2;2;2;4m[38;2;2;2;4m  [48;2;3;1;6m[38;2;3;1;6m    [48;2;1;1;3m[38;2;1;1;3m      [48;2;1;0;2m[38;2;6;4;7m▌[48;2;8;6;9m[38;2;35;33;36m▗[48;2;33;28;32m[38;2;220;215;219m▄[48;2;176;171;175m[38;2;242;238;241m▇[48;2;247;245;248m[38;2;255;254;255m━━[48;2;250;250;252m[38;2;250;250;252m  [48;2;255;255;255m[38;2;240;240;242m━[48;2;174;174;176m[38;2;244;244;246m▇[48;2;242;240;242m[38;2;166;164;167m▝[48;2;29;27;30m[38;2;227;225;228m▄[48;2;18;17;19m[38;2;191;189;192m▄[48;2;5;3;6m[38;2;1;0;2m┃[48;2;1;1;1m[38;2;1;1;1m              [0m
[48;2;1;1;1m[38;2;1;1;1m                [48;2;2;0;3m[38;2;2;0;3m  [48;2;3;1;4m[38;2;3;1;4m  [48;2;3;1;6m[38;2;3;1;6m    [48;2;1;1;3m[38;2;1;1;3m  [48;2;1;1;1m[38;2;1;1;1m    [48;2;7;5;10m[38;2;1;0;4m▆[38;2;36;34;39m▂[48;2;31;30;32m[38;2;222;220;223m▄[48;2;234;232;235m[38;2;0;0;0m [48;2;250;250;252m[38;2;250;250;252m          [48;2;134;132;135m[38;2;243;241;243m▊[48;2;1;0;2m[38;2;36;34;37m▎[48;2;2;0;3m[38;2;2;0;3m  [48;2;1;1;3m[38;2;1;1;3m  [48;2;1;1;1m[38;2;1;1;1m          [0m
[48;2;1;1;1m[38;2;1;1;1m            [48;2;1;1;3m[38;2;1;1;3m  [48;2;3;1;6m[38;2;3;1;6m      [48;2;1;1;3m[38;2;1;1;3m  [48;2;1;1;1m[38;2;1;1;1m      [48;2;3;1;6m[38;2;3;1;6m  [48;2;18;14;17m[38;2;98;93;97m▁[48;2;244;240;243m[38;2;167;162;166m▎[48;2;250;250;252m[38;2;250;250;252m            [48;2;249;247;249m[38;2;237;235;238m╷[48;2;230;228;231m[38;2;0;0;0m [48;2;28;26;27m[38;2;191;189;190m▄[48;2;5;3;4m[38;2;0;0;0m [48;2;1;1;1m[38;2;1;1;1m            [0m
[48;2;1;1;1m[38;2;1;1;1m            [48;2;3;1;6m[38;2;3;1;6m      [48;2;3;1;4m[38;2;3;1;4m  [48;2;1;1;3m[38;2;1;1;3m  [48;2;1;1;1m[38;2;1;1;1m    [48;2;3;1;6m[38;2;3;1;6m  [48;2;4;2;7m[38;2;4;2;7m  [48;2;247;246;251m[38;2;146;145;150m▎[48;2;255;254;255m[38;2;233;232;237m│[48;2;241;239;241m[38;2;129;127;130m▁[48;2;215;213;215m[38;2;41;39;42m▄[48;2;243;243;245m[38;2;239;239;241m▌[48;2;254;254;255m[38;2;250;250;252m▌[48;2;250;250;252m        [48;2;249;249;251m[38;2;249;249;251m  [48;2;101;99;100m[38;2;222;221;222m▊[48;2;1;0;0m[38;2;18;16;17m▎[48;2;1;1;1m[38;2;1;1;1m            [0m
[48;2;1;1;1m[38;2;1;1;1m            [48;2;1;1;3m[38;2;1;1;3m  [48;2;3;1;6m[38;2;3;1;6m  [48;2;2;0;3m[38;2;2;0;3m  [48;2;1;1;1m[38;2;1;1;1m  [48;2;3;1;6m[38;2;3;1;6m      [48;2;2;0;3m[38;2;2;0;3m  [48;2;4;2;7m[38;2;4;2;7m  [48;2;217;216;218m[38;2;106;104;107m▁[48;2;244;243;245m[38;2;0;0;0m [48;2;26;22;25m[38;2;216;211;215m▅[48;2;57;52;56m[38;2;13;9;12m┣[48;2;236;234;237m[38;2;135;133;136m▁[48;2;246;244;247m[38;2;0;0;0m [48;2;250;250;252m[38;2;250;250;252m        [48;2;245;243;246m[38;2;0;0;0m [48;2;198;196;199m [48;2;2;0;3m[38;2;2;0;3m  [48;2;1;1;1m[38;2;1;1;1m            [0m
[48;2;1;1;1m[38;2;1;1;1m              [48;2;2;0;3m[38;2;2;0;3m  [48;2;1;1;3m[38;2;1;1;3m    [48;2;3;1;6m[38;2;3;1;6m      [48;2;1;1;1m[38;2;1;1;1m  [48;2;3;1;6m[38;2;3;1;6m  [48;2;33;28;32m[38;2;11;7;10m▊[48;2;223;218;222m[38;2;148;143;147m▎[48;2;244;243;245m[38;2;0;0;0m [48;2;36;34;37m[38;2;216;214;217m▅[48;2;87;76;80m[38;2;31;21;24m▊[48;2;228;219;223m[38;2;124;113;117m▁[48;2;250;250;252m[38;2;250;250;252m      [48;2;238;236;239m[38;2;251;249;251m▊[48;2;231;230;232m[38;2;0;0;0m [48;2;201;200;202m[38;2;22;21;23m▅[48;2;4;3;5m[38;2;19;18;20m▎[48;2;1;1;3m[38;2;1;1;3m  [48;2;1;1;1m[38;2;1;1;1m            [0m
[48;2;1;1;1m[38;2;1;1;1m                [48;2;3;1;4m[38;2;3;1;4m  [48;2;3;1;6m[38;2;3;1;6m  [48;2;2;0;3m[38;2;2;0;3m  [48;2;3;1;6m[38;2;3;1;6m  [48;2;2;0;3m[38;2;2;0;3m  [48;2;1;1;1m[38;2;1;1;1m  [48;2;3;1;6m[38;2;3;1;6m  [48;2;5;3;8m[38;2;5;3;8m  [48;2;225;215;215m[38;2;37;23;24m▅[48;2;236;224;225m[38;2;159;69;95m▅[48;2;198;77;96m[38;2;101;25;29m▁[48;2;63;43;51m[38;2;207;198;203m▅[48;2;233;229;232m[38;2;72;66;70m▅▅[48;2;233;228;231m[38;2;71;65;69m▅▅[48;2;233;229;232m[38;2;72;66;70m▅▅[48;2;230;208;214m[38;2;180;54;73m▄[48;2;205;182;189m[38;2;194;68;87m▄[48;2;2;2;2m[38;2;2;2;2m  [48;2;1;1;1m[38;2;1;1;1m              [0m
[48;2;1;1;1m[38;2;1;1;1m                    [48;2;0;0;0m[38;2;0;0;0m  [48;2;1;1;3m[38;2;1;1;3m  [48;2;1;1;1m[38;2;1;1;1m  [48;2;1;1;3m[38;2;1;1;3m  [48;2;3;1;6m[38;2;3;1;6m  [48;2;1;1;3m[38;2;1;1;3m  [48;2;4;2;7m[38;2;1;0;4m▊[48;2;14;12;17m[38;2;9;7;12m▌[48;2;36;31;32m[38;2;167;162;164m▅[48;2;221;216;218m[38;2;90;85;86m▅[48;2;247;247;249m[38;2;247;247;249m  [48;2;249;249;251m[38;2;249;249;251m  [48;2;249;249;250m[38;2;232;232;234m╵[48;2;238;238;239m[38;2;0;0;0m [48;2;49;31;39m[38;2;226;203;212m▅[48;2;184;67;85m[38;2;86;33;30m▂[48;2;2;2;4m[38;2;2;2;4m  [48;2;1;1;3m[38;2;1;1;3m  [48;2;1;1;1m[38;2;1;1;1m            [0m
[48;2;1;1;1m[38;2;1;1;1m                        [48;2;1;1;3m[38;2;1;1;3m  [48;2;3;1;6m[38;2;3;1;6m    [48;2;1;1;3m[38;2;1;1;3m  [48;2;3;0;2m[38;2;6;1;5m▄[48;2;28;24;27m[38;2;218;214;218m▅[48;2;55;53;56m[38;2;236;234;237m▅[48;2;241;240;242m[38;2;0;0;0m [48;2;250;250;252m[38;2;250;250;252m      [48;2;162;157;161m[38;2;242;238;241m▊[48;2;18;14;17m[38;2;108;103;107m▂[48;2;1;1;1m[38;2;1;1;1m                [0m
[48;2;1;1;1m[38;2;1;1;1m                    [48;2;2;0;3m[38;2;2;0;3m  [48;2;1;1;1m[38;2;1;1;1m  [48;2;3;1;6m[38;2;3;1;6m      [48;2;2;0;3m[38;2;2;0;3m  [48;2;52;50;53m[38;2;6;4;7m▊[48;2;246;245;247m[38;2;175;173;176m▎[48;2;250;250;252m[38;2;250;250;252m        [48;2;252;250;252m[38;2;244;242;245m┃[48;2;152;150;153m[38;2;243;242;244m▊[48;2;4;2;5m[38;2;4;2;5m  [48;2;1;1;1m[38;2;1;1;1m              [0m
[48;2;1;1;1m[38;2;1;1;1m                  [48;2;1;1;3m[38;2;1;1;3m  [48;2;2;0;3m[38;2;2;0;3m  [48;2;1;1;3m[38;2;1;1;3m  [48;2;3;1;6m[38;2;3;1;6m    [48;2;2;0;3m[38;2;2;0;3m  [48;2;3;1;6m[38;2;3;1;6m  [48;2;52;50;53m[38;2;6;4;7m▊[48;2;246;245;247m[38;2;175;173;176m▎[48;2;250;250;252m[38;2;250;250;252m        [48;2;252;250;252m[38;2;244;242;245m┃[48;2;152;150;153m[38;2;243;242;244m▊[48;2;3;1;6m[38;2;3;1;6m  [48;2;1;1;1m[38;2;1;1;1m              [0m
[48;2;1;1;1m[38;2;1;1;1m                  [48;2;2;0;3m[38;2;2;0;3m    [48;2;3;1;6m[38;2;3;1;6m      [48;2;1;1;3m[38;2;1;1;3m  [48;2;3;1;6m[38;2;3;1;6m  [48;2;13;9;12m[38;2;0;0;0m [48;2;206;202;205m[38;2;26;22;25m▅[48;2;243;243;245m[38;2;239;239;241m▌[48;2;254;254;255m[38;2;250;250;252m▌[48;2;250;250;252m      [48;2;252;250;252m[38;2;244;242;245m┃[48;2;152;150;153m[38;2;243;242;244m▊[48;2;4;2;7m[38;2;4;2;7m  [48;2;2;0;3m[38;2;2;0;3m  [48;2;1;1;1m[38;2;1;1;1m            [0m
[48;2;4;2;10m[38;2;23;2;126m▂▂▂▂▂▂▂▂▂▂▂▂▂▂▂▂▂▂[48;2;5;3;12m[38;2;24;2;129m▂▂[48;2;4;2;10m[38;2;23;2;126m▂▂[48;2;5;3;12m[38;2;24;2;129m▂▂▂▂▂▂[48;2;4;2;10m[38;2;23;2;126m▂▂[48;2;5;3;12m[38;2;24;2;129m▂▂[48;2;9;7;16m[38;2;28;6;133m▂[48;2;17;14;23m[38;2;34;15;139m▂[48;2;255;255;255m[38;2;236;236;238m▌[48;2;252;252;253m[38;2;244;244;246m┃[48;2;250;250;252m[38;2;250;250;252m      [48;2;176;169;188m[38;2;243;238;242m▊[48;2;212;207;213m[38;2;41;31;74m▆[48;2;5;3;12m[38;2;24;2;129m▂▂▂▂[48;2;4;2;10m[38;2;23;2;126m▂▂▂▂▂▂▂▂▂▂▂▂[0m
[48;2;38;3;183m[38;2;38;3;183m                                [48;2;41;6;184m[38;2;41;6;184m  [48;2;255;255;255m[38;2;236;236;238m▌[48;2;252;252;253m[38;2;244;244;246m┃[48;2;250;250;252m[38;2;250;250;252m      [48;2;161;147;209m[38;2;249;244;251m▊[48;2;40;5;196m[38;2;33;9;163m▌[48;2;38;3;183m[38;2;38;3;183m                [0m
[48;2;38;3;183m[38;2;38;3;183m                                [48;2;40;5;183m[38;2;40;5;183m  [48;2;234;233;234m[38;2;79;59;186m▂[48;2;243;242;247m[38;2;0;0;0m [48;2;250;250;252m[38;2;250;250;252m      [48;2;161;147;209m[38;2;249;244;251m▊[48;2;40;5;196m[38;2;33;9;163m▌[48;2;38;3;183m[38;2;38;3;183m                [0m
[48;2;38;3;185m[38;2;38;3;185m                                  [48;2;87;66;187m[38;2;37;7;183m▊[48;2;252;251;245m[38;2;203;193;243m▎[48;2;250;250;252m[38;2;250;250;252m    [48;2;239;238;243m[38;2;251;250;253m▊[48;2;196;195;200m[38;2;245;244;248m▊[48;2;183;169;223m[38;2;42;10;187m▆[48;2;50;15;197m[38;2;37;8;169m▚[48;2;38;3;185m[38;2;38;3;185m                [0m
[48;2;38;3;185m[38;2;38;3;185m                                  [48;2;87;66;187m[38;2;37;7;183m▊[48;2;252;251;245m[38;2;203;193;243m▎[48;2;250;250;252m[38;2;250;250;252m    [48;2;255;254;255m[38;2;246;245;251m▌[48;2;175;174;180m[38;2;246;245;249m▊[48;2;38;3;185m[38;2;38;3;185m                  [0m
[48;2;38;3;185m[38;2;38;3;185m                                  [48;2;87;63;185m[38;2;37;4;181m▊[48;2;252;249;244m[38;2;203;191;241m▎[48;2;246;236;238m[38;2;204;71;94m▂▂[48;2;237;235;235m[38;2;218;93;133m▂[48;2;248;244;244m[38;2;0;0;0m [48;2;255;254;255m[38;2;246;245;251m▌[48;2;175;174;180m[38;2;246;245;249m▊[48;2;39;4;184m[38;2;39;4;184m  [48;2;38;3;185m[38;2;38;3;185m                [0m
[48;2;38;3;185m[38;2;38;3;185m                                [48;2;38;3;183m[38;2;38;3;183m  [48;2;48;12;152m[38;2;16;15;28m▂[48;2;184;109;135m[38;2;31;16;22m▂[48;2;219;75;102m[38;2;219;75;102m  [48;2;216;78;104m[38;2;0;0;0m [48;2;236;200;193m[38;2;218;78;105m▆[48;2;236;215;207m[38;2;214;77;107m▆[48;2;219;199;190m[38;2;196;60;90m▆[48;2;30;7;125m[38;2;14;8;22m▅[48;2;36;8;159m[38;2;16;5;46m▂[48;2;38;3;185m[38;2;38;3;185m                [0m
[48;2;38;3;185m[38;2;38;3;185m                                  [48;2;24;16;44m[38;2;35;4;173m▆[48;2;18;10;37m[38;2;29;1;166m▂[48;2;148;48;74m[38;2;28;10;81m▆▆[48;2;168;51;77m[38;2;25;10;81m▆▆[48;2;147;46;75m[38;2;27;9;82m▆▆[48;2;17;7;46m[38;2;37;4;182m▂[48;2;32;17;85m[38;2;33;2;170m▆[48;2;38;3;185m[38;2;38;3;185m                [0m
[48;2;40;2;185m[38;2;40;2;185m                                                            [0m
[48;2;40;2;185m[38;2;40;2;185m                                                            [0m
