[48;2;1;1;1m[38;2;1;1;1m                                                            [0m
[48;2;1;1;1m[38;2;1;1;1m                                                            [0m
[48;2;1;1;1m[38;2;1;1;1m                                                            [0m
[48;2;1;1;1m[38;2;1;1;1m                                                            [0m
[48;2;1;1;1m[38;2;1;1;1m                            [48;2;1;1;3m[38;2;1;1;3m  [48;2;1;1;1m[38;2;1;1;1m      [48;2;3;3;3m[38;2;3;3;3m  [48;2;4;4;4m[38;2;4;4;4m  [48;2;2;2;2m[38;2;2;2;2m  [48;2;1;1;1m[38;2;1;1;1m                  [0m
[48;2;1;1;1m[38;2;1;1;1m                        [48;2;1;1;3m[38;2;1;1;3m    [48;2;3;1;6m[38;2;3;1;6m  [48;2;2;0;3m[38;2;2;0;3m  [48;2;1;1;3m[38;2;1;1;3m  [48;2;1;0;2m[38;2;5;3;6m▌[48;2;7;5;8m[38;2;34;32;35m▗[48;2;36;31;35m[38;2;201;196;200m▄[48;2;148;143;147m[38;2;238;233;237m▇[48;2;122;122;124m[38;2;245;245;246m▇▇[48;2;118;113;117m[38;2;233;228;232m▇[48;2;23;18;22m[38;2;196;191;195m▄[48;2;2;2;2m[38;2;2;2;2m  [48;2;1;1;1m[38;2;1;1;1m                [0m
[48;2;1;1;1m[38;2;1;1;1m                        [48;2;3;1;6m[38;2;3;1;6m      [48;2;1;1;3m[38;2;1;1;3m  [48;2;3;1;6m[38;2;3;1;6m    [48;2;115;105;107m[38;2;26;22;20m▇[48;2;236;226;229m[38;2;206;92;129m▄[48;2;249;249;251m[38;2;249;249;251m  [48;2;251;250;253m[38;2;243;242;247m┃[48;2;151;150;155m[38;2;243;242;245m▊[48;2;2;2;4m[38;2;18;18;20m▌[48;2;5;5;7m[38;2;0;0;2m▊[48;2;1;1;1m[38;2;1;1;1m                [0m
[48;2;1;1;1m[38;2;1;1;1m                        [48;2;1;1;3m[38;2;1;1;3m  [48;2;3;1;6m[38;2;3;1;6m  [48;2;1;1;3m[38;2;1;1;3m    [48;2;2;0;3m[38;2;2;0;3m  [48;2;3;1;6m[38;2;3;1;6m  [48;2;58;21;28m[38;2;11;7;11m▊[48;2;217;91;109m[38;2;166;72;90m▎[48;2;248;248;250m[38;2;248;248;250m  [48;2;252;251;254m[38;2;244;243;248m┃[48;2;152;151;156m[38;2;243;242;246m▊[48;2;10;8;11m[38;2;15;13;16m▌[48;2;1;0;2m[38;2;5;3;6m▎[48;2;1;1;1m[38;2;1;1;1m                [0m
[48;2;1;1;1m[38;2;1;1;1m                    [48;2;2;2;4m[38;2;2;2;4m  [48;2;3;1;6m[38;2;3;1;6m    [48;2;1;1;3m[38;2;1;1;3m      [48;2;3;1;4m[38;2;3;1;4m  [48;2;21;17;20m[38;2;0;0;0m [48;2;34;29;33m[38;2;221;217;220m▄[48;2;183;181;184m[38;2;243;241;244m▇[48;2;210;208;211m[38;2;250;249;251m▇[48;2;250;250;252m[38;2;250;250;252m  [48;2;249;249;251m[38;2;249;249;251m  [48;2;226;222;225m[38;2;0;0;0m [48;2;23;19;22m[38;2;200;196;200m▄[48;2;2;2;4m[38;2;2;2;4m  [48;2;1;1;1m[38;2;1;1;1m              [0m
[48;2;1;1;1m[38;2;1;1;1m                [48;2;2;0;3m[38;2;2;0;3m  [48;2;3;1;4m[38;2;3;1;4m  [48;2;3;1;6m[38;2;3;1;6m    [48;2;1;1;3m[38;2;1;1;3m  [48;2;1;1;1m[38;2;1;1;1m    [48;2;3;1;6m[38;2;3;1;6m  [48;2;14;12;17m[38;2;1;0;4m▊[48;2;57;55;60m[38;2;8;6;11m▊[48;2;246;244;246m[38;2;214;212;215m▎[48;2;240;238;241m[38;2;250;249;251m▄[48;2;250;250;252m[38;2;250;250;252m      [48;2;249;249;251m[38;2;255;255;255m▌[48;2;245;245;247m[38;2;191;191;193m▝[48;2;31;29;32m[38;2;194;192;195m▄[48;2;1;0;2m[38;2;22;20;23m▎[48;2;2;0;3m[38;2;2;0;3m  [48;2;1;1;3m[38;2;1;1;3m  [48;2;1;1;1m[38;2;1;1;1m          [0m
[48;2;1;1;1m[38;2;1;1;1m            [48;2;1;1;3m[38;2;1;1;3m  [48;2;3;1;6m[38;2;3;1;6m      [48;2;1;1;3m[38;2;1;1;3m  [48;2;1;1;1m[38;2;1;1;1m      [48;2;3;1;6m[38;2;3;1;6m    [48;2;14;10;15m[38;2;0;0;0m [48;2;39;34;40m[38;2;223;219;223m▄[48;2;248;248;250m[38;2;248;248;250m  [48;2;250;250;252m[38;2;250;250;252m        [48;2;129;127;130m[38;2;239;237;240m▊[48;2;16;14;17m[38;2;76;74;77m▁[48;2;1;1;3m[38;2;1;1;3m  [48;2;1;1;1m[38;2;1;1;1m            [0m
[48;2;1;1;1m[38;2;1;1;1m            [48;2;3;1;6m[38;2;3;1;6m      [48;2;3;1;4m[38;2;3;1;4m  [48;2;1;1;3m[38;2;1;1;3m  [48;2;1;1;1m[38;2;1;1;1m    [48;2;3;1;6m[38;2;3;1;6m    [48;2;4;2;7m[38;2;1;0;4m▊[48;2;14;12;17m[38;2;9;7;12m▌[48;2;45;44;46m[38;2;225;223;226m▄[48;2;241;239;242m[38;2;0;0;0m [48;2;250;250;252m[38;2;250;250;252m          [48;2;255;255;255m▄[48;2;124;124;126m[38;2;242;242;244m▊[48;2;2;0;3m[38;2;2;0;3m  [48;2;1;1;1m[38;2;1;1;1m            [0m
[48;2;1;1;1m[38;2;1;1;1m            [48;2;1;1;3m[38;2;1;1;3m  [48;2;3;1;6m[38;2;3;1;6m  [48;2;2;0;3m[38;2;2;0;3m  [48;2;1;1;1m[38;2;1;1;1m  [48;2;3;1;6m[38;2;3;1;6m      [48;2;2;0;3m[38;2;2;0;3m  [48;2;3;1;6m[38;2;3;1;6m  [48;2;2;1;5m[38;2;10;8;13m┃[48;2;37;35;40m[38;2;1;0;4m▊[48;2;248;248;250m[38;2;205;205;207m▎[48;2;240;240;242m[38;2;252;252;253m┃[48;2;250;250;252m[38;2;250;250;252m          [48;2;255;255;255m[38;2;251;251;253m▄[48;2;125;125;127m[38;2;243;243;245m▊[48;2;2;0;3m[38;2;2;0;3m  [48;2;1;1;1m[38;2;1;1;1m            [0m
[48;2;1;1;1m[38;2;1;1;1m              [48;2;2;0;3m[38;2;2;0;3m  [48;2;1;1;3m[38;2;1;1;3m    [48;2;3;1;6m[38;2;3;1;6m      [48;2;1;1;1m[38;2;1;1;1m  [48;2;3;1;6m[38;2;3;1;6m  [48;2;5;3;8m[38;2;5;3;8m  [48;2;219;217;220m[38;2;33;31;34m▅[48;2;247;245;247m[38;2;211;210;212m▎[48;2;250;250;252m[38;2;250;250;252m      [48;2;251;251;252m[38;2;241;241;243m▝[48;2;245;245;246m[38;2;195;195;197m▗[48;2;241;239;242m[38;2;63;61;64m▅[48;2;243;241;244m[38;2;0;0;0m [48;2;252;252;253m[38;2;241;241;243m▎[48;2;115;115;117m[38;2;246;246;248m▊[48;2;1;1;1m[38;2;1;1;1m              [0m
[48;2;1;1;1m[38;2;1;1;1m                [48;2;3;1;4m[38;2;3;1;4m  [48;2;3;1;6m[38;2;3;1;6m  [48;2;2;0;3m[38;2;2;0;3m  [48;2;3;1;6m[38;2;3;1;6m  [48;2;2;0;3m[38;2;2;0;3m  [48;2;1;1;1m[38;2;1;1;1m  [48;2;3;1;6m[38;2;3;1;6m    [48;2;51;46;50m[38;2;6;3;5m▊[48;2;228;223;227m[38;2;130;125;129m▂[48;2;231;225;229m[38;2;87;81;85m▅[48;2;233;229;232m▁[48;2;243;239;242m[38;2;79;74;78m▁▁[48;2;239;235;238m[38;2;95;90;94m▁[48;2;238;233;237m[38;2;137;132;136m▂[48;2;233;228;231m[38;2;74;68;72m▅[48;2;204;199;202m[38;2;66;60;64m▅[48;2;121;110;116m[38;2;18;8;12m▊[48;2;237;236;239m[38;2;211;145;169m▁[48;2;244;247;248m[38;2;197;155;169m▂[48;2;212;202;206m[38;2;91;79;83m▁[48;2;1;1;1m[38;2;1;1;1m              [0m
[48;2;1;1;1m[38;2;1;1;1m                    [48;2;0;0;0m[38;2;0;0;0m  [48;2;1;1;3m[38;2;1;1;3m  [48;2;1;1;1m[38;2;1;1;1m  [48;2;1;1;3m[38;2;1;1;3m  [48;2;3;1;6m[38;2;3;1;6m  [48;2;1;1;3m[38;2;1;1;3m  [48;2;3;0;2m[38;2;14;9;13m▄[48;2;37;32;36m[38;2;154;149;153m▁[48;2;238;233;237m[38;2;212;207;211m▎[48;2;41;37;40m[38;2;237;233;236m▅[48;2;24;20;23m[38;2;236;231;235m▅▅[48;2;30;28;31m[38;2;232;230;233m▅[48;2;46;45;47m[38;2;234;232;235m▅[48;2;247;245;248m[38;2;229;227;230m▎[48;2;191;189;192m[38;2;247;246;248m▊[48;2;59;19;18m[38;2;215;102;124m▅[48;2;198;72;99m[38;2;201;60;92m▄[48;2;95;34;45m[38;2;180;60;80m▊[48;2;21;8;15m[38;2;1;4;5m┃[48;2;1;1;3m[38;2;1;1;3m  [48;2;1;1;1m[38;2;1;1;1m            [0m
[48;2;1;1;1m[38;2;1;1;1m                        [48;2;1;1;3m[38;2;1;1;3m  [48;2;3;1;6m[38;2;3;1;6m    [48;2;1;1;3m[38;2;1;1;3m  [48;2;30;26;29m[38;2;143;138;142m▁[48;2;245;241;244m[38;2;198;193;197m▎[48;2;250;250;252m[38;2;250;250;252m        [48;2;180;156;162m[38;2;248;240;242m▊[48;2;143;54;81m[38;2;22;14;15m▅[48;2;1;1;1m[38;2;1;1;1m                [0m
[48;2;1;1;1m[38;2;1;1;1m                    [48;2;2;0;3m[38;2;2;0;3m  [48;2;1;1;1m[38;2;1;1;1m  [48;2;3;1;6m[38;2;3;1;6m      [48;2;2;0;5m[38;2;9;7;12m┃[48;2;36;34;39m[38;2;1;0;4m▊[48;2;248;248;250m[38;2;205;205;207m▎[48;2;240;240;242m[38;2;252;252;253m┃[48;2;250;250;252m[38;2;250;250;252m        [48;2;238;234;237m[38;2;0;0;0m [48;2;40;35;39m[38;2;205;201;204m▅[48;2;2;2;4m[38;2;2;2;4m  [48;2;1;1;1m[38;2;1;1;1m              [0m
[48;2;1;1;1m[38;2;1;1;1m                  [48;2;1;1;3m[38;2;1;1;3m  [48;2;2;0;3m[38;2;2;0;3m  [48;2;1;1;3m[38;2;1;1;3m  [48;2;3;1;6m[38;2;3;1;6m    [48;2;2;0;3m[38;2;2;0;3m  [48;2;2;0;5m[38;2;9;7;12m┃[48;2;36;34;39m[38;2;1;0;4m▊[48;2;248;248;250m[38;2;205;205;207m▎[48;2;240;240;242m[38;2;252;252;253m┃[48;2;250;250;252m[38;2;250;250;252m        [48;2;249;249;251m[38;2;233;233;235m╵[48;2;238;238;239m[38;2;0;0;0m [48;2;35;31;34m[38;2;206;201;205m▅[48;2;3;0;2m[38;2;4;0;3m▄[48;2;1;1;1m[38;2;1;1;1m              [0m
[48;2;1;1;1m[38;2;1;1;1m                  [48;2;2;0;3m[38;2;2;0;3m    [48;2;3;1;6m[38;2;3;1;6m      [48;2;1;1;3m[38;2;1;1;3m  [48;2;2;0;5m[38;2;9;7;12m┃[48;2;36;34;39m[38;2;1;0;4m▊[48;2;248;248;250m[38;2;205;205;207m▎[48;2;240;240;242m[38;2;252;252;253m┃[48;2;250;250;252m[38;2;250;250;252m        [48;2;252;252;253m[38;2;0;0;0m [48;2;248;248;249m[38;2;228;228;230m▃[48;2;197;193;198m[38;2;34;30;35m▁[48;2;8;4;9m[38;2;30;26;31m▎[48;2;2;0;3m[38;2;2;0;3m  [48;2;1;1;1m[38;2;1;1;1m            [0m
[48;2;4;2;10m[38;2;23;2;126m▂▂▂▂▂▂▂▂▂▂▂▂▂▂▂▂▂▂[48;2;5;3;12m[38;2;24;2;129m▂▂[48;2;4;2;10m[38;2;23;2;126m▂▂[48;2;5;3;12m[38;2;24;2;129m▂▂▂▂▂▂[48;2;4;2;10m[38;2;23;2;126m▂▂[48;2;6;3;13m[38;2;25;3;130m▂▂[48;2;226;223;229m[38;2;45;37;81m▆[48;2;246;244;245m[38;2;207;203;221m▎[48;2;250;250;252m[38;2;250;250;252m        [48;2;252;250;252m[38;2;244;242;245m┃[48;2;152;150;153m[38;2;243;242;244m▊[48;2;6;3;13m[38;2;25;3;130m▂▂[48;2;5;3;12m[38;2;24;2;129m▂▂[48;2;4;2;10m[38;2;23;2;126m▂▂▂▂▂▂▂▂▂▂▂▂[0m
[48;2;38;3;183m[38;2;38;3;183m                                [48;2;71;49;176m[38;2;34;5;186m▊[48;2;249;248;248m[38;2;188;177;233m▎[48;2;250;250;252m[38;2;250;250;252m        [48;2;246;245;244m[38;2;0;0;0m [48;2;214;211;229m[38;2;58;39;174m▂[48;2;38;3;183m[38;2;38;3;183m                [0m
[48;2;38;3;183m[38;2;38;3;183m                                [48;2;39;9;182m[38;2;0;0;0m [48;2;213;204;235m[38;2;54;26;183m▆[48;2;243;243;245m[38;2;239;239;241m▌[48;2;254;254;255m[38;2;250;250;252m▌[48;2;250;250;252m      [48;2;160;146;208m[38;2;248;243;250m▊[48;2;39;5;195m[38;2;32;8;162m▌[48;2;38;3;183m[38;2;38;3;183m                [0m
[48;2;38;3;185m[38;2;38;3;185m                                [48;2;40;5;183m[38;2;40;5;183m  [48;2;227;226;230m[38;2;61;46;169m▂[48;2;244;242;249m[38;2;0;0;0m [48;2;250;250;252m[38;2;250;250;252m      [48;2;160;142;226m[38;2;248;244;243m▊[48;2;32;4;171m[38;2;46;11;199m│[48;2;38;3;185m[38;2;38;3;185m                [0m
[48;2;38;3;185m[38;2;38;3;185m                                  [48;2;73;47;187m[38;2;39;7;191m▊[48;2;229;223;238m[38;2;54;35;153m▂[48;2;249;249;251m[38;2;249;249;251m  [48;2;250;250;252m[38;2;250;250;252m  [48;2;239;238;243m[38;2;251;250;253m▊[48;2;196;195;200m[38;2;245;244;248m▊[48;2;184;170;222m[38;2;42;10;185m▆[48;2;43;11;181m[38;2;0;0;0m [48;2;38;3;185m[38;2;38;3;185m                [0m
[48;2;38;3;185m[38;2;38;3;185m                                  [48;2;35;1;176m[38;2;43;9;184m┃[48;2;60;26;201m[38;2;29;0;170m▌[48;2;244;234;233m[38;2;188;72;107m▂▂[48;2;237;235;235m[38;2;218;93;133m▂[48;2;248;244;244m[38;2;0;0;0m [48;2;243;242;244m [48;2;210;207;227m[38;2;55;33;177m▂[48;2;38;3;185m[38;2;38;3;185m                  [0m
[48;2;38;3;185m[38;2;38;3;185m                                [48;2;38;3;183m[38;2;38;3;183m  [48;2;33;4;164m[38;2;16;5;41m▃[48;2;37;16;113m[38;2;20;12;26m▅[48;2;217;73;100m[38;2;217;73;100m  [48;2;216;78;104m[38;2;0;0;0m [48;2;236;200;193m[38;2;218;78;105m▆[48;2;209;183;211m[38;2;190;74;83m▆[48;2;41;12;63m[38;2;191;71;99m▂[48;2;30;7;125m[38;2;14;8;22m▅[48;2;36;8;159m[38;2;16;5;46m▂[48;2;38;3;185m[38;2;38;3;185m                [0m
[48;2;38;3;185m[38;2;38;3;185m                                  [48;2;24;16;44m[38;2;35;4;173m▆[48;2;18;10;37m[38;2;29;1;166m▂[48;2;148;48;74m[38;2;28;10;81m▆▆[48;2;168;51;77m[38;2;25;10;81m▆▆[48;2;147;46;75m[38;2;27;9;82m▆▆[48;2;17;7;46m[38;2;37;4;182m▂[48;2;32;17;85m[38;2;33;2;170m▆[48;2;38;3;185m[38;2;38;3;185m                [0m
[48;2;40;2;185m[38;2;40;2;185m                                                            [0m
[48;2;40;2;185m[38;2;40;2;185m                                                            [0m
