[48;2;1;1;1m[38;2;1;1;1m                                                            [0m
[48;2;1;1;1m[38;2;1;1;1m                                                            [0m
[48;2;1;1;1m[38;2;1;1;1m                                                            [0m
[48;2;1;1;1m[38;2;1;1;1m                                                            [0m
[48;2;1;1;1m[38;2;1;1;1m                            [48;2;1;1;3m[38;2;1;1;3m  [48;2;1;1;1m[38;2;1;1;1m        [38;2;11;11;11m▃▃[48;2;2;2;2m[38;2;2;2;2m  [48;2;1;1;1m[38;2;1;1;1m                  [0m
[48;2;1;1;1m[38;2;1;1;1m                        [48;2;1;1;3m[38;2;1;1;3m    [48;2;3;1;6m[38;2;3;1;6m  [48;2;2;0;3m[38;2;2;0;3m  [48;2;1;1;3m[38;2;1;1;3m  [48;2;3;1;4m[38;2;3;1;4m  [48;2;3;0;4m[38;2;18;13;19m▄[48;2;39;35;40m[38;2;209;205;210m▄[48;2;131;129;134m[38;2;244;243;246m▇▇[48;2;118;113;117m[38;2;233;228;232m▇[48;2;23;18;22m[38;2;196;191;195m▄[48;2;2;2;2m[38;2;2;2;2m  [48;2;1;1;1m[38;2;1;1;1m                [0m
[48;2;1;1;1m[38;2;1;1;1m                        [48;2;3;1;6m[38;2;3;1;6m      [48;2;1;1;3m[38;2;1;1;3m  [48;2;3;1;6m[38;2;3;1;6m    [48;2;79;77;80m[38;2;8;6;9m▊[48;2;248;247;249m[38;2;202;200;203m▎[48;2;250;250;252m[38;2;250;250;252m  [48;2;251;250;253m[38;2;243;242;247m┃[48;2;151;150;155m[38;2;243;242;245m▊[48;2;2;2;4m[38;2;18;18;20m▌[48;2;5;5;7m[38;2;0;0;2m▊[48;2;1;1;1m[38;2;1;1;1m                [0m
[48;2;1;1;1m[38;2;1;1;1m                        [48;2;1;1;3m[38;2;1;1;3m  [48;2;3;1;6m[38;2;3;1;6m  [48;2;1;1;3m[38;2;1;1;3m    [48;2;2;0;3m[38;2;2;0;3m  [48;2;3;1;6m[38;2;3;1;6m  [48;2;79;77;80m[38;2;8;6;9m▊[48;2;248;247;249m[38;2;202;200;203m▎[48;2;250;250;252m[38;2;250;250;252m  [48;2;252;251;254m[38;2;244;243;248m┃[48;2;152;151;156m[38;2;243;242;246m▊[48;2;8;6;9m[38;2;13;11;14m▌[48;2;1;0;2m[38;2;3;1;4m▎[48;2;1;1;1m[38;2;1;1;1m                [0m
[48;2;1;1;1m[38;2;1;1;1m                    [48;2;2;2;4m[38;2;2;2;4m  [48;2;3;1;6m[38;2;3;1;6m    [48;2;1;1;3m[38;2;1;1;3m      [48;2;3;1;4m[38;2;3;1;4m  [48;2;9;7;10m[38;2;2;1;3m▚[48;2;5;3;6m[38;2;1;0;2m▌[48;2;38;36;39m[38;2;223;222;224m▄[48;2;240;238;240m[38;2;0;0;0m [48;2;250;250;252m[38;2;250;250;252m  [48;2;248;248;249m[38;2;231;231;233m╵[48;2;237;237;238m[38;2;0;0;0m [48;2;19;14;18m[38;2;204;199;203m▄[48;2;3;0;2m[38;2;35;30;34m▁[48;2;1;1;3m[38;2;1;1;3m  [48;2;1;1;1m[38;2;1;1;1m              [0m
[48;2;1;1;1m[38;2;1;1;1m                [48;2;2;0;3m[38;2;2;0;3m  [48;2;3;1;4m[38;2;3;1;4m  [48;2;3;1;6m[38;2;3;1;6m    [48;2;1;1;3m[38;2;1;1;3m  [48;2;1;1;1m[38;2;1;1;1m    [48;2;3;1;6m[38;2;3;1;6m    [48;2;16;12;17m[38;2;0;0;0m [48;2;42;38;43m[38;2;225;221;226m▄[48;2;248;248;250m[38;2;248;248;250m  [48;2;250;250;252m[38;2;250;250;252m    [48;2;247;245;248m[38;2;255;254;255m▎[48;2;141;139;142m[38;2;237;235;238m▊[48;2;8;6;9m[38;2;13;11;14m▌[48;2;1;0;2m[38;2;3;1;4m▎[48;2;2;0;3m[38;2;2;0;3m  [48;2;1;1;3m[38;2;1;1;3m  [48;2;1;1;1m[38;2;1;1;1m          [0m
[48;2;1;1;1m[38;2;1;1;1m            [48;2;1;1;3m[38;2;1;1;3m  [48;2;3;1;6m[38;2;3;1;6m      [48;2;1;1;3m[38;2;1;1;3m  [48;2;1;1;1m[38;2;1;1;1m      [48;2;3;1;6m[38;2;3;1;6m      [48;2;76;71;75m[38;2;24;20;23m▊[48;2;248;244;247m[38;2;197;192;196m▎[48;2;250;250;252m[38;2;250;250;252m      [48;2;248;248;249m[38;2;231;231;233m╵[48;2;237;237;238m[38;2;0;0;0m [48;2;33;28;32m[38;2;198;194;197m▄[48;2;11;7;10m[38;2;0;0;0m [48;2;1;1;3m[38;2;1;1;3m  [48;2;1;1;1m[38;2;1;1;1m            [0m
[48;2;1;1;1m[38;2;1;1;1m            [48;2;3;1;6m[38;2;3;1;6m      [48;2;3;1;4m[38;2;3;1;4m  [48;2;1;1;3m[38;2;1;1;3m  [48;2;1;1;1m[38;2;1;1;1m    [48;2;3;1;6m[38;2;3;1;6m      [48;2;15;13;18m[38;2;1;0;4m▊[48;2;58;56;61m[38;2;8;7;11m▊[48;2;255;255;255m[38;2;235;235;237m▌[48;2;251;251;253m[38;2;243;243;245m┃[48;2;250;250;252m[38;2;250;250;252m        [48;2;131;129;134m[38;2;241;240;243m▊[48;2;1;0;4m[38;2;32;30;35m▎[48;2;1;1;3m[38;2;1;1;3m  [48;2;1;1;1m[38;2;1;1;1m            [0m
[48;2;1;1;1m[38;2;1;1;1m            [48;2;1;1;3m[38;2;1;1;3m  [48;2;3;1;6m[38;2;3;1;6m  [48;2;2;0;3m[38;2;2;0;3m  [48;2;1;1;1m[38;2;1;1;1m  [48;2;3;1;6m[38;2;3;1;6m      [48;2;2;0;3m[38;2;2;0;3m  [48;2;3;1;6m[38;2;3;1;6m    [48;2;15;13;18m[38;2;1;0;4m▊[48;2;58;56;61m[38;2;8;7;11m▊[48;2;255;255;255m[38;2;236;236;238m▌[48;2;252;252;253m[38;2;244;244;246m┃[48;2;250;250;252m[38;2;250;250;252m        [48;2;237;235;238m[38;2;0;0;0m [48;2;39;37;40m[38;2;206;204;206m▄[48;2;2;0;3m[38;2;2;0;3m  [48;2;1;1;1m[38;2;1;1;1m            [0m
[48;2;1;1;1m[38;2;1;1;1m              [48;2;2;0;3m[38;2;2;0;3m  [48;2;1;1;3m[38;2;1;1;3m    [48;2;3;1;6m[38;2;3;1;6m      [48;2;1;1;1m[38;2;1;1;1m  [48;2;3;1;6m[38;2;3;1;6m    [48;2;15;13;18m[38;2;1;0;4m▊[48;2;58;56;61m[38;2;8;7;11m▊[48;2;255;255;255m[38;2;236;236;238m▌[48;2;252;252;253m[38;2;244;244;246m┃[48;2;250;250;252m[38;2;250;250;252m    [48;2;251;251;252m[38;2;241;241;243m▝[48;2;245;245;246m[38;2;195;195;197m▗[48;2;240;238;240m[38;2;61;59;62m▅[48;2;235;233;236m[38;2;131;129;132m▁[48;2;252;252;253m[38;2;241;241;243m▎[48;2;115;115;117m[38;2;246;246;248m▊[48;2;1;1;1m[38;2;1;1;1m              [0m
[48;2;1;1;1m[38;2;1;1;1m                [48;2;3;1;4m[38;2;3;1;4m  [48;2;3;1;6m[38;2;3;1;6m  [48;2;2;0;3m[38;2;2;0;3m  [48;2;3;1;6m[38;2;3;1;6m  [48;2;2;0;3m[38;2;2;0;3m  [48;2;1;1;1m[38;2;1;1;1m  [48;2;3;1;6m[38;2;3;1;6m    [48;2;4;2;7m[38;2;12;10;15m▂[48;2;11;9;14m[38;2;2;1;5m▅[48;2;223;219;223m[38;2;35;30;34m▅[48;2;232;228;231m[38;2;86;81;85m▁[48;2;243;239;242m[38;2;79;74;78m▁▁[48;2;229;225;229m[38;2;72;67;71m▁[48;2;230;225;229m[38;2;83;78;82m▅[48;2;228;222;226m[38;2;67;62;65m▅[48;2;210;204;208m[38;2;71;65;69m▅[48;2;6;0;2m[38;2;22;13;18m▎[48;2;77;68;73m[38;2;14;7;10m▊[48;2;234;229;232m[38;2;221;79;106m▅[48;2;217;210;215m[38;2;177;75;89m▅[48;2;1;1;1m[38;2;1;1;1m              [0m
[48;2;1;1;1m[38;2;1;1;1m                    [48;2;0;0;0m[38;2;0;0;0m  [48;2;1;1;3m[38;2;1;1;3m  [48;2;1;1;1m[38;2;1;1;1m  [48;2;1;1;3m[38;2;1;1;3m  [48;2;3;1;6m[38;2;3;1;6m  [48;2;1;1;3m[38;2;1;1;3m  [48;2;3;2;6m[38;2;11;9;14m┗[48;2;36;34;39m[38;2;6;5;9m▊[48;2;19;15;18m[38;2;227;222;226m▅[48;2;27;22;26m[38;2;237;233;236m▅[48;2;24;20;23m[38;2;236;231;235m▅▅[48;2;54;52;55m[38;2;236;235;237m▅[48;2;241;239;241m[38;2;0;0;0m [48;2;252;250;252m[38;2;244;242;245m┃[48;2;152;150;153m[38;2;243;242;244m▊[48;2;27;11;12m[38;2;0;0;0m [48;2;60;29;35m[38;2;153;54;83m▄[48;2;200;69;95m[38;2;55;33;22m▁[48;2;88;33;34m[38;2;181;58;82m▊[48;2;1;1;3m[38;2;1;1;3m  [48;2;1;1;1m[38;2;1;1;1m            [0m
[48;2;1;1;1m[38;2;1;1;1m                        [48;2;1;1;3m[38;2;1;1;3m  [48;2;3;1;6m[38;2;3;1;6m    [48;2;1;1;3m[38;2;1;1;3m  [48;2;28;26;29m[38;2;9;8;10m▊[48;2;38;36;39m[38;2;216;214;217m▅[48;2;248;248;250m[38;2;248;248;250m  [48;2;250;250;252m[38;2;250;250;252m    [48;2;249;249;250m[38;2;232;232;234m╵[48;2;238;238;239m[38;2;0;0;0m [48;2;28;23;27m[38;2;210;205;209m▅[48;2;3;0;2m[38;2;59;54;58m▎[48;2;1;1;1m[38;2;1;1;1m                [0m
[48;2;1;1;1m[38;2;1;1;1m                    [48;2;2;0;3m[38;2;2;0;3m  [48;2;1;1;1m[38;2;1;1;1m  [48;2;3;1;6m[38;2;3;1;6m      [48;2;2;0;3m[38;2;2;0;3m  [48;2;52;50;53m[38;2;6;4;7m▊[48;2;246;245;247m[38;2;175;173;176m▎[48;2;250;250;252m[38;2;250;250;252m        [48;2;164;159;163m[38;2;244;239;243m▊[48;2;20;15;19m[38;2;110;105;109m▂[48;2;1;1;3m[38;2;1;1;3m  [48;2;1;1;1m[38;2;1;1;1m              [0m
[48;2;1;1;1m[38;2;1;1;1m                  [48;2;1;1;3m[38;2;1;1;3m  [48;2;2;0;3m[38;2;2;0;3m  [48;2;1;1;3m[38;2;1;1;3m  [48;2;3;1;6m[38;2;3;1;6m    [48;2;2;0;3m[38;2;2;0;3m  [48;2;3;1;6m[38;2;3;1;6m  [48;2;11;9;14m[38;2;0;0;0m [48;2;202;201;205m[38;2;27;25;30m▅[48;2;243;243;245m[38;2;239;239;241m▌[48;2;254;254;255m[38;2;250;250;252m▌[48;2;250;250;252m      [48;2;247;245;248m[38;2;255;254;255m┃[48;2;174;172;175m[38;2;241;239;242m▊[48;2;22;20;25m[38;2;167;165;170m▁[48;2;1;0;4m[38;2;7;5;10m▄[48;2;1;1;1m[38;2;1;1;1m              [0m
[48;2;1;1;1m[38;2;1;1;1m                  [48;2;2;0;3m[38;2;2;0;3m    [48;2;3;1;6m[38;2;3;1;6m      [48;2;1;1;3m[38;2;1;1;3m  [48;2;3;1;6m[38;2;3;1;6m  [48;2;15;13;18m[38;2;1;0;4m▊[48;2;58;56;61m[38;2;8;7;11m▊[48;2;255;255;255m[38;2;236;236;238m▌[48;2;252;252;253m[38;2;244;244;246m┃[48;2;250;250;252m[38;2;250;250;252m        [48;2;122;120;123m[38;2;244;242;244m▊[48;2;18;16;19m[38;2;1;0;2m┃[48;2;2;0;3m[38;2;2;0;3m  [48;2;1;1;1m[38;2;1;1;1m            [0m
[48;2;4;2;10m[38;2;23;2;126m▂▂▂▂▂▂▂▂▂▂▂▂▂▂▂▂▂▂[48;2;5;3;12m[38;2;24;2;129m▂▂[48;2;4;2;10m[38;2;23;2;126m▂▂[48;2;5;3;12m[38;2;24;2;129m▂▂▂▂▂▂[48;2;4;2;10m[38;2;23;2;126m▂▂[48;2;5;3;12m[38;2;24;2;129m▂▂[48;2;9;4;13m[38;2;28;3;131m▂▂[48;2;229;226;233m[38;2;49;42;80m▆[48;2;249;247;248m[38;2;214;210;226m▎[48;2;250;250;252m[38;2;250;250;252m        [48;2;123;119;137m[38;2;241;238;241m▊[48;2;16;12;29m[38;2;32;9;156m▁[48;2;5;3;12m[38;2;24;2;129m▂▂[48;2;4;2;10m[38;2;23;2;126m▂▂▂▂▂▂▂▂▂▂▂▂[0m
[48;2;38;3;183m[38;2;38;3;183m                                  [48;2;87;66;187m[38;2;37;7;183m▊[48;2;252;251;245m[38;2;203;193;243m▎[48;2;250;250;252m[38;2;250;250;252m      [48;2;241;241;243m[38;2;251;251;252m▅[48;2;251;251;252m[38;2;241;241;243m▃[48;2;211;203;226m[38;2;69;47;173m▂[48;2;43;11;191m[38;2;26;1;171m╵[48;2;38;3;183m[38;2;38;3;183m              [0m
[48;2;38;3;183m[38;2;38;3;183m                                  [48;2;87;66;187m[38;2;37;7;183m▊[48;2;252;251;245m[38;2;203;193;243m▎[48;2;250;250;252m[38;2;250;250;252m      [48;2;243;242;244m[38;2;0;0;0m [48;2;214;210;231m[38;2;60;41;169m▂[48;2;38;3;183m[38;2;38;3;183m                [0m
[48;2;38;3;185m[38;2;38;3;185m                                  [48;2;74;47;187m[38;2;40;8;190m▊[48;2;227;220;235m[38;2;71;47;167m▂[48;2;249;249;251m[38;2;249;249;251m  [48;2;250;250;252m[38;2;250;250;252m    [48;2;160;146;208m[38;2;248;243;250m▊[48;2;39;5;195m[38;2;32;8;162m▌[48;2;38;3;185m[38;2;38;3;185m                [0m
[48;2;38;3;185m[38;2;38;3;185m                                  [48;2;38;3;183m[38;2;40;5;194m▊[48;2;61;30;188m[38;2;30;0;165m▌[48;2;243;243;245m[38;2;239;239;241m▌[48;2;254;254;255m[38;2;250;250;252m▌[48;2;250;250;252m  [48;2;239;238;243m[38;2;251;250;253m▊[48;2;196;195;200m[38;2;245;244;248m▊[48;2;184;170;222m[38;2;42;10;185m▆[48;2;43;11;181m[38;2;0;0;0m [48;2;38;3;185m[38;2;38;3;185m                [0m
[48;2;38;3;185m[38;2;38;3;185m                                  [48;2;35;1;176m[38;2;43;9;184m┃[48;2;60;26;201m[38;2;29;0;170m▌[48;2;244;234;233m[38;2;188;72;107m▂▂[48;2;238;235;238m[38;2;218;93;135m▂[48;2;242;238;240m[38;2;0;0;0m [48;2;219;214;235m[38;2;53;29;189m▂[48;2;190;185;208m[38;2;42;16;179m▆[48;2;38;3;185m[38;2;38;3;185m                  [0m
[48;2;38;3;185m[38;2;38;3;185m                                [48;2;38;3;183m[38;2;38;3;183m  [48;2;44;11;153m[38;2;22;6;28m▂[48;2;39;23;83m[38;2;189;61;82m▂[48;2;218;74;101m[38;2;218;74;101m  [48;2;212;77;102m[38;2;0;0;0m [48;2;231;186;181m[38;2;207;74;98m▆[48;2;43;19;71m[38;2;191;72;97m▂[48;2;34;10;63m[38;2;180;61;85m▂[48;2;30;7;125m[38;2;14;8;22m▅[48;2;36;8;159m[38;2;16;5;46m▂[48;2;38;3;185m[38;2;38;3;185m                [0m
[48;2;38;3;185m[38;2;38;3;185m                                  [48;2;33;16;80m[38;2;40;10;172m▆[48;2;138;51;59m[38;2;28;9;87m▆[48;2;168;49;82m[38;2;25;10;82m▆▆[48;2;168;51;77m[38;2;25;10;81m▆▆[48;2;147;46;75m[38;2;27;9;82m▆▆[48;2;17;7;46m[38;2;37;4;182m▂[48;2;32;17;85m[38;2;33;2;170m▆[48;2;38;3;185m[38;2;38;3;185m                [0m
[48;2;40;2;185m[38;2;40;2;185m                                                            [0m
[48;2;40;2;185m[38;2;40;2;185m                                                            [0m
