[48;2;1;1;1m[38;2;1;1;1m                                                            [0m
[48;2;1;1;1m[38;2;1;1;1m                                                            [0m
[48;2;1;1;1m[38;2;1;1;1m                                                            [0m
[48;2;1;1;1m[38;2;1;1;1m                                                            [0m
[48;2;1;1;1m[38;2;1;1;1m                            [48;2;1;1;3m[38;2;1;1;3m  [48;2;1;1;1m[38;2;1;1;1m        [48;2;3;3;3m[38;2;3;3;3m  [48;2;4;4;4m[38;2;4;4;4m  [48;2;1;1;1m[38;2;1;1;1m                  [0m
[48;2;1;1;1m[38;2;1;1;1m                        [48;2;1;1;3m[38;2;1;1;3m    [48;2;3;1;6m[38;2;3;1;6m  [48;2;2;0;3m[38;2;2;0;3m  [48;2;1;1;3m[38;2;1;1;3m  [48;2;3;1;4m[38;2;3;1;4m  [48;2;3;2;4m[38;2;19;17;20m╷[48;2;15;14;16m[38;2;0;0;0m [48;2;53;52;54m[38;2;234;233;235m▃[48;2;130;128;131m[38;2;239;238;240m▇[48;2;124;122;125m[38;2;243;241;243m▇[48;2;110;108;111m[38;2;236;234;237m▇[48;2;17;15;16m[38;2;191;189;190m▄[48;2;1;0;0m[38;2;10;8;9m▄[48;2;1;1;1m[38;2;1;1;1m                [0m
[48;2;1;1;1m[38;2;1;1;1m                        [48;2;3;1;6m[38;2;3;1;6m      [48;2;1;1;3m[38;2;1;1;3m  [48;2;3;1;6m[38;2;3;1;6m    [48;2;2;0;5m[38;2;10;8;13m│[48;2;99;97;102m[38;2;9;7;12m▊[48;2;249;249;250m[38;2;206;206;208m▎[48;2;241;241;243m[38;2;253;253;254m┃[48;2;249;249;251m[38;2;249;249;251m  [48;2;233;228;232m[38;2;0;0;0m [48;2;185;180;184m[38;2;38;33;37m▄[48;2;2;2;2m[38;2;2;2;2m  [48;2;1;1;1m[38;2;1;1;1m              [0m
[48;2;1;1;1m[38;2;1;1;1m                        [48;2;1;1;3m[38;2;1;1;3m  [48;2;3;1;6m[38;2;3;1;6m  [48;2;1;1;3m[38;2;1;1;3m    [48;2;2;0;3m[38;2;2;0;3m  [48;2;3;1;6m[38;2;3;1;6m  [48;2;1;0;2m[38;2;10;8;11m│[48;2;91;89;92m[38;2;14;12;15m▊[48;2;255;255;255m[38;2;236;236;238m▌[48;2;252;252;253m[38;2;244;244;246m┃[48;2;252;248;249m[38;2;244;240;241m┃[48;2;226;222;223m[38;2;255;253;254m▌[48;2;100;32;43m[38;2;202;76;97m▊[48;2;20;4;9m[38;2;3;8;10m┃[48;2;1;1;1m[38;2;1;1;1m                [0m
[48;2;1;1;1m[38;2;1;1;1m                    [48;2;2;2;4m[38;2;2;2;4m  [48;2;3;1;6m[38;2;3;1;6m    [48;2;1;1;3m[38;2;1;1;3m      [48;2;3;1;4m[38;2;3;1;4m  [48;2;21;17;20m[38;2;0;0;0m [38;2;217;212;216m▄[48;2;35;33;36m[38;2;231;229;232m▄[48;2;233;232;234m[38;2;0;0;0m [48;2;250;250;252m[38;2;250;250;252m  [48;2;224;181;188m[38;2;244;243;245m▊[48;2;217;93;112m[38;2;209;58;85m┃[48;2;103;29;42m[38;2;212;70;96m▊[48;2;2;7;9m[38;2;19;9;8m▎[48;2;1;1;3m[38;2;1;1;3m  [48;2;1;1;1m[38;2;1;1;1m              [0m
[48;2;1;1;1m[38;2;1;1;1m                [48;2;2;0;3m[38;2;2;0;3m  [48;2;3;1;4m[38;2;3;1;4m  [48;2;3;1;6m[38;2;3;1;6m    [48;2;1;1;3m[38;2;1;1;3m  [48;2;1;1;1m[38;2;1;1;1m    [48;2;3;1;6m[38;2;3;1;6m  [48;2;12;8;13m[38;2;0;0;0m [48;2;40;36;41m[38;2;218;215;219m▄[48;2;228;226;229m[38;2;249;248;250m▄[48;2;252;250;253m[38;2;245;243;246m▘[48;2;250;250;252m[38;2;250;250;252m  [48;2;251;249;252m[38;2;255;253;255m▌[48;2;240;238;241m[38;2;244;242;245m▌[48;2;202;86;103m[38;2;243;231;236m▄[48;2;213;97;115m[38;2;251;240;244m▄[48;2;136;132;133m[38;2;241;237;238m▊[48;2;13;9;10m[38;2;41;37;38m▎[48;2;2;0;3m[38;2;2;0;3m    [48;2;1;1;3m[38;2;1;1;3m  [48;2;1;1;1m[38;2;1;1;1m          [0m
[48;2;1;1;1m[38;2;1;1;1m            [48;2;1;1;3m[38;2;1;1;3m  [48;2;3;1;6m[38;2;3;1;6m      [48;2;1;1;3m[38;2;1;1;3m  [48;2;1;1;1m[38;2;1;1;1m      [48;2;3;1;6m[38;2;3;1;6m    [48;2;52;50;53m[38;2;6;4;7m▊[48;2;246;245;247m[38;2;175;173;176m▎[48;2;250;250;252m[38;2;250;250;252m        [48;2;244;242;245m[38;2;255;254;255m▎[48;2;150;148;151m[38;2;242;240;243m▊[48;2;5;3;6m[38;2;5;3;6m  [48;2;1;1;3m[38;2;1;1;3m  [48;2;1;1;1m[38;2;1;1;1m            [0m
[48;2;1;1;1m[38;2;1;1;1m            [48;2;3;1;6m[38;2;3;1;6m      [48;2;3;1;4m[38;2;3;1;4m  [48;2;1;1;3m[38;2;1;1;3m  [48;2;1;1;1m[38;2;1;1;1m    [48;2;3;1;6m[38;2;3;1;6m      [48;2;13;11;14m[38;2;0;0;0m [48;2;227;225;228m[38;2;40;39;41m▅[48;2;243;243;245m[38;2;239;239;241m▌[48;2;254;254;255m[38;2;250;250;252m▌[48;2;250;250;252m      [48;2;252;250;252m[38;2;244;242;245m┃[48;2;152;150;153m[38;2;243;242;244m▊[48;2;4;2;7m[38;2;4;2;7m  [48;2;1;1;3m[38;2;1;1;3m  [48;2;1;1;1m[38;2;1;1;1m            [0m
[48;2;1;1;1m[38;2;1;1;1m            [48;2;1;1;3m[38;2;1;1;3m  [48;2;3;1;6m[38;2;3;1;6m  [48;2;2;0;3m[38;2;2;0;3m  [48;2;1;1;1m[38;2;1;1;1m  [48;2;3;1;6m[38;2;3;1;6m      [48;2;2;0;3m[38;2;2;0;3m  [48;2;3;1;6m[38;2;3;1;6m    [48;2;15;13;18m[38;2;1;0;4m▊[48;2;58;56;61m[38;2;8;7;11m▊[48;2;255;255;255m[38;2;236;236;238m▌[48;2;252;252;253m[38;2;244;244;246m┃[48;2;250;250;252m[38;2;250;250;252m      [48;2;255;254;255m[38;2;248;246;249m┳[48;2;197;195;198m[38;2;0;0;0m [48;2;2;2;4m[38;2;2;2;4m  [48;2;1;1;3m[38;2;1;1;3m  [48;2;1;1;1m[38;2;1;1;1m            [0m
[48;2;1;1;1m[38;2;1;1;1m              [48;2;2;0;3m[38;2;2;0;3m  [48;2;1;1;3m[38;2;1;1;3m    [48;2;3;1;6m[38;2;3;1;6m      [48;2;1;1;1m[38;2;1;1;1m  [48;2;3;1;6m[38;2;3;1;6m    [38;2;12;10;15m▃[48;2;12;10;15m[38;2;3;1;6m▅[48;2;227;225;228m[38;2;36;34;37m▅[48;2;255;254;255m[38;2;249;247;250m▄[48;2;250;250;252m[38;2;250;250;252m    [48;2;248;242;244m[38;2;0;0;0m [48;2;246;248;249m[38;2;213;172;186m▂[48;2;217;217;212m[38;2;186;74;106m▅[48;2;20;8;6m[38;2;134;34;62m▁[48;2;1;1;1m[38;2;1;1;1m  [48;2;1;1;3m[38;2;1;1;3m  [48;2;1;1;1m[38;2;1;1;1m            [0m
[48;2;1;1;1m[38;2;1;1;1m                [48;2;3;1;4m[38;2;3;1;4m  [48;2;3;1;6m[38;2;3;1;6m  [48;2;2;0;3m[38;2;2;0;3m  [48;2;3;1;6m[38;2;3;1;6m  [48;2;2;0;3m[38;2;2;0;3m  [48;2;1;1;1m[38;2;1;1;1m  [48;2;3;1;6m[38;2;3;1;6m      [48;2;13;11;14m[38;2;0;0;0m [48;2;212;210;213m[38;2;24;22;25m▅[48;2;233;231;234m[38;2;26;24;27m▅▅[48;2;232;228;231m[38;2;70;65;69m▅▅[48;2;220;199;202m[38;2;85;79;77m▅[48;2;200;78;115m[38;2;192;172;175m▅[48;2;208;64;92m[38;2;87;31;30m▁[48;2;187;66;86m[38;2;65;33;24m▁[48;2;1;1;1m[38;2;1;1;1m                [0m
[48;2;1;1;1m[38;2;1;1;1m                    [48;2;0;0;0m[38;2;0;0;0m  [48;2;1;1;3m[38;2;1;1;3m  [48;2;1;1;1m[38;2;1;1;1m  [48;2;1;1;3m[38;2;1;1;3m  [48;2;3;1;6m[38;2;3;1;6m  [48;2;1;1;3m[38;2;1;1;3m  [48;2;11;6;12m[38;2;0;0;0m [48;2;25;20;26m[38;2;151;146;152m▁[48;2;16;15;17m[38;2;226;224;227m▅[48;2;24;23;25m[38;2;236;234;236m▅[48;2;28;26;27m[38;2;234;232;233m▅[48;2;44;42;43m[38;2;234;233;234m▅[48;2;248;248;250m[38;2;248;248;250m  [48;2;236;234;236m[38;2;0;0;0m [48;2;28;27;29m[38;2;208;206;209m▅[48;2;3;3;5m[38;2;3;3;5m  [48;2;1;1;1m[38;2;1;1;1m  [48;2;1;1;3m[38;2;1;1;3m  [48;2;1;1;1m[38;2;1;1;1m            [0m
[48;2;1;1;1m[38;2;1;1;1m                        [48;2;1;1;3m[38;2;1;1;3m  [48;2;3;1;6m[38;2;3;1;6m    [48;2;1;1;3m[38;2;1;1;3m  [48;2;52;50;53m[38;2;6;4;7m▊[48;2;246;245;247m[38;2;175;173;176m▎[48;2;250;250;252m[38;2;250;250;252m      [48;2;249;249;250m[38;2;232;232;234m╵[48;2;238;238;239m[38;2;0;0;0m [48;2;34;29;33m[38;2;209;204;208m▅[48;2;3;0;2m[38;2;5;0;4m▄[48;2;1;1;1m[38;2;1;1;1m                [0m
[48;2;1;1;1m[38;2;1;1;1m                    [48;2;2;0;3m[38;2;2;0;3m  [48;2;1;1;1m[38;2;1;1;1m  [48;2;3;1;6m[38;2;3;1;6m      [48;2;2;0;3m[38;2;2;0;3m  [48;2;13;11;14m[38;2;0;0;0m [48;2;200;198;201m[38;2;29;28;30m▅[48;2;243;243;245m[38;2;239;239;241m▌[48;2;254;254;255m[38;2;250;250;252m▌[48;2;250;250;252m      [48;2;164;159;163m[38;2;244;239;243m▊[48;2;20;15;19m[38;2;110;105;109m▂[48;2;1;1;3m[38;2;1;1;3m  [48;2;1;1;1m[38;2;1;1;1m              [0m
[48;2;1;1;1m[38;2;1;1;1m                  [48;2;1;1;3m[38;2;1;1;3m  [48;2;2;0;3m[38;2;2;0;3m  [48;2;1;1;3m[38;2;1;1;3m  [48;2;3;1;6m[38;2;3;1;6m    [48;2;2;0;3m[38;2;2;0;3m  [48;2;3;1;6m[38;2;3;1;6m  [48;2;4;2;7m[38;2;12;10;15m▂[48;2;11;9;14m[38;2;2;1;5m▅[48;2;210;205;209m[38;2;28;24;27m▅[48;2;239;234;238m[38;2;101;96;100m▂[48;2;249;249;251m[38;2;249;249;251m  [48;2;250;250;252m[38;2;250;250;252m    [48;2;252;251;253m[38;2;245;243;246m┃[48;2;153;151;154m[38;2;244;242;245m▊[48;2;5;3;8m[38;2;5;3;8m  [48;2;1;1;1m[38;2;1;1;1m              [0m
[48;2;1;1;1m[38;2;1;1;1m                  [48;2;2;0;3m[38;2;2;0;3m    [48;2;3;1;6m[38;2;3;1;6m      [48;2;1;1;3m[38;2;1;1;3m  [48;2;3;1;6m[38;2;3;1;6m    [48;2;1;0;0m[38;2;2;0;1m▝[48;2;23;21;22m[38;2;5;3;4m▅[48;2;206;204;207m[38;2;30;29;31m▅[48;2;249;247;250m[38;2;221;219;221m▎[48;2;250;250;252m[38;2;250;250;252m    [48;2;250;248;250m[38;2;0;0;0m [48;2;173;171;174m[38;2;241;239;241m▊[48;2;22;21;25m[38;2;195;193;198m▁[48;2;8;6;11m[38;2;1;0;4m┓[48;2;2;0;3m[38;2;2;0;3m  [48;2;1;1;1m[38;2;1;1;1m            [0m
[48;2;4;2;10m[38;2;23;2;126m▂▂▂▂▂▂▂▂▂▂▂▂▂▂▂▂▂▂[48;2;5;3;12m[38;2;24;2;129m▂▂[48;2;4;2;10m[38;2;23;2;126m▂▂[48;2;5;3;12m[38;2;24;2;129m▂▂▂▂▂▂[48;2;4;2;10m[38;2;23;2;126m▂▂[48;2;5;3;12m[38;2;24;2;129m▂▂▂▂[48;2;5;3;11m[38;2;24;3;127m▂▂[48;2;16;11;20m[38;2;34;14;135m▂[48;2;198;193;202m[38;2;42;30;85m▅[48;2;250;250;251m[38;2;232;232;234m▌[48;2;250;250;252m[38;2;255;255;255m▌[38;2;250;250;252m    [48;2;133;128;146m[38;2;239;237;239m▊[48;2;13;12;16m[38;2;31;11;131m▂[48;2;5;3;12m[38;2;24;2;129m▂▂[48;2;4;2;10m[38;2;23;2;126m▂▂▂▂▂▂▂▂▂▂▂▂[0m
[48;2;38;3;183m[38;2;38;3;183m                                    [48;2;47;11;198m[38;2;35;0;187m┃[48;2;82;51;207m[38;2;35;5;168m▊[48;2;249;249;250m[38;2;206;206;208m▎[48;2;241;241;243m[38;2;253;253;254m┃[48;2;250;250;252m[38;2;250;250;252m  [48;2;241;241;243m[38;2;251;251;252m▅[48;2;251;251;252m[38;2;241;241;243m▃[48;2;211;203;226m[38;2;69;47;173m▂[48;2;43;11;191m[38;2;26;1;171m╵[48;2;38;3;183m[38;2;38;3;183m              [0m
[48;2;38;3;183m[38;2;38;3;183m                                    [48;2;45;13;186m[38;2;0;0;0m [48;2;51;24;178m[38;2;206;197;227m▂[48;2;255;255;255m[38;2;237;237;239m▌[48;2;253;253;254m[38;2;245;245;247m┃[48;2;250;250;252m[38;2;250;250;252m  [48;2;251;251;249m[38;2;242;243;237m│[48;2;153;149;176m[38;2;244;241;254m▊[48;2;38;3;183m[38;2;38;3;183m                [0m
[48;2;38;3;185m[38;2;38;3;185m                                    [48;2;88;70;169m[38;2;38;7;188m▊[48;2;252;251;247m[38;2;204;198;224m▎[48;2;250;250;252m[38;2;250;250;252m    [48;2;181;172;217m[38;2;246;245;243m▊[48;2;196;184;234m[38;2;40;15;179m▆[48;2;38;3;183m[38;2;38;3;183m  [48;2;38;3;185m[38;2;38;3;185m              [0m
[48;2;38;3;185m[38;2;38;3;185m                                  [48;2;32;0;173m[38;2;41;7;182m▌[48;2;56;22;197m[38;2;38;4;179m▌[48;2;85;70;163m[38;2;238;236;242m▆[48;2;244;243;248m[38;2;0;0;0m [48;2;250;250;252m[38;2;250;250;252m  [48;2;241;241;243m[38;2;251;251;252m▄[48;2;250;250;251m[38;2;240;240;242m▃[48;2;212;203;232m[38;2;52;29;181m▂[48;2;38;10;176m[38;2;39;9;180m▄[48;2;38;3;185m[38;2;38;3;185m                [0m
[48;2;38;3;185m[38;2;38;3;185m                                  [48;2;35;1;176m[38;2;43;9;184m┃[48;2;60;26;201m[38;2;29;0;170m▌[48;2;244;234;233m[38;2;188;72;107m▂▂[48;2;237;235;235m[38;2;218;93;133m▂[48;2;248;244;244m[38;2;0;0;0m [48;2;242;241;244m [48;2;210;206;226m[38;2;54;33;176m▂[48;2;39;4;186m[38;2;39;4;186m  [48;2;38;3;185m[38;2;38;3;185m                [0m
[48;2;38;3;185m[38;2;38;3;185m                                [48;2;38;3;183m[38;2;38;3;183m  [48;2;38;8;171m[38;2;16;6;42m▃[48;2;33;13;110m[38;2;11;5;18m▅[48;2;202;59;87m[38;2;44;23;14m▂[48;2;220;79;106m[38;2;186;67;87m▖[48;2;215;77;103m[38;2;0;0;0m [48;2;235;200;192m[38;2;217;77;104m▆[48;2;208;189;204m[38;2;196;73;90m▆[48;2;43;12;69m[38;2;201;71;89m▂[48;2;27;16;59m[38;2;175;51;73m▂[48;2;41;10;167m[38;2;20;6;25m▆[48;2;38;6;168m[38;2;28;16;53m▂[48;2;33;2;172m[38;2;43;5;201m▗[48;2;38;3;185m[38;2;38;3;185m              [0m
[48;2;38;3;185m[38;2;38;3;185m                                  [48;2;31;23;51m[38;2;32;1;171m▆[48;2;16;8;35m[38;2;36;5;173m▂[48;2;15;5;25m[38;2;38;8;176m▂[48;2;141;50;78m[38;2;30;11;85m▆[48;2;168;51;77m[38;2;25;10;81m▆▆[48;2;168;49;82m[38;2;25;10;82m▆▆[48;2;134;47;66m[38;2;25;9;77m▆[48;2;15;8;26m[38;2;38;11;167m▃[48;2;37;21;80m[38;2;37;2;185m▆[48;2;37;1;184m[38;2;37;4;165m▘[48;2;38;3;185m[38;2;38;3;185m              [0m
[48;2;40;2;185m[38;2;40;2;185m                                                            [0m
[48;2;40;2;185m[38;2;40;2;185m                                                            [0m
