[48;2;1;1;1m[38;2;1;1;1m                                                            [0m
[48;2;1;1;1m[38;2;1;1;1m                                                            [0m
[48;2;1;1;1m[38;2;1;1;1m                                                            [0m
[48;2;1;1;1m[38;2;1;1;1m                                                            [0m
[48;2;1;1;1m[38;2;1;1;1m                            [48;2;1;1;3m[38;2;1;1;3m  [48;2;1;1;1m[38;2;1;1;1m        [48;2;3;3;3m[38;2;3;3;3m  [48;2;4;4;4m[38;2;4;4;4m  [48;2;1;1;1m[38;2;1;1;1m                  [0m
[48;2;1;1;1m[38;2;1;1;1m                        [48;2;1;1;3m[38;2;1;1;3m    [48;2;3;1;6m[38;2;3;1;6m  [48;2;2;0;3m[38;2;2;0;3m  [48;2;1;1;3m[38;2;1;1;3m  [48;2;3;1;4m[38;2;3;1;4m  [48;2;3;2;4m[38;2;19;17;20m╷[48;2;15;14;16m[38;2;0;0;0m [48;2;53;52;54m[38;2;234;233;235m▃[48;2;130;128;131m[38;2;239;238;240m▇[48;2;124;122;125m[38;2;243;241;243m▇[48;2;110;108;111m[38;2;236;234;237m▇[48;2;17;15;16m[38;2;191;189;190m▄[48;2;1;0;0m[38;2;10;8;9m▄[48;2;1;1;1m[38;2;1;1;1m                [0m
[48;2;1;1;1m[38;2;1;1;1m                        [48;2;3;1;6m[38;2;3;1;6m      [48;2;1;1;3m[38;2;1;1;3m  [48;2;3;1;6m[38;2;3;1;6m    [48;2;2;0;5m[38;2;10;8;13m│[48;2;99;97;102m[38;2;9;7;12m▊[48;2;249;249;250m[38;2;206;206;208m▎[48;2;241;241;243m[38;2;253;253;254m┃[48;2;252;250;252m[38;2;0;0;0m [48;2;248;246;249m[38;2;228;226;229m▃[48;2;246;237;237m[38;2;181;78;108m▄[48;2;186;179;177m[38;2;41;30;29m▄[48;2;2;2;2m[38;2;2;2;2m  [48;2;1;1;1m[38;2;1;1;1m              [0m
[48;2;1;1;1m[38;2;1;1;1m                        [48;2;1;1;3m[38;2;1;1;3m  [48;2;3;1;6m[38;2;3;1;6m  [48;2;1;1;3m[38;2;1;1;3m    [48;2;2;0;3m[38;2;2;0;3m  [48;2;3;1;6m[38;2;13;11;16m▃▃[48;2;6;2;5m[38;2;14;9;13m▂[48;2;103;98;102m[38;2;12;8;11m▊[48;2;255;255;255m[38;2;236;236;238m▌[48;2;252;252;253m[38;2;244;244;246m┃[48;2;220;179;187m[38;2;252;246;251m▊[48;2;179;70;86m[38;2;214;79;103m┃[48;2;40;19;22m[38;2;172;61;94m▃[48;2;12;5;4m[38;2;0;0;0m [48;2;1;1;1m[38;2;1;1;1m                [0m
[48;2;1;1;1m[38;2;1;1;1m                    [48;2;2;2;4m[38;2;2;2;4m  [48;2;3;1;6m[38;2;3;1;6m    [48;2;1;1;3m[38;2;1;1;3m    [48;2;1;0;2m[38;2;3;1;4m▗[48;2;5;4;6m[38;2;24;22;25m▃[48;2;19;17;20m[38;2;218;216;219m▄[48;2;32;30;33m[38;2;230;228;230m▄[48;2;169;167;172m[38;2;241;239;244m▇[48;2;180;178;183m[38;2;250;248;251m▇[48;2;255;254;255m[38;2;243;241;244m▄▄[48;2;248;248;250m[38;2;248;248;250m  [48;2;225;178;186m[38;2;246;241;244m▊[48;2;217;90;110m[38;2;210;54;83m┃[48;2;103;29;42m[38;2;212;70;96m▊[48;2;2;7;9m[38;2;19;9;8m▎[48;2;1;1;3m[38;2;1;1;3m  [48;2;1;1;1m[38;2;1;1;1m              [0m
[48;2;1;1;1m[38;2;1;1;1m                [48;2;2;0;3m[38;2;2;0;3m  [48;2;3;1;4m[38;2;3;1;4m  [48;2;3;1;6m[38;2;3;1;6m    [48;2;1;1;3m[38;2;1;1;3m  [48;2;1;1;1m[38;2;1;1;1m    [48;2;37;32;36m[38;2;3;0;2m▊[48;2;246;241;245m[38;2;160;155;159m▎[48;2;250;250;252m[38;2;250;250;252m      [48;2;248;235;235m[38;2;0;0;0m [48;2;208;102;133m[38;2;237;223;224m▄[48;2;230;124;146m[38;2;212;73;106m▊[48;2;209;97;121m[38;2;240;234;223m▄[48;2;230;226;229m[38;2;0;0;0m [48;2;26;22;25m[38;2;206;202;205m▄[48;2;3;1;4m[38;2;3;1;4m  [48;2;2;0;3m[38;2;2;0;3m  [48;2;1;1;3m[38;2;1;1;3m  [48;2;1;1;1m[38;2;1;1;1m          [0m
[48;2;1;1;1m[38;2;1;1;1m            [48;2;1;1;3m[38;2;1;1;3m  [48;2;3;1;6m[38;2;3;1;6m      [48;2;1;1;3m[38;2;1;1;3m  [48;2;1;1;1m[38;2;1;1;1m      [48;2;3;1;6m[38;2;3;1;6m  [48;2;35;30;34m[38;2;10;6;9m▊[48;2;233;229;233m[38;2;155;150;154m▎[48;2;250;250;252m[38;2;250;250;252m        [48;2;249;249;251m[38;2;249;249;251m  [48;2;250;248;251m[38;2;255;254;255m▌[48;2;246;244;247m[38;2;192;190;193m▝[48;2;32;30;33m[38;2;196;194;197m▄[48;2;2;1;3m[38;2;29;27;30m▎[48;2;1;1;3m[38;2;1;1;3m  [48;2;1;1;1m[38;2;1;1;1m            [0m
[48;2;1;1;1m[38;2;1;1;1m            [48;2;3;1;6m[38;2;3;1;6m      [48;2;3;1;4m[38;2;3;1;4m  [48;2;1;1;3m[38;2;1;1;3m  [48;2;1;1;1m[38;2;1;1;1m    [48;2;3;1;6m[38;2;3;1;6m    [48;2;2;1;5m[38;2;10;8;13m┃[48;2;37;35;40m[38;2;1;0;4m▊[48;2;248;248;250m[38;2;205;205;207m▎[48;2;240;240;242m[38;2;252;252;253m┃[48;2;250;250;252m[38;2;250;250;252m          [48;2;132;130;135m[38;2;242;240;244m▊[48;2;1;0;4m[38;2;33;31;36m▎[48;2;1;1;3m[38;2;1;1;3m  [48;2;1;1;1m[38;2;1;1;1m            [0m
[48;2;1;1;1m[38;2;1;1;1m            [48;2;1;1;3m[38;2;1;1;3m  [48;2;3;1;6m[38;2;3;1;6m  [48;2;2;0;3m[38;2;2;0;3m  [48;2;1;1;1m[38;2;1;1;1m  [48;2;3;1;6m[38;2;3;1;6m      [48;2;2;0;3m[38;2;2;0;3m  [48;2;3;1;6m[38;2;3;1;6m  [48;2;5;3;8m[38;2;5;3;8m  [48;2;224;223;225m[38;2;39;37;40m▅[48;2;245;244;246m[38;2;210;208;211m▎[48;2;250;250;252m[38;2;250;250;252m          [48;2;131;129;132m[38;2;241;240;242m▊[48;2;1;0;2m[38;2;32;30;33m▎[48;2;1;1;3m[38;2;1;1;3m  [48;2;1;1;1m[38;2;1;1;1m            [0m
[48;2;1;1;1m[38;2;1;1;1m              [48;2;2;0;3m[38;2;2;0;3m  [48;2;1;1;3m[38;2;1;1;3m    [48;2;3;1;6m[38;2;3;1;6m      [48;2;1;1;1m[38;2;1;1;1m  [48;2;3;1;6m[38;2;3;1;6m    [48;2;3;0;4m[38;2;8;3;9m▄[48;2;224;219;224m[38;2;34;29;35m▅[48;2;239;237;239m[38;2;116;114;117m▁[48;2;246;244;247m[38;2;0;0;0m [48;2;240;232;230m[38;2;209;155;168m▁[48;2;243;220;225m[38;2;205;83;119m▄[48;2;248;245;246m[38;2;212;208;209m▂[48;2;251;248;249m[38;2;0;0;0m [48;2;247;245;247m[38;2;223;221;224m╴[48;2;234;232;234m[38;2;148;146;149m▂[48;2;195;193;196m[38;2;72;70;73m┓[48;2;242;241;243m[38;2;0;0;0m [48;2;131;129;132m[38;2;241;240;242m▊[48;2;1;0;2m[38;2;32;30;33m▎[48;2;1;1;3m[38;2;1;1;3m  [48;2;1;1;1m[38;2;1;1;1m            [0m
[48;2;1;1;1m[38;2;1;1;1m                [48;2;3;1;4m[38;2;3;1;4m  [48;2;3;1;6m[38;2;3;1;6m  [48;2;2;0;3m[38;2;2;0;3m  [48;2;3;1;6m[38;2;3;1;6m  [48;2;2;0;3m[38;2;2;0;3m  [48;2;1;1;1m[38;2;1;1;1m  [48;2;3;1;6m[38;2;3;1;6m    [48;2;1;0;2m[38;2;4;2;5m▄[48;2;22;20;23m[38;2;157;155;158m▁[48;2;42;36;40m[38;2;216;210;214m▅[48;2;212;206;210m[38;2;88;82;86m▅[48;2;211;74;106m[38;2;239;216;211m▅[48;2;207;82;111m[38;2;233;197;195m▁[48;2;208;81;110m[38;2;237;196;196m▁[48;2;234;223;214m[38;2;207;104;125m▅[48;2;195;190;192m[38;2;74;68;70m▅[48;2;48;43;44m[38;2;181;175;177m▁[48;2;240;237;238m[38;2;0;0;0m [48;2;225;221;222m[38;2;87;83;84m▁[48;2;197;196;197m[38;2;24;22;23m▅[48;2;1;0;0m[38;2;45;43;44m [48;2;1;1;1m[38;2;1;1;1m              [0m
[48;2;1;1;1m[38;2;1;1;1m                    [48;2;0;0;0m[38;2;0;0;0m  [48;2;1;1;3m[38;2;1;1;3m  [48;2;1;1;1m[38;2;1;1;1m  [48;2;1;1;3m[38;2;1;1;3m  [48;2;3;1;6m[38;2;3;1;6m  [48;2;1;1;3m[38;2;1;1;3m  [48;2;52;50;53m[38;2;6;4;7m▊[48;2;246;245;247m[38;2;175;173;176m▎[48;2;250;250;252m[38;2;250;250;252m      [48;2;237;237;239m[38;2;250;250;251m▊[48;2;231;231;232m[38;2;0;0;0m [48;2;196;194;197m[38;2;21;19;22m▅[48;2;1;0;2m[38;2;15;13;16m▗[48;2;1;1;1m[38;2;1;1;1m  [48;2;1;1;3m[38;2;1;1;3m  [48;2;1;1;1m[38;2;1;1;1m            [0m
[48;2;1;1;1m[38;2;1;1;1m                        [48;2;1;1;3m[38;2;1;1;3m  [48;2;3;1;6m[38;2;3;1;6m    [48;2;1;1;3m[38;2;1;1;3m  [48;2;41;36;40m[38;2;10;6;9m▊[48;2;231;226;230m[38;2;119;114;118m▂[48;2;249;249;251m[38;2;249;249;251m  [48;2;250;250;252m[38;2;250;250;252m    [38;2;235;235;237m╷[48;2;153;153;155m[38;2;244;244;245m▊[48;2;21;16;20m[38;2;154;149;153m▁[48;2;3;0;2m[38;2;14;9;13m━[48;2;1;1;1m[38;2;1;1;1m                [0m
[48;2;1;1;1m[38;2;1;1;1m                    [48;2;2;0;3m[38;2;2;0;3m  [48;2;1;1;1m[38;2;1;1;1m  [48;2;3;1;6m[38;2;3;1;6m      [48;2;2;0;3m[38;2;2;0;3m  [48;2;12;10;13m[38;2;1;0;2m┃[48;2;47;45;48m[38;2;4;3;5m▊[48;2;228;227;229m[38;2;73;71;74m▁[48;2;245;243;245m[38;2;0;0;0m [48;2;250;250;252m[38;2;250;250;252m      [48;2;146;144;147m[38;2;245;243;246m▊[48;2;1;0;2m[38;2;23;21;24m▄[48;2;1;1;3m[38;2;1;1;3m  [48;2;1;1;1m[38;2;1;1;1m              [0m
[48;2;1;1;1m[38;2;1;1;1m                  [48;2;1;1;3m[38;2;1;1;3m  [48;2;2;0;3m[38;2;2;0;3m  [48;2;1;1;3m[38;2;1;1;3m  [48;2;3;1;6m[38;2;3;1;6m    [48;2;2;0;3m[38;2;2;0;3m  [48;2;3;1;6m[38;2;3;1;6m    [48;2;52;47;51m[38;2;8;4;7m▊[48;2;236;232;235m[38;2;103;98;102m▂[48;2;249;249;251m[38;2;249;249;251m  [48;2;250;250;252m[38;2;250;250;252m    [48;2;239;235;238m[38;2;0;0;0m [48;2;44;39;43m[38;2;214;209;213m▅[48;2;4;2;7m[38;2;4;2;7m  [48;2;1;1;1m[38;2;1;1;1m              [0m
[48;2;1;1;1m[38;2;1;1;1m                  [48;2;2;0;3m[38;2;2;0;3m    [48;2;3;1;6m[38;2;3;1;6m      [48;2;1;1;3m[38;2;1;1;3m  [48;2;3;1;6m[38;2;3;1;6m    [48;2;1;0;0m[38;2;4;2;3m▂[48;2;65;63;64m[38;2;8;7;7m▊[48;2;224;222;225m[38;2;46;44;47m▁[48;2;244;242;245m[38;2;0;0;0m [48;2;250;250;252m[38;2;250;250;252m    [48;2;252;250;252m[38;2;244;242;245m┃[48;2;152;150;153m[38;2;243;242;244m▊[48;2;5;3;8m[38;2;5;3;8m  [48;2;2;0;3m[38;2;2;0;3m  [48;2;1;1;1m[38;2;1;1;1m            [0m
[48;2;4;2;10m[38;2;23;2;126m▂▂▂▂▂▂▂▂▂▂▂▂▂▂▂▂▂▂[48;2;5;3;12m[38;2;24;2;129m▂▂[48;2;4;2;10m[38;2;23;2;126m▂▂[48;2;5;3;12m[38;2;24;2;129m▂▂▂▂▂▂[48;2;4;2;10m[38;2;23;2;126m▂▂[48;2;5;3;12m[38;2;24;2;129m▂▂▂▂[48;2;5;3;11m[38;2;24;3;127m▂▂[48;2;25;23;35m[38;2;42;26;119m▂[48;2;250;248;250m[38;2;205;201;217m▎[48;2;250;250;252m[38;2;250;250;252m    [48;2;255;255;255m[38;2;247;247;249m▌[48;2;247;247;248m[38;2;206;206;208m▝[48;2;19;20;15m[38;2;193;188;204m▆[48;2;10;7;25m[38;2;60;34;184m▁[48;2;5;3;12m[38;2;24;2;129m▂▂[48;2;4;2;10m[38;2;23;2;126m▂▂▂▂▂▂▂▂▂▂▂▂[0m
[48;2;38;3;183m[38;2;38;3;183m                                    [48;2;60;29;195m[38;2;36;9;175m▆[48;2;230;222;247m[38;2;59;31;182m▆[48;2;249;249;251m[38;2;231;231;233m▌[38;2;255;255;255m▌[48;2;250;250;252m[38;2;250;250;252m  [48;2;241;241;243m[38;2;251;251;252m▅[48;2;251;251;252m[38;2;241;241;243m▃[48;2;211;203;226m[38;2;69;47;173m▂[48;2;43;11;191m[38;2;26;1;171m╵[48;2;38;3;183m[38;2;38;3;183m              [0m
[48;2;38;3;183m[38;2;38;3;183m                                    [48;2;47;11;198m[38;2;35;0;187m┃[48;2;82;51;207m[38;2;35;5;168m▊[48;2;249;249;250m[38;2;206;206;208m▎[48;2;241;241;243m[38;2;253;253;254m┃[48;2;250;250;252m[38;2;250;250;252m  [48;2;251;251;249m[38;2;242;243;237m│[48;2;153;149;176m[38;2;244;241;254m▊[48;2;38;3;183m[38;2;38;3;183m                [0m
[48;2;38;3;185m[38;2;38;3;185m                                    [48;2;39;11;170m[38;2;41;8;188m▌[48;2;59;32;185m[38;2;219;210;236m▂[48;2;249;249;251m[38;2;231;231;233m▌[38;2;255;255;255m▌[48;2;250;250;252m[38;2;250;250;252m  [48;2;242;241;245m[38;2;0;0;0m [48;2;212;209;229m[38;2;46;30;170m▂[48;2;38;3;183m[38;2;38;3;183m  [48;2;38;3;185m[38;2;38;3;185m              [0m
[48;2;38;3;185m[38;2;38;3;185m                                    [48;2;88;70;169m[38;2;38;7;188m▊[48;2;252;251;247m[38;2;204;198;224m▎[48;2;250;250;252m[38;2;250;250;252m    [48;2;161;147;209m[38;2;249;244;251m▊[48;2;40;5;196m[38;2;33;9;163m▌[48;2;38;3;185m[38;2;38;3;185m                [0m
[48;2;38;3;185m[38;2;38;3;185m                                    [48;2;95;61;160m[38;2;41;6;183m▊[48;2;230;224;228m[38;2;215;85;130m▂[48;2;237;235;235m[38;2;218;93;133m▂[48;2;248;244;244m[38;2;0;0;0m [48;2;238;237;242m[38;2;253;252;254m▊[48;2;195;194;199m[38;2;245;244;248m▊[48;2;170;156;211m[38;2;43;10;189m▆[48;2;42;8;181m[38;2;0;0;0m [48;2;38;3;185m[38;2;38;3;185m                [0m
[48;2;38;3;185m[38;2;38;3;185m                                  [48;2;35;2;180m[38;2;32;2;153m▗[48;2;43;10;172m[38;2;21;5;67m▃[48;2;48;13;128m[38;2;22;9;21m▆[48;2;201;66;90m[38;2;54;25;31m▃[48;2;203;70;99m[38;2;39;17;12m▂[48;2;230;210;202m[38;2;205;72;101m▆[48;2;239;217;209m[38;2;208;69;100m▆[48;2;219;198;189m[38;2;207;68;99m▆[48;2;39;16;65m[38;2;187;69;87m▂[48;2;39;12;81m[38;2;187;65;107m▂[48;2;36;3;165m[38;2;36;24;60m▂[48;2;36;0;185m[38;2;36;4;161m▖[48;2;38;3;185m[38;2;38;3;185m              [0m
[48;2;38;3;185m[38;2;38;3;185m                                  [48;2;36;0;189m[38;2;36;4;165m▝[48;2;36;23;64m[38;2;36;3;169m▆[48;2;8;6;11m[38;2;30;5;149m▃▃[48;2;15;5;25m[38;2;38;8;176m▂[48;2;141;50;78m[38;2;30;11;85m▆[48;2;168;49;82m[38;2;25;10;82m▆▆[48;2;145;50;60m[38;2;26;8;89m▆▆[48;2;37;16;109m[38;2;37;3;178m▆[48;2;37;1;184m[38;2;37;3;172m▘[48;2;38;3;185m[38;2;38;3;185m              [0m
[48;2;40;2;185m[38;2;40;2;185m                                                            [0m
[48;2;40;2;185m[38;2;40;2;185m                                                            [0m
