[48;2;1;1;1m[38;2;1;1;1m                                                            [0m
[48;2;1;1;1m[38;2;1;1;1m                                                            [0m
[48;2;1;1;1m[38;2;1;1;1m                                                            [0m
[48;2;1;1;1m[38;2;1;1;1m                                                            [0m
[48;2;1;1;1m[38;2;1;1;1m                            [48;2;1;1;3m[38;2;1;1;3m  [48;2;1;1;1m[38;2;1;1;1m                              [0m
[48;2;1;1;1m[38;2;1;1;1m                        [48;2;1;1;3m[38;2;1;1;3m    [48;2;3;1;6m[38;2;3;1;6m  [48;2;2;0;3m[38;2;2;0;3m  [48;2;1;1;3m[38;2;1;1;3m  [48;2;3;1;4m[38;2;3;1;4m    [48;2;15;13;16m[38;2;0;0;0m [48;2;16;14;17m[38;2;201;199;201m▄[48;2;10;9;11m[38;2;221;219;222m▄▄[48;2;3;0;2m[38;2;255;253;255m▄[48;2;35;31;34m[38;2;209;205;208m▃[48;2;2;2;2m[38;2;2;2;2m  [48;2;1;1;1m[38;2;1;1;1m              [0m
[48;2;1;1;1m[38;2;1;1;1m                        [48;2;3;1;6m[38;2;3;1;6m      [48;2;1;1;3m[38;2;1;1;3m  [48;2;3;1;6m[38;2;3;1;6m    [48;2;1;0;4m[38;2;14;12;17m▌[48;2;79;77;82m[38;2;8;6;11m▊[48;2;163;161;164m[38;2;236;234;236m▇[48;2;250;248;250m[38;2;235;233;236m╺[48;2;245;235;235m[38;2;0;0;0m [48;2;243;241;239m[38;2;209;92;127m▄[48;2;221;213;212m[38;2;178;77;107m▄[48;2;95;92;88m[38;2;17;10;8m▇[48;2;1;1;1m[38;2;1;1;1m                [0m
[48;2;1;1;1m[38;2;1;1;1m                        [48;2;1;1;3m[38;2;1;1;3m  [48;2;3;1;6m[38;2;3;1;6m  [48;2;1;1;3m[38;2;1;1;3m    [48;2;2;0;3m[38;2;2;0;3m  [48;2;3;1;6m[38;2;3;1;6m  [48;2;6;2;5m[38;2;14;9;13m▂[48;2;103;98;102m[38;2;12;8;11m▊[48;2;251;247;250m[38;2;219;213;217m▎[48;2;202;196;200m[38;2;245;239;243m▊[48;2;210;72;97m[38;2;223;85;110m▘[48;2;205;67;92m[38;2;192;54;79m▝[48;2;21;14;12m[38;2;162;53;85m▄[48;2;16;5;4m[38;2;0;0;0m [48;2;1;1;1m[38;2;1;1;1m                [0m
[48;2;1;1;1m[38;2;1;1;1m                    [48;2;2;2;4m[38;2;2;2;4m  [48;2;3;1;6m[38;2;3;1;6m    [48;2;1;1;3m[38;2;1;1;3m      [48;2;20;18;21m[38;2;0;0;0m [48;2;15;14;16m[38;2;212;210;213m▄[48;2;17;16;18m[38;2;236;234;236m▄[48;2;31;30;32m[38;2;230;228;231m▄[48;2;255;254;255m[38;2;242;240;243m▄▄[48;2;238;236;237m[38;2;246;254;252m▊[48;2;211;185;194m[38;2;251;239;244m▊[48;2;213;69;96m[38;2;213;69;96m  [48;2;107;31;44m[38;2;217;72;99m▊[48;2;10;9;11m[38;2;0;0;0m [48;2;1;1;3m[38;2;1;1;3m  [48;2;1;1;1m[38;2;1;1;1m              [0m
[48;2;1;1;1m[38;2;1;1;1m                [48;2;2;0;3m[38;2;2;0;3m  [48;2;3;1;4m[38;2;3;1;4m  [48;2;3;1;6m[38;2;3;1;6m    [48;2;1;1;3m[38;2;1;1;3m  [48;2;1;1;1m[38;2;1;1;1m    [48;2;11;9;12m[38;2;0;0;0m [48;2;32;30;33m[38;2;207;206;208m▄[48;2;243;243;245m[38;2;215;215;217m▘[48;2;244;244;246m[38;2;252;252;253m▌[48;2;250;250;252m[38;2;250;250;252m    [48;2;240;237;234m[38;2;0;0;0m [48;2;215;97;132m[38;2;243;218;223m▄[48;2;229;123;145m[38;2;211;72;105m▊[48;2;208;96;120m[38;2;239;233;223m▄[48;2;243;241;244m[38;2;0;0;0m [48;2;228;226;229m [48;2;20;18;21m[38;2;202;200;202m▄[48;2;13;11;14m[38;2;40;38;41m▁[48;2;2;0;3m[38;2;2;0;3m  [48;2;1;1;3m[38;2;1;1;3m  [48;2;1;1;1m[38;2;1;1;1m          [0m
[48;2;1;1;1m[38;2;1;1;1m            [48;2;1;1;3m[38;2;1;1;3m  [48;2;3;1;6m[38;2;3;1;6m      [48;2;1;1;3m[38;2;1;1;3m  [48;2;1;1;1m[38;2;1;1;1m      [48;2;3;1;6m[38;2;3;1;6m  [48;2;38;36;39m[38;2;6;5;7m▊[48;2;247;245;248m[38;2;161;159;162m▎[48;2;250;250;252m[38;2;250;250;252m        [48;2;249;249;251m[38;2;249;249;251m  [48;2;250;250;252m[38;2;250;250;252m  [48;2;237;235;238m[38;2;250;248;251m▊[48;2;230;228;230m[38;2;0;0;0m [48;2;25;23;26m[38;2;200;198;201m▄[48;2;9;8;10m[38;2;87;85;88m▁[48;2;1;1;1m[38;2;1;1;1m            [0m
[48;2;1;1;1m[38;2;1;1;1m            [48;2;3;1;6m[38;2;3;1;6m      [48;2;3;1;4m[38;2;3;1;4m  [48;2;1;1;3m[38;2;1;1;3m  [48;2;1;1;1m[38;2;1;1;1m    [48;2;3;1;6m[38;2;3;1;6m    [48;2;38;36;39m[38;2;6;5;7m▊[48;2;247;245;248m[38;2;161;159;162m▎[48;2;250;250;252m[38;2;250;250;252m          [48;2;245;245;247m[38;2;0;0;0m [48;2;245;245;246m[38;2;164;164;166m▁[48;2;250;250;252m[38;2;250;250;252m  [48;2;249;247;250m[38;2;249;247;250m▄[48;2;83;81;84m[38;2;246;245;247m▊[48;2;1;1;1m[38;2;1;1;1m            [0m
[48;2;1;1;1m[38;2;1;1;1m            [48;2;1;1;3m[38;2;1;1;3m  [48;2;3;1;6m[38;2;3;1;6m  [48;2;2;0;3m[38;2;2;0;3m  [48;2;1;1;1m[38;2;1;1;1m  [48;2;3;1;6m[38;2;3;1;6m      [48;2;2;0;3m[38;2;2;0;3m  [48;2;3;1;6m[38;2;3;1;6m  [48;2;30;28;31m[38;2;6;4;7m▊[48;2;228;226;228m[38;2;150;148;151m▎[48;2;249;249;251m[38;2;249;249;251m  [48;2;250;250;252m[38;2;250;250;252m      [48;2;249;249;251m[38;2;249;249;251m  [48;2;129;124;128m[38;2;224;219;223m▊[48;2;29;24;28m[38;2;0;0;0m [48;2;184;182;185m[38;2;39;37;40m┓[48;2;246;244;247m[38;2;0;0;0m [48;2;250;248;250m[38;2;250;248;250m▄[48;2;84;82;85m[38;2;247;245;248m▊[48;2;1;1;3m[38;2;1;1;3m  [48;2;1;1;1m[38;2;1;1;1m          [0m
[48;2;1;1;1m[38;2;1;1;1m              [48;2;2;0;3m[38;2;2;0;3m  [48;2;1;1;3m[38;2;1;1;3m    [48;2;3;1;6m[38;2;3;1;6m      [48;2;1;1;1m[38;2;1;1;1m  [48;2;3;1;6m[38;2;3;1;6m  [48;2;2;0;5m[38;2;9;7;12m┃[48;2;36;34;39m[38;2;1;0;4m▊[48;2;226;224;227m[38;2;114;112;115m▁[48;2;255;254;255m[38;2;251;249;252m▄[48;2;250;250;252m[38;2;250;250;252m  [48;2;245;242;243m[38;2;186;182;183m▁[48;2;251;248;249m[38;2;0;0;0m [48;2;250;250;252m[38;2;250;250;252m  [48;2;255;254;255m[38;2;254;252;255m▄[48;2;196;194;197m[38;2;0;0;0m [48;2;3;2;4m[38;2;20;18;21m▘▗[48;2;156;154;157m[38;2;39;37;40m▊[48;2;248;247;249m[38;2;231;229;232m▎[48;2;168;166;169m[38;2;242;240;243m▊[48;2;190;188;190m[38;2;26;24;27m▅[48;2;1;1;1m[38;2;1;1;1m            [0m
[48;2;1;1;1m[38;2;1;1;1m                [48;2;3;1;4m[38;2;3;1;4m  [48;2;3;1;6m[38;2;3;1;6m  [48;2;2;0;3m[38;2;2;0;3m  [48;2;3;1;6m[38;2;3;1;6m  [48;2;2;0;3m[38;2;2;0;3m  [48;2;1;1;1m[38;2;1;1;1m  [48;2;3;1;6m[38;2;3;1;6m    [48;2;3;0;2m[38;2;30;25;29m▄[48;2;214;209;213m[38;2;43;38;42m▅[48;2;249;245;248m[38;2;225;220;224m▎[48;2;225;220;224m[38;2;249;245;248m▊[48;2;210;87;113m[38;2;232;172;177m▁[48;2;237;226;215m[38;2;216;77;109m▅[48;2;236;241;242m[38;2;210;77;102m▅▅[48;2;202;200;203m[38;2;24;23;25m▅[48;2;7;5;8m[38;2;1;0;2m┗[48;2;9;7;6m[38;2;0;0;0m [48;2;103;73;81m[38;2;34;13;17m▊[48;2;245;233;233m[38;2;203;96;126m▅[48;2;220;221;216m[38;2;78;74;70m▁[48;2;191;189;190m[38;2;19;17;18m▅[48;2;10;8;9m[38;2;0;0;0m [48;2;1;1;1m[38;2;1;1;1m            [0m
[48;2;1;1;1m[38;2;1;1;1m                    [48;2;0;0;0m[38;2;0;0;0m  [48;2;1;1;3m[38;2;1;1;3m  [48;2;1;1;1m[38;2;1;1;1m  [48;2;1;1;3m[38;2;1;1;3m  [48;2;3;1;6m[38;2;3;1;6m  [48;2;1;1;3m[38;2;1;1;3m  [48;2;29;24;28m[38;2;11;7;10m▊[48;2;42;37;41m[38;2;214;210;214m▅[48;2;248;248;250m[38;2;248;248;250m  [48;2;244;243;243m[38;2;0;0;0m [48;2;200;86;122m[38;2;247;234;237m▅[48;2;204;81;101m[38;2;243;234;237m▅▅[48;2;22;21;23m[38;2;234;232;235m▅▅[48;2;50;40;44m[38;2;219;203;210m▅[48;2;200;76;97m[38;2;226;166;165m▁[48;2;153;50;80m[38;2;21;6;6m▅[48;2;8;7;3m[38;2;0;0;0m [48;2;1;1;3m[38;2;1;1;3m  [48;2;1;1;1m[38;2;1;1;1m            [0m
[48;2;1;1;1m[38;2;1;1;1m                        [48;2;1;1;3m[38;2;1;1;3m  [48;2;3;1;6m[38;2;3;1;6m    [48;2;1;1;3m[38;2;1;1;3m  [48;2;52;50;53m[38;2;6;4;7m▊[48;2;246;245;247m[38;2;175;173;176m▎[48;2;250;250;252m[38;2;250;250;252m        [48;2;249;249;250m[38;2;232;232;234m╵[48;2;238;238;239m[38;2;0;0;0m [48;2;27;26;26m[38;2;204;202;203m▅[48;2;9;7;8m[38;2;1;0;0m┏[48;2;1;1;1m[38;2;1;1;1m              [0m
[48;2;1;1;1m[38;2;1;1;1m                    [48;2;2;0;3m[38;2;2;0;3m  [48;2;1;1;1m[38;2;1;1;1m  [48;2;3;1;6m[38;2;3;1;6m      [48;2;2;0;3m[38;2;2;0;3m  [48;2;52;50;53m[38;2;6;4;7m▊[48;2;246;245;247m[38;2;175;173;176m▎[48;2;250;250;252m[38;2;250;250;252m          [48;2;235;234;236m[38;2;0;0;0m [48;2;38;36;39m[38;2;206;204;206m▅[48;2;1;1;1m[38;2;1;1;1m              [0m
[48;2;1;1;1m[38;2;1;1;1m                  [48;2;1;1;3m[38;2;1;1;3m  [48;2;2;0;3m[38;2;2;0;3m  [48;2;1;1;3m[38;2;1;1;3m  [48;2;3;1;6m[38;2;3;1;6m    [48;2;2;0;3m[38;2;2;0;3m  [48;2;3;1;6m[38;2;3;1;6m  [48;2;3;0;2m[38;2;19;14;18m▄[48;2;233;228;232m[38;2;99;94;98m▂[48;2;249;249;251m[38;2;249;249;251m  [48;2;250;250;252m[38;2;250;250;252m        [48;2;249;249;250m[38;2;232;232;234m╵[48;2;238;238;239m[38;2;0;0;0m [48;2;83;81;82m[38;2;226;224;225m┓[48;2;7;5;6m[38;2;1;0;0m┏[48;2;1;1;1m[38;2;1;1;1m            [0m
[48;2;1;1;1m[38;2;1;1;1m                  [48;2;2;0;3m[38;2;2;0;3m    [48;2;3;1;6m[38;2;3;1;6m      [48;2;1;1;3m[38;2;1;1;3m  [48;2;3;1;6m[38;2;3;1;6m  [48;2;15;13;18m[38;2;1;0;4m▊[48;2;58;56;61m[38;2;8;7;11m▊[48;2;255;255;255m[38;2;236;236;238m▌[48;2;252;252;253m[38;2;244;244;246m┃[48;2;250;250;252m[38;2;250;250;252m  [48;2;248;248;250m[38;2;248;248;250m  [48;2;246;244;246m[38;2;105;103;106m▂[48;2;255;254;255m[38;2;250;248;251m▄[48;2;250;250;252m[38;2;250;250;252m    [48;2;110;108;109m[38;2;239;237;238m▊[48;2;1;0;0m[38;2;24;22;23m▎[48;2;1;1;1m[38;2;1;1;1m            [0m
[48;2;4;2;10m[38;2;23;2;126m▂▂▂▂▂▂▂▂▂▂▂▂▂▂▂▂▂▂[48;2;5;3;12m[38;2;24;2;129m▂▂[48;2;4;2;10m[38;2;23;2;126m▂▂[48;2;5;3;12m[38;2;24;2;129m▂▂▂▂▂▂[48;2;4;2;10m[38;2;23;2;126m▂▂[48;2;5;3;12m[38;2;24;2;129m▂▂[48;2;11;6;16m[38;2;30;6;133m▂[48;2;19;14;23m[38;2;36;14;139m▂[48;2;255;255;255m[38;2;236;236;238m▌[48;2;252;252;253m[38;2;244;244;246m┃[48;2;250;250;252m[38;2;250;250;252m  [38;2;239;239;241m▎[48;2;184;184;186m[38;2;246;246;247m▊[48;2;47;42;46m[38;2;193;189;192m▂[48;2;248;244;247m[38;2;223;218;222m▎[48;2;250;250;252m[38;2;250;250;252m  [48;2;249;248;252m[38;2;233;232;237m╷[48;2;174;173;178m[38;2;244;243;246m▊[48;2;173;167;178m[38;2;18;6;62m▅[48;2;12;8;16m[38;2;33;10;135m▂[48;2;4;2;10m[38;2;23;2;126m▂▂▂▂▂▂▂▂▂▂▂▂[0m
[48;2;38;3;183m[38;2;38;3;183m                                [48;2;37;3;178m[38;2;33;0;174m▌[48;2;49;15;190m[38;2;44;10;185m▌[48;2;235;234;238m[38;2;81;63;173m▂[48;2;243;242;246m[38;2;0;0;0m [48;2;250;250;252m[38;2;250;250;252m        [48;2;177;168;207m[38;2;240;237;240m▊[48;2;213;208;229m[38;2;51;26;182m▆[48;2;38;3;185m[38;2;38;3;185m  [48;2;38;3;183m[38;2;38;3;183m            [0m
[48;2;38;3;183m[38;2;38;3;183m                                  [48;2;87;66;187m[38;2;37;7;183m▊[48;2;252;251;245m[38;2;203;193;243m▎[48;2;250;250;252m[38;2;250;250;252m      [48;2;246;245;250m[38;2;253;252;254m▅[48;2;244;243;248m[38;2;231;230;235m▗[48;2;209;201;228m[38;2;68;41;195m▂[48;2;39;11;175m[38;2;41;10;180m▄[48;2;38;3;183m[38;2;38;3;183m              [0m
[48;2;38;3;185m[38;2;38;3;185m                                  [48;2;74;47;187m[38;2;40;8;190m▊[48;2;227;220;235m[38;2;71;47;167m▂[48;2;249;249;251m[38;2;249;249;251m  [48;2;250;250;252m[38;2;250;250;252m    [48;2;250;250;251m[38;2;249;249;242m▌[48;2;154;150;177m[38;2;245;242;254m▊[48;2;38;3;183m[38;2;38;3;183m  [48;2;38;3;185m[38;2;38;3;185m              [0m
[48;2;38;3;185m[38;2;38;3;185m                                  [48;2;35;1;176m[38;2;43;9;184m┃[48;2;60;26;201m[38;2;29;0;170m▌[48;2;243;243;245m[38;2;239;239;241m▌[48;2;254;254;255m[38;2;250;250;252m▌[48;2;250;250;252m    [48;2;181;172;217m[38;2;246;243;251m▊[48;2;190;182;212m[38;2;42;18;174m▆[48;2;38;3;185m[38;2;38;3;185m                [0m
[48;2;38;3;185m[38;2;38;3;185m                                  [48;2;32;0;173m[38;2;41;7;182m▌[48;2;56;22;197m[38;2;38;4;179m▌[48;2;244;235;234m[38;2;202;67;108m▂▂[48;2;244;235;240m[38;2;213;80;105m▂▂[48;2;249;249;250m[38;2;233;233;235m▖[48;2;251;251;252m[38;2;219;219;221m▗[48;2;208;200;231m[38;2;62;34;190m▂[48;2;35;11;173m[38;2;41;11;182m▄[48;2;38;3;185m[38;2;38;3;185m                [0m
[48;2;38;3;185m[38;2;38;3;185m                                  [48;2;35;1;180m[38;2;32;2;152m▗[48;2;40;8;164m[38;2;19;8;41m▂[48;2;172;65;105m[38;2;19;10;15m▆[48;2;191;66;89m[38;2;33;7;2m▂[48;2;216;74;100m[38;2;216;74;100m  [48;2;235;212;202m[38;2;213;72;102m▆▆[48;2;67;19;149m[38;2;187;72;94m▆[48;2;45;11;76m[38;2;183;70;103m▂[48;2;36;3;165m[38;2;36;24;60m▂[48;2;36;0;185m[38;2;36;4;161m▖[48;2;38;3;185m[38;2;38;3;185m              [0m
[48;2;38;3;185m[38;2;38;3;185m                                  [48;2;36;0;189m[38;2;36;4;165m▝[48;2;36;23;64m[38;2;36;3;169m▆[48;2;9;4;24m[38;2;40;11;181m▂▂[48;2;148;48;74m[38;2;28;10;81m▆▆[48;2;168;49;82m[38;2;25;10;82m▆▆[48;2;145;50;60m[38;2;26;8;89m▆▆[48;2;37;16;109m[38;2;37;3;178m▆[48;2;37;1;184m[38;2;37;3;172m▘[48;2;38;3;185m[38;2;38;3;185m              [0m
[48;2;40;2;185m[38;2;40;2;185m                                                            [0m
[48;2;40;2;185m[38;2;40;2;185m                                                            [0m
