[48;2;1;1;1m[38;2;1;1;1m                                                            [0m
[48;2;1;1;1m[38;2;1;1;1m                                                            [0m
[48;2;1;1;1m[38;2;1;1;1m                                                            [0m
[48;2;1;1;1m[38;2;1;1;1m                                                            [0m
[48;2;1;1;1m[38;2;1;1;1m                            [48;2;1;1;3m[38;2;1;1;3m  [48;2;1;1;1m[38;2;1;1;1m                              [0m
[48;2;1;1;1m[38;2;1;1;1m                        [48;2;1;1;3m[38;2;1;1;3m    [48;2;3;1;6m[38;2;3;1;6m  [48;2;2;0;3m[38;2;2;0;3m  [48;2;1;1;3m[38;2;1;1;3m  [48;2;3;1;4m[38;2;3;1;4m  [48;2;11;9;12m[38;2;4;2;5m▚[48;2;7;5;8m[38;2;1;0;2m▌[48;2;10;9;11m[38;2;215;213;215m▄▄[48;2;12;10;13m[38;2;217;215;218m▄▄[48;2;32;30;33m[38;2;198;196;199m▃[48;2;12;10;13m[38;2;0;0;0m [48;2;1;1;1m[38;2;1;1;1m                [0m
[48;2;1;1;1m[38;2;1;1;1m                        [48;2;3;1;6m[38;2;3;1;6m      [48;2;1;1;3m[38;2;1;1;3m  [48;2;3;1;6m[38;2;3;1;6m    [48;2;65;60;64m[38;2;12;8;11m▊[48;2;237;232;236m[38;2;186;181;185m▎[48;2;245;236;235m[38;2;0;0;0m [48;2;248;239;239m[38;2;200;97;127m▄[48;2;247;237;243m[38;2;204;90;108m▄[48;2;231;221;227m[38;2;186;72;91m▄[48;2;79;77;80m[38;2;9;7;10m▇[48;2;1;0;2m[38;2;14;12;15m━[48;2;1;1;1m[38;2;1;1;1m                [0m
[48;2;1;1;1m[38;2;1;1;1m                        [48;2;1;1;3m[38;2;1;1;3m  [48;2;3;1;6m[38;2;3;1;6m  [48;2;1;1;3m[38;2;1;1;3m    [48;2;2;0;3m[38;2;2;0;3m  [48;2;3;1;6m[38;2;3;1;6m  [48;2;94;85;90m[38;2;11;2;7m▊[48;2;205;196;201m[38;2;251;245;249m┃[48;2;200;89;110m[38;2;207;61;94m▆[48;2;62;24;21m[38;2;190;73;97m▄[48;2;210;63;97m[38;2;150;54;71m▝[48;2;41;18;13m[38;2;164;61;80m▄[48;2;3;1;4m[38;2;3;1;4m  [48;2;1;1;1m[38;2;1;1;1m                [0m
[48;2;1;1;1m[38;2;1;1;1m                    [48;2;2;2;4m[38;2;2;2;4m  [48;2;3;1;6m[38;2;3;1;6m    [48;2;1;1;3m[38;2;1;1;3m      [48;2;4;2;5m[38;2;7;5;8m▗[48;2;2;1;3m[38;2;18;16;19m▃[48;2;5;3;8m[38;2;46;44;49m▁▁[48;2;97;88;93m[38;2;15;7;11m▊[48;2;202;193;198m[38;2;248;241;245m┃[48;2;211;69;95m[38;2;207;65;91m▌[48;2;223;81;107m[38;2;218;76;102m▌[48;2;220;75;104m[38;2;191;53;79m│[48;2;138;45;56m[38;2;204;75;98m▊[48;2;5;3;6m[38;2;46;44;47m▁▁[48;2;1;1;3m[38;2;1;1;3m  [48;2;1;1;1m[38;2;1;1;1m              [0m
[48;2;1;1;1m[38;2;1;1;1m                [48;2;2;0;3m[38;2;2;0;3m  [48;2;3;1;4m[38;2;3;1;4m  [48;2;3;1;6m[38;2;3;1;6m    [48;2;1;1;3m[38;2;1;1;3m  [48;2;1;1;1m[38;2;1;1;1m    [48;2;15;11;14m[38;2;74;69;73m▁[48;2;21;18;20m[38;2;216;211;215m▄[48;2;38;36;39m[38;2;233;231;234m▄[48;2;234;232;235m[38;2;0;0;0m [48;2;208;206;209m[38;2;249;247;249m▇▇[48;2;231;226;230m[38;2;248;244;248m▆▆[48;2;211;78;102m[38;2;249;242;245m▄[48;2;210;77;101m[38;2;231;223;228m▄[48;2;220;129;146m[38;2;204;83;100m▊[48;2;248;247;250m[38;2;237;205;210m▎[48;2;200;198;201m[38;2;244;242;244m▇[48;2;246;244;246m[38;2;186;184;187m▝[48;2;24;22;25m[38;2;237;235;238m▄▄[48;2;23;21;24m[38;2;197;195;198m▄[48;2;9;7;10m[38;2;65;63;66m▁[48;2;2;1;3m[38;2;18;16;19m▃[48;2;4;2;5m[38;2;7;5;8m▖[48;2;1;1;1m[38;2;1;1;1m          [0m
[48;2;1;1;1m[38;2;1;1;1m            [48;2;1;1;3m[38;2;1;1;3m  [48;2;3;1;6m[38;2;3;1;6m      [48;2;1;1;3m[38;2;1;1;3m  [48;2;1;1;1m[38;2;1;1;1m      [48;2;14;12;15m[38;2;96;94;97m▁[48;2;26;25;27m[38;2;207;205;208m▄[48;2;249;249;250m[38;2;204;204;206m▘[48;2;243;243;245m[38;2;251;251;252m▗[48;2;250;250;252m[38;2;250;250;252m        [48;2;249;249;251m[38;2;249;249;251m  [48;2;250;250;252m[38;2;250;250;252m    [48;2;248;248;250m[38;2;248;248;250m  [48;2;222;220;223m[38;2;0;0;0m [48;2;24;22;25m[38;2;184;183;185m▄[48;2;1;1;1m[38;2;1;1;1m          [0m
[48;2;1;1;1m[38;2;1;1;1m            [48;2;3;1;6m[38;2;3;1;6m      [48;2;3;1;4m[38;2;3;1;4m  [48;2;1;1;3m[38;2;1;1;3m  [48;2;1;1;1m[38;2;1;1;1m    [48;2;3;1;6m[38;2;3;1;6m  [48;2;224;222;225m[38;2;123;121;124m▎[48;2;246;245;247m[38;2;0;0;0m [48;2;247;247;249m[38;2;247;247;249m  [48;2;225;220;224m[38;2;27;22;26m▄▄[48;2;243;243;245m[38;2;239;239;241m▌[48;2;254;254;255m[38;2;250;250;252m▌[48;2;250;250;252m      [48;2;239;237;240m[38;2;251;250;252m▊[48;2;232;230;233m[38;2;0;0;0m [48;2;221;219;222m[38;2;10;9;11m▄▄[48;2;224;222;224m[38;2;52;51;53m▄[48;2;241;239;242m[38;2;158;156;159m▁[48;2;246;246;248m[38;2;0;0;0m [48;2;227;227;228m [48;2;34;32;35m[38;2;181;180;182m▄[48;2;1;0;2m[38;2;13;11;14m▄[48;2;1;1;1m[38;2;1;1;1m        [0m
[48;2;1;1;1m[38;2;1;1;1m            [48;2;1;1;3m[38;2;1;1;3m  [48;2;3;1;6m[38;2;3;1;6m  [48;2;2;0;3m[38;2;2;0;3m  [48;2;1;1;1m[38;2;1;1;1m  [48;2;3;1;6m[38;2;3;1;6m      [48;2;2;0;3m[38;2;2;0;3m  [48;2;13;8;14m[38;2;0;0;0m [48;2;205;200;205m[38;2;30;25;31m▅[48;2;228;228;224m[38;2;106;102;99m▁[48;2;240;217;222m[38;2;202;83;119m▄[48;2;60;28;26m[38;2;189;66;93m▄[48;2;49;57;68m[38;2;21;5;15m▊[48;2;255;255;255m[38;2;236;236;238m▌[48;2;252;252;253m[38;2;244;244;246m┃[48;2;250;250;252m[38;2;250;250;252m      [48;2;245;244;246m[38;2;0;0;0m [48;2;203;201;204m [48;2;5;3;8m[38;2;5;3;8m  [38;2;16;14;19m▎[48;2;26;25;29m[38;2;0;0;0m [48;2;200;198;201m[38;2;77;75;78m┓[48;2;246;245;247m[38;2;0;0;0m [48;2;80;80;82m[38;2;231;231;232m▊[48;2;0;0;2m[38;2;12;12;14m│[48;2;1;1;1m[38;2;1;1;1m        [0m
[48;2;1;1;1m[38;2;1;1;1m              [48;2;2;0;3m[38;2;2;0;3m  [48;2;1;1;3m[38;2;1;1;3m    [48;2;3;1;6m[38;2;3;1;6m      [48;2;1;1;1m[38;2;1;1;1m  [48;2;3;1;6m[38;2;3;1;6m  [48;2;11;7;6m[38;2;0;0;0m [48;2;151;54;84m[38;2;12;4;3m▄[48;2;181;69;105m[38;2;32;9;13m▅[48;2;18;11;11m[38;2;0;0;0m [48;2;228;223;227m[38;2;37;32;36m▅[48;2;255;253;255m[38;2;250;245;249m▄[48;2;250;250;252m[38;2;250;250;252m      [48;2;135;131;132m[38;2;244;241;242m▊[48;2;3;0;0m[38;2;36;32;33m▎[48;2;3;1;6m[38;2;3;1;6m  [48;2;4;2;4m[38;2;26;2;11m▃[48;2;154;144;149m[38;2;28;18;23m▊[48;2;246;241;245m[38;2;175;169;173m▁[48;2;213;208;212m[38;2;88;82;86m▁[48;2;180;179;180m[38;2;18;17;17m▅[48;2;6;4;5m[38;2;19;17;18m╺[48;2;1;1;1m[38;2;1;1;1m        [0m
[48;2;1;1;1m[38;2;1;1;1m                [48;2;3;1;4m[38;2;3;1;4m  [48;2;3;1;6m[38;2;3;1;6m  [48;2;2;0;3m[38;2;2;0;3m  [48;2;3;1;6m[38;2;3;1;6m  [48;2;2;0;3m[38;2;2;0;3m  [48;2;1;1;1m[38;2;1;1;1m  [48;2;3;1;6m[38;2;3;1;6m      [48;2;19;14;20m[38;2;0;0;0m [48;2;218;213;218m[38;2;73;68;74m▅[48;2;242;238;239m[38;2;77;73;74m▁▁[48;2;243;239;242m[38;2;79;74;78m▁▁[48;2;239;235;238m[38;2;95;90;94m▁[48;2;238;233;237m[38;2;137;132;136m▂[48;2;201;196;200m[38;2;66;62;65m▅[48;2;12;8;11m[38;2;0;0;0m [48;2;3;1;6m[38;2;3;1;6m  [48;2;110;42;57m[38;2;18;9;11m▊[48;2;204;70;92m[38;2;112;23;30m▁[48;2;47;25;20m[38;2;184;64;82m▊[48;2;0;5;5m[38;2;16;0;6m┃[48;2;1;1;1m[38;2;1;1;1m          [0m
[48;2;1;1;1m[38;2;1;1;1m                    [48;2;0;0;0m[38;2;0;0;0m  [48;2;1;1;3m[38;2;1;1;3m  [48;2;1;1;1m[38;2;1;1;1m  [48;2;1;1;3m[38;2;1;1;3m  [48;2;3;1;6m[38;2;3;1;6m  [48;2;1;1;3m[38;2;1;1;3m  [48;2;3;1;6m[38;2;3;1;6m  [48;2;33;28;32m[38;2;168;163;167m▁[48;2;243;239;242m[38;2;209;204;208m▎[48;2;37;33;36m[38;2;217;212;216m▅[48;2;25;20;24m[38;2;160;155;159m▁[48;2;3;0;4m[38;2;19;14;20m▄[48;2;28;24;29m[38;2;156;151;157m▁[48;2;27;21;23m[38;2;185;180;182m▅[48;2;45;40;41m[38;2;185;179;181m▅[48;2;133;127;131m[38;2;214;209;212m▊[48;2;24;19;22m[38;2;147;141;145m▁[48;2;1;1;3m[38;2;1;1;3m    [48;2;1;1;1m[38;2;1;1;1m            [0m
[48;2;1;1;1m[38;2;1;1;1m                        [48;2;1;1;3m[38;2;1;1;3m  [48;2;3;1;6m[38;2;3;1;6m    [48;2;1;1;3m[38;2;1;1;3m  [48;2;1;0;4m[38;2;7;5;10m│[48;2;66;64;69m[38;2;8;6;11m▊[48;2;255;255;255m[38;2;236;236;238m▌[48;2;252;252;253m[38;2;244;244;246m┃[48;2;250;250;251m[38;2;0;0;0m [48;2;249;249;250m[38;2;211;211;213m▝[48;2;55;49;53m[38;2;217;211;215m▅[48;2;200;195;199m[38;2;93;88;91m▅[48;2;44;38;40m[38;2;179;174;176m▅[48;2;31;26;27m[38;2;187;181;183m▅[48;2;62;60;63m[38;2;234;232;235m▅[48;2;233;231;233m[38;2;0;0;0m [48;2;27;26;26m[38;2;204;202;203m▅[48;2;9;7;8m[38;2;1;0;0m┏[48;2;1;1;1m[38;2;1;1;1m              [0m
[48;2;1;1;1m[38;2;1;1;1m                    [48;2;2;0;3m[38;2;2;0;3m  [48;2;1;1;1m[38;2;1;1;1m  [48;2;3;1;6m[38;2;3;1;6m      [48;2;2;0;3m[38;2;2;0;3m  [48;2;1;0;2m[38;2;6;4;7m▄[48;2;48;46;49m[38;2;219;218;220m▅[48;2;248;248;250m[38;2;248;248;250m  [48;2;250;250;252m[38;2;250;250;252m  [48;2;250;250;251m[38;2;0;0;0m [48;2;249;249;250m[38;2;211;211;213m▝[48;2;35;33;36m[38;2;237;235;238m▅[48;2;59;57;60m[38;2;239;237;240m▅[48;2;249;249;251m[38;2;249;249;251m  [48;2;131;129;132m[38;2;241;240;242m▊[48;2;1;0;2m[38;2;32;30;33m▎[48;2;1;1;1m[38;2;1;1;1m              [0m
[48;2;1;1;1m[38;2;1;1;1m                  [48;2;1;1;3m[38;2;1;1;3m  [48;2;2;0;3m[38;2;2;0;3m  [48;2;1;1;3m[38;2;1;1;3m  [48;2;3;1;6m[38;2;3;1;6m    [48;2;2;0;3m[38;2;2;0;3m  [48;2;3;1;6m[38;2;3;1;6m  [48;2;52;50;53m[38;2;6;4;7m▊[48;2;246;245;247m[38;2;175;173;176m▎[48;2;250;250;252m[38;2;250;250;252m    [48;2;242;240;243m[38;2;0;0;0m [48;2;236;234;236m[38;2;64;62;65m▁[48;2;249;249;251m[38;2;249;249;251m  [48;2;250;250;252m[38;2;250;250;252m  [48;2;237;235;238m[38;2;0;0;0m [48;2;44;42;45m[38;2;206;204;206m▅[48;2;1;1;3m[38;2;1;1;3m  [48;2;1;1;1m[38;2;1;1;1m            [0m
[48;2;1;1;1m[38;2;1;1;1m                  [48;2;2;0;3m[38;2;2;0;3m    [48;2;3;1;6m[38;2;3;1;6m      [48;2;1;1;3m[38;2;1;1;3m  [48;2;3;1;6m[38;2;3;1;6m  [48;2;52;50;53m[38;2;6;4;7m▊[48;2;246;245;247m[38;2;175;173;176m▎[48;2;250;250;252m[38;2;250;250;252m    [48;2;156;151;155m[38;2;248;244;248m▊[48;2;61;56;60m[38;2;14;10;13m┃[48;2;223;221;224m[38;2;56;54;57m▁[48;2;247;245;247m[38;2;0;0;0m [48;2;250;250;252m[38;2;250;250;252m  [48;2;252;250;252m[38;2;236;234;237m│[48;2;142;140;143m[38;2;245;243;245m▊[48;2;2;0;3m[38;2;2;0;3m  [48;2;1;1;1m[38;2;1;1;1m            [0m
[48;2;4;2;10m[38;2;23;2;126m▂▂▂▂▂▂▂▂▂▂▂▂▂▂▂▂▂▂[48;2;5;3;12m[38;2;24;2;129m▂▂[48;2;4;2;10m[38;2;23;2;126m▂▂[48;2;5;3;12m[38;2;24;2;129m▂▂▂▂▂▂[48;2;4;2;10m[38;2;23;2;126m▂▂[48;2;5;3;12m[38;2;24;2;129m▂▂[48;2;18;16;20m[38;2;28;12;126m▂[48;2;249;246;245m[38;2;179;174;190m▎[48;2;250;250;252m[38;2;250;250;252m  [48;2;248;248;250m[38;2;248;248;250m  [48;2;219;214;218m[38;2;98;74;197m▂[48;2;22;17;33m[38;2;30;1;169m▁[48;2;121;116;136m[38;2;11;7;39m▊[48;2;251;249;250m[38;2;219;215;228m▎[48;2;250;250;252m[38;2;250;250;252m  [48;2;255;254;255m[38;2;255;253;255m┃[48;2;132;130;135m[38;2;241;239;243m▊[48;2;5;3;12m[38;2;24;2;129m▂▂[48;2;4;2;10m[38;2;23;2;126m▂▂▂▂▂▂▂▂▂▂▂▂[0m
[48;2;38;3;183m[38;2;38;3;183m                                [48;2;41;11;181m[38;2;68;33;209m╶[48;2;227;218;246m[38;2;55;25;181m▆[48;2;243;243;245m[38;2;239;239;241m▌[48;2;254;254;255m[38;2;250;250;252m▌[48;2;255;254;255m[38;2;246;245;250m▌[48;2;175;174;179m[38;2;246;245;249m▊[48;2;41;6;184m[38;2;41;6;184m  [48;2;102;83;196m[38;2;37;8;177m▊[48;2;237;234;234m[38;2;94;72;195m▂[48;2;250;250;252m[38;2;250;250;252m  [48;2;255;254;255m[38;2;248;247;252m▌[48;2;237;236;240m[38;2;0;0;0m [48;2;76;50;188m[38;2;215;207;232m▅[48;2;43;11;190m[38;2;34;12;163m▖[48;2;38;3;183m[38;2;38;3;183m            [0m
[48;2;38;3;183m[38;2;38;3;183m                                [48;2;41;6;184m[38;2;41;6;184m  [48;2;255;255;255m[38;2;236;236;238m▌[48;2;252;252;253m[38;2;244;244;246m┃[48;2;250;250;251m[38;2;240;240;242m▃[48;2;241;241;243m[38;2;251;251;252m▄[48;2;56;31;183m[38;2;219;210;237m▆[48;2;39;10;178m[38;2;38;11;174m▄[48;2;36;3;170m[38;2;46;9;204m┃[48;2;148;132;195m[38;2;42;12;180m▊[48;2;249;249;251m[38;2;249;249;251m  [48;2;250;250;252m[38;2;250;250;252m  [48;2;162;148;209m[38;2;250;245;250m▊[48;2;41;6;195m[38;2;34;9;162m▌[48;2;38;3;183m[38;2;38;3;183m            [0m
[48;2;38;3;185m[38;2;38;3;185m                                [48;2;40;5;183m[38;2;40;5;183m  [48;2;228;227;231m[38;2;62;47;170m▂[48;2;245;243;249m[38;2;0;0;0m [48;2;250;250;252m[38;2;250;250;252m  [48;2;188;181;218m[38;2;246;244;245m▊[48;2;53;28;178m[38;2;213;207;229m▂[48;2;36;3;168m[38;2;46;9;202m┃[48;2;148;132;194m[38;2;42;12;178m▊[48;2;249;249;251m[38;2;249;249;251m  [48;2;250;250;252m[38;2;250;250;252m  [48;2;161;147;208m[38;2;249;244;249m▊[48;2;40;5;194m[38;2;33;9;161m▌[48;2;38;3;185m[38;2;38;3;185m            [0m
[48;2;38;3;185m[38;2;38;3;185m                                  [48;2;87;66;187m[38;2;37;7;183m▊[48;2;252;251;245m[38;2;203;193;243m▎[48;2;250;250;252m[38;2;250;250;252m  [48;2;255;254;255m[38;2;245;244;250m▌[48;2;174;173;179m[38;2;245;244;249m▊[48;2;37;5;169m[38;2;47;10;203m┃[48;2;149;137;177m[38;2;43;12;185m▊[48;2;249;249;251m[38;2;249;249;251m  [48;2;250;250;252m[38;2;250;250;252m  [48;2;161;147;208m[38;2;249;244;249m▊[48;2;40;5;194m[38;2;33;9;161m▌[48;2;38;3;185m[38;2;38;3;185m            [0m
[48;2;38;3;185m[38;2;38;3;185m                                  [48;2;42;11;185m[38;2;0;0;0m [48;2;204;195;226m[38;2;48;20;177m▆[48;2;245;235;234m[38;2;189;73;108m▂▂[48;2;225;223;224m[38;2;170;59;102m▂[48;2;185;191;222m[38;2;55;20;184m▆[48;2;46;10;194m[38;2;30;1;160m┏[48;2;105;82;192m[38;2;41;10;187m▊[48;2;232;231;233m[38;2;80;61;187m▂[48;2;244;242;249m[38;2;0;0;0m [48;2;250;249;252m [48;2;249;248;251m[38;2;211;210;215m▗[48;2;212;204;227m[38;2;82;56;192m▃[48;2;40;8;188m[38;2;43;16;163m▎[48;2;38;3;185m[38;2;38;3;185m            [0m
[48;2;38;3;185m[38;2;38;3;185m                                [48;2;35;1;183m[38;2;32;1;156m▗[48;2;40;8;167m[38;2;19;8;44m▂[48;2;41;16;143m[38;2;10;5;14m▆▆[48;2;217;73;100m[38;2;217;73;100m  [48;2;204;78;112m[38;2;209;60;88m▆[48;2;48;8;144m[38;2;86;38;49m▆[48;2;31;6;134m[38;2;12;6;16m▆▆[48;2;65;25;63m[38;2;192;71;92m▂[48;2;237;199;230m[38;2;203;78;100m▆[48;2;229;194;195m[38;2;185;64;93m▆[48;2;157;161;171m[38;2;23;22;33m▆[48;2;36;3;169m[38;2;36;23;64m▂[48;2;36;0;189m[38;2;36;4;165m▖[48;2;38;3;185m[38;2;38;3;185m            [0m
[48;2;38;3;185m[38;2;38;3;185m                                [48;2;36;1;181m[38;2;36;4;162m▝[48;2;36;21;77m[38;2;36;1;182m▆[48;2;11;3;25m[38;2;42;10;182m▂▂[48;2;148;48;74m[38;2;28;10;81m▆▆[48;2;147;46;75m[38;2;27;9;82m▆▆[48;2;11;4;24m[38;2;42;10;181m▂▂[48;2;63;25;46m[38;2;45;4;178m▂▂[48;2;133;46;68m[38;2;25;9;78m▆[48;2;17;8;42m[38;2;42;12;196m▂[48;2;37;16;109m[38;2;37;3;178m▆[48;2;37;1;184m[38;2;37;3;172m▘[48;2;38;3;185m[38;2;38;3;185m            [0m
[48;2;40;2;185m[38;2;40;2;185m                                                            [0m
[48;2;40;2;185m[38;2;40;2;185m                                                            [0m
