[48;2;1;1;1m[38;2;1;1;1m                                                            [0m
[48;2;1;1;1m[38;2;1;1;1m                                                            [0m
[48;2;1;1;1m[38;2;1;1;1m                                                            [0m
[48;2;1;1;1m[38;2;1;1;1m                                                            [0m
[48;2;1;1;1m[38;2;1;1;1m                            [48;2;1;1;3m[38;2;1;1;3m  [48;2;1;1;1m[38;2;1;1;1m        [48;2;2;1;1m[38;2;12;10;11m▃▃▃▃[48;2;2;2;2m[38;2;2;2;2m  [48;2;1;1;1m[38;2;1;1;1m                [0m
[48;2;1;1;1m[38;2;1;1;1m                        [48;2;1;1;3m[38;2;1;1;3m    [48;2;3;1;6m[38;2;3;1;6m  [48;2;2;0;3m[38;2;2;0;3m  [48;2;1;1;3m[38;2;1;1;3m  [48;2;3;1;4m[38;2;3;1;4m  [48;2;3;0;2m[38;2;18;13;17m▄[48;2;39;35;38m[38;2;209;205;209m▄[48;2;122;120;123m[38;2;245;243;245m▇▇[48;2;124;122;125m[38;2;241;239;242m▇[48;2;125;123;126m[38;2;232;230;233m▇[48;2;179;174;178m[38;2;36;31;35m▄[48;2;3;0;2m[38;2;10;5;9m▄[48;2;1;1;1m[38;2;1;1;1m                [0m
[48;2;1;1;1m[38;2;1;1;1m                        [48;2;3;1;6m[38;2;3;1;6m      [48;2;1;1;3m[38;2;1;1;3m  [48;2;3;1;6m[38;2;3;1;6m    [48;2;71;66;70m[38;2;6;2;5m▊[48;2;245;241;244m[38;2;208;203;207m▎[48;2;248;230;229m[38;2;191;78;106m▄[48;2;202;88;116m[38;2;48;20;20m▄[48;2;208;144;152m[38;2;199;61;94m▇[48;2;188;86;107m[38;2;27;15;8m▄[48;2;3;1;4m[38;2;3;1;4m  [48;2;1;1;1m[38;2;1;1;1m                [0m
[48;2;1;1;1m[38;2;1;1;1m                        [48;2;1;1;3m[38;2;1;1;3m  [48;2;3;1;6m[38;2;3;1;6m  [48;2;1;1;3m[38;2;1;1;3m    [48;2;2;0;3m[38;2;2;0;3m  [48;2;3;1;6m[38;2;3;1;6m  [48;2;93;84;89m[38;2;10;1;6m▊[48;2;204;195;200m[38;2;251;245;249m┃[48;2;209;69;95m[38;2;209;69;95m  [48;2;212;61;92m[38;2;208;76;100m▎[48;2;161;58;72m[38;2;218;76;104m▌[48;2;3;1;4m[38;2;3;1;4m  [48;2;1;1;1m[38;2;1;1;1m                [0m
[48;2;1;1;1m[38;2;1;1;1m                    [48;2;2;2;4m[38;2;2;2;4m  [48;2;3;1;6m[38;2;3;1;6m    [48;2;1;1;3m[38;2;1;1;3m      [48;2;19;18;20m[38;2;0;0;0m [48;2;14;13;15m[38;2;211;209;211m▄[48;2;18;16;19m[38;2;230;228;231m▄▄[48;2;48;40;42m[38;2;229;221;224m▄[48;2;208;199;202m[38;2;239;232;235m▊[48;2;216;74;100m[38;2;216;74;100m  [48;2;212;78;107m[38;2;0;0;0m [48;2;188;85;104m[38;2;242;220;212m▄[48;2;23;18;22m[38;2;228;224;228m▄[48;2;15;11;14m[38;2;205;201;205m▄[48;2;2;1;1m[38;2;18;16;17m▃[48;2;4;2;3m[38;2;7;5;6m▖[48;2;1;1;1m[38;2;1;1;1m              [0m
[48;2;1;1;1m[38;2;1;1;1m                [48;2;2;0;3m[38;2;2;0;3m  [48;2;3;1;4m[38;2;3;1;4m  [48;2;3;1;6m[38;2;3;1;6m    [48;2;1;1;3m[38;2;1;1;3m  [48;2;1;1;1m[38;2;1;1;1m    [48;2;3;0;2m[38;2;58;53;57m▁[48;2;32;28;31m[38;2;219;214;218m▄[48;2;226;226;228m[38;2;248;248;249m▄[48;2;250;250;252m[38;2;243;243;245m▘[38;2;250;250;252m    [48;2;240;238;236m[38;2;0;0;0m [48;2;209;101;134m[38;2;246;235;236m▄[48;2;248;248;250m[38;2;248;248;250m  [48;2;250;250;252m[38;2;250;250;252m  [48;2;243;241;244m[38;2;173;171;174m▝[48;2;31;29;32m[38;2;236;234;236m▄[48;2;19;17;20m[38;2;200;198;200m▄[48;2;8;7;9m[38;2;56;54;57m▁[48;2;1;1;3m[38;2;1;1;3m  [48;2;1;1;1m[38;2;1;1;1m          [0m
[48;2;1;1;1m[38;2;1;1;1m            [48;2;1;1;3m[38;2;1;1;3m  [48;2;3;1;6m[38;2;3;1;6m      [48;2;1;1;3m[38;2;1;1;3m  [48;2;1;1;1m[38;2;1;1;1m      [48;2;14;12;15m[38;2;96;94;97m▁[48;2;26;25;27m[38;2;207;205;208m▄[48;2;249;249;250m[38;2;204;204;206m▘[48;2;243;243;245m[38;2;251;251;252m▗[48;2;255;255;255m[38;2;240;240;242m━[48;2;244;244;246m[38;2;174;174;176m▁[48;2;250;250;252m[38;2;250;250;252m            [48;2;246;246;248m[38;2;0;0;0m [48;2;228;228;230m [48;2;27;26;28m[38;2;191;189;192m▄[48;2;1;0;2m[38;2;11;9;12m▄[48;2;1;1;1m[38;2;1;1;1m          [0m
[48;2;1;1;1m[38;2;1;1;1m            [48;2;3;1;6m[38;2;3;1;6m      [48;2;3;1;4m[38;2;3;1;4m  [48;2;1;1;3m[38;2;1;1;3m  [48;2;1;1;1m[38;2;1;1;1m    [48;2;5;3;6m[38;2;0;0;0m [48;2;9;7;10m[38;2;88;86;89m▁[48;2;243;241;243m[38;2;151;149;152m▎[48;2;255;254;255m[38;2;245;243;246m▊[48;2;238;236;239m[38;2;127;125;128m▁[48;2;223;222;224m[38;2;34;32;35m▄[48;2;231;227;230m[38;2;35;31;34m▅[48;2;57;52;56m[38;2;23;18;22m▊[48;2;255;255;255m[38;2;236;236;238m▌[48;2;252;252;253m[38;2;244;244;246m┃[48;2;250;250;252m[38;2;250;250;252m      [48;2;239;237;240m[38;2;251;250;252m▊[48;2;232;230;233m[38;2;0;0;0m [48;2;221;219;222m[38;2;10;9;11m▄▄[48;2;224;222;224m[38;2;52;51;53m▄[48;2;241;239;242m[38;2;158;156;159m▁[48;2;248;248;250m[38;2;235;235;237m▎[48;2;227;227;228m[38;2;0;0;0m [48;2;34;32;35m[38;2;181;180;182m▄[48;2;1;0;2m[38;2;13;11;14m▄[48;2;1;1;1m[38;2;1;1;1m        [0m
[48;2;1;1;1m[38;2;1;1;1m            [48;2;1;1;3m[38;2;1;1;3m  [48;2;3;1;6m[38;2;3;1;6m  [48;2;2;0;3m[38;2;2;0;3m  [48;2;1;1;1m[38;2;1;1;1m  [48;2;3;1;6m[38;2;3;1;6m      [48;2;22;20;25m[38;2;1;0;4m▊[48;2;242;241;244m[38;2;120;118;123m▎[48;2;249;247;250m[38;2;0;0;0m [48;2;239;237;240m[38;2;139;137;140m▁[48;2;7;5;6m[38;2;77;75;76m▎[48;2;1;0;0m[38;2;12;10;11m│[48;2;12;10;13m[38;2;1;0;2m┃[48;2;47;45;48m[38;2;4;3;5m▊[48;2;237;235;238m[38;2;125;123;126m▁[48;2;246;244;246m[38;2;0;0;0m [48;2;250;250;252m[38;2;250;250;252m      [48;2;232;228;231m[38;2;0;0;0m [48;2;211;206;210m[38;2;35;31;34m▅[48;2;4;2;7m[38;2;4;2;7m  [48;2;97;92;96m[38;2;13;9;12m▊[48;2;206;202;205m[38;2;39;35;38m▘[48;2;248;248;249m[38;2;234;234;236m╵[48;2;219;219;221m[38;2;0;0;0m [48;2;191;189;192m[38;2;24;23;25m▅[48;2;1;0;2m[38;2;13;11;14m▄[48;2;1;1;1m[38;2;1;1;1m        [0m
[48;2;1;1;1m[38;2;1;1;1m              [48;2;2;0;3m[38;2;2;0;3m  [48;2;1;1;3m[38;2;1;1;3m    [48;2;3;1;6m[38;2;3;1;6m      [48;2;4;5;2m[38;2;0;0;0m [48;2;204;197;196m[38;2;181;78;108m▅[48;2;238;208;215m[38;2;199;73;110m▄[48;2;9;8;4m[38;2;105;71;76m▎[48;2;2;0;3m[38;2;2;0;3m  [48;2;3;1;4m[38;2;3;1;4m  [48;2;68;63;67m[38;2;8;3;7m▊[48;2;251;246;250m[38;2;192;187;191m▎[48;2;250;250;252m[38;2;250;250;252m    [48;2;249;249;251m[38;2;249;249;251m  [48;2;113;109;110m[38;2;218;215;216m▊[48;2;8;4;5m[38;2;36;32;33m▎[48;2;6;1;5m[38;2;3;0;2m▊[48;2;16;11;15m[38;2;11;6;10m▌[48;2;64;49;48m[38;2;206;90;123m▅[48;2;240;241;237m[38;2;186;156;160m▁[48;2;222;218;221m[38;2;87;82;86m▁[48;2;183;179;182m[38;2;22;18;21m▅[48;2;1;1;1m[38;2;1;1;1m          [0m
[48;2;1;1;1m[38;2;1;1;1m                [48;2;3;1;4m[38;2;3;1;4m  [48;2;3;1;6m[38;2;3;1;6m  [48;2;2;0;3m[38;2;2;0;3m  [48;2;3;1;6m[38;2;3;1;6m  [48;2;2;0;3m[38;2;2;0;3m  [48;2;8;6;3m[38;2;0;0;0m [48;2;152;50;80m[38;2;22;8;8m▅[48;2;199;62;93m[38;2;67;38;32m▁[48;2;41;19;13m[38;2;143;52;68m▅[48;2;7;2;8m[38;2;7;2;8m  [48;2;3;1;6m[38;2;3;1;6m  [48;2;19;14;20m[38;2;0;0;0m [48;2;218;213;218m[38;2;73;68;74m▅[48;2;242;238;239m[38;2;77;73;74m▁▁[48;2;243;239;242m[38;2;79;74;78m▁▁[48;2;232;228;230m[38;2;136;130;132m▂[48;2;211;205;207m[38;2;94;88;90m▅[48;2;29;24;28m[38;2;205;200;204m▅[48;2;18;14;17m[38;2;157;152;156m▁[48;2;5;1;6m[38;2;14;9;15m▃[48;2;14;9;15m[38;2;5;1;6m▅[48;2;197;76;95m[38;2;18;8;10m▅[48;2;173;52;71m[38;2;15;6;8m▅[48;2;1;1;1m[38;2;1;1;1m            [0m
[48;2;1;1;1m[38;2;1;1;1m                    [48;2;0;0;0m[38;2;0;0;0m  [48;2;1;1;3m[38;2;1;1;3m  [48;2;1;1;1m[38;2;1;1;1m  [48;2;1;1;3m[38;2;1;1;3m  [48;2;3;1;6m[38;2;3;1;6m  [48;2;1;1;3m[38;2;1;1;3m  [48;2;4;3;7m[38;2;14;12;17m╵[48;2;35;33;38m[38;2;6;4;9m▊[48;2;40;38;41m[38;2;222;220;223m▅[48;2;235;234;236m[38;2;0;0;0m [48;2;35;31;34m[38;2;215;211;215m▅[48;2;10;6;9m[38;2;43;39;42m▎[48;2;15;11;16m[38;2;142;137;143m▁[48;2;12;8;13m[38;2;63;58;64m▗[48;2;53;51;54m[38;2;226;224;227m▅[48;2;244;242;245m[38;2;0;0;0m [48;2;252;251;253m[38;2;245;243;246m┃[48;2;153;151;154m[38;2;244;242;245m▊[48;2;15;13;16m[38;2;134;132;135m▁[48;2;1;0;2m[38;2;14;12;15m▄[48;2;1;1;3m[38;2;1;1;3m  [48;2;1;1;1m[38;2;1;1;1m            [0m
[48;2;1;1;1m[38;2;1;1;1m                        [48;2;1;1;3m[38;2;1;1;3m  [48;2;3;1;6m[38;2;3;1;6m    [48;2;1;1;3m[38;2;1;1;3m  [48;2;1;0;4m[38;2;9;7;12m┛[48;2;32;30;35m[38;2;170;168;173m▁[48;2;255;255;255m[38;2;237;237;239m▌[48;2;253;253;254m[38;2;245;245;247m┃[48;2;240;238;241m[38;2;0;0;0m [48;2;62;60;63m[38;2;217;216;218m▅[48;2;202;196;200m[38;2;50;44;48m▅[48;2;63;58;61m[38;2;211;206;210m▅[48;2;221;217;220m[38;2;80;74;78m▅[48;2;230;225;229m[38;2;88;82;86m▅[48;2;249;249;251m[38;2;249;249;251m  [48;2;121;119;120m[38;2;243;241;242m▊[48;2;1;0;0m[38;2;23;21;22m▎[48;2;1;1;1m[38;2;1;1;1m              [0m
[48;2;1;1;1m[38;2;1;1;1m                    [48;2;2;0;3m[38;2;2;0;3m  [48;2;1;1;1m[38;2;1;1;1m  [48;2;3;1;6m[38;2;3;1;6m      [48;2;2;0;3m[38;2;2;0;3m  [48;2;52;50;53m[38;2;6;4;7m▊[48;2;246;245;247m[38;2;175;173;176m▎[48;2;250;250;252m[38;2;250;250;252m  [48;2;250;250;251m[38;2;0;0;0m [48;2;249;249;250m[38;2;211;211;213m▝[48;2;64;58;62m[38;2;220;215;219m▅[48;2;184;178;182m[38;2;81;75;79m┓[48;2;249;249;251m[38;2;249;249;251m  [48;2;250;250;252m[38;2;250;250;252m  [48;2;152;147;151m[38;2;242;238;241m▊[48;2;24;19;23m[38;2;148;143;147m▁[48;2;1;1;1m[38;2;1;1;1m              [0m
[48;2;1;1;1m[38;2;1;1;1m                  [48;2;1;1;3m[38;2;1;1;3m  [48;2;2;0;3m[38;2;2;0;3m  [48;2;1;1;3m[38;2;1;1;3m  [48;2;3;1;6m[38;2;3;1;6m    [48;2;2;0;3m[38;2;2;0;3m  [48;2;3;1;6m[38;2;3;1;6m  [48;2;52;50;53m[38;2;6;4;7m▊[48;2;246;245;247m[38;2;175;173;176m▎[48;2;250;250;252m[38;2;250;250;252m          [48;2;252;250;252m[38;2;236;234;237m│[48;2;142;140;143m[38;2;245;243;245m▊[48;2;1;1;1m[38;2;1;1;1m              [0m
[48;2;1;1;1m[38;2;1;1;1m                  [48;2;2;0;3m[38;2;2;0;3m    [48;2;3;1;6m[38;2;3;1;6m      [48;2;1;1;3m[38;2;1;1;3m  [48;2;3;1;6m[38;2;3;1;6m  [48;2;45;41;44m[38;2;11;7;10m▊[48;2;227;222;226m[38;2;77;72;76m▂[48;2;249;249;251m[38;2;249;249;251m  [48;2;250;250;252m[38;2;250;250;252m  [48;2;190;185;189m[38;2;245;240;244m▊[48;2;216;212;215m[38;2;52;48;51m▅[48;2;243;243;245m[38;2;239;239;241m▌[48;2;254;254;255m[38;2;250;250;252m▌[48;2;250;250;252m  [48;2;252;250;252m[38;2;236;234;237m│[48;2;142;140;143m[38;2;245;243;245m▊[48;2;2;0;3m[38;2;2;0;3m  [48;2;1;1;1m[38;2;1;1;1m            [0m
[48;2;4;2;10m[38;2;23;2;126m▂▂▂▂▂▂▂▂▂▂▂▂▂▂▂▂▂▂[48;2;5;3;12m[38;2;24;2;129m▂▂[48;2;4;2;10m[38;2;23;2;126m▂▂[48;2;5;3;12m[38;2;24;2;129m▂▂▂▂▂▂[48;2;4;2;10m[38;2;23;2;126m▂▂[48;2;5;3;12m[38;2;24;2;129m▂▂[48;2;9;7;14m[38;2;28;7;131m▂[48;2;17;15;22m[38;2;34;16;137m▂[48;2;255;255;255m[38;2;236;236;238m▌[48;2;252;252;253m[38;2;244;244;246m┃[48;2;250;250;252m[38;2;250;250;252m  [48;2;167;161;175m[38;2;248;245;247m▊[48;2;46;39;59m[38;2;54;36;139m▁[48;2;255;255;255m[38;2;237;237;239m▌[48;2;253;253;254m[38;2;245;245;247m┃[48;2;250;250;252m[38;2;250;250;252m  [48;2;243;240;245m[38;2;0;0;0m [48;2;211;209;211m[38;2;80;60;177m▂[48;2;5;3;11m[38;2;24;3;127m▂▂[48;2;4;2;10m[38;2;23;2;126m▂▂▂▂▂▂▂▂▂▂▂▂[0m
[48;2;38;3;183m[38;2;38;3;183m                                [48;2;41;6;184m[38;2;41;6;184m  [48;2;255;255;255m[38;2;236;236;238m▌[48;2;252;252;253m[38;2;244;244;246m┃[48;2;250;250;252m[38;2;250;250;252m  [48;2;174;165;208m[38;2;243;240;240m▊[48;2;55;29;179m[38;2;22;0;180m│[48;2;226;222;236m[38;2;74;52;188m▆[48;2;251;249;245m[38;2;220;217;223m▎[48;2;250;250;252m[38;2;250;250;252m  [48;2;139;127;189m[38;2;243;241;248m▊[48;2;31;0;188m[38;2;60;37;171m▎[48;2;38;3;183m[38;2;38;3;183m              [0m
[48;2;38;3;183m[38;2;38;3;183m                                [48;2;39;4;184m[38;2;39;4;184m  [48;2;222;217;235m[38;2;60;35;181m▆[48;2;247;246;243m[38;2;216;209;242m▎[48;2;250;250;252m[38;2;250;250;252m  [48;2;187;179;219m[38;2;250;248;250m▊[48;2;45;21;172m[38;2;202;196;220m▂[48;2;127;110;202m[38;2;37;10;182m▊[48;2;254;253;246m[38;2;219;214;234m▎[48;2;250;250;252m[38;2;250;250;252m  [48;2;238;237;244m[38;2;0;0;0m [48;2;46;30;172m[38;2;212;208;229m▆[48;2;38;3;185m[38;2;38;3;185m  [48;2;38;3;183m[38;2;38;3;183m            [0m
[48;2;38;3;185m[38;2;38;3;185m                                  [48;2;37;8;173m[38;2;43;8;198m▘[48;2;213;204;233m[38;2;60;32;187m▆[48;2;248;248;250m[38;2;248;248;250m  [48;2;255;254;255m[38;2;245;244;250m▌[48;2;174;173;179m[38;2;245;244;249m▊[48;2;128;116;182m[38;2;38;13;175m▊[48;2;255;253;255m[38;2;255;251;255m▄[48;2;250;250;252m[38;2;250;250;252m  [48;2;245;246;238m[38;2;255;253;255m▎[48;2;151;143;190m[38;2;243;241;247m▊[48;2;38;3;185m[38;2;38;3;185m              [0m
[48;2;38;3;185m[38;2;38;3;185m                                  [48;2;32;0;173m[38;2;41;7;182m▌[48;2;56;22;197m[38;2;38;4;179m▌[48;2;230;230;231m[38;2;70;56;177m▂[48;2;246;244;250m[38;2;0;0;0m [48;2;255;254;255m[38;2;245;244;250m▌[48;2;174;173;179m[38;2;245;244;249m▊[48;2;128;116;182m[38;2;38;13;175m▊[48;2;255;253;255m[38;2;255;251;255m▄[48;2;250;250;252m[38;2;250;250;252m  [48;2;250;249;251m[38;2;236;237;229m│[48;2;136;128;177m[38;2;249;246;253m▊[48;2;37;2;184m[38;2;37;2;184m  [48;2;38;3;185m[38;2;38;3;185m            [0m
[48;2;38;3;185m[38;2;38;3;185m                                  [48;2;39;4;184m[38;2;39;4;184m  [48;2;60;27;171m[38;2;185;57;94m▂[48;2;235;226;232m[38;2;209;84;105m▂[48;2;237;221;225m[38;2;187;71;110m▂[48;2;188;108;147m[38;2;32;16;152m▂[48;2;42;12;180m[38;2;0;0;0m [48;2;211;200;234m[38;2;62;36;181m▆[48;2;241;232;234m[38;2;207;117;145m▂[48;2;248;244;244m[38;2;0;0;0m [48;2;172;163;205m[38;2;241;240;237m▊[48;2;188;177;226m[38;2;42;17;180m▆[48;2;38;3;185m[38;2;38;3;185m              [0m
[48;2;38;3;185m[38;2;38;3;185m                                [48;2;35;1;183m[38;2;32;1;156m▗[48;2;40;8;167m[38;2;19;8;44m▂[48;2;41;16;144m[38;2;12;7;16m▆▆[48;2;217;73;100m[38;2;217;73;100m  [48;2;204;68;106m[38;2;203;70;93m▄[48;2;36;11;132m[38;2;20;12;18m▆[48;2;36;14;139m[38;2;5;3;10m▆▆[48;2;168;83;102m[38;2;32;19;15m▆[48;2;243;187;198m[38;2;204;72;107m▆[48;2;213;170;210m[38;2;190;70;96m▆[48;2;36;24;129m[38;2;14;9;30m▆[48;2;36;3;169m[38;2;36;23;64m▂[48;2;36;0;189m[38;2;36;4;165m▖[48;2;38;3;185m[38;2;38;3;185m            [0m
[48;2;38;3;185m[38;2;38;3;185m                                [48;2;36;1;181m[38;2;36;4;162m▝[48;2;36;21;77m[38;2;36;1;182m▆[48;2;11;3;25m[38;2;42;10;182m▂▂[48;2;148;48;74m[38;2;28;10;81m▆▆[48;2;132;44;70m[38;2;23;7;80m▆[48;2;16;9;27m[38;2;40;12;179m▂[48;2;8;3;24m[38;2;39;10;180m▂▂[48;2;21;10;29m[38;2;46;13;182m▂[48;2;137;45;73m[38;2;27;7;82m▆[48;2;133;46;68m[38;2;25;9;78m▆[48;2;17;8;42m[38;2;42;12;196m▂[48;2;37;16;109m[38;2;37;3;178m▆[48;2;37;1;184m[38;2;37;3;172m▘[48;2;38;3;185m[38;2;38;3;185m            [0m
[48;2;40;2;185m[38;2;40;2;185m                                                            [0m
[48;2;40;2;185m[38;2;40;2;185m                                                            [0m
