[48;2;1;1;1m[38;2;1;1;1m                                                            [0m
[48;2;1;1;1m[38;2;1;1;1m                                                            [0m
[48;2;1;1;1m[38;2;1;1;1m                                                            [0m
[48;2;1;1;1m[38;2;1;1;1m                                                            [0m
[48;2;1;1;1m[38;2;1;1;1m                            [48;2;1;1;3m[38;2;1;1;3m  [48;2;1;1;1m[38;2;1;1;1m      [48;2;3;3;3m[38;2;3;3;3m  [48;2;0;0;0m[38;2;5;5;5m▃▃▃▃[48;2;1;1;1m[38;2;1;1;1m                  [0m
[48;2;1;1;1m[38;2;1;1;1m                        [48;2;1;1;3m[38;2;1;1;3m    [48;2;3;1;6m[38;2;3;1;6m  [48;2;2;0;3m[38;2;2;0;3m  [48;2;1;1;3m[38;2;1;1;3m  [48;2;1;0;2m[38;2;3;1;4m▖[48;2;5;3;6m[38;2;41;39;42m▗[48;2;55;50;54m[38;2;235;231;234m▃[48;2;131;126;130m[38;2;240;236;239m▇[48;2;122;122;124m[38;2;245;245;246m▇▇[48;2;141;136;140m[38;2;229;225;228m▇[48;2;188;183;187m[38;2;41;36;40m▄[48;2;3;1;4m[38;2;3;1;4m  [48;2;1;1;1m[38;2;1;1;1m                [0m
[48;2;1;1;1m[38;2;1;1;1m                        [48;2;3;1;6m[38;2;3;1;6m      [48;2;1;1;3m[38;2;1;1;3m  [48;2;3;1;6m[38;2;3;1;6m  [48;2;3;0;2m[38;2;16;11;15m▌[48;2;81;76;80m[38;2;10;6;9m▊[48;2;245;235;236m[38;2;211;214;208m▎[48;2;240;233;232m[38;2;198;89;121m▄[48;2;208;91;115m[38;2;53;17;15m▄[48;2;215;147;154m[38;2;200;67;96m▇[48;2;185;73;107m[38;2;23;23;18m▄[48;2;13;6;4m[38;2;0;0;0m [48;2;3;1;4m[38;2;3;1;4m  [48;2;1;1;1m[38;2;1;1;1m                [0m
[48;2;1;1;1m[38;2;1;1;1m                        [48;2;1;1;3m[38;2;1;1;3m  [48;2;3;1;6m[38;2;3;1;6m  [48;2;1;1;3m[38;2;1;1;3m    [48;2;4;2;5m[38;2;4;2;5m  [48;2;5;1;4m[38;2;20;15;19m▖[48;2;83;78;82m[38;2;12;7;11m▊[48;2;217;192;199m[38;2;250;253;252m┃[48;2;212;88;107m[38;2;216;65;92m┃[48;2;211;69;95m[38;2;211;69;95m  [48;2;112;38;51m[38;2;203;60;87m▊[48;2;7;8;12m[38;2;31;21;20m▎[48;2;4;2;5m[38;2;4;2;5m  [48;2;1;1;1m[38;2;1;1;1m                [0m
[48;2;1;1;1m[38;2;1;1;1m                    [48;2;2;2;4m[38;2;2;2;4m  [48;2;3;1;6m[38;2;3;1;6m    [48;2;1;1;3m[38;2;1;1;3m    [48;2;1;0;2m[38;2;3;1;4m▗[48;2;5;4;6m[38;2;24;22;25m▃[48;2;29;24;28m[38;2;216;211;215m▄[48;2;172;167;171m[38;2;238;234;238m▇[48;2;255;254;255m[38;2;243;241;244m▄▄[48;2;236;196;204m[38;2;242;246;249m▊[48;2;212;68;93m[38;2;220;118;139m▎[48;2;212;74;99m[38;2;199;61;86m▖[48;2;217;79;104m[38;2;230;92;117m▗[48;2;204;102;132m[38;2;244;233;233m▄[48;2;180;168;167m[38;2;245;237;235m▇[48;2;243;239;242m[38;2;168;163;167m▝[48;2;31;26;30m[38;2;229;224;228m▄[48;2;15;13;16m[38;2;198;196;199m▄[48;2;9;8;10m[38;2;46;44;47m▁[48;2;1;1;1m[38;2;1;1;1m              [0m
[48;2;1;1;1m[38;2;1;1;1m                [48;2;2;0;3m[38;2;2;0;3m  [48;2;3;1;4m[38;2;3;1;4m  [48;2;3;1;6m[38;2;3;1;6m    [48;2;1;1;3m[38;2;1;1;3m  [48;2;1;1;1m[38;2;1;1;1m  [48;2;4;2;3m[38;2;1;0;0m▆[48;2;5;3;4m[38;2;33;31;32m▂[48;2;29;25;28m[38;2;219;215;218m▄[48;2;233;229;233m[38;2;0;0;0m [48;2;250;250;252m[38;2;250;250;252m    [48;2;251;249;252m[38;2;0;0;0m [48;2;229;227;230m[38;2;250;248;251m▄[48;2;203;102;131m[38;2;249;241;241m▄[48;2;247;241;239m[38;2;0;0;0m [48;2;250;250;252m[38;2;250;250;252m    [48;2;235;233;236m[38;2;249;247;250m▊[48;2;228;226;229m[38;2;0;0;0m [48;2;21;17;20m[38;2;201;197;200m▄[48;2;10;6;9m[38;2;58;53;57m▁[48;2;1;1;3m[38;2;1;1;3m  [48;2;1;1;1m[38;2;1;1;1m          [0m
[48;2;1;1;1m[38;2;1;1;1m            [48;2;1;1;3m[38;2;1;1;3m  [48;2;3;1;6m[38;2;3;1;6m      [48;2;1;1;3m[38;2;1;1;3m  [48;2;1;1;1m[38;2;1;1;1m      [48;2;13;11;14m[38;2;81;79;82m▁[48;2;241;240;242m[38;2;149;147;150m▎[48;2;250;250;252m[38;2;250;250;252m  [48;2;241;240;242m[38;2;170;168;171m▁[48;2;227;225;227m[38;2;40;38;41m▄[48;2;247;247;249m[38;2;247;247;249m  [48;2;250;250;252m[38;2;250;250;252m      [48;2;249;249;251m[38;2;249;249;251m  [48;2;248;246;249m[38;2;157;155;158m▁▁[48;2;246;246;248m[38;2;0;0;0m [48;2;228;228;230m [48;2;26;24;27m[38;2;189;187;189m▄[48;2;1;0;2m[38;2;5;3;6m▄[48;2;1;1;1m[38;2;1;1;1m          [0m
[48;2;1;1;1m[38;2;1;1;1m            [48;2;3;1;6m[38;2;3;1;6m      [48;2;3;1;4m[38;2;3;1;4m  [48;2;1;1;3m[38;2;1;1;3m  [48;2;1;1;1m[38;2;1;1;1m    [48;2;5;3;6m[38;2;0;0;0m [48;2;9;7;10m[38;2;88;86;89m▁[48;2;243;241;243m[38;2;151;149;152m▎[48;2;255;254;255m[38;2;245;243;246m▊[48;2;241;239;241m[38;2;138;136;139m▁[48;2;218;216;219m[38;2;25;23;26m▄[48;2;5;4;6m[38;2;42;40;43m▎[48;2;60;58;61m[38;2;9;7;10m▊[48;2;255;255;255m[38;2;236;236;238m▌[48;2;252;252;253m[38;2;244;244;246m┃[48;2;250;250;252m[38;2;250;250;252m      [48;2;255;254;255m[38;2;250;248;251m▅[48;2;205;203;206m[38;2;0;0;0m [48;2;8;5;7m[38;2;37;32;36m▎[48;2;143;138;142m[38;2;30;25;29m▊[48;2;249;249;251m[38;2;249;249;251m  [48;2;78;73;77m[38;2;221;216;220m▊[48;2;5;1;4m[38;2;19;14;18m│[48;2;1;1;1m[38;2;1;1;1m          [0m
[48;2;1;1;1m[38;2;1;1;1m            [48;2;1;1;3m[38;2;1;1;3m  [48;2;3;1;6m[38;2;3;1;6m  [48;2;2;0;3m[38;2;2;0;3m  [48;2;1;1;1m[38;2;1;1;1m  [48;2;3;1;6m[38;2;3;1;6m      [48;2;22;20;25m[38;2;1;0;4m▊[48;2;242;241;244m[38;2;120;118;123m▎[48;2;249;247;250m[38;2;249;247;250m  [48;2;7;6;6m[38;2;78;76;77m▎[48;2;1;0;0m[38;2;13;11;12m│[48;2;12;10;13m[38;2;1;0;2m┃[48;2;47;45;48m[38;2;4;3;5m▊[48;2;237;235;238m[38;2;125;123;126m▁[48;2;246;244;246m[38;2;0;0;0m [48;2;250;250;252m[38;2;250;250;252m      [48;2;148;143;147m[38;2;247;242;246m▊[48;2;3;0;2m[38;2;25;20;24m▄[48;2;140;131;134m[38;2;19;12;13m▊[48;2;244;237;240m[38;2;165;156;159m▁[48;2;220;215;217m[38;2;0;0;0m [48;2;200;194;196m[38;2;33;27;29m▅[48;2;1;1;1m[38;2;1;1;1m            [0m
[48;2;1;1;1m[38;2;1;1;1m              [48;2;2;0;3m[38;2;2;0;3m  [48;2;1;1;3m[38;2;1;1;3m    [48;2;3;1;6m[38;2;3;1;6m      [48;2;20;15;18m[38;2;8;3;6m▊[48;2;231;226;229m[38;2;115;109;113m▎[48;2;243;241;244m[38;2;0;0;0m [48;2;229;227;230m[38;2;60;58;61m▅[48;2;1;0;2m[38;2;5;3;6m▌[48;2;9;7;10m[38;2;2;1;3m▚[48;2;3;1;4m[38;2;3;1;4m  [48;2;59;54;58m[38;2;7;3;6m▊[48;2;230;226;229m[38;2;121;116;120m▁[48;2;250;250;252m[38;2;250;250;252m    [48;2;255;254;255m[38;2;230;228;231m━[48;2;234;232;234m[38;2;147;145;148m▂[48;2;210;206;207m[38;2;59;55;56m▅[48;2;3;0;0m[38;2;8;4;5m▄[48;2;11;8;4m[38;2;72;27;38m▝[48;2;191;54;96m[38;2;24;11;11m▅[48;2;151;46;77m[38;2;27;9;11m▅[48;2;9;7;4m[38;2;0;0;0m [48;2;1;1;1m[38;2;1;1;1m            [0m
[48;2;1;1;1m[38;2;1;1;1m                [48;2;3;1;4m[38;2;3;1;4m  [48;2;3;1;6m[38;2;3;1;6m  [48;2;2;0;3m[38;2;2;0;3m  [48;2;3;1;6m[38;2;3;1;6m  [48;2;2;0;3m[38;2;2;0;3m  [48;2;0;9;0m[38;2;2;1;4m▊[48;2;217;69;95m[38;2;93;43;46m▎[48;2;229;210;210m[38;2;213;75;113m▅[48;2;33;15;14m[38;2;115;68;76m▎[48;2;4;2;7m[38;2;4;2;7m  [48;2;3;1;6m[38;2;3;1;6m  [48;2;49;44;48m[38;2;12;7;11m▊[48;2;39;34;38m[38;2;202;198;202m▅[48;2;227;222;226m[38;2;70;65;69m▅[48;2;236;233;236m[38;2;27;22;26m▅[48;2;236;232;233m[38;2;29;25;26m▅▅[48;2;200;194;196m[38;2;91;85;87m▅[48;2;64;58;60m[38;2;226;221;223m▅[48;2;134;129;133m[38;2;243;239;243m▊[48;2;3;0;2m[38;2;35;30;34m▎[48;2;3;1;6m[38;2;3;1;6m  [48;2;1;1;1m[38;2;1;1;1m              [0m
[48;2;1;1;1m[38;2;1;1;1m                    [48;2;0;0;0m[38;2;0;0;0m  [48;2;1;1;3m[38;2;1;1;3m  [48;2;1;1;1m[38;2;1;1;1m  [48;2;8;7;3m[38;2;0;0;0m [48;2;153;50;80m[38;2;21;6;6m▅[48;2;199;73;96m[38;2;19;6;11m▅▅[48;2;4;2;5m[38;2;4;2;5m  [48;2;4;3;7m[38;2;14;12;17m╵[48;2;35;33;38m[38;2;6;4;9m▊[48;2;39;37;40m[38;2;226;224;227m▅[48;2;241;240;242m[38;2;0;0;0m [48;2;166;161;165m[38;2;247;243;246m▊[48;2;29;24;28m[38;2;46;42;45m▄[48;2;35;31;34m[38;2;201;196;200m▅[48;2;85;80;84m[38;2;23;19;22m▊[48;2;255;255;255m[38;2;236;236;238m▌[48;2;252;252;253m[38;2;244;244;246m┃[48;2;237;235;237m[38;2;0;0;0m [48;2;24;22;25m[38;2;199;198;200m▅[48;2;2;2;4m[38;2;2;2;4m  [48;2;1;1;3m[38;2;1;1;3m  [48;2;1;1;1m[38;2;1;1;1m            [0m
[48;2;1;1;1m[38;2;1;1;1m                        [48;2;1;1;3m[38;2;1;1;3m  [48;2;3;1;6m[38;2;3;1;6m    [48;2;1;1;3m[38;2;1;1;3m  [48;2;15;13;18m[38;2;1;0;4m▊[48;2;58;56;61m[38;2;8;7;11m▊[48;2;255;255;255m[38;2;236;236;238m▌[48;2;252;252;253m[38;2;244;244;246m┃[48;2;240;238;241m[38;2;0;0;0m [48;2;62;60;63m[38;2;217;216;218m▅[48;2;202;196;200m[38;2;50;44;48m▅[48;2;63;58;61m[38;2;211;206;210m▅[48;2;186;182;185m[38;2;70;65;69m┓[48;2;230;226;229m[38;2;89;84;88m▁[48;2;255;254;255m[38;2;255;253;255m▌[48;2;163;161;164m[38;2;239;237;240m▊[48;2;16;14;17m[38;2;136;134;137m▁[48;2;1;0;2m[38;2;16;14;17m▄[48;2;1;1;1m[38;2;1;1;1m              [0m
[48;2;1;1;1m[38;2;1;1;1m                    [48;2;2;0;3m[38;2;2;0;3m  [48;2;1;1;1m[38;2;1;1;1m  [48;2;3;1;6m[38;2;3;1;6m      [48;2;2;0;3m[38;2;2;0;3m  [48;2;1;0;4m[38;2;6;4;9m│[48;2;65;63;68m[38;2;7;6;10m▊[48;2;255;255;255m[38;2;236;236;238m▌[48;2;252;252;253m[38;2;244;244;246m┃[48;2;255;255;255m[38;2;246;246;248m▌[48;2;175;175;177m[38;2;246;246;247m▊[48;2;52;47;51m[38;2;185;180;184m▁[48;2;249;245;249m[38;2;210;205;209m▎[48;2;238;236;239m[38;2;0;0;0m [48;2;73;71;74m[38;2;231;229;232m▅[48;2;249;249;251m[38;2;249;249;251m  [48;2;121;119;122m[38;2;243;241;244m▊[48;2;1;0;2m[38;2;23;21;24m▎[48;2;1;1;1m[38;2;1;1;1m              [0m
[48;2;1;1;1m[38;2;1;1;1m                  [48;2;1;1;3m[38;2;1;1;3m  [48;2;2;0;3m[38;2;2;0;3m  [48;2;1;1;3m[38;2;1;1;3m  [48;2;3;1;6m[38;2;3;1;6m    [48;2;2;0;3m[38;2;2;0;3m  [48;2;3;1;6m[38;2;3;1;6m  [48;2;1;0;4m[38;2;6;4;9m│[48;2;65;63;68m[38;2;7;6;10m▊[48;2;255;255;255m[38;2;236;236;238m▌[48;2;252;252;253m[38;2;244;244;246m┃[48;2;250;250;252m[38;2;250;250;252m        [48;2;121;119;122m[38;2;243;241;244m▊[48;2;1;0;2m[38;2;23;21;24m▎[48;2;1;1;3m[38;2;1;1;3m  [48;2;1;1;1m[38;2;1;1;1m            [0m
[48;2;1;1;1m[38;2;1;1;1m                  [48;2;2;0;3m[38;2;2;0;3m    [48;2;3;1;6m[38;2;3;1;6m      [48;2;1;1;3m[38;2;1;1;3m  [48;2;3;1;6m[38;2;3;1;6m  [48;2;14;12;17m[38;2;1;0;4m▊[48;2;57;55;60m[38;2;8;6;11m▊[48;2;255;255;255m[38;2;236;236;238m▌[48;2;252;252;253m[38;2;244;244;246m┃[48;2;250;250;252m[38;2;250;250;252m  [48;2;241;239;241m[38;2;0;0;0m [48;2;234;233;235m[38;2;62;60;63m▁[48;2;249;249;251m[38;2;249;249;251m  [48;2;250;250;252m[38;2;250;250;252m  [48;2;121;119;122m[38;2;243;241;244m▊[48;2;1;0;2m[38;2;23;21;24m▎[48;2;1;1;3m[38;2;1;1;3m  [48;2;1;1;1m[38;2;1;1;1m            [0m
[48;2;4;2;10m[38;2;23;2;126m▂▂▂▂▂▂▂▂▂▂▂▂▂▂▂▂▂▂[48;2;5;3;12m[38;2;24;2;129m▂▂[48;2;4;2;10m[38;2;23;2;126m▂▂[48;2;5;3;12m[38;2;24;2;129m▂▂▂▂▂▂[48;2;4;2;10m[38;2;23;2;126m▂▂[48;2;5;3;12m[38;2;24;2;129m▂▂[48;2;11;5;15m[38;2;29;5;132m▂[48;2;18;13;23m[38;2;35;14;138m▂[48;2;237;236;237m[38;2;96;81;177m▂[48;2;246;244;243m[38;2;0;0;0m [48;2;250;250;252m[38;2;250;250;252m  [48;2;161;154;169m[38;2;249;245;248m▊[48;2;49;43;53m[38;2;49;31;122m▂[48;2;255;255;255m[38;2;237;237;239m▌[48;2;253;253;254m[38;2;245;245;247m┃[48;2;250;250;252m[38;2;250;250;252m  [48;2;133;128;146m[38;2;239;237;239m▊[48;2;13;12;16m[38;2;31;11;131m▂[48;2;5;3;12m[38;2;24;2;129m▂▂[48;2;4;2;10m[38;2;23;2;126m▂▂▂▂▂▂▂▂▂▂▂▂[0m
[48;2;38;3;183m[38;2;38;3;183m                                  [48;2;86;65;186m[38;2;36;6;182m▊[48;2;251;251;245m[38;2;202;192;242m▎[48;2;250;250;252m[38;2;250;250;252m  [48;2;186;175;226m[38;2;246;243;248m▊[48;2;67;48;171m[38;2;207;201;227m▂[48;2;237;235;240m[38;2;96;81;172m▂[48;2;247;246;249m[38;2;0;0;0m [48;2;250;250;252m[38;2;250;250;252m  [48;2;139;127;189m[38;2;243;241;248m▊[48;2;31;0;188m[38;2;60;37;171m▎[48;2;38;3;183m[38;2;38;3;183m              [0m
[48;2;38;3;183m[38;2;38;3;183m                                  [48;2;76;49;187m[38;2;37;6;185m▊[48;2;234;228;241m[38;2;80;57;175m▂[48;2;249;249;251m[38;2;249;249;251m  [48;2;255;254;255m[38;2;245;244;250m▌[48;2;174;173;179m[38;2;245;244;249m▊[48;2;128;116;182m[38;2;38;13;175m▊[48;2;255;253;255m[38;2;255;251;255m▄[48;2;250;250;252m[38;2;250;250;252m  [48;2;139;127;189m[38;2;243;241;248m▊[48;2;31;0;188m[38;2;60;37;171m▎[48;2;38;3;183m[38;2;38;3;183m              [0m
[48;2;38;3;185m[38;2;38;3;185m                                  [48;2;47;11;196m[38;2;35;0;185m┃[48;2;82;51;206m[38;2;35;6;166m▊[48;2;243;243;245m[38;2;239;239;241m▌[48;2;254;254;255m[38;2;250;250;252m▌[48;2;255;254;255m[38;2;245;244;250m▌[48;2;174;173;179m[38;2;245;244;249m▊[48;2;128;116;182m[38;2;38;13;175m▊[48;2;255;253;255m[38;2;255;251;255m▄[48;2;250;250;252m[38;2;250;250;252m  [48;2;139;127;189m[38;2;243;241;248m▊[48;2;31;0;188m[38;2;60;37;171m▎[48;2;38;3;185m[38;2;38;3;185m              [0m
[48;2;38;3;185m[38;2;38;3;185m                                  [48;2;39;4;184m[38;2;39;4;184m  [48;2;208;209;240m[38;2;65;27;177m▆[48;2;237;228;228m[38;2;196;85;102m▂[48;2;242;226;228m[38;2;206;69;114m▂[48;2;207;182;192m[38;2;114;38;127m▅[48;2;53;22;189m[38;2;33;3;181m▄[48;2;216;207;235m[38;2;73;50;175m▆[48;2;249;249;251m[38;2;249;249;251m  [48;2;139;127;189m[38;2;243;241;248m▊[48;2;31;0;188m[38;2;60;37;171m▎[48;2;38;3;185m[38;2;38;3;185m              [0m
[48;2;38;3;185m[38;2;38;3;185m                                    [48;2;92;29;134m[38;2;37;3;187m▊[48;2;224;72;95m[38;2;168;54;103m▎[48;2;131;40;133m[38;2;217;71;93m▊[48;2;52;10;173m[38;2;20;0;186m┃[48;2;40;6;188m[38;2;34;6;164m▃[48;2;114;90;200m[38;2;41;9;187m▊[48;2;232;231;233m[38;2;80;61;187m▂[48;2;244;242;249m[38;2;0;0;0m [48;2;138;126;188m[38;2;243;240;247m▊[48;2;30;0;187m[38;2;59;36;170m▎[48;2;38;3;185m[38;2;38;3;185m              [0m
[48;2;38;3;185m[38;2;38;3;185m                                [48;2;38;3;183m[38;2;38;3;183m  [48;2;37;8;161m[38;2;7;1;21m▂[48;2;41;12;164m[38;2;11;5;20m▆[48;2;39;16;122m[38;2;8;3;12m▆[48;2;143;54;73m[38;2;14;4;12m▆[48;2;138;51;71m[38;2;14;4;15m▆[48;2;41;21;128m[38;2;6;4;10m▆[48;2;36;13;142m[38;2;5;3;13m▆▆[48;2;55;45;149m[38;2;29;15;24m▆[48;2;230;196;207m[38;2;213;74;97m▆[48;2;213;170;210m[38;2;190;70;96m▆[48;2;36;24;129m[38;2;14;9;30m▆[48;2;36;3;169m[38;2;36;23;64m▂[48;2;36;0;189m[38;2;36;4;165m▖[48;2;38;3;185m[38;2;38;3;185m            [0m
[48;2;38;3;185m[38;2;38;3;185m                                  [48;2;31;23;51m[38;2;32;1;171m▆[48;2;16;8;35m[38;2;36;5;173m▂[48;2;8;6;11m[38;2;30;5;149m▃▃▃▃[48;2;8;3;24m[38;2;39;10;180m▂▂[48;2;21;10;29m[38;2;46;13;182m▂[48;2;137;45;73m[38;2;27;7;82m▆[48;2;133;46;68m[38;2;25;9;78m▆[48;2;17;8;42m[38;2;42;12;196m▂[48;2;37;16;109m[38;2;37;3;178m▆[48;2;37;1;184m[38;2;37;3;172m▘[48;2;38;3;185m[38;2;38;3;185m            [0m
[48;2;40;2;185m[38;2;40;2;185m                                                            [0m
[48;2;40;2;185m[38;2;40;2;185m                                                            [0m
