[48;2;1;1;1m[38;2;1;1;1m                                                            [0m
[48;2;1;1;1m[38;2;1;1;1m                                                            [0m
[48;2;1;1;1m[38;2;1;1;1m                                                            [0m
[48;2;1;1;1m[38;2;1;1;1m                                                            [0m
[48;2;1;1;1m[38;2;1;1;1m                            [48;2;1;1;3m[38;2;1;1;3m  [48;2;1;1;1m[38;2;1;1;1m      [38;2;11;11;11m▃▃[48;2;0;0;0m[38;2;5;5;5m▃▃[48;2;2;2;2m[38;2;2;2;2m  [48;2;1;1;1m[38;2;1;1;1m                  [0m
[48;2;1;1;1m[38;2;1;1;1m                        [48;2;1;1;3m[38;2;1;1;3m    [48;2;3;1;6m[38;2;3;1;6m  [48;2;2;0;3m[38;2;2;0;3m  [48;2;1;1;3m[38;2;1;1;3m  [48;2;3;0;2m[38;2;27;22;26m╵[48;2;32;27;31m[38;2;211;206;210m▄[48;2;130;129;134m[38;2;244;243;246m▇▇[48;2;125;123;126m[38;2;242;240;243m▇[48;2;126;124;127m[38;2;233;231;233m▇[48;2;180;175;179m[38;2;37;32;36m▄[48;2;3;0;2m[38;2;11;6;10m▄[48;2;1;1;3m[38;2;1;1;3m  [48;2;1;1;1m[38;2;1;1;1m                [0m
[48;2;1;1;1m[38;2;1;1;1m                        [48;2;3;1;6m[38;2;3;1;6m      [48;2;1;1;3m[38;2;1;1;3m  [48;2;3;1;6m[38;2;3;1;6m  [48;2;70;65;69m[38;2;4;0;3m▊[48;2;245;241;244m[38;2;207;202;206m▎[48;2;241;229;223m[38;2;206;82;111m▄[48;2;192;80;105m[38;2;20;15;7m▃[48;2;208;144;150m[38;2;193;64;92m▇[48;2;195;83;105m[38;2;45;12;11m▄[48;2;2;2;4m[38;2;2;2;4m  [48;2;3;1;4m[38;2;3;1;4m  [48;2;1;1;1m[38;2;1;1;1m                [0m
[48;2;1;1;1m[38;2;1;1;1m                        [48;2;1;1;3m[38;2;1;1;3m  [48;2;3;1;6m[38;2;3;1;6m  [48;2;1;1;3m[38;2;1;1;3m    [48;2;2;0;3m[38;2;2;0;3m  [48;2;81;75;79m[38;2;4;0;2m▊[48;2;202;196;200m[38;2;252;246;250m┃[48;2;210;70;96m[38;2;210;70;96m  [48;2;219;72;100m[38;2;207;55;85m▖[48;2;176;57;76m[38;2;201;72;94m▌[48;2;2;0;3m[38;2;12;10;13m▄▄[48;2;1;1;3m[38;2;1;1;3m  [48;2;1;1;1m[38;2;1;1;1m                [0m
[48;2;1;1;1m[38;2;1;1;1m                    [48;2;2;2;4m[38;2;2;2;4m  [48;2;3;1;6m[38;2;3;1;6m    [48;2;1;1;3m[38;2;1;1;3m      [48;2;5;3;6m[38;2;33;31;34m▁[48;2;13;11;14m[38;2;60;58;61m▁[48;2;41;36;39m[38;2;222;216;220m▄[48;2;212;206;210m[38;2;237;232;236m▊[48;2;222;82;108m[38;2;202;62;88m┃┃[48;2;219;70;104m[38;2;209;110;128m▗[48;2;217;95;121m[38;2;233;224;213m▄[48;2;181;179;182m[38;2;242;241;243m▇[48;2;226;225;227m[38;2;0;0;0m [48;2;23;18;22m[38;2;231;227;231m▄[48;2;17;12;16m[38;2;204;200;203m▄[48;2;2;2;4m[38;2;2;2;4m  [48;2;1;1;1m[38;2;1;1;1m              [0m
[48;2;1;1;1m[38;2;1;1;1m                [48;2;2;0;3m[38;2;2;0;3m  [48;2;3;1;4m[38;2;3;1;4m  [48;2;3;1;6m[38;2;3;1;6m    [48;2;1;1;3m[38;2;1;1;3m  [48;2;1;1;1m[38;2;1;1;1m    [48;2;1;0;2m[38;2;11;9;12m▄[48;2;29;28;30m[38;2;210;208;211m▄[48;2;206;204;207m[38;2;243;241;244m▆[48;2;220;218;221m[38;2;248;247;249m▇[48;2;250;250;252m[38;2;250;250;252m  [48;2;239;239;235m[38;2;0;0;0m [48;2;210;103;135m[38;2;247;235;236m▄[48;2;248;248;250m[38;2;248;248;250m  [48;2;250;250;252m[38;2;250;250;252m  [48;2;238;238;240m[38;2;251;251;252m▊[48;2;231;231;233m[38;2;0;0;0m [48;2;21;17;20m[38;2;203;198;202m▄[48;2;14;10;13m[38;2;51;46;50m▁[48;2;1;1;3m[38;2;1;1;3m    [48;2;1;1;1m[38;2;1;1;1m          [0m
[48;2;1;1;1m[38;2;1;1;1m            [48;2;1;1;3m[38;2;1;1;3m  [48;2;3;1;6m[38;2;3;1;6m      [48;2;1;1;3m[38;2;1;1;3m  [48;2;1;1;1m[38;2;1;1;1m      [48;2;1;0;2m[38;2;12;10;13m━[48;2;8;6;9m[38;2;77;75;78m▁[48;2;40;38;41m[38;2;212;210;212m▄[48;2;238;236;239m[38;2;0;0;0m [48;2;255;255;255m[38;2;240;240;242m━[48;2;244;244;246m[38;2;174;174;176m▁[48;2;250;250;252m[38;2;250;250;252m          [48;2;255;254;255m[38;2;251;249;252m▄[48;2;125;123;126m[38;2;243;241;244m▊[48;2;1;1;1m[38;2;1;1;1m  [48;2;1;1;3m[38;2;1;1;3m  [48;2;1;1;1m[38;2;1;1;1m          [0m
[48;2;1;1;1m[38;2;1;1;1m            [48;2;3;1;6m[38;2;3;1;6m      [48;2;3;1;4m[38;2;3;1;4m  [48;2;1;1;3m[38;2;1;1;3m  [48;2;1;1;1m[38;2;1;1;1m    [48;2;5;3;8m[38;2;0;0;0m [48;2;9;7;12m[38;2;88;86;91m▁[48;2;39;37;40m[38;2;216;215;217m▄[48;2;233;231;233m[38;2;0;0;0m [48;2;249;249;251m [48;2;240;240;241m[38;2;139;139;141m▁[48;2;234;230;233m[38;2;48;43;47m▅[48;2;61;56;60m[38;2;19;15;18m▊[48;2;238;236;238m[38;2;137;135;138m▁[48;2;248;246;248m[38;2;0;0;0m [48;2;250;250;252m[38;2;250;250;252m    [48;2;237;203;208m[38;2;250;242;240m▊[48;2;245;227;228m[38;2;194;83;115m▄[48;2;223;227;221m[38;2;223;113;146m▄[48;2;249;245;243m[38;2;0;0;0m [48;2;231;229;231m [48;2;209;207;210m[38;2;33;32;34m▅[48;2;1;1;1m[38;2;1;1;1m              [0m
[48;2;1;1;1m[38;2;1;1;1m            [48;2;1;1;3m[38;2;1;1;3m  [48;2;3;1;6m[38;2;3;1;6m  [48;2;2;0;3m[38;2;2;0;3m  [48;2;1;1;1m[38;2;1;1;1m  [48;2;3;1;6m[38;2;3;1;6m    [48;2;7;5;10m[38;2;0;0;0m [48;2;9;8;12m[38;2;107;105;110m▁[48;2;39;38;40m[38;2;213;211;213m▄[48;2;232;230;233m[38;2;0;0;0m [48;2;245;243;245m[38;2;122;120;123m▁▁[48;2;234;233;235m[38;2;45;43;46m▅[48;2;17;15;18m[38;2;0;0;0m [48;2;1;1;3m[38;2;1;1;3m  [48;2;62;57;61m[38;2;9;4;8m▊[48;2;232;228;231m[38;2;124;119;123m▁[48;2;250;250;252m[38;2;250;250;252m    [48;2;242;239;237m[38;2;0;0;0m [48;2;204;102;132m[38;2;240;216;221m▅[48;2;243;224;226m[38;2;202;115;140m▄[48;2;192;199;192m[38;2;245;238;236m▊[48;2;201;199;200m[38;2;27;25;26m▅[48;2;4;3;3m[38;2;20;18;19m▎[48;2;1;1;1m[38;2;1;1;1m              [0m
[48;2;1;1;1m[38;2;1;1;1m              [48;2;2;0;3m[38;2;2;0;3m  [48;2;1;1;3m[38;2;1;1;3m    [48;2;3;1;6m[38;2;3;1;6m  [48;2;10;5;5m[38;2;104;32;56m▁▁[48;2;45;14;18m[38;2;189;63;100m▄[48;2;232;222;221m[38;2;164;115;126m▎[48;2;239;235;238m[38;2;116;111;115m▁[38;2;49;44;48m▅[48;2;15;14;14m[38;2;0;0;0m [48;2;3;2;2m[38;2;19;17;18m╵[48;2;2;0;3m[38;2;2;0;3m  [48;2;3;1;4m[38;2;3;1;4m  [48;2;3;0;2m[38;2;13;8;12m▄[48;2;36;31;35m[38;2;146;141;145m▁[48;2;235;233;236m[38;2;144;142;145m▁[48;2;248;246;248m[38;2;232;230;233m╺[48;2;250;250;252m[38;2;250;250;252m  [48;2;249;249;251m[38;2;249;249;251m  [48;2;229;225;228m[38;2;93;88;92m▁[48;2;215;211;214m[38;2;61;56;60m▅[48;2;3;1;4m[38;2;3;1;4m  [48;2;1;1;1m[38;2;1;1;1m              [0m
[48;2;1;1;1m[38;2;1;1;1m                [48;2;3;1;4m[38;2;3;1;4m  [48;2;3;1;6m[38;2;3;1;6m  [48;2;2;0;3m[38;2;2;0;3m  [48;2;157;59;72m[38;2;21;6;12m▅[48;2;192;68;90m[38;2;14;8;11m▅[48;2;195;62;91m[38;2;75;30;33m▁[48;2;199;66;95m[38;2;43;21;17m▅[48;2;9;5;6m[38;2;22;18;19m▘[48;2;3;0;0m[38;2;8;4;5m▂[48;2;1;1;1m[38;2;1;1;1m  [48;2;3;1;6m[38;2;3;1;6m  [48;2;1;0;4m[38;2;6;4;9m▘[48;2;7;6;10m[38;2;29;27;32m▗[48;2;39;37;40m[38;2;219;217;220m▅[48;2;234;233;235m[38;2;0;0;0m [48;2;54;50;51m[38;2;216;212;213m▅[48;2;219;215;216m[38;2;84;80;81m▅[48;2;229;226;227m[38;2;69;66;66m▅[48;2;231;227;228m[38;2;32;28;29m▅[48;2;233;230;231m[38;2;32;29;29m▅[48;2;199;196;197m[38;2;88;84;85m▅[48;2;64;59;63m[38;2;224;220;223m▅[48;2;171;166;170m[38;2;239;235;239m▊[48;2;18;13;17m[38;2;129;124;128m▁[48;2;3;0;2m[38;2;16;11;15m▄[48;2;1;1;1m[38;2;1;1;1m              [0m
[48;2;1;1;1m[38;2;1;1;1m                    [48;2;0;0;0m[38;2;0;0;0m  [48;2;1;1;3m[38;2;1;1;3m  [48;2;1;1;1m[38;2;1;1;1m    [48;2;2;0;3m[38;2;2;0;3m  [48;2;1;1;3m[38;2;1;1;3m  [48;2;15;13;18m[38;2;1;0;4m▊[48;2;58;56;61m[38;2;8;7;11m▊[48;2;255;255;255m[38;2;236;236;238m▌[48;2;252;252;253m[38;2;244;244;246m┃[48;2;250;250;252m[38;2;250;250;252m  [48;2;238;236;238m[38;2;0;0;0m [48;2;33;31;34m[38;2;210;208;211m▅[48;2;114;109;113m[38;2;20;16;19m▊[48;2;249;245;248m[38;2;209;204;208m▎[48;2;250;250;252m[38;2;250;250;252m  [48;2;121;119;120m[38;2;243;241;242m▊[48;2;1;0;0m[38;2;23;21;22m▎[48;2;1;1;3m[38;2;1;1;3m  [48;2;1;1;1m[38;2;1;1;1m            [0m
[48;2;1;1;1m[38;2;1;1;1m                        [48;2;1;1;3m[38;2;1;1;3m  [48;2;3;1;6m[38;2;3;1;6m    [48;2;1;1;3m[38;2;1;1;3m  [48;2;15;13;18m[38;2;1;0;4m▊[48;2;58;56;61m[38;2;8;7;11m▊[48;2;255;255;255m[38;2;236;236;238m▌[48;2;252;252;253m[38;2;244;244;246m┃[48;2;250;250;252m[38;2;250;250;252m  [48;2;250;250;251m[38;2;0;0;0m [48;2;249;249;250m[38;2;211;211;213m▝[48;2;59;53;57m[38;2;218;214;217m▅[48;2;216;211;215m[38;2;58;53;56m▅[48;2;248;248;250m[38;2;248;248;250m  [48;2;121;119;120m[38;2;243;241;242m▊[48;2;1;0;0m[38;2;23;21;22m▎[48;2;1;1;1m[38;2;1;1;1m              [0m
[48;2;1;1;1m[38;2;1;1;1m                    [48;2;2;0;3m[38;2;2;0;3m  [48;2;1;1;1m[38;2;1;1;1m  [48;2;3;1;6m[38;2;3;1;6m      [48;2;2;0;3m[38;2;2;0;3m  [48;2;4;2;5m[38;2;12;10;13m▂[48;2;11;9;12m[38;2;2;1;3m▅[48;2;208;203;207m[38;2;39;34;38m▅[48;2;248;244;247m[38;2;216;212;215m▎[48;2;250;250;252m[38;2;250;250;252m    [48;2;239;237;240m[38;2;0;0;0m [48;2;74;72;75m[38;2;232;230;233m▅[48;2;249;249;251m[38;2;249;249;251m  [48;2;121;119;122m[38;2;243;241;244m▊[48;2;1;0;2m[38;2;23;21;24m▎[48;2;1;1;1m[38;2;1;1;1m              [0m
[48;2;1;1;1m[38;2;1;1;1m                  [48;2;1;1;3m[38;2;1;1;3m  [48;2;2;0;3m[38;2;2;0;3m  [48;2;1;1;3m[38;2;1;1;3m  [48;2;3;1;6m[38;2;3;1;6m    [48;2;2;0;3m[38;2;2;0;3m  [48;2;3;1;6m[38;2;3;1;6m  [48;2;2;0;3m[38;2;2;0;3m  [48;2;14;12;15m[38;2;0;0;0m [48;2;206;204;207m[38;2;29;27;30m▅[48;2;248;248;250m[38;2;248;248;250m  [48;2;250;250;252m[38;2;250;250;252m    [48;2;241;241;243m[38;2;251;251;252m▅[48;2;251;251;252m[38;2;241;241;243m▃[48;2;104;99;103m[38;2;205;200;204m▊[48;2;7;3;6m[38;2;31;26;30m▎[48;2;1;1;3m[38;2;1;1;3m  [48;2;1;1;1m[38;2;1;1;1m            [0m
[48;2;1;1;1m[38;2;1;1;1m                  [48;2;2;0;3m[38;2;2;0;3m    [48;2;3;1;6m[38;2;3;1;6m      [48;2;1;1;3m[38;2;1;1;3m  [48;2;3;1;6m[38;2;3;1;6m  [48;2;2;0;3m[38;2;2;0;3m  [48;2;0;0;0m[38;2;5;5;5m▂[48;2;6;6;6m[38;2;19;19;19m▝[48;2;203;201;204m[38;2;31;29;32m▅[48;2;248;246;248m[38;2;221;219;221m▎[48;2;250;250;252m[38;2;250;250;252m    [48;2;252;251;253m[38;2;245;243;246m┃[48;2;153;151;154m[38;2;244;242;245m▊[48;2;4;2;5m[38;2;4;2;5m  [48;2;1;1;3m[38;2;1;1;3m  [48;2;1;1;1m[38;2;1;1;1m            [0m
[48;2;4;2;10m[38;2;23;2;126m▂▂▂▂▂▂▂▂▂▂▂▂▂▂▂▂▂▂[48;2;5;3;12m[38;2;24;2;129m▂▂[48;2;4;2;10m[38;2;23;2;126m▂▂[48;2;5;3;12m[38;2;24;2;129m▂▂▂▂▂▂[48;2;4;2;10m[38;2;23;2;126m▂▂[48;2;5;3;12m[38;2;24;2;129m▂▂▂▂[48;2;5;3;11m[38;2;24;3;127m▂▂[48;2;18;13;20m[38;2;26;5;125m▂[48;2;205;200;207m[38;2;40;27;80m▅[48;2;241;239;238m[38;2;204;106;137m▂[48;2;247;248;247m[38;2;215;117;148m▂[48;2;250;250;252m[38;2;250;250;252m  [48;2;255;255;255m[38;2;247;247;249m▌[48;2;247;247;248m[38;2;206;206;208m▝[48;2;20;21;14m[38;2;191;186;203m▆[48;2;12;8;26m[38;2;50;25;174m▁[48;2;5;3;12m[38;2;24;2;129m▂▂[48;2;4;2;10m[38;2;23;2;126m▂▂▂▂▂▂▂▂▂▂▂▂[0m
[48;2;38;3;183m[38;2;38;3;183m                                    [48;2;35;2;186m[38;2;35;1;171m┃[48;2;49;21;154m[38;2;44;6;205m▌[48;2;214;76;101m[38;2;214;76;101m  [48;2;236;202;214m[38;2;149;78;131m▅[48;2;246;246;243m[38;2;240;215;229m▎[48;2;250;250;252m[38;2;250;250;252m  [48;2;158;150;194m[38;2;241;239;239m▊[48;2;42;17;181m[38;2;191;179;229m▂[48;2;38;3;183m[38;2;38;3;183m              [0m
[48;2;38;3;183m[38;2;38;3;183m                                    [48;2;39;4;184m[38;2;39;4;184m  [48;2;189;70;87m[38;2;50;10;174m▆[48;2;198;70;108m[38;2;60;17;161m▂[48;2;129;69;142m[38;2;129;69;142m▄[48;2;242;237;247m[38;2;0;0;0m [48;2;250;250;252m[38;2;250;250;252m  [48;2;250;249;251m[38;2;236;237;229m│[48;2;136;128;177m[38;2;249;246;253m▊[48;2;38;3;185m[38;2;38;3;185m  [48;2;38;3;183m[38;2;38;3;183m            [0m
[48;2;38;3;185m[38;2;38;3;185m                                        [48;2;43;14;187m[38;2;0;0;0m [48;2;217;209;233m[38;2;73;49;179m▆[48;2;249;249;251m[38;2;249;249;251m  [48;2;249;248;252m[38;2;233;232;238m╵[48;2;174;173;179m[38;2;244;243;247m▊[48;2;45;15;178m[38;2;204;192;231m▂[48;2;35;6;182m[38;2;0;0;0m [48;2;38;3;185m[38;2;38;3;185m            [0m
[48;2;38;3;185m[38;2;38;3;185m                                        [48;2;38;4;181m[38;2;25;0;168m▘[48;2;43;8;186m[38;2;56;21;199m▝[48;2;212;208;227m[38;2;60;36;179m▆[48;2;247;245;243m[38;2;233;229;241m▎[48;2;250;250;252m[38;2;250;250;252m  [48;2;162;148;209m[38;2;250;245;250m▊[48;2;41;6;195m[38;2;34;9;162m▌[48;2;38;3;185m[38;2;38;3;185m            [0m
[48;2;38;3;185m[38;2;38;3;185m                                          [48;2;42;13;192m[38;2;58;44;144m▝[48;2;233;228;241m[38;2;79;60;179m▂[48;2;242;240;243m[38;2;252;250;252m▄[48;2;251;249;251m[38;2;241;239;242m▃[48;2;208;196;220m[38;2;181;85;136m▂[48;2;46;12;174m[38;2;36;3;190m┃[48;2;38;3;185m[38;2;38;3;185m            [0m
[48;2;38;3;185m[38;2;38;3;185m                                  [48;2;38;3;183m[38;2;38;3;183m  [48;2;38;8;167m[38;2;11;0;43m▃[48;2;39;12;153m[38;2;9;3;22m▆[48;2;35;12;139m[38;2;5;3;11m▆▆[48;2;31;6;134m[38;2;12;6;16m▆▆[48;2;59;22;71m[38;2;206;65;112m▂[48;2;91;52;152m[38;2;200;70;91m▆[48;2;225;216;209m[38;2;205;69;101m▆[48;2;236;195;196m[38;2;134;43;61m▆[48;2;90;28;86m[38;2;169;66;89m┛[48;2;30;7;179m[38;2;61;11;195m▗[48;2;38;3;185m[38;2;38;3;185m            [0m
[48;2;38;3;185m[38;2;38;3;185m                                  [48;2;38;3;183m[38;2;38;3;183m  [48;2;21;13;39m[38;2;33;3;170m▆[48;2;14;7;31m[38;2;42;11;178m▂[48;2;8;6;11m[38;2;30;5;149m▃▃[48;2;11;4;24m[38;2;42;10;181m▂▂[48;2;168;50;78m[38;2;25;10;83m▆▆[48;2;133;46;68m[38;2;25;9;78m▆[48;2;17;8;42m[38;2;42;12;196m▂[48;2;37;16;109m[38;2;37;3;178m▆[48;2;37;1;184m[38;2;37;3;172m▘[48;2;38;3;185m[38;2;38;3;185m            [0m
[48;2;40;2;185m[38;2;40;2;185m                                                            [0m
[48;2;40;2;185m[38;2;40;2;185m                                                            [0m
