[48;2;1;1;1m[38;2;1;1;1m                                                            [0m
[48;2;1;1;1m[38;2;1;1;1m                                                            [0m
[48;2;1;1;1m[38;2;1;1;1m                                                            [0m
[48;2;1;1;1m[38;2;1;1;1m                                                            [0m
[48;2;1;1;1m[38;2;1;1;1m                            [48;2;1;1;3m[38;2;1;1;3m  [48;2;1;1;1m[38;2;1;1;1m      [38;2;11;11;11m▃▃[48;2;0;0;0m[38;2;5;5;5m▃▃[48;2;2;2;2m[38;2;2;2;2m  [48;2;1;1;1m[38;2;1;1;1m                  [0m
[48;2;1;1;1m[38;2;1;1;1m                        [48;2;1;1;3m[38;2;1;1;3m    [48;2;3;1;6m[38;2;3;1;6m  [48;2;2;0;3m[38;2;2;0;3m  [48;2;1;1;3m[38;2;1;1;3m  [48;2;3;0;2m[38;2;27;22;26m╵[48;2;32;27;31m[38;2;211;206;210m▄[48;2;130;129;134m[38;2;244;243;246m▇▇[48;2;125;123;126m[38;2;242;240;243m▇[48;2;126;124;127m[38;2;233;231;233m▇[48;2;180;175;179m[38;2;37;32;36m▄[48;2;3;0;2m[38;2;11;6;10m▄[48;2;1;1;3m[38;2;1;1;3m  [48;2;1;1;1m[38;2;1;1;1m                [0m
[48;2;1;1;1m[38;2;1;1;1m                        [48;2;3;1;6m[38;2;3;1;6m      [48;2;1;1;3m[38;2;1;1;3m  [48;2;3;1;6m[38;2;3;1;6m  [48;2;70;65;69m[38;2;4;0;3m▊[48;2;245;241;244m[38;2;207;202;206m▎[48;2;241;229;223m[38;2;206;82;111m▄[48;2;192;80;105m[38;2;20;15;7m▃[48;2;208;144;150m[38;2;193;64;92m▇[48;2;195;83;105m[38;2;45;12;11m▄[48;2;2;2;4m[38;2;2;2;4m  [48;2;3;1;4m[38;2;3;1;4m  [48;2;1;1;1m[38;2;1;1;1m                [0m
[48;2;1;1;1m[38;2;1;1;1m                        [48;2;1;1;3m[38;2;1;1;3m  [48;2;3;1;6m[38;2;3;1;6m  [48;2;1;1;3m[38;2;1;1;3m    [48;2;2;0;3m[38;2;2;0;3m  [48;2;81;75;79m[38;2;4;0;2m▊[48;2;202;196;200m[38;2;252;246;250m┃[48;2;210;70;96m[38;2;210;70;96m  [48;2;219;72;100m[38;2;207;55;85m▖[48;2;176;57;76m[38;2;201;72;94m▌[48;2;5;3;6m[38;2;5;3;6m  [48;2;1;1;3m[38;2;1;1;3m  [48;2;1;1;1m[38;2;1;1;1m                [0m
[48;2;1;1;1m[38;2;1;1;1m                    [48;2;2;2;4m[38;2;2;2;4m  [48;2;3;1;6m[38;2;3;1;6m    [48;2;1;1;3m[38;2;1;1;3m      [48;2;2;1;3m[38;2;12;10;13m▃▃[48;2;84;78;82m[38;2;11;6;9m▊[48;2;205;199;203m[38;2;252;247;251m┃[48;2;222;82;108m[38;2;202;62;88m┃┃[48;2;219;70;104m[38;2;209;110;128m▗[48;2;217;95;121m[38;2;233;224;213m▄[48;2;159;154;158m[38;2;237;233;237m▇[48;2;30;26;29m[38;2;225;221;225m▄[48;2;15;14;16m[38;2;200;198;201m▄[48;2;15;13;16m[38;2;0;0;0m [48;2;1;1;3m[38;2;1;1;3m  [48;2;1;1;1m[38;2;1;1;1m              [0m
[48;2;1;1;1m[38;2;1;1;1m                [48;2;2;0;3m[38;2;2;0;3m  [48;2;3;1;4m[38;2;3;1;4m  [48;2;3;1;6m[38;2;3;1;6m    [48;2;1;1;3m[38;2;1;1;3m  [48;2;1;1;1m[38;2;1;1;1m    [48;2;4;2;5m[38;2;4;2;5m  [48;2;31;29;32m[38;2;221;219;221m▄[48;2;235;233;235m[38;2;0;0;0m [48;2;241;241;243m[38;2;252;252;253m▄▄[48;2;239;239;235m[38;2;0;0;0m [48;2;210;103;135m[38;2;247;235;236m▄[48;2;248;248;250m[38;2;248;248;250m  [48;2;250;250;252m[38;2;250;250;252m  [48;2;236;234;237m[38;2;251;249;252m▊[48;2;243;241;244m[38;2;180;178;181m▝[48;2;29;27;30m[38;2;195;193;196m▄[48;2;1;0;2m[38;2;8;6;9m▎[48;2;1;1;3m[38;2;1;1;3m    [48;2;1;1;1m[38;2;1;1;1m          [0m
[48;2;1;1;1m[38;2;1;1;1m            [48;2;1;1;3m[38;2;1;1;3m  [48;2;3;1;6m[38;2;3;1;6m      [48;2;1;1;3m[38;2;1;1;3m  [48;2;1;1;1m[38;2;1;1;1m      [48;2;1;1;3m[38;2;1;1;3m  [48;2;14;9;13m[38;2;84;79;83m▁[48;2;36;31;35m[38;2;224;219;223m▄[48;2;245;245;247m[38;2;224;224;226m▘[48;2;255;255;255m[38;2;251;251;253m▗[48;2;250;250;252m[38;2;250;250;252m    [48;2;248;246;248m[38;2;236;234;237m▁[48;2;252;250;252m[38;2;225;223;226m▂[48;2;250;247;248m[38;2;210;206;207m▁▁[48;2;250;250;252m[38;2;250;250;252m  [48;2;122;120;125m[38;2;244;242;246m▊[48;2;18;16;21m[38;2;1;0;4m┃[48;2;1;1;3m[38;2;1;1;3m    [48;2;1;1;1m[38;2;1;1;1m          [0m
[48;2;1;1;1m[38;2;1;1;1m            [48;2;3;1;6m[38;2;3;1;6m      [48;2;3;1;4m[38;2;3;1;4m  [48;2;1;1;3m[38;2;1;1;3m  [48;2;1;1;1m[38;2;1;1;1m    [48;2;3;1;6m[38;2;3;1;6m  [48;2;12;11;13m[38;2;105;103;106m▁[48;2;34;33;35m[38;2;215;213;216m▄[48;2;238;238;239m[38;2;0;0;0m [48;2;249;249;250m[38;2;232;232;234m╵[48;2;246;246;248m[38;2;0;0;0m [48;2;245;245;246m[38;2;146;146;148m▁▁[48;2;246;246;248m[38;2;0;0;0m [48;2;250;250;252m[38;2;250;250;252m  [48;2;246;236;236m[38;2;0;0;0m [48;2;201;96;127m[38;2;242;230;230m▄[48;2;217;73;101m[38;2;223;147;153m▁[48;2;225;141;149m[38;2;202;81;102m▊[48;2;249;249;251m[38;2;238;238;240m▎[48;2;183;183;185m[38;2;244;244;245m▊[48;2;205;204;206m[38;2;33;31;34m▅[48;2;8;6;9m[38;2;1;0;2m┗[48;2;1;1;1m[38;2;1;1;1m              [0m
[48;2;1;1;1m[38;2;1;1;1m            [48;2;1;1;3m[38;2;1;1;3m  [48;2;3;1;6m[38;2;3;1;6m  [48;2;2;0;3m[38;2;2;0;3m  [48;2;1;1;1m[38;2;1;1;1m  [48;2;3;1;6m[38;2;3;1;6m      [48;2;15;11;14m[38;2;130;125;129m▁[48;2;10;6;9m[38;2;200;195;199m▅[48;2;248;248;250m[38;2;255;255;255m│[48;2;239;239;241m[38;2;249;249;251m┃[48;2;240;239;241m[38;2;127;125;128m▁[48;2;213;212;214m[38;2;23;22;24m▄[48;2;224;223;225m[38;2;24;22;25m▅[48;2;16;14;17m[38;2;0;0;0m [48;2;62;57;61m[38;2;9;4;8m▊[48;2;232;228;231m[38;2;124;119;123m▁[48;2;250;250;252m[38;2;250;250;252m      [48;2;252;251;253m[38;2;245;243;246m┃[48;2;153;151;154m[38;2;244;242;245m▊[48;2;8;6;9m[38;2;13;11;14m▌[48;2;1;0;2m[38;2;3;1;4m▎[48;2;1;1;1m[38;2;1;1;1m              [0m
[48;2;1;1;1m[38;2;1;1;1m              [48;2;2;0;3m[38;2;2;0;3m  [48;2;1;1;3m[38;2;1;1;3m    [48;2;3;1;6m[38;2;3;1;6m  [48;2;11;6;6m[38;2;105;33;57m▁▁[48;2;15;10;11m[38;2;135;42;73m▁[48;2;82;69;73m[38;2;241;217;227m▗[48;2;231;230;232m[38;2;0;0;0m [48;2;255;254;255m[38;2;239;237;240m▎[48;2;239;235;238m[38;2;126;121;125m▁[48;2;236;232;235m[38;2;52;48;51m▅[48;2;5;3;6m[38;2;41;39;42m▘[48;2;1;0;2m[38;2;3;1;4m▝[48;2;3;1;4m  [48;2;27;23;26m[38;2;162;157;161m▁[48;2;33;29;32m[38;2;206;201;205m▅[48;2;228;223;227m[38;2;87;82;86m▅[48;2;238;234;237m[38;2;108;103;107m▁[48;2;250;250;252m[38;2;250;250;252m  [48;2;249;249;251m[38;2;249;249;251m  [48;2;229;225;228m[38;2;93;88;92m▁[48;2;215;211;214m[38;2;61;56;60m▅[48;2;3;1;4m[38;2;3;1;4m  [48;2;1;1;1m[38;2;1;1;1m              [0m
[48;2;1;1;1m[38;2;1;1;1m                [48;2;3;1;4m[38;2;3;1;4m  [48;2;3;1;6m[38;2;3;1;6m  [48;2;2;0;3m[38;2;2;0;3m  [48;2;155;59;71m[38;2;13;7;9m▅[48;2;213;66;95m[38;2;21;7;11m▅[48;2;194;61;90m[38;2;74;30;32m▁[48;2;198;65;94m[38;2;42;21;17m▅[48;2;215;210;212m[38;2;23;18;19m▅[48;2;236;231;233m[38;2;26;21;22m▅[48;2;15;14;16m[38;2;0;0;0m [48;2;3;2;4m[38;2;19;17;20m╵[48;2;3;1;6m[38;2;3;1;6m  [48;2;28;24;27m[38;2;11;6;10m▊[48;2;41;36;40m[38;2;214;209;213m▅[48;2;248;248;250m[38;2;248;248;250m  [48;2;238;236;238m[38;2;0;0;0m [48;2;58;56;59m[38;2;215;213;216m▅[48;2;223;220;221m[38;2;72;69;69m▅[48;2;234;231;232m[38;2;29;25;26m▅[48;2;233;230;231m[38;2;32;29;29m▅[48;2;199;196;197m[38;2;88;84;85m▅[48;2;58;56;59m[38;2;231;230;232m▅[48;2;232;230;233m[38;2;0;0;0m [48;2;75;74;76m[38;2;213;211;214m┓[48;2;9;7;10m[38;2;34;32;35m╸[48;2;1;1;1m[38;2;1;1;1m              [0m
[48;2;1;1;1m[38;2;1;1;1m                    [48;2;0;0;0m[38;2;0;0;0m  [48;2;1;1;3m[38;2;1;1;3m  [48;2;1;1;1m[38;2;1;1;1m    [48;2;2;0;3m[38;2;2;0;3m  [48;2;1;1;3m[38;2;1;1;3m  [48;2;43;38;42m[38;2;10;6;9m▊[48;2;220;215;219m[38;2;88;83;87m▁[48;2;249;249;251m[38;2;249;249;251m  [48;2;250;250;252m[38;2;250;250;252m  [48;2;238;236;238m[38;2;0;0;0m [48;2;35;33;36m[38;2;213;211;214m▅[48;2;46;41;45m[38;2;169;164;168m▁[48;2;230;226;230m[38;2;108;103;107m▁[48;2;250;250;252m[38;2;250;250;252m  [48;2;236;235;237m[38;2;0;0;0m [48;2;27;25;28m[38;2;196;194;197m▅[48;2;1;1;3m[38;2;1;1;3m  [48;2;1;1;1m[38;2;1;1;1m            [0m
[48;2;1;1;1m[38;2;1;1;1m                        [48;2;1;1;3m[38;2;1;1;3m  [48;2;3;1;6m[38;2;3;1;6m    [48;2;1;1;3m[38;2;1;1;3m  [48;2;12;10;15m[38;2;1;0;4m┃[48;2;47;45;50m[38;2;4;3;7m▊[48;2;229;227;229m[38;2;92;90;93m▁[48;2;245;243;245m[38;2;0;0;0m [48;2;250;250;252m[38;2;250;250;252m    [48;2;147;141;145m[38;2;248;243;247m▊[48;2;92;86;90m[38;2;29;24;27m▊[48;2;244;242;245m[38;2;240;238;241m▌[48;2;255;253;255m[38;2;251;249;252m▌[48;2;246;244;247m[38;2;246;244;247m▄[48;2;136;134;137m[38;2;249;247;250m▊[48;2;1;1;1m[38;2;1;1;1m              [0m
[48;2;1;1;1m[38;2;1;1;1m                    [48;2;2;0;3m[38;2;2;0;3m  [48;2;1;1;1m[38;2;1;1;1m  [48;2;3;1;6m[38;2;3;1;6m      [48;2;2;0;3m[38;2;2;0;3m  [48;2;1;1;3m[38;2;1;1;3m  [48;2;55;50;54m[38;2;10;6;9m▊[48;2;237;233;236m[38;2;113;108;112m▂[48;2;249;249;251m[38;2;249;249;251m  [48;2;250;250;252m[38;2;250;250;252m  [48;2;239;237;240m[38;2;0;0;0m [48;2;74;72;75m[38;2;232;230;233m▅[48;2;249;249;251m[38;2;249;249;251m  [48;2;245;243;246m[38;2;0;0;0m [48;2;209;207;210m[38;2;92;90;93m▂[48;2;1;1;1m[38;2;1;1;1m              [0m
[48;2;1;1;1m[38;2;1;1;1m                  [48;2;1;1;3m[38;2;1;1;3m  [48;2;2;0;3m[38;2;2;0;3m  [48;2;1;1;3m[38;2;1;1;3m  [48;2;3;1;6m[38;2;3;1;6m    [48;2;2;0;3m[38;2;2;0;3m  [48;2;3;1;6m[38;2;3;1;6m  [48;2;2;0;3m[38;2;2;0;3m  [48;2;1;0;2m[38;2;6;4;7m│[48;2;65;63;66m[38;2;7;6;8m▊[48;2;229;227;230m[38;2;55;53;56m▁[48;2;243;242;244m[38;2;0;0;0m [48;2;250;250;252m[38;2;250;250;252m      [48;2;121;119;122m[38;2;243;241;244m▊[48;2;1;0;2m[38;2;23;21;24m▎[48;2;1;1;3m[38;2;1;1;3m  [48;2;1;1;1m[38;2;1;1;1m            [0m
[48;2;1;1;1m[38;2;1;1;1m                  [48;2;2;0;3m[38;2;2;0;3m    [48;2;3;1;6m[38;2;3;1;6m      [48;2;1;1;3m[38;2;1;1;3m  [48;2;3;1;6m[38;2;3;1;6m  [48;2;2;0;3m[38;2;2;0;3m  [48;2;1;1;1m[38;2;1;1;1m  [48;2;79;77;80m[38;2;8;6;9m▊[48;2;248;247;249m[38;2;202;200;203m▎[48;2;250;250;252m[38;2;250;250;252m      [48;2;121;119;122m[38;2;243;241;244m▊[48;2;1;0;2m[38;2;23;21;24m▎[48;2;1;1;3m[38;2;1;1;3m  [48;2;1;1;1m[38;2;1;1;1m            [0m
[48;2;4;2;10m[38;2;23;2;126m▂▂▂▂▂▂▂▂▂▂▂▂▂▂▂▂▂▂[48;2;5;3;12m[38;2;24;2;129m▂▂[48;2;4;2;10m[38;2;23;2;126m▂▂[48;2;5;3;12m[38;2;24;2;129m▂▂▂▂▂▂[48;2;4;2;10m[38;2;23;2;126m▂▂[48;2;5;3;12m[38;2;24;2;129m▂▂▂▂[48;2;5;3;11m[38;2;24;3;127m▂▂[48;2;17;11;25m[38;2;60;32;173m▁[48;2;235;214;234m[38;2;78;49;54m▆[48;2;243;222;223m[38;2;203;84;116m▅[48;2;248;235;233m[38;2;200;107;130m▂[48;2;244;243;243m[38;2;122;108;194m▂[48;2;245;245;245m[38;2;0;0;0m [48;2;250;250;252m[38;2;250;250;252m  [48;2;236;234;237m[38;2;255;254;255m▚[48;2;45;44;46m[38;2;209;207;210m▅[48;2;5;3;12m[38;2;24;2;129m▂▂[48;2;4;2;10m[38;2;23;2;126m▂▂▂▂▂▂▂▂▂▂▂▂[0m
[48;2;38;3;183m[38;2;38;3;183m                                    [48;2;93;30;134m[38;2;38;4;186m▊[48;2;225;73;94m[38;2;169;56;102m▎[48;2;210;63;102m[38;2;163;64;90m▗[48;2;144;46;120m[38;2;48;11;181m▅[48;2;39;13;179m[38;2;0;0;0m [48;2;240;233;250m[38;2;81;56;181m▆[48;2;249;249;251m[38;2;249;249;251m  [48;2;253;252;254m[38;2;241;240;247m▌[48;2;173;172;180m[38;2;243;242;247m▊[48;2;55;27;189m[38;2;206;195;234m▁[48;2;41;8;181m[38;2;0;0;0m [48;2;38;3;183m[38;2;38;3;183m            [0m
[48;2;38;3;183m[38;2;38;3;183m                                    [48;2;44;5;177m[38;2;0;0;0m [48;2;179;61;112m[38;2;50;13;176m▆[48;2;164;61;126m[38;2;50;10;172m▆[48;2;34;0;181m[38;2;57;10;170m▘[48;2;34;4;168m[38;2;52;15;208m▘[48;2;115;91;199m[38;2;42;10;186m▊[48;2;237;237;236m[38;2;87;68;192m▂[48;2;246;245;249m[38;2;0;0;0m [48;2;250;250;252m[38;2;250;250;252m  [48;2;161;147;208m[38;2;249;244;249m▊[48;2;40;5;194m[38;2;33;9;161m▌[48;2;38;3;183m[38;2;38;3;183m            [0m
[48;2;38;3;185m[38;2;38;3;185m                                          [48;2;113;96;192m[38;2;36;5;185m▊[48;2;250;249;243m[38;2;229;224;247m▎[48;2;250;250;252m[38;2;250;250;252m  [48;2;243;241;246m[38;2;0;0;0m [48;2;56;38;168m[38;2;201;196;225m▆[48;2;38;3;185m[38;2;38;3;185m            [0m
[48;2;38;3;185m[38;2;38;3;185m                                          [48;2;41;11;187m[38;2;0;0;0m [48;2;216;207;228m[38;2;71;49;179m▆[48;2;250;250;252m[38;2;250;250;252m  [48;2;253;253;251m[38;2;238;235;254m│[48;2;124;112;184m[38;2;242;242;240m▊[48;2;37;2;184m[38;2;37;2;184m  [48;2;38;3;185m[38;2;38;3;185m          [0m
[48;2;38;3;185m[38;2;38;3;185m                                          [48;2;35;2;178m[38;2;46;11;189m▄[48;2;46;11;189m[38;2;35;2;178m▄[48;2;214;208;226m[38;2;72;47;188m▆[48;2;240;236;237m[38;2;0;0;0m [48;2;224;217;223m[38;2;174;81;124m▂[48;2;177;167;211m[38;2;41;15;181m▆[48;2;38;3;185m[38;2;38;3;185m            [0m
[48;2;38;3;185m[38;2;38;3;185m                                    [48;2;35;1;180m[38;2;32;2;152m▗[48;2;40;8;164m[38;2;19;8;41m▂[48;2;36;13;140m[38;2;5;3;12m▆▆[48;2;31;6;134m[38;2;12;6;16m▆▆[48;2;54;15;72m[38;2;203;64;96m▂[48;2;75;34;154m[38;2;206;76;94m▆[48;2;85;46;135m[38;2;215;74;101m▆[48;2;220;196;187m[38;2;207;67;94m▆[48;2;86;30;86m[38;2;175;63;89m┛[48;2;38;8;183m[38;2;0;0;0m [48;2;38;3;185m[38;2;38;3;185m            [0m
[48;2;38;3;185m[38;2;38;3;185m                                    [48;2;37;0;190m[38;2;37;5;166m▝[48;2;37;24;65m[38;2;37;4;170m▆[48;2;8;6;11m[38;2;30;5;149m▃▃[48;2;11;4;24m[38;2;42;10;181m▂▂[48;2;168;50;78m[38;2;25;10;83m▆▆[48;2;146;51;60m[38;2;27;10;80m▆[48;2;146;48;80m[38;2;27;6;100m▆[48;2;37;16;109m[38;2;37;3;178m▆[48;2;37;1;184m[38;2;37;3;172m▘[48;2;38;3;185m[38;2;38;3;185m            [0m
[48;2;40;2;185m[38;2;40;2;185m                                                            [0m
[48;2;40;2;185m[38;2;40;2;185m                                                            [0m
