[48;2;1;1;1m[38;2;1;1;1m                                                            [0m
[48;2;1;1;1m[38;2;1;1;1m                                                            [0m
[48;2;1;1;1m[38;2;1;1;1m                                                            [0m
[48;2;1;1;1m[38;2;1;1;1m                                                            [0m
[48;2;1;1;1m[38;2;1;1;1m                            [48;2;1;1;3m[38;2;1;1;3m  [48;2;1;1;1m[38;2;1;1;1m      [38;2;11;11;11m▃▃[48;2;0;0;0m[38;2;5;5;5m▃▃[48;2;2;2;2m[38;2;2;2;2m  [48;2;1;1;1m[38;2;1;1;1m                  [0m
[48;2;1;1;1m[38;2;1;1;1m                        [48;2;1;1;3m[38;2;1;1;3m    [48;2;3;1;6m[38;2;3;1;6m  [48;2;2;0;3m[38;2;2;0;3m  [48;2;1;1;3m[38;2;1;1;3m  [48;2;3;0;2m[38;2;27;22;26m╵[48;2;32;27;31m[38;2;211;206;210m▄[48;2;130;129;134m[38;2;244;243;246m▇▇[48;2;125;123;126m[38;2;242;240;243m▇[48;2;126;124;127m[38;2;233;231;233m▇[48;2;180;175;179m[38;2;37;32;36m▄[48;2;3;0;2m[38;2;11;6;10m▄[48;2;1;1;3m[38;2;1;1;3m  [48;2;1;1;1m[38;2;1;1;1m                [0m
[48;2;1;1;1m[38;2;1;1;1m                        [48;2;3;1;6m[38;2;3;1;6m      [48;2;1;1;3m[38;2;1;1;3m  [48;2;3;1;6m[38;2;3;1;6m  [48;2;70;65;69m[38;2;4;0;3m▊[48;2;245;241;244m[38;2;207;202;206m▎[48;2;241;229;223m[38;2;206;82;111m▄[48;2;192;80;105m[38;2;20;15;7m▃[48;2;208;144;150m[38;2;193;64;92m▇[48;2;195;83;105m[38;2;45;12;11m▄[48;2;2;2;4m[38;2;2;2;4m  [48;2;3;1;4m[38;2;3;1;4m  [48;2;1;1;1m[38;2;1;1;1m                [0m
[48;2;1;1;1m[38;2;1;1;1m                        [48;2;1;1;3m[38;2;1;1;3m  [48;2;3;1;6m[38;2;3;1;6m  [48;2;1;1;3m[38;2;1;1;3m    [48;2;2;0;3m[38;2;2;0;3m  [48;2;81;75;79m[38;2;4;0;2m▊[48;2;202;196;200m[38;2;252;246;250m┃[48;2;210;70;96m[38;2;210;70;96m  [48;2;219;72;100m[38;2;207;55;85m▖[48;2;176;57;76m[38;2;201;72;94m▌[48;2;5;3;6m[38;2;5;3;6m  [48;2;1;1;3m[38;2;1;1;3m  [48;2;1;1;1m[38;2;1;1;1m                [0m
[48;2;1;1;1m[38;2;1;1;1m                    [48;2;2;2;4m[38;2;2;2;4m  [48;2;3;1;6m[38;2;3;1;6m    [48;2;1;1;3m[38;2;1;1;3m        [48;2;84;78;82m[38;2;11;6;9m▊[48;2;205;199;203m[38;2;252;247;251m┃[48;2;222;82;108m[38;2;202;62;88m┃┃[48;2;219;70;104m[38;2;209;110;128m▗[48;2;217;95;121m[38;2;233;224;213m▄[48;2;159;154;158m[38;2;237;233;237m▇[48;2;30;26;29m[38;2;225;221;225m▄[48;2;15;14;16m[38;2;200;198;201m▄[48;2;15;13;16m[38;2;0;0;0m [48;2;1;1;3m[38;2;1;1;3m  [48;2;1;1;1m[38;2;1;1;1m              [0m
[48;2;1;1;1m[38;2;1;1;1m                [48;2;2;0;3m[38;2;2;0;3m  [48;2;3;1;4m[38;2;3;1;4m  [48;2;3;1;6m[38;2;3;1;6m    [48;2;1;1;3m[38;2;1;1;3m  [48;2;1;1;1m[38;2;1;1;1m    [48;2;1;1;3m[38;2;1;1;3m  [48;2;14;10;13m[38;2;80;75;79m▁[48;2;36;31;35m[38;2;223;218;222m▄[48;2;227;227;229m[38;2;249;249;250m▄[48;2;251;251;253m[38;2;244;244;246m▘[48;2;239;239;235m[38;2;0;0;0m [48;2;210;103;135m[38;2;247;235;236m▄[48;2;248;248;250m[38;2;248;248;250m  [48;2;250;250;252m[38;2;250;250;252m  [48;2;248;246;249m[38;2;250;248;251m▄[48;2;140;138;141m[38;2;236;234;237m▊[48;2;4;2;5m[38;2;4;2;5m  [48;2;1;1;3m[38;2;1;1;3m    [48;2;1;1;1m[38;2;1;1;1m          [0m
[48;2;1;1;1m[38;2;1;1;1m            [48;2;1;1;3m[38;2;1;1;3m  [48;2;3;1;6m[38;2;3;1;6m      [48;2;1;1;3m[38;2;1;1;3m  [48;2;1;1;1m[38;2;1;1;1m      [48;2;1;1;3m[38;2;1;1;3m  [48;2;1;0;4m[38;2;15;13;18m╸[48;2;16;14;19m[38;2;88;86;91m▁[48;2;245;245;247m[38;2;187;187;189m▎[48;2;255;255;255m[38;2;251;251;253m▄[48;2;251;249;252m[38;2;255;253;255m▌[48;2;240;238;241m[38;2;244;242;245m▌[48;2;244;236;239m[38;2;214;79;103m▄▄[48;2;249;249;251m[38;2;249;249;251m  [48;2;250;250;252m[38;2;250;250;252m  [48;2;252;250;252m[38;2;244;242;245m┃[48;2;152;150;153m[38;2;243;242;244m▊[48;2;4;2;7m[38;2;4;2;7m  [48;2;1;1;3m[38;2;1;1;3m    [48;2;1;1;1m[38;2;1;1;1m          [0m
[48;2;1;1;1m[38;2;1;1;1m            [48;2;3;1;6m[38;2;3;1;6m      [48;2;3;1;4m[38;2;3;1;4m  [48;2;1;1;3m[38;2;1;1;3m  [48;2;1;1;1m[38;2;1;1;1m    [48;2;3;1;6m[38;2;3;1;6m  [48;2;6;4;7m[38;2;0;0;0m [48;2;9;7;10m[38;2;106;104;107m▁[48;2;45;43;46m[38;2;214;212;215m▄[48;2;240;238;240m[38;2;0;0;0m [48;2;249;249;251m[38;2;249;249;251m  [48;2;243;242;244m[38;2;154;152;155m▁[48;2;245;243;246m[38;2;0;0;0m [48;2;220;96;118m[38;2;245;247;250m▄▄[48;2;249;249;251m[38;2;249;249;251m  [48;2;250;250;252m[38;2;250;250;252m  [48;2;252;250;252m[38;2;244;242;245m┃[48;2;152;150;153m[38;2;243;242;244m▊[48;2;4;2;5m[38;2;4;2;5m  [48;2;1;1;1m[38;2;1;1;1m              [0m
[48;2;1;1;1m[38;2;1;1;1m            [48;2;1;1;3m[38;2;1;1;3m  [48;2;3;1;6m[38;2;3;1;6m  [48;2;2;0;3m[38;2;2;0;3m  [48;2;1;1;1m[38;2;1;1;1m  [48;2;3;1;6m[38;2;3;1;6m      [48;2;8;6;9m[38;2;0;0;0m [48;2;10;8;11m[38;2;108;106;109m▁[48;2;41;39;42m[38;2;220;218;220m▄[48;2;234;232;234m[38;2;0;0;0m [48;2;248;248;249m [48;2;238;238;240m[38;2;137;137;139m▁[48;2;242;238;241m[38;2;39;34;38m▅[48;2;233;229;232m[38;2;31;26;30m▅[48;2;65;60;64m[38;2;17;12;16m▊[48;2;228;223;227m[38;2;142;137;141m▁[48;2;250;250;252m[38;2;250;250;252m      [48;2;249;247;249m[38;2;220;218;221m▁[48;2;203;201;204m[38;2;0;0;0m [48;2;5;3;6m[38;2;5;3;6m  [48;2;1;1;1m[38;2;1;1;1m              [0m
[48;2;1;1;1m[38;2;1;1;1m              [48;2;2;0;3m[38;2;2;0;3m  [48;2;1;1;3m[38;2;1;1;3m    [48;2;3;1;6m[38;2;3;1;6m  [48;2;14;0;2m[38;2;4;3;4m▅[48;2;7;5;7m[38;2;55;33;42m▂[48;2;10;5;5m[38;2;129;36;67m▁▁[48;2;20;24;22m[38;2;183;168;173m▅[48;2;235;228;232m[38;2;0;0;0m [48;2;243;242;244m[38;2;100;98;101m▁▁[48;2;230;226;230m[38;2;43;39;42m▅[48;2;15;11;14m[38;2;0;0;0m [48;2;1;0;2m[38;2;23;21;24m▘[48;2;16;14;17m[38;2;145;143;146m▁[48;2;16;12;15m[38;2;225;221;224m▅[48;2;33;28;32m[38;2;227;222;226m▅[48;2;255;254;255m[38;2;244;242;245m▄[48;2;240;239;241m[38;2;130;128;131m▁[48;2;250;250;252m[38;2;250;250;252m  [48;2;247;245;247m[38;2;223;221;224m╴[48;2;234;232;234m[38;2;148;146;149m▂[48;2;207;202;205m[38;2;90;85;88m▅[48;2;35;29;33m[38;2;204;198;202m▅[48;2;13;11;14m[38;2;124;122;125m▁[48;2;1;0;2m[38;2;21;19;22m [48;2;1;1;1m[38;2;1;1;1m              [0m
[48;2;1;1;1m[38;2;1;1;1m                [48;2;3;1;4m[38;2;3;1;4m  [48;2;3;1;6m[38;2;3;1;6m  [48;2;2;0;3m[38;2;2;0;3m  [48;2;4;4;1m[38;2;0;0;0m [48;2;150;47;80m[38;2;20;5;6m▅[48;2;192;60;91m[38;2;31;12;9m▅[48;2;182;62;89m[38;2;59;29;26m▁[48;2;169;62;92m[38;2;23;9;9m▄[48;2;219;203;203m[38;2;32;21;20m▅[48;2;15;14;16m[38;2;0;0;0m [48;2;3;2;4m[38;2;19;17;20m╵[48;2;3;1;6m[38;2;3;1;6m  [48;2;52;50;53m[38;2;6;4;7m▊[48;2;246;245;247m[38;2;175;173;176m▎[48;2;250;250;252m[38;2;250;250;252m  [48;2;236;235;237m[38;2;0;0;0m [48;2;55;53;56m[38;2;213;211;213m▅[48;2;228;223;227m[38;2;32;28;31m▅▅[48;2;203;198;200m[38;2;91;85;87m▅[48;2;64;58;60m[38;2;227;222;224m▅[48;2;249;249;251m[38;2;249;249;251m  [48;2;136;131;135m[38;2;240;236;240m▊[48;2;23;19;22m[38;2;139;134;138m▁[48;2;1;1;1m[38;2;1;1;1m              [0m
[48;2;1;1;1m[38;2;1;1;1m                    [48;2;0;0;0m[38;2;0;0;0m  [48;2;1;1;3m[38;2;1;1;3m  [48;2;1;1;1m[38;2;1;1;1m    [48;2;2;0;3m[38;2;2;0;3m  [48;2;1;1;3m[38;2;1;1;3m  [48;2;52;50;53m[38;2;6;4;7m▊[48;2;246;245;247m[38;2;175;173;176m▎[48;2;250;250;252m[38;2;250;250;252m  [48;2;250;250;251m[38;2;0;0;0m [48;2;249;249;250m[38;2;211;211;213m▝[48;2;33;28;32m[38;2;217;212;216m▅[48;2;47;43;46m[38;2;158;153;157m▁[48;2;237;235;238m[38;2;145;143;146m▂[48;2;246;245;247m[38;2;0;0;0m [48;2;250;250;252m[38;2;250;250;252m  [48;2;246;244;247m[38;2;246;244;247m▄[48;2;136;134;137m[38;2;249;247;250m▊[48;2;2;0;3m[38;2;2;0;3m  [48;2;1;1;1m[38;2;1;1;1m            [0m
[48;2;1;1;1m[38;2;1;1;1m                        [48;2;1;1;3m[38;2;1;1;3m  [48;2;3;1;6m[38;2;3;1;6m    [48;2;1;1;3m[38;2;1;1;3m  [48;2;41;36;40m[38;2;10;6;9m▊[48;2;231;226;230m[38;2;119;114;118m▂[48;2;249;249;251m[38;2;249;249;251m  [48;2;250;250;252m[38;2;250;250;252m  [48;2;242;242;244m[38;2;254;254;255m┃[48;2;183;183;185m[38;2;245;245;247m▊[48;2;55;50;54m[38;2;177;172;176m▁[48;2;250;247;250m[38;2;211;206;210m▎[48;2;250;250;252m[38;2;250;250;252m  [48;2;246;244;247m[38;2;246;244;247m▄[48;2;136;134;137m[38;2;249;247;250m▊[48;2;1;1;1m[38;2;1;1;1m              [0m
[48;2;1;1;1m[38;2;1;1;1m                    [48;2;2;0;3m[38;2;2;0;3m  [48;2;1;1;1m[38;2;1;1;1m  [48;2;3;1;6m[38;2;3;1;6m      [48;2;2;0;3m[38;2;2;0;3m  [48;2;1;0;4m[38;2;6;4;9m│[48;2;65;63;68m[38;2;7;6;10m▊[48;2;255;255;255m[38;2;236;236;238m▌[48;2;252;252;253m[38;2;244;244;246m┃[48;2;250;250;252m[38;2;250;250;252m        [48;2;255;255;255m[38;2;251;251;253m▄[48;2;125;125;127m[38;2;243;243;245m▊[48;2;1;1;1m[38;2;1;1;1m              [0m
[48;2;1;1;1m[38;2;1;1;1m                  [48;2;1;1;3m[38;2;1;1;3m  [48;2;2;0;3m[38;2;2;0;3m  [48;2;1;1;3m[38;2;1;1;3m  [48;2;3;1;6m[38;2;3;1;6m    [48;2;2;0;3m[38;2;2;0;3m  [48;2;3;1;6m[38;2;3;1;6m  [48;2;4;2;5m[38;2;12;10;13m▂[48;2;11;9;12m[38;2;2;1;3m▅[48;2;205;203;206m[38;2;28;27;29m▅[48;2;255;254;255m[38;2;249;247;250m▄[48;2;250;250;252m[38;2;250;250;252m  [48;2;192;187;191m[38;2;246;242;245m▊[48;2;219;215;218m[38;2;51;46;50m▅[48;2;243;243;245m[38;2;239;239;241m▌[48;2;254;254;255m[38;2;250;250;252m▌[48;2;250;250;252m  [48;2;255;255;255m[38;2;251;251;253m▄[48;2;125;125;127m[38;2;243;243;245m▊[48;2;1;1;1m[38;2;1;1;1m              [0m
[48;2;1;1;1m[38;2;1;1;1m                  [48;2;2;0;3m[38;2;2;0;3m    [48;2;3;1;6m[38;2;3;1;6m      [48;2;1;1;3m[38;2;1;1;3m  [48;2;3;1;6m[38;2;3;1;6m  [48;2;2;0;3m[38;2;2;0;3m  [48;2;67;65;66m[38;2;7;5;6m▊[48;2;250;248;249m[38;2;191;189;190m▎[48;2;250;250;252m[38;2;250;250;252m  [48;2;184;182;183m[38;2;246;244;245m▊[48;2;17;15;16m[38;2;50;48;49m▎[48;2;216;214;217m[38;2;43;41;44m▅[48;2;249;247;249m[38;2;215;214;216m▎[48;2;250;250;252m[38;2;250;250;252m  [48;2;252;252;253m[38;2;241;241;243m▎[48;2;115;115;117m[38;2;246;246;248m▊[48;2;2;0;3m[38;2;2;0;3m  [48;2;1;1;1m[38;2;1;1;1m            [0m
[48;2;4;2;10m[38;2;23;2;126m▂▂▂▂▂▂▂▂▂▂▂▂▂▂▂▂▂▂[48;2;5;3;12m[38;2;24;2;129m▂▂[48;2;4;2;10m[38;2;23;2;126m▂▂[48;2;5;3;12m[38;2;24;2;129m▂▂▂▂▂▂[48;2;4;2;10m[38;2;23;2;126m▂▂[48;2;5;3;12m[38;2;24;2;129m▂▂▂▂[48;2;13;10;16m[38;2;31;10;130m▂[48;2;224;220;222m[38;2;55;44;89m▆[48;2;243;243;245m[38;2;239;239;241m▌[48;2;254;254;255m[38;2;250;250;252m▌[48;2;178;173;190m[38;2;248;246;245m▊[48;2;17;16;19m[38;2;34;15;132m▂[48;2;34;32;35m[38;2;39;20;138m▂[48;2;235;233;236m[38;2;120;99;215m▂[48;2;250;250;252m[38;2;250;250;252m  [48;2;251;249;252m[38;2;241;239;242m│[48;2;153;151;154m[38;2;243;241;244m▊[48;2;8;7;13m[38;2;163;155;192m▂[48;2;8;6;23m[38;2;46;23;172m▁[48;2;4;2;10m[38;2;23;2;126m▂▂▂▂▂▂▂▂▂▂▂▂[0m
[48;2;38;3;183m[38;2;38;3;183m                                  [48;2;41;4;194m[38;2;33;0;171m▎[48;2;60;31;174m[38;2;29;0;175m▌[48;2;241;239;235m[38;2;208;90;125m▂[48;2;250;247;244m[38;2;219;101;136m▂[48;2;225;219;234m[38;2;186;95;137m▂[48;2;40;14;178m[38;2;0;0;0m [48;2;35;2;169m[38;2;45;8;203m┃[48;2;147;131;194m[38;2;41;11;179m▊[48;2;249;249;251m[38;2;249;249;251m  [48;2;250;250;252m[38;2;250;250;252m  [48;2;161;147;208m[38;2;249;244;249m▊[48;2;40;5;194m[38;2;33;9;161m▌[48;2;38;3;183m[38;2;38;3;183m            [0m
[48;2;38;3;183m[38;2;38;3;183m                                  [48;2;35;4;164m[38;2;35;0;185m┃[48;2;50;30;117m[38;2;45;10;195m▊[48;2;218;80;105m[38;2;204;66;91m▌[48;2;204;66;91m[38;2;218;80;105m▌[48;2;157;57;121m[38;2;43;7;166m▆[48;2;39;4;187m[38;2;59;14;174m▘[48;2;33;1;174m[38;2;46;12;187m▘[48;2;37;5;178m[38;2;76;42;217m▝[48;2;227;223;238m[38;2;70;47;186m▆[48;2;249;248;243m[38;2;227;224;231m▎[48;2;250;250;252m[38;2;250;250;252m  [48;2;161;147;208m[38;2;249;244;249m▊[48;2;40;5;194m[38;2;33;9;161m▌[48;2;38;3;183m[38;2;38;3;183m            [0m
[48;2;38;3;185m[38;2;38;3;185m                                  [48;2;40;2;197m[38;2;40;5;181m▌[48;2;40;11;154m[38;2;40;4;186m▌[48;2;192;67;93m[38;2;62;13;184m▂▂[48;2;39;4;184m[38;2;39;4;184m  [48;2;38;3;185m[38;2;38;3;185m  [48;2;113;96;192m[38;2;36;5;185m▊[48;2;250;249;243m[38;2;229;224;247m▎[48;2;250;250;252m[38;2;250;250;252m  [48;2;243;241;246m[38;2;0;0;0m [48;2;56;38;168m[38;2;201;196;225m▆[48;2;38;3;185m[38;2;38;3;185m            [0m
[48;2;38;3;185m[38;2;38;3;185m                                          [48;2;41;11;187m[38;2;0;0;0m [48;2;216;207;228m[38;2;71;49;179m▆[48;2;250;250;252m[38;2;250;250;252m  [48;2;253;253;251m[38;2;238;235;254m│[48;2;124;112;184m[38;2;242;242;240m▊[48;2;37;2;184m[38;2;37;2;184m  [48;2;38;3;185m[38;2;38;3;185m          [0m
[48;2;38;3;185m[38;2;38;3;185m                                          [48;2;37;4;170m[38;2;52;13;204m│[48;2;117;94;182m[38;2;44;8;192m▊[48;2;237;232;232m[38;2;215;125;153m▂[48;2;250;245;245m[38;2;0;0;0m [48;2;238;236;244m [48;2;197;192;221m[38;2;40;20;169m▂[48;2;38;3;185m[38;2;38;3;185m            [0m
[48;2;38;3;185m[38;2;38;3;185m                                  [48;2;35;2;180m[38;2;32;2;153m▗[48;2;43;10;172m[38;2;21;5;67m▃[48;2;36;13;140m[38;2;5;3;12m▆▆[48;2;35;12;139m[38;2;5;3;11m▆▆[48;2;41;16;143m[38;2;10;5;14m▆▆[48;2;89;40;74m[38;2;211;60;100m━[48;2;104;30;148m[38;2;210;73;102m▆[48;2;215;77;103m[38;2;0;0;0m [48;2;235;200;192m[38;2;217;77;104m▆[48;2;186;164;188m[38;2;172;68;119m▆[48;2;45;8;194m[38;2;42;9;178m▊[48;2;38;3;185m[38;2;38;3;185m            [0m
[48;2;38;3;185m[38;2;38;3;185m                                  [48;2;36;0;189m[38;2;36;4;165m▝[48;2;36;23;64m[38;2;36;3;169m▆[48;2;8;6;11m[38;2;30;5;149m▃▃▃▃[48;2;8;3;24m[38;2;39;10;180m▂▂[48;2;19;10;28m[38;2;44;13;181m▂[48;2;135;45;72m[38;2;26;7;81m▆[48;2;163;46;71m[38;2;28;12;91m▆▆[48;2;113;46;120m[38;2;46;7;186m▆[48;2;32;4;182m[38;2;48;9;170m▘[48;2;38;3;185m[38;2;38;3;185m            [0m
[48;2;40;2;185m[38;2;40;2;185m                                                            [0m
[48;2;40;2;185m[38;2;40;2;185m                                                            [0m
