[48;2;1;1;1m[38;2;1;1;1m                                                            [0m
[48;2;1;1;1m[38;2;1;1;1m                                                            [0m
[48;2;1;1;1m[38;2;1;1;1m                                                            [0m
[48;2;1;1;1m[38;2;1;1;1m                                                            [0m
[48;2;1;1;1m[38;2;1;1;1m                            [48;2;1;1;3m[38;2;1;1;3m  [48;2;1;1;1m[38;2;1;1;1m      [38;2;11;11;11m▃▃[48;2;0;0;0m[38;2;5;5;5m▃▃[48;2;2;2;2m[38;2;2;2;2m  [48;2;1;1;1m[38;2;1;1;1m                  [0m
[48;2;1;1;1m[38;2;1;1;1m                        [48;2;1;1;3m[38;2;1;1;3m    [48;2;3;1;6m[38;2;3;1;6m  [48;2;2;0;3m[38;2;2;0;3m  [48;2;1;1;3m[38;2;1;1;3m  [48;2;3;0;2m[38;2;27;22;26m╵[48;2;32;27;31m[38;2;211;206;210m▄[48;2;130;129;134m[38;2;244;243;246m▇▇[48;2;125;123;126m[38;2;242;240;243m▇[48;2;126;124;127m[38;2;233;231;233m▇[48;2;180;175;179m[38;2;37;32;36m▄[48;2;3;0;2m[38;2;11;6;10m▄[48;2;1;1;3m[38;2;1;1;3m  [48;2;1;1;1m[38;2;1;1;1m                [0m
[48;2;1;1;1m[38;2;1;1;1m                        [48;2;3;1;6m[38;2;3;1;6m      [48;2;1;1;3m[38;2;1;1;3m  [48;2;3;1;6m[38;2;3;1;6m  [48;2;70;65;69m[38;2;4;0;3m▊[48;2;245;241;244m[38;2;207;202;206m▎[48;2;241;229;223m[38;2;206;82;111m▄[48;2;192;80;105m[38;2;20;15;7m▃[48;2;208;144;150m[38;2;193;64;92m▇[48;2;195;83;105m[38;2;45;12;11m▄[48;2;2;2;4m[38;2;2;2;4m  [48;2;3;1;4m[38;2;3;1;4m  [48;2;1;1;1m[38;2;1;1;1m                [0m
[48;2;1;1;1m[38;2;1;1;1m                        [48;2;1;1;3m[38;2;1;1;3m  [48;2;3;1;6m[38;2;3;1;6m  [48;2;1;1;3m[38;2;1;1;3m    [48;2;2;0;3m[38;2;2;0;3m  [48;2;81;75;79m[38;2;4;0;2m▊[48;2;202;196;200m[38;2;252;246;250m┃[48;2;210;70;96m[38;2;210;70;96m  [48;2;219;72;100m[38;2;207;55;85m▖[48;2;176;57;76m[38;2;201;72;94m▌[48;2;4;2;5m[38;2;4;2;5m  [48;2;1;1;3m[38;2;1;1;3m  [48;2;1;1;1m[38;2;1;1;1m                [0m
[48;2;1;1;1m[38;2;1;1;1m                    [48;2;2;2;4m[38;2;2;2;4m  [48;2;3;1;6m[38;2;3;1;6m    [48;2;1;1;3m[38;2;1;1;3m      [48;2;2;0;3m[38;2;1;0;2m▖[48;2;6;5;7m[38;2;26;24;27m▃[48;2;39;34;37m[38;2;222;217;221m▄[48;2;202;196;200m[38;2;238;233;237m▊[48;2;222;82;108m[38;2;202;62;88m┃┃[48;2;213;64;98m[38;2;219;120;138m▗[48;2;200;77;103m[38;2;235;227;215m▄[48;2;22;21;23m[38;2;232;230;233m▄[48;2;16;14;17m[38;2;204;202;205m▄[48;2;3;1;6m[38;2;19;17;22m▃[48;2;8;6;11m[38;2;3;2;6m▚[48;2;1;1;3m[38;2;1;1;3m  [48;2;1;1;1m[38;2;1;1;1m              [0m
[48;2;1;1;1m[38;2;1;1;1m                [48;2;2;0;3m[38;2;2;0;3m  [48;2;3;1;4m[38;2;3;1;4m  [48;2;3;1;6m[38;2;3;1;6m    [48;2;1;1;3m[38;2;1;1;3m  [48;2;1;1;1m[38;2;1;1;1m    [48;2;1;1;3m[38;2;1;1;3m  [48;2;60;55;59m[38;2;3;0;2m▊[48;2;241;237;240m[38;2;172;167;171m▎[48;2;249;247;250m[38;2;249;247;250m  [48;2;239;239;235m[38;2;0;0;0m [48;2;210;103;135m[38;2;247;235;236m▄[48;2;248;248;250m[38;2;248;248;250m  [48;2;250;250;252m[38;2;250;250;252m  [48;2;230;226;230m[38;2;0;0;0m [48;2;28;24;27m[38;2;207;202;206m▄[48;2;3;1;4m[38;2;3;1;4m  [48;2;1;1;3m[38;2;1;1;3m    [48;2;1;1;1m[38;2;1;1;1m          [0m
[48;2;1;1;1m[38;2;1;1;1m            [48;2;1;1;3m[38;2;1;1;3m  [48;2;3;1;6m[38;2;3;1;6m      [48;2;1;1;3m[38;2;1;1;3m  [48;2;1;1;1m[38;2;1;1;1m      [48;2;1;1;3m[38;2;1;1;3m  [48;2;3;1;4m[38;2;3;1;4m  [48;2;35;16;12m[38;2;204;74;104m▄[48;2;208;78;108m[38;2;158;60;80m▘[48;2;213;101;123m[38;2;214;69;102m▊[48;2;235;222;213m[38;2;213;102;124m▄[48;2;249;249;251m[38;2;249;249;251m  [48;2;250;250;252m[38;2;250;250;252m    [48;2;252;250;252m[38;2;244;242;245m┃[48;2;152;150;153m[38;2;243;242;244m▊[48;2;4;2;7m[38;2;4;2;7m  [48;2;1;1;3m[38;2;1;1;3m    [48;2;1;1;1m[38;2;1;1;1m          [0m
[48;2;1;1;1m[38;2;1;1;1m            [48;2;3;1;6m[38;2;3;1;6m      [48;2;3;1;4m[38;2;3;1;4m  [48;2;1;1;3m[38;2;1;1;3m  [48;2;1;1;1m[38;2;1;1;1m    [48;2;3;1;6m[38;2;3;1;6m  [48;2;3;1;4m[38;2;3;1;4m  [48;2;1;0;2m[38;2;11;9;12m▁[48;2;12;10;13m[38;2;133;131;134m▁[48;2;247;245;248m[38;2;203;201;204m▎[48;2;238;236;239m[38;2;250;248;251m┃[48;2;203;105;133m[38;2;248;244;242m▄[48;2;246;242;240m[38;2;0;0;0m [48;2;250;250;252m[38;2;250;250;252m      [48;2;252;250;252m[38;2;244;242;245m┃[48;2;152;150;153m[38;2;243;242;244m▊[48;2;4;2;5m[38;2;4;2;5m  [48;2;1;1;1m[38;2;1;1;1m              [0m
[48;2;1;1;1m[38;2;1;1;1m            [48;2;1;1;3m[38;2;1;1;3m  [48;2;3;1;6m[38;2;3;1;6m  [48;2;2;0;3m[38;2;2;0;3m  [48;2;1;1;1m[38;2;1;1;1m  [48;2;3;1;6m[38;2;3;1;6m      [48;2;8;6;9m[38;2;0;0;0m [48;2;10;8;11m[38;2;108;106;109m▁[48;2;43;38;42m[38;2;218;213;217m▄[48;2;18;13;17m[38;2;222;218;222m▅[48;2;238;238;239m[38;2;0;0;0m [48;2;249;249;250m[38;2;232;232;234m╵[48;2;245;245;246m[38;2;0;0;0m [48;2;244;244;245m[38;2;135;135;137m▁[48;2;245;243;245m[38;2;122;120;123m▁▁[48;2;250;250;252m[38;2;250;250;252m      [48;2;192;188;191m[38;2;245;241;244m▊[48;2;213;208;212m[38;2;33;29;32m▅[48;2;3;1;4m[38;2;3;1;4m  [48;2;1;1;1m[38;2;1;1;1m              [0m
[48;2;1;1;1m[38;2;1;1;1m              [48;2;2;0;3m[38;2;2;0;3m  [48;2;1;1;3m[38;2;1;1;3m    [48;2;3;1;6m[38;2;3;1;6m  [48;2;3;1;4m[38;2;3;1;4m  [48;2;5;4;1m[38;2;0;0;0m [48;2;74;27;38m[38;2;170;60;92m┏[48;2;21;11;16m[38;2;205;67;93m▅[48;2;205;181;188m[38;2;176;69;82m▄[48;2;240;237;238m[38;2;88;84;85m▁▁[48;2;238;234;237m[38;2;33;29;32m▅[48;2;236;232;236m[38;2;26;21;25m▅[48;2;216;214;216m[38;2;23;22;24m▅[48;2;13;11;14m[38;2;0;0;0m [48;2;25;21;24m[38;2;159;154;158m▁[48;2;33;29;32m[38;2;221;216;220m▅[48;2;240;238;240m[38;2;133;131;134m▁[48;2;231;229;232m[38;2;249;247;249m▇[48;2;250;250;252m[38;2;250;250;252m  [48;2;247;245;247m[38;2;223;221;224m╴[48;2;234;232;234m[38;2;148;146;149m▂[48;2;199;195;198m[38;2;67;62;66m▅[48;2;19;15;18m[38;2;137;132;136m▁[48;2;2;0;3m[38;2;2;0;3m  [48;2;1;1;1m[38;2;1;1;1m              [0m
[48;2;1;1;1m[38;2;1;1;1m                [48;2;3;1;4m[38;2;3;1;4m  [48;2;3;1;6m[38;2;3;1;6m  [48;2;2;0;3m[38;2;2;0;3m  [48;2;3;1;6m[38;2;3;1;6m  [48;2;4;4;2m[38;2;0;0;0m [48;2;151;48;81m[38;2;20;6;7m▅[48;2;174;57;92m[38;2;22;5;7m▅[48;2;16;9;7m[38;2;0;0;0m [48;2;1;1;3m[38;2;1;1;3m  [48;2;3;1;6m[38;2;3;1;6m  [48;2;3;0;4m[38;2;16;11;17m│[48;2;29;24;30m[38;2;151;146;152m▁[48;2;241;240;242m[38;2;0;0;0m  [48;2;52;48;51m[38;2;214;210;213m▅[48;2;215;210;214m[38;2;82;77;81m▅[48;2;236;231;235m[38;2;29;24;28m▅▅[48;2;203;198;200m[38;2;91;85;87m▅[48;2;64;58;60m[38;2;227;222;224m▅[48;2;244;244;245m[38;2;0;0;0m [48;2;235;235;237m [48;2;77;73;76m[38;2;215;210;214m┓[48;2;11;7;10m[38;2;36;31;35m╸[48;2;1;1;1m[38;2;1;1;1m              [0m
[48;2;1;1;1m[38;2;1;1;1m                    [48;2;0;0;0m[38;2;0;0;0m  [48;2;1;1;3m[38;2;1;1;3m  [48;2;1;1;1m[38;2;1;1;1m    [48;2;2;0;3m[38;2;2;0;3m  [48;2;1;1;3m[38;2;1;1;3m  [48;2;52;50;53m[38;2;6;4;7m▊[48;2;246;245;247m[38;2;175;173;176m▎[48;2;250;250;252m[38;2;250;250;252m  [48;2;197;192;196m[38;2;247;243;246m▊[48;2;210;206;210m[38;2;55;51;54m▅[48;2;36;30;34m[38;2;201;195;199m▅[48;2;87;81;85m[38;2;26;21;24m▊[48;2;255;255;255m[38;2;236;236;238m▌[48;2;252;252;253m[38;2;244;244;246m┃[48;2;250;250;252m[38;2;250;250;252m  [48;2;236;235;237m[38;2;0;0;0m [48;2;27;25;28m[38;2;196;194;197m▅[48;2;1;1;3m[38;2;1;1;3m  [48;2;1;1;1m[38;2;1;1;1m            [0m
[48;2;1;1;1m[38;2;1;1;1m                        [48;2;1;1;3m[38;2;1;1;3m  [48;2;3;1;6m[38;2;3;1;6m    [48;2;1;1;3m[38;2;1;1;3m  [48;2;52;50;53m[38;2;6;4;7m▊[48;2;246;245;247m[38;2;175;173;176m▎[48;2;250;250;252m[38;2;250;250;252m  [48;2;179;174;178m[38;2;247;243;246m▊[48;2;51;47;50m[38;2;172;167;171m▁[48;2;220;215;219m[38;2;97;92;96m▁[48;2;57;52;56m[38;2;212;208;211m▅[48;2;220;216;220m[38;2;59;54;58m▅[48;2;246;242;245m[38;2;222;217;221m▎[48;2;250;250;252m[38;2;250;250;252m  [48;2;246;244;247m[38;2;246;244;247m▄[48;2;136;134;137m[38;2;249;247;250m▊[48;2;1;1;1m[38;2;1;1;1m              [0m
[48;2;1;1;1m[38;2;1;1;1m                    [48;2;2;0;3m[38;2;2;0;3m  [48;2;1;1;1m[38;2;1;1;1m  [48;2;3;1;6m[38;2;3;1;6m      [48;2;2;0;3m[38;2;2;0;3m  [48;2;52;50;53m[38;2;6;4;7m▊[48;2;246;245;247m[38;2;175;173;176m▎[48;2;250;250;252m[38;2;250;250;252m  [48;2;255;255;255m[38;2;247;247;249m▌[48;2;176;176;178m[38;2;247;247;248m▊[48;2;49;44;47m[38;2;188;182;186m▁[48;2;221;216;219m[38;2;82;76;80m▁[48;2;60;54;56m[38;2;221;215;217m▅[48;2;217;211;213m[38;2;104;98;100m▅[48;2;249;249;251m[38;2;249;249;251m  [48;2;255;255;255m[38;2;251;251;253m▄[48;2;125;125;127m[38;2;243;243;245m▊[48;2;1;1;1m[38;2;1;1;1m              [0m
[48;2;1;1;1m[38;2;1;1;1m                  [48;2;1;1;3m[38;2;1;1;3m  [48;2;2;0;3m[38;2;2;0;3m  [48;2;1;1;3m[38;2;1;1;3m  [48;2;3;1;6m[38;2;3;1;6m    [48;2;2;0;3m[38;2;2;0;3m  [48;2;3;1;6m[38;2;3;1;6m  [48;2;52;50;53m[38;2;6;4;7m▊[48;2;246;245;247m[38;2;175;173;176m▎[48;2;250;250;252m[38;2;250;250;252m    [48;2;157;152;156m[38;2;249;245;249m▊[48;2;62;57;61m[38;2;14;10;13m┃[48;2;223;221;224m[38;2;67;65;68m▁[48;2;249;247;249m[38;2;0;0;0m [48;2;250;250;252m[38;2;250;250;252m  [48;2;249;249;250m[38;2;232;232;234m╵[48;2;238;238;239m[38;2;0;0;0m [48;2;83;81;82m[38;2;226;224;225m┓[48;2;7;5;6m[38;2;1;0;0m┏[48;2;1;1;1m[38;2;1;1;1m            [0m
[48;2;1;1;1m[38;2;1;1;1m                  [48;2;2;0;3m[38;2;2;0;3m    [48;2;3;1;6m[38;2;3;1;6m      [48;2;1;1;3m[38;2;1;1;3m  [48;2;3;1;6m[38;2;3;1;6m  [48;2;52;50;53m[38;2;6;4;7m▊[48;2;246;245;247m[38;2;175;173;176m▎[48;2;250;250;252m[38;2;250;250;252m  [48;2;253;253;255m[38;2;255;255;255m┃[48;2;195;195;197m[38;2;244;244;246m▊[48;2;193;191;194m[38;2;16;15;17m▅[48;2;10;9;11m[38;2;0;0;0m [48;2;86;81;85m[38;2;9;5;8m▊[48;2;241;237;241m[38;2;104;99;103m▂[48;2;250;250;252m[38;2;250;250;252m    [48;2;111;109;110m[38;2;240;238;239m▊[48;2;1;0;0m[38;2;25;23;24m▎[48;2;1;1;1m[38;2;1;1;1m            [0m
[48;2;4;2;10m[38;2;23;2;126m▂▂▂▂▂▂▂▂▂▂▂▂▂▂▂▂▂▂[48;2;5;3;12m[38;2;24;2;129m▂▂[48;2;4;2;10m[38;2;23;2;126m▂▂[48;2;5;3;12m[38;2;24;2;129m▂▂▂▂▂▂[48;2;4;2;10m[38;2;23;2;126m▂▂[48;2;5;3;12m[38;2;24;2;129m▂▂[48;2;14;10;17m[38;2;34;11;135m▂[48;2;217;213;219m[38;2;47;36;83m▆[48;2;249;249;251m[38;2;231;231;233m▌[38;2;255;255;255m▌[48;2;255;255;255m[38;2;254;254;255m▌[48;2;176;176;178m[38;2;246;246;248m▊[48;2;14;13;15m[38;2;160;153;186m▂[48;2;10;7;22m[38;2;59;33;181m▁[48;2;8;3;11m[38;2;25;3;126m▂[48;2;37;31;51m[38;2;57;30;182m▁[48;2;248;246;249m[38;2;248;246;249m  [48;2;250;250;252m[38;2;250;250;252m  [48;2;234;232;234m[38;2;0;0;0m [48;2;88;86;89m[38;2;238;236;239m┓[48;2;4;2;10m[38;2;23;2;126m▂▂▂▂▂▂▂▂▂▂▂▂[0m
[48;2;38;3;183m[38;2;38;3;183m                                [48;2;41;6;184m[38;2;41;6;184m  [48;2;255;255;255m[38;2;236;236;238m▌[48;2;252;252;253m[38;2;244;244;246m┃[48;2;250;250;252m[38;2;250;250;252m  [48;2;188;175;229m[38;2;249;246;245m▊[48;2;34;4;182m[38;2;71;46;173m▎[48;2;38;4;181m[38;2;25;0;168m▘[48;2;43;8;186m[38;2;56;21;199m▝[48;2;224;220;235m[38;2;71;49;187m▆[48;2;246;243;242m[38;2;0;0;0m [48;2;250;250;252m[38;2;250;250;252m  [48;2;247;247;244m[38;2;0;0;0m [48;2;152;144;192m[38;2;242;239;247m▊[48;2;56;25;190m[38;2;196;185;223m▁[48;2;40;6;180m[38;2;0;0;0m [48;2;38;3;183m[38;2;38;3;183m          [0m
[48;2;38;3;183m[38;2;38;3;183m                                [48;2;41;6;184m[38;2;41;6;184m  [48;2;255;255;255m[38;2;236;236;238m▌[48;2;252;252;253m[38;2;244;244;246m┃[48;2;250;250;252m[38;2;250;250;252m  [48;2;187;177;230m[38;2;248;247;246m▊[48;2;33;5;183m[38;2;70;48;174m▎[48;2;38;3;183m[38;2;38;3;183m  [48;2;89;68;199m[38;2;37;7;183m▊[48;2;237;234;239m[38;2;83;64;176m▂[48;2;250;250;252m[38;2;250;250;252m    [48;2;126;107;196m[38;2;243;239;244m▊[48;2;31;1;184m[38;2;48;18;178m▎[48;2;38;3;183m[38;2;38;3;183m          [0m
[48;2;38;3;185m[38;2;38;3;185m                                [48;2;41;6;184m[38;2;41;6;184m  [48;2;228;227;231m[38;2;63;49;172m▂[48;2;244;242;249m[38;2;0;0;0m [48;2;250;250;252m[38;2;250;250;252m  [48;2;187;177;230m[38;2;248;247;246m▊[48;2;33;5;183m[38;2;70;48;174m▎[48;2;38;3;185m[38;2;38;3;185m  [48;2;39;6;184m[38;2;28;2;159m│[48;2;113;89;199m[38;2;40;8;186m▊[48;2;241;240;241m[38;2;82;69;170m▂[48;2;246;245;246m[38;2;0;0;0m [48;2;250;250;252m[38;2;250;250;252m  [48;2;237;235;240m[38;2;0;0;0m [48;2;61;40;175m[38;2;193;187;219m▆[48;2;38;3;185m[38;2;38;3;185m          [0m
[48;2;38;3;185m[38;2;38;3;185m                                  [48;2;87;66;187m[38;2;37;7;183m▊[48;2;252;251;245m[38;2;203;193;243m▎[48;2;248;248;250m[38;2;248;248;250m  [48;2;220;212;237m[38;2;58;33;183m▂[48;2;40;13;175m[38;2;41;12;179m▄[48;2;38;3;185m[38;2;38;3;185m    [48;2;44;13;183m[38;2;0;0;0m [48;2;219;207;240m[38;2;74;52;180m▆[48;2;250;250;252m[38;2;250;250;252m  [48;2;255;254;255m[38;2;254;253;255m┛[48;2;238;237;241m[38;2;0;0;0m [48;2;68;43;180m[38;2;195;182;232m▆[48;2;35;4;177m[38;2;29;1;157m╸[48;2;38;3;185m[38;2;38;3;185m        [0m
[48;2;38;3;185m[38;2;38;3;185m                                  [48;2;50;18;178m[38;2;49;14;174m▄[48;2;227;222;229m[38;2;202;72;121m▂[48;2;234;210;205m[38;2;203;68;104m▆[48;2;212;203;207m[38;2;139;54;128m▆[48;2;39;4;184m[38;2;39;4;184m  [48;2;38;3;185m[38;2;38;3;185m    [48;2;35;2;178m[38;2;46;11;189m▄[48;2;46;11;189m[38;2;35;2;178m▄[48;2;228;224;229m[38;2;64;40;187m▆[48;2;233;229;241m[38;2;78;61;174m▂[48;2;251;248;251m[38;2;0;0;0m [48;2;250;247;250m[38;2;214;209;213m▗[48;2;218;189;201m[38;2;212;76;100m▂[48;2;52;19;174m[38;2;184;63;112m▆[48;2;42;6;172m[38;2;145;46;116m▂[48;2;46;6;194m[38;2;24;1;165m▗[48;2;38;3;185m[38;2;38;3;185m      [0m
[48;2;38;3;185m[38;2;38;3;185m                                [48;2;38;3;183m[38;2;38;3;183m  [48;2;33;4;156m[38;2;33;23;42m▂[48;2;222;78;104m[38;2;149;41;97m▎[48;2;153;49;83m[38;2;219;74;101m▊[48;2;35;11;122m[38;2;20;11;20m▆[48;2;35;12;139m[38;2;5;3;11m▆▆[48;2;36;13;142m[38;2;5;3;13m▆▆▆▆▆▆[48;2;41;15;141m[38;2;13;6;15m▆[48;2;61;35;161m[38;2;17;11;19m▆[48;2;196;191;179m[38;2;127;43;58m▆[48;2;237;189;193m[38;2;205;73;104m▆[48;2;211;74;100m[38;2;163;48;66m▗[48;2;206;67;94m[38;2;30;13;4m▂[48;2;82;26;75m[38;2;172;59;92m┛[48;2;36;8;169m[38;2;26;12;77m▂[48;2;38;3;185m[38;2;38;3;185m      [0m
[48;2;38;3;185m[38;2;38;3;185m                                  [48;2;39;24;82m[38;2;38;8;165m▆[48;2;131;43;57m[38;2;28;10;93m▆[48;2;134;44;71m[38;2;25;7;80m▆[48;2;18;9;28m[38;2;43;12;180m▂[48;2;8;6;11m[38;2;30;5;149m▃▃[48;2;8;3;24m[38;2;39;10;180m▂▂▂▂▂▂[48;2;12;5;25m[38;2;43;11;182m▂▂[48;2;168;49;82m[38;2;25;10;82m▆▆[48;2;129;43;69m[38;2;22;7;79m▆[48;2;14;9;26m[38;2;38;12;178m▂[48;2;18;6;58m[38;2;38;6;177m▂[48;2;33;14;109m[38;2;34;3;175m▆[48;2;38;3;185m[38;2;38;3;185m      [0m
[48;2;40;2;185m[38;2;40;2;185m                                                            [0m
[48;2;40;2;185m[38;2;40;2;185m                                                            [0m
