[48;2;1;1;1m[38;2;1;1;1m                                                            [0m
[48;2;1;1;1m[38;2;1;1;1m                                                            [0m
[48;2;1;1;1m[38;2;1;1;1m                                                            [0m
[48;2;1;1;1m[38;2;1;1;1m                                                            [0m
[48;2;1;1;1m[38;2;1;1;1m                            [48;2;1;1;3m[38;2;1;1;3m  [48;2;1;1;1m[38;2;1;1;1m                              [0m
[48;2;1;1;1m[38;2;1;1;1m                        [48;2;1;1;3m[38;2;1;1;3m    [48;2;3;1;6m[38;2;3;1;6m  [48;2;2;0;3m[38;2;2;0;3m  [48;2;1;1;3m[38;2;1;1;3m  [48;2;1;0;2m[38;2;5;3;6m▌[48;2;7;5;8m[38;2;34;32;35m▗[48;2;10;9;11m[38;2;215;213;215m▄▄[48;2;11;10;12m[38;2;216;214;217m▄▄[48;2;32;31;33m[38;2;198;196;199m▃[48;2;12;11;13m[38;2;0;0;0m [48;2;1;1;3m[38;2;1;1;3m  [48;2;1;1;1m[38;2;1;1;1m                [0m
[48;2;1;1;1m[38;2;1;1;1m                        [48;2;3;1;6m[38;2;3;1;6m      [48;2;1;1;3m[38;2;1;1;3m  [48;2;3;1;6m[38;2;3;1;6m  [48;2;63;58;62m[38;2;11;7;10m▊[48;2;235;231;234m[38;2;184;179;183m▎[48;2;245;237;236m[38;2;0;0;0m [48;2;249;240;240m[38;2;201;98;128m▄[48;2;247;236;240m[38;2;208;92;110m▄[48;2;231;219;225m[38;2;191;75;93m▄[48;2;71;69;72m[38;2;10;9;11m▇[48;2;5;3;6m[38;2;0;0;0m [48;2;3;1;4m[38;2;3;1;4m  [48;2;1;1;1m[38;2;1;1;1m                [0m
[48;2;1;1;1m[38;2;1;1;1m                        [48;2;1;1;3m[38;2;1;1;3m  [48;2;3;1;6m[38;2;3;1;6m  [48;2;1;1;3m[38;2;1;1;3m    [48;2;2;0;3m[38;2;2;0;3m  [48;2;81;75;79m[38;2;4;0;2m▊[48;2;202;196;200m[38;2;252;246;250m┃[48;2;206;95;117m[38;2;213;68;101m▆[48;2;58;20;20m[38;2;186;68;92m▄[48;2;170;54;78m[38;2;213;64;98m▊[48;2;38;18;12m[38;2;184;63;88m▄[48;2;3;1;4m[38;2;3;1;4m  [48;2;1;1;3m[38;2;1;1;3m  [48;2;1;1;1m[38;2;1;1;1m                [0m
[48;2;1;1;1m[38;2;1;1;1m                    [48;2;2;2;4m[38;2;2;2;4m  [48;2;3;1;6m[38;2;3;1;6m    [48;2;1;1;3m[38;2;1;1;3m      [48;2;2;0;3m[38;2;1;0;2m▖[48;2;6;5;7m[38;2;26;24;27m▃[48;2;39;34;37m[38;2;222;217;221m▄[48;2;202;196;200m[38;2;238;233;237m▊[48;2;224;82;108m[38;2;204;62;88m┃┃[48;2;216;70;98m[38;2;222;67;98m▎[48;2;185;61;82m[38;2;217;93;113m▚[48;2;24;22;25m[38;2;230;228;231m▄[48;2;16;15;17m[38;2;204;202;205m▄[48;2;3;1;6m[38;2;19;17;22m▃[48;2;8;6;11m[38;2;3;2;6m▚[48;2;1;1;3m[38;2;1;1;3m  [48;2;1;1;1m[38;2;1;1;1m              [0m
[48;2;1;1;1m[38;2;1;1;1m                [48;2;2;0;3m[38;2;2;0;3m  [48;2;3;1;4m[38;2;3;1;4m  [48;2;3;1;6m[38;2;3;1;6m    [48;2;1;1;3m[38;2;1;1;3m  [48;2;1;1;1m[38;2;1;1;1m    [48;2;12;4;3m[38;2;0;0;0m [48;2;20;16;12m[38;2;164;52;86m▄[48;2;33;24;28m[38;2;204;69;93m▄[48;2;218;209;214m[38;2;217;82;106m▄[48;2;247;244;245m[38;2;209;205;206m▁[48;2;245;242;243m[38;2;224;220;221m▁[48;2;205;83;108m[38;2;245;222;215m▄[48;2;213;64;99m[38;2;204;107;124m▄[48;2;195;93;123m[38;2;246;236;236m▄[48;2;249;243;241m[38;2;0;0;0m [48;2;250;250;252m[38;2;250;250;252m  [48;2;147;142;146m[38;2;240;236;239m▊[48;2;14;10;13m[38;2;44;39;43m▁[48;2;2;0;3m[38;2;2;0;3m  [48;2;1;1;3m[38;2;1;1;3m    [48;2;1;1;1m[38;2;1;1;1m          [0m
[48;2;1;1;1m[38;2;1;1;1m            [48;2;1;1;3m[38;2;1;1;3m  [48;2;3;1;6m[38;2;3;1;6m      [48;2;1;1;3m[38;2;1;1;3m  [48;2;1;1;1m[38;2;1;1;1m      [48;2;1;1;3m[38;2;1;1;3m  [48;2;4;2;5m[38;2;4;2;5m  [48;2;195;63;86m[38;2;50;44;48m▄[48;2;212;81;103m[38;2;221;216;219m▄[48;2;215;88;117m[38;2;198;137;144m▁[48;2;214;91;119m[38;2;246;229;222m▄[48;2;248;248;250m[38;2;248;248;250m  [48;2;250;250;252m[38;2;250;250;252m    [48;2;244;242;245m[38;2;255;254;255m▎[48;2;150;148;151m[38;2;242;240;243m▊[48;2;4;2;7m[38;2;4;2;7m  [48;2;1;1;3m[38;2;1;1;3m    [48;2;1;1;1m[38;2;1;1;1m          [0m
[48;2;1;1;1m[38;2;1;1;1m            [48;2;3;1;6m[38;2;3;1;6m      [48;2;3;1;4m[38;2;3;1;4m  [48;2;1;1;3m[38;2;1;1;3m  [48;2;1;1;1m[38;2;1;1;1m  [48;2;6;2;3m[38;2;9;5;6m▗[48;2;4;1;1m[38;2;20;16;17m▃[48;2;4;0;2m[38;2;19;13;17m▄[48;2;13;8;11m[38;2;103;97;101m▁[48;2;6;4;7m[38;2;135;133;136m▁▁[48;2;31;26;30m[38;2;226;222;226m▄[48;2;47;42;46m[38;2;244;240;243m▄[48;2;245;245;247m[38;2;217;217;219m▘[48;2;244;244;246m[38;2;251;251;253m▊[48;2;250;250;252m[38;2;250;250;252m        [48;2;252;250;252m[38;2;244;242;245m┃[48;2;152;150;153m[38;2;243;242;244m▊[48;2;4;2;5m[38;2;4;2;5m  [48;2;1;1;1m[38;2;1;1;1m              [0m
[48;2;1;1;1m[38;2;1;1;1m            [48;2;1;1;3m[38;2;1;1;3m  [48;2;3;1;6m[38;2;3;1;6m  [48;2;2;0;3m[38;2;2;0;3m  [48;2;1;1;1m[38;2;1;1;1m  [48;2;3;1;6m[38;2;3;1;6m    [48;2;39;15;11m[38;2;136;55;69m▄[48;2;190;60;90m[38;2;112;27;42m▁[48;2;205;79;98m[38;2;132;10;25m▁[48;2;236;216;223m[38;2;127;105;111m▁[48;2;245;244;246m[38;2;116;114;117m▁▁[48;2;245;243;245m[38;2;122;120;123m▁▁[48;2;236;234;236m[38;2;111;109;112m▁[48;2;213;211;213m[38;2;29;28;30m▄[48;2;235;233;236m[38;2;51;49;52m▅[48;2;250;248;250m[38;2;211;210;212m▎[48;2;250;250;252m[38;2;250;250;252m      [48;2;245;244;246m[38;2;0;0;0m [48;2;202;200;203m [48;2;4;2;5m[38;2;4;2;5m  [48;2;1;1;1m[38;2;1;1;1m              [0m
[48;2;1;1;1m[38;2;1;1;1m              [48;2;2;0;3m[38;2;2;0;3m  [48;2;1;1;3m[38;2;1;1;3m    [48;2;3;1;6m[38;2;3;1;6m  [48;2;3;1;4m[38;2;3;1;4m  [48;2;1;1;3m[38;2;1;1;3m  [48;2;1;1;1m[38;2;1;1;1m    [48;2;3;1;4m[38;2;3;1;4m    [48;2;16;12;15m[38;2;0;0;0m [48;2;225;221;224m[38;2;42;37;41m▅[48;2;247;247;249m[38;2;247;247;249m  [48;2;250;250;252m[38;2;250;250;252m  [48;2;249;249;251m[38;2;249;249;251m  [48;2;114;109;113m[38;2;219;215;218m▊[48;2;9;4;8m[38;2;37;32;36m▎[48;2;1;1;3m[38;2;1;1;3m  [48;2;1;1;1m[38;2;1;1;1m              [0m
[48;2;1;1;1m[38;2;1;1;1m                [48;2;3;1;4m[38;2;3;1;4m  [48;2;3;1;6m[38;2;3;1;6m  [48;2;2;0;3m[38;2;2;0;3m  [48;2;3;1;6m[38;2;3;1;6m  [48;2;2;0;3m[38;2;2;0;3m  [48;2;1;1;1m[38;2;1;1;1m    [48;2;3;1;6m[38;2;3;1;6m    [48;2;29;25;28m[38;2;167;162;166m▁[48;2;34;29;33m[38;2;205;201;204m▅[48;2;223;219;222m[38;2;93;88;92m▅[48;2;232;228;232m[38;2;75;70;74m▁[48;2;242;239;240m[38;2;78;74;75m▁▁[48;2;224;218;220m[38;2;100;94;96m▁[48;2;215;209;211m[38;2;92;86;88m▅[48;2;29;25;28m[38;2;223;219;222m▅[48;2;26;22;25m[38;2;201;196;200m▅[48;2;4;2;7m[38;2;4;2;7m  [48;2;1;1;1m[38;2;1;1;1m              [0m
[48;2;1;1;1m[38;2;1;1;1m                    [48;2;0;0;0m[38;2;0;0;0m  [48;2;1;1;3m[38;2;1;1;3m  [48;2;1;1;1m[38;2;1;1;1m    [48;2;2;0;3m[38;2;2;0;3m  [48;2;1;1;3m[38;2;1;1;3m  [48;2;9;7;12m[38;2;0;0;0m [48;2;30;28;33m[38;2;146;144;149m▁[48;2;248;248;250m[38;2;230;230;232m▌[48;2;246;246;248m[38;2;254;254;255m▌[48;2;231;226;228m[38;2;129;123;125m▂[48;2;31;26;27m[38;2;158;152;154m▁[48;2;1;0;2m[38;2;7;5;8m▃[48;2;12;10;13m[38;2;55;53;56m▗[48;2;60;58;61m[38;2;223;221;224m▅[48;2;244;242;245m[38;2;0;0;0m [48;2;249;249;250m[38;2;232;232;234m╵[48;2;238;238;239m[38;2;0;0;0m [48;2;76;74;77m[38;2;224;223;225m┓[48;2;8;6;9m[38;2;0;0;0m [48;2;1;1;3m[38;2;1;1;3m  [48;2;1;1;1m[38;2;1;1;1m            [0m
[48;2;1;1;1m[38;2;1;1;1m                        [48;2;1;1;3m[38;2;1;1;3m  [48;2;3;1;6m[38;2;3;1;6m    [48;2;1;1;3m[38;2;1;1;3m  [48;2;52;50;53m[38;2;6;4;7m▊[48;2;246;245;247m[38;2;175;173;176m▎[48;2;255;255;255m[38;2;250;250;252m▄[48;2;186;186;188m[38;2;244;244;246m▊[48;2;92;90;93m[38;2;1;0;2m┃[48;2;250;248;251m[38;2;200;198;201m▎[48;2;158;153;157m[38;2;247;243;246m▊[48;2;70;65;69m[38;2;22;17;21m┃[48;2;255;255;255m[38;2;236;236;238m▌[48;2;252;252;253m[38;2;244;244;246m┃[48;2;250;250;252m[38;2;250;250;252m  [48;2;234;233;235m[38;2;0;0;0m [48;2;36;34;37m[38;2;201;199;202m▅[48;2;1;1;1m[38;2;1;1;1m              [0m
[48;2;1;1;1m[38;2;1;1;1m                    [48;2;2;0;3m[38;2;2;0;3m  [48;2;1;1;1m[38;2;1;1;1m  [48;2;3;1;6m[38;2;3;1;6m      [48;2;2;0;3m[38;2;2;0;3m  [48;2;52;50;53m[38;2;6;4;7m▊[48;2;246;245;247m[38;2;175;173;176m▎[48;2;251;251;253m[38;2;255;255;255m┃[48;2;196;196;198m[38;2;246;246;247m▊[48;2;46;41;45m[38;2;176;171;175m▁[48;2;225;221;225m[38;2;95;90;94m▁[48;2;239;237;239m[38;2;0;0;0m [48;2;63;61;64m[38;2;227;225;227m▅[48;2;218;214;217m[38;2;106;101;105m▅[48;2;243;238;242m[38;2;0;0;0m [48;2;250;250;252m[38;2;250;250;252m  [48;2;250;250;251m[38;2;234;234;236m╷[48;2;152;152;154m[38;2;243;243;245m▊[48;2;13;12;12m[38;2;154;152;153m▁[48;2;7;6;6m[38;2;0;0;0m [48;2;1;1;1m[38;2;1;1;1m            [0m
[48;2;1;1;1m[38;2;1;1;1m                  [48;2;1;1;3m[38;2;1;1;3m  [48;2;2;0;3m[38;2;2;0;3m  [48;2;1;1;3m[38;2;1;1;3m  [48;2;3;1;6m[38;2;3;1;6m    [48;2;2;0;3m[38;2;2;0;3m  [48;2;3;1;6m[38;2;3;1;6m  [48;2;52;50;53m[38;2;6;4;7m▊[48;2;246;245;247m[38;2;175;173;176m▎[48;2;250;250;252m[38;2;250;250;252m  [48;2;240;238;241m[38;2;0;0;0m [48;2;69;67;70m[38;2;243;241;243m▅[48;2;241;241;243m[38;2;251;251;252m▄[48;2;250;250;251m[38;2;240;240;242m▃[48;2;248;247;249m[38;2;129;127;130m▂[48;2;242;240;243m[38;2;0;0;0m [48;2;250;250;252m[38;2;250;250;252m    [48;2;111;109;110m[38;2;240;238;239m▊[48;2;1;0;0m[38;2;25;23;24m▎[48;2;1;1;1m[38;2;1;1;1m            [0m
[48;2;1;1;1m[38;2;1;1;1m                  [48;2;2;0;3m[38;2;2;0;3m    [48;2;3;1;6m[38;2;3;1;6m      [48;2;1;1;3m[38;2;1;1;3m  [48;2;3;1;6m[38;2;3;1;6m  [48;2;52;50;53m[38;2;6;4;7m▊[48;2;246;245;247m[38;2;175;173;176m▎[48;2;250;250;252m[38;2;250;250;252m    [48;2;243;241;243m[38;2;0;0;0m [48;2;211;209;212m[38;2;28;27;29m▁[48;2;88;83;87m[38;2;21;16;20m▊[48;2;227;223;226m[38;2;47;42;46m▁[48;2;250;250;252m[38;2;250;250;252m    [48;2;132;130;131m[38;2;240;238;239m▊[48;2;22;21;21m[38;2;194;192;193m▁[48;2;1;1;1m[38;2;1;1;1m            [0m
[48;2;4;2;10m[38;2;23;2;126m▂▂▂▂▂▂▂▂▂▂▂▂▂▂▂▂▂▂[48;2;5;3;12m[38;2;24;2;129m▂▂[48;2;4;2;10m[38;2;23;2;126m▂▂[48;2;5;3;12m[38;2;24;2;129m▂▂▂▂▂▂[48;2;4;2;10m[38;2;23;2;126m▂▂[48;2;5;3;12m[38;2;24;2;129m▂▂[48;2;18;14;31m[38;2;32;5;173m▁[48;2;215;211;226m[38;2;54;25;195m▁[48;2;249;249;251m[38;2;249;249;251m  [48;2;250;250;252m[38;2;250;250;252m  [48;2;177;170;186m[38;2;247;243;243m▊[48;2;17;13;17m[38;2;26;10;122m▂[48;2;8;3;11m[38;2;25;3;126m▂[48;2;37;31;51m[38;2;57;30;182m▁[48;2;248;246;249m[38;2;248;246;249m  [48;2;250;250;252m[38;2;250;250;252m  [48;2;239;237;242m[38;2;251;250;253m▌[48;2;102;100;105m[38;2;248;247;250m▊[48;2;4;2;11m[38;2;23;1;128m▂▂[48;2;4;2;10m[38;2;23;2;126m▂▂▂▂▂▂▂▂▂▂[0m
[48;2;38;3;183m[38;2;38;3;183m                                [48;2;37;2;180m[38;2;33;0;176m▌[48;2;49;14;192m[38;2;44;9;187m▌[48;2;255;255;255m[38;2;236;236;238m▌[48;2;252;252;253m[38;2;244;244;246m┃[48;2;250;250;252m[38;2;250;250;252m  [48;2;187;174;228m[38;2;248;245;244m▊[48;2;33;3;181m[38;2;70;45;172m▎[48;2;38;4;181m[38;2;25;0;168m▘[48;2;43;8;186m[38;2;56;21;199m▝[48;2;241;238;241m[38;2;61;38;180m▆[48;2;239;235;242m[38;2;99;79;191m▂[48;2;250;250;252m[38;2;250;250;252m  [48;2;251;250;253m[38;2;236;235;240m┛[48;2;239;238;241m[38;2;0;0;0m [48;2;42;14;197m[38;2;205;198;226m▆[48;2;37;10;176m[38;2;190;179;225m▂[48;2;38;3;183m[38;2;38;3;183m          [0m
[48;2;38;3;183m[38;2;38;3;183m                                [48;2;41;6;184m[38;2;41;6;184m  [48;2;255;255;255m[38;2;236;236;238m▌[48;2;252;252;253m[38;2;244;244;246m┃[48;2;250;250;252m[38;2;250;250;252m  [48;2;207;200;237m[38;2;246;244;245m▊[48;2;48;24;173m[38;2;205;199;220m▂[48;2;39;4;184m[38;2;39;4;184m  [48;2;30;0;168m[38;2;45;11;190m▌[48;2;114;90;200m[38;2;41;9;187m▊[48;2;238;237;239m[38;2;89;72;178m▂[48;2;247;246;246m[38;2;0;0;0m [48;2;250;250;252m[38;2;250;250;252m  [48;2;251;250;253m[38;2;236;235;240m┛[48;2;239;238;241m[38;2;0;0;0m [48;2;55;28;195m[38;2;191;179;225m▆[48;2;40;8;186m[38;2;34;5;162m▖[48;2;38;3;183m[38;2;38;3;183m        [0m
[48;2;38;3;185m[38;2;38;3;185m                                [48;2;37;2;180m[38;2;33;0;176m▌[48;2;49;14;192m[38;2;44;9;187m▌[48;2;255;255;255m[38;2;236;236;238m▌[48;2;252;252;253m[38;2;244;244;246m┃[48;2;250;250;252m[38;2;250;250;252m  [48;2;242;241;247m[38;2;254;253;255m┃[48;2;183;182;188m[38;2;245;244;248m▊[48;2;40;5;183m[38;2;40;5;183m  [48;2;38;3;185m[38;2;38;3;185m  [48;2;40;11;178m[38;2;0;0;0m [48;2;224;213;242m[38;2;82;59;186m▆[48;2;250;250;252m[38;2;250;250;252m    [48;2;235;233;241m[38;2;0;0;0m [48;2;56;38;177m[38;2;183;175;223m▆[48;2;38;3;185m[38;2;38;3;185m        [0m
[48;2;38;3;185m[38;2;38;3;185m                                [48;2;39;4;184m[38;2;39;4;184m  [48;2;202;196;220m[38;2;55;30;180m▆[48;2;249;247;247m[38;2;214;206;243m▎[48;2;250;250;252m[38;2;250;250;252m  [48;2;255;254;255m[38;2;246;245;251m▌[48;2;175;174;180m[38;2;246;245;249m▊[48;2;40;5;183m[38;2;40;5;183m  [48;2;38;3;185m[38;2;38;3;185m  [48;2;33;0;176m[38;2;40;5;183m▝[48;2;57;22;200m[38;2;35;2;178m▄[48;2;226;223;226m[38;2;57;37;180m▆[48;2;237;233;242m[38;2;86;67;182m▂[48;2;250;250;252m[38;2;250;250;252m  [48;2;246;245;250m[38;2;236;235;241m╺[48;2;236;235;239m[38;2;0;0;0m [48;2;108;87;196m[38;2;214;207;228m┓[48;2;44;8;204m[38;2;38;8;167m┫[48;2;38;3;185m[38;2;38;3;185m      [0m
[48;2;38;3;185m[38;2;38;3;185m                                  [48;2;87;66;187m[38;2;37;7;183m▊[48;2;252;251;245m[38;2;203;193;243m▎[48;2;250;250;252m[38;2;250;250;252m  [48;2;242;241;244m[38;2;0;0;0m [48;2;213;209;229m[38;2;51;32;173m▂[48;2;39;4;184m[38;2;39;4;184m  [48;2;38;3;185m[38;2;38;3;185m    [48;2;33;1;176m[38;2;46;11;189m▘[48;2;37;4;180m[38;2;76;41;219m▝[48;2;211;207;216m[38;2;84;62;194m▆[48;2;234;236;215m[38;2;252;248;251m▊[48;2;246;235;238m[38;2;0;0;0m [48;2;237;230;231m[38;2;222;90;132m▂[48;2;149;95;167m[38;2;209;207;215m┛[48;2;43;5;203m[38;2;36;4;170m┃[48;2;38;3;185m[38;2;38;3;185m      [0m
[48;2;38;3;185m[38;2;38;3;185m                                [48;2;38;3;183m[38;2;38;3;183m  [48;2;48;20;179m[38;2;22;9;57m▃[48;2;236;195;200m[38;2;198;69;98m▆[48;2;236;215;204m[38;2;214;75;104m▆▆[48;2;210;195;211m[38;2;113;46;51m▆[48;2;41;26;148m[38;2;16;4;19m▆[48;2;36;13;142m[38;2;5;3;13m▆▆▆▆▆▆[48;2;35;9;137m[38;2;8;2;11m▆[48;2;32;5;133m[38;2;22;14;25m▆[48;2;44;28;61m[38;2;213;78;108m▂[48;2;179;104;117m[38;2;40;17;37m━[48;2;230;173;171m[38;2;222;81;107m▆[48;2;220;77;104m[38;2;214;69;97m▄[48;2;191;61;89m[38;2;0;0;0m [48;2;63;29;116m[38;2;139;57;109m━[48;2;38;3;185m[38;2;38;3;185m      [0m
[48;2;38;3;185m[38;2;38;3;185m                                  [48;2;39;24;82m[38;2;38;8;165m▆[48;2;131;43;57m[38;2;28;10;93m▆[48;2;148;48;74m[38;2;28;10;81m▆▆[48;2;8;3;24m[38;2;39;10;180m▂▂▂▂▂▂▂▂[48;2;12;5;25m[38;2;43;11;182m▂▂[48;2;168;49;82m[38;2;25;10;82m▆▆[48;2;155;55;81m[38;2;27;8;81m▆▆[48;2;53;17;68m[38;2;53;3;190m▂[48;2;25;10;84m[38;2;39;10;181m▆[48;2;38;3;185m[38;2;38;3;185m      [0m
[48;2;40;2;185m[38;2;40;2;185m                                                            [0m
[48;2;40;2;185m[38;2;40;2;185m                                                            [0m
