[48;2;1;1;1m[38;2;1;1;1m                                                            [0m
[48;2;1;1;1m[38;2;1;1;1m                                                            [0m
[48;2;1;1;1m[38;2;1;1;1m                                                            [0m
[48;2;1;1;1m[38;2;1;1;1m                                                            [0m
[48;2;1;1;1m[38;2;1;1;1m                            [48;2;1;1;3m[38;2;1;1;3m  [48;2;1;1;1m[38;2;1;1;1m                              [0m
[48;2;1;1;1m[38;2;1;1;1m                        [48;2;1;1;3m[38;2;1;1;3m    [48;2;3;1;6m[38;2;3;1;6m  [48;2;2;0;3m[38;2;2;0;3m  [48;2;1;1;3m[38;2;1;1;3m  [48;2;1;0;2m[38;2;5;3;6m▌[48;2;7;5;8m[38;2;34;32;35m▗[48;2;10;9;11m[38;2;215;213;215m▄▄[48;2;11;10;12m[38;2;216;214;217m▄▄[48;2;32;31;33m[38;2;198;196;199m▃[48;2;12;11;13m[38;2;0;0;0m [48;2;1;1;3m[38;2;1;1;3m  [48;2;1;1;1m[38;2;1;1;1m                [0m
[48;2;1;1;1m[38;2;1;1;1m                        [48;2;3;1;6m[38;2;3;1;6m      [48;2;1;1;3m[38;2;1;1;3m  [48;2;3;1;6m[38;2;3;1;6m  [48;2;63;58;62m[38;2;11;7;10m▊[48;2;235;231;234m[38;2;184;179;183m▎[48;2;245;237;236m[38;2;0;0;0m [48;2;249;240;240m[38;2;201;98;128m▄[48;2;247;236;240m[38;2;208;92;110m▄[48;2;231;219;225m[38;2;191;75;93m▄[48;2;71;69;72m[38;2;10;9;11m▇[48;2;5;3;6m[38;2;0;0;0m [48;2;3;1;4m[38;2;3;1;4m  [48;2;1;1;1m[38;2;1;1;1m                [0m
[48;2;1;1;1m[38;2;1;1;1m                        [48;2;1;1;3m[38;2;1;1;3m  [48;2;3;1;6m[38;2;3;1;6m  [48;2;1;1;3m[38;2;1;1;3m    [48;2;2;0;3m[38;2;2;0;3m  [48;2;81;75;79m[38;2;4;0;2m▊[48;2;202;196;200m[38;2;252;246;250m┃[48;2;206;95;117m[38;2;213;68;101m▆[48;2;58;20;20m[38;2;186;68;92m▄[48;2;170;54;78m[38;2;213;64;98m▊[48;2;38;18;12m[38;2;184;63;88m▄[48;2;3;1;4m[38;2;3;1;4m  [48;2;1;1;3m[38;2;1;1;3m  [48;2;1;1;1m[38;2;1;1;1m                [0m
[48;2;1;1;1m[38;2;1;1;1m                    [48;2;2;2;4m[38;2;2;2;4m  [48;2;3;1;6m[38;2;3;1;6m    [48;2;1;1;3m[38;2;1;1;3m        [48;2;84;78;82m[38;2;10;5;8m▊[48;2;205;199;203m[38;2;253;249;252m┃[48;2;223;81;107m[38;2;203;61;87m┃┃[48;2;212;76;100m[38;2;207;71;95m▄[48;2;194;58;82m[38;2;225;89;113m▚[48;2;19;15;18m[38;2;204;199;203m▄[48;2;18;14;17m[38;2;0;0;0m [48;2;3;1;6m[38;2;3;1;6m  [48;2;1;1;3m[38;2;1;1;3m  [48;2;1;1;1m[38;2;1;1;1m              [0m
[48;2;1;1;1m[38;2;1;1;1m                [48;2;2;0;3m[38;2;2;0;3m  [48;2;3;1;4m[38;2;3;1;4m  [48;2;3;1;6m[38;2;3;1;6m    [48;2;1;1;3m[38;2;1;1;3m  [48;2;1;1;1m[38;2;1;1;1m    [48;2;1;1;3m[38;2;1;1;3m  [48;2;17;5;5m[38;2;0;0;0m [48;2;36;21;22m[38;2;171;64;96m▄[48;2;227;216;214m[38;2;205;91;124m▄[48;2;244;234;234m[38;2;225;187;194m▁[48;2;205;83;108m[38;2;245;222;215m▄[48;2;213;64;99m[38;2;204;107;124m▄[48;2;195;93;123m[38;2;246;236;236m▄[48;2;249;243;241m[38;2;0;0;0m [48;2;244;244;246m[38;2;250;250;252m▌[48;2;245;245;246m[38;2;180;180;182m▝[48;2;20;18;21m[38;2;206;204;207m▄[48;2;19;17;20m[38;2;0;0;0m [48;2;2;0;3m[38;2;2;0;3m  [48;2;1;1;3m[38;2;1;1;3m    [48;2;1;1;1m[38;2;1;1;1m          [0m
[48;2;1;1;1m[38;2;1;1;1m            [48;2;1;1;3m[38;2;1;1;3m  [48;2;3;1;6m[38;2;3;1;6m      [48;2;1;1;3m[38;2;1;1;3m  [48;2;1;1;1m[38;2;1;1;1m    [48;2;20;8;13m[38;2;154;59;70m▄[48;2;23;8;15m[38;2;206;65;91m▄[48;2;19;10;13m[38;2;80;50;60m▁[48;2;10;3;4m[38;2;53;23;33m▁[48;2;4;3;5m[38;2;102;100;103m▁▁[48;2;23;12;12m[38;2;116;109;107m▁[48;2;191;86;117m[38;2;229;219;220m▄[48;2;211;78;102m[38;2;231;141;151m▁▁[48;2;248;246;249m[38;2;248;246;249m  [48;2;250;250;252m[38;2;250;250;252m    [48;2;244;242;245m[38;2;255;254;255m▎[48;2;150;148;151m[38;2;242;240;243m▊[48;2;4;2;7m[38;2;4;2;7m  [48;2;1;1;3m[38;2;1;1;3m    [48;2;1;1;1m[38;2;1;1;1m          [0m
[48;2;1;1;1m[38;2;1;1;1m            [48;2;3;1;6m[38;2;3;1;6m      [48;2;3;1;4m[38;2;3;1;4m  [48;2;1;1;3m[38;2;1;1;3m  [48;2;1;1;1m[38;2;1;1;1m    [48;2;13;6;7m[38;2;0;0;0m [48;2;144;45;76m[38;2;13;5;6m▄[48;2;204;69;101m[38;2;94;27;36m▁[48;2;206;74;105m[38;2;209;181;177m▅[48;2;240;238;241m[38;2;120;118;121m▁[48;2;250;248;250m[38;2;131;129;132m▁[48;2;249;249;251m[38;2;249;249;251m    [48;2;250;250;252m[38;2;250;250;252m      [48;2;252;250;252m[38;2;244;242;245m┃[48;2;152;150;153m[38;2;243;242;244m▊[48;2;4;2;5m[38;2;4;2;5m  [48;2;1;1;1m[38;2;1;1;1m              [0m
[48;2;1;1;1m[38;2;1;1;1m            [48;2;1;1;3m[38;2;1;1;3m  [48;2;3;1;6m[38;2;3;1;6m  [48;2;2;0;3m[38;2;2;0;3m  [48;2;1;1;1m[38;2;1;1;1m  [48;2;3;1;6m[38;2;3;1;6m    [48;2;1;1;1m[38;2;1;1;1m      [48;2;5;3;4m[38;2;5;3;4m  [48;2;231;229;232m[38;2;27;26;28m▅[48;2;220;219;221m[38;2;6;4;7m▄[48;2;235;233;236m[38;2;51;49;52m▅[48;2;250;248;250m[38;2;211;210;212m▎[48;2;250;250;252m[38;2;250;250;252m      [48;2;245;244;246m[38;2;0;0;0m [48;2;202;200;203m [48;2;4;2;5m[38;2;4;2;5m  [48;2;1;1;1m[38;2;1;1;1m              [0m
[48;2;1;1;1m[38;2;1;1;1m              [48;2;2;0;3m[38;2;2;0;3m  [48;2;1;1;3m[38;2;1;1;3m    [48;2;3;1;6m[38;2;3;1;6m  [48;2;3;1;4m[38;2;3;1;4m  [48;2;1;1;3m[38;2;1;1;3m  [48;2;1;1;1m[38;2;1;1;1m    [48;2;1;1;3m[38;2;1;1;3m  [48;2;2;0;3m[38;2;2;0;3m  [48;2;16;12;15m[38;2;0;0;0m [48;2;225;221;224m[38;2;42;37;41m▅[48;2;247;247;249m[38;2;247;247;249m  [48;2;250;250;252m[38;2;250;250;252m    [48;2;148;143;147m[38;2;247;242;246m▊[48;2;3;0;2m[38;2;25;20;24m▄[48;2;1;1;3m[38;2;1;1;3m  [48;2;1;1;1m[38;2;1;1;1m              [0m
[48;2;1;1;1m[38;2;1;1;1m                [48;2;3;1;4m[38;2;3;1;4m  [48;2;3;1;6m[38;2;3;1;6m  [48;2;2;0;3m[38;2;2;0;3m  [48;2;3;1;6m[38;2;3;1;6m  [48;2;2;0;3m[38;2;2;0;3m  [48;2;1;1;1m[38;2;1;1;1m    [48;2;3;1;6m[38;2;3;1;6m    [48;2;1;0;2m[38;2;7;5;8m│[48;2;66;64;67m[38;2;8;6;9m▊[48;2;230;228;231m[38;2;118;116;119m▁[48;2;247;246;248m[38;2;0;0;0m [48;2;250;250;252m[38;2;250;250;252m  [48;2;243;242;244m[38;2;0;0;0m [48;2;233;232;234m[38;2;139;137;140m▂[48;2;196;190;192m[38;2;73;67;69m▅[48;2;20;15;16m[38;2;152;146;148m▁[48;2;3;1;6m[38;2;3;1;6m  [48;2;1;1;1m[38;2;1;1;1m              [0m
[48;2;1;1;1m[38;2;1;1;1m                    [48;2;0;0;0m[38;2;0;0;0m  [48;2;1;1;3m[38;2;1;1;3m  [48;2;1;1;1m[38;2;1;1;1m    [48;2;2;0;3m[38;2;2;0;3m  [48;2;1;1;3m[38;2;1;1;3m  [48;2;3;1;4m[38;2;3;1;4m  [48;2;25;21;24m[38;2;169;164;168m▁[48;2;28;24;27m[38;2;225;220;224m▅[48;2;40;37;37m[38;2;216;212;213m▅[48;2;212;208;209m[38;2;32;29;29m▅[48;2;222;219;220m[38;2;24;20;21m▅▅[48;2;202;196;198m[38;2;90;85;86m▅[48;2;61;55;57m[38;2;228;223;225m▅[48;2;243;241;244m[38;2;253;251;253m┃[48;2;170;168;171m[38;2;238;236;239m▊[48;2;16;14;17m[38;2;136;134;137m▁[48;2;1;0;2m[38;2;16;14;17m▄[48;2;1;1;3m[38;2;1;1;3m  [48;2;1;1;1m[38;2;1;1;1m            [0m
[48;2;1;1;1m[38;2;1;1;1m                        [48;2;1;1;3m[38;2;1;1;3m  [48;2;3;1;6m[38;2;3;1;6m    [48;2;1;1;3m[38;2;1;1;3m  [48;2;1;0;4m[38;2;9;7;12m┛[48;2;32;30;35m[38;2;170;168;173m▁[48;2;255;255;255m[38;2;237;237;239m▌[48;2;253;253;254m[38;2;245;245;247m┃[48;2;166;162;163m[38;2;246;243;244m▊[48;2;61;57;58m[38;2;12;8;9m┃[48;2;32;27;31m[38;2;203;198;202m▅[48;2;86;81;85m[38;2;24;19;23m▊[48;2;255;255;255m[38;2;236;236;238m▌[48;2;252;252;253m[38;2;244;244;246m┃[48;2;250;250;252m[38;2;250;250;252m  [48;2;138;133;137m[38;2;242;238;242m▊[48;2;26;21;25m[38;2;141;136;140m▁[48;2;1;1;1m[38;2;1;1;1m              [0m
[48;2;1;1;1m[38;2;1;1;1m                    [48;2;2;0;3m[38;2;2;0;3m  [48;2;1;1;1m[38;2;1;1;1m  [48;2;3;1;6m[38;2;3;1;6m      [48;2;2;0;3m[38;2;2;0;3m  [48;2;52;50;53m[38;2;6;4;7m▊[48;2;246;245;247m[38;2;175;173;176m▎[48;2;243;242;244m[38;2;0;0;0m [48;2;229;227;230m[38;2;89;87;90m▁[48;2;202;196;200m[38;2;92;86;90m▅[48;2;66;61;64m[38;2;227;222;225m▅[48;2;211;206;210m[38;2;87;81;85m▁[48;2;58;52;56m[38;2;182;176;180m▁[48;2;255;255;255m[38;2;237;237;239m▌[48;2;253;253;254m[38;2;245;245;247m┃[48;2;250;250;252m[38;2;250;250;252m  [48;2;246;244;247m[38;2;246;244;247m▄[48;2;136;134;137m[38;2;249;247;250m▊[48;2;1;1;1m[38;2;1;1;1m              [0m
[48;2;1;1;1m[38;2;1;1;1m                  [48;2;1;1;3m[38;2;1;1;3m  [48;2;2;0;3m[38;2;2;0;3m  [48;2;1;1;3m[38;2;1;1;3m  [48;2;3;1;6m[38;2;3;1;6m    [48;2;2;0;3m[38;2;2;0;3m  [48;2;3;1;6m[38;2;3;1;6m  [48;2;52;50;53m[38;2;6;4;7m▊[48;2;246;245;247m[38;2;175;173;176m▎[48;2;241;240;242m[38;2;0;0;0m [48;2;63;61;64m[38;2;243;241;243m▅[48;2;248;248;249m[38;2;232;232;234m▘[48;2;251;251;252m[38;2;218;218;220m▝[48;2;69;67;70m[38;2;238;236;239m▅[48;2;244;243;245m[38;2;0;0;0m [48;2;250;250;252m[38;2;250;250;252m    [48;2;249;249;250m[38;2;232;232;234m╵[48;2;238;238;239m[38;2;0;0;0m [48;2;82;80;81m[38;2;228;226;227m┓[48;2;13;11;12m[38;2;1;0;0m┏[48;2;1;1;1m[38;2;1;1;1m            [0m
[48;2;1;1;1m[38;2;1;1;1m                  [48;2;2;0;3m[38;2;2;0;3m    [48;2;3;1;6m[38;2;3;1;6m      [48;2;1;1;3m[38;2;1;1;3m  [48;2;3;1;6m[38;2;3;1;6m  [48;2;52;50;53m[38;2;6;4;7m▊[48;2;246;245;247m[38;2;175;173;176m▎[48;2;250;250;252m[38;2;250;250;252m    [48;2;241;241;243m[38;2;251;251;252m▅[48;2;251;251;252m[38;2;241;241;243m▃[48;2;245;243;246m[38;2;104;102;105m▂[48;2;246;245;247m[38;2;0;0;0m [48;2;250;250;252m[38;2;250;250;252m    [48;2;235;233;236m[38;2;0;0;0m [48;2;80;79;81m[38;2;230;229;231m┓[48;2;1;1;1m[38;2;1;1;1m            [0m
[48;2;4;2;10m[38;2;23;2;126m▂▂▂▂▂▂▂▂▂▂▂▂▂▂▂▂▂▂[48;2;5;3;12m[38;2;24;2;129m▂▂[48;2;4;2;10m[38;2;23;2;126m▂▂[48;2;5;3;12m[38;2;24;2;129m▂▂▂▂▂▂[48;2;4;2;10m[38;2;23;2;126m▂▂[48;2;5;3;12m[38;2;24;2;129m▂▂[48;2;17;16;19m[38;2;27;11;125m▂[48;2;248;246;244m[38;2;178;173;189m▎[48;2;250;250;252m[38;2;250;250;252m    [48;2;255;255;255m[38;2;253;253;255m▌[48;2;164;164;166m[38;2;240;240;242m▊[48;2;26;21;30m[38;2;40;16;141m▂[48;2;205;200;209m[38;2;38;25;79m▅[48;2;230;228;240m[38;2;62;45;148m▁[48;2;244;243;245m[38;2;0;0;0m [48;2;250;250;252m[38;2;250;250;252m  [48;2;249;249;250m[38;2;234;234;236m┓[48;2;236;236;237m[38;2;0;0;0m [48;2;83;81;92m[38;2;230;226;238m┓[48;2;9;5;23m[38;2;46;21;170m▁[48;2;4;2;10m[38;2;23;2;126m▂▂▂▂▂▂▂▂▂▂[0m
[48;2;38;3;183m[38;2;38;3;183m                                [48;2;40;10;180m[38;2;49;16;190m─[48;2;220;210;240m[38;2;55;26;181m▆[48;2;243;243;245m[38;2;239;239;241m▌[48;2;254;254;255m[38;2;250;250;252m▌[48;2;250;250;252m  [48;2;208;201;236m[38;2;243;241;240m▊[48;2;222;217;234m[38;2;56;32;179m▆[48;2;39;4;184m[38;2;39;4;184m  [48;2;101;78;208m[38;2;36;7;180m▊[48;2;237;235;235m[38;2;93;72;191m▂[48;2;250;250;252m[38;2;250;250;252m    [48;2;232;230;237m[38;2;0;0;0m [48;2;38;16;154m[38;2;207;201;228m▆[48;2;55;25;188m[38;2;191;176;228m▁[48;2;38;6;174m[38;2;40;2;202m▗[48;2;38;3;183m[38;2;38;3;183m        [0m
[48;2;38;3;183m[38;2;38;3;183m                                [48;2;41;6;184m[38;2;41;6;184m  [48;2;255;255;255m[38;2;236;236;238m▌[48;2;252;252;253m[38;2;244;244;246m┃[48;2;250;250;252m[38;2;250;250;252m  [48;2;244;243;245m[38;2;0;0;0m [48;2;54;33;176m[38;2;215;212;229m▆[48;2;39;4;182m[38;2;39;4;182m  [48;2;33;1;176m[38;2;46;11;189m▘[48;2;37;4;180m[38;2;76;41;219m▝[48;2;239;236;236m[38;2;64;41;183m▆[48;2;239;235;244m[38;2;98;78;190m▂[48;2;250;250;252m[38;2;250;250;252m    [48;2;234;232;242m[38;2;0;0;0m [48;2;72;53;177m[38;2;213;209;227m▅[48;2;55;24;189m[38;2;184;169;224m▁[48;2;39;7;175m[38;2;33;0;195m▗[48;2;38;3;183m[38;2;38;3;183m      [0m
[48;2;38;3;185m[38;2;38;3;185m                                [48;2;39;4;184m[38;2;39;4;184m  [48;2;210;205;225m[38;2;54;29;177m▆[48;2;250;248;247m[38;2;215;207;243m▎[48;2;250;250;252m[38;2;250;250;252m  [48;2;242;241;247m[38;2;254;253;255m┃[48;2;183;182;188m[38;2;245;244;248m▊[48;2;40;5;183m[38;2;40;5;183m  [48;2;38;3;185m[38;2;38;3;185m  [48;2;39;7;185m[38;2;33;3;161m▃[48;2;134;111;218m[38;2;41;10;185m▊[48;2;241;240;242m[38;2;82;69;172m▂[48;2;246;245;247m[38;2;0;0;0m [48;2;250;250;252m[38;2;250;250;252m    [48;2;121;101;213m[38;2;234;230;241m▊[48;2;40;19;169m[38;2;170;157;222m▂[48;2;38;3;185m[38;2;38;3;185m      [0m
[48;2;38;3;185m[38;2;38;3;185m                                  [48;2;72;45;186m[38;2;38;6;190m▊[48;2;227;221;233m[38;2;61;38;173m▂[48;2;249;249;251m[38;2;249;249;251m  [48;2;255;254;255m[38;2;246;245;251m▌[48;2;175;174;180m[38;2;246;245;249m▊[48;2;40;5;183m[38;2;40;5;183m  [48;2;38;3;185m[38;2;38;3;185m    [48;2;46;15;183m[38;2;0;0;0m [48;2;212;204;227m[38;2;63;39;188m▆[48;2;235;234;237m[38;2;94;77;184m▂[48;2;248;246;253m[38;2;247;248;233m▗[48;2;250;250;252m[38;2;250;250;252m  [48;2;246;245;249m[38;2;235;234;240m╺[48;2;236;235;239m[38;2;0;0;0m [48;2;110;90;192m[38;2;214;204;237m┓[48;2;41;8;188m[38;2;28;3;161m▎[48;2;38;3;185m[38;2;38;3;185m    [0m
[48;2;38;3;185m[38;2;38;3;185m                                  [48;2;50;12;209m[38;2;39;4;185m▊[48;2;83;55;191m[38;2;36;6;173m▊[48;2;250;250;251m[38;2;232;232;234m▌[48;2;250;250;252m[38;2;255;255;255m▌[48;2;242;241;244m[38;2;0;0;0m [48;2;213;209;229m[38;2;51;32;173m▂[48;2;39;4;184m[38;2;39;4;184m  [48;2;38;3;185m[38;2;38;3;185m      [48;2;42;13;178m[38;2;0;0;0m [48;2;219;208;240m[38;2;71;45;188m▆[48;2;218;215;230m[38;2;90;76;193m▁[48;2;248;246;248m[38;2;0;0;0m [48;2;239;231;231m [48;2;234;200;209m[38;2;194;71;108m▂[48;2;176;146;197m[38;2;150;57;127m▆[48;2;30;7;187m[38;2;30;6;185m▄[48;2;38;3;185m[38;2;38;3;185m    [0m
[48;2;38;3;185m[38;2;38;3;185m                                [48;2;38;3;183m[38;2;38;3;183m  [48;2;39;3;184m[38;2;28;8;53m▃[48;2;50;24;167m[38;2;188;60;94m▂[48;2;236;215;204m[38;2;214;75;104m▆▆[48;2;223;173;200m[38;2;199;72;92m▆[48;2;44;23;143m[38;2;18;11;17m▆[48;2;36;13;142m[38;2;5;3;13m▆▆▆▆▆▆[48;2;36;13;140m[38;2;5;3;12m▆▆[48;2;48;14;156m[38;2;30;14;19m▆[48;2;31;12;65m[38;2;198;66;99m▂[48;2;80;40;73m[38;2;209;77;98m▂[48;2;240;200;227m[38;2;210;79;100m▆[48;2;233;167;169m[38;2;218;70;99m▆[48;2;199;71;94m[38;2;0;0;0m [48;2;75;25;73m[38;2;146;60;126m┛[48;2;43;4;174m[38;2;13;1;73m▖[48;2;38;3;185m[38;2;38;3;185m    [0m
[48;2;38;3;185m[38;2;38;3;185m                                  [48;2;39;24;82m[38;2;38;8;165m▆[48;2;131;43;57m[38;2;28;10;93m▆[48;2;167;48;81m[38;2;24;10;81m▆▆[48;2;132;44;70m[38;2;23;7;80m▆[48;2;16;9;27m[38;2;40;12;179m▂[48;2;8;3;24m[38;2;39;10;180m▂▂▂▂▂▂▂▂[48;2;22;11;30m[38;2;47;14;183m▂[48;2;138;46;74m[38;2;28;8;82m▆[48;2;155;55;81m[38;2;27;8;81m▆▆[48;2;157;59;87m[38;2;27;12;82m▆[48;2;55;17;31m[38;2;43;8;150m▃[48;2;18;6;59m[38;2;38;6;179m▂[48;2;33;13;111m[38;2;34;2;177m▆[48;2;38;3;185m[38;2;38;3;185m    [0m
[48;2;40;2;185m[38;2;40;2;185m                                                            [0m
[48;2;40;2;185m[38;2;40;2;185m                                                            [0m
