[48;2;1;1;1m[38;2;1;1;1m                                                            [0m
[48;2;1;1;1m[38;2;1;1;1m                                                            [0m
[48;2;1;1;1m[38;2;1;1;1m                                                            [0m
[48;2;1;1;1m[38;2;1;1;1m                                                            [0m
[48;2;1;1;1m[38;2;1;1;1m                            [48;2;1;1;3m[38;2;1;1;3m  [48;2;1;1;1m[38;2;1;1;1m    [48;2;1;0;0m[38;2;3;1;2m▖[48;2;5;3;4m[38;2;41;39;40m▗[48;2;33;29;30m[38;2;236;232;233m▃▃[48;2;31;27;28m[38;2;241;239;240m▃▃[48;2;27;25;26m[38;2;203;201;202m▃[48;2;13;11;12m[38;2;1;0;0m▚[48;2;1;1;1m[38;2;1;1;1m                  [0m
[48;2;1;1;1m[38;2;1;1;1m                        [48;2;1;1;3m[38;2;1;1;3m    [48;2;3;1;6m[38;2;3;1;6m  [48;2;2;0;3m[38;2;2;0;3m  [48;2;1;1;3m[38;2;1;1;3m  [48;2;63;58;62m[38;2;10;6;9m▊[48;2;151;146;150m[38;2;232;228;231m▇[48;2;245;240;237m[38;2;0;0;0m [48;2;248;242;241m[38;2;202;101;130m▄[48;2;237;217;225m[38;2;196;70;91m▃[48;2;230;210;217m[38;2;190;64;85m▃[48;2;103;101;104m[38;2;12;10;13m▇[48;2;1;0;2m[38;2;10;8;11m━[48;2;1;1;3m[38;2;1;1;3m  [48;2;1;1;1m[38;2;1;1;1m                [0m
[48;2;1;1;1m[38;2;1;1;1m                        [48;2;3;1;6m[38;2;3;1;6m      [48;2;1;1;3m[38;2;1;1;3m  [48;2;3;1;6m[38;2;3;1;6m  [48;2;81;75;79m[38;2;4;0;2m▊[48;2;202;196;200m[38;2;252;246;250m┃[48;2;201;140;145m[38;2;202;72;100m▇[48;2;69;24;24m[38;2;186;61;87m▄[48;2;158;43;66m[38;2;214;67;101m▊[48;2;43;23;16m[38;2;173;60;82m▄[48;2;3;1;4m[38;2;3;1;4m    [48;2;1;1;1m[38;2;1;1;1m                [0m
[48;2;1;1;1m[38;2;1;1;1m                        [48;2;3;1;4m[38;2;3;1;4m  [48;2;3;1;6m[38;2;3;1;6m  [48;2;1;1;3m[38;2;1;1;3m    [48;2;2;0;3m[38;2;2;0;3m  [48;2;84;75;78m[38;2;11;4;5m▊[48;2;205;196;199m[38;2;253;246;249m┃[48;2;217;73;100m[38;2;217;73;100m  [48;2;216;78;103m[38;2;208;70;95m┃[48;2;190;52;77m[38;2;222;84;109m▌[48;2;5;3;6m[38;2;5;3;6m  [48;2;1;1;3m[38;2;1;1;3m  [48;2;1;1;1m[38;2;1;1;1m                [0m
[48;2;1;1;1m[38;2;1;1;1m                    [48;2;2;2;4m[38;2;2;2;4m  [48;2;3;1;6m[38;2;3;1;6m  [48;2;4;3;4m[38;2;18;0;9m▎[48;2;199;75;95m[38;2;84;18;28m▎[48;2;52;18;24m[38;2;193;65;103m▄[48;2;20;11;10m[38;2;0;0;0m [48;2;5;3;6m[38;2;35;33;36m▁▁[48;2;6;4;7m[38;2;47;45;48m▁▁[48;2;20;18;21m[38;2;218;216;219m▄[48;2;27;26;28m[38;2;228;226;229m▄[48;2;197;195;198m[38;2;244;242;245m▆[48;2;248;246;248m[38;2;230;228;231m▝[48;2;220;77;109m[38;2;237;223;212m▄[48;2;206;70;100m[38;2;215;96;121m▄[48;2;198;92;124m[38;2;245;231;231m▄[48;2;248;239;238m[38;2;0;0;0m [48;2;156;154;157m[38;2;233;232;234m▇[48;2;31;29;32m[38;2;229;227;230m▄[48;2;15;14;16m[38;2;200;198;201m▄[48;2;15;13;16m[38;2;0;0;0m [48;2;1;1;1m[38;2;1;1;1m                [0m
[48;2;1;1;1m[38;2;1;1;1m                [48;2;2;0;3m[38;2;2;0;3m  [48;2;3;1;4m[38;2;3;1;4m  [48;2;3;1;6m[38;2;3;1;6m    [48;2;7;3;2m[38;2;0;0;0m [48;2;153;55;83m[38;2;20;13;11m▄[48;2;218;71;105m[38;2;126;43;56m▖[48;2;205;81;107m[38;2;217;198;190m▄[48;2;235;229;233m[38;2;177;171;175m▁[48;2;244;240;244m[38;2;188;182;186m▁[48;2;208;206;209m[38;2;249;247;249m▇▇[48;2;250;250;252m[38;2;250;250;252m    [48;2;249;249;251m[38;2;249;249;251m  [48;2;250;250;252m[38;2;250;250;252m  [48;2;249;247;250m[38;2;249;247;250m  [48;2;248;243;247m[38;2;220;215;219m▁[48;2;149;144;148m[38;2;240;236;239m▊[48;2;6;5;7m[38;2;26;24;27m▃[48;2;2;0;3m[38;2;1;0;2m▗[48;2;1;1;3m[38;2;1;1;3m    [48;2;1;1;1m[38;2;1;1;1m          [0m
[48;2;1;1;1m[38;2;1;1;1m            [48;2;1;1;3m[38;2;1;1;3m  [48;2;3;1;6m[38;2;3;1;6m      [48;2;1;1;3m[38;2;1;1;3m  [48;2;1;1;1m[38;2;1;1;1m    [48;2;5;3;6m[38;2;5;3;6m  [48;2;13;11;14m[38;2;3;1;4m▅▅[48;2;205;203;206m[38;2;12;11;15m▄[48;2;218;216;221m[38;2;13;11;16m▄[48;2;224;223;225m[38;2;27;26;28m▄[48;2;235;233;236m[38;2;156;154;157m▁[48;2;250;250;252m[38;2;250;250;252m      [48;2;226;185;193m[38;2;246;247;250m▊[48;2;218;97;117m[38;2;211;61;90m┃[48;2;225;153;164m[38;2;201;71;91m▊[48;2;249;229;239m[38;2;243;243;246m┃[48;2;129;124;128m[38;2;237;233;236m▊[48;2;15;11;14m[38;2;86;81;85m▁[48;2;1;1;3m[38;2;1;1;3m    [48;2;1;1;1m[38;2;1;1;1m          [0m
[48;2;1;1;1m[38;2;1;1;1m            [48;2;3;1;6m[38;2;3;1;6m      [48;2;3;1;4m[38;2;3;1;4m  [48;2;1;1;3m[38;2;1;1;3m  [48;2;1;1;1m[38;2;1;1;1m    [48;2;3;1;6m[38;2;3;1;6m      [48;2;14;12;17m[38;2;2;1;5m┃[48;2;49;47;52m[38;2;6;4;9m▊[48;2;237;235;237m[38;2;145;143;146m▁[48;2;247;246;248m[38;2;0;0;0m [48;2;250;250;252m[38;2;250;250;252m    [48;2;253;252;254m[38;2;247;245;248m▃[48;2;245;243;246m[38;2;232;230;233m▝[48;2;199;88;106m[38;2;247;241;246m▄[48;2;217;91;112m[38;2;245;227;234m▅[48;2;246;244;246m[38;2;0;0;0m [48;2;123;121;124m[38;2;224;222;225m▊[48;2;1;1;1m[38;2;1;1;1m              [0m
[48;2;1;1;1m[38;2;1;1;1m            [48;2;1;1;3m[38;2;1;1;3m  [48;2;3;1;6m[38;2;3;1;6m  [48;2;2;0;3m[38;2;2;0;3m  [48;2;1;1;1m[38;2;1;1;1m  [48;2;3;1;6m[38;2;3;1;6m    [48;2;1;1;1m[38;2;1;1;1m        [48;2;2;0;3m[38;2;2;0;3m  [48;2;62;57;61m[38;2;8;3;7m▊[48;2;231;227;230m[38;2;133;128;132m▁[48;2;250;250;252m[38;2;250;250;252m      [48;2;191;189;192m[38;2;245;243;246m▊[48;2;236;234;237m[38;2;39;37;40m▅[48;2;200;199;201m[38;2;26;24;27m▅[48;2;9;7;10m[38;2;0;0;0m [48;2;1;1;1m[38;2;1;1;1m              [0m
[48;2;1;1;1m[38;2;1;1;1m              [48;2;2;0;3m[38;2;2;0;3m  [48;2;1;1;3m[38;2;1;1;3m    [48;2;3;1;6m[38;2;3;1;6m  [48;2;3;1;4m[38;2;3;1;4m  [48;2;1;1;3m[38;2;1;1;3m  [48;2;1;1;1m[38;2;1;1;1m    [48;2;1;1;3m[38;2;1;1;3m  [48;2;2;0;3m[38;2;2;0;3m  [48;2;1;0;2m[38;2;12;10;13m│[48;2;77;75;78m[38;2;7;5;8m▊[48;2;236;235;237m[38;2;134;132;135m▁[48;2;245;244;246m[38;2;0;0;0m [48;2;250;250;252m[38;2;250;250;252m  [48;2;247;246;248m[38;2;0;0;0m [48;2;240;238;241m[38;2;118;116;119m▁[48;2;114;109;113m[38;2;219;215;218m▊[48;2;9;4;8m[38;2;37;32;36m▎[48;2;1;1;3m[38;2;1;1;3m  [48;2;1;1;1m[38;2;1;1;1m              [0m
[48;2;1;1;1m[38;2;1;1;1m                [48;2;3;1;4m[38;2;3;1;4m  [48;2;3;1;6m[38;2;3;1;6m  [48;2;2;0;3m[38;2;2;0;3m  [48;2;3;1;6m[38;2;3;1;6m  [48;2;2;0;3m[38;2;2;0;3m  [48;2;1;1;1m[38;2;1;1;1m    [48;2;3;1;6m[38;2;3;1;6m    [48;2;86;81;85m[38;2;3;0;2m▊[48;2;26;22;25m[38;2;211;206;210m▅[48;2;30;25;31m[38;2;156;151;157m▁[48;2;217;213;218m[38;2;25;21;26m▅[48;2;230;226;231m[38;2;37;32;38m▅[48;2;232;228;233m[38;2;68;64;69m▅[48;2;208;203;207m[38;2;95;90;94m▅[48;2;34;30;33m[38;2;217;213;217m▅[48;2;26;24;27m[38;2;225;223;226m▅[48;2;16;15;17m[38;2;203;201;204m▅[48;2;4;2;7m[38;2;4;2;7m  [48;2;1;1;1m[38;2;1;1;1m              [0m
[48;2;1;1;1m[38;2;1;1;1m                    [48;2;0;0;0m[38;2;0;0;0m  [48;2;1;1;3m[38;2;1;1;3m  [48;2;1;1;1m[38;2;1;1;1m    [48;2;2;0;3m[38;2;2;0;3m  [48;2;1;1;3m[38;2;1;1;3m  [48;2;3;1;4m[38;2;3;1;4m  [48;2;23;22;24m[38;2;121;119;122m▂[48;2;247;245;248m[38;2;201;199;202m▎[48;2;176;171;175m[38;2;247;243;246m▊[48;2;7;3;6m[38;2;53;48;52m▎[48;2;40;35;39m[38;2;162;157;161m▁[48;2;230;225;229m[38;2;107;102;106m▁[48;2;250;250;252m[38;2;250;250;252m  [48;2;249;249;250m[38;2;232;232;234m╵[48;2;238;238;239m[38;2;0;0;0m [48;2;77;75;78m[38;2;229;227;229m┓[48;2;1;0;2m[38;2;20;18;21m [48;2;1;1;3m[38;2;1;1;3m  [48;2;1;1;1m[38;2;1;1;1m            [0m
[48;2;1;1;1m[38;2;1;1;1m                        [48;2;1;1;3m[38;2;1;1;3m  [48;2;3;1;6m[38;2;3;1;6m    [48;2;1;1;3m[38;2;1;1;3m  [48;2;1;0;4m[38;2;7;5;10m│[48;2;66;64;69m[38;2;8;6;11m▊[48;2;246;246;248m[38;2;216;216;218m▎[48;2;245;245;247m[38;2;255;255;255m┃[48;2;221;215;217m[38;2;97;91;93m▁[48;2;58;52;54m[38;2;180;174;176m▁[48;2;213;208;212m[38;2;246;241;245m┃[48;2;72;67;71m[38;2;17;13;16m┃[48;2;255;255;255m[38;2;236;236;238m▌[48;2;252;252;253m[38;2;244;244;246m┃[48;2;250;250;252m[38;2;250;250;252m  [48;2;238;236;239m[38;2;0;0;0m [48;2;31;29;32m[38;2;197;195;198m▅[48;2;1;1;1m[38;2;1;1;1m              [0m
[48;2;1;1;1m[38;2;1;1;1m                    [48;2;2;0;3m[38;2;2;0;3m  [48;2;1;1;1m[38;2;1;1;1m  [48;2;3;1;6m[38;2;3;1;6m      [48;2;2;0;3m[38;2;2;0;3m  [48;2;1;0;4m[38;2;6;4;9m│[48;2;65;63;68m[38;2;7;6;10m▊[48;2;247;247;248m[38;2;222;222;224m▎[48;2;222;222;224m[38;2;247;247;248m▊[48;2;56;54;57m[38;2;236;235;237m▅[48;2;218;216;219m[38;2;243;241;243m▊[48;2;199;194;198m[38;2;103;97;101m▅[48;2;66;60;64m[38;2;233;229;232m▅[48;2;248;248;250m[38;2;248;248;250m  [48;2;250;250;252m[38;2;250;250;252m  [48;2;249;249;250m[38;2;232;232;234m╵[48;2;238;238;239m[38;2;0;0;0m [48;2;81;79;80m[38;2;227;225;226m┓[48;2;12;10;11m[38;2;1;0;0m┏[48;2;1;1;1m[38;2;1;1;1m            [0m
[48;2;1;1;1m[38;2;1;1;1m                  [48;2;1;1;3m[38;2;1;1;3m  [48;2;2;0;3m[38;2;2;0;3m  [48;2;1;1;3m[38;2;1;1;3m  [48;2;3;1;6m[38;2;3;1;6m    [48;2;2;0;3m[38;2;2;0;3m  [48;2;3;1;6m[38;2;3;1;6m  [48;2;12;10;13m[38;2;0;0;0m [48;2;49;47;50m[38;2;222;220;223m▅[48;2;248;248;250m[38;2;248;248;250m  [48;2;250;250;252m[38;2;250;250;252m  [48;2;243;243;245m[38;2;252;252;253m▎[48;2;246;246;247m[38;2;211;211;213m▗[48;2;222;219;222m[38;2;46;41;45m▅[48;2;230;226;229m[38;2;48;43;47m▁[48;2;250;250;252m[38;2;250;250;252m    [48;2;234;232;234m[38;2;0;0;0m [48;2;78;76;79m[38;2;230;229;231m┓[48;2;1;1;1m[38;2;1;1;1m            [0m
[48;2;1;1;1m[38;2;1;1;1m                  [48;2;2;0;3m[38;2;2;0;3m    [48;2;3;1;6m[38;2;3;1;6m      [48;2;1;1;3m[38;2;1;1;3m  [48;2;3;1;6m[38;2;3;1;6m  [48;2;52;50;53m[38;2;6;4;7m▊[48;2;246;245;247m[38;2;175;173;176m▎[48;2;250;250;252m[38;2;250;250;252m    [48;2;242;242;244m[38;2;254;254;255m┃[48;2;183;183;185m[38;2;245;245;247m▊[48;2;9;4;10m[38;2;22;17;23m▎[48;2;76;71;77m[38;2;13;9;14m▊[48;2;230;228;231m[38;2;56;54;57m▁[48;2;244;242;245m[38;2;0;0;0m [48;2;250;250;252m[38;2;250;250;252m  [48;2;249;249;251m[38;2;238;238;240m┏[48;2;251;251;253m[38;2;255;255;255m▌[48;2;80;78;81m[38;2;221;219;221m┓[48;2;1;0;2m[38;2;9;7;10m▄[48;2;1;1;1m[38;2;1;1;1m          [0m
[48;2;4;2;10m[38;2;23;2;126m▂▂▂▂▂▂▂▂▂▂▂▂▂▂▂▂▂▂[48;2;5;3;12m[38;2;24;2;129m▂▂[48;2;4;2;10m[38;2;23;2;126m▂▂[48;2;5;3;12m[38;2;24;2;129m▂▂▂▂▂▂[48;2;4;2;10m[38;2;23;2;126m▂▂[48;2;5;3;12m[38;2;24;2;129m▂▂[48;2;20;17;33m[38;2;44;15;185m▁[48;2;225;223;227m[38;2;99;78;200m▂[48;2;249;249;251m[38;2;249;249;251m  [48;2;250;250;252m[38;2;250;250;252m  [48;2;244;242;242m[38;2;0;0;0m [48;2;208;205;218m[38;2;49;33;154m▁[48;2;15;10;19m[38;2;35;10;138m▂[48;2;6;1;10m[38;2;24;1;126m▂[48;2;40;39;37m[38;2;34;14;146m▂[48;2;240;237;242m[38;2;115;97;201m▂[48;2;250;250;252m[38;2;250;250;252m    [48;2;119;117;122m[38;2;236;235;238m▊[48;2;24;22;27m[38;2;203;201;204m▁[48;2;4;2;10m[38;2;23;2;126m▂▂▂▂▂▂▂▂▂▂[0m
[48;2;38;3;183m[38;2;38;3;183m                                [48;2;41;6;184m[38;2;41;6;184m  [48;2;255;255;255m[38;2;236;236;238m▌[48;2;252;252;253m[38;2;244;244;246m┃[48;2;250;250;252m[38;2;250;250;252m  [48;2;186;176;229m[38;2;248;246;245m▊[48;2;32;4;182m[38;2;69;47;173m▎[48;2;38;3;183m[38;2;38;3;183m  [48;2;30;0;168m[38;2;45;11;190m▌[48;2;114;90;200m[38;2;41;9;187m▊[48;2;244;242;244m[38;2;104;87;192m▂[48;2;243;242;244m[38;2;0;0;0m [48;2;250;250;252m[38;2;250;250;252m  [48;2;251;250;253m[38;2;235;233;244m╵[48;2;131;119;189m[38;2;237;236;235m▊[48;2;54;24;187m[38;2;190;175;228m▁[48;2;37;5;173m[38;2;39;1;201m▗[48;2;38;3;183m[38;2;38;3;183m        [0m
[48;2;38;3;183m[38;2;38;3;183m                                [48;2;41;6;184m[38;2;41;6;184m  [48;2;255;255;255m[38;2;236;236;238m▌[48;2;252;252;253m[38;2;244;244;246m┃[48;2;250;250;252m[38;2;250;250;252m  [48;2;206;199;238m[38;2;245;243;245m▊[48;2;47;23;173m[38;2;204;198;221m▂[48;2;39;4;184m[38;2;39;4;184m  [48;2;38;3;183m[38;2;38;3;183m  [48;2;43;13;184m[38;2;0;0;0m [48;2;231;223;245m[38;2;83;61;184m▆[48;2;250;250;252m[38;2;250;250;252m    [48;2;123;107;198m[38;2;239;236;239m▊[48;2;36;13;175m[38;2;159;144;222m▂[48;2;38;3;183m[38;2;38;3;183m        [0m
[48;2;38;3;185m[38;2;38;3;185m                                [48;2;41;6;184m[38;2;41;6;184m  [48;2;255;255;255m[38;2;236;236;238m▌[48;2;252;252;253m[38;2;244;244;246m┃[48;2;250;250;252m[38;2;250;250;252m  [48;2;242;241;247m[38;2;254;253;255m┃[48;2;183;182;188m[38;2;245;244;248m▊[48;2;40;5;183m[38;2;40;5;183m  [48;2;38;3;185m[38;2;38;3;185m  [48;2;30;0;173m[38;2;38;5;181m▊[48;2;36;5;179m[38;2;80;45;223m▝[48;2;222;216;239m[38;2;82;60;187m▆[48;2;247;245;244m[38;2;225;220;239m╸[48;2;250;250;252m[38;2;250;250;252m  [48;2;253;254;240m[38;2;249;246;255m▌[48;2;52;26;187m[38;2;229;227;233m▊[48;2;38;3;185m[38;2;38;3;185m        [0m
[48;2;38;3;185m[38;2;38;3;185m                                [48;2;39;4;184m[38;2;39;4;184m  [48;2;201;195;220m[38;2;54;29;179m▆[48;2;248;247;247m[38;2;213;205;243m▎[48;2;250;250;252m[38;2;250;250;252m  [48;2;255;254;255m[38;2;246;245;251m▌[48;2;175;174;180m[38;2;246;245;249m▊[48;2;40;5;183m[38;2;40;5;183m  [48;2;38;3;185m[38;2;38;3;185m    [48;2;49;19;186m[38;2;0;0;0m [48;2;206;198;222m[38;2;64;38;188m▆[48;2;235;234;237m[38;2;94;77;184m▂[48;2;248;246;253m[38;2;247;248;233m▗[48;2;242;235;234m[38;2;0;0;0m [48;2;182;165;212m[38;2;165;63;140m▂[48;2;38;3;185m[38;2;38;3;185m        [0m
[48;2;38;3;185m[38;2;38;3;185m                                  [48;2;73;47;186m[38;2;39;8;189m▊[48;2;224;218;233m[38;2;73;49;170m▂[48;2;249;249;251m[38;2;249;249;251m  [48;2;242;241;244m[38;2;0;0;0m [48;2;213;209;229m[38;2;51;32;173m▂[48;2;39;4;184m[38;2;39;4;184m  [48;2;38;3;185m[38;2;38;3;185m      [48;2;51;17;182m[38;2;0;0;0m [48;2;211;195;228m[38;2;58;30;159m▆[48;2;235;170;191m[38;2;220;73;100m▆[48;2;203;75;100m[38;2;0;0;0m [48;2;87;25;138m[38;2;172;63;119m▌[48;2;32;1;178m[38;2;52;15;199m▝[48;2;38;3;185m[38;2;38;3;185m      [0m
[48;2;38;3;185m[38;2;38;3;185m                                [48;2;38;3;183m[38;2;38;3;183m  [48;2;39;3;184m[38;2;28;8;53m▃[48;2;50;24;167m[38;2;188;60;94m▂[48;2;236;215;204m[38;2;214;75;104m▆▆[48;2;223;173;200m[38;2;199;72;92m▆[48;2;44;23;143m[38;2;18;11;17m▆[48;2;36;13;142m[38;2;5;3;13m▆▆▆▆▆▆[48;2;36;13;140m[38;2;5;3;12m▆▆[48;2;38;15;162m[38;2;9;8;17m▆[48;2;45;9;108m[38;2;36;16;18m▆[48;2;212;67;94m[38;2;58;16;29m▃[48;2;186;65;84m[38;2;44;23;30m▃[48;2;40;8;125m[38;2;40;24;41m▊[48;2;41;8;161m[38;2;25;5;76m▂[48;2;38;3;185m[38;2;38;3;185m      [0m
[48;2;38;3;185m[38;2;38;3;185m                                  [48;2;39;24;82m[38;2;38;8;165m▆[48;2;131;43;57m[38;2;28;10;93m▆[48;2;167;48;81m[38;2;24;10;81m▆▆[48;2;132;44;70m[38;2;23;7;80m▆[48;2;16;9;27m[38;2;40;12;179m▂[48;2;8;3;24m[38;2;39;10;180m▂▂▂▂▂▂▂▂▂▂▂▂[48;2;19;8;53m[38;2;39;5;191m▂[48;2;34;18;94m[38;2;35;3;179m▆[48;2;38;3;185m[38;2;38;3;185m      [0m
[48;2;40;2;185m[38;2;40;2;185m                                                            [0m
[48;2;40;2;185m[38;2;40;2;185m                                                            [0m
