[48;2;1;1;1m[38;2;1;1;1m                                                            [0m
[48;2;1;1;1m[38;2;1;1;1m                                                            [0m
[48;2;1;1;1m[38;2;1;1;1m                                                            [0m
[48;2;1;1;1m[38;2;1;1;1m                                    [48;2;3;3;3m[38;2;3;3;3m    [48;2;2;2;2m[38;2;2;2;2m  [48;2;1;1;1m[38;2;1;1;1m                  [0m
[48;2;1;1;1m[38;2;1;1;1m                            [48;2;1;1;3m[38;2;1;1;3m  [48;2;1;1;1m[38;2;1;1;1m    [48;2;13;12;12m[38;2;0;0;0m [48;2;41;39;40m[38;2;228;226;227m▃[48;2;132;130;133m[38;2;245;243;246m▇▇[48;2;140;138;141m[38;2;243;241;243m▇[48;2;150;148;151m[38;2;233;231;234m▇[48;2;186;182;185m[38;2;43;39;42m▄[48;2;3;0;2m[38;2;5;0;4m▘[48;2;1;1;1m[38;2;1;1;1m                  [0m
[48;2;1;1;1m[38;2;1;1;1m                        [48;2;1;1;3m[38;2;1;1;3m    [48;2;3;1;6m[38;2;3;1;6m  [48;2;2;0;3m[38;2;2;0;3m  [48;2;1;1;3m[38;2;1;1;3m  [48;2;70;66;67m[38;2;4;0;1m▊[48;2;245;242;243m[38;2;207;203;204m▎[48;2;236;213;213m[38;2;205;65;102m▃[48;2;200;101;124m[38;2;52;16;19m▄[48;2;219;155;161m[38;2;195;66;94m▇[48;2;193;81;103m[38;2;50;17;14m▄[48;2;3;1;4m[38;2;3;1;4m  [48;2;1;1;3m[38;2;1;1;3m  [48;2;1;1;1m[38;2;1;1;1m                [0m
[48;2;1;1;1m[38;2;1;1;1m                        [48;2;40;19;24m[38;2;189;52;96m▗[48;2;24;11;13m[38;2;0;0;0m [48;2;3;1;6m[38;2;3;1;6m    [48;2;1;1;3m[38;2;1;1;3m  [48;2;5;3;8m[38;2;5;3;8m  [48;2;82;76;80m[38;2;9;4;7m▊[48;2;203;197;201m[38;2;252;247;251m┃[48;2;195;57;82m[38;2;214;76;101m▆▆[48;2;198;60;85m[38;2;216;68;96m▊[48;2;150;35;52m[38;2;203;79;99m▊[48;2;3;1;4m[38;2;3;1;4m    [48;2;1;1;1m[38;2;1;1;1m                [0m
[48;2;1;1;1m[38;2;1;1;1m                      [48;2;6;2;1m[38;2;0;0;0m [48;2;43;17;21m[38;2;208;65;110m▝[48;2;209;70;95m[38;2;165;46;65m▖[48;2;194;69;90m[38;2;219;72;100m▃[48;2;46;24;33m[38;2;221;200;210m▄[48;2;25;26;27m[38;2;0;0;0m [48;2;4;2;5m[38;2;4;2;5m  [48;2;11;9;12m[38;2;0;0;0m [48;2;23;22;24m[38;2;198;196;199m▄[48;2;145;144;149m[38;2;238;237;241m▇[48;2;157;156;161m[38;2;247;246;250m▇[48;2;173;168;172m[38;2;244;239;243m▇[48;2;220;215;219m[38;2;246;242;246m▊[48;2;217;75;101m[38;2;217;75;101m  [48;2;207;69;100m[38;2;214;121;136m▗[48;2;212;75;106m[38;2;242;221;214m▄[48;2;16;14;17m[38;2;224;222;225m▄[48;2;18;16;19m[38;2;207;206;208m▄[48;2;2;0;3m[38;2;12;10;13m▄▄[48;2;1;1;1m[38;2;1;1;1m                [0m
[48;2;1;1;1m[38;2;1;1;1m                    [48;2;2;2;4m[38;2;2;2;4m  [48;2;3;1;6m[38;2;3;1;6m  [48;2;4;0;2m[38;2;13;7;11m▄[48;2;191;186;190m[38;2;25;19;23m▄[48;2;242;241;243m[38;2;167;165;168m▖[48;2;202;200;203m[38;2;242;240;242m▇[48;2;166;164;169m[38;2;243;242;245m▇[48;2;48;46;51m[38;2;232;231;235m▄[48;2;31;30;32m[38;2;227;225;228m▄[48;2;238;236;238m[38;2;0;0;0m [48;2;250;250;252m[38;2;250;250;252m    [48;2;238;235;233m[38;2;0;0;0m [48;2;210;99;132m[38;2;247;231;234m▄[48;2;247;247;249m[38;2;247;247;249m  [48;2;250;250;252m[38;2;250;250;252m  [48;2;178;172;174m[38;2;252;248;250m▇[48;2;157;151;153m[38;2;232;227;229m▊[48;2;51;19;26m[38;2;185;68;103m▖[48;2;12;6;4m[38;2;0;0;0m [48;2;1;1;1m[38;2;1;1;1m              [0m
[48;2;1;1;1m[38;2;1;1;1m                [48;2;2;0;3m[38;2;2;0;3m  [48;2;3;1;4m[38;2;3;1;4m  [48;2;3;1;6m[38;2;3;1;6m    [48;2;1;1;3m[38;2;1;1;3m  [48;2;45;43;46m[38;2;9;7;10m▇[48;2;196;194;197m[38;2;14;12;15m▄[48;2;231;229;232m[38;2;25;23;26m▄[48;2;240;238;241m[38;2;169;167;170m▖[48;2;255;254;255m[38;2;243;241;244m▄▄[48;2;245;245;246m[38;2;194;194;196m▁[48;2;255;255;255m[38;2;242;242;244m▄[48;2;250;250;252m[38;2;250;250;252m        [48;2;239;236;232m[38;2;0;0;0m [48;2;209;89;124m[38;2;245;220;225m▄[48;2;213;75;108m[38;2;232;131;152m▗[48;2;164;66;85m[38;2;210;193;186m▄[48;2;3;1;4m[38;2;19;17;20m▃[48;2;8;6;9m[38;2;3;2;4m▚[48;2;1;1;3m[38;2;1;1;3m  [48;2;1;1;1m[38;2;1;1;1m          [0m
[48;2;1;1;1m[38;2;1;1;1m            [48;2;1;1;3m[38;2;1;1;3m  [48;2;3;1;6m[38;2;3;1;6m      [48;2;1;1;3m[38;2;1;1;3m  [48;2;1;1;1m[38;2;1;1;1m    [48;2;2;0;3m[38;2;2;0;3m  [48;2;4;2;5m[38;2;4;2;5m  [48;2;13;11;14m[38;2;3;1;4m▅▅[48;2;1;0;2m[38;2;8;6;9m▄[48;2;210;209;211m[38;2;29;27;30m▄[48;2;247;247;249m[38;2;247;247;249m  [48;2;250;250;252m[38;2;250;250;252m        [48;2;249;249;251m[38;2;249;249;251m  [48;2;101;99;100m[38;2;222;220;221m▊[48;2;1;0;0m[38;2;7;5;6m▎[48;2;1;1;3m[38;2;1;1;3m  [48;2;1;1;1m[38;2;1;1;1m          [0m
[48;2;1;1;1m[38;2;1;1;1m            [48;2;3;1;6m[38;2;3;1;6m      [48;2;3;1;4m[38;2;3;1;4m  [48;2;1;1;3m[38;2;1;1;3m  [48;2;1;1;1m[38;2;1;1;1m    [48;2;3;1;6m[38;2;3;1;6m      [48;2;1;0;4m[38;2;7;5;10m▂[48;2;8;6;11m[38;2;21;19;24m▝[48;2;207;206;208m[38;2;28;26;29m▄[48;2;243;242;244m[38;2;224;222;224m▎[48;2;250;250;252m[38;2;250;250;252m      [48;2;244;242;244m[38;2;0;0;0m [48;2;230;228;231m[38;2;115;113;116m▁[48;2;218;214;218m[38;2;15;10;14m▄[48;2;195;190;194m[38;2;8;5;7m▄[48;2;2;2;2m[38;2;2;2;2m  [48;2;1;1;1m[38;2;1;1;1m            [0m
[48;2;1;1;1m[38;2;1;1;1m            [48;2;1;1;3m[38;2;1;1;3m  [48;2;3;1;6m[38;2;3;1;6m  [48;2;2;0;3m[38;2;2;0;3m  [48;2;1;1;1m[38;2;1;1;1m  [48;2;3;1;6m[38;2;3;1;6m    [48;2;1;1;1m[38;2;1;1;1m        [48;2;1;1;3m[38;2;1;1;3m  [48;2;16;12;15m[38;2;0;0;0m [48;2;230;225;229m[38;2;44;39;43m▅[48;2;248;248;250m[38;2;248;248;250m  [48;2;250;250;252m[38;2;250;250;252m    [48;2;148;143;147m[38;2;247;242;246m▊[48;2;3;0;2m[38;2;25;20;24m▄[48;2;1;1;3m[38;2;1;1;3m  [48;2;1;1;1m[38;2;1;1;1m              [0m
[48;2;1;1;1m[38;2;1;1;1m              [48;2;2;0;3m[38;2;2;0;3m  [48;2;1;1;3m[38;2;1;1;3m    [48;2;3;1;6m[38;2;3;1;6m  [48;2;3;1;4m[38;2;3;1;4m  [48;2;1;1;3m[38;2;1;1;3m  [48;2;1;1;1m[38;2;1;1;1m    [48;2;1;1;3m[38;2;1;1;3m  [48;2;2;0;3m[38;2;2;0;3m  [48;2;3;0;2m[38;2;13;8;12m▄[48;2;36;31;35m[38;2;146;141;145m▁[48;2;236;234;237m[38;2;81;79;82m▁[48;2;246;244;246m[38;2;93;91;94m▁[48;2;243;241;243m[38;2;110;108;111m▁[48;2;232;230;233m[38;2;99;97;100m▁[48;2;240;236;238m[38;2;65;59;61m▅▅[48;2;206;202;205m[38;2;54;50;53m▅[48;2;15;11;14m[38;2;0;0;0m [48;2;1;1;3m[38;2;1;1;3m  [48;2;1;1;1m[38;2;1;1;1m              [0m
[48;2;1;1;1m[38;2;1;1;1m                [48;2;3;1;4m[38;2;3;1;4m  [48;2;3;1;6m[38;2;3;1;6m  [48;2;2;0;3m[38;2;2;0;3m  [48;2;3;1;6m[38;2;3;1;6m  [48;2;2;0;3m[38;2;2;0;3m  [48;2;1;1;1m[38;2;1;1;1m    [48;2;3;1;6m[38;2;3;1;6m    [48;2;6;1;5m[38;2;3;0;2m▊[48;2;243;239;242m[38;2;206;201;205m▎[48;2;35;30;34m[38;2;212;207;211m▅[48;2;3;0;2m[38;2;11;6;10m━[48;2;60;55;59m[38;2;10;6;9m▊[48;2;41;36;40m[38;2;221;217;221m▅[48;2;248;248;250m[38;2;248;248;250m  [48;2;238;235;238m[38;2;0;0;0m [48;2;22;18;21m[38;2;201;197;200m▅[48;2;4;2;7m[38;2;4;2;7m  [48;2;1;1;1m[38;2;1;1;1m              [0m
[48;2;1;1;1m[38;2;1;1;1m                    [48;2;0;0;0m[38;2;0;0;0m  [48;2;1;1;3m[38;2;1;1;3m  [48;2;1;1;1m[38;2;1;1;1m    [48;2;2;0;3m[38;2;2;0;3m  [48;2;1;1;3m[38;2;1;1;3m  [48;2;4;3;7m[38;2;14;12;17m╵[48;2;35;33;38m[38;2;6;4;9m▊[48;2;45;43;46m[38;2;222;220;223m▅[48;2;244;243;245m[38;2;226;224;227m╷[48;2;164;159;163m[38;2;245;241;245m▊[48;2;27;22;26m[38;2;45;40;44m▄[48;2;47;41;45m[38;2;208;202;206m▅[48;2;222;217;220m[38;2;93;87;91m▅[48;2;238;236;239m[38;2;117;115;118m▁[48;2;244;243;245m[38;2;0;0;0m [48;2;249;249;250m[38;2;232;232;234m╵[48;2;238;238;239m[38;2;0;0;0m [48;2;77;75;78m[38;2;229;227;229m┓[48;2;1;0;2m[38;2;20;18;21m [48;2;1;1;3m[38;2;1;1;3m  [48;2;1;1;1m[38;2;1;1;1m            [0m
[48;2;1;1;1m[38;2;1;1;1m                        [48;2;1;1;3m[38;2;1;1;3m  [48;2;3;1;6m[38;2;3;1;6m    [48;2;1;1;3m[38;2;1;1;3m  [48;2;1;0;4m[38;2;7;5;10m│[48;2;66;64;69m[38;2;8;6;11m▊[48;2;255;255;255m[38;2;236;236;238m▌[48;2;252;252;253m[38;2;244;244;246m┃[48;2;239;238;240m[38;2;0;0;0m [48;2;61;59;62m[38;2;217;215;217m▅[48;2;224;220;224m[38;2;52;47;51m▅[48;2;190;185;189m[38;2;232;227;231m▊[48;2;133;128;132m[38;2;50;45;49m▊[48;2;250;246;249m[38;2;220;215;219m▎[48;2;250;250;252m[38;2;250;250;252m  [48;2;121;119;122m[38;2;243;241;244m▊[48;2;1;0;2m[38;2;23;21;24m▎[48;2;1;1;1m[38;2;1;1;1m              [0m
[48;2;1;1;1m[38;2;1;1;1m                    [48;2;2;0;3m[38;2;2;0;3m  [48;2;1;1;1m[38;2;1;1;1m  [48;2;3;1;6m[38;2;3;1;6m      [48;2;2;0;3m[38;2;2;0;3m  [48;2;31;29;32m[38;2;8;7;9m▊[48;2;42;40;43m[38;2;215;214;216m▅[48;2;248;248;250m[38;2;248;248;250m  [48;2;250;250;251m[38;2;0;0;0m [48;2;249;249;250m[38;2;211;211;213m▝[48;2;68;66;69m[38;2;237;235;238m▅[48;2;244;242;244m[38;2;0;0;0m [48;2;250;250;252m[38;2;250;250;252m    [48;2;152;147;151m[38;2;243;239;242m▊[48;2;17;12;16m[38;2;107;102;106m▂[48;2;1;1;1m[38;2;1;1;1m              [0m
[48;2;1;1;1m[38;2;1;1;1m                  [48;2;1;1;3m[38;2;1;1;3m  [48;2;2;0;3m[38;2;2;0;3m  [48;2;1;1;3m[38;2;1;1;3m  [48;2;3;1;6m[38;2;3;1;6m    [48;2;2;0;3m[38;2;2;0;3m  [48;2;3;1;6m[38;2;3;1;6m  [48;2;52;50;53m[38;2;6;4;7m▊[48;2;246;245;247m[38;2;175;173;176m▎[48;2;250;250;252m[38;2;250;250;252m          [48;2;247;245;248m[38;2;247;245;248m▄[48;2;137;135;138m[38;2;250;248;250m▊[48;2;1;1;1m[38;2;1;1;1m              [0m
[48;2;1;1;1m[38;2;1;1;1m                  [48;2;2;0;3m[38;2;2;0;3m    [48;2;3;1;6m[38;2;3;1;6m      [48;2;1;1;3m[38;2;1;1;3m  [48;2;3;1;6m[38;2;3;1;6m  [48;2;52;50;53m[38;2;6;4;7m▊[48;2;246;245;247m[38;2;175;173;176m▎[48;2;250;250;252m[38;2;250;250;252m    [48;2;242;240;243m[38;2;0;0;0m [48;2;219;218;220m[38;2;45;43;46m▁[48;2;220;215;219m[38;2;47;42;46m▅[48;2;242;237;241m[38;2;255;253;255m┣[48;2;250;250;252m[38;2;250;250;252m  [48;2;246;244;247m[38;2;246;244;247m▄[48;2;136;134;137m[38;2;249;247;250m▊[48;2;1;1;1m[38;2;1;1;1m              [0m
[48;2;4;2;10m[38;2;23;2;126m▂▂▂▂▂▂▂▂▂▂▂▂▂▂▂▂▂▂[48;2;5;3;12m[38;2;24;2;129m▂▂[48;2;4;2;10m[38;2;23;2;126m▂▂[48;2;5;3;12m[38;2;24;2;129m▂▂▂▂▂▂[48;2;4;2;10m[38;2;23;2;126m▂▂[48;2;5;3;12m[38;2;24;2;129m▂▂[48;2;20;17;33m[38;2;44;15;185m▁[48;2;225;223;227m[38;2;99;78;200m▂[48;2;249;249;251m[38;2;249;249;251m  [48;2;250;250;252m[38;2;250;250;252m  [48;2;178;171;187m[38;2;248;244;243m▊[48;2;18;14;18m[38;2;27;10;123m▂[48;2;34;32;35m[38;2;39;20;138m▂[48;2;235;233;236m[38;2;120;99;215m▂[48;2;250;250;252m[38;2;250;250;252m  [48;2;249;249;251m[38;2;233;233;235m╵[48;2;238;238;239m[38;2;0;0;0m [48;2;17;18;13m[38;2;190;186;200m▆[48;2;8;6;22m[38;2;57;32;179m▁[48;2;4;2;10m[38;2;23;2;126m▂▂▂▂▂▂▂▂▂▂▂▂[0m
[48;2;38;3;183m[38;2;38;3;183m                                [48;2;41;6;184m[38;2;41;6;184m  [48;2;255;255;255m[38;2;236;236;238m▌[48;2;252;252;253m[38;2;244;244;246m┃[48;2;250;250;252m[38;2;250;250;252m  [48;2;206;198;237m[38;2;243;243;235m▊[48;2;47;23;186m[38;2;194;185;225m▂[48;2;28;0;166m[38;2;43;9;188m▌[48;2;112;88;198m[38;2;39;7;185m▊[48;2;244;242;245m[38;2;95;80;171m▂[48;2;243;242;246m[38;2;0;0;0m [48;2;250;250;252m[38;2;250;250;252m  [48;2;162;148;209m[38;2;250;245;250m▊[48;2;41;6;195m[38;2;34;9;162m▌[48;2;38;3;183m[38;2;38;3;183m            [0m
[48;2;38;3;183m[38;2;38;3;183m                                [48;2;40;5;183m[38;2;40;5;183m  [48;2;234;233;235m[38;2;80;60;187m▂[48;2;242;241;247m[38;2;0;0;0m [48;2;250;250;252m[38;2;250;250;252m  [48;2;255;254;255m[38;2;246;245;251m▌[48;2;175;174;180m[38;2;246;245;249m▊[48;2;40;5;183m[38;2;40;5;183m  [48;2;113;96;192m[38;2;36;5;185m▊[48;2;250;249;243m[38;2;229;224;247m▎[48;2;250;250;252m[38;2;250;250;252m  [48;2;240;239;245m[38;2;0;0;0m [48;2;49;31;164m[38;2;199;194;223m▆[48;2;38;3;185m[38;2;38;3;185m  [48;2;38;3;183m[38;2;38;3;183m          [0m
[48;2;38;3;185m[38;2;38;3;185m                                  [48;2;88;64;186m[38;2;38;5;182m▊[48;2;252;250;245m[38;2;204;192;242m▎[48;2;250;250;252m[38;2;250;250;252m  [48;2;242;241;247m[38;2;254;253;255m┃[48;2;183;182;188m[38;2;245;244;248m▊[48;2;40;5;183m[38;2;40;5;183m  [48;2;44;12;188m[38;2;0;0;0m [48;2;224;213;240m[38;2;72;49;173m▆[48;2;249;249;251m[38;2;249;249;251m  [48;2;253;253;251m[38;2;238;235;254m│[48;2;124;112;184m[38;2;242;242;240m▊[48;2;37;2;184m[38;2;37;2;184m  [48;2;38;3;185m[38;2;38;3;185m          [0m
[48;2;38;3;185m[38;2;38;3;185m                                  [48;2;47;19;177m[38;2;48;15;200m▄[48;2;228;221;236m[38;2;62;41;159m▂[48;2;249;249;251m[38;2;249;249;251m  [48;2;243;242;245m[38;2;0;0;0m [48;2;214;210;230m[38;2;52;33;174m▂[48;2;39;4;184m[38;2;39;4;184m  [48;2;34;0;182m[38;2;50;10;203m▖[48;2;44;9;174m[38;2;66;31;191m▝[48;2;158;138;216m[38;2;135;58;133m▄[48;2;241;232;233m[38;2;191;66;87m▂[48;2;245;219;222m[38;2;197;81;113m▂[48;2;202;183;205m[38;2;174;63;114m▆[48;2;38;3;185m[38;2;38;3;185m            [0m
[48;2;38;3;185m[38;2;38;3;185m                                  [48;2;38;3;183m[38;2;40;5;194m▊[48;2;61;30;188m[38;2;30;0;165m▌[48;2;252;252;253m[38;2;238;238;240m▌[48;2;238;238;240m[38;2;252;252;253m▌[48;2;220;207;225m[38;2;181;86;132m▂[48;2;42;12;179m[38;2;46;11;181m▄[48;2;38;3;185m[38;2;38;3;185m  [48;2;41;3;184m[38;2;41;3;184m  [48;2;145;59;116m[38;2;50;6;174m▅[48;2;198;69;104m[38;2;74;26;163m▃[48;2;183;65;107m[38;2;56;16;178m▃[48;2;134;49;102m[38;2;47;7;180m▆[48;2;38;3;185m[38;2;38;3;185m            [0m
[48;2;38;3;185m[38;2;38;3;185m                                [48;2;38;3;183m[38;2;38;3;183m  [48;2;39;3;184m[38;2;28;8;53m▃[48;2;50;24;167m[38;2;188;60;94m▂[48;2;232;214;205m[38;2;211;76;106m▆[48;2;222;205;195m[38;2;200;65;95m▆[48;2;127;58;72m[38;2;13;4;15m▆[48;2;51;17;129m[38;2;5;7;10m▆[48;2;36;13;142m[38;2;5;3;13m▆▆▆▆▆▆[48;2;38;15;146m[38;2;7;4;17m▆▆[48;2;38;5;171m[38;2;28;16;57m▂[48;2;33;2;176m[38;2;43;5;204m▗[48;2;38;3;185m[38;2;38;3;185m          [0m
[48;2;38;3;185m[38;2;38;3;185m                                  [48;2;39;24;82m[38;2;38;8;165m▆[48;2;131;43;57m[38;2;28;10;93m▆[48;2;148;48;74m[38;2;28;10;81m▆▆[48;2;8;3;24m[38;2;39;10;180m▂▂▂▂▂▂▂▂[48;2;9;7;14m[38;2;32;6;154m▃▃[48;2;37;15;111m[38;2;37;2;180m▆[48;2;37;1;185m[38;2;37;3;174m▘[48;2;38;3;185m[38;2;38;3;185m          [0m
[48;2;40;2;185m[38;2;40;2;185m                                                            [0m
[48;2;40;2;185m[38;2;40;2;185m                                                            [0m
