[48;2;1;1;1m[38;2;1;1;1m                                                            [0m
[48;2;1;1;1m[38;2;1;1;1m                                                            [0m
[48;2;1;1;1m[38;2;1;1;1m                                                            [0m
[48;2;1;1;1m[38;2;1;1;1m                                    [48;2;3;3;3m[38;2;3;3;3m    [48;2;2;2;2m[38;2;2;2;2m  [48;2;1;1;1m[38;2;1;1;1m                  [0m
[48;2;1;1;1m[38;2;1;1;1m                            [48;2;1;1;3m[38;2;1;1;3m  [48;2;1;1;1m[38;2;1;1;1m    [48;2;13;12;12m[38;2;0;0;0m [48;2;41;39;40m[38;2;228;226;227m▃[48;2;132;130;133m[38;2;245;243;246m▇▇[48;2;140;138;141m[38;2;243;241;243m▇[48;2;150;148;151m[38;2;233;231;234m▇[48;2;186;182;185m[38;2;43;39;42m▄[48;2;3;0;2m[38;2;5;0;4m▘[48;2;1;1;1m[38;2;1;1;1m                  [0m
[48;2;1;1;1m[38;2;1;1;1m                        [48;2;46;24;27m[38;2;192;56;97m▗[48;2;20;8;9m[38;2;0;0;0m [48;2;1;1;3m[38;2;1;1;3m  [48;2;3;1;6m[38;2;3;1;6m  [48;2;2;0;3m[38;2;2;0;3m  [48;2;1;1;3m[38;2;1;1;3m  [48;2;70;66;67m[38;2;4;0;1m▊[48;2;245;242;243m[38;2;207;203;204m▎[48;2;236;213;213m[38;2;205;65;102m▃[48;2;200;101;124m[38;2;52;16;19m▄[48;2;219;155;161m[38;2;195;66;94m▇[48;2;193;81;103m[38;2;50;17;14m▄[48;2;3;1;4m[38;2;3;1;4m  [48;2;1;1;3m[38;2;1;1;3m  [48;2;1;1;1m[38;2;1;1;1m                [0m
[48;2;1;1;1m[38;2;1;1;1m                      [48;2;6;0;1m[38;2;4;3;11m▌[48;2;181;66;83m[38;2;63;18;21m▎[48;2;206;73;102m[38;2;0;0;0m [48;2;58;19;20m[38;2;191;60;89m▄[48;2;11;6;9m[38;2;39;33;37m▖[48;2;10;4;8m[38;2;4;0;2m▌[48;2;3;1;6m[38;2;3;1;6m  [48;2;2;2;4m[38;2;2;2;4m  [48;2;5;3;8m[38;2;5;3;8m  [48;2;82;76;80m[38;2;9;4;7m▊[48;2;203;197;201m[38;2;252;247;251m┃[48;2;195;57;82m[38;2;214;76;101m▆▆[48;2;198;60;85m[38;2;216;68;96m▊[48;2;150;35;52m[38;2;203;79;99m▊[48;2;3;1;4m[38;2;3;1;4m    [48;2;1;1;1m[38;2;1;1;1m                [0m
[48;2;1;1;1m[38;2;1;1;1m                      [48;2;4;2;3m[38;2;4;2;3m  [48;2;177;71;101m[38;2;198;166;172m▄[48;2;237;226;225m[38;2;0;0;0m [48;2;154;152;155m[38;2;243;242;244m▇[48;2;52;50;53m[38;2;230;228;231m▄[48;2;1;0;2m[38;2;8;6;9m▖[48;2;7;5;8m[38;2;29;27;30m▂[48;2;17;15;18m[38;2;210;208;211m▄[48;2;148;146;149m[38;2;234;232;234m▇[48;2;154;153;158m[38;2;246;245;249m▇▇[48;2;173;168;172m[38;2;244;239;243m▇[48;2;220;215;219m[38;2;246;242;246m▊[48;2;217;75;101m[38;2;217;75;101m  [48;2;207;69;100m[38;2;214;121;136m▗[48;2;212;75;106m[38;2;242;221;214m▄[48;2;16;14;17m[38;2;228;226;229m▄▄[48;2;14;12;15m[38;2;199;197;199m▄[38;2;0;0;0m [48;2;2;2;2m[38;2;2;2;2m  [48;2;1;1;1m[38;2;1;1;1m              [0m
[48;2;1;1;1m[38;2;1;1;1m                    [48;2;2;2;4m[38;2;2;2;4m  [48;2;3;1;6m[38;2;3;1;6m  [48;2;58;53;57m[38;2;10;6;9m▇[48;2;201;197;200m[38;2;21;17;20m▄[48;2;227;226;228m[38;2;0;0;0m [48;2;245;243;246m [48;2;255;254;255m[38;2;243;241;244m▄▄[48;2;250;250;252m[38;2;250;250;252m      [48;2;238;235;233m[38;2;0;0;0m [48;2;210;99;132m[38;2;247;231;234m▄[48;2;247;247;249m[38;2;247;247;249m  [48;2;250;250;252m[38;2;250;250;252m  [48;2;255;255;255m[38;2;240;240;242m━[48;2;174;174;176m[38;2;244;244;246m▇[48;2;127;125;126m[38;2;232;230;231m▊[48;2;1;0;0m[38;2;5;3;4m▄[48;2;3;3;3m[38;2;44;44;44m▁▁[48;2;5;3;4m[38;2;5;3;4m  [48;2;4;2;3m[38;2;4;2;3m  [48;2;1;1;1m[38;2;1;1;1m        [0m
[48;2;1;1;1m[38;2;1;1;1m                [48;2;2;0;3m[38;2;2;0;3m  [48;2;3;1;4m[38;2;3;1;4m  [48;2;3;1;6m[38;2;3;1;6m    [48;2;1;1;3m[38;2;1;1;3m  [48;2;45;43;46m[38;2;9;7;10m▇[48;2;196;194;197m[38;2;14;12;15m▄[48;2;223;221;224m[38;2;0;0;0m [48;2;247;245;248m[38;2;178;176;179m▁[38;2;176;174;177m▁▁[48;2;235;233;236m[38;2;44;42;45m▄[48;2;236;235;237m[38;2;0;0;0m [48;2;250;250;252m[38;2;250;250;252m          [48;2;241;241;243m[38;2;252;252;253m▄▄[48;2;211;205;207m[38;2;251;246;248m▇[48;2;184;178;180m[38;2;243;238;240m▇[48;2;215;79;109m[38;2;235;202;198m▄[48;2;205;68;98m[38;2;140;29;51m▁[48;2;136;39;58m[38;2;198;67;98m▊[48;2;45;20;18m[38;2;192;62;92m▘[48;2;1;1;1m[38;2;1;1;1m        [0m
[48;2;1;1;1m[38;2;1;1;1m            [48;2;1;1;3m[38;2;1;1;3m  [48;2;3;1;6m[38;2;3;1;6m      [48;2;1;1;3m[38;2;1;1;3m  [48;2;1;1;1m[38;2;1;1;1m    [48;2;2;0;3m[38;2;2;0;3m  [48;2;12;10;13m[38;2;2;1;3m▅▅[48;2;13;11;14m[38;2;3;1;4m▅▅[48;2;47;45;48m[38;2;8;6;9m▊[48;2;232;230;233m[38;2;167;165;168m▎[48;2;250;250;252m[38;2;250;250;252m        [48;2;246;246;247m[38;2;0;0;0m [38;2;165;165;167m▁[48;2;229;227;230m[38;2;141;139;142m▁[48;2;226;225;227m[38;2;20;18;21m▄[48;2;224;222;225m[38;2;13;12;14m▄▄[48;2;180;178;181m[38;2;19;17;20m▄[48;2;3;1;4m[38;2;10;8;11m╵[48;2;1;1;1m[38;2;1;1;1m          [0m
[48;2;1;1;1m[38;2;1;1;1m            [48;2;3;1;6m[38;2;3;1;6m      [48;2;3;1;4m[38;2;3;1;4m  [48;2;1;1;3m[38;2;1;1;3m  [48;2;1;1;1m[38;2;1;1;1m    [48;2;3;1;6m[38;2;3;1;6m      [48;2;15;13;18m[38;2;1;0;4m▊[48;2;58;56;61m[38;2;8;7;11m▊[48;2;237;235;237m[38;2;145;143;146m▁[48;2;247;246;248m[38;2;0;0;0m [48;2;250;250;252m[38;2;250;250;252m      [48;2;148;143;147m[38;2;247;242;246m▊[48;2;3;0;2m[38;2;25;20;24m▄[48;2;4;2;5m[38;2;4;2;5m  [48;2;1;1;1m[38;2;1;1;1m              [0m
[48;2;1;1;1m[38;2;1;1;1m            [48;2;1;1;3m[38;2;1;1;3m  [48;2;3;1;6m[38;2;3;1;6m  [48;2;2;0;3m[38;2;2;0;3m  [48;2;1;1;1m[38;2;1;1;1m  [48;2;3;1;6m[38;2;3;1;6m    [48;2;1;1;1m[38;2;1;1;1m        [48;2;1;1;3m[38;2;1;1;3m  [48;2;62;57;61m[38;2;8;3;7m▊[48;2;231;227;230m[38;2;133;128;132m▁[48;2;250;250;252m[38;2;250;250;252m    [48;2;249;249;251m[38;2;249;249;251m  [48;2;125;120;124m[38;2;227;223;227m▊[48;2;3;0;2m[38;2;37;32;36m▎[48;2;1;1;3m[38;2;1;1;3m  [48;2;1;1;1m[38;2;1;1;1m              [0m
[48;2;1;1;1m[38;2;1;1;1m              [48;2;2;0;3m[38;2;2;0;3m  [48;2;1;1;3m[38;2;1;1;3m    [48;2;3;1;6m[38;2;3;1;6m  [48;2;3;1;4m[38;2;3;1;4m  [48;2;1;1;3m[38;2;1;1;3m  [48;2;1;1;1m[38;2;1;1;1m    [48;2;1;1;3m[38;2;1;1;3m  [48;2;3;1;4m[38;2;3;1;4m  [48;2;25;21;24m[38;2;149;144;148m▁[48;2;41;36;40m[38;2;211;206;210m▅[48;2;225;221;225m[38;2;67;62;66m▅[48;2;232;228;232m[38;2;23;19;22m▅[48;2;235;231;234m[38;2;24;19;23m▅▅[48;2;234;229;231m[38;2;66;60;62m▅[48;2;210;205;207m[38;2;81;75;77m▅[48;2;28;23;27m[38;2;194;189;193m▅[48;2;11;6;10m[38;2;0;0;0m [48;2;1;1;3m[38;2;1;1;3m  [48;2;1;1;1m[38;2;1;1;1m              [0m
[48;2;1;1;1m[38;2;1;1;1m                [48;2;3;1;4m[38;2;3;1;4m  [48;2;3;1;6m[38;2;3;1;6m  [48;2;2;0;3m[38;2;2;0;3m  [48;2;3;1;6m[38;2;3;1;6m  [48;2;2;0;3m[38;2;2;0;3m  [48;2;1;1;1m[38;2;1;1;1m    [48;2;3;1;6m[38;2;3;1;6m  [48;2;1;0;2m[38;2;7;5;8m│[48;2;66;64;67m[38;2;8;6;9m▊[48;2;255;255;255m[38;2;236;236;238m▌[48;2;252;252;253m[38;2;244;244;246m┃[48;2;176;171;175m[38;2;247;243;246m▊[48;2;7;3;6m[38;2;53;48;52m▎[48;2;30;25;28m[38;2;158;152;156m▁[48;2;45;39;43m[38;2;190;184;188m▅[48;2;248;248;250m[38;2;248;248;250m  [48;2;238;235;238m[38;2;0;0;0m [48;2;22;18;21m[38;2;201;197;200m▅[48;2;4;2;7m[38;2;4;2;7m  [48;2;1;1;1m[38;2;1;1;1m              [0m
[48;2;1;1;1m[38;2;1;1;1m                    [48;2;0;0;0m[38;2;0;0;0m  [48;2;1;1;3m[38;2;1;1;3m  [48;2;1;1;1m[38;2;1;1;1m    [48;2;2;0;3m[38;2;2;0;3m  [48;2;1;1;3m[38;2;1;1;3m  [48;2;29;24;28m[38;2;11;7;10m▊[48;2;42;37;41m[38;2;214;210;214m▅[48;2;248;248;250m[38;2;248;248;250m  [48;2;169;164;168m[38;2;248;244;248m▊[48;2;110;105;109m[38;2;22;17;21m▊[48;2;239;235;238m[38;2;207;202;206m▎[48;2;55;50;54m[38;2;237;234;237m▅[48;2;248;248;250m[38;2;248;248;250m  [48;2;249;249;250m[38;2;232;232;234m╵[48;2;238;238;239m[38;2;0;0;0m [48;2;77;75;78m[38;2;229;227;229m┓[48;2;1;0;2m[38;2;20;18;21m [48;2;1;1;3m[38;2;1;1;3m  [48;2;1;1;1m[38;2;1;1;1m            [0m
[48;2;1;1;1m[38;2;1;1;1m                        [48;2;1;1;3m[38;2;1;1;3m  [48;2;3;1;6m[38;2;3;1;6m    [48;2;1;1;3m[38;2;1;1;3m  [48;2;52;50;53m[38;2;6;4;7m▊[48;2;246;245;247m[38;2;175;173;176m▎[48;2;250;250;252m[38;2;250;250;252m  [48;2;238;236;239m[38;2;0;0;0m [48;2;61;59;62m[38;2;235;234;236m▅[48;2;248;248;250m[38;2;248;248;250m  [48;2;250;250;252m[38;2;250;250;252m  [48;2;248;248;250m[38;2;248;248;250m  [48;2;105;103;106m[38;2;210;208;211m▊[48;2;1;0;2m[38;2;2;0;3m▄[48;2;1;1;1m[38;2;1;1;1m              [0m
[48;2;1;1;1m[38;2;1;1;1m                    [48;2;2;0;3m[38;2;2;0;3m  [48;2;1;1;1m[38;2;1;1;1m  [48;2;3;1;6m[38;2;3;1;6m      [48;2;2;0;3m[38;2;2;0;3m  [48;2;52;50;53m[38;2;6;4;7m▊[48;2;246;245;247m[38;2;175;173;176m▎[48;2;250;250;252m[38;2;250;250;252m        [48;2;252;250;252m[38;2;236;234;237m│[48;2;142;140;143m[38;2;245;243;245m▊[48;2;5;3;8m[38;2;5;3;8m  [48;2;1;1;1m[38;2;1;1;1m              [0m
[48;2;1;1;1m[38;2;1;1;1m                  [48;2;1;1;3m[38;2;1;1;3m  [48;2;2;0;3m[38;2;2;0;3m  [48;2;1;1;3m[38;2;1;1;3m  [48;2;3;1;6m[38;2;3;1;6m    [48;2;2;0;3m[38;2;2;0;3m  [48;2;3;1;6m[38;2;3;1;6m  [48;2;52;50;53m[38;2;6;4;7m▊[48;2;246;245;247m[38;2;175;173;176m▎[48;2;250;250;252m[38;2;250;250;252m        [48;2;185;183;186m[38;2;240;238;241m▊[48;2;184;182;185m[38;2;21;19;22m▅[48;2;4;2;7m[38;2;4;2;7m  [48;2;1;1;1m[38;2;1;1;1m              [0m
[48;2;1;1;1m[38;2;1;1;1m                  [48;2;2;0;3m[38;2;2;0;3m    [48;2;3;1;6m[38;2;3;1;6m      [48;2;1;1;3m[38;2;1;1;3m  [48;2;3;1;6m[38;2;3;1;6m  [48;2;52;50;53m[38;2;6;4;7m▊[48;2;246;245;247m[38;2;175;173;176m▎[48;2;250;250;252m[38;2;250;250;252m        [48;2;146;144;147m[38;2;245;243;246m▊[48;2;1;0;2m[38;2;23;21;24m▄[48;2;3;1;6m[38;2;3;1;6m  [48;2;1;1;1m[38;2;1;1;1m              [0m
[48;2;4;2;10m[38;2;23;2;126m▂▂▂▂▂▂▂▂▂▂▂▂▂▂▂▂▂▂[48;2;5;3;12m[38;2;24;2;129m▂▂[48;2;4;2;10m[38;2;23;2;126m▂▂[48;2;5;3;12m[38;2;24;2;129m▂▂▂▂▂▂[48;2;4;2;10m[38;2;23;2;126m▂▂[48;2;5;3;12m[38;2;24;2;129m▂▂[48;2;17;16;19m[38;2;27;11;125m▂[48;2;248;246;244m[38;2;178;173;189m▎[48;2;250;250;252m[38;2;250;250;252m    [48;2;242;241;241m[38;2;0;0;0m [48;2;235;232;242m[38;2;62;42;166m▁[48;2;249;249;251m[38;2;249;249;251m  [48;2;242;240;242m[38;2;0;0;0m [48;2;43;41;44m[38;2;212;210;213m▅[48;2;8;3;13m[38;2;27;2;130m▂▂[48;2;4;2;11m[38;2;23;1;128m▂▂[48;2;4;2;10m[38;2;23;2;126m▂▂▂▂▂▂▂▂▂▂▂▂[0m
[48;2;38;3;183m[38;2;38;3;183m                                [48;2;70;48;175m[38;2;33;5;185m▊[48;2;248;247;247m[38;2;187;176;232m▎[48;2;250;250;252m[38;2;250;250;252m  [48;2;239;238;243m[38;2;252;251;254m┃[48;2;204;203;208m[38;2;247;246;249m▊[48;2;216;209;225m[38;2;60;34;187m▆[48;2;107;87;181m[38;2;38;10;182m▊[48;2;237;235;240m[38;2;96;81;172m▂[48;2;247;246;249m[38;2;0;0;0m [48;2;250;250;251m[38;2;249;249;242m▌[48;2;154;150;177m[38;2;245;242;254m▊[48;2;38;3;183m[38;2;38;3;183m                [0m
[48;2;38;3;183m[38;2;38;3;183m                                [48;2;45;13;187m[38;2;0;0;0m [48;2;211;201;233m[38;2;49;19;176m▆[48;2;250;250;251m[38;2;232;232;234m▌[48;2;250;250;252m[38;2;255;255;255m▌[48;2;237;236;241m[38;2;247;246;250m▊[48;2;204;203;208m[38;2;248;247;251m▊[48;2;48;19;178m[38;2;198;187;224m▂[48;2;41;8;185m[38;2;0;0;0m [48;2;66;40;179m[38;2;182;57;111m▂[48;2;235;231;232m[38;2;216;94;132m▂[48;2;244;229;228m[38;2;190;87;118m▂[48;2;232;213;219m[38;2;186;68;104m▆[48;2;38;3;183m[38;2;38;3;183m                [0m
[48;2;38;3;185m[38;2;38;3;185m                                [48;2;41;6;184m[38;2;41;6;184m  [48;2;255;255;255m[38;2;236;236;238m▌[48;2;252;252;253m[38;2;244;244;246m┃[48;2;250;250;252m[38;2;250;250;252m  [48;2;166;153;209m[38;2;253;250;251m▊[48;2;45;10;196m[38;2;38;12;162m▌[48;2;191;69;99m[38;2;59;10;170m▆[48;2;191;70;98m[38;2;58;11;169m▂[48;2;182;70;99m[38;2;47;6;168m▂[48;2;169;59;97m[38;2;54;7;185m▆[48;2;38;3;185m[38;2;38;3;185m                [0m
[48;2;38;3;185m[38;2;38;3;185m                                [48;2;39;4;184m[38;2;39;4;184m  [48;2;209;204;225m[38;2;53;29;176m▆[48;2;249;248;246m[38;2;214;206;242m▎[48;2;250;250;252m[38;2;250;250;252m  [48;2;175;162;218m[38;2;251;247;248m▊[48;2;39;11;171m[38;2;48;13;203m│[48;2;38;3;185m[38;2;38;3;185m                    [0m
[48;2;38;3;185m[38;2;38;3;185m                                  [48;2;41;10;177m[38;2;41;9;210m▁[48;2;200;190;221m[38;2;48;18;175m▆[48;2;242;220;213m[38;2;209;73;103m▆▆[48;2;214;198;202m[38;2;127;45;127m▆[48;2;42;10;189m[38;2;49;5;165m▖[48;2;38;3;185m[38;2;38;3;185m                    [0m
[48;2;38;3;185m[38;2;38;3;185m                                [48;2;38;3;183m[38;2;38;3;183m  [48;2;46;6;167m[38;2;14;16;21m▂[48;2;75;30;81m[38;2;194;75;95m━[48;2;207;71;94m[38;2;45;19;27m▃▃[48;2;36;13;140m[38;2;5;3;12m▆▆[48;2;36;13;142m[38;2;5;3;13m▆▆[48;2;37;13;147m[38;2;6;3;17m▆▆[48;2;38;6;169m[38;2;28;16;55m▂[48;2;33;2;174m[38;2;43;5;202m▗[48;2;38;3;185m[38;2;38;3;185m              [0m
[48;2;38;3;185m[38;2;38;3;185m                                  [48;2;31;23;51m[38;2;32;1;171m▆[48;2;16;8;35m[38;2;36;5;173m▂[48;2;8;3;24m[38;2;39;10;180m▂▂[48;2;8;6;11m[38;2;30;5;149m▃▃[48;2;8;3;24m[38;2;39;10;180m▂▂[48;2;8;5;23m[38;2;31;7;142m▃▃[48;2;37;16;107m[38;2;37;3;176m▆[48;2;37;2;182m[38;2;37;4;170m▘[48;2;38;3;185m[38;2;38;3;185m              [0m
[48;2;40;2;185m[38;2;40;2;185m                                                            [0m
[48;2;40;2;185m[38;2;40;2;185m                                                            [0m
