[48;2;1;1;1m[38;2;1;1;1m                                                            [0m
[48;2;1;1;1m[38;2;1;1;1m                                                            [0m
[48;2;1;1;1m[38;2;1;1;1m                                                            [0m
[48;2;1;1;1m[38;2;1;1;1m                                    [48;2;3;3;3m[38;2;3;3;3m    [48;2;2;2;2m[38;2;2;2;2m  [48;2;1;1;1m[38;2;1;1;1m                  [0m
[48;2;1;1;1m[38;2;1;1;1m                            [48;2;1;1;3m[38;2;1;1;3m  [48;2;1;1;1m[38;2;1;1;1m    [48;2;13;12;12m[38;2;0;0;0m [48;2;41;39;40m[38;2;228;226;227m▃[48;2;132;130;133m[38;2;245;243;246m▇▇[48;2;140;138;141m[38;2;243;241;243m▇[48;2;150;148;151m[38;2;233;231;234m▇[48;2;186;182;185m[38;2;43;39;42m▄[48;2;3;0;2m[38;2;5;0;4m▘[48;2;1;1;1m[38;2;1;1;1m                  [0m
[48;2;1;1;1m[38;2;1;1;1m                        [48;2;2;0;3m[38;2;2;0;3m  [48;2;1;1;3m[38;2;1;1;3m  [48;2;3;1;6m[38;2;3;1;6m  [48;2;2;0;3m[38;2;2;0;3m  [48;2;1;1;3m[38;2;1;1;3m  [48;2;70;66;67m[38;2;4;0;1m▊[48;2;245;242;243m[38;2;207;203;204m▎[48;2;236;213;213m[38;2;205;65;102m▃[48;2;200;101;124m[38;2;52;16;19m▄[48;2;219;155;161m[38;2;195;66;94m▇[48;2;193;81;103m[38;2;50;17;14m▄[48;2;3;1;4m[38;2;3;1;4m  [48;2;1;1;3m[38;2;1;1;3m  [48;2;1;1;1m[38;2;1;1;1m                [0m
[48;2;1;1;1m[38;2;1;1;1m                      [48;2;1;1;3m[38;2;1;1;3m  [48;2;14;8;8m[38;2;0;0;0m [48;2;33;12;17m[38;2;155;46;81m▃[48;2;18;11;9m[38;2;186;67;103m▄[48;2;7;4;2m[38;2;62;15;26m▖[48;2;3;1;6m[38;2;3;1;6m  [48;2;4;2;5m[38;2;4;2;5m  [48;2;2;0;5m[38;2;1;0;4m▖[48;2;6;5;9m[38;2;26;24;29m▃[48;2;34;29;30m[38;2;210;205;207m▄[48;2;207;201;203m[38;2;240;236;238m▊[48;2;195;57;82m[38;2;214;76;101m▆▆[48;2;198;60;85m[38;2;216;68;96m▊[48;2;150;35;52m[38;2;203;79;99m▊[48;2;3;1;4m[38;2;3;1;4m    [48;2;1;1;1m[38;2;1;1;1m                [0m
[48;2;1;1;1m[38;2;1;1;1m                      [48;2;1;1;3m[38;2;1;1;3m  [48;2;173;68;88m[38;2;182;170;159m▄[48;2;218;71;105m[38;2;201;121;132m▖[48;2;214;82;109m[38;2;215;78;107m▄[48;2;206;68;97m[38;2;237;204;198m▄[48;2;23;17;21m[38;2;232;227;231m▄▄[48;2;139;137;140m[38;2;237;236;238m▇[48;2;161;159;162m[38;2;242;241;243m▇[48;2;155;154;159m[38;2;246;245;249m▇▇[48;2;253;249;253m[38;2;246;241;245m┃[48;2;238;233;237m[38;2;255;253;255m▌[48;2;217;75;101m[38;2;217;75;101m  [48;2;207;69;100m[38;2;214;121;136m▗[48;2;212;75;106m[38;2;242;221;214m▄[48;2;16;14;17m[38;2;228;226;229m▄▄[48;2;15;13;16m[38;2;220;218;221m▄[48;2;14;13;15m[38;2;206;204;207m▄[48;2;1;0;0m[38;2;7;5;6m▃▃[48;2;0;0;0m[38;2;6;6;6m▃▃▃▃[48;2;2;2;2m[38;2;2;2;2m  [48;2;1;1;1m[38;2;1;1;1m        [0m
[48;2;1;1;1m[38;2;1;1;1m                    [48;2;2;2;4m[38;2;2;2;4m  [48;2;3;1;6m[38;2;3;1;6m  [48;2;61;56;60m[38;2;12;8;11m▇[48;2;194;189;193m[38;2;24;20;23m▄[48;2;235;233;236m[38;2;25;23;26m▄[48;2;225;223;225m[38;2;0;0;0m [48;2;252;252;253m[38;2;241;241;243m▄▄[48;2;250;250;252m[38;2;250;250;252m      [48;2;238;235;233m[38;2;0;0;0m [48;2;210;99;132m[38;2;247;231;234m▄[48;2;247;247;249m[38;2;247;247;249m  [48;2;250;250;252m[38;2;250;250;252m  [48;2;249;249;251m[38;2;249;249;251m  [48;2;255;254;255m[38;2;243;241;244m▄▄[38;2;242;240;243m▄▄▄▄[48;2;215;213;215m[38;2;0;0;0m [48;2;16;14;17m[38;2;227;226;228m▄[48;2;19;15;11m[38;2;217;176;184m▄[48;2;16;7;5m[38;2;197;64;103m▄[48;2;38;14;17m[38;2;187;60;99m▖[48;2;8;7;3m[38;2;20;16;13m▁[48;2;1;1;1m[38;2;1;1;1m    [0m
[48;2;1;1;1m[38;2;1;1;1m                [48;2;2;0;3m[38;2;2;0;3m  [48;2;3;1;4m[38;2;3;1;4m  [48;2;3;1;6m[38;2;3;1;6m    [48;2;1;1;3m[38;2;1;1;3m  [48;2;5;3;6m[38;2;5;3;6m  [48;2;15;13;16m[38;2;0;0;0m [48;2;200;198;201m[38;2;15;14;16m▄[48;2;234;232;237m[38;2;21;19;24m▄▄[48;2;243;243;244m[38;2;214;214;216m▂[48;2;247;247;249m[38;2;237;237;239m▁[48;2;250;250;252m[38;2;250;250;252m          [48;2;249;249;250m[38;2;189;189;191m▁▁[48;2;231;229;232m[38;2;144;142;145m▁[48;2;228;227;229m[38;2;22;21;23m▄[48;2;232;230;233m[38;2;17;15;18m▄▄[48;2;219;231;229m[38;2;20;15;15m▄[48;2;215;187;198m[38;2;20;12;14m▄[48;2;197;66;87m[38;2;13;9;9m▄▄[48;2;199;67;90m[38;2;15;5;9m▄[48;2;33;12;14m[38;2;198;72;93m▘[48;2;1;1;1m[38;2;1;1;1m    [0m
[48;2;1;1;1m[38;2;1;1;1m            [48;2;1;1;3m[38;2;1;1;3m  [48;2;3;1;6m[38;2;3;1;6m      [48;2;1;1;3m[38;2;1;1;3m  [48;2;1;1;1m[38;2;1;1;1m    [48;2;2;0;3m[38;2;2;0;3m  [48;2;1;1;3m[38;2;1;1;3m  [48;2;2;2;4m[38;2;2;2;4m  [48;2;53;51;54m[38;2;6;5;7m▊[48;2;247;245;248m[38;2;176;174;177m▎[48;2;250;250;252m[38;2;250;250;252m        [48;2;250;248;250m[38;2;235;233;236m╸[48;2;146;144;147m[38;2;226;224;227m▊[48;2;14;12;17m[38;2;3;1;6m▄▄[48;2;4;2;5m[38;2;4;2;5m  [48;2;1;1;3m[38;2;1;1;3m  [48;2;1;1;1m[38;2;1;1;1m          [0m
[48;2;1;1;1m[38;2;1;1;1m            [48;2;3;1;6m[38;2;3;1;6m      [48;2;3;1;4m[38;2;3;1;4m  [48;2;1;1;3m[38;2;1;1;3m  [48;2;1;1;1m[38;2;1;1;1m    [48;2;3;1;6m[38;2;3;1;6m      [48;2;15;11;14m[38;2;0;0;0m [48;2;229;225;228m[38;2;43;39;42m▅[48;2;243;243;245m[38;2;239;239;241m▌[48;2;254;254;255m[38;2;250;250;252m▌[48;2;250;250;252m      [48;2;148;143;147m[38;2;247;242;246m▊[48;2;3;0;2m[38;2;25;20;24m▄[48;2;3;1;6m[38;2;3;1;6m  [48;2;1;1;1m[38;2;1;1;1m              [0m
[48;2;1;1;1m[38;2;1;1;1m            [48;2;1;1;3m[38;2;1;1;3m  [48;2;3;1;6m[38;2;3;1;6m  [48;2;2;0;3m[38;2;2;0;3m  [48;2;1;1;1m[38;2;1;1;1m  [48;2;3;1;6m[38;2;3;1;6m    [48;2;1;1;1m[38;2;1;1;1m        [48;2;1;0;2m[38;2;6;4;7m▂[48;2;7;5;8m[38;2;20;18;21m▝[48;2;233;228;232m[38;2;43;39;42m▅[48;2;237;233;237m[38;2;115;110;114m▁[48;2;250;250;252m[38;2;250;250;252m    [48;2;238;238;240m[38;2;251;251;252m▊[48;2;231;231;233m[38;2;0;0;0m [48;2;204;202;205m[38;2;28;26;29m▅[48;2;1;0;2m[38;2;14;12;15m▗[48;2;1;1;3m[38;2;1;1;3m  [48;2;1;1;1m[38;2;1;1;1m              [0m
[48;2;1;1;1m[38;2;1;1;1m              [48;2;2;0;3m[38;2;2;0;3m  [48;2;1;1;3m[38;2;1;1;3m    [48;2;3;1;6m[38;2;3;1;6m  [48;2;3;1;4m[38;2;3;1;4m  [48;2;1;1;3m[38;2;1;1;3m  [48;2;1;1;1m[38;2;1;1;1m    [48;2;1;1;3m[38;2;1;1;3m  [48;2;8;6;9m[38;2;0;0;0m [48;2;15;14;16m[38;2;145;143;146m▁[48;2;18;13;17m[38;2;218;213;217m▅[48;2;36;31;35m[38;2;222;217;221m▅[48;2;225;221;225m[38;2;67;62;66m▅[48;2;232;228;232m[38;2;23;19;22m▅[48;2;228;224;228m[38;2;27;22;26m▅[48;2;232;228;232m[38;2;63;59;62m▅[48;2;235;231;234m[38;2;92;87;91m▅[48;2;232;228;232m[38;2;0;0;0m [48;2;20;16;19m[38;2;204;200;203m▅[48;2;19;15;18m[38;2;136;131;135m▁[48;2;2;0;3m[38;2;2;0;3m  [48;2;1;1;1m[38;2;1;1;1m              [0m
[48;2;1;1;1m[38;2;1;1;1m                [48;2;3;1;4m[38;2;3;1;4m  [48;2;3;1;6m[38;2;3;1;6m  [48;2;2;0;3m[38;2;2;0;3m  [48;2;3;1;6m[38;2;3;1;6m  [48;2;2;0;3m[38;2;2;0;3m  [48;2;1;1;1m[38;2;1;1;1m    [48;2;3;1;6m[38;2;3;1;6m  [48;2;29;24;28m[38;2;141;136;140m▁[48;2;244;239;243m[38;2;196;191;195m▎[48;2;249;249;251m[38;2;249;249;251m  [48;2;220;215;218m[38;2;99;93;97m▁[48;2;40;35;38m[38;2;181;175;179m▁[48;2;46;44;47m[38;2;228;226;229m▅[48;2;242;240;243m[38;2;0;0;0m [48;2;250;250;252m[38;2;250;250;252m  [48;2;248;248;249m[38;2;231;231;233m╵[48;2;237;237;238m[38;2;0;0;0m [48;2;76;72;75m[38;2;215;211;214m┓[48;2;12;8;11m[38;2;0;0;0m [48;2;1;1;1m[38;2;1;1;1m              [0m
[48;2;1;1;1m[38;2;1;1;1m                    [48;2;0;0;0m[38;2;0;0;0m  [48;2;1;1;3m[38;2;1;1;3m  [48;2;1;1;1m[38;2;1;1;1m    [48;2;2;0;3m[38;2;2;0;3m  [48;2;1;0;2m[38;2;8;6;9m┃[48;2;35;33;36m[38;2;1;0;2m▊[48;2;248;248;250m[38;2;205;205;207m▎[48;2;240;240;242m[38;2;252;252;253m┃[48;2;253;253;254m[38;2;246;246;248m▃[48;2;244;244;246m[38;2;231;231;233m▝[48;2;61;59;62m[38;2;234;233;235m▅[48;2;242;240;243m[38;2;0;0;0m [48;2;250;250;252m[38;2;250;250;252m    [48;2;248;248;250m[38;2;248;248;250m  [48;2;106;104;107m[38;2;211;209;211m▊[48;2;1;0;2m[38;2;3;1;4m▄[48;2;1;1;3m[38;2;1;1;3m  [48;2;1;1;1m[38;2;1;1;1m            [0m
[48;2;1;1;1m[38;2;1;1;1m                        [48;2;1;1;3m[38;2;1;1;3m  [48;2;3;1;6m[38;2;3;1;6m    [48;2;1;0;2m[38;2;3;1;4m▄[48;2;41;39;42m[38;2;210;208;211m▅[48;2;241;241;243m[38;2;251;251;252m▄[48;2;250;250;251m[38;2;240;240;242m▃[48;2;250;250;252m[38;2;250;250;252m      [48;2;248;248;250m[38;2;248;248;250m  [48;2;223;219;223m[38;2;60;55;59m▁[48;2;193;188;192m[38;2;22;18;21m▅[48;2;3;1;4m[38;2;3;1;4m  [48;2;1;1;1m[38;2;1;1;1m              [0m
[48;2;1;1;1m[38;2;1;1;1m                    [48;2;2;0;3m[38;2;2;0;3m  [48;2;1;1;1m[38;2;1;1;1m  [48;2;3;1;6m[38;2;3;1;6m      [48;2;38;36;37m[38;2;6;5;5m▊[48;2;247;245;246m[38;2;161;159;160m▎[48;2;250;250;252m[38;2;250;250;252m      [48;2;252;252;254m[38;2;255;255;255m┃[48;2;194;194;196m[38;2;244;244;245m▊[48;2;224;219;223m[38;2;28;24;27m▅[48;2;194;189;193m[38;2;18;14;17m▅[48;2;4;2;7m[38;2;4;2;7m  [48;2;3;1;6m[38;2;3;1;6m  [48;2;1;1;1m[38;2;1;1;1m              [0m
[48;2;1;1;1m[38;2;1;1;1m                  [48;2;1;1;3m[38;2;1;1;3m  [48;2;2;0;3m[38;2;2;0;3m  [48;2;1;1;3m[38;2;1;1;3m  [48;2;3;1;6m[38;2;3;1;6m    [48;2;2;0;3m[38;2;2;0;3m  [48;2;38;36;39m[38;2;6;5;7m▊[48;2;247;245;248m[38;2;161;159;162m▎[48;2;250;250;252m[38;2;250;250;252m      [48;2;250;248;250m[38;2;238;236;239m▎[48;2;183;181;184m[38;2;245;243;246m▊[48;2;24;20;25m[38;2;190;185;191m▁[48;2;11;7;12m[38;2;0;0;0m [48;2;3;1;6m[38;2;3;1;6m    [48;2;1;1;1m[38;2;1;1;1m              [0m
[48;2;1;1;1m[38;2;1;1;1m                  [48;2;2;0;3m[38;2;2;0;3m    [48;2;3;1;6m[38;2;3;1;6m      [48;2;1;1;3m[38;2;1;1;3m  [48;2;38;36;39m[38;2;6;5;7m▊[48;2;247;245;248m[38;2;161;159;162m▎[48;2;250;250;252m[38;2;250;250;252m  [48;2;238;238;240m[38;2;248;248;249m▊[48;2;205;205;207m[38;2;249;249;250m▊[48;2;216;214;216m[38;2;38;36;39m▅[48;2;231;229;232m[38;2;255;254;255m┣[48;2;249;249;251m[38;2;249;249;251m  [48;2;144;129;134m[38;2;230;205;214m▊[48;2;6;5;3m[38;2;62;52;55m▎[48;2;3;1;6m[38;2;3;1;6m    [48;2;1;1;1m[38;2;1;1;1m              [0m
[48;2;4;2;10m[38;2;23;2;126m▂▂▂▂▂▂▂▂▂▂▂▂▂▂▂▂▂▂[48;2;5;3;12m[38;2;24;2;129m▂▂[48;2;4;2;10m[38;2;23;2;126m▂▂[48;2;5;3;12m[38;2;24;2;129m▂▂▂▂▂▂[48;2;4;2;10m[38;2;23;2;126m▂▂[48;2;14;8;27m[38;2;44;15;169m▁[48;2;184;179;188m[38;2;29;17;70m▅[48;2;255;255;255m[38;2;236;236;238m▌[48;2;252;252;253m[38;2;244;244;246m┃[48;2;255;255;255m[38;2;251;251;253m▄[48;2;187;187;189m[38;2;245;245;247m▊[48;2;26;19;38m[38;2;69;47;150m▁[48;2;197;190;194m[38;2;83;45;59m▅[48;2;244;226;223m[38;2;208;100;126m▂[48;2;237;198;201m[38;2;207;86;117m▅[48;2;121;41;69m[38;2;218;70;100m▊[48;2;13;7;23m[38;2;20;3;143m▁[48;2;5;3;12m[38;2;24;2;129m▂▂▂▂[48;2;4;2;11m[38;2;23;1;128m▂▂[48;2;4;2;10m[38;2;23;2;126m▂▂▂▂▂▂▂▂▂▂▂▂[0m
[48;2;38;3;183m[38;2;38;3;183m                              [48;2;40;5;183m[38;2;40;5;183m  [48;2;248;247;251m[38;2;205;204;209m▎[48;2;240;239;244m[38;2;252;251;254m┃[48;2;250;250;252m[38;2;254;254;255m▌[48;2;239;239;241m[38;2;243;243;245m▌[48;2;57;20;172m[38;2;195;182;216m▂[48;2;201;72;112m[38;2;47;16;177m▆[48;2;204;69;99m[38;2;60;17;167m▂▂[48;2;175;57;127m[38;2;47;12;173m▆[48;2;37;5;178m[38;2;47;0;180m▃[48;2;38;3;183m[38;2;38;3;183m                  [0m
[48;2;38;3;183m[38;2;38;3;183m                              [48;2;40;5;183m[38;2;40;5;183m  [48;2;248;247;251m[38;2;205;204;209m▎[48;2;240;239;244m[38;2;252;251;254m┃[48;2;250;250;252m[38;2;250;250;252m  [48;2;173;162;220m[38;2;249;247;249m▊[48;2;37;11;173m[38;2;46;13;204m│[48;2;38;3;183m[38;2;38;3;183m                      [0m
[48;2;38;3;185m[38;2;38;3;185m                              [48;2;39;4;184m[38;2;39;4;184m  [48;2;207;201;225m[38;2;50;26;176m▆[48;2;247;245;247m[38;2;211;203;243m▎[48;2;250;250;252m[38;2;250;250;252m  [48;2;172;161;219m[38;2;248;246;248m▊[48;2;36;11;172m[38;2;45;12;203m│[48;2;38;3;185m[38;2;38;3;185m                      [0m
[48;2;38;3;185m[38;2;38;3;185m                                [48;2;82;60;187m[38;2;32;2;184m▊[48;2;247;246;247m[38;2;198;187;243m▎[48;2;249;249;251m[38;2;249;249;251m  [48;2;221;213;239m[38;2;55;33;180m▂[48;2;39;9;180m[38;2;44;22;166m▘[48;2;38;3;185m[38;2;38;3;185m                      [0m
[48;2;38;3;185m[38;2;38;3;185m                                [48;2;69;15;170m[38;2;37;4;184m▊[48;2;223;189;188m[38;2;200;83;110m▆[48;2;238;219;211m[38;2;216;81;111m▆[48;2;227;210;200m[38;2;205;70;100m▆[48;2;39;4;184m[38;2;39;4;184m  [48;2;38;3;185m[38;2;38;3;185m                      [0m
[48;2;38;3;185m[38;2;38;3;185m                              [48;2;36;0;183m[38;2;36;5;160m▗[48;2;36;4;163m[38;2;36;24;59m▂[48;2;95;23;158m[38;2;199;69;86m▆[48;2;219;79;107m[38;2;192;64;105m▘[48;2;167;54;76m[38;2;220;76;99m▊[48;2;134;54;81m[38;2;27;10;14m▆[48;2;36;13;140m[38;2;5;3;12m▆▆[48;2;35;12;139m[38;2;5;3;11m▆▆[48;2;37;14;143m[38;2;6;4;14m▆▆[48;2;38;6;168m[38;2;28;16;53m▂[48;2;33;2;172m[38;2;43;5;201m▗[48;2;38;3;185m[38;2;38;3;185m                [0m
[48;2;38;3;185m[38;2;38;3;185m                              [48;2;37;2;182m[38;2;37;5;163m▝[48;2;37;22;78m[38;2;37;2;183m▆[48;2;63;25;49m[38;2;46;5;181m▂▂[48;2;134;44;71m[38;2;25;7;80m▆[48;2;18;9;28m[38;2;43;12;180m▂[48;2;8;3;24m[38;2;39;10;180m▂▂[48;2;8;6;11m[38;2;30;5;149m▃▃[48;2;8;6;13m[38;2;31;5;153m▃▃[48;2;37;16;107m[38;2;37;3;176m▆[48;2;37;2;182m[38;2;37;4;170m▘[48;2;38;3;185m[38;2;38;3;185m                [0m
[48;2;40;2;185m[38;2;40;2;185m                                                            [0m
[48;2;40;2;185m[38;2;40;2;185m                                                            [0m
