[48;2;1;1;1m[38;2;1;1;1m                                                            [0m
[48;2;1;1;1m[38;2;1;1;1m                                                            [0m
[48;2;1;1;1m[38;2;1;1;1m                                                            [0m
[48;2;1;1;1m[38;2;1;1;1m                                    [48;2;3;3;3m[38;2;3;3;3m    [48;2;2;2;2m[38;2;2;2;2m  [48;2;1;1;1m[38;2;1;1;1m                  [0m
[48;2;1;1;1m[38;2;1;1;1m                            [48;2;1;1;3m[38;2;1;1;3m  [48;2;1;1;1m[38;2;1;1;1m    [48;2;13;12;12m[38;2;0;0;0m [48;2;41;39;40m[38;2;228;226;227m▃[48;2;132;130;133m[38;2;245;243;246m▇▇[48;2;140;138;141m[38;2;243;241;243m▇[48;2;150;148;151m[38;2;233;231;234m▇[48;2;186;182;185m[38;2;43;39;42m▄[48;2;3;0;2m[38;2;5;0;4m▘[48;2;1;1;1m[38;2;1;1;1m                  [0m
[48;2;1;1;1m[38;2;1;1;1m                        [48;2;2;0;3m[38;2;2;0;3m  [48;2;1;1;3m[38;2;1;1;3m  [48;2;3;1;6m[38;2;3;1;6m  [48;2;2;0;3m[38;2;2;0;3m  [48;2;1;1;3m[38;2;1;1;3m  [48;2;70;66;67m[38;2;4;0;1m▊[48;2;245;242;243m[38;2;207;203;204m▎[48;2;236;213;213m[38;2;205;65;102m▃[48;2;200;101;124m[38;2;52;16;19m▄[48;2;219;155;161m[38;2;195;66;94m▇[48;2;193;81;103m[38;2;50;17;14m▄[48;2;3;1;4m[38;2;3;1;4m  [48;2;1;1;3m[38;2;1;1;3m  [48;2;1;1;1m[38;2;1;1;1m                [0m
[48;2;1;1;1m[38;2;1;1;1m                      [48;2;1;1;3m[38;2;1;1;3m  [48;2;3;1;6m[38;2;3;1;6m  [48;2;4;2;5m[38;2;4;2;5m  [48;2;3;1;6m[38;2;3;1;6m  [48;2;2;2;4m[38;2;2;2;4m  [48;2;2;0;5m[38;2;1;0;4m▖[48;2;6;5;9m[38;2;26;24;29m▃[48;2;34;29;30m[38;2;210;205;207m▄[48;2;207;201;203m[38;2;240;236;238m▊[48;2;195;57;82m[38;2;214;76;101m▆▆[48;2;198;60;85m[38;2;216;68;96m▊[48;2;150;35;52m[38;2;203;79;99m▊[48;2;3;1;4m[38;2;3;1;4m    [48;2;1;1;1m[38;2;1;1;1m                [0m
[48;2;1;1;1m[38;2;1;1;1m                      [48;2;1;1;3m[38;2;1;1;3m  [48;2;51;17;19m[38;2;184;69;94m▗[48;2;187;61;90m[38;2;0;0;0m [48;2;182;67;90m[38;2;212;75;106m▊[48;2;48;15;14m[38;2;198;64;94m▄[48;2;11;6;9m[38;2;39;33;37m▁[48;2;13;7;11m[38;2;23;17;21m▁[48;2;19;18;20m[38;2;210;208;211m▄[48;2;152;150;153m[38;2;235;233;235m▇[48;2;155;154;159m[38;2;246;245;249m▇▇[48;2;253;249;253m[38;2;246;241;245m┃[48;2;238;233;237m[38;2;255;253;255m▌[48;2;217;75;101m[38;2;217;75;101m  [48;2;207;69;100m[38;2;214;121;136m▗[48;2;212;75;106m[38;2;242;221;214m▄[48;2;16;14;17m[38;2;228;226;229m▄▄▄▄[48;2;16;15;15m[38;2;194;192;193m▄[48;2;8;7;7m[38;2;36;34;35m▁[48;2;0;0;0m[38;2;6;6;6m▃▃[48;2;1;1;1m[38;2;11;11;11m▃▃[38;2;1;1;1m          [0m
[48;2;1;1;1m[38;2;1;1;1m                    [48;2;2;2;4m[38;2;2;2;4m  [48;2;3;1;6m[38;2;3;1;6m  [48;2;27;6;9m[38;2;4;1;0m▊[48;2;178;76;108m[38;2;192;183;184m▄[48;2;204;85;120m[38;2;242;236;234m▄[48;2;244;228;228m[38;2;0;0;0m [48;2;255;254;255m[38;2;243;241;244m▄▄[48;2;250;250;252m[38;2;250;250;252m      [48;2;238;235;233m[38;2;0;0;0m [48;2;210;99;132m[38;2;247;231;234m▄[48;2;247;247;249m[38;2;247;247;249m  [48;2;250;250;252m[38;2;250;250;252m    [48;2;255;254;255m[38;2;241;239;242m━[48;2;175;173;176m[38;2;245;243;246m▇[48;2;255;254;255m[38;2;242;240;243m▄▄[48;2;174;172;175m[38;2;247;245;247m▇[48;2;238;236;239m[38;2;135;133;136m▝[48;2;18;17;19m[38;2;231;229;232m▄▄[48;2;20;15;11m[38;2;217;189;193m▄[48;2;39;12;16m[38;2;179;60;94m▖[48;2;2;2;2m[38;2;2;2;2m  [48;2;1;1;1m[38;2;1;1;1m    [0m
[48;2;1;1;1m[38;2;1;1;1m                [48;2;2;0;3m[38;2;2;0;3m  [48;2;3;1;4m[38;2;3;1;4m  [48;2;3;1;6m[38;2;3;1;6m    [48;2;5;3;6m[38;2;5;3;6m  [48;2;197;195;198m[38;2;15;14;16m▄[48;2;229;227;230m[38;2;16;15;17m▄[48;2;232;230;235m[38;2;19;17;22m▄▄[48;2;234;232;237m[38;2;21;19;24m▄▄[48;2;243;243;244m[38;2;214;214;216m▂[48;2;247;247;249m[38;2;237;237;239m▁[48;2;250;250;252m[38;2;250;250;252m          [48;2;246;245;247m[38;2;192;190;193m▁[48;2;223;221;223m[38;2;0;0;0m [48;2;231;229;234m[38;2;18;17;21m▄▄[48;2;232;230;233m[38;2;17;15;18m▄▄[48;2;219;231;229m[38;2;20;15;15m▄[48;2;215;187;198m[38;2;20;12;14m▄[48;2;199;68;89m[38;2;10;5;6m▄▄[48;2;32;13;17m[38;2;188;59;100m▘[48;2;5;4;2m[38;2;0;0;0m [48;2;1;1;1m[38;2;1;1;1m    [0m
[48;2;1;1;1m[38;2;1;1;1m            [48;2;1;1;3m[38;2;1;1;3m  [48;2;3;1;6m[38;2;3;1;6m      [48;2;1;1;3m[38;2;1;1;3m  [48;2;1;1;1m[38;2;1;1;1m    [48;2;2;0;3m[38;2;2;0;3m  [48;2;1;1;3m[38;2;1;1;3m  [48;2;2;2;4m[38;2;2;2;4m  [48;2;51;46;50m[38;2;13;9;12m▊[48;2;236;231;235m[38;2;171;166;170m▎[48;2;250;250;252m[38;2;250;250;252m        [48;2;250;248;250m[38;2;235;233;236m╸[48;2;146;144;147m[38;2;226;224;227m▊[48;2;13;11;16m[38;2;2;1;5m▄▄[48;2;2;0;3m[38;2;2;0;3m  [48;2;1;1;3m[38;2;1;1;3m  [48;2;1;1;1m[38;2;1;1;1m          [0m
[48;2;1;1;1m[38;2;1;1;1m            [48;2;3;1;6m[38;2;3;1;6m      [48;2;3;1;4m[38;2;3;1;4m  [48;2;1;1;3m[38;2;1;1;3m  [48;2;1;1;1m[38;2;1;1;1m    [48;2;3;1;6m[38;2;3;1;6m      [48;2;15;13;18m[38;2;1;0;4m▊[48;2;58;56;61m[38;2;8;7;11m▊[48;2;237;235;237m[38;2;145;143;146m▁[48;2;247;246;248m[38;2;0;0;0m [48;2;250;250;252m[38;2;250;250;252m      [48;2;148;143;147m[38;2;247;242;246m▊[48;2;3;0;2m[38;2;25;20;24m▄[48;2;3;1;6m[38;2;3;1;6m  [48;2;1;1;1m[38;2;1;1;1m              [0m
[48;2;1;1;1m[38;2;1;1;1m            [48;2;1;1;3m[38;2;1;1;3m  [48;2;3;1;6m[38;2;3;1;6m  [48;2;2;0;3m[38;2;2;0;3m  [48;2;1;1;1m[38;2;1;1;1m  [48;2;3;1;6m[38;2;3;1;6m    [48;2;1;1;1m[38;2;1;1;1m        [48;2;3;1;4m[38;2;3;1;4m  [48;2;30;25;29m[38;2;141;136;140m▁[48;2;232;228;231m[38;2;123;118;122m▁[48;2;250;250;252m[38;2;250;250;252m    [48;2;252;252;254m[38;2;255;255;255m┃[48;2;194;194;196m[38;2;244;244;245m▊[48;2;210;205;209m[38;2;60;55;59m▅[48;2;3;0;2m[38;2;12;7;11m▄[48;2;1;1;3m[38;2;1;1;3m  [48;2;1;1;1m[38;2;1;1;1m              [0m
[48;2;1;1;1m[38;2;1;1;1m              [48;2;2;0;3m[38;2;2;0;3m  [48;2;1;1;3m[38;2;1;1;3m    [48;2;3;1;6m[38;2;3;1;6m  [48;2;3;1;4m[38;2;3;1;4m  [48;2;1;1;3m[38;2;1;1;3m  [48;2;1;1;1m[38;2;1;1;1m    [48;2;1;1;3m[38;2;1;1;3m  [48;2;31;29;32m[38;2;8;6;9m▊[48;2;57;55;58m[38;2;228;226;229m▄[48;2;234;230;234m[38;2;0;0;0m [48;2;55;50;54m[38;2;220;215;219m▅[48;2;225;221;225m[38;2;67;62;66m▅[48;2;232;228;232m[38;2;23;19;22m▅[48;2;228;224;228m[38;2;27;22;26m▅[48;2;232;228;232m[38;2;63;59;62m▅[48;2;213;209;213m[38;2;83;78;82m▄[48;2;242;238;241m[38;2;0;0;0m [48;2;237;233;237m [48;2;21;17;20m[38;2;199;195;199m▅[48;2;3;1;4m[38;2;3;1;4m  [48;2;1;1;1m[38;2;1;1;1m              [0m
[48;2;1;1;1m[38;2;1;1;1m                [48;2;3;1;4m[38;2;3;1;4m  [48;2;3;1;6m[38;2;3;1;6m  [48;2;2;0;3m[38;2;2;0;3m  [48;2;3;1;6m[38;2;3;1;6m  [48;2;2;0;3m[38;2;2;0;3m  [48;2;1;1;1m[38;2;1;1;1m    [48;2;6;4;9m[38;2;6;4;9m  [48;2;30;28;31m[38;2;213;211;213m▅[48;2;242;240;242m[38;2;0;0;0m [48;2;246;244;247m [48;2;232;230;232m[38;2;106;104;107m▁[48;2;211;206;210m[38;2;91;86;90m▅[48;2;34;29;33m[38;2;221;217;221m▅[48;2;41;39;42m[38;2;233;232;234m▅[48;2;255;254;255m[38;2;249;247;250m▄[48;2;250;250;252m[38;2;250;250;252m  [48;2;252;250;252m[38;2;244;242;245m┃[48;2;152;150;153m[38;2;243;242;244m▊[48;2;4;2;7m[38;2;4;2;7m  [48;2;1;1;1m[38;2;1;1;1m              [0m
[48;2;1;1;1m[38;2;1;1;1m                    [48;2;0;0;0m[38;2;0;0;0m  [48;2;1;1;3m[38;2;1;1;3m  [48;2;1;1;1m[38;2;1;1;1m    [48;2;2;0;3m[38;2;2;0;3m  [48;2;3;0;2m[38;2;12;7;11m━[48;2;36;31;35m[38;2;213;208;212m▅[48;2;241;241;243m[38;2;251;251;252m▄[48;2;250;250;251m[38;2;240;240;242m▃[48;2;241;239;241m[38;2;0;0;0m [48;2;57;55;58m[38;2;230;228;231m▅[48;2;249;249;251m[38;2;249;249;251m  [48;2;250;250;252m[38;2;250;250;252m    [48;2;249;247;249m[38;2;223;221;224m▁[48;2;207;205;208m[38;2;90;88;91m▁[48;2;4;2;5m[38;2;4;2;5m  [48;2;1;1;3m[38;2;1;1;3m  [48;2;1;1;1m[38;2;1;1;1m            [0m
[48;2;1;1;1m[38;2;1;1;1m                        [48;2;1;1;3m[38;2;1;1;3m  [48;2;3;1;6m[38;2;3;1;6m  [48;2;4;2;7m[38;2;4;2;7m  [48;2;37;35;38m[38;2;210;208;211m▅[48;2;239;238;240m[38;2;0;0;0m [48;2;250;250;252m[38;2;250;250;252m        [48;2;244;243;245m[38;2;0;0;0m [48;2;220;218;220m[38;2;65;63;66m▁[48;2;192;187;192m[38;2;17;13;18m▅[48;2;13;9;14m[38;2;0;0;0m [48;2;2;0;3m[38;2;2;0;3m  [48;2;1;1;1m[38;2;1;1;1m              [0m
[48;2;1;1;1m[38;2;1;1;1m                    [48;2;2;0;3m[38;2;2;0;3m  [48;2;1;1;1m[38;2;1;1;1m  [48;2;3;1;6m[38;2;3;1;6m    [48;2;4;2;7m[38;2;4;2;7m  [48;2;248;247;252m[38;2;147;146;151m▎[48;2;255;254;255m[38;2;234;233;238m│[48;2;250;250;252m[38;2;250;250;252m      [48;2;252;252;254m[38;2;255;255;255m┃[48;2;194;194;196m[38;2;244;244;245m▊[48;2;194;189;195m[38;2;27;22;28m▅[48;2;3;0;4m[38;2;7;2;8m▄[48;2;3;1;6m[38;2;3;1;6m    [48;2;1;1;1m[38;2;1;1;1m              [0m
[48;2;1;1;1m[38;2;1;1;1m                  [48;2;1;1;3m[38;2;1;1;3m  [48;2;2;0;3m[38;2;2;0;3m  [48;2;1;1;3m[38;2;1;1;3m  [48;2;3;1;6m[38;2;3;1;6m    [48;2;3;1;4m[38;2;3;1;4m  [48;2;209;207;211m[38;2;36;35;39m▁[48;2;242;240;244m[38;2;0;0;0m [48;2;250;250;252m[38;2;250;250;252m      [48;2;255;254;255m[38;2;253;251;254m▌[48;2;164;162;165m[38;2;240;238;241m▊[48;2;9;7;12m[38;2;14;12;17m▌[48;2;1;0;4m[38;2;4;2;7m▎[48;2;3;1;6m[38;2;3;1;6m    [48;2;1;1;1m[38;2;1;1;1m              [0m
[48;2;1;1;1m[38;2;1;1;1m                  [48;2;2;0;3m[38;2;2;0;3m    [48;2;3;1;6m[38;2;3;1;6m      [48;2;1;1;3m[38;2;1;1;3m  [48;2;38;36;39m[38;2;6;5;7m▊[48;2;247;245;248m[38;2;161;159;162m▎[48;2;250;250;252m[38;2;250;250;252m      [48;2;250;250;251m[38;2;0;0;0m [48;2;249;249;250m[38;2;211;211;213m▝[48;2;38;33;37m[38;2;214;210;214m▅[48;2;8;4;7m[38;2;43;38;42m▎[48;2;3;1;6m[38;2;3;1;6m    [48;2;1;1;1m[38;2;1;1;1m              [0m
[48;2;4;2;10m[38;2;23;2;126m▂▂▂▂▂▂▂▂▂▂▂▂▂▂▂▂▂▂[48;2;5;3;12m[38;2;24;2;129m▂▂[48;2;4;2;10m[38;2;23;2;126m▂▂[48;2;5;3;12m[38;2;24;2;129m▂▂▂▂▂▂[48;2;4;2;10m[38;2;23;2;126m▂▂[48;2;15;14;17m[38;2;24;9;122m▂[48;2;249;247;245m[38;2;165;160;176m▎[48;2;250;250;252m[38;2;250;250;252m  [48;2;249;249;251m[38;2;249;249;251m  [48;2;236;233;242m[38;2;63;47;148m▁[48;2;242;242;242m[38;2;0;0;0m [48;2;242;230;230m[38;2;195;49;94m▁[48;2;231;219;219m[38;2;209;63;108m▁[48;2;178;173;182m[38;2;28;16;69m▅[48;2;11;7;14m[38;2;32;8;133m▂[48;2;5;3;12m[38;2;24;2;129m▂▂▂▂[48;2;4;2;11m[38;2;23;1;128m▂▂[48;2;4;2;10m[38;2;23;2;126m▂▂▂▂▂▂▂▂▂▂▂▂[0m
[48;2;38;3;183m[38;2;38;3;183m                              [48;2;43;11;185m[38;2;0;0;0m [48;2;217;207;239m[38;2;52;22;180m▆[48;2;255;254;255m[38;2;236;235;240m▌[48;2;252;251;254m[38;2;244;243;248m┃[48;2;253;253;254m[38;2;245;245;247m┃[48;2;237;237;239m[38;2;255;255;255m▌[48;2;69;28;161m[38;2;189;65;127m▂[48;2;232;210;228m[38;2;201;85;111m▆[48;2;217;80;108m[38;2;220;66;100m▎[48;2;168;72;86m[38;2;230;68;104m▌[48;2;39;4;182m[38;2;39;4;182m  [48;2;38;3;183m[38;2;38;3;183m                  [0m
[48;2;38;3;183m[38;2;38;3;183m                              [48;2;40;5;183m[38;2;40;5;183m  [48;2;248;247;251m[38;2;205;204;209m▎[48;2;240;239;244m[38;2;252;251;254m┃[48;2;255;254;255m[38;2;250;248;251m▌[48;2;232;230;233m▌[48;2;210;77;108m[38;2;226;214;231m▂[48;2;201;69;93m[38;2;55;26;165m▂[48;2;198;74;107m[38;2;44;10;174m▆▆[48;2;39;4;184m[38;2;39;4;184m  [48;2;38;3;183m[38;2;38;3;183m                  [0m
[48;2;38;3;185m[38;2;38;3;185m                              [48;2;39;4;184m[38;2;39;4;184m  [48;2;225;222;239m[38;2;59;44;179m▂[48;2;243;243;242m[38;2;0;0;0m [48;2;250;250;252m[38;2;250;250;252m  [48;2;172;161;219m[38;2;248;246;248m▊[48;2;36;11;172m[38;2;45;12;203m│[48;2;38;3;185m[38;2;38;3;185m                      [0m
[48;2;38;3;185m[38;2;38;3;185m                                [48;2;82;60;187m[38;2;32;2;184m▊[48;2;247;246;247m[38;2;198;187;243m▎[48;2;249;249;251m[38;2;249;249;251m  [48;2;221;213;239m[38;2;55;33;180m▂[48;2;39;9;180m[38;2;44;22;166m▘[48;2;38;3;185m[38;2;38;3;185m                      [0m
[48;2;38;3;185m[38;2;38;3;185m                                [48;2;69;15;170m[38;2;37;4;184m▊[48;2;223;189;188m[38;2;200;83;110m▆[48;2;238;219;211m[38;2;216;81;111m▆[48;2;227;210;200m[38;2;205;70;100m▆[48;2;39;4;184m[38;2;39;4;184m  [48;2;38;3;185m[38;2;38;3;185m                      [0m
[48;2;38;3;185m[38;2;38;3;185m                              [48;2;36;0;183m[38;2;36;5;160m▗[48;2;36;4;163m[38;2;36;24;59m▂[48;2;95;23;158m[38;2;199;69;86m▆[48;2;219;79;107m[38;2;192;64;105m▘[48;2;167;54;76m[38;2;220;76;99m▊[48;2;134;54;81m[38;2;27;10;14m▆[48;2;36;13;140m[38;2;5;3;12m▆▆[48;2;35;12;139m[38;2;5;3;11m▆▆[48;2;29;6;122m[38;2;13;7;20m▅[48;2;35;7;156m[38;2;15;5;43m▂[48;2;38;3;185m[38;2;38;3;185m                  [0m
[48;2;38;3;185m[38;2;38;3;185m                              [48;2;37;2;182m[38;2;37;5;163m▝[48;2;37;22;78m[38;2;37;2;183m▆[48;2;63;25;49m[38;2;46;5;181m▂▂[48;2;134;44;71m[38;2;25;7;80m▆[48;2;18;9;28m[38;2;43;12;180m▂[48;2;8;3;24m[38;2;39;10;180m▂▂[48;2;8;6;11m[38;2;30;5;149m▃▃[48;2;17;8;43m[38;2;37;5;178m▂[48;2;32;18;81m[38;2;33;3;166m▆[48;2;38;3;185m[38;2;38;3;185m                  [0m
[48;2;40;2;185m[38;2;40;2;185m                                                            [0m
[48;2;40;2;185m[38;2;40;2;185m                                                            [0m
