[48;2;1;1;1m[38;2;1;1;1m                                                            [0m
[48;2;1;1;1m[38;2;1;1;1m                                                            [0m
[48;2;1;1;1m[38;2;1;1;1m                                                            [0m
[48;2;1;1;1m[38;2;1;1;1m                                    [48;2;3;3;3m[38;2;3;3;3m    [48;2;2;2;2m[38;2;2;2;2m  [48;2;1;1;1m[38;2;1;1;1m                  [0m
[48;2;1;1;1m[38;2;1;1;1m                            [48;2;1;1;3m[38;2;1;1;3m  [48;2;1;1;1m[38;2;1;1;1m    [48;2;13;12;12m[38;2;0;0;0m [48;2;41;39;40m[38;2;228;226;227m▃[48;2;132;130;133m[38;2;245;243;246m▇▇[48;2;140;138;141m[38;2;243;241;243m▇[48;2;150;148;151m[38;2;233;231;234m▇[48;2;186;182;185m[38;2;43;39;42m▄[48;2;3;0;2m[38;2;5;0;4m▘[48;2;1;1;1m[38;2;1;1;1m                  [0m
[48;2;1;1;1m[38;2;1;1;1m                        [48;2;2;0;3m[38;2;2;0;3m  [48;2;1;1;3m[38;2;1;1;3m  [48;2;3;1;6m[38;2;3;1;6m  [48;2;2;0;3m[38;2;2;0;3m  [48;2;1;1;3m[38;2;1;1;3m  [48;2;70;66;67m[38;2;4;0;1m▊[48;2;245;242;243m[38;2;207;203;204m▎[48;2;236;213;213m[38;2;205;65;102m▃[48;2;200;101;124m[38;2;52;16;19m▄[48;2;219;155;161m[38;2;195;66;94m▇[48;2;193;81;103m[38;2;50;17;14m▄[48;2;3;1;4m[38;2;3;1;4m  [48;2;1;1;3m[38;2;1;1;3m  [48;2;1;1;1m[38;2;1;1;1m                [0m
[48;2;1;1;1m[38;2;1;1;1m                      [48;2;1;1;3m[38;2;1;1;3m  [48;2;3;1;6m[38;2;3;1;6m      [48;2;4;2;5m[38;2;4;2;5m  [48;2;2;0;5m[38;2;1;0;4m▖[48;2;6;5;9m[38;2;26;24;29m▃[48;2;34;29;30m[38;2;210;205;207m▄[48;2;207;201;203m[38;2;240;236;238m▊[48;2;195;57;82m[38;2;214;76;101m▆▆[48;2;192;46;73m[38;2;215;69;96m▇[48;2;150;36;52m[38;2;203;79;99m▊[48;2;3;1;4m[38;2;3;1;4m    [48;2;1;1;1m[38;2;1;1;1m                [0m
[48;2;1;1;1m[38;2;1;1;1m                      [48;2;1;1;3m[38;2;1;1;3m  [48;2;53;19;21m[38;2;193;63;93m▗[48;2;212;64;100m[38;2;126;57;67m▘[48;2;65;20;30m[38;2;216;83;123m▃[48;2;20;12;11m[38;2;0;0;0m [48;2;13;11;14m [48;2;17;15;18m[38;2;196;194;197m▄[48;2;139;138;143m[38;2;237;236;240m▇[48;2;161;160;165m[38;2;242;241;245m▇[48;2;155;154;159m[38;2;246;245;249m▇▇[48;2;253;249;253m[38;2;246;241;245m┃[48;2;238;233;237m[38;2;255;253;255m▌[48;2;217;75;101m[38;2;217;75;101m  [48;2;207;69;100m[38;2;214;121;136m▗[48;2;212;75;106m[38;2;242;221;214m▄[48;2;16;14;17m[38;2;228;226;229m▄▄▄▄[48;2;16;15;15m[38;2;194;192;193m▄[48;2;8;7;7m[38;2;36;34;35m▁[48;2;2;2;2m[38;2;2;2;2m  [48;2;1;1;1m[38;2;1;1;1m    [48;2;2;2;2m[38;2;2;2;2m  [48;2;1;1;1m[38;2;1;1;1m      [0m
[48;2;1;1;1m[38;2;1;1;1m                    [48;2;2;2;4m[38;2;2;2;4m  [48;2;3;1;6m[38;2;3;1;6m  [48;2;175;67;81m[38;2;199;172;183m▄[48;2;208;77;100m[38;2;243;237;240m▄[48;2;236;231;233m[38;2;0;0;0m [48;2;199;193;195m[38;2;248;243;245m▇[48;2;175;173;176m[38;2;245;243;246m▇[48;2;255;254;255m[38;2;241;239;242m━[48;2;250;250;252m[38;2;250;250;252m      [48;2;238;235;233m[38;2;0;0;0m [48;2;210;99;132m[38;2;247;231;234m▄[48;2;247;247;249m[38;2;247;247;249m  [48;2;250;250;252m[38;2;250;250;252m    [48;2;255;254;255m[38;2;241;239;242m━[48;2;175;173;176m[38;2;245;243;246m▇[48;2;240;239;241m[38;2;151;149;152m▝[48;2;21;19;22m[38;2;227;225;228m▄[48;2;19;17;22m[38;2;232;230;235m▄▄[48;2;24;14;20m[38;2;228;195;211m▄[48;2;67;15;18m[38;2;195;72;96m▄[48;2;207;76;100m[38;2;212;56;88m▝[48;2;203;69;94m[38;2;93;41;40m▝[48;2;32;14;16m[38;2;188;59;98m▖[48;2;5;5;1m[38;2;0;0;0m [48;2;1;1;1m[38;2;1;1;1m    [0m
[48;2;1;1;1m[38;2;1;1;1m                [48;2;2;0;3m[38;2;2;0;3m  [48;2;3;1;4m[38;2;3;1;4m  [48;2;3;1;6m[38;2;3;1;6m    [48;2;35;30;34m[38;2;10;6;9m▇[48;2;196;191;195m[38;2;15;11;14m▄[48;2;240;238;241m[38;2;167;165;168m▖[48;2;246;244;246m[38;2;173;171;174m▁[48;2;248;246;249m[38;2;171;169;172m▁▁[48;2;235;234;236m[38;2;36;34;37m▄[48;2;226;224;227m[38;2;27;25;28m▄[48;2;243;243;244m[38;2;214;214;216m▂[48;2;247;247;249m[38;2;237;237;239m▁[48;2;250;250;252m[38;2;250;250;252m        [48;2;250;248;251m[38;2;255;254;255m▌[48;2;246;244;247m[38;2;192;190;193m▗[48;2;230;229;231m[38;2;55;53;56m▄[48;2;244;242;245m[38;2;187;185;188m▁[48;2;255;254;255m[38;2;243;241;244m▄▄[48;2;218;213;217m[38;2;0;0;0m [48;2;230;226;230m[38;2;19;15;18m▄[48;2;225;190;198m[38;2;16;14;10m▄[48;2;199;68;106m[38;2;15;9;8m▄[48;2;38;13;17m[38;2;186;59;98m▘[48;2;9;7;4m[38;2;0;0;0m [48;2;3;1;4m[38;2;3;1;4m  [48;2;1;1;1m[38;2;1;1;1m    [0m
[48;2;1;1;1m[38;2;1;1;1m            [48;2;1;1;3m[38;2;1;1;3m  [48;2;3;1;6m[38;2;3;1;6m      [48;2;1;1;3m[38;2;1;1;3m  [48;2;1;1;1m[38;2;1;1;1m    [48;2;13;11;14m[38;2;3;1;4m▅▅▅▅[48;2;2;2;4m[38;2;2;2;4m  [48;2;39;37;40m[38;2;10;8;11m▇[48;2;215;213;216m[38;2;25;23;26m▄[48;2;247;247;249m[38;2;247;247;249m  [48;2;250;250;252m[38;2;250;250;252m      [48;2;252;251;253m[38;2;245;243;246m┃[48;2;153;151;154m[38;2;244;242;245m▊[48;2;7;5;10m[38;2;7;5;10m  [48;2;13;11;14m[38;2;3;1;4m▅▅[48;2;2;2;4m[38;2;2;2;4m  [48;2;1;1;1m[38;2;1;1;1m          [0m
[48;2;1;1;1m[38;2;1;1;1m            [48;2;3;1;6m[38;2;3;1;6m      [48;2;3;1;4m[38;2;3;1;4m  [48;2;1;1;3m[38;2;1;1;3m  [48;2;1;1;1m[38;2;1;1;1m    [48;2;3;1;6m[38;2;3;1;6m      [48;2;14;12;17m[38;2;1;0;4m▊[48;2;57;55;60m[38;2;8;6;11m▊[48;2;238;236;238m[38;2;137;135;138m▁[48;2;248;246;248m[38;2;0;0;0m [48;2;250;250;252m[38;2;250;250;252m      [48;2;234;229;233m[38;2;0;0;0m [48;2;212;208;211m[38;2;37;32;36m▅[48;2;4;2;7m[38;2;4;2;7m  [48;2;1;1;1m[38;2;1;1;1m              [0m
[48;2;1;1;1m[38;2;1;1;1m            [48;2;1;1;3m[38;2;1;1;3m  [48;2;3;1;6m[38;2;3;1;6m  [48;2;2;0;3m[38;2;2;0;3m  [48;2;1;1;1m[38;2;1;1;1m  [48;2;3;1;6m[38;2;3;1;6m    [48;2;1;1;1m[38;2;1;1;1m        [48;2;1;0;2m[38;2;21;19;22m [48;2;13;11;14m[38;2;124;122;125m▁[48;2;30;25;29m[38;2;148;143;147m▁[48;2;233;229;233m[38;2;117;112;116m▁[48;2;250;250;252m[38;2;250;250;252m    [48;2;244;243;245m[38;2;0;0;0m [48;2;229;227;229m[38;2;111;109;112m▁[48;2;203;198;202m[38;2;28;24;27m▅[48;2;11;7;10m[38;2;0;0;0m [48;2;1;1;3m[38;2;1;1;3m  [48;2;1;1;1m[38;2;1;1;1m              [0m
[48;2;1;1;1m[38;2;1;1;1m              [48;2;2;0;3m[38;2;2;0;3m  [48;2;1;1;3m[38;2;1;1;3m    [48;2;3;1;6m[38;2;3;1;6m  [48;2;3;1;4m[38;2;3;1;4m  [48;2;1;1;3m[38;2;1;1;3m  [48;2;1;1;1m[38;2;1;1;1m    [48;2;5;3;6m[38;2;5;3;6m  [48;2;24;22;25m[38;2;213;212;214m▅[48;2;240;239;241m[38;2;0;0;0m [48;2;241;237;240m [48;2;50;45;49m[38;2;220;216;220m▅[48;2;225;221;225m[38;2;67;62;66m▅[48;2;232;228;232m[38;2;23;19;22m▅[48;2;228;224;228m[38;2;27;22;26m▅[48;2;232;228;232m[38;2;63;59;62m▅[48;2;213;208;212m[38;2;87;82;85m▅[48;2;27;21;25m[38;2;219;214;217m▅[48;2;20;16;19m[38;2;204;200;204m▅[48;2;19;15;18m[38;2;135;130;134m▁[48;2;2;0;3m[38;2;2;0;3m  [48;2;1;1;1m[38;2;1;1;1m              [0m
[48;2;1;1;1m[38;2;1;1;1m                [48;2;3;1;4m[38;2;3;1;4m  [48;2;3;1;6m[38;2;3;1;6m  [48;2;2;0;3m[38;2;2;0;3m  [48;2;3;1;6m[38;2;3;1;6m  [48;2;2;0;3m[38;2;2;0;3m  [48;2;1;1;1m[38;2;1;1;1m    [48;2;3;0;2m[38;2;11;6;10m━[48;2;35;30;34m[38;2;212;207;211m▅[48;2;241;241;243m[38;2;251;251;252m▄[48;2;250;250;251m[38;2;240;240;242m▃[48;2;246;244;247m[38;2;0;0;0m [48;2;232;230;232m[38;2;106;104;107m▁[48;2;211;206;210m[38;2;91;86;90m▅[48;2;34;29;33m[38;2;221;217;221m▅[48;2;41;39;42m[38;2;233;232;234m▅[48;2;255;254;255m[38;2;249;247;250m▄[48;2;250;250;252m[38;2;250;250;252m  [48;2;252;250;252m[38;2;244;242;245m┃[48;2;152;150;153m[38;2;243;242;244m▊[48;2;4;2;7m[38;2;4;2;7m  [48;2;1;1;1m[38;2;1;1;1m              [0m
[48;2;1;1;1m[38;2;1;1;1m                    [48;2;0;0;0m[38;2;0;0;0m  [48;2;1;1;3m[38;2;1;1;3m  [48;2;1;1;1m[38;2;1;1;1m    [48;2;3;1;4m[38;2;3;1;4m  [48;2;32;30;33m[38;2;209;207;210m▅[48;2;237;235;238m[38;2;0;0;0m [48;2;250;250;252m[38;2;250;250;252m  [48;2;241;239;241m[38;2;0;0;0m [48;2;57;55;58m[38;2;230;228;231m▅[48;2;249;249;251m[38;2;249;249;251m  [48;2;250;250;252m[38;2;250;250;252m    [48;2;252;250;252m[38;2;244;242;245m┃[48;2;152;150;153m[38;2;243;242;244m▊[48;2;4;2;7m[38;2;4;2;7m  [48;2;1;1;3m[38;2;1;1;3m  [48;2;1;1;1m[38;2;1;1;1m            [0m
[48;2;1;1;1m[38;2;1;1;1m                        [48;2;1;1;3m[38;2;1;1;3m  [48;2;3;1;6m[38;2;3;1;6m  [48;2;10;8;11m[38;2;1;0;2m┓[48;2;29;27;30m[38;2;207;205;207m▅[48;2;239;239;240m[38;2;0;0;0m [48;2;250;250;252m[38;2;234;234;236m╵[38;2;250;250;252m        [48;2;248;248;250m[38;2;248;248;250m  [48;2;237;233;236m[38;2;104;99;103m▂[48;2;188;184;187m[38;2;22;18;21m▅[48;2;3;1;4m[38;2;3;1;4m  [48;2;1;1;1m[38;2;1;1;1m              [0m
[48;2;1;1;1m[38;2;1;1;1m                    [48;2;2;0;3m[38;2;2;0;3m  [48;2;1;1;1m[38;2;1;1;1m  [48;2;3;1;6m[38;2;3;1;6m    [48;2;1;0;4m[38;2;23;21;26m▄[48;2;245;243;248m[38;2;146;144;149m▎[48;2;250;250;252m[38;2;250;250;252m        [48;2;248;248;250m[38;2;248;248;250m  [48;2;221;216;220m[38;2;57;52;56m▁[48;2;194;189;193m[38;2;26;22;25m▅[48;2;4;2;7m[38;2;4;2;7m  [48;2;3;1;6m[38;2;3;1;6m  [48;2;1;1;1m[38;2;1;1;1m              [0m
[48;2;1;1;1m[38;2;1;1;1m                  [48;2;1;1;3m[38;2;1;1;3m  [48;2;2;0;3m[38;2;2;0;3m  [48;2;1;1;3m[38;2;1;1;3m  [48;2;3;1;6m[38;2;3;1;6m    [48;2;1;0;2m[38;2;15;13;16m▄[48;2;204;202;204m[38;2;43;41;44m▁[48;2;248;248;250m[38;2;248;248;250m  [48;2;250;250;252m[38;2;250;250;252m      [48;2;191;189;192m[38;2;247;245;248m▊[48;2;197;195;198m[38;2;27;25;28m▅[48;2;4;2;7m[38;2;4;2;7m  [48;2;3;1;6m[38;2;3;1;6m    [48;2;1;1;1m[38;2;1;1;1m              [0m
[48;2;1;1;1m[38;2;1;1;1m                  [48;2;2;0;3m[38;2;2;0;3m    [48;2;3;1;6m[38;2;3;1;6m      [48;2;3;1;4m[38;2;3;1;4m  [48;2;248;247;252m[38;2;147;146;151m▎[48;2;255;254;255m[38;2;234;233;238m│[48;2;250;250;252m[38;2;250;250;252m      [48;2;175;173;176m[38;2;246;245;247m▊[48;2;6;4;7m[38;2;52;50;53m▎[48;2;3;1;6m[38;2;3;1;6m      [48;2;1;1;1m[38;2;1;1;1m              [0m
[48;2;4;2;10m[38;2;23;2;126m▂▂▂▂▂▂▂▂▂▂▂▂▂▂▂▂▂▂[48;2;5;3;12m[38;2;24;2;129m▂▂[48;2;4;2;10m[38;2;23;2;126m▂▂[48;2;5;3;12m[38;2;24;2;129m▂▂▂▂▂▂[48;2;5;3;11m[38;2;24;3;127m▂▂[48;2;215;212;219m[38;2;40;33;71m▆[48;2;245;243;244m[38;2;195;191;207m▎[48;2;250;250;252m[38;2;250;250;252m      [48;2;196;191;195m[38;2;243;238;242m▊[48;2;22;18;21m[38;2;181;176;180m▂[48;2;5;3;12m[38;2;24;2;129m▂▂▂▂▂▂[48;2;4;2;11m[38;2;23;1;128m▂▂[48;2;4;2;10m[38;2;23;2;126m▂▂▂▂▂▂▂▂▂▂▂▂[0m
[48;2;38;3;183m[38;2;38;3;183m                              [48;2;61;35;175m[38;2;34;4;186m▊[48;2;229;222;238m[38;2;74;50;173m▂[48;2;249;249;251m[38;2;249;249;251m  [48;2;250;250;252m[38;2;250;250;252m    [48;2;255;254;255m[38;2;246;245;251m▌[48;2;175;174;180m[38;2;246;245;249m▊[48;2;39;4;182m[38;2;39;4;182m  [48;2;38;3;183m[38;2;38;3;183m                  [0m
[48;2;38;3;183m[38;2;38;3;183m                              [48;2;40;5;183m[38;2;40;5;183m  [48;2;248;247;251m[38;2;205;204;209m▎[48;2;240;239;244m[38;2;252;251;254m┃[48;2;250;250;252m[38;2;250;250;252m    [48;2;242;242;242m[38;2;0;0;0m [48;2;221;217;236m[38;2;65;46;172m▂[48;2;39;4;184m[38;2;39;4;184m  [48;2;38;3;183m[38;2;38;3;183m                  [0m
[48;2;38;3;185m[38;2;38;3;185m                              [48;2;39;4;184m[38;2;39;4;184m  [48;2;225;222;239m[38;2;59;44;179m▂[48;2;243;243;242m[38;2;0;0;0m [48;2;249;249;251m[38;2;249;249;251m  [48;2;244;224;222m[38;2;202;79;111m▂[48;2;251;229;227m[38;2;207;85;116m▆[48;2;222;198;217m[38;2;179;69;117m▆[48;2;47;8;162m[38;2;47;7;191m┃[48;2;38;3;185m[38;2;38;3;185m                    [0m
[48;2;38;3;185m[38;2;38;3;185m                                [48;2;82;60;187m[38;2;32;2;184m▊[48;2;247;246;247m[38;2;198;187;243m▎[48;2;233;206;211m[38;2;240;245;248m▊[48;2;239;214;204m[38;2;221;90;115m▆[48;2;212;72;90m[38;2;187;65;103m▗[48;2;214;68;111m[38;2;71;31;156m▂[48;2;180;62;110m[38;2;67;10;156m▂[48;2;39;2;186m[38;2;69;17;164m▎[48;2;38;3;185m[38;2;38;3;185m                    [0m
[48;2;38;3;185m[38;2;38;3;185m                              [48;2;38;3;183m[38;2;38;3;183m  [48;2;53;8;167m[38;2;185;59;109m▂[48;2;222;197;213m[38;2;202;83;104m▆[48;2;232;193;188m[38;2;215;75;105m▆[48;2;215;77;105m[38;2;178;83;97m▗[48;2;152;56;118m[38;2;38;5;172m▆[48;2;34;3;189m[38;2;54;12;182m▘[48;2;38;3;185m[38;2;38;3;185m                      [0m
[48;2;38;3;185m[38;2;38;3;185m                              [48;2;44;9;179m[38;2;51;9;157m⎻[48;2;73;28;88m[38;2;180;61;94m━[48;2;212;70;102m[38;2;48;22;16m▃▃[48;2;195;71;96m[38;2;46;21;34m▃[48;2;147;61;66m[38;2;26;6;10m▆[48;2;36;13;140m[38;2;5;3;12m▆▆[48;2;36;13;142m[38;2;5;3;13m▆▆[48;2;38;6;166m[38;2;28;17;52m▂[48;2;33;2;170m[38;2;43;6;199m▗[48;2;38;3;185m[38;2;38;3;185m                  [0m
[48;2;38;3;185m[38;2;38;3;185m                              [48;2;37;2;182m[38;2;37;5;163m▝[48;2;37;22;78m[38;2;37;2;183m▆[48;2;10;5;21m[38;2;33;7;140m▃▃[48;2;8;6;11m[38;2;30;5;149m▃▃[48;2;8;3;24m[38;2;39;10;180m▂▂[48;2;8;6;12m[38;2;30;4;150m▃▃[48;2;37;22;78m[38;2;37;2;183m▆[48;2;37;2;182m[38;2;37;5;163m▘[48;2;38;3;185m[38;2;38;3;185m                  [0m
[48;2;40;2;185m[38;2;40;2;185m                                                            [0m
[48;2;40;2;185m[38;2;40;2;185m                                                            [0m
