[48;2;1;1;1m[38;2;1;1;1m                                                            [0m
[48;2;1;1;1m[38;2;1;1;1m                                                            [0m
[48;2;1;1;1m[38;2;1;1;1m                                                            [0m
[48;2;1;1;1m[38;2;1;1;1m                                                            [0m
[48;2;1;1;1m[38;2;1;1;1m                            [48;2;1;1;3m[38;2;1;1;3m  [48;2;1;1;1m[38;2;1;1;1m    [48;2;1;0;0m[38;2;5;3;4m▌[48;2;7;5;6m[38;2;34;32;33m▗[48;2;31;29;32m[38;2;234;232;235m▃▃[48;2;29;27;30m[38;2;241;239;241m▃▃[48;2;27;25;28m[38;2;203;201;204m▃[48;2;13;11;14m[38;2;1;0;2m▚[48;2;1;1;1m[38;2;1;1;1m                  [0m
[48;2;1;1;1m[38;2;1;1;1m                        [48;2;2;0;3m[38;2;2;0;3m  [48;2;1;1;3m[38;2;1;1;3m  [48;2;3;1;6m[38;2;3;1;6m  [48;2;2;0;3m[38;2;2;0;3m  [48;2;1;1;3m[38;2;1;1;3m  [48;2;63;58;62m[38;2;10;6;9m▊[48;2;151;146;150m[38;2;232;228;231m▇[48;2;245;240;237m[38;2;0;0;0m [48;2;248;242;241m[38;2;202;101;130m▄[48;2;237;217;225m[38;2;196;70;91m▃[48;2;230;210;217m[38;2;190;64;85m▃[48;2;104;102;105m[38;2;13;11;14m▇[48;2;1;0;2m[38;2;11;9;12m━[48;2;1;1;3m[38;2;1;1;3m  [48;2;1;1;1m[38;2;1;1;1m                [0m
[48;2;1;1;1m[38;2;1;1;1m                      [48;2;5;3;1m[38;2;0;0;0m [48;2;42;15;20m[38;2;188;75;109m▗[48;2;16;9;7m[38;2;184;66;101m▄[48;2;7;3;2m[38;2;72;25;37m▖[48;2;3;1;6m[38;2;3;1;6m    [48;2;1;1;3m[38;2;1;1;3m  [48;2;3;1;4m[38;2;3;1;4m  [48;2;81;75;79m[38;2;4;0;2m▊[48;2;202;196;200m[38;2;252;246;250m┃[48;2;219;145;154m[38;2;210;66;99m▇[48;2;75;31;32m[38;2;197;69;96m▃[48;2;159;45;67m[38;2;215;68;102m▊[48;2;57;28;24m[38;2;196;66;94m▃[48;2;3;1;4m[38;2;3;1;4m    [48;2;1;1;1m[38;2;1;1;1m    [48;2;2;2;2m[38;2;2;2;2m  [48;2;1;1;1m[38;2;1;1;1m          [0m
[48;2;1;1;1m[38;2;1;1;1m                      [48;2;7;3;1m[38;2;0;0;0m [48;2;44;17;22m[38;2;203;72;112m▝[48;2;207;67;99m[38;2;33;18;9m▄[48;2;205;67;98m[38;2;125;39;52m▖[48;2;42;20;26m[38;2;213;194;201m▄[48;2;15;10;11m[38;2;84;74;77m▖[48;2;3;1;4m[38;2;3;1;4m  [48;2;17;15;18m[38;2;0;0;0m [48;2;12;10;13m[38;2;207;205;208m▄[48;2;16;14;17m[38;2;228;226;229m▄▄[48;2;39;34;35m[38;2;227;221;223m▄[48;2;214;208;210m[38;2;241;236;238m▊[48;2;217;73;100m[38;2;217;73;100m  [48;2;217;79;104m[38;2;206;68;93m▄[48;2;206;68;93m[38;2;217;79;104m▄[48;2;15;14;16m[38;2;227;225;228m▄▄[48;2;15;13;16m[38;2;220;218;221m▄[48;2;14;13;15m[38;2;206;204;207m▄[48;2;5;3;4m[38;2;5;3;4m  [48;2;25;15;11m[38;2;0;0;0m [48;2;54;19;23m[38;2;186;53;90m▄[48;2;187;62;91m[38;2;0;0;0m [48;2;142;49;67m[38;2;25;13;7m▄[48;2;1;1;1m[38;2;1;1;1m          [0m
[48;2;1;1;1m[38;2;1;1;1m                    [48;2;2;2;4m[38;2;2;2;4m  [48;2;3;1;6m[38;2;3;1;6m  [48;2;26;21;25m[38;2;6;1;5m▊[48;2;233;228;232m[38;2;108;103;107m▎[48;2;231;229;232m[38;2;250;249;251m▇[48;2;214;212;215m[38;2;248;246;249m▆[48;2;42;41;43m[38;2;231;229;232m▄[48;2;28;26;29m[38;2;234;232;234m▄[48;2;199;197;200m[38;2;245;244;246m▅[48;2;239;237;240m[38;2;255;254;255m▇[48;2;250;250;252m[38;2;250;250;252m  [48;2;248;246;249m[38;2;248;246;249m  [48;2;219;77;109m[38;2;237;222;212m▄[48;2;210;80;108m[38;2;216;102;125m▁[48;2;195;90;121m[38;2;245;234;234m▄[48;2;249;240;239m[38;2;0;0;0m [48;2;250;250;252m[38;2;250;250;252m    [48;2;222;217;221m[38;2;0;0;0m [48;2;56;51;55m[38;2;236;232;235m▄[48;2;202;163;170m[38;2;244;231;231m▇[48;2;200;79;115m[38;2;241;235;232m▄[48;2;170;70;102m[38;2;182;175;177m▄[48;2;8;1;1m[38;2;0;0;0m [48;2;1;1;1m[38;2;1;1;1m          [0m
[48;2;1;1;1m[38;2;1;1;1m                [48;2;2;0;3m[38;2;2;0;3m  [48;2;3;1;4m[38;2;3;1;4m  [48;2;3;1;6m[38;2;3;1;6m    [48;2;6;4;7m[38;2;15;13;16m╷[48;2;184;182;185m[38;2;21;19;22m▄[48;2;222;220;223m[38;2;0;0;0m [48;2;255;254;255m[38;2;251;249;252m▄[48;2;250;250;252m[38;2;250;250;252m  [48;2;249;249;250m[38;2;189;189;191m▁▁[48;2;250;250;252m[38;2;250;250;252m    [48;2;249;249;251m[38;2;249;249;251m  [48;2;250;250;252m[38;2;250;250;252m        [48;2;249;247;249m[38;2;230;228;231m▁[48;2;99;97;100m[38;2;234;232;235m▊[48;2;4;2;5m[38;2;4;2;5m  [48;2;1;1;1m[38;2;1;1;1m    [48;2;1;1;3m[38;2;1;1;3m  [48;2;1;1;1m[38;2;1;1;1m    [0m
[48;2;1;1;1m[38;2;1;1;1m            [48;2;1;1;3m[38;2;1;1;3m  [48;2;3;1;6m[38;2;3;1;6m      [48;2;1;1;3m[38;2;1;1;3m  [48;2;1;1;1m[38;2;1;1;1m    [48;2;41;39;42m[38;2;7;5;8m▇[48;2;193;191;193m[38;2;11;10;12m▄[48;2;224;222;227m[38;2;13;12;16m▄▄[48;2;19;18;20m[38;2;0;0;0m [48;2;1;0;2m[38;2;7;5;8m▄[48;2;209;208;210m[38;2;26;24;27m▄[48;2;237;235;238m[38;2;0;0;0m [48;2;250;250;252m[38;2;250;250;252m        [48;2;250;248;251m[38;2;255;254;255m▌[48;2;246;244;247m[38;2;192;190;193m▗[48;2;227;225;230m[38;2;15;14;18m▄▄[48;2;187;186;188m[38;2;15;14;16m▄[48;2;24;22;25m[38;2;1;0;2m▅[48;2;1;1;3m[38;2;1;1;3m  [48;2;1;1;1m[38;2;1;1;1m          [0m
[48;2;1;1;1m[38;2;1;1;1m            [48;2;3;1;6m[38;2;3;1;6m      [48;2;3;1;4m[38;2;3;1;4m  [48;2;1;1;3m[38;2;1;1;3m  [48;2;1;1;1m[38;2;1;1;1m    [48;2;3;1;6m[38;2;3;1;6m      [48;2;48;43;47m[38;2;10;5;9m▊[48;2;233;229;232m[38;2;168;163;167m▎[48;2;250;250;252m[38;2;250;250;252m        [48;2;255;254;255m[38;2;250;248;251m▅[48;2;205;203;206m[38;2;0;0;0m [48;2;4;2;7m[38;2;4;2;7m  [48;2;1;1;1m[38;2;1;1;1m              [0m
[48;2;1;1;1m[38;2;1;1;1m            [48;2;1;1;3m[38;2;1;1;3m  [48;2;3;1;6m[38;2;3;1;6m  [48;2;2;0;3m[38;2;2;0;3m  [48;2;1;1;1m[38;2;1;1;1m  [48;2;3;1;6m[38;2;3;1;6m    [48;2;1;1;1m[38;2;1;1;1m        [48;2;14;12;15m[38;2;1;0;2m▊[48;2;57;55;58m[38;2;8;6;9m▊[48;2;237;235;238m[38;2;125;123;126m▁[48;2;246;244;246m[38;2;0;0;0m [48;2;250;250;252m[38;2;250;250;252m    [48;2;249;249;251m[38;2;249;249;251m  [48;2;134;129;133m[38;2;222;217;221m▊[48;2;13;8;12m[38;2;13;9;12m▄[48;2;1;1;3m[38;2;1;1;3m  [48;2;1;1;1m[38;2;1;1;1m              [0m
[48;2;1;1;1m[38;2;1;1;1m              [48;2;2;0;3m[38;2;2;0;3m  [48;2;1;1;3m[38;2;1;1;3m    [48;2;3;1;6m[38;2;3;1;6m  [48;2;3;1;4m[38;2;3;1;4m  [48;2;1;1;3m[38;2;1;1;3m  [48;2;1;1;1m[38;2;1;1;1m    [48;2;1;1;3m[38;2;1;1;3m  [48;2;8;6;9m[38;2;0;0;0m [48;2;15;14;16m[38;2;145;143;146m▁[48;2;42;37;40m[38;2;205;200;204m▅[48;2;222;217;221m[38;2;88;82;86m▅[48;2;243;241;243m[38;2;99;97;100m▁▁[48;2;245;243;246m[38;2;91;89;92m▁▁[48;2;231;227;230m[38;2;86;81;85m▁[48;2;209;205;209m[38;2;65;61;64m▅[48;2;4;2;5m[38;2;4;2;5m  [48;2;1;1;3m[38;2;1;1;3m  [48;2;1;1;1m[38;2;1;1;1m              [0m
[48;2;1;1;1m[38;2;1;1;1m                [48;2;3;1;4m[38;2;3;1;4m  [48;2;3;1;6m[38;2;3;1;6m  [48;2;2;0;3m[38;2;2;0;3m  [48;2;3;1;6m[38;2;3;1;6m  [48;2;2;0;3m[38;2;2;0;3m  [48;2;1;1;1m[38;2;1;1;1m    [48;2;5;3;8m[38;2;5;3;8m  [48;2;30;28;31m[38;2;213;211;213m▅[48;2;242;240;242m[38;2;0;0;0m [48;2;252;252;253m[38;2;245;245;247m▃[48;2;243;243;245m[38;2;230;230;232m▝[48;2;26;22;25m[38;2;209;204;208m▅[48;2;19;15;18m[38;2;0;0;0m [48;2;1;0;2m[38;2;7;5;8m▂[48;2;9;8;10m[38;2;60;58;61m▗[48;2;55;53;56m[38;2;215;213;216m▅[48;2;174;172;175m[38;2;237;235;237m▊[48;2;16;15;17m[38;2;128;126;129m▁[48;2;1;0;2m[38;2;15;13;16m▄[48;2;3;1;6m[38;2;3;1;6m  [48;2;1;1;1m[38;2;1;1;1m              [0m
[48;2;1;1;1m[38;2;1;1;1m                    [48;2;0;0;0m[38;2;0;0;0m  [48;2;1;1;3m[38;2;1;1;3m  [48;2;1;1;1m[38;2;1;1;1m    [48;2;2;0;3m[38;2;2;0;3m  [48;2;1;0;2m▄[48;2;24;22;25m[38;2;139;137;140m▁[48;2;248;248;250m[38;2;205;205;207m▎[48;2;240;240;242m[38;2;252;252;253m┃[48;2;237;235;238m[38;2;101;99;102m▁[48;2;219;218;220m[38;2;243;242;244m▊[48;2;211;206;210m[38;2;49;44;48m▅[48;2;60;55;59m[38;2;221;216;220m▅[48;2;214;209;211m[38;2;100;94;96m▁[48;2;53;47;49m[38;2;168;162;164m▁[48;2;255;255;255m[38;2;237;237;239m▌[48;2;253;253;254m[38;2;245;245;247m┃[48;2;146;144;147m[38;2;245;243;246m▊[48;2;1;0;2m[38;2;23;21;24m▄[48;2;1;1;3m[38;2;1;1;3m    [48;2;1;1;1m[38;2;1;1;1m            [0m
[48;2;1;1;1m[38;2;1;1;1m                        [48;2;1;1;3m[38;2;1;1;3m  [48;2;3;1;6m[38;2;3;1;6m  [48;2;3;1;4m[38;2;3;1;4m  [48;2;28;24;27m[38;2;144;139;143m▁[48;2;247;243;246m[38;2;175;170;174m▎[48;2;248;248;250m[38;2;248;248;250m  [48;2;54;49;50m[38;2;222;217;219m▅[48;2;200;194;196m[38;2;101;95;97m▅[48;2;52;47;51m[38;2;227;224;227m▅[48;2;219;215;219m[38;2;119;114;118m▂[48;2;51;46;50m[38;2;188;183;187m▁[48;2;248;244;248m[38;2;209;204;208m▎[48;2;250;250;252m[38;2;250;250;252m  [48;2;146;144;147m[38;2;245;243;246m▊[48;2;1;0;2m[38;2;23;21;24m▄[48;2;2;0;3m[38;2;2;0;3m  [48;2;1;1;1m[38;2;1;1;1m              [0m
[48;2;1;1;1m[38;2;1;1;1m                    [48;2;2;0;3m[38;2;2;0;3m  [48;2;1;1;1m[38;2;1;1;1m  [48;2;3;1;6m[38;2;3;1;6m    [48;2;3;1;4m[38;2;3;1;4m  [48;2;246;246;248m[38;2;255;255;255m│[48;2;253;253;254m[38;2;241;241;243m┃[48;2;250;250;252m[38;2;250;250;252m    [48;2;239;237;240m[38;2;0;0;0m [48;2;69;67;70m[38;2;234;233;235m▅[48;2;248;248;250m[38;2;248;248;250m  [48;2;241;241;243m[38;2;251;251;252m▅[48;2;251;251;252m[38;2;241;241;243m▃[48;2;107;102;106m[38;2;207;203;206m▊[48;2;9;5;8m[38;2;34;29;33m▎[48;2;3;1;6m[38;2;3;1;6m  [48;2;1;1;1m[38;2;1;1;1m              [0m
[48;2;1;1;1m[38;2;1;1;1m                  [48;2;1;1;3m[38;2;1;1;3m  [48;2;2;0;3m[38;2;2;0;3m  [48;2;1;1;3m[38;2;1;1;3m  [48;2;3;1;6m[38;2;3;1;6m    [48;2;7;5;8m[38;2;0;0;0m [48;2;21;20;22m[38;2;176;174;177m▁[48;2;247;247;248m[38;2;176;176;178m▎[48;2;247;247;249m[38;2;255;255;255m▌[48;2;250;250;252m[38;2;250;250;252m        [48;2;252;252;253m[38;2;244;244;246m┃[48;2;152;152;154m[38;2;243;243;245m▊[48;2;9;7;12m[38;2;14;12;17m▌[48;2;1;0;4m[38;2;4;2;7m▎[48;2;3;1;6m[38;2;3;1;6m  [48;2;1;1;1m[38;2;1;1;1m              [0m
[48;2;1;1;1m[38;2;1;1;1m                  [48;2;2;0;3m[38;2;2;0;3m    [48;2;3;1;6m[38;2;3;1;6m      [48;2;1;0;2m[38;2;23;21;24m▄[48;2;245;243;246m[38;2;146;144;147m▎[48;2;250;250;252m[38;2;250;250;252m          [48;2;240;240;242m[38;2;253;253;254m┃[48;2;181;181;183m[38;2;244;244;245m▊[48;2;4;3;7m[38;2;21;19;24m▌[48;2;8;6;11m[38;2;1;0;4m▊[48;2;3;1;6m[38;2;3;1;6m  [48;2;1;1;1m[38;2;1;1;1m              [0m
[48;2;4;2;10m[38;2;23;2;126m▂▂▂▂▂▂▂▂▂▂▂▂▂▂▂▂▂▂[48;2;5;3;12m[38;2;24;2;129m▂▂[48;2;4;2;10m[38;2;23;2;126m▂▂[48;2;5;3;12m[38;2;24;2;129m▂▂▂▂▂▂[48;2;14;12;17m[38;2;172;170;175m▂[48;2;242;240;244m[38;2;167;165;170m▎[48;2;250;250;252m[38;2;250;250;252m  [48;2;253;253;254m[38;2;245;245;247m┃[48;2;237;237;239m[38;2;255;255;255m▌[48;2;164;157;185m[38;2;41;35;61m┳[48;2;244;243;244m[38;2;212;208;221m▎[48;2;250;250;252m[38;2;250;250;252m    [48;2;242;239;243m[38;2;0;0;0m [48;2;205;201;210m[38;2;56;31;177m▁[48;2;9;4;13m[38;2;28;3;131m▂▂[48;2;5;3;12m[38;2;24;2;129m▂▂[48;2;4;2;11m[38;2;23;1;128m▂▂[48;2;4;2;10m[38;2;23;2;126m▂▂▂▂▂▂▂▂▂▂▂▂[0m
[48;2;38;3;183m[38;2;38;3;183m                            [48;2;245;242;254m[38;2;154;150;177m▎[48;2;249;249;242m[38;2;250;250;251m▌[48;2;250;250;252m[38;2;250;250;252m  [48;2;243;242;246m[38;2;0;0;0m [48;2;233;232;232m[38;2;89;69;194m▂[48;2;93;70;199m[38;2;25;0;170m┃[48;2;249;246;245m[38;2;210;203;237m▎[48;2;250;250;252m[38;2;250;250;252m    [48;2;184;173;229m[38;2;246;244;245m▊[48;2;30;3;182m[38;2;67;45;172m▎[48;2;38;3;183m[38;2;38;3;183m                  [0m
[48;2;38;3;183m[38;2;38;3;183m                          [48;2;46;12;191m[38;2;34;7;163m▚[48;2;46;12;189m[38;2;179;165;217m▂[48;2;244;243;247m[38;2;185;184;190m▎[48;2;251;250;254m[38;2;238;237;243m╷[48;2;250;250;252m[38;2;250;250;252m  [48;2;202;192;242m[38;2;251;251;245m▊[48;2;36;6;182m[38;2;86;65;186m▎[48;2;35;7;174m[38;2;51;18;199m│[48;2;217;208;237m[38;2;58;29;185m▆[48;2;248;248;250m[38;2;248;248;250m  [48;2;250;250;252m[38;2;250;250;252m  [48;2;184;173;229m[38;2;246;244;245m▊[48;2;30;3;182m[38;2;67;45;172m▎[48;2;38;3;183m[38;2;38;3;183m                  [0m
[48;2;38;3;185m[38;2;38;3;185m                          [48;2;50;20;178m[38;2;33;1;184m▊[48;2;244;241;244m[38;2;128;110;196m▎[48;2;250;250;252m[38;2;250;250;252m  [48;2;249;249;251m[38;2;249;249;251m  [48;2;214;203;244m[38;2;61;34;184m▆[48;2;37;6;186m[38;2;44;18;162m▘[48;2;36;2;177m[38;2;44;10;185m┃[48;2;61;27;202m[38;2;30;0;171m▌[48;2;250;250;251m[38;2;232;232;234m▌[48;2;250;250;252m[38;2;255;255;255m▌[48;2;237;236;241m[38;2;247;246;250m▊[48;2;204;203;208m[38;2;248;247;251m▊[48;2;199;188;226m[38;2;47;16;178m▆[48;2;40;8;185m[38;2;0;0;0m [48;2;38;3;185m[38;2;38;3;185m                  [0m
[48;2;38;3;185m[38;2;38;3;185m                          [48;2;30;0;172m[38;2;52;16;214m│[48;2;250;246;249m[38;2;110;91;180m▎[48;2;250;250;252m[38;2;250;250;252m  [48;2;245;243;249m[38;2;0;0;0m [48;2;237;236;237m[38;2;74;55;181m▂[48;2;35;5;168m[38;2;82;51;207m▎[48;2;39;6;191m[38;2;49;12;200m▁[48;2;40;5;185m[38;2;40;5;185m  [48;2;209;204;225m[38;2;56;32;177m▆[48;2;249;247;245m[38;2;222;216;248m▎[48;2;255;254;255m[38;2;246;245;251m▌[48;2;175;174;180m[38;2;246;245;249m▊[48;2;40;5;183m[38;2;40;5;183m  [48;2;38;3;185m[38;2;38;3;185m                  [0m
[48;2;38;3;185m[38;2;38;3;185m                          [48;2;42;8;181m[38;2;0;0;0m [48;2;170;156;211m[38;2;43;10;189m▆[48;2;222;211;225m[38;2;187;68;120m▂[48;2;244;235;228m[38;2;190;75;103m▂[48;2;237;226;233m[38;2;213;77;102m▂[48;2;59;26;170m[38;2;195;57;97m▂[48;2;41;3;184m[38;2;41;3;184m  [48;2;38;3;185m[38;2;38;3;185m  [48;2;55;12;179m[38;2;0;0;0m [48;2;225;203;196m[38;2;207;80;108m▆[48;2;232;214;207m[38;2;211;75;107m▆[48;2;225;207;200m[38;2;205;69;102m▆[48;2;39;4;182m[38;2;39;4;182m  [48;2;38;3;185m[38;2;38;3;185m                  [0m
[48;2;38;3;185m[38;2;38;3;185m                          [48;2;36;4;173m[38;2;28;14;55m▂[48;2;47;12;170m[38;2;150;60;75m▂[48;2;219;86;120m[38;2;181;57;96m▌[48;2;233;78;94m[38;2;218;71;94m▊[48;2;219;78;105m[38;2;185;66;86m▗[48;2;201;58;86m[38;2;44;23;13m▂[48;2;40;15;141m[38;2;9;4;11m▆▆[48;2;38;9;150m[38;2;19;6;12m▆[48;2;34;21;72m[38;2;184;57;88m▂[48;2;92;18;151m[38;2;206;71;87m▆[48;2;221;78;105m[38;2;199;67;106m▘[48;2;214;70;100m[38;2;0;0;0m [48;2;185;63;86m[38;2;41;21;13m▂[48;2;35;8;147m[38;2;14;7;29m▆[48;2;35;7;157m[38;2;14;6;34m▂[48;2;38;3;185m[38;2;38;3;185m                  [0m
[48;2;38;3;185m[38;2;38;3;185m                          [48;2;34;20;85m[38;2;37;8;173m▆[48;2;55;22;63m[38;2;46;1;175m▂[48;2;147;47;73m[38;2;27;9;80m▆▆[48;2;134;44;71m[38;2;25;7;80m▆[48;2;18;9;28m[38;2;43;12;180m▂[48;2;8;3;24m[38;2;39;10;180m▂▂[48;2;18;9;28m[38;2;43;12;180m▂[48;2;134;44;71m[38;2;25;7;80m▆[48;2;160;41;74m[38;2;25;10;81m▆▆[48;2;132;44;70m[38;2;23;7;80m▆[48;2;16;9;27m[38;2;40;12;179m▂[48;2;17;8;43m[38;2;37;5;178m▂[48;2;32;18;81m[38;2;33;3;166m▆[48;2;38;3;185m[38;2;38;3;185m                  [0m
[48;2;40;2;185m[38;2;40;2;185m                                                            [0m
[48;2;40;2;185m[38;2;40;2;185m                                                            [0m
