[48;2;1;1;1m[38;2;1;1;1m                                                            [0m
[48;2;1;1;1m[38;2;1;1;1m                                                            [0m
[48;2;1;1;1m[38;2;1;1;1m                                                            [0m
[48;2;1;1;1m[38;2;1;1;1m                                                            [0m
[48;2;1;1;1m[38;2;1;1;1m                            [48;2;1;1;3m[38;2;1;1;3m  [48;2;1;1;1m[38;2;1;1;1m      [48;2;2;1;1m[38;2;12;10;11m▃▃[48;2;3;1;2m[38;2;13;11;12m▃▃[48;2;2;2;2m[38;2;2;2;2m  [48;2;1;1;1m[38;2;1;1;1m                  [0m
[48;2;1;1;1m[38;2;1;1;1m                        [48;2;2;0;3m[38;2;2;0;3m  [48;2;1;1;3m[38;2;1;1;3m  [48;2;3;1;6m[38;2;3;1;6m  [48;2;2;0;3m[38;2;2;0;3m  [48;2;1;1;3m[38;2;1;1;3m  [48;2;3;0;2m[38;2;32;27;31m [48;2;50;45;49m[38;2;235;231;234m▃[48;2;121;119;122m[38;2;244;242;245m▇▇[48;2;146;144;147m[38;2;241;240;242m▇[48;2;141;139;142m[38;2;230;228;231m▇[48;2;181;176;180m[38;2;37;33;36m▄[48;2;14;10;13m[38;2;0;0;0m [48;2;1;1;3m[38;2;1;1;3m  [48;2;1;1;1m[38;2;1;1;1m                [0m
[48;2;1;1;1m[38;2;1;1;1m                        [48;2;6;2;1m[38;2;0;0;0m [48;2;45;15;23m[38;2;192;76;113m▗[48;2;20;16;12m[38;2;180;61;97m▄[48;2;19;5;6m[38;2;0;0;0m [48;2;3;1;6m[38;2;3;1;6m  [48;2;1;1;3m[38;2;1;1;3m  [48;2;3;1;4m[38;2;3;1;4m  [48;2;70;65;69m[38;2;4;0;3m▊[48;2;245;241;244m[38;2;207;202;206m▎[48;2;244;226;223m[38;2;199;85;111m▄[48;2;187;83;105m[38;2;25;10;7m▃[48;2;217;152;159m[38;2;202;60;92m▇[48;2;187;81;101m[38;2;36;20;11m▄[48;2;3;1;4m[38;2;3;1;4m    [48;2;6;4;5m[38;2;1;0;0m▅[48;2;7;5;6m[38;2;20;18;19m▗[48;2;16;9;10m[38;2;186;75;91m▄[48;2;33;14;17m[38;2;183;57;75m▃[48;2;1;1;1m[38;2;1;1;1m            [0m
[48;2;1;1;1m[38;2;1;1;1m                        [48;2;15;0;0m[38;2;0;5;9m▊[48;2;211;74;98m[38;2;80;25;31m▎[48;2;213;64;93m[38;2;216;88;101m▎[48;2;8;6;8m[38;2;113;45;60m▎[48;2;3;1;4m[38;2;3;1;4m  [48;2;3;3;3m[38;2;3;3;3m  [48;2;1;0;0m[38;2;6;4;5m▃▃[48;2;83;77;79m[38;2;10;4;6m▊[48;2;204;198;200m[38;2;253;248;250m┃[48;2;214;72;98m[38;2;214;72;98m  [48;2;210;63;91m[38;2;226;74;104m▘[48;2;162;45;63m[38;2;202;76;97m▊[48;2;1;0;0m[38;2;8;6;7m▃▃[48;2;0;0;2m[38;2;5;5;7m▃▃[48;2;15;9;11m[38;2;4;0;0m┃[48;2;50;44;46m[38;2;7;2;3m▊[48;2;217;84;113m[38;2;0;0;0m [48;2;169;74;90m[38;2;210;186;179m▄[48;2;2;2;4m[38;2;2;2;4m  [48;2;1;1;1m[38;2;1;1;1m          [0m
[48;2;1;1;1m[38;2;1;1;1m                    [48;2;2;2;4m[38;2;2;2;4m  [48;2;3;1;6m[38;2;3;1;6m  [48;2;224;218;215m[38;2;93;76;77m▎[48;2;211;121;147m[38;2;239;241;238m▃[48;2;234;229;231m[38;2;0;0;0m [48;2;62;56;58m[38;2;231;226;228m▄[48;2;13;11;14m[38;2;79;77;80m▖[48;2;18;16;19m[38;2;195;193;196m▄[48;2;27;25;28m[38;2;229;227;229m▄[48;2;157;155;158m[38;2;237;236;238m▇[48;2;255;254;255m[38;2;242;240;243m▄▄[48;2;207;203;204m[38;2;249;246;247m▆[48;2;223;219;220m[38;2;248;246;247m▊[48;2;215;75;101m[38;2;220;80;106m▌[48;2;204;64;90m[38;2;208;68;94m▌[48;2;229;117;139m[38;2;211;66;99m▊[48;2;203;93;114m[38;2;243;224;216m▄[48;2;255;254;255m[38;2;242;240;243m▄▄[48;2;182;180;183m[38;2;243;241;244m▇[48;2;160;158;161m[38;2;238;236;239m▇[48;2;24;23;25m[38;2;228;226;229m▄[48;2;48;46;49m[38;2;239;237;239m▄[48;2;248;248;250m[38;2;248;248;250m  [48;2;82;77;81m[38;2;229;225;228m▊[48;2;3;0;2m[38;2;19;14;18m│[48;2;1;1;1m[38;2;1;1;1m          [0m
[48;2;1;1;1m[38;2;1;1;1m                [48;2;2;0;3m[38;2;2;0;3m  [48;2;3;1;4m[38;2;3;1;4m  [48;2;3;1;6m[38;2;3;1;6m    [48;2;38;33;37m[38;2;9;5;8m▇[48;2;231;227;231m[38;2;108;103;107m▎[48;2;247;245;248m[38;2;185;183;186m▁[48;2;248;247;249m[38;2;233;231;234m╶[48;2;247;247;249m[38;2;247;247;249m  [48;2;250;250;252m[38;2;250;250;252m      [48;2;240;239;235m[38;2;0;0;0m [48;2;205;96;128m[38;2;250;236;238m▄[48;2;248;248;250m[38;2;248;248;250m  [48;2;250;250;252m[38;2;250;250;252m      [48;2;255;254;255m[38;2;244;242;245m▄[48;2;219;217;220m[38;2;0;0;0m [48;2;181;179;181m[38;2;19;18;20m▄[48;2;3;2;4m[38;2;11;9;12m╵[48;2;1;1;1m[38;2;1;1;1m    [48;2;1;1;3m[38;2;1;1;3m  [48;2;1;1;1m[38;2;1;1;1m    [0m
[48;2;1;1;1m[38;2;1;1;1m            [48;2;1;1;3m[38;2;1;1;3m  [48;2;3;1;6m[38;2;3;1;6m      [48;2;1;1;3m[38;2;1;1;3m  [48;2;1;1;1m[38;2;1;1;1m  [48;2;2;2;2m[38;2;2;2;2m  [48;2;47;45;48m[38;2;10;8;11m▇[48;2;189;188;190m[38;2;9;8;10m▄[48;2;224;223;228m[38;2;13;12;17m▄▄[48;2;228;226;231m[38;2;16;14;19m▄▄[48;2;245;245;247m[38;2;224;224;226m▖[48;2;255;255;255m[38;2;251;251;253m▝[48;2;250;250;252m[38;2;250;250;252m        [48;2;250;248;251m[38;2;255;254;255m▌[48;2;246;244;247m[38;2;192;190;193m▗[48;2;227;225;230m[38;2;15;14;18m▄▄[48;2;187;186;188m[38;2;15;14;16m▄[48;2;24;22;25m[38;2;1;0;2m▅[48;2;1;1;3m[38;2;1;1;3m  [48;2;1;1;1m[38;2;1;1;1m          [0m
[48;2;1;1;1m[38;2;1;1;1m            [48;2;3;1;6m[38;2;3;1;6m      [48;2;3;1;4m[38;2;3;1;4m  [48;2;1;1;3m[38;2;1;1;3m  [48;2;1;1;1m[38;2;1;1;1m    [48;2;3;1;6m[38;2;3;1;6m    [48;2;5;3;8m[38;2;5;3;8m  [48;2;204;202;205m[38;2;24;23;25m▄[48;2;243;241;243m[38;2;211;209;211m▎[48;2;250;250;252m[38;2;250;250;252m        [48;2;252;250;252m[38;2;244;242;245m┃[48;2;152;150;153m[38;2;243;242;244m▊[48;2;4;2;7m[38;2;4;2;7m  [48;2;1;1;1m[38;2;1;1;1m              [0m
[48;2;1;1;1m[38;2;1;1;1m            [48;2;1;1;3m[38;2;1;1;3m  [48;2;3;1;6m[38;2;3;1;6m  [48;2;2;0;3m[38;2;2;0;3m  [48;2;1;1;1m[38;2;1;1;1m  [48;2;3;1;6m[38;2;3;1;6m    [48;2;1;1;1m[38;2;1;1;1m        [48;2;1;0;2m[38;2;18;16;19m▄[48;2;225;223;226m[38;2;37;35;38m▅[48;2;243;243;245m[38;2;239;239;241m▌[48;2;254;254;255m[38;2;250;250;252m▌[48;2;250;250;252m      [48;2;191;187;191m[38;2;245;240;244m▊[48;2;215;210;214m[38;2;31;26;30m▅[48;2;2;2;4m[38;2;2;2;4m  [48;2;1;1;1m[38;2;1;1;1m              [0m
[48;2;1;1;1m[38;2;1;1;1m              [48;2;2;0;3m[38;2;2;0;3m  [48;2;1;1;3m[38;2;1;1;3m    [48;2;3;1;6m[38;2;3;1;6m  [48;2;3;1;4m[38;2;3;1;4m  [48;2;1;1;3m[38;2;1;1;3m  [48;2;1;1;1m[38;2;1;1;1m    [48;2;1;1;3m[38;2;1;1;3m  [48;2;0;0;2m[38;2;6;6;8m▎[48;2;19;19;21m[38;2;3;3;5m▌[48;2;228;223;227m[38;2;76;72;75m▅[48;2;237;233;236m[38;2;97;92;96m▁[48;2;250;250;252m[38;2;250;250;252m    [48;2;243;241;243m[38;2;0;0;0m [48;2;229;227;230m[38;2;99;97;100m▁[48;2;202;200;203m[38;2;26;24;27m▅[48;2;1;0;2m[38;2;12;10;13m▗[48;2;1;1;3m[38;2;1;1;3m  [48;2;1;1;1m[38;2;1;1;1m              [0m
[48;2;1;1;1m[38;2;1;1;1m                [48;2;3;1;4m[38;2;3;1;4m  [48;2;3;1;6m[38;2;3;1;6m  [48;2;2;0;3m[38;2;2;0;3m  [48;2;3;1;6m[38;2;3;1;6m  [48;2;2;0;3m[38;2;2;0;3m  [48;2;1;1;1m[38;2;1;1;1m    [48;2;3;1;6m[38;2;3;1;6m  [48;2;24;20;23m[38;2;159;154;158m▁[48;2;34;30;33m[38;2;219;214;218m▅[48;2;232;231;233m[38;2;0;0;0m [48;2;53;51;54m[38;2;225;223;226m▅[48;2;225;221;224m[38;2;72;68;71m▅[48;2;235;231;234m[38;2;29;25;28m▅[48;2;234;232;235m[38;2;27;25;28m▅▅[48;2;202;197;200m[38;2;94;88;92m▅[48;2;38;32;36m[38;2;200;195;199m▅[48;2;4;2;5m[38;2;4;2;5m  [48;2;3;1;6m[38;2;3;1;6m  [48;2;1;1;1m[38;2;1;1;1m              [0m
[48;2;1;1;1m[38;2;1;1;1m                    [48;2;0;0;0m[38;2;0;0;0m  [48;2;1;1;3m[38;2;1;1;3m  [48;2;1;1;1m[38;2;1;1;1m    [48;2;2;0;3m[38;2;2;0;3m  [48;2;1;0;2m▄[48;2;24;22;25m[38;2;139;137;140m▁[48;2;249;249;250m[38;2;206;206;208m▎[48;2;241;241;243m[38;2;253;253;254m┃[48;2;250;250;252m[38;2;250;250;252m  [48;2;165;160;164m[38;2;247;242;246m▊[48;2;60;55;59m[38;2;13;9;12m┃[48;2;36;31;35m[38;2;198;193;197m▅[48;2;85;80;84m[38;2;24;20;23m▊[48;2;247;245;248m[38;2;210;208;211m▎[48;2;237;235;238m[38;2;0;0;0m [48;2;25;23;26m[38;2;207;206;208m▅[48;2;1;0;2m[38;2;4;2;5m▄[48;2;1;1;3m[38;2;1;1;3m    [48;2;1;1;1m[38;2;1;1;1m            [0m
[48;2;1;1;1m[38;2;1;1;1m                        [48;2;1;1;3m[38;2;1;1;3m  [48;2;3;1;6m[38;2;3;1;6m  [48;2;3;1;4m[38;2;3;1;4m  [48;2;28;24;27m[38;2;144;139;143m▁[48;2;247;243;246m[38;2;175;170;174m▎[48;2;250;250;252m[38;2;250;250;252m  [48;2;249;249;251m[38;2;249;249;251m  [48;2;219;213;217m[38;2;99;93;97m▁[48;2;57;51;55m[38;2;175;169;173m▁[48;2;213;208;212m[38;2;246;241;245m┃[48;2;72;67;71m[38;2;17;13;16m┃[48;2;255;255;255m[38;2;236;236;238m▌[48;2;252;252;253m[38;2;244;244;246m┃[48;2;146;144;147m[38;2;245;243;246m▊[48;2;1;0;2m[38;2;23;21;24m▄[48;2;2;0;3m[38;2;2;0;3m  [48;2;1;1;1m[38;2;1;1;1m              [0m
[48;2;1;1;1m[38;2;1;1;1m                    [48;2;2;0;3m[38;2;2;0;3m  [48;2;1;1;1m[38;2;1;1;1m  [48;2;3;1;6m[38;2;3;1;6m    [48;2;3;1;4m[38;2;3;1;4m  [48;2;246;246;248m[38;2;255;255;255m│[48;2;253;253;254m[38;2;241;241;243m┃[48;2;250;250;252m[38;2;250;250;252m  [48;2;238;234;238m[38;2;0;0;0m [48;2;189;184;188m[38;2;77;72;76m┳[48;2;56;54;57m[38;2;234;232;235m▅[48;2;215;213;216m[38;2;240;239;241m▊[48;2;199;194;197m[38;2;102;96;100m▅[48;2;67;61;65m[38;2;232;227;231m▅[48;2;249;249;251m[38;2;249;249;251m  [48;2;148;143;147m[38;2;247;242;246m▊[48;2;3;0;2m[38;2;25;20;24m▄[48;2;3;1;6m[38;2;3;1;6m  [48;2;1;1;1m[38;2;1;1;1m              [0m
[48;2;1;1;1m[38;2;1;1;1m                  [48;2;1;1;3m[38;2;1;1;3m  [48;2;2;0;3m[38;2;2;0;3m  [48;2;1;1;3m[38;2;1;1;3m  [48;2;3;1;6m[38;2;3;1;6m    [48;2;3;1;4m[38;2;3;1;4m  [48;2;246;246;248m[38;2;255;255;255m│[48;2;253;253;254m[38;2;241;241;243m┃[48;2;250;250;252m[38;2;250;250;252m        [48;2;241;241;243m[38;2;251;251;252m▅[48;2;251;251;252m[38;2;241;241;243m▃[48;2;200;196;200m[38;2;36;32;35m▁[48;2;9;5;8m[38;2;32;27;31m▎[48;2;3;1;6m[38;2;3;1;6m  [48;2;1;1;1m[38;2;1;1;1m              [0m
[48;2;1;1;1m[38;2;1;1;1m                  [48;2;2;0;3m[38;2;2;0;3m    [48;2;3;1;6m[38;2;3;1;6m      [48;2;16;14;17m[38;2;1;0;2m▊[48;2;40;38;41m[38;2;214;212;215m▅[48;2;249;249;250m[38;2;211;211;213m▘[48;2;250;250;251m[38;2;0;0;0m [48;2;250;250;252m[38;2;250;250;252m        [48;2;255;255;255m[38;2;253;253;255m▌[48;2;164;164;166m[38;2;240;240;242m▊[48;2;4;3;7m[38;2;21;19;24m▌[48;2;8;6;11m[38;2;1;0;4m▊[48;2;3;1;6m[38;2;3;1;6m  [48;2;1;1;1m[38;2;1;1;1m              [0m
[48;2;4;2;10m[38;2;23;2;126m▂▂▂▂▂▂▂▂▂▂▂▂▂▂▂▂▂▂[48;2;5;3;12m[38;2;24;2;129m▂▂[48;2;4;2;10m[38;2;23;2;126m▂▂[48;2;5;3;12m[38;2;24;2;129m▂▂▂▂▂▂[48;2;9;8;12m[38;2;26;9;123m▂[48;2;247;244;244m[38;2;150;146;162m▎[48;2;250;250;252m[38;2;250;250;252m          [48;2;187;181;198m[38;2;244;239;241m▊[48;2;214;209;214m[38;2;44;35;76m▆[48;2;7;2;12m[38;2;26;1;129m▂▂[48;2;5;3;12m[38;2;24;2;129m▂▂[48;2;4;2;11m[38;2;23;1;128m▂▂[48;2;4;2;10m[38;2;23;2;126m▂▂▂▂▂▂▂▂▂▂▂▂[0m
[48;2;38;3;183m[38;2;38;3;183m                            [48;2;45;23;170m[38;2;211;207;229m▆[48;2;239;238;244m[38;2;0;0;0m [48;2;250;250;252m[38;2;250;250;252m  [48;2;253;253;254m[38;2;245;245;247m┃[48;2;237;237;239m[38;2;255;255;255m▌[48;2;206;200;226m[38;2;58;39;172m▅[48;2;249;246;249m[38;2;225;219;247m▎[48;2;250;250;252m[38;2;250;250;252m    [48;2;184;173;229m[38;2;246;244;245m▊[48;2;30;3;182m[38;2;67;45;172m▎[48;2;38;3;183m[38;2;38;3;183m                  [0m
[48;2;38;3;183m[38;2;38;3;183m                            [48;2;245;242;254m[38;2;154;150;177m▎[48;2;249;249;242m[38;2;250;250;251m▌[48;2;250;250;252m[38;2;250;250;252m  [48;2;215;208;241m[38;2;247;245;243m▊[48;2;221;216;234m[38;2;59;34;180m▆[48;2;48;21;164m[38;2;46;16;193m▆[48;2;233;228;238m[38;2;83;58;185m▂[48;2;249;249;251m[38;2;249;249;251m  [48;2;248;248;250m[38;2;248;248;250m  [48;2;221;214;228m[38;2;69;42;182m▂[48;2;49;18;191m[38;2;39;9;185m▄[48;2;38;3;183m[38;2;38;3;183m                  [0m
[48;2;38;3;185m[38;2;38;3;185m                          [48;2;34;4;176m[38;2;44;9;205m▖[48;2;48;18;182m[38;2;198;187;227m▂[48;2;242;241;245m[38;2;185;184;190m▎[48;2;251;250;253m[38;2;245;244;249m▝[48;2;250;250;252m[38;2;250;250;252m  [48;2;202;192;242m[38;2;251;251;245m▊[48;2;36;6;182m[38;2;86;65;186m▎[48;2;36;2;177m[38;2;44;10;185m┃[48;2;61;27;202m[38;2;30;0;171m▌[48;2;243;243;245m[38;2;239;239;241m▌[48;2;254;254;255m[38;2;250;250;252m▌[48;2;255;254;255m[38;2;246;245;251m▌[48;2;175;174;180m[38;2;246;245;249m▊[48;2;40;5;183m[38;2;40;5;183m  [48;2;38;3;185m[38;2;38;3;185m                  [0m
[48;2;38;3;185m[38;2;38;3;185m                          [48;2;30;0;172m[38;2;52;16;214m│[48;2;250;246;249m[38;2;110;91;180m▎[48;2;250;250;252m[38;2;250;250;252m  [48;2;249;249;251m[38;2;249;249;251m  [48;2;213;202;243m[38;2;60;33;183m▆[48;2;36;5;185m[38;2;43;17;161m▘[48;2;46;10;197m[38;2;34;0;186m┃[48;2;81;50;206m[38;2;34;5;167m▊[48;2;243;243;245m[38;2;239;239;241m▌[48;2;254;254;255m[38;2;250;250;252m▌[48;2;255;254;255m[38;2;246;245;251m▌[48;2;175;174;180m[38;2;246;245;249m▊[48;2;40;5;183m[38;2;40;5;183m  [48;2;38;3;185m[38;2;38;3;185m                  [0m
[48;2;38;3;185m[38;2;38;3;185m                          [48;2;42;8;181m[38;2;0;0;0m [48;2;170;156;211m[38;2;43;10;189m▆[48;2;222;211;225m[38;2;187;68;120m▂[48;2;244;235;228m[38;2;190;75;103m▂[48;2;241;239;239m[38;2;194;70;93m▂[48;2;237;228;243m[38;2;52;21;144m▂[48;2;35;5;168m[38;2;82;51;207m▎[48;2;39;6;191m[38;2;49;12;200m▁[48;2;36;2;177m[38;2;44;10;185m┃[48;2;61;27;202m[38;2;30;0;171m▌[48;2;226;224;227m[38;2;75;56;182m▂[48;2;246;244;250m[38;2;0;0;0m [48;2;255;254;255m[38;2;246;245;251m▌[48;2;175;174;180m[38;2;246;245;249m▊[48;2;39;4;182m[38;2;39;4;182m  [48;2;38;3;185m[38;2;38;3;185m                  [0m
[48;2;38;3;185m[38;2;38;3;185m                          [48;2;36;4;173m[38;2;28;14;55m▂[48;2;47;12;170m[38;2;150;60;75m▂[48;2;219;86;120m[38;2;181;57;96m▌[48;2;233;78;94m[38;2;218;71;94m▊[48;2;211;73;100m[38;2;0;0;0m [48;2;98;44;155m[38;2;212;73;94m▆[48;2;47;21;149m[38;2;17;9;20m▆[48;2;36;9;137m[38;2;7;1;11m▆[48;2;37;8;149m[38;2;19;6;11m▆[48;2;33;20;71m[38;2;183;56;87m▂[48;2;88;48;151m[38;2;213;75;102m▆[48;2;223;197;215m[38;2;214;76;99m▆[48;2;225;203;195m[38;2;217;78;109m▆[48;2;219;197;189m[38;2;211;72;103m▆[48;2;37;17;115m[38;2;10;3;19m▅[48;2;42;10;176m[38;2;14;4;42m▃[48;2;38;3;185m[38;2;38;3;185m                  [0m
[48;2;38;3;185m[38;2;38;3;185m                          [48;2;34;20;85m[38;2;37;8;173m▆[48;2;55;22;63m[38;2;46;1;175m▂[48;2;147;47;73m[38;2;27;9;80m▆▆[48;2;145;47;73m[38;2;26;10;80m▆▆[48;2;11;4;24m[38;2;42;10;181m▂▂[48;2;18;9;28m[38;2;43;12;180m▂[48;2;134;44;71m[38;2;25;7;80m▆[48;2;160;41;74m[38;2;25;10;81m▆▆[48;2;147;47;73m[38;2;27;9;80m▆▆[48;2;17;8;43m[38;2;37;5;178m▂[48;2;32;18;81m[38;2;33;3;166m▆[48;2;38;3;185m[38;2;38;3;185m                  [0m
[48;2;40;2;185m[38;2;40;2;185m                                                            [0m
[48;2;40;2;185m[38;2;40;2;185m                                                            [0m
