[48;2;1;1;1m[38;2;1;1;1m                                                            [0m
[48;2;1;1;1m[38;2;1;1;1m                                                            [0m
[48;2;1;1;1m[38;2;1;1;1m                                                            [0m
[48;2;1;1;1m[38;2;1;1;1m                                                            [0m
[48;2;1;1;1m[38;2;1;1;1m                            [48;2;1;1;3m[38;2;1;1;3m  [48;2;1;1;1m[38;2;1;1;1m    [48;2;1;0;0m[38;2;3;1;2m▖[48;2;5;3;4m[38;2;41;39;40m▗[48;2;33;28;32m[38;2;236;231;235m▃▃[48;2;32;31;33m[38;2;210;208;211m▃[48;2;13;11;14m[38;2;0;0;0m [48;2;1;1;1m[38;2;1;1;1m                    [0m
[48;2;1;1;1m[38;2;1;1;1m                        [48;2;2;0;3m[38;2;2;0;3m  [48;2;1;1;3m[38;2;1;1;3m  [48;2;3;1;6m[38;2;3;1;6m  [48;2;2;0;3m[38;2;2;0;3m  [48;2;1;1;3m[38;2;1;1;3m  [48;2;62;57;61m[38;2;10;5;9m▊[48;2;150;145;149m[38;2;231;227;231m▇[48;2;249;249;251m[38;2;249;249;251m  [48;2;246;245;247m[38;2;222;220;223m▁[48;2;125;123;126m[38;2;236;234;237m▇[48;2;41;37;40m[38;2;209;204;208m▃[48;2;12;7;11m[38;2;3;0;2m┏[48;2;1;1;3m[38;2;1;1;3m  [48;2;1;1;1m[38;2;1;1;1m                [0m
[48;2;1;1;1m[38;2;1;1;1m                      [48;2;2;2;2m[38;2;2;2;2m  [48;2;3;1;4m[38;2;3;1;4m  [48;2;3;1;6m[38;2;3;1;6m    [48;2;1;1;3m[38;2;1;1;3m  [48;2;5;3;8m[38;2;5;3;8m  [48;2;71;66;70m[38;2;6;2;5m▊[48;2;245;241;244m[38;2;208;203;207m▎[48;2;244;226;223m[38;2;199;85;111m▄[48;2;187;83;105m[38;2;25;10;7m▃[48;2;208;82;108m[38;2;166;60;80m▗[48;2;195;82;104m[38;2;45;13;11m▄[48;2;71;69;72m[38;2;10;8;11m▇[48;2;1;0;2m[38;2;9;7;10m▄[48;2;4;2;5m[38;2;4;2;5m  [48;2;1;1;1m[38;2;1;1;1m  [48;2;12;6;8m[38;2;5;1;1m▚[48;2;8;2;4m[38;2;4;0;0m▌[48;2;35;13;19m[38;2;209;62;90m▃[48;2;29;15;17m[38;2;164;67;78m▃[48;2;1;1;1m[38;2;1;1;1m          [0m
[48;2;1;1;1m[38;2;1;1;1m                      [48;2;45;17;17m[38;2;177;68;91m▗[48;2;180;60;87m[38;2;0;0;0m [48;2;208;58;87m[38;2;206;78;91m▎[48;2;11;11;12m[38;2;114;46;61m▎[48;2;5;3;6m[38;2;5;3;6m    [48;2;14;13;15m[38;2;202;200;203m▄[48;2;24;22;25m[38;2;230;228;231m▄[48;2;146;144;147m[38;2;239;237;239m▇[48;2;158;156;159m[38;2;248;246;249m▇[48;2;173;168;172m[38;2;244;239;243m▇[48;2;220;215;219m[38;2;246;242;246m▊[48;2;214;72;98m[38;2;214;72;98m  [48;2;224;69;101m[38;2;207;71;96m▌[48;2;224;128;140m[38;2;200;69;93m▊[48;2;154;152;155m[38;2;246;244;246m▇▇[48;2;142;140;143m[38;2;231;229;231m▇[48;2;22;20;23m[38;2;229;227;230m▄[48;2;17;15;18m[38;2;228;226;228m▄[48;2;15;13;16m[38;2;196;194;197m▄[48;2;33;31;33m[38;2;0;0;0m [48;2;53;23;33m[38;2;234;224;229m▄[48;2;215;78;101m[38;2;241;230;234m▄▄[48;2;158;56;86m[38;2;174;176;172m▄[48;2;5;6;1m[38;2;20;2;2m▗[48;2;1;1;1m[38;2;1;1;1m        [0m
[48;2;1;1;1m[38;2;1;1;1m                    [48;2;2;2;4m[38;2;2;2;4m  [48;2;15;10;16m[38;2;5;1;6m▅▅[48;2;186;69;86m[38;2;195;181;188m▄[48;2;193;75;93m[38;2;242;228;234m▄[48;2;172;166;170m[38;2;239;235;238m▇[48;2;50;44;48m[38;2;236;231;234m▄[48;2;24;22;25m[38;2;231;229;232m▄[48;2;242;241;243m[38;2;160;158;161m▘[48;2;250;250;252m[38;2;250;250;252m    [48;2;248;246;249m[38;2;248;246;249m  [48;2;218;85;114m[38;2;239;211;206m▄[48;2;204;78;104m[38;2;218;85;114m▄[48;2;195;90;121m[38;2;245;234;234m▄[48;2;249;240;239m[38;2;0;0;0m [48;2;250;250;252m[38;2;250;250;252m    [48;2;249;249;251m[38;2;249;249;251m  [48;2;200;198;201m[38;2;247;246;248m▇[48;2;247;246;248m[38;2;200;198;201m▁[48;2;248;247;249m[38;2;195;193;196m▁[48;2;214;212;215m[38;2;0;0;0m [48;2;181;179;180m[38;2;19;18;18m▄[48;2;4;2;3m[38;2;17;15;16m╵[48;2;1;1;1m[38;2;1;1;1m        [0m
[48;2;1;1;1m[38;2;1;1;1m                [48;2;2;0;3m[38;2;2;0;3m  [48;2;3;1;4m[38;2;3;1;4m  [48;2;3;1;6m[38;2;3;1;6m    [48;2;1;0;2m[38;2;6;4;7m▄[48;2;197;195;198m[38;2;14;13;15m▄[48;2;232;230;232m[38;2;20;18;21m▄[48;2;221;219;222m[38;2;0;0;0m [48;2;255;254;255m[38;2;243;241;244m▄▄[48;2;241;240;242m[38;2;162;160;163m▁[48;2;235;233;236m[38;2;49;47;50m▄[48;2;245;245;247m[38;2;224;224;226m▖[48;2;255;255;255m[38;2;251;251;253m▝[48;2;250;250;252m[38;2;250;250;252m  [48;2;241;241;237m[38;2;0;0;0m [48;2;206;99;130m[38;2;250;237;240m▄[48;2;249;249;251m[38;2;249;249;251m  [48;2;250;250;252m[38;2;250;250;252m  [48;2;238;238;240m[38;2;251;251;252m▊[48;2;231;231;233m[38;2;0;0;0m [48;2;233;231;234m[38;2;18;16;19m▄▄[48;2;197;195;200m[38;2;14;12;17m▄[48;2;45;43;48m[38;2;9;7;12m▇[48;2;8;6;9m[38;2;1;0;2m▅▅[48;2;1;1;1m[38;2;1;1;1m    [48;2;1;1;3m[38;2;1;1;3m  [48;2;1;1;1m[38;2;1;1;1m    [0m
[48;2;1;1;1m[38;2;1;1;1m            [48;2;1;1;3m[38;2;1;1;3m  [48;2;3;1;6m[38;2;3;1;6m      [48;2;1;1;3m[38;2;1;1;3m  [48;2;1;1;1m[38;2;1;1;1m    [48;2;4;2;5m[38;2;4;2;5m  [48;2;13;11;14m[38;2;3;1;4m▅▅[48;2;12;10;13m[38;2;2;0;3m▄▄[48;2;217;216;218m[38;2;19;17;20m▄[48;2;235;234;236m[38;2;155;153;156m▁[48;2;250;250;252m[38;2;250;250;252m        [48;2;252;250;252m[38;2;244;242;245m┃[48;2;152;150;153m[38;2;243;242;244m▊[48;2;5;3;8m[38;2;5;3;8m  [48;2;3;1;4m[38;2;3;1;4m  [48;2;1;1;3m[38;2;1;1;3m  [48;2;1;1;1m[38;2;1;1;1m          [0m
[48;2;1;1;1m[38;2;1;1;1m            [48;2;3;1;6m[38;2;3;1;6m      [48;2;3;1;4m[38;2;3;1;4m  [48;2;1;1;3m[38;2;1;1;3m  [48;2;1;1;1m[38;2;1;1;1m    [48;2;3;1;6m[38;2;3;1;6m      [48;2;13;11;16m[38;2;2;0;5m┃[48;2;48;46;51m[38;2;5;3;8m▊[48;2;236;234;237m[38;2;154;152;155m▁[48;2;248;246;249m[38;2;234;232;235m╺[48;2;250;250;252m[38;2;250;250;252m      [48;2;234;230;234m[38;2;0;0;0m [48;2;213;209;212m[38;2;38;33;37m▅[48;2;3;1;6m[38;2;3;1;6m  [48;2;1;1;1m[38;2;1;1;1m              [0m
[48;2;1;1;1m[38;2;1;1;1m            [48;2;1;1;3m[38;2;1;1;3m  [48;2;3;1;6m[38;2;3;1;6m  [48;2;2;0;3m[38;2;2;0;3m  [48;2;1;1;1m[38;2;1;1;1m  [48;2;3;1;6m[38;2;3;1;6m    [48;2;1;1;1m[38;2;1;1;1m        [48;2;2;0;3m[38;2;2;0;3m  [48;2;81;76;80m[38;2;10;5;9m▊[48;2;250;246;249m[38;2;204;199;203m▎[48;2;250;250;252m[38;2;250;250;252m    [48;2;249;249;251m[38;2;249;249;251m  [48;2;122;117;121m[38;2;222;217;221m▊[48;2;8;4;7m[38;2;31;26;30m▎[48;2;1;1;3m[38;2;1;1;3m  [48;2;1;1;1m[38;2;1;1;1m              [0m
[48;2;1;1;1m[38;2;1;1;1m              [48;2;2;0;3m[38;2;2;0;3m  [48;2;1;1;3m[38;2;1;1;3m    [48;2;3;1;6m[38;2;3;1;6m  [48;2;3;1;4m[38;2;3;1;4m  [48;2;1;1;3m[38;2;1;1;3m  [48;2;1;1;1m[38;2;1;1;1m    [48;2;1;1;3m[38;2;1;1;3m    [48;2;16;11;15m[38;2;0;0;0m [48;2;221;216;220m[38;2;82;77;81m▅[48;2;243;241;243m[38;2;99;97;100m▁▁[48;2;245;243;246m[38;2;91;89;92m▁▁[48;2;231;228;229m[38;2;90;86;87m▁[48;2;211;207;208m[38;2;87;83;84m▅[48;2;24;19;23m[38;2;226;222;226m▅[48;2;13;9;12m[38;2;209;204;208m▅[48;2;13;11;14m[38;2;124;122;125m▁[48;2;1;0;2m[38;2;21;19;22m [48;2;1;1;1m[38;2;1;1;1m              [0m
[48;2;1;1;1m[38;2;1;1;1m                [48;2;3;1;4m[38;2;3;1;4m  [48;2;3;1;6m[38;2;3;1;6m  [48;2;2;0;3m[38;2;2;0;3m  [48;2;3;1;6m[38;2;3;1;6m  [48;2;2;0;3m[38;2;2;0;3m  [48;2;1;1;1m[38;2;1;1;1m    [48;2;3;1;6m[38;2;3;1;6m  [48;2;4;3;5m[38;2;14;12;15m╵[48;2;35;33;36m[38;2;6;4;7m▊[48;2;38;36;39m[38;2;220;218;221m▅[48;2;235;233;236m[38;2;0;0;0m [48;2;29;24;28m[38;2;208;203;207m▅[48;2;20;16;19m[38;2;0;0;0m [48;2;15;11;16m[38;2;132;127;133m▁[48;2;12;8;13m[38;2;57;52;58m▗[48;2;55;53;56m[38;2;223;221;224m▅[48;2;242;241;243m[38;2;0;0;0m [48;2;250;250;252m[38;2;250;250;252m  [48;2;131;129;132m[38;2;241;240;242m▊[48;2;1;0;2m[38;2;32;30;33m▎[48;2;1;1;1m[38;2;1;1;1m              [0m
[48;2;1;1;1m[38;2;1;1;1m                    [48;2;0;0;0m[38;2;0;0;0m  [48;2;1;1;3m[38;2;1;1;3m  [48;2;1;1;1m[38;2;1;1;1m    [48;2;2;0;3m[38;2;2;0;3m  [48;2;1;1;3m[38;2;1;1;3m  [48;2;25;20;24m[38;2;160;155;159m▁[48;2;34;29;33m[38;2;220;215;219m▅[48;2;245;245;247m[38;2;0;0;0m [48;2;214;214;216m[38;2;244;244;245m▊[48;2;213;207;211m[38;2;46;40;44m▅[48;2;54;48;52m[38;2;166;161;165m▅[48;2;194;188;192m[38;2;95;90;93m▅[48;2;59;53;57m[38;2;226;221;225m▅[48;2;248;248;250m[38;2;248;248;250m    [48;2;107;105;108m[38;2;212;210;213m▊[48;2;5;3;6m[38;2;30;29;31m▎[48;2;1;1;3m[38;2;1;1;3m  [48;2;1;1;1m[38;2;1;1;1m            [0m
[48;2;1;1;1m[38;2;1;1;1m                        [48;2;1;1;3m[38;2;1;1;3m  [48;2;3;1;6m[38;2;3;1;6m  [48;2;2;0;3m[38;2;2;0;3m  [48;2;8;7;9m[38;2;0;0;0m [48;2;24;22;25m[38;2;160;158;161m▁[48;2;249;249;250m[38;2;206;206;208m▎[48;2;241;241;243m[38;2;253;253;254m┃[48;2;239;235;238m[38;2;0;0;0m [48;2;215;211;214m[38;2;94;89;93m▅[48;2;37;33;34m[38;2;232;229;230m▅[48;2;45;41;42m[38;2;237;234;235m▅[48;2;248;248;250m[38;2;248;248;250m  [48;2;250;250;252m[38;2;250;250;252m  [48;2;244;242;245m[38;2;0;0;0m [48;2;206;204;207m[38;2;72;70;73m▁[48;2;5;3;6m[38;2;5;3;6m  [48;2;1;1;1m[38;2;1;1;1m              [0m
[48;2;1;1;1m[38;2;1;1;1m                    [48;2;2;0;3m[38;2;2;0;3m  [48;2;1;1;1m[38;2;1;1;1m  [48;2;3;1;6m[38;2;3;1;6m    [48;2;3;1;4m[38;2;3;1;4m  [48;2;28;24;27m[38;2;153;148;152m▁[48;2;248;244;247m[38;2;176;171;175m▎[48;2;250;250;252m[38;2;250;250;252m        [48;2;249;249;251m[38;2;238;238;240m▎[48;2;183;183;185m[38;2;244;244;245m▊[48;2;192;187;193m[38;2;20;16;21m▅[48;2;5;0;6m[38;2;3;0;4m▖[48;2;3;1;6m[38;2;3;1;6m  [48;2;1;1;1m[38;2;1;1;1m              [0m
[48;2;1;1;1m[38;2;1;1;1m                  [48;2;1;1;3m[38;2;1;1;3m  [48;2;2;0;3m[38;2;2;0;3m  [48;2;1;1;3m[38;2;1;1;3m  [48;2;3;1;6m[38;2;3;1;6m    [48;2;3;1;4m[38;2;3;1;4m  [48;2;245;245;247m[38;2;174;174;176m▎[38;2;255;255;255m▌[48;2;250;250;252m[38;2;250;250;252m        [48;2;241;240;242m[38;2;0;0;0m [48;2;206;204;207m[38;2;34;32;35m▁[48;2;4;2;7m[38;2;4;2;7m  [48;2;3;1;6m[38;2;3;1;6m  [48;2;1;1;1m[38;2;1;1;1m              [0m
[48;2;1;1;1m[38;2;1;1;1m                  [48;2;2;0;3m[38;2;2;0;3m    [48;2;3;1;6m[38;2;3;1;6m      [38;2;1;0;4m┓[48;2;21;20;24m[38;2;196;194;199m▁[48;2;247;247;248m[38;2;176;176;178m▎[48;2;247;247;249m[38;2;255;255;255m▌[48;2;250;250;252m[38;2;250;250;252m  [48;2;255;254;255m[38;2;253;251;254m▄[48;2;231;229;231m[38;2;57;55;58m▁[48;2;249;249;251m[38;2;249;249;251m  [48;2;250;250;252m[38;2;250;250;252m  [48;2;139;134;138m[38;2;247;243;246m▊[48;2;6;2;5m[38;2;40;35;39m▎[48;2;3;1;6m[38;2;3;1;6m    [48;2;1;1;1m[38;2;1;1;1m              [0m
[48;2;4;2;10m[38;2;23;2;126m▂▂▂▂▂▂▂▂▂▂▂▂▂▂▂▂▂▂[48;2;5;3;12m[38;2;24;2;129m▂▂[48;2;4;2;10m[38;2;23;2;126m▂▂[48;2;5;3;12m[38;2;24;2;129m▂▂▂▂▂▂[48;2;8;7;11m[38;2;33;12;131m▂[48;2;247;245;244m[38;2;150;146;162m▎[48;2;250;250;252m[38;2;250;250;252m  [48;2;249;249;251m[38;2;249;249;251m  [48;2;213;206;222m[38;2;56;27;195m▁[48;2;45;39;54m[38;2;34;3;173m▁[48;2;228;225;236m[38;2;71;51;175m▁[48;2;242;241;241m[38;2;0;0;0m [48;2;250;250;252m[38;2;250;250;252m  [48;2;172;167;171m[38;2;245;240;244m▊[48;2;17;12;16m[38;2;176;171;175m▂[48;2;5;3;12m[38;2;24;2;129m▂▂▂▂[48;2;4;2;11m[38;2;23;1;128m▂▂[48;2;4;2;10m[38;2;23;2;126m▂▂▂▂▂▂▂▂▂▂▂▂[0m
[48;2;38;3;183m[38;2;38;3;183m                            [48;2;59;35;175m[38;2;32;2;186m▊[48;2;226;220;233m[38;2;75;48;188m▂[48;2;248;248;250m[38;2;248;248;250m  [48;2;241;241;243m[38;2;253;253;254m┃[48;2;206;206;208m[38;2;249;249;250m▊[48;2;35;5;168m[38;2;82;51;207m▎[48;2;47;11;198m[38;2;35;0;187m┃[48;2;88;70;169m[38;2;38;7;188m▊[48;2;252;251;247m[38;2;204;198;224m▎[48;2;250;250;252m[38;2;250;250;252m  [48;2;255;254;255m[38;2;246;245;251m▌[48;2;175;174;180m[38;2;246;245;249m▊[48;2;39;4;184m[38;2;39;4;184m  [48;2;38;3;183m[38;2;38;3;183m                [0m
[48;2;38;3;183m[38;2;38;3;183m                            [48;2;39;4;184m[38;2;39;4;184m  [48;2;247;246;250m[38;2;176;175;181m▎[48;2;247;246;252m[38;2;255;254;255m▌[48;2;241;241;243m[38;2;253;253;254m┃[48;2;206;206;208m[38;2;249;249;250m▊[48;2;35;5;168m[38;2;82;51;207m▎[48;2;47;11;198m[38;2;35;0;187m┃[48;2;75;52;186m[38;2;36;8;185m▊[48;2;233;230;240m[38;2;79;59;174m▂[48;2;249;249;251m[38;2;249;249;251m  [48;2;255;254;255m[38;2;246;245;251m▌[48;2;175;174;180m[38;2;246;245;249m▊[48;2;39;4;184m[38;2;39;4;184m  [48;2;38;3;183m[38;2;38;3;183m                [0m
[48;2;38;3;185m[38;2;38;3;185m                            [48;2;38;3;183m[38;2;38;3;183m  [48;2;214;211;229m[38;2;57;39;179m▂[48;2;245;244;246m[38;2;0;0;0m [48;2;244;242;243m [48;2;236;232;234m[38;2;195;106;136m▂[48;2;29;0;170m[38;2;60;26;201m▌[48;2;35;1;176m[38;2;43;9;184m┃[48;2;47;11;198m[38;2;35;0;187m┃[48;2;82;51;207m[38;2;35;5;168m▊[48;2;249;249;250m[38;2;206;206;208m▎[48;2;241;241;243m[38;2;253;253;254m┃[48;2;255;254;255m[38;2;246;245;251m▌[48;2;175;174;180m[38;2;246;245;249m▊[48;2;39;4;184m[38;2;39;4;184m  [48;2;38;3;185m[38;2;38;3;185m                [0m
[48;2;38;3;185m[38;2;38;3;185m                              [48;2;76;39;167m[38;2;35;6;180m▊[48;2;223;214;226m[38;2;202;91;137m▂[48;2;234;210;200m[38;2;201;85;110m▆[48;2;183;75;133m[38;2;47;13;162m▆[48;2;41;3;184m[38;2;41;3;184m  [48;2;47;11;198m[38;2;35;0;187m┃[48;2;82;51;207m[38;2;35;5;168m▊[48;2;249;249;250m[38;2;206;206;208m▎[48;2;241;241;243m[38;2;253;253;254m┃[48;2;255;254;255m[38;2;246;245;251m▌[48;2;175;174;180m[38;2;246;245;249m▊[48;2;39;4;186m[38;2;39;4;186m  [48;2;38;3;185m[38;2;38;3;185m                [0m
[48;2;38;3;185m[38;2;38;3;185m                              [48;2;72;12;166m[38;2;34;2;188m▊[48;2;177;60;107m[38;2;36;19;172m▂[48;2;189;62;108m[38;2;39;11;162m▂[48;2;37;4;186m[38;2;68;18;165m▎[48;2;38;3;185m[38;2;38;3;185m  [48;2;40;5;185m[38;2;40;5;185m  [48;2;204;200;217m[38;2;70;46;188m▆[48;2;243;241;241m[38;2;221;218;227m▎[48;2;242;213;219m[38;2;209;83;99m▂[48;2;224;193;210m[38;2;207;81;108m▆[48;2;108;40;133m[38;2;203;74;102m┓[48;2;44;5;189m[38;2;51;13;155m▎[48;2;38;3;185m[38;2;38;3;185m                [0m
[48;2;38;3;185m[38;2;38;3;185m                            [48;2;35;0;187m[38;2;32;0;160m▗[48;2;40;7;171m[38;2;19;7;47m▂[48;2;37;14;143m[38;2;6;4;14m▆▆[48;2;36;13;140m[38;2;5;3;12m▆▆[48;2;36;13;142m[38;2;5;3;13m▆▆[48;2;40;15;142m[38;2;9;4;13m▆▆[48;2;88;42;80m[38;2;218;72;91m━[48;2;221;173;185m[38;2;211;73;104m▆[48;2;209;68;97m[38;2;0;0;0m [48;2;181;61;83m[38;2;37;19;11m▂[48;2;142;53;86m[38;2;16;6;33m▆[48;2;34;9;155m[38;2;14;9;45m▂[48;2;38;3;185m[38;2;38;3;185m                [0m
[48;2;38;3;185m[38;2;38;3;185m                            [48;2;37;1;184m[38;2;37;4;165m▝[48;2;37;21;80m[38;2;37;2;185m▆[48;2;8;6;12m[38;2;31;5;151m▃▃[48;2;8;3;24m[38;2;39;10;180m▂▂[48;2;8;6;11m[38;2;30;5;149m▃▃[48;2;8;3;24m[38;2;39;10;180m▂▂[48;2;19;10;28m[38;2;44;13;181m▂[48;2;135;45;72m[38;2;26;7;81m▆[48;2;132;44;70m[38;2;23;7;80m▆[48;2;16;9;27m[38;2;40;12;179m▂[48;2;17;7;46m[38;2;37;4;182m▂[48;2;32;17;85m[38;2;33;2;170m▆[48;2;38;3;185m[38;2;38;3;185m                [0m
[48;2;40;2;185m[38;2;40;2;185m                                                            [0m
[48;2;40;2;185m[38;2;40;2;185m                                                            [0m
