[48;2;1;1;1m[38;2;1;1;1m                                                            [0m
[48;2;1;1;1m[38;2;1;1;1m                                                            [0m
[48;2;1;1;1m[38;2;1;1;1m                                                            [0m
[48;2;1;1;1m[38;2;1;1;1m                                                            [0m
[48;2;1;1;1m[38;2;1;1;1m                            [48;2;1;1;3m[38;2;1;1;3m  [48;2;1;1;1m[38;2;1;1;1m      [48;2;1;0;0m[38;2;7;5;6m▃▃▃▃[48;2;2;2;2m[38;2;2;2;2m  [48;2;1;1;1m[38;2;1;1;1m                  [0m
[48;2;1;1;1m[38;2;1;1;1m                        [48;2;2;0;3m[38;2;2;0;3m  [48;2;1;1;3m[38;2;1;1;3m  [48;2;3;1;6m[38;2;3;1;6m  [48;2;2;0;3m[38;2;2;0;3m  [48;2;1;1;3m[38;2;1;1;3m  [48;2;3;0;2m[38;2;32;27;31m [48;2;50;45;49m[38;2;235;231;234m▃[48;2;130;129;134m[38;2;244;243;246m▇▇[48;2;125;123;128m[38;2;242;240;244m▇[48;2;126;124;129m[38;2;233;231;234m▇[48;2;180;175;179m[38;2;37;32;36m▄[48;2;3;0;2m[38;2;11;6;10m▄[48;2;1;1;3m[38;2;1;1;3m  [48;2;1;1;1m[38;2;1;1;1m      [48;2;5;5;1m[38;2;5;26;16m╷[48;2;10;2;2m[38;2;86;31;47m▗[48;2;35;16;18m[38;2;189;50;93m▖[48;2;4;4;1m[38;2;0;0;0m [48;2;1;1;1m[38;2;1;1;1m      [0m
[48;2;1;1;1m[38;2;1;1;1m                      [48;2;31;15;20m[38;2;163;64;75m▃[48;2;36;14;20m[38;2;215;65;94m▃[48;2;10;3;6m[38;2;47;38;43m▖[48;2;7;0;3m[38;2;6;0;2m▖[48;2;3;1;6m[38;2;3;1;6m    [48;2;1;1;3m[38;2;1;1;3m  [48;2;4;2;7m[38;2;4;2;7m  [48;2;71;66;70m[38;2;6;2;5m▊[48;2;245;241;244m[38;2;208;203;207m▎[48;2;244;226;223m[38;2;199;85;111m▄[48;2;187;83;105m[38;2;25;10;7m▃[48;2;159;55;74m[38;2;208;82;109m▊[48;2;196;84;106m[38;2;43;10;9m▄[48;2;6;4;7m[38;2;6;4;7m  [48;2;3;1;4m[38;2;3;1;4m  [48;2;1;1;1m[38;2;1;1;1m  [48;2;1;1;3m[38;2;1;1;3m  [48;2;1;0;0m[38;2;12;10;11m▄[48;2;31;30;30m[38;2;0;0;0m [48;2;40;25;29m[38;2;214;180;191m▄[48;2;217;72;99m[38;2;111;38;38m▗[48;2;42;20;23m[38;2;201;60;104m▘[48;2;5;2;0m[38;2;0;0;0m [48;2;1;1;1m[38;2;1;1;1m      [0m
[48;2;1;1;1m[38;2;1;1;1m                    [48;2;6;2;1m[38;2;0;0;0m [48;2;43;17;21m[38;2;208;65;110m▝[48;2;210;75;99m[38;2;143;51;61m▖[48;2;220;67;98m[38;2;210;67;93m▌[48;2;205;60;86m[38;2;223;79;104m▄[48;2;42;24;29m[38;2;217;200;205m▄[48;2;25;23;28m[38;2;0;0;0m [48;2;1;0;4m[38;2;2;0;5m▄[48;2;3;1;4m[38;2;3;1;4m  [48;2;17;15;18m[38;2;0;0;0m [48;2;12;10;13m[38;2;207;205;208m▄[48;2;31;30;32m[38;2;228;226;229m▄[48;2;145;143;146m[38;2;235;234;236m▇[48;2;173;168;172m[38;2;244;239;243m▇[48;2;220;215;219m[38;2;246;242;246m▊[48;2;214;72;98m[38;2;214;72;98m  [48;2;232;75;106m[38;2;210;69;95m▊[48;2;224;128;139m[38;2;200;69;92m▊[48;2;162;160;163m[38;2;242;241;243m▇[48;2;135;133;136m[38;2;234;232;234m▇[48;2;16;14;17m[38;2;228;226;229m▄▄[48;2;17;15;18m[38;2;228;226;228m▄[48;2;15;13;16m[38;2;196;194;197m▄[48;2;29;27;32m[38;2;0;0;0m [48;2;17;15;20m[38;2;227;226;230m▄[48;2;62;60;63m[38;2;225;223;226m▄[48;2;163;161;164m[38;2;246;245;247m▇[48;2;247;246;248m[38;2;0;0;0m [48;2;58;56;59m[38;2;223;221;224m▊[48;2;1;1;1m[38;2;1;1;1m        [0m
[48;2;1;1;1m[38;2;1;1;1m                    [48;2;2;2;4m[38;2;2;2;4m  [48;2;10;5;9m[38;2;3;0;2m▅▅[48;2;233;230;231m[38;2;74;70;71m▎[48;2;250;247;248m[38;2;250;247;248m▄[48;2;194;192;195m[38;2;243;241;244m▇[48;2;51;50;52m[38;2;234;233;235m▄[48;2;18;17;19m[38;2;231;229;232m▄▄[48;2;199;197;200m[38;2;245;244;246m▅[48;2;239;237;240m[38;2;255;254;255m▇[48;2;250;250;252m[38;2;250;250;252m  [48;2;248;246;249m[38;2;248;246;249m  [48;2;218;85;114m[38;2;239;211;206m▄[48;2;204;78;104m[38;2;218;85;114m▄[48;2;207;74;97m[38;2;238;231;235m▄[48;2;218;85;109m[38;2;248;241;244m▄[48;2;249;249;251m[38;2;249;249;251m  [48;2;250;250;252m[38;2;250;250;252m  [48;2;249;249;251m[38;2;249;249;251m  [48;2;200;198;201m[38;2;247;246;248m▇[48;2;247;246;248m[38;2;200;198;201m▁[48;2;248;247;249m[38;2;195;193;196m▁[48;2;214;212;215m[38;2;0;0;0m [48;2;191;190;191m[38;2;18;16;17m▄[48;2;46;44;45m[38;2;7;6;6m▇[48;2;1;1;1m[38;2;1;1;1m        [0m
[48;2;1;1;1m[38;2;1;1;1m                [48;2;2;0;3m[38;2;2;0;3m  [48;2;3;1;4m[38;2;3;1;4m  [48;2;3;1;6m[38;2;3;1;6m    [48;2;1;0;2m[38;2;6;4;7m▄[48;2;197;195;198m[38;2;14;13;15m▄[48;2;232;230;232m[38;2;20;18;21m▄[48;2;221;219;222m[38;2;0;0;0m [48;2;255;254;255m[38;2;243;241;244m▄▄[38;2;244;242;245m▄▄[48;2;250;250;252m[38;2;250;250;252m    [48;2;241;241;237m[38;2;0;0;0m [48;2;206;99;130m[38;2;250;237;240m▄[48;2;249;249;251m[38;2;249;249;251m  [48;2;250;250;252m[38;2;250;250;252m  [48;2;238;238;240m[38;2;251;251;252m▊[48;2;231;231;233m[38;2;0;0;0m [48;2;233;231;234m[38;2;18;16;19m▄▄[48;2;197;195;200m[38;2;14;12;17m▄[48;2;45;43;48m[38;2;9;7;12m▇[48;2;8;6;9m[38;2;1;0;2m▅▅[48;2;1;1;1m[38;2;1;1;1m    [48;2;1;1;3m[38;2;1;1;3m  [48;2;1;1;1m[38;2;1;1;1m    [0m
[48;2;1;1;1m[38;2;1;1;1m            [48;2;1;1;3m[38;2;1;1;3m  [48;2;3;1;6m[38;2;3;1;6m      [48;2;1;1;3m[38;2;1;1;3m  [48;2;1;1;1m[38;2;1;1;1m    [48;2;4;2;5m[38;2;4;2;5m  [48;2;13;11;14m[38;2;3;1;4m▅▅[48;2;9;7;10m[38;2;1;0;2m▅▅[48;2;217;216;218m[38;2;19;17;20m▄[48;2;235;234;236m[38;2;155;153;156m▁[48;2;250;250;252m[38;2;250;250;252m        [48;2;255;254;255m[38;2;255;253;255m▄[48;2;147;145;148m[38;2;227;225;228m▊[48;2;5;3;8m[38;2;5;3;8m  [48;2;3;1;4m[38;2;3;1;4m  [48;2;1;1;3m[38;2;1;1;3m  [48;2;1;1;1m[38;2;1;1;1m          [0m
[48;2;1;1;1m[38;2;1;1;1m            [48;2;3;1;6m[38;2;3;1;6m      [48;2;3;1;4m[38;2;3;1;4m  [48;2;1;1;3m[38;2;1;1;3m  [48;2;1;1;1m[38;2;1;1;1m    [48;2;3;1;6m[38;2;3;1;6m      [48;2;13;11;16m[38;2;2;0;5m┃[48;2;48;46;51m[38;2;5;3;8m▊[48;2;236;234;237m[38;2;154;152;155m▁[48;2;248;246;249m[38;2;234;232;235m╺[48;2;250;250;252m[38;2;250;250;252m      [48;2;147;145;148m[38;2;246;244;247m▊[48;2;1;0;2m[38;2;24;22;25m▄[48;2;3;1;6m[38;2;3;1;6m  [48;2;1;1;1m[38;2;1;1;1m              [0m
[48;2;1;1;1m[38;2;1;1;1m            [48;2;1;1;3m[38;2;1;1;3m  [48;2;3;1;6m[38;2;3;1;6m  [48;2;2;0;3m[38;2;2;0;3m  [48;2;1;1;1m[38;2;1;1;1m  [48;2;3;1;6m[38;2;3;1;6m    [48;2;1;1;1m[38;2;1;1;1m        [48;2;2;0;3m[38;2;2;0;3m  [48;2;81;76;80m[38;2;10;5;9m▊[48;2;250;246;249m[38;2;204;199;203m▎[48;2;250;250;252m[38;2;250;250;252m    [48;2;249;249;251m[38;2;249;249;251m  [48;2;147;142;146m[38;2;221;216;220m▊[48;2;20;15;19m[38;2;124;119;123m▁[48;2;1;1;3m[38;2;1;1;3m  [48;2;1;1;1m[38;2;1;1;1m              [0m
[48;2;1;1;1m[38;2;1;1;1m              [48;2;2;0;3m[38;2;2;0;3m  [48;2;1;1;3m[38;2;1;1;3m    [48;2;3;1;6m[38;2;3;1;6m  [48;2;3;1;4m[38;2;3;1;4m  [48;2;1;1;3m[38;2;1;1;3m  [48;2;1;1;1m[38;2;1;1;1m    [48;2;1;1;3m[38;2;1;1;3m    [48;2;16;11;15m[38;2;0;0;0m [48;2;221;216;220m[38;2;82;77;81m▅[48;2;243;241;243m[38;2;99;97;100m▁▁[48;2;245;243;246m[38;2;91;89;92m▁▁[48;2;231;228;229m[38;2;90;86;87m▁[48;2;211;207;208m[38;2;87;83;84m▅[48;2;62;57;61m[38;2;223;218;222m▅[48;2;159;154;158m[38;2;240;236;239m▊[48;2;14;13;15m[38;2;125;123;126m▁[48;2;1;0;2m[38;2;12;10;13m▄[48;2;1;1;1m[38;2;1;1;1m              [0m
[48;2;1;1;1m[38;2;1;1;1m                [48;2;3;1;4m[38;2;3;1;4m  [48;2;3;1;6m[38;2;3;1;6m  [48;2;2;0;3m[38;2;2;0;3m  [48;2;3;1;6m[38;2;3;1;6m  [48;2;2;0;3m[38;2;2;0;3m  [48;2;1;1;1m[38;2;1;1;1m    [48;2;3;1;6m[38;2;3;1;6m  [48;2;3;1;4m[38;2;3;1;4m  [48;2;32;28;31m[38;2;158;153;157m▁[48;2;243;238;242m[38;2;208;203;207m▎[48;2;29;24;28m▅[48;2;20;16;19m[38;2;0;0;0m [48;2;15;11;16m[38;2;132;127;133m▁[48;2;12;8;13m[38;2;57;52;58m▗[48;2;55;53;56m[38;2;223;221;224m▅[48;2;242;241;243m[38;2;0;0;0m [48;2;250;250;252m[38;2;250;250;252m  [48;2;131;129;132m[38;2;241;240;242m▊[48;2;1;0;2m[38;2;32;30;33m▎[48;2;1;1;1m[38;2;1;1;1m              [0m
[48;2;1;1;1m[38;2;1;1;1m                    [48;2;0;0;0m[38;2;0;0;0m  [48;2;1;1;3m[38;2;1;1;3m  [48;2;1;1;1m[38;2;1;1;1m    [48;2;2;0;3m[38;2;2;0;3m  [48;2;1;1;3m[38;2;1;1;3m  [48;2;30;25;29m[38;2;13;8;12m▊[48;2;44;39;43m[38;2;215;210;214m▅[48;2;241;241;243m[38;2;251;251;252m▄[48;2;250;250;251m[38;2;240;240;242m▃[48;2;219;214;217m[38;2;96;90;94m▁[48;2;42;37;40m[38;2;147;141;145m▁[48;2;207;201;205m[38;2;46;40;44m▅[48;2;62;57;60m[38;2;223;218;221m▅[48;2;248;248;250m[38;2;248;248;250m  [48;2;250;250;252m[38;2;250;250;252m  [48;2;121;119;122m[38;2;243;241;244m▊[48;2;1;0;2m[38;2;23;21;24m▎[48;2;1;1;3m[38;2;1;1;3m  [48;2;1;1;1m[38;2;1;1;1m            [0m
[48;2;1;1;1m[38;2;1;1;1m                        [48;2;1;1;3m[38;2;1;1;3m  [48;2;3;1;6m[38;2;3;1;6m  [48;2;2;0;3m[38;2;2;0;3m  [48;2;4;2;7m[38;2;1;0;4m▊[48;2;14;12;17m[38;2;9;7;12m▌[48;2;42;40;43m[38;2;217;216;218m▅[48;2;240;239;241m[38;2;0;0;0m [48;2;239;235;238m [48;2;215;211;214m[38;2;94;89;93m▅[48;2;48;42;44m[38;2;213;208;210m▅[48;2;201;195;197m[38;2;56;51;52m▅[48;2;61;59;62m[38;2;224;222;225m▅[48;2;245;243;245m[38;2;0;0;0m [48;2;250;250;252m[38;2;250;250;252m    [48;2;121;119;122m[38;2;243;241;244m▊[48;2;1;0;2m[38;2;23;21;24m▎[48;2;1;1;1m[38;2;1;1;1m              [0m
[48;2;1;1;1m[38;2;1;1;1m                    [48;2;2;0;3m[38;2;2;0;3m  [48;2;1;1;1m[38;2;1;1;1m  [48;2;3;1;6m[38;2;3;1;6m    [48;2;2;0;3m[38;2;2;0;3m  [48;2;9;7;12m[38;2;0;0;0m [48;2;24;22;27m[38;2;170;168;173m▁[48;2;249;249;250m[38;2;206;206;208m▎[48;2;241;241;243m[38;2;253;253;254m┃[48;2;250;250;252m[38;2;250;250;252m  [48;2;240;239;241m[38;2;0;0;0m [48;2;66;64;67m[38;2;235;233;235m▅[48;2;248;248;250m[38;2;248;248;250m  [48;2;250;250;252m[38;2;250;250;252m  [48;2;248;248;250m[38;2;248;248;250m  [48;2;103;101;104m[38;2;204;202;205m▊[48;2;6;4;7m[38;2;30;28;31m▎[48;2;1;1;1m[38;2;1;1;1m              [0m
[48;2;1;1;1m[38;2;1;1;1m                  [48;2;1;1;3m[38;2;1;1;3m  [48;2;2;0;3m[38;2;2;0;3m  [48;2;1;1;3m[38;2;1;1;3m  [48;2;3;1;6m[38;2;3;1;6m    [48;2;1;1;3m[38;2;1;1;3m  [48;2;38;36;39m[38;2;6;5;7m▊[48;2;247;245;248m[38;2;161;159;162m▎[48;2;250;250;252m[38;2;250;250;252m  [48;2;249;249;251m[38;2;249;249;251m  [48;2;223;219;222m[38;2;48;43;47m▁[48;2;225;221;224m▅[48;2;244;242;245m[38;2;240;238;241m▌[48;2;255;253;255m[38;2;251;249;252m▌[48;2;250;250;252m[38;2;250;250;252m  [48;2;252;250;252m[38;2;244;242;245m┃[48;2;152;150;153m[38;2;243;242;244m▊[48;2;5;3;8m[38;2;5;3;8m  [48;2;1;1;1m[38;2;1;1;1m              [0m
[48;2;1;1;1m[38;2;1;1;1m                  [48;2;2;0;3m[38;2;2;0;3m    [48;2;3;1;6m[38;2;3;1;6m      [48;2;2;0;3m[38;2;2;0;3m  [48;2;38;36;39m[38;2;6;5;7m▊[48;2;247;245;248m[38;2;161;159;162m▎[48;2;250;250;252m[38;2;250;250;252m  [48;2;255;254;255m[38;2;254;252;255m▄[48;2;212;210;213m[38;2;38;36;39m▁[48;2;3;2;2m[38;2;47;45;46m▎[48;2;102;100;101m[38;2;1;0;0m▊[48;2;255;254;255m[38;2;238;236;239m▌[48;2;253;252;254m[38;2;246;244;247m┃[48;2;250;250;252m[38;2;250;250;252m  [48;2;252;250;252m[38;2;244;242;245m┃[48;2;152;150;153m[38;2;243;242;244m▊[48;2;4;2;7m[38;2;4;2;7m  [48;2;1;1;1m[38;2;1;1;1m              [0m
[48;2;4;2;10m[38;2;23;2;126m▂▂▂▂▂▂▂▂▂▂▂▂▂▂▂▂▂▂[48;2;5;3;12m[38;2;24;2;129m▂▂[48;2;4;2;10m[38;2;23;2;126m▂▂[48;2;5;3;12m[38;2;24;2;129m▂▂▂▂▂▂[48;2;4;2;10m[38;2;23;2;126m▂▂[48;2;15;14;17m[38;2;24;9;122m▂[48;2;249;247;245m[38;2;165;160;176m▎[48;2;250;250;252m[38;2;250;250;252m  [48;2;240;238;241m[38;2;0;0;0m [48;2;61;59;62m[38;2;231;230;232m▅[48;2;14;11;28m[38;2;39;17;164m▁[48;2;15;13;18m[38;2;28;7;129m▂[48;2;228;223;240m[38;2;54;48;79m▆[48;2;249;247;248m[38;2;227;223;235m▎[48;2;250;250;252m[38;2;250;250;252m  [48;2;250;248;250m[38;2;0;0;0m [48;2;173;171;174m[38;2;241;239;241m▊[48;2;24;22;30m[38;2;206;197;241m▁[48;2;8;6;22m[38;2;52;28;176m▁[48;2;4;2;11m[38;2;23;1;128m▂▂[48;2;4;2;10m[38;2;23;2;126m▂▂▂▂▂▂▂▂▂▂▂▂[0m
[48;2;38;3;183m[38;2;38;3;183m                              [48;2;38;8;179m[38;2;0;0;0m [48;2;222;212;241m[38;2;56;25;184m▆[48;2;255;254;255m[38;2;236;235;240m▌[48;2;252;251;254m[38;2;244;243;248m┃[48;2;247;246;247m[38;2;0;0;0m [48;2;234;222;227m[38;2;182;82;116m▁[48;2;38;4;179m[38;2;56;22;197m▌[48;2;41;7;182m[38;2;32;0;173m▌[48;2;126;113;183m[38;2;36;10;188m▊[48;2;254;253;250m[38;2;218;217;215m▎[48;2;250;250;252m[38;2;250;250;252m    [48;2;138;127;187m[38;2;243;241;245m▊[48;2;30;0;185m[38;2;59;36;168m▎[48;2;38;3;183m[38;2;38;3;183m              [0m
[48;2;38;3;183m[38;2;38;3;183m                              [48;2;39;4;184m[38;2;39;4;184m  [48;2;211;221;230m[38;2;57;26;173m▆[48;2;234;229;238m[38;2;203;92;133m▂[48;2;234;220;219m[38;2;193;85;107m▆[48;2;194;83;136m[38;2;46;8;163m▆[48;2;38;3;183m[38;2;38;3;183m  [48;2;40;13;184m[38;2;0;0;0m [48;2;236;229;242m[38;2;71;46;179m▆[48;2;249;249;251m[38;2;249;249;251m  [48;2;250;250;252m[38;2;250;250;252m  [48;2;237;235;242m[38;2;0;0;0m [48;2;49;29;174m[38;2;209;205;228m▆[48;2;38;3;185m[38;2;38;3;185m  [48;2;38;3;183m[38;2;38;3;183m            [0m
[48;2;38;3;185m[38;2;38;3;185m                                [48;2;71;13;184m[38;2;41;3;182m▊[48;2;190;60;104m[38;2;49;22;149m▂[48;2;181;60;105m[38;2;54;14;160m▂[48;2;36;3;183m[38;2;67;17;162m▎[48;2;38;3;185m[38;2;38;3;185m  [48;2;50;13;207m[38;2;33;1;177m▊[48;2;93;66;199m[38;2;41;9;177m▊[48;2;237;236;236m[38;2;77;61;182m▂[48;2;243;242;247m[38;2;0;0;0m [48;2;250;250;252m[38;2;250;250;252m  [48;2;245;246;238m[38;2;255;253;255m▎[48;2;151;143;190m[38;2;243;241;247m▊[48;2;38;3;185m[38;2;38;3;185m              [0m
[48;2;38;3;185m[38;2;38;3;185m                                        [48;2;94;75;192m[38;2;36;9;180m▊[48;2;231;226;237m[38;2;82;64;180m▂[48;2;250;250;252m[38;2;250;250;252m  [48;2;250;249;251m[38;2;236;237;229m│[48;2;136;128;177m[38;2;249;246;253m▊[48;2;37;2;184m[38;2;37;2;184m  [48;2;38;3;185m[38;2;38;3;185m            [0m
[48;2;38;3;185m[38;2;38;3;185m                                        [48;2;40;6;188m[38;2;34;6;164m▃[48;2;114;90;200m[38;2;41;9;187m▊[48;2;245;233;234m[38;2;214;77;101m▂[48;2;235;223;225m[38;2;202;66;90m▂[48;2;231;211;204m[38;2;214;77;109m▆[48;2;205;196;197m[38;2;188;62;102m▆[48;2;38;3;185m[38;2;38;3;185m              [0m
[48;2;38;3;185m[38;2;38;3;185m                              [48;2;32;2;169m[38;2;42;5;198m▖[48;2;37;5;165m[38;2;27;16;51m▂[48;2;36;13;142m[38;2;5;3;13m▆▆▆▆▆▆[48;2;39;14;141m[38;2;8;3;12m▆▆[48;2;56;15;70m[38;2;197;67;94m▂[48;2;81;31;152m[38;2;204;78;92m▆[48;2;203;69;94m[38;2;0;0;0m [48;2;210;69;96m[38;2;35;16;8m▂[48;2;181;61;88m[38;2;19;7;3m▂[48;2;129;54;89m[38;2;16;10;19m▆[48;2;38;5;171m[38;2;28;16;57m▂[48;2;33;2;176m[38;2;43;5;204m▗[48;2;38;3;185m[38;2;38;3;185m            [0m
[48;2;38;3;185m[38;2;38;3;185m                              [48;2;37;2;182m[38;2;37;5;163m▝[48;2;37;22;78m[38;2;37;2;183m▆[48;2;8;6;12m[38;2;31;5;151m▃▃[48;2;8;6;11m[38;2;30;5;149m▃▃[48;2;8;3;24m[38;2;39;10;180m▂▂[48;2;11;4;24m[38;2;42;10;181m▂▂[48;2;148;47;76m[38;2;28;10;82m▆▆[48;2;132;44;70m[38;2;23;7;80m▆[48;2;16;9;27m[38;2;40;12;179m▂[48;2;12;9;24m[38;2;34;5;169m▂[48;2;9;5;26m[38;2;32;4;165m▃[48;2;37;16;109m[38;2;37;3;178m▆[48;2;37;1;184m[38;2;37;3;172m▘[48;2;38;3;185m[38;2;38;3;185m            [0m
[48;2;40;2;185m[38;2;40;2;185m                                                            [0m
[48;2;40;2;185m[38;2;40;2;185m                                                            [0m
