[48;2;1;1;1m[38;2;1;1;1m                                                            [0m
[48;2;1;1;1m[38;2;1;1;1m                                                            [0m
[48;2;1;1;1m[38;2;1;1;1m                                                            [0m
[48;2;1;1;1m[38;2;1;1;1m                                                            [0m
[48;2;1;1;1m[38;2;1;1;1m                            [48;2;1;1;3m[38;2;1;1;3m  [48;2;1;1;1m[38;2;1;1;1m      [48;2;1;0;0m[38;2;7;5;6m▃▃▃▃[48;2;2;2;2m[38;2;2;2;2m  [48;2;1;1;1m[38;2;1;1;1m                  [0m
[48;2;1;1;1m[38;2;1;1;1m                        [48;2;2;0;3m[38;2;2;0;3m  [48;2;1;1;3m[38;2;1;1;3m  [48;2;3;1;6m[38;2;3;1;6m  [48;2;2;0;3m[38;2;2;0;3m  [48;2;1;1;3m[38;2;1;1;3m  [48;2;3;0;2m[38;2;32;27;31m [48;2;50;45;49m[38;2;235;231;234m▃[48;2;131;130;135m[38;2;244;243;247m▇▇[48;2;125;123;128m[38;2;242;240;244m▇[48;2;126;124;129m[38;2;233;231;234m▇[48;2;180;175;179m[38;2;37;32;36m▄[48;2;3;0;2m[38;2;11;6;10m▄[48;2;1;1;3m[38;2;1;1;3m  [48;2;1;1;1m[38;2;1;1;1m    [48;2;13;7;9m[38;2;6;1;2m▚[48;2;9;3;5m[38;2;4;0;0m▌[48;2;54;20;17m[38;2;202;67;94m▄[48;2;146;36;55m[38;2;207;71;99m▇[48;2;37;18;12m[38;2;180;61;79m▊[48;2;0;5;4m[38;2;19;0;11m┃[48;2;1;1;1m[38;2;1;1;1m      [0m
[48;2;1;1;1m[38;2;1;1;1m                    [48;2;211;72;106m[38;2;92;40;44m▌[48;2;67;17;22m[38;2;214;73;107m▃[48;2;16;7;5m[38;2;181;60;95m▄[48;2;10;5;3m[38;2;92;43;54m▖[48;2;3;1;4m[38;2;3;1;4m  [48;2;3;1;6m[38;2;3;1;6m    [48;2;1;1;3m[38;2;1;1;3m  [48;2;4;2;7m[38;2;4;2;7m  [48;2;71;66;70m[38;2;11;6;10m▊[48;2;253;249;252m[38;2;195;190;194m▎[48;2;246;237;236m[38;2;0;0;0m [48;2;245;235;235m[38;2;196;93;123m▄[48;2;199;90;111m[38;2;50;21;16m▄[48;2;215;143;151m[38;2;195;58;88m▇[48;2;6;4;7m[38;2;6;4;7m  [48;2;3;1;4m[38;2;3;1;4m  [48;2;1;1;1m[38;2;1;1;1m  [48;2;3;1;4m[38;2;3;1;4m  [48;2;3;0;0m[38;2;7;3;4m▄[48;2;66;63;63m[38;2;231;228;229m▄[48;2;240;221;224m[38;2;0;0;0m [48;2;49;31;31m[38;2;212;143;161m▊[48;2;4;2;3m[38;2;4;2;3m  [48;2;1;1;1m[38;2;1;1;1m      [0m
[48;2;1;1;1m[38;2;1;1;1m                    [48;2;16;7;6m[38;2;0;0;0m [48;2;159;57;86m[38;2;21;9;9m▄[48;2;207;69;99m[38;2;28;15;9m▄[48;2;204;68;98m[38;2;114;31;43m▖[48;2;57;12;20m[38;2;194;75;110m▄[48;2;17;17;13m[38;2;216;192;195m▄[48;2;26;24;29m[38;2;0;0;0m [48;2;6;5;9m[38;2;19;18;22m▖[48;2;4;2;5m[38;2;4;2;5m  [48;2;1;0;2m[38;2;2;0;3m▗[48;2;5;3;6m[38;2;23;21;24m▃[48;2;20;19;21m[38;2;218;216;219m▄[48;2;159;157;160m[38;2;236;234;236m▇[48;2;173;173;175m[38;2;244;244;245m▇[48;2;255;255;255m[38;2;239;239;241m━[48;2;228;185;192m[38;2;249;248;250m▊[48;2;221;97;116m[38;2;213;62;89m┃[48;2;216;80;104m[38;2;204;68;92m┃[48;2;251;115;139m▊[48;2;162;160;163m[38;2;242;241;243m▇[48;2;135;133;136m[38;2;234;232;234m▇[48;2;19;17;20m[38;2;229;227;230m▄[48;2;13;11;14m[38;2;201;199;202m▄[48;2;3;1;4m[38;2;13;11;14m▃▃[48;2;30;25;29m[38;2;0;0;0m [48;2;56;51;55m[38;2;232;227;231m▄[48;2;174;174;176m[38;2;244;244;246m▇[48;2;255;255;255m[38;2;240;240;242m━[48;2;79;77;80m[38;2;232;230;232m▊[48;2;44;42;45m[38;2;5;3;6m▆[48;2;1;1;1m[38;2;1;1;1m        [0m
[48;2;1;1;1m[38;2;1;1;1m                    [48;2;2;2;4m[38;2;2;2;4m  [48;2;4;2;7m[38;2;4;2;7m  [48;2;233;229;230m[38;2;79;75;76m▎[48;2;245;241;242m[38;2;215;211;212m▁[48;2;255;254;255m[38;2;243;241;244m▄▄[48;2;166;164;167m[38;2;243;242;244m▇[48;2;48;46;49m[38;2;232;231;233m▄[48;2;27;25;28m[38;2;229;227;229m▄[48;2;157;155;158m[38;2;237;236;238m▇[48;2;250;250;252m[38;2;250;250;252m  [48;2;248;246;249m[38;2;248;246;249m  [48;2;215;96;121m[38;2;242;218;212m▄[48;2;207;88;112m[38;2;209;72;102m▊[48;2;207;74;97m[38;2;238;231;235m▄[48;2;218;85;109m[38;2;248;241;244m▄[48;2;249;249;251m[38;2;249;249;251m  [48;2;250;250;252m[38;2;250;250;252m  [48;2;255;254;255m[38;2;243;241;244m▄▄[48;2;200;198;201m[38;2;247;246;248m▇[48;2;247;246;248m[38;2;200;198;201m▁[48;2;222;217;221m[38;2;0;0;0m [48;2;189;185;189m[38;2;28;23;27m▄[48;2;34;34;34m[38;2;0;0;0m▆[48;2;4;4;4m[38;2;12;12;12m▁[48;2;1;1;1m[38;2;1;1;1m        [0m
[48;2;1;1;1m[38;2;1;1;1m                [48;2;2;0;3m[38;2;2;0;3m  [48;2;3;1;4m[38;2;3;1;4m  [48;2;3;1;6m[38;2;3;1;6m    [48;2;35;33;36m[38;2;5;3;6m▇▇[48;2;198;196;199m[38;2;16;14;17m▄[48;2;230;228;230m[38;2;17;15;18m▄[48;2;228;226;228m[38;2;0;0;0m [48;2;243;241;244m[38;2;178;176;179m▁[48;2;255;254;255m[38;2;244;242;245m▄▄[48;2;245;245;246m[38;2;194;194;196m▁[48;2;255;255;255m[38;2;242;242;244m▄[48;2;250;250;252m[38;2;250;250;252m  [48;2;241;241;237m[38;2;0;0;0m [48;2;206;99;130m[38;2;250;237;240m▄[48;2;249;249;251m[38;2;249;249;251m  [48;2;250;250;252m[38;2;250;250;252m  [48;2;238;238;240m[38;2;251;251;252m▊[48;2;231;231;233m[38;2;0;0;0m [48;2;233;231;234m[38;2;18;16;19m▄▄[48;2;197;195;200m[38;2;14;12;17m▄[48;2;45;43;48m[38;2;9;7;12m▇[48;2;4;2;5m[38;2;4;2;5m  [48;2;1;1;1m[38;2;1;1;1m    [48;2;1;1;3m[38;2;1;1;3m  [48;2;1;1;1m[38;2;1;1;1m    [0m
[48;2;1;1;1m[38;2;1;1;1m            [48;2;1;1;3m[38;2;1;1;3m  [48;2;3;1;6m[38;2;3;1;6m      [48;2;1;1;3m[38;2;1;1;3m  [48;2;1;1;1m[38;2;1;1;1m    [48;2;3;1;6m[38;2;3;1;6m  [48;2;13;11;14m[38;2;3;1;4m▅▅▅▅[48;2;51;46;50m[38;2;13;9;12m▊[48;2;236;232;235m[38;2;171;166;170m▎[48;2;250;250;252m[38;2;250;250;252m        [48;2;252;250;252m[38;2;244;242;245m┃[48;2;152;150;153m[38;2;243;242;244m▊[48;2;5;3;8m[38;2;5;3;8m  [48;2;3;1;4m[38;2;3;1;4m  [48;2;1;1;3m[38;2;1;1;3m  [48;2;1;1;1m[38;2;1;1;1m          [0m
[48;2;1;1;1m[38;2;1;1;1m            [48;2;3;1;6m[38;2;3;1;6m      [48;2;3;1;4m[38;2;3;1;4m  [48;2;1;1;3m[38;2;1;1;3m  [48;2;1;1;1m[38;2;1;1;1m    [48;2;3;1;6m[38;2;3;1;6m      [48;2;15;13;18m[38;2;1;0;4m▊[48;2;58;56;61m[38;2;8;7;11m▊[48;2;255;255;255m[38;2;236;236;238m▌[48;2;252;252;253m[38;2;244;244;246m┃[48;2;250;250;252m[38;2;250;250;252m      [48;2;233;231;234m[38;2;0;0;0m [48;2;213;211;214m[38;2;33;31;34m▅[48;2;4;2;7m[38;2;4;2;7m  [48;2;1;1;1m[38;2;1;1;1m              [0m
[48;2;1;1;1m[38;2;1;1;1m            [48;2;1;1;3m[38;2;1;1;3m  [48;2;3;1;6m[38;2;3;1;6m  [48;2;2;0;3m[38;2;2;0;3m  [48;2;1;1;1m[38;2;1;1;1m  [48;2;3;1;6m[38;2;3;1;6m    [48;2;1;1;1m[38;2;1;1;1m        [48;2;1;0;2m[38;2;6;4;7m▂[48;2;7;5;8m[38;2;20;18;21m▝[48;2;232;228;231m[38;2;38;34;37m▅[48;2;249;246;249m[38;2;229;225;228m▎[48;2;250;250;252m[38;2;250;250;252m      [48;2;146;144;147m[38;2;245;243;246m▊[48;2;1;0;2m[38;2;23;21;24m▄[48;2;1;1;3m[38;2;1;1;3m  [48;2;1;1;1m[38;2;1;1;1m              [0m
[48;2;1;1;1m[38;2;1;1;1m              [48;2;2;0;3m[38;2;2;0;3m  [48;2;1;1;3m[38;2;1;1;3m    [48;2;3;1;6m[38;2;3;1;6m  [48;2;3;1;4m[38;2;3;1;4m  [48;2;1;1;3m[38;2;1;1;3m  [48;2;1;1;1m[38;2;1;1;1m    [48;2;1;1;3m[38;2;1;1;3m    [48;2;16;11;15m[38;2;0;0;0m [48;2;221;216;220m[38;2;82;77;81m▅[48;2;243;241;243m[38;2;99;97;100m▁▁[48;2;245;243;246m[38;2;91;89;92m▁▁[48;2;240;238;241m[38;2;95;93;96m▁[48;2;231;229;231m[38;2;94;92;95m▁[48;2;204;199;203m[38;2;62;58;61m▅[48;2;12;8;11m[38;2;0;0;0m [48;2;1;1;3m[38;2;1;1;3m  [48;2;1;1;1m[38;2;1;1;1m              [0m
[48;2;1;1;1m[38;2;1;1;1m                [48;2;3;1;4m[38;2;3;1;4m  [48;2;3;1;6m[38;2;3;1;6m  [48;2;2;0;3m[38;2;2;0;3m  [48;2;3;1;6m[38;2;3;1;6m  [48;2;2;0;3m[38;2;2;0;3m  [48;2;1;1;1m[38;2;1;1;1m    [48;2;3;1;6m[38;2;3;1;6m  [48;2;1;0;2m[38;2;4;2;5m▄[48;2;22;20;23m[38;2;157;155;158m▁[48;2;41;39;42m[38;2;220;219;221m▅[48;2;237;235;237m[38;2;0;0;0m [48;2;29;24;28m[38;2;208;203;207m▅[48;2;20;16;19m[38;2;0;0;0m [48;2;15;11;16m[38;2;132;127;133m▁[48;2;12;8;13m[38;2;57;52;58m▗[48;2;20;16;19m[38;2;225;220;224m▅[48;2;46;41;45m[38;2;235;231;234m▅[48;2;231;227;231m[38;2;0;0;0m [48;2;27;23;26m[38;2;212;208;212m▅[48;2;14;12;15m[38;2;143;141;144m▁[48;2;1;0;2m[38;2;2;0;3m▄[48;2;1;1;1m[38;2;1;1;1m              [0m
[48;2;1;1;1m[38;2;1;1;1m                    [48;2;0;0;0m[38;2;0;0;0m  [48;2;1;1;3m[38;2;1;1;3m  [48;2;1;1;1m[38;2;1;1;1m    [48;2;2;0;3m[38;2;2;0;3m  [48;2;1;1;3m[38;2;1;1;3m  [48;2;30;25;29m[38;2;142;137;141m▁[48;2;244;240;244m[38;2;197;192;196m▎[48;2;250;250;251m[38;2;241;241;243m┗[48;2;216;216;218m[38;2;248;248;249m▊[48;2;204;200;203m[38;2;47;43;46m▅[48;2;54;50;53m[38;2;206;202;206m▅[48;2;202;196;200m[38;2;51;45;49m▅[48;2;59;54;57m[38;2;227;222;225m▅[48;2;248;248;250m[38;2;248;248;250m  [48;2;250;250;252m[38;2;250;250;252m  [48;2;121;119;122m[38;2;243;241;244m▊[48;2;1;0;2m[38;2;23;21;24m▎[48;2;1;1;3m[38;2;1;1;3m  [48;2;1;1;1m[38;2;1;1;1m            [0m
[48;2;1;1;1m[38;2;1;1;1m                        [48;2;1;1;3m[38;2;1;1;3m  [48;2;3;1;6m[38;2;3;1;6m  [48;2;2;0;3m[38;2;2;0;3m  [48;2;2;0;5m[38;2;9;7;12m┃[48;2;36;34;39m[38;2;1;0;4m▊[48;2;248;248;250m[38;2;205;205;207m▎[48;2;240;240;242m[38;2;252;252;253m┃[48;2;255;255;255m[38;2;251;251;253m▄[48;2;187;187;189m[38;2;245;245;247m▊[48;2;44;40;43m[38;2;172;167;171m▁[48;2;217;212;216m[38;2;117;112;116m▂[48;2;114;108;112m[38;2;48;43;46m▊[48;2;225;220;224m[38;2;102;96;100m▁[48;2;250;250;252m[38;2;250;250;252m    [48;2;121;119;122m[38;2;243;241;244m▊[48;2;1;0;2m[38;2;23;21;24m▎[48;2;1;1;1m[38;2;1;1;1m              [0m
[48;2;1;1;1m[38;2;1;1;1m                    [48;2;2;0;3m[38;2;2;0;3m  [48;2;1;1;1m[38;2;1;1;1m  [48;2;3;1;6m[38;2;3;1;6m    [48;2;2;0;3m[38;2;2;0;3m  [48;2;1;0;4m[38;2;8;6;11m▎[48;2;21;19;24m[38;2;4;3;7m▌[48;2;219;218;220m[38;2;63;61;64m▁[48;2;255;254;255m[38;2;245;243;246m▄[48;2;250;250;252m[38;2;250;250;252m  [48;2;239;237;239m[38;2;0;0;0m [48;2;69;68;70m[38;2;237;235;238m▅[48;2;237;235;238m[38;2;0;0;0m [48;2;67;65;68m[38;2;236;234;237m▅[48;2;249;249;251m[38;2;249;249;251m  [48;2;238;236;239m[38;2;251;249;251m▊[48;2;231;230;232m[38;2;0;0;0m [48;2;179;174;178m[38;2;23;18;22m▅[48;2;20;15;19m[38;2;7;3;6m╋[48;2;1;1;1m[38;2;1;1;1m              [0m
[48;2;1;1;1m[38;2;1;1;1m                  [48;2;1;1;3m[38;2;1;1;3m  [48;2;2;0;3m[38;2;2;0;3m  [48;2;1;1;3m[38;2;1;1;3m  [48;2;3;1;6m[38;2;3;1;6m    [48;2;1;1;3m[38;2;1;1;3m    [48;2;52;50;53m[38;2;6;4;7m▊[48;2;246;245;247m[38;2;175;173;176m▎[48;2;250;250;252m[38;2;250;250;252m  [48;2;244;242;244m[38;2;0;0;0m [48;2;235;233;235m[38;2;74;72;75m▁[48;2;249;249;251m[38;2;249;249;251m  [48;2;250;250;252m[38;2;250;250;252m  [48;2;252;251;253m[38;2;245;243;246m┃[48;2;153;151;154m[38;2;244;242;245m▊[48;2;5;3;8m[38;2;5;3;8m  [48;2;1;1;1m[38;2;1;1;1m              [0m
[48;2;1;1;1m[38;2;1;1;1m                  [48;2;2;0;3m[38;2;2;0;3m    [48;2;3;1;6m[38;2;3;1;6m      [48;2;2;0;3m[38;2;2;0;3m  [48;2;1;1;1m[38;2;1;1;1m  [48;2;1;0;2m[38;2;17;15;18m▄[48;2;198;196;199m[38;2;24;22;25m▅[48;2;243;243;245m[38;2;239;239;241m▌[48;2;254;254;255m[38;2;250;250;252m▌[48;2;239;237;239m[38;2;0;0;0m [48;2;73;71;74m[38;2;238;237;239m▅[48;2;244;242;244m[38;2;112;110;113m▂[48;2;243;241;244m[38;2;0;0;0m [48;2;250;250;252m[38;2;250;250;252m  [48;2;251;249;252m[38;2;243;241;244m│[48;2;154;152;155m[38;2;244;242;245m▊[48;2;22;21;25m[38;2;195;193;198m▁[48;2;8;6;11m[38;2;1;0;4m┓[48;2;1;1;1m[38;2;1;1;1m              [0m
[48;2;4;2;10m[38;2;23;2;126m▂▂▂▂▂▂▂▂▂▂▂▂▂▂▂▂▂▂[48;2;5;3;12m[38;2;24;2;129m▂▂[48;2;4;2;10m[38;2;23;2;126m▂▂[48;2;5;3;12m[38;2;24;2;129m▂▂▂▂▂▂[48;2;4;2;10m[38;2;23;2;126m▂▂▂▂[48;2;9;6;15m[38;2;27;6;132m▂[48;2;16;14;23m[38;2;33;14;138m▂[48;2;222;218;226m[38;2;49;24;168m▁[48;2;243;241;244m[38;2;0;0;0m [48;2;236;221;226m[38;2;197;65;95m▁[48;2;213;199;207m[38;2;140;54;116m▅[48;2;36;32;48m[38;2;20;5;161m▁[48;2;236;234;237m[38;2;110;89;211m▂[48;2;249;249;251m[38;2;249;249;251m  [48;2;250;250;252m[38;2;250;250;252m  [48;2;144;142;147m[38;2;242;240;244m▊[48;2;30;28;33m[38;2;213;211;216m▁[48;2;4;2;11m[38;2;23;1;128m▂▂[48;2;4;2;10m[38;2;23;2;126m▂▂▂▂▂▂▂▂▂▂▂▂[0m
[48;2;38;3;183m[38;2;38;3;183m                                  [48;2;81;30;182m[38;2;35;4;175m▊[48;2;211;210;211m[38;2;200;74;117m▆[48;2;148;42;90m[38;2;216;72;97m▊[48;2;29;4;184m[38;2;72;8;165m▎[48;2;35;4;170m[38;2;50;13;204m│[48;2;115;95;182m[38;2;43;9;192m▊[48;2;248;248;250m[38;2;248;248;250m  [48;2;250;250;252m[38;2;250;250;252m  [48;2;252;251;247m[38;2;236;235;240m│[48;2;142;134;183m[38;2;245;242;251m▊[48;2;37;2;184m[38;2;37;2;184m  [48;2;38;3;183m[38;2;38;3;183m            [0m
[48;2;38;3;183m[38;2;38;3;183m                                  [48;2;36;0;184m[38;2;59;14;161m▝[48;2;166;66;112m[38;2;52;11;177m▆[48;2;165;65;113m[38;2;51;10;178m▆[48;2;35;0;185m[38;2;58;13;161m▘[48;2;38;4;181m[38;2;25;0;168m▘[48;2;43;8;186m[38;2;56;21;199m▝[48;2;227;223;237m[38;2;69;45;185m▆[48;2;249;248;246m[38;2;218;214;222m▎[48;2;250;250;252m[38;2;250;250;252m  [48;2;250;249;252m[38;2;0;0;0m [48;2;249;248;251m[38;2;211;210;215m▝[48;2;52;28;182m[38;2;212;202;233m▆[48;2;39;10;182m[38;2;37;9;177m▄[48;2;38;3;183m[38;2;38;3;183m            [0m
[48;2;38;3;185m[38;2;38;3;185m                                        [48;2;41;13;180m[38;2;0;0;0m [48;2;229;218;252m[38;2;59;34;180m▆[48;2;240;239;239m[38;2;80;65;185m▂[48;2;244;243;246m[38;2;0;0;0m [48;2;250;250;252m[38;2;250;250;252m  [48;2;243;241;246m[38;2;0;0;0m [48;2;56;38;168m[38;2;201;196;225m▆[48;2;38;3;185m[38;2;38;3;185m            [0m
[48;2;38;3;185m[38;2;38;3;185m                                          [48;2;86;64;198m[38;2;34;7;182m▊[48;2;233;229;237m[38;2;84;63;179m▂[48;2;250;250;252m[38;2;250;250;252m  [48;2;252;250;255m[38;2;240;241;235m▎[48;2;114;102;174m[38;2;245;245;240m▊[48;2;37;2;184m[38;2;37;2;184m  [48;2;38;3;185m[38;2;38;3;185m          [0m
[48;2;38;3;185m[38;2;38;3;185m                                          [48;2;40;2;166m[38;2;48;5;195m┃[48;2;53;24;155m[38;2;46;8;197m┃[48;2;234;226;232m[38;2;215;90;115m▆[48;2;244;228;228m[38;2;211;75;93m▂[48;2;240;231;232m[38;2;196;79;119m▂[48;2;209;196;214m[38;2;183;67;116m▂[48;2;38;3;185m[38;2;38;3;185m            [0m
[48;2;38;3;185m[38;2;38;3;185m                                [48;2;39;8;168m[38;2;12;1;52m▃[48;2;34;11;126m[38;2;7;2;15m▅[48;2;36;13;142m[38;2;5;3;13m▆▆▆▆[48;2;36;13;140m[38;2;5;3;12m▆▆[48;2;45;13;154m[38;2;23;9;14m▆[48;2;28;11;63m[38;2;193;65;97m▂[48;2;60;16;67m[38;2;204;77;119m▂[48;2;115;49;123m[38;2;208;72;95m▅[48;2;200;69;93m[38;2;0;0;0m [48;2;207;68;95m[38;2;34;16;7m▂[48;2;212;71;106m[38;2;41;14;13m▃[48;2;189;59;103m[38;2;46;23;29m▃[48;2;36;3;169m[38;2;36;23;64m▂[48;2;36;0;189m[38;2;36;4;165m▖[48;2;38;3;185m[38;2;38;3;185m          [0m
[48;2;38;3;185m[38;2;38;3;185m                                [48;2;31;20;66m[38;2;32;2;168m▆[48;2;16;8;34m[38;2;36;3;188m▂[48;2;8;6;11m[38;2;30;5;149m▃▃[48;2;8;3;24m[38;2;39;10;180m▂▂▂▂[48;2;19;10;28m[38;2;44;13;181m▂[48;2;135;45;72m[38;2;26;7;81m▆[48;2;160;41;76m[38;2;25;10;82m▆▆[48;2;131;43;69m[38;2;23;6;79m▆[48;2;15;8;26m[38;2;39;11;178m▂[48;2;8;6;13m[38;2;31;5;153m▃▃[48;2;37;16;107m[38;2;37;3;176m▆[48;2;37;2;182m[38;2;37;4;170m▘[48;2;38;3;185m[38;2;38;3;185m          [0m
[48;2;40;2;185m[38;2;40;2;185m                                                            [0m
[48;2;40;2;185m[38;2;40;2;185m                                                            [0m
