[48;2;1;1;1m[38;2;1;1;1m                                                            [0m
[48;2;1;1;1m[38;2;1;1;1m                                                            [0m
[48;2;1;1;1m[38;2;1;1;1m                                                            [0m
[48;2;1;1;1m[38;2;1;1;1m                                                            [0m
[48;2;1;1;1m[38;2;1;1;1m                            [48;2;1;1;3m[38;2;1;1;3m  [48;2;1;1;1m[38;2;1;1;1m      [48;2;3;3;5m[38;2;3;3;5m  [48;2;1;0;0m[38;2;7;5;6m▃▃[48;2;5;3;4m[38;2;5;3;4m  [48;2;1;1;1m[38;2;1;1;1m                  [0m
[48;2;1;1;1m[38;2;1;1;1m                        [48;2;2;0;3m[38;2;2;0;3m  [48;2;1;1;3m[38;2;1;1;3m  [48;2;3;1;6m[38;2;3;1;6m  [48;2;2;0;3m[38;2;2;0;3m  [48;2;1;1;3m[38;2;1;1;3m  [48;2;1;0;2m[38;2;3;1;4m▖[48;2;5;3;6m[38;2;41;39;42m▗[48;2;28;24;27m[38;2;210;205;209m▄[48;2;133;128;132m[38;2;239;235;239m▇[48;2;123;122;127m[38;2;245;244;248m▇▇[48;2;131;126;130m[38;2;230;225;229m▇[48;2;182;177;181m[38;2;44;39;43m▄[48;2;3;1;4m[38;2;3;1;4m  [48;2;1;1;1m[38;2;1;1;1m      [48;2;3;1;6m[38;2;3;1;6m  [48;2;1;1;3m[38;2;1;1;3m  [48;2;1;1;1m[38;2;1;1;1m      [0m
[48;2;1;1;1m[38;2;1;1;1m                    [48;2;39;17;19m[38;2;190;82;99m▗[48;2;15;8;12m[38;2;183;53;78m▄[48;2;16;7;5m[38;2;181;60;95m▄[48;2;10;5;3m[38;2;92;43;54m▖[48;2;3;1;4m[38;2;3;1;4m  [48;2;3;1;6m[38;2;3;1;6m    [48;2;1;1;3m[38;2;1;1;3m  [48;2;3;1;6m[38;2;3;1;6m  [48;2;3;0;2m[38;2;18;13;17m▌[48;2;83;78;82m[38;2;11;7;10m▊[48;2;248;246;248m[38;2;223;221;224m▎[48;2;223;221;224m[38;2;248;246;248m▊[48;2;245;225;225m[38;2;197;83;111m▄[48;2;196;82;110m[38;2;54;26;26m▄[48;2;152;52;67m[38;2;214;89;111m┃[48;2;6;5;11m[38;2;30;3;6m▎[48;2;3;1;4m[38;2;3;1;4m  [48;2;1;1;1m[38;2;1;1;1m  [48;2;1;1;3m[38;2;1;1;3m    [48;2;9;4;8m[38;2;92;45;46m▗[48;2;13;6;14m[38;2;181;62;87m▄[48;2;32;13;16m[38;2;193;53;96m▖[48;2;6;6;3m[38;2;0;0;0m [48;2;1;1;1m[38;2;1;1;1m      [0m
[48;2;1;1;1m[38;2;1;1;1m                    [48;2;36;32;33m[38;2;3;0;0m▇▇[48;2;163;59;80m[38;2;26;14;9m▄[48;2;208;60;96m[38;2;120;51;61m▖[48;2;207;63;88m[38;2;220;76;101m▄[48;2;40;22;27m[38;2;220;204;209m▄[48;2;26;24;29m[38;2;0;0;0m [48;2;6;5;9m[38;2;19;18;22m▖[48;2;3;1;4m[38;2;3;1;4m  [48;2;1;0;2m[38;2;2;0;3m▗[48;2;5;3;6m[38;2;23;21;24m▃[48;2;17;15;18m[38;2;218;216;218m▄[48;2;25;23;26m[38;2;224;222;225m▄[48;2;154;152;155m[38;2;246;244;246m▇▇[48;2;239;237;238m[38;2;247;254;253m▊[48;2;212;186;195m[38;2;252;239;245m▊[48;2;211;71;97m[38;2;211;71;97m  [48;2;205;75;99m[38;2;0;0;0m [48;2;26;22;25m[38;2;219;217;220m▄[48;2;13;11;14m[38;2;198;196;199m▄[48;2;1;0;2m[38;2;67;65;68m [48;2;1;1;3m[38;2;1;1;3m  [48;2;5;3;8m[38;2;5;3;8m  [48;2;36;26;28m[38;2;0;0;0m [48;2;51;26;34m[38;2;224;200;209m▄[48;2;204;66;91m[38;2;227;68;100m▃[48;2;213;79;103m[38;2;125;38;46m▗[48;2;39;17;20m[38;2;205;62;107m▘[48;2;7;4;2m[38;2;0;0;0m [48;2;1;1;1m[38;2;1;1;1m      [0m
[48;2;1;1;1m[38;2;1;1;1m                    [48;2;2;2;4m[38;2;2;2;4m  [48;2;4;2;7m[38;2;4;2;7m  [48;2;186;182;185m[38;2;22;18;21m▄[48;2;225;221;224m[38;2;0;0;0m [48;2;255;254;255m[38;2;243;241;244m▄▄[48;2;40;38;41m[38;2;231;229;231m▄[48;2;24;22;25m[38;2;230;228;231m▄[48;2;27;25;28m[38;2;229;227;229m▄[48;2;157;155;158m[38;2;237;236;238m▇[48;2;250;250;252m[38;2;250;250;252m    [48;2;239;238;235m[38;2;0;0;0m [48;2;220;96;133m[38;2;243;222;225m▄[48;2;209;82;109m[38;2;0;0;0m [48;2;213;71;103m[38;2;241;226;216m▄[48;2;203;100;131m[38;2;243;233;232m▄[48;2;250;243;242m[38;2;0;0;0m [48;2;235;233;236m[38;2;249;247;250m▊[48;2;243;241;243m[38;2;179;177;180m▝[48;2;18;17;19m[38;2;231;229;232m▄▄[48;2;54;52;55m[38;2;233;231;233m▄[48;2;159;157;160m[38;2;246;244;247m▇[48;2;240;238;240m[38;2;0;0;0m [48;2;219;217;220m [48;2;183;179;180m[38;2;20;16;17m▄[48;2;3;0;0m[38;2;16;12;13m▄[48;2;1;1;1m[38;2;1;1;1m        [0m
[48;2;1;1;1m[38;2;1;1;1m                [48;2;2;0;3m[38;2;2;0;3m  [48;2;3;1;4m[38;2;3;1;4m  [48;2;3;1;6m[38;2;3;1;6m    [48;2;4;3;5m[38;2;13;11;14m╵[48;2;182;180;183m[38;2;20;19;21m▄[48;2;227;225;227m[38;2;0;0;0m [48;2;244;243;245m [48;2;250;250;252m[38;2;250;250;252m  [48;2;255;255;255m[38;2;242;242;244m▄[48;2;245;245;246m[38;2;194;194;196m▁▁[48;2;255;255;255m[38;2;242;242;244m▄[48;2;250;250;252m[38;2;250;250;252m  [48;2;253;251;253m[38;2;246;244;247m▃[48;2;244;242;245m[38;2;231;229;232m▝[48;2;202;104;133m[38;2;243;236;234m▄[48;2;249;246;243m[38;2;0;0;0m [48;2;250;250;252m[38;2;250;250;252m    [48;2;255;254;255m[38;2;244;242;245m▄▄[48;2;245;243;245m[38;2;181;179;182m▁[48;2;221;219;222m[38;2;0;0;0m [48;2;188;186;189m[38;2;15;14;16m▄[48;2;23;21;24m[38;2;8;6;9m▇[48;2;1;1;3m[38;2;1;1;3m  [48;2;1;1;1m[38;2;1;1;1m  [48;2;1;1;3m[38;2;1;1;3m  [48;2;1;1;1m[38;2;1;1;1m    [0m
[48;2;1;1;1m[38;2;1;1;1m            [48;2;1;1;3m[38;2;1;1;3m  [48;2;3;1;6m[38;2;3;1;6m      [48;2;1;1;3m[38;2;1;1;3m  [48;2;1;1;1m[38;2;1;1;1m    [48;2;41;39;42m[38;2;7;5;8m▇[48;2;193;191;193m[38;2;11;10;12m▄[48;2;224;222;226m[38;2;12;10;15m▄▄[48;2;214;212;215m[38;2;15;13;16m▄[48;2;1;0;2m[38;2;25;23;26m▘[48;2;3;0;2m[38;2;10;5;9m▄[48;2;212;208;211m[38;2;31;26;30m▄[48;2;247;247;249m[38;2;247;247;249m  [48;2;250;250;252m[38;2;250;250;252m      [48;2;252;250;252m[38;2;236;234;237m│[48;2;142;140;143m[38;2;245;243;245m▊[48;2;15;10;16m[38;2;4;0;5m▄▄[48;2;13;11;14m[38;2;3;1;4m▅▅[48;2;1;1;3m[38;2;1;1;3m  [48;2;1;1;1m[38;2;1;1;1m          [0m
[48;2;1;1;1m[38;2;1;1;1m            [48;2;3;1;6m[38;2;3;1;6m      [48;2;3;1;4m[38;2;3;1;4m  [48;2;1;1;3m[38;2;1;1;3m  [48;2;1;1;1m[38;2;1;1;1m    [48;2;3;1;6m[38;2;3;1;6m      [48;2;1;0;4m[38;2;7;5;10m▂[48;2;8;6;11m[38;2;21;19;24m▝[48;2;208;206;209m[38;2;29;27;30m▄[48;2;244;242;245m[38;2;224;223;225m▎[48;2;250;250;252m[38;2;250;250;252m      [48;2;252;250;252m[38;2;244;242;245m┃[48;2;152;150;153m[38;2;243;242;244m▊[48;2;4;2;7m[38;2;4;2;7m  [48;2;1;1;1m[38;2;1;1;1m              [0m
[48;2;1;1;1m[38;2;1;1;1m            [48;2;1;1;3m[38;2;1;1;3m  [48;2;3;1;6m[38;2;3;1;6m  [48;2;2;0;3m[38;2;2;0;3m  [48;2;1;1;1m[38;2;1;1;1m  [48;2;3;1;6m[38;2;3;1;6m    [48;2;1;1;1m[38;2;1;1;1m        [48;2;2;0;3m[38;2;2;0;3m  [48;2;62;57;61m[38;2;10;6;9m▊[48;2;233;229;232m[38;2;133;128;132m▁[48;2;250;250;252m[38;2;250;250;252m      [48;2;245;244;246m[38;2;0;0;0m [48;2;203;201;204m [48;2;2;2;4m[38;2;2;2;4m  [48;2;1;1;1m[38;2;1;1;1m              [0m
[48;2;1;1;1m[38;2;1;1;1m              [48;2;2;0;3m[38;2;2;0;3m  [48;2;1;1;3m[38;2;1;1;3m    [48;2;3;1;6m[38;2;3;1;6m  [48;2;3;1;4m[38;2;3;1;4m  [48;2;1;1;3m[38;2;1;1;3m  [48;2;1;1;1m[38;2;1;1;1m    [48;2;1;1;3m[38;2;1;1;3m    [48;2;1;0;2m[38;2;8;6;9m│[48;2;67;65;68m[38;2;9;7;10m▊[48;2;236;235;237m[38;2;83;81;84m▁[48;2;243;241;244m[38;2;89;87;90m▁[48;2;245;243;246m[38;2;91;89;92m▁▁[48;2;241;240;242m[38;2;87;85;88m▁[48;2;230;228;230m[38;2;120;118;121m▁[48;2;208;204;207m[38;2;92;87;91m▅[48;2;21;17;20m[38;2;219;215;218m▅[48;2;19;17;20m[38;2;193;192;194m▅[48;2;2;0;3m[38;2;1;0;2m┏[48;2;1;1;1m[38;2;1;1;1m              [0m
[48;2;1;1;1m[38;2;1;1;1m                [48;2;3;1;4m[38;2;3;1;4m  [48;2;3;1;6m[38;2;3;1;6m  [48;2;2;0;3m[38;2;2;0;3m  [48;2;3;1;6m[38;2;3;1;6m  [48;2;2;0;3m[38;2;2;0;3m  [48;2;1;1;1m[38;2;1;1;1m    [48;2;3;1;6m[38;2;3;1;6m  [48;2;3;1;4m[38;2;3;1;4m  [48;2;9;5;10m[38;2;0;0;0m [48;2;25;20;26m[38;2;160;155;161m▁[48;2;24;19;23m[38;2;226;222;225m▅[48;2;25;21;24m[38;2;210;205;209m▅[48;2;14;10;15m[38;2;0;0;0m [48;2;16;12;17m[38;2;132;127;133m▁[48;2;64;59;63m[38;2;13;8;12m▊[48;2;44;39;43m[38;2;224;220;224m▅[48;2;249;249;251m[38;2;249;249;251m  [48;2;235;233;235m[38;2;0;0;0m [48;2;24;23;25m[38;2;193;191;194m▅[48;2;1;1;1m[38;2;1;1;1m              [0m
[48;2;1;1;1m[38;2;1;1;1m                    [48;2;0;0;0m[38;2;0;0;0m  [48;2;1;1;3m[38;2;1;1;3m  [48;2;1;1;1m[38;2;1;1;1m    [48;2;2;0;3m[38;2;2;0;3m  [48;2;1;1;3m[38;2;1;1;3m  [48;2;3;1;6m[38;2;3;1;6m  [48;2;68;63;67m[38;2;8;3;7m▊[48;2;251;246;250m[38;2;192;187;191m▎[48;2;255;255;255m[38;2;246;246;248m▌[48;2;175;175;177m[38;2;246;246;247m▊[48;2;115;109;113m[38;2;48;43;46m▊[48;2;219;214;217m[38;2;99;93;97m▁[48;2;52;47;50m[38;2;211;206;210m▅[48;2;222;217;220m[38;2;62;57;60m▅[48;2;248;248;250m[38;2;248;248;250m  [48;2;248;248;249m[38;2;231;231;233m╵[48;2;237;237;238m[38;2;0;0;0m [48;2;71;69;70m[38;2;218;216;217m┓[48;2;9;8;8m[38;2;0;0;0m [48;2;1;1;1m[38;2;1;1;1m            [0m
[48;2;1;1;1m[38;2;1;1;1m                        [48;2;1;1;3m[38;2;1;1;3m  [48;2;3;1;6m[38;2;3;1;6m  [48;2;2;0;3m[38;2;2;0;3m  [48;2;3;1;6m[38;2;3;1;6m    [48;2;69;64;68m[38;2;9;4;8m▊[48;2;252;247;251m[38;2;193;188;192m▎[48;2;250;250;252m[38;2;250;250;252m  [48;2;177;173;174m[38;2;245;243;244m▊[48;2;50;46;47m[38;2;170;166;167m▁[48;2;214;210;213m[38;2;92;87;91m▁[48;2;69;65;68m[38;2;217;212;216m▅[48;2;228;224;228m[38;2;96;91;95m▅[48;2;235;230;234m[38;2;82;77;81m▁[48;2;250;250;252m[38;2;250;250;252m  [48;2;111;109;110m[38;2;240;238;239m▊[48;2;1;0;0m[38;2;25;23;24m▎[48;2;1;1;1m[38;2;1;1;1m            [0m
[48;2;1;1;1m[38;2;1;1;1m                    [48;2;2;0;3m[38;2;2;0;3m  [48;2;1;1;1m[38;2;1;1;1m  [48;2;3;1;6m[38;2;3;1;6m    [48;2;2;0;3m[38;2;2;0;3m  [48;2;3;1;4m[38;2;3;1;4m  [48;2;3;1;6m[38;2;3;1;6m  [48;2;68;63;67m[38;2;8;3;7m▊[48;2;251;246;250m[38;2;192;187;191m▎[48;2;250;250;252m[38;2;250;250;252m  [48;2;252;252;253m[38;2;243;243;245m│[48;2;154;154;156m[38;2;245;245;246m▊[48;2;77;72;76m[38;2;7;2;6m┃[48;2;253;248;252m[38;2;255;253;255m┃[48;2;238;237;239m[38;2;0;0;0m [48;2;72;70;73m[38;2;234;232;235m▅[48;2;249;249;251m[38;2;249;249;251m  [48;2;111;109;110m[38;2;240;238;239m▊[48;2;1;0;0m[38;2;25;23;24m▎[48;2;1;1;1m[38;2;1;1;1m            [0m
[48;2;1;1;1m[38;2;1;1;1m                  [48;2;1;1;3m[38;2;1;1;3m  [48;2;2;0;3m[38;2;2;0;3m  [48;2;1;1;3m[38;2;1;1;3m  [48;2;3;1;6m[38;2;3;1;6m    [48;2;1;1;3m[38;2;1;1;3m    [48;2;3;1;6m[38;2;3;1;6m  [48;2;70;65;69m[38;2;10;5;9m▊[48;2;252;248;252m[38;2;194;189;193m▎[48;2;250;250;252m[38;2;250;250;252m  [48;2;252;252;253m[38;2;243;243;245m│[48;2;154;154;156m[38;2;245;245;246m▊[48;2;115;110;114m[38;2;20;16;19m▊[48;2;252;247;251m[38;2;210;205;209m▎[48;2;250;250;252m[38;2;250;250;252m    [48;2;111;109;110m[38;2;240;238;239m▊[48;2;1;0;0m[38;2;25;23;24m▎[48;2;1;1;1m[38;2;1;1;1m            [0m
[48;2;1;1;1m[38;2;1;1;1m                  [48;2;2;0;3m[38;2;2;0;3m    [48;2;3;1;6m[38;2;3;1;6m      [48;2;2;0;3m[38;2;2;0;3m  [48;2;1;1;1m[38;2;1;1;1m  [48;2;1;1;3m[38;2;1;1;3m  [48;2;15;11;14m[38;2;0;0;0m [48;2;206;201;205m[38;2;33;28;32m▅[48;2;243;243;245m[38;2;239;239;241m▌[48;2;254;254;255m[38;2;250;250;252m▌[48;2;255;255;255m[38;2;244;244;246m▌[48;2;173;173;175m[38;2;245;245;246m▊[48;2;24;19;22m[38;2;0;0;0m [48;2;212;208;211m[38;2;44;38;42m▅[48;2;248;248;250m[38;2;248;248;250m  [48;2;250;250;252m[38;2;250;250;252m  [48;2;236;234;237m[38;2;0;0;0m [48;2;81;79;82m[38;2;231;229;232m┓[48;2;1;1;1m[38;2;1;1;1m            [0m
[48;2;4;2;10m[38;2;23;2;126m▂▂▂▂▂▂▂▂▂▂▂▂▂▂▂▂▂▂[48;2;5;3;12m[38;2;24;2;129m▂▂[48;2;4;2;10m[38;2;23;2;126m▂▂[48;2;5;3;12m[38;2;24;2;129m▂▂▂▂▂▂[48;2;4;2;10m[38;2;23;2;126m▂▂▂▂[48;2;4;2;11m[38;2;23;1;128m▂▂[48;2;8;3;11m[38;2;24;4;125m▂[48;2;30;23;43m[38;2;50;22;175m▁[48;2;255;255;255m[38;2;237;237;239m▌[48;2;253;253;254m[38;2;245;245;247m┃[48;2;250;250;251m[38;2;0;0;0m [48;2;249;249;250m[38;2;211;211;213m▝[48;2;63;56;62m[38;2;219;213;220m▅[48;2;41;33;52m[38;2;80;57;164m▁[48;2;248;246;249m[38;2;248;246;249m  [48;2;250;250;252m[38;2;250;250;252m  [48;2;239;238;243m[38;2;251;250;253m▌[48;2;102;101;106m[38;2;248;247;251m▊[48;2;4;2;11m[38;2;23;1;128m▂▂[48;2;4;2;10m[38;2;23;2;126m▂▂▂▂▂▂▂▂▂▂[0m
[48;2;38;3;183m[38;2;38;3;183m                                  [48;2;39;4;184m[38;2;39;4;184m  [48;2;227;223;239m[38;2;65;44;183m▆[48;2;248;247;241m[38;2;225;219;248m▎[48;2;250;250;252m[38;2;250;250;252m  [48;2;162;151;207m[38;2;244;241;249m▊[48;2;70;46;184m[38;2;31;4;169m┃[48;2;224;220;235m[38;2;71;49;187m▆[48;2;246;243;242m[38;2;0;0;0m [48;2;250;250;252m[38;2;250;250;252m  [48;2;252;252;251m[38;2;237;234;253m│[48;2;123;111;183m[38;2;241;241;239m▊[48;2;37;2;184m[38;2;37;2;184m  [48;2;38;3;183m[38;2;38;3;183m          [0m
[48;2;38;3;183m[38;2;38;3;183m                                    [48;2;41;11;180m[38;2;0;0;0m [48;2;225;217;240m[38;2;58;31;183m▆[48;2;249;249;251m[38;2;224;224;226m▖▗[48;2;223;216;231m[38;2;185;92;135m▂[48;2;40;11;175m[38;2;0;0;0m [48;2;113;96;192m[38;2;36;5;185m▊[48;2;250;249;243m[38;2;229;224;247m▎[48;2;250;250;252m[38;2;250;250;252m  [48;2;253;253;251m[38;2;238;235;254m│[48;2;124;112;184m[38;2;242;242;240m▊[48;2;37;2;184m[38;2;37;2;184m  [48;2;38;3;183m[38;2;38;3;183m          [0m
[48;2;38;3;185m[38;2;38;3;185m                                    [48;2;40;5;185m[38;2;40;5;185m  [48;2;219;214;224m[38;2;55;14;175m▆[48;2;240;222;214m[38;2;142;57;122m▆[48;2;171;60;89m[38;2;221;69;98m▆[48;2;84;23;133m[38;2;196;72;102m▅[48;2;47;15;168m[38;2;165;69;122m▂[48;2;226;218;231m[38;2;78;52;191m▆[48;2;250;250;252m[38;2;250;250;252m  [48;2;240;239;244m[38;2;0;0;0m [48;2;199;194;225m[38;2;49;32;163m▂[48;2;38;3;185m[38;2;38;3;185m            [0m
[48;2;38;3;185m[38;2;38;3;185m                                      [48;2;41;3;184m[38;2;41;3;184m  [48;2;183;74;100m[38;2;50;14;171m▆[48;2;198;68;99m[38;2;66;10;170m▂[48;2;106;37;130m[38;2;205;79;91m┛[48;2;138;110;199m[38;2;43;6;182m▊[48;2;240;234;235m[38;2;219;113;147m▂[48;2;248;244;245m[38;2;0;0;0m [48;2;162;148;209m[38;2;250;245;250m▊[48;2;41;6;195m[38;2;34;9;162m▌[48;2;38;3;185m[38;2;38;3;185m            [0m
[48;2;38;3;185m[38;2;38;3;185m                                          [48;2;41;8;183m[38;2;0;0;0m [48;2;67;12;164m[38;2;181;68;89m▂[48;2;217;72;100m[38;2;0;0;0m [48;2;245;217;208m[38;2;208;89;109m▆[48;2;212;200;223m[38;2;166;70;121m▂[48;2;43;9;184m[38;2;25;0;166m▁[48;2;38;3;185m[38;2;38;3;185m            [0m
[48;2;38;3;185m[38;2;38;3;185m                                  [48;2;38;3;183m[38;2;38;3;183m  [48;2;39;7;175m[38;2;12;3;37m▃[48;2;40;15;142m[38;2;10;3;26m▆[48;2;36;13;140m[38;2;5;3;12m▆▆[48;2;39;14;141m[38;2;9;4;13m▆[48;2;24;1;127m[38;2;14;8;18m▆[48;2;58;23;69m[38;2;208;57;98m▂[48;2;198;70;93m[38;2;227;76;102m┃[48;2;201;70;94m[38;2;0;0;0m [48;2;208;69;96m[38;2;35;17;8m▂[48;2;84;32;49m[38;2;193;61;91m┛[48;2;41;12;122m[38;2;17;8;17m▅[48;2;36;3;169m[38;2;36;23;64m▂[48;2;36;0;189m[38;2;36;4;165m▖[48;2;38;3;185m[38;2;38;3;185m          [0m
[48;2;38;3;185m[38;2;38;3;185m                                    [48;2;22;14;40m[38;2;34;3;171m▆[48;2;14;7;32m[38;2;43;12;179m▂[48;2;8;3;24m[38;2;39;10;180m▂▂[48;2;11;4;24m[38;2;42;10;181m▂▂[48;2;160;41;74m[38;2;25;10;81m▆▆[48;2;131;43;69m[38;2;23;6;79m▆[48;2;15;8;26m[38;2;39;11;178m▂[48;2;8;6;13m[38;2;31;5;153m▃▃[48;2;37;16;107m[38;2;37;3;176m▆[48;2;37;2;182m[38;2;37;4;170m▘[48;2;38;3;185m[38;2;38;3;185m          [0m
[48;2;40;2;185m[38;2;40;2;185m                                                            [0m
[48;2;40;2;185m[38;2;40;2;185m                                                            [0m
