[48;2;1;1;1m[38;2;1;1;1m                                                            [0m
[48;2;1;1;1m[38;2;1;1;1m                                                            [0m
[48;2;1;1;1m[38;2;1;1;1m                                                            [0m
[48;2;1;1;1m[38;2;1;1;1m                                                            [0m
[48;2;1;1;1m[38;2;1;1;1m                            [48;2;1;1;3m[38;2;1;1;3m  [48;2;1;1;1m[38;2;1;1;1m      [48;2;3;3;5m[38;2;3;3;5m  [48;2;1;0;0m[38;2;7;5;6m▃▃[48;2;5;3;4m[38;2;5;3;4m  [48;2;1;1;1m[38;2;1;1;1m                  [0m
[48;2;1;1;1m[38;2;1;1;1m                        [48;2;2;0;3m[38;2;2;0;3m  [48;2;1;1;3m[38;2;1;1;3m  [48;2;3;1;6m[38;2;3;1;6m  [48;2;2;0;3m[38;2;2;0;3m  [48;2;1;1;3m[38;2;1;1;3m  [48;2;1;0;2m[38;2;3;1;4m▖[48;2;5;3;6m[38;2;41;39;42m▗[48;2;28;24;27m[38;2;210;205;209m▄[48;2;133;128;132m[38;2;239;235;239m▇[48;2;123;122;127m[38;2;245;244;248m▇▇[48;2;131;126;130m[38;2;230;225;229m▇[48;2;182;177;181m[38;2;44;39;43m▄[48;2;3;1;4m[38;2;3;1;4m  [48;2;1;1;1m[38;2;1;1;1m      [48;2;3;1;6m[38;2;3;1;6m  [48;2;1;1;3m[38;2;1;1;3m  [48;2;1;1;1m[38;2;1;1;1m      [0m
[48;2;1;1;1m[38;2;1;1;1m                    [48;2;8;5;4m[38;2;0;0;0m [48;2;42;12;19m[38;2;182;66;103m▗[48;2;12;2;3m[38;2;74;33;47m▖[48;2;3;8;5m[38;2;17;9;12m▘[48;2;46;24;29m[38;2;192;55;99m▗[48;2;20;7;10m[38;2;0;0;0m [48;2;3;1;6m[38;2;3;1;6m    [48;2;1;1;3m[38;2;1;1;3m  [48;2;3;1;6m[38;2;3;1;6m  [48;2;3;0;2m[38;2;17;12;16m▌[48;2;82;77;81m[38;2;11;6;10m▊[48;2;248;246;248m[38;2;223;221;224m▎[48;2;223;221;224m[38;2;248;246;248m▊[48;2;245;225;225m[38;2;197;83;111m▄[48;2;196;82;110m[38;2;54;26;26m▄[48;2;152;52;67m[38;2;214;89;111m┃[48;2;6;5;11m[38;2;30;3;6m▎[48;2;3;1;4m[38;2;3;1;4m  [48;2;1;1;1m[38;2;1;1;1m  [48;2;1;1;3m[38;2;1;1;3m    [48;2;4;2;7m[38;2;4;2;7m  [48;2;1;1;1m[38;2;1;1;1m        [0m
[48;2;1;1;1m[38;2;1;1;1m                    [48;2;4;2;3m[38;2;4;2;3m  [48;2;147;54;72m[38;2;21;10;6m▄[48;2;207;65;100m[38;2;122;50;61m▖[48;2;214;67;93m[38;2;220;74;100m▄[48;2;48;28;34m[38;2;216;197;202m▄[48;2;26;24;29m[38;2;0;0;0m [48;2;6;5;9m[38;2;19;18;22m▖[48;2;3;1;4m[38;2;3;1;4m  [48;2;2;0;3m[38;2;12;10;13m▄▄[48;2;13;11;14m[38;2;213;211;214m▄[48;2;15;13;16m[38;2;232;231;233m▄[48;2;34;33;35m▄[48;2;159;157;160m[38;2;238;236;239m▇[48;2;239;237;238m[38;2;247;254;253m▊[48;2;212;186;195m[38;2;252;239;245m▊[48;2;211;71;97m[38;2;211;71;97m  [48;2;205;75;99m[38;2;0;0;0m [48;2;26;22;25m[38;2;219;217;220m▄[48;2;13;11;14m[38;2;198;196;199m▄[48;2;1;0;2m[38;2;67;65;68m [48;2;1;1;3m[38;2;1;1;3m  [48;2;3;1;6m[38;2;3;1;6m  [48;2;17;8;13m[38;2;9;1;5m▚[48;2;13;4;9m[38;2;6;0;2m▌[48;2;63;22;22m[38;2;199;67;93m▄[48;2;175;43;70m[38;2;210;75;102m▇[48;2;39;18;13m[38;2;182;61;80m▊[48;2;0;4;4m[38;2;22;1;12m┃[48;2;1;1;1m[38;2;1;1;1m      [0m
[48;2;1;1;1m[38;2;1;1;1m                    [48;2;2;2;4m[38;2;2;2;4m  [48;2;4;2;7m[38;2;4;2;7m  [48;2;181;176;180m[38;2;26;21;25m▄[48;2;222;217;221m[38;2;0;0;0m [48;2;255;254;255m[38;2;243;241;244m▄▄[48;2;41;39;42m[38;2;231;230;232m▄[48;2;25;23;26m[38;2;231;229;231m▄[48;2;229;227;230m[38;2;0;0;0m [48;2;170;168;171m[38;2;246;244;247m▇[48;2;250;250;252m[38;2;250;250;252m    [48;2;239;238;235m[38;2;0;0;0m [48;2;220;96;133m[38;2;243;222;225m▄[48;2;209;82;109m[38;2;0;0;0m [48;2;213;71;103m[38;2;241;226;216m▄[48;2;203;100;131m[38;2;243;233;232m▄[48;2;250;243;242m[38;2;0;0;0m [48;2;238;236;239m[38;2;247;246;248m▆[48;2;244;243;245m[38;2;178;176;179m▝[48;2;17;12;18m[38;2;201;197;202m▄[48;2;16;12;17m[38;2;0;0;0m [48;2;12;10;13m [48;2;30;28;31m [48;2;61;53;55m[38;2;231;224;227m▄[48;2;247;241;244m[38;2;182;173;176m▝[48;2;193;87;109m[38;2;240;236;239m▖[48;2;50;18;21m[38;2;205;84;104m▘[48;2;2;2;2m[38;2;2;2;2m  [48;2;1;1;1m[38;2;1;1;1m      [0m
[48;2;1;1;1m[38;2;1;1;1m                [48;2;2;0;3m[38;2;2;0;3m  [48;2;3;1;4m[38;2;3;1;4m  [48;2;3;1;6m[38;2;3;1;6m    [48;2;5;3;6m[38;2;5;3;6m  [48;2;198;196;199m[38;2;17;15;18m▄[48;2;238;236;239m[38;2;173;171;174m▖[48;2;250;250;252m[38;2;250;250;252m  [48;2;247;247;248m[38;2;235;235;237m▁[48;2;251;251;252m[38;2;224;224;226m▂[48;2;250;250;252m[38;2;250;250;252m    [48;2;253;251;253m[38;2;246;244;247m▃[48;2;244;242;245m[38;2;231;229;232m▝[48;2;202;104;133m[38;2;243;236;234m▄[48;2;249;246;243m[38;2;0;0;0m [48;2;250;250;252m[38;2;250;250;252m    [48;2;239;239;241m[38;2;249;249;250m▆[48;2;225;225;227m[38;2;252;252;252m▆[48;2;208;206;209m[38;2;249;247;249m▇▇[48;2;245;243;245m[38;2;0;0;0m [48;2;218;216;218m [48;2;178;176;179m[38;2;17;16;18m▄[48;2;1;0;2m[38;2;5;3;6m▝[48;2;1;1;1m[38;2;1;1;1m  [48;2;1;1;3m[38;2;1;1;3m  [48;2;1;1;1m[38;2;1;1;1m    [0m
[48;2;1;1;1m[38;2;1;1;1m            [48;2;1;1;3m[38;2;1;1;3m  [48;2;3;1;6m[38;2;3;1;6m      [48;2;1;1;3m[38;2;1;1;3m  [48;2;1;1;1m[38;2;1;1;1m    [48;2;4;2;5m[38;2;4;2;5m  [48;2;203;201;205m[38;2;12;11;15m▄[48;2;216;214;219m[38;2;13;12;16m▄[48;2;215;213;216m[38;2;12;10;13m▄[48;2;25;23;26m[38;2;0;0;0m [48;2;217;216;218m[38;2;19;17;20m▄[48;2;235;234;236m[38;2;155;153;156m▁[48;2;250;250;252m[38;2;250;250;252m        [48;2;238;236;239m[38;2;251;249;251m▊[48;2;231;230;232m[38;2;0;0;0m [48;2;226;224;229m[38;2;15;13;18m▄▄[48;2;224;224;226m[38;2;13;13;15m▄▄[48;2;182;180;183m[38;2;16;14;17m▄[48;2;21;19;22m[38;2;4;3;5m▇[48;2;1;1;1m[38;2;1;1;1m          [0m
[48;2;1;1;1m[38;2;1;1;1m            [48;2;3;1;6m[38;2;3;1;6m      [48;2;3;1;4m[38;2;3;1;4m  [48;2;1;1;3m[38;2;1;1;3m  [48;2;1;1;1m[38;2;1;1;1m    [48;2;3;1;6m[38;2;3;1;6m      [48;2;15;13;18m[38;2;1;0;4m▊[48;2;58;56;61m[38;2;8;7;11m▊[48;2;255;255;255m[38;2;236;236;238m▌[48;2;252;252;253m[38;2;244;244;246m┃[48;2;250;250;252m[38;2;250;250;252m      [48;2;252;250;252m[38;2;244;242;245m┃[48;2;152;150;153m[38;2;243;242;244m▊[48;2;4;2;7m[38;2;4;2;7m  [48;2;1;1;1m[38;2;1;1;1m              [0m
[48;2;1;1;1m[38;2;1;1;1m            [48;2;1;1;3m[38;2;1;1;3m  [48;2;3;1;6m[38;2;3;1;6m  [48;2;2;0;3m[38;2;2;0;3m  [48;2;1;1;1m[38;2;1;1;1m  [48;2;3;1;6m[38;2;3;1;6m    [48;2;1;1;1m[38;2;1;1;1m        [48;2;1;0;2m[38;2;7;5;8m▂[48;2;8;6;9m[38;2;21;19;22m▝[48;2;233;228;232m[38;2;43;39;42m▅[48;2;237;233;237m[38;2;115;110;114m▁[48;2;250;250;252m[38;2;250;250;252m      [48;2;245;243;245m[38;2;0;0;0m [48;2;215;213;215m[38;2;132;130;133m▁[48;2;13;12;14m[38;2;113;111;114m▁[48;2;1;0;2m[38;2;3;1;4m▄[48;2;1;1;1m[38;2;1;1;1m              [0m
[48;2;1;1;1m[38;2;1;1;1m              [48;2;2;0;3m[38;2;2;0;3m  [48;2;1;1;3m[38;2;1;1;3m    [48;2;3;1;6m[38;2;3;1;6m  [48;2;3;1;4m[38;2;3;1;4m  [48;2;1;1;3m[38;2;1;1;3m  [48;2;1;1;1m[38;2;1;1;1m    [48;2;1;1;3m[38;2;1;1;3m    [48;2;1;0;2m[38;2;8;6;9m│[48;2;67;65;68m[38;2;9;7;10m▊[48;2;236;235;237m[38;2;83;81;84m▁[48;2;243;241;244m[38;2;89;87;90m▁[48;2;245;243;246m[38;2;91;89;92m▁▁[48;2;241;240;242m[38;2;87;85;88m▁[48;2;230;228;230m[38;2;120;118;121m▁[48;2;212;206;210m[38;2;96;90;94m▅[48;2;57;52;55m[38;2;224;219;223m▅[48;2;133;128;132m[38;2;237;233;237m▊[48;2;22;17;21m[38;2;128;123;127m▁[48;2;1;1;1m[38;2;1;1;1m              [0m
[48;2;1;1;1m[38;2;1;1;1m                [48;2;3;1;4m[38;2;3;1;4m  [48;2;3;1;6m[38;2;3;1;6m  [48;2;2;0;3m[38;2;2;0;3m  [48;2;3;1;6m[38;2;3;1;6m  [48;2;2;0;3m[38;2;2;0;3m  [48;2;1;1;1m[38;2;1;1;1m    [48;2;3;1;6m[38;2;3;1;6m  [48;2;3;1;4m[38;2;3;1;4m  [48;2;11;9;14m[38;2;4;2;7m▚[48;2;7;5;10m[38;2;1;0;4m▌[48;2;27;22;26m[38;2;218;213;217m▅▅[48;2;20;15;21m[38;2;132;127;133m▁[48;2;13;8;14m[38;2;0;0;0m [48;2;31;26;29m[38;2;160;154;158m▁[48;2;47;41;45m[38;2;193;187;191m▅[48;2;249;249;251m[38;2;249;249;251m  [48;2;252;250;252m[38;2;236;234;237m│[48;2;142;140;143m[38;2;245;243;245m▊[48;2;1;0;0m[38;2;9;7;8m▄[48;2;6;4;5m[38;2;0;0;0m [48;2;1;1;1m[38;2;1;1;1m            [0m
[48;2;1;1;1m[38;2;1;1;1m                    [48;2;0;0;0m[38;2;0;0;0m  [48;2;1;1;3m[38;2;1;1;3m  [48;2;1;1;1m[38;2;1;1;1m    [48;2;2;0;3m[38;2;2;0;3m  [48;2;1;1;3m[38;2;1;1;3m  [48;2;3;1;6m[38;2;3;1;6m  [48;2;10;6;11m[38;2;0;0;0m [48;2;38;33;39m[38;2;154;149;155m▁[48;2;243;243;245m[38;2;239;239;241m▌[48;2;254;254;255m[38;2;250;250;252m▌[48;2;177;173;174m[38;2;245;243;244m▊[48;2;50;46;47m[38;2;170;166;167m▁[48;2;212;206;210m[38;2;129;123;127m▂[48;2;111;105;109m[38;2;56;50;54m▊[48;2;240;238;240m[38;2;139;137;140m▂[48;2;247;245;248m[38;2;0;0;0m [48;2;250;250;252m[38;2;250;250;252m  [48;2;111;109;110m[38;2;240;238;239m▊[48;2;1;0;0m[38;2;25;23;24m▎[48;2;1;1;1m[38;2;1;1;1m            [0m
[48;2;1;1;1m[38;2;1;1;1m                        [48;2;1;1;3m[38;2;1;1;3m  [48;2;3;1;6m[38;2;3;1;6m  [48;2;2;0;3m[38;2;2;0;3m  [48;2;3;1;6m[38;2;3;1;6m    [48;2;69;64;68m[38;2;9;4;8m▊[48;2;252;247;251m[38;2;193;188;192m▎[48;2;250;250;252m[38;2;250;250;252m  [48;2;255;255;255m[38;2;246;246;248m▌[48;2;175;175;177m[38;2;246;246;247m▊[48;2;117;111;115m[38;2;49;44;47m▊[48;2;221;215;219m[38;2;96;90;94m▁[48;2;60;54;58m[38;2;214;209;213m▅[48;2;219;214;218m[38;2;83;77;81m▅[48;2;233;228;232m[38;2;103;98;102m▅[48;2;245;241;245m[38;2;0;0;0m [48;2;232;230;232m [48;2;79;77;80m[38;2;222;220;222m┓[48;2;1;1;1m[38;2;1;1;1m            [0m
[48;2;1;1;1m[38;2;1;1;1m                    [48;2;2;0;3m[38;2;2;0;3m  [48;2;1;1;1m[38;2;1;1;1m  [48;2;3;1;6m[38;2;3;1;6m    [48;2;2;0;3m[38;2;2;0;3m  [48;2;3;1;4m[38;2;3;1;4m  [48;2;3;1;6m[38;2;3;1;6m  [48;2;68;63;67m[38;2;8;3;7m▊[48;2;251;246;250m[38;2;192;187;191m▎[48;2;250;250;252m[38;2;250;250;252m    [48;2;235;231;234m[38;2;0;0;0m [48;2;67;62;66m[38;2;194;190;193m▅[48;2;249;249;251m[38;2;249;249;251m  [48;2;250;250;252m[38;2;250;250;252m  [48;2;250;248;250m[38;2;250;248;250m▄[48;2;84;82;85m[38;2;247;245;248m▊[48;2;1;1;3m[38;2;1;1;3m  [48;2;1;1;1m[38;2;1;1;1m          [0m
[48;2;1;1;1m[38;2;1;1;1m                  [48;2;1;1;3m[38;2;1;1;3m  [48;2;2;0;3m[38;2;2;0;3m  [48;2;1;1;3m[38;2;1;1;3m  [48;2;3;1;6m[38;2;3;1;6m    [48;2;1;1;3m[38;2;1;1;3m    [48;2;3;1;6m[38;2;3;1;6m  [48;2;70;65;69m[38;2;10;5;9m▊[48;2;252;248;252m[38;2;194;189;193m▎[48;2;250;250;252m[38;2;250;250;252m    [48;2;155;149;153m[38;2;248;243;247m▊[48;2;60;54;58m[38;2;13;8;11m┃[48;2;230;228;231m[38;2;84;82;85m▁[48;2;246;244;246m[38;2;0;0;0m [48;2;250;250;252m[38;2;250;250;252m  [48;2;250;248;250m[38;2;250;248;250m▄[48;2;84;82;85m[38;2;247;245;248m▊[48;2;1;1;3m[38;2;1;1;3m  [48;2;1;1;1m[38;2;1;1;1m          [0m
[48;2;1;1;1m[38;2;1;1;1m                  [48;2;2;0;3m[38;2;2;0;3m    [48;2;3;1;6m[38;2;3;1;6m      [48;2;2;0;3m[38;2;2;0;3m  [48;2;1;1;1m[38;2;1;1;1m  [48;2;1;1;3m[38;2;1;1;3m  [48;2;51;46;50m[38;2;8;4;7m▊[48;2;236;233;236m[38;2;95;90;94m▂[48;2;249;249;251m[38;2;249;249;251m  [48;2;250;250;252m[38;2;250;250;252m  [48;2;170;165;169m[38;2;247;243;246m▊[48;2;28;24;27m[38;2;199;194;198m▁[48;2;123;121;124m[38;2;13;11;14m▊[48;2;251;249;252m[38;2;255;254;255m┃[48;2;250;250;252m[38;2;250;250;252m  [48;2;250;248;250m[38;2;250;248;250m▄[48;2;84;82;85m[38;2;247;245;248m▊[48;2;1;1;3m[38;2;1;1;3m  [48;2;1;1;1m[38;2;1;1;1m          [0m
[48;2;4;2;10m[38;2;23;2;126m▂▂▂▂▂▂▂▂▂▂▂▂▂▂▂▂▂▂[48;2;5;3;12m[38;2;24;2;129m▂▂[48;2;4;2;10m[38;2;23;2;126m▂▂[48;2;5;3;12m[38;2;24;2;129m▂▂▂▂▂▂[48;2;4;2;10m[38;2;23;2;126m▂▂▂▂[48;2;4;2;11m[38;2;23;1;128m▂▂[48;2;10;5;14m[38;2;26;4;129m▂[48;2;28;23;32m[38;2;29;10;132m▂[48;2;241;240;244m[38;2;111;97;185m▂[48;2;243;242;244m[38;2;0;0;0m [48;2;250;250;252m[38;2;250;250;252m  [48;2;252;251;254m[38;2;244;243;248m┃[48;2;152;151;156m[38;2;243;242;246m▊[48;2;45;42;54m[38;2;40;18;163m▂[48;2;229;227;231m[38;2;79;54;195m▁[48;2;250;250;252m[38;2;250;250;252m  [48;2;239;238;243m[38;2;251;250;253m▌[48;2;102;101;106m[38;2;248;247;251m▊[48;2;4;2;11m[38;2;23;1;128m▂▂[48;2;4;2;10m[38;2;23;2;126m▂▂▂▂▂▂▂▂▂▂[0m
[48;2;38;3;183m[38;2;38;3;183m                                    [48;2;98;80;179m[38;2;36;6;186m▊[48;2;249;247;246m[38;2;215;209;235m▎[48;2;250;250;252m[38;2;250;250;252m  [48;2;238;237;242m[38;2;253;252;254m▊[48;2;195;194;199m[38;2;245;244;248m▊[48;2;39;11;178m[38;2;182;170;215m▂[48;2;145;124;226m[38;2;43;13;178m▊[48;2;249;249;251m[38;2;249;249;251m  [48;2;252;252;251m[38;2;237;234;253m│[48;2;123;111;183m[38;2;241;241;239m▊[48;2;37;2;184m[38;2;37;2;184m  [48;2;38;3;183m[38;2;38;3;183m          [0m
[48;2;38;3;183m[38;2;38;3;183m                                    [48;2;41;11;180m[38;2;0;0;0m [48;2;225;217;240m[38;2;58;31;183m▆[48;2;249;249;251m[38;2;231;231;233m▌[38;2;255;255;255m▌[48;2;250;250;252m[38;2;250;250;252m  [48;2;168;160;201m[38;2;251;249;245m▊[48;2;69;49;182m[38;2;221;216;234m▂[48;2;250;250;252m[38;2;250;250;252m  [48;2;253;253;251m[38;2;238;235;254m│[48;2;124;112;184m[38;2;242;242;240m▊[48;2;37;2;184m[38;2;37;2;184m  [48;2;38;3;183m[38;2;38;3;183m          [0m
[48;2;38;3;185m[38;2;38;3;185m                                    [48;2;40;5;185m[38;2;40;5;185m  [48;2;218;215;224m[38;2;55;32;180m▆[48;2;235;231;243m[38;2;74;54;172m▂[48;2;250;250;252m[38;2;250;250;252m      [48;2;240;239;244m[38;2;0;0;0m [48;2;199;194;225m[38;2;49;32;163m▂[48;2;38;3;185m[38;2;38;3;185m            [0m
[48;2;38;3;185m[38;2;38;3;185m                                      [48;2;35;2;178m[38;2;46;11;189m▄[48;2;46;11;189m[38;2;35;2;178m▄[48;2;206;202;219m[38;2;65;42;183m▆[48;2;250;249;244m[38;2;225;222;231m▎[48;2;247;240;241m[38;2;0;0;0m [48;2;238;236;235m[38;2;217;90;130m▂[48;2;242;233;235m[38;2;209;119;147m▂[48;2;249;245;245m[38;2;0;0;0m [48;2;162;148;209m[38;2;250;245;250m▊[48;2;41;6;195m[38;2;34;9;162m▌[48;2;38;3;185m[38;2;38;3;185m            [0m
[48;2;38;3;185m[38;2;38;3;185m                                        [48;2;47;13;190m[38;2;0;0;0m [48;2;196;184;220m[38;2;42;13;172m▆[48;2;240;194;194m[38;2;208;73;100m▆[48;2;220;78;107m[38;2;183;59;82m▗[48;2;204;72;113m[38;2;70;17;150m▂[48;2;236;208;196m[38;2;208;79;105m▆[48;2;196;177;199m[38;2;185;72;100m▆[48;2;47;10;173m[38;2;188;70;125m▂[48;2;43;7;174m[38;2;137;38;108m▂[48;2;36;2;190m[38;2;52;8;173m▖[48;2;38;3;185m[38;2;38;3;185m          [0m
[48;2;38;3;185m[38;2;38;3;185m                                    [48;2;39;4;184m[38;2;39;4;184m  [48;2;39;9;163m[38;2;12;2;47m▃[48;2;34;12;120m[38;2;7;3;12m▅[48;2;34;9;135m[38;2;6;1;9m▆[48;2;45;21;146m[38;2;15;9;17m▆[48;2;194;63;93m[38;2;21;15;7m▂▂[48;2;73;30;74m[38;2;185;69;87m━[48;2;164;60;84m[38;2;23;14;17m▆[48;2;217;74;98m[38;2;51;18;26m▃▃[48;2;188;67;90m[38;2;28;6;19m▂[48;2;71;27;84m[38;2;157;63;111m━[48;2;36;3;169m[38;2;36;23;64m▂[48;2;36;0;189m[38;2;36;4;165m▖[48;2;38;3;185m[38;2;38;3;185m        [0m
[48;2;38;3;185m[38;2;38;3;185m                                    [48;2;38;3;183m[38;2;38;3;183m  [48;2;30;22;47m[38;2;31;1;166m▆[48;2;15;8;31m[38;2;35;4;169m▂[48;2;8;3;24m[38;2;39;10;180m▂▂▂▂▂▂▂▂[48;2;14;8;25m[38;2;36;4;171m▂[48;2;11;4;27m[38;2;34;3;167m▃[48;2;37;16;109m[38;2;37;3;178m▆[48;2;37;1;184m[38;2;37;3;172m▘[48;2;38;3;185m[38;2;38;3;185m        [0m
[48;2;40;2;185m[38;2;40;2;185m                                                            [0m
[48;2;40;2;185m[38;2;40;2;185m                                                            [0m
