[48;2;1;1;1m[38;2;1;1;1m                                                            [0m
[48;2;1;1;1m[38;2;1;1;1m                                                            [0m
[48;2;1;1;1m[38;2;1;1;1m                                                            [0m
[48;2;1;1;1m[38;2;1;1;1m                                                            [0m
[48;2;1;1;1m[38;2;1;1;1m                            [48;2;1;1;3m[38;2;1;1;3m  [48;2;1;1;1m[38;2;1;1;1m      [48;2;1;1;3m[38;2;1;1;3m  [48;2;1;1;1m[38;2;1;1;1m                      [0m
[48;2;1;1;1m[38;2;1;1;1m                        [48;2;2;2;4m[38;2;2;2;4m  [48;2;1;1;3m[38;2;1;1;3m  [48;2;3;1;6m[38;2;3;1;6m  [48;2;2;0;3m[38;2;2;0;3m  [48;2;1;1;3m[38;2;1;1;3m  [48;2;3;1;4m[38;2;3;1;4m  [48;2;15;13;16m[38;2;0;0;0m [48;2;17;15;18m[38;2;202;200;203m▄[48;2;10;9;11m[38;2;221;219;222m▄▄[48;2;13;11;14m[38;2;221;219;221m▄[48;2;33;32;34m[38;2;205;203;206m▃[48;2;3;1;4m[38;2;3;1;4m  [48;2;1;1;1m[38;2;1;1;1m      [48;2;3;1;6m[38;2;3;1;6m  [48;2;1;1;3m[38;2;1;1;3m  [48;2;1;1;1m[38;2;1;1;1m      [0m
[48;2;1;1;1m[38;2;1;1;1m                    [48;2;1;1;3m[38;2;1;1;3m  [48;2;152;49;73m[38;2;28;14;10m▄[48;2;64;22;26m[38;2;155;62;83m▃[48;2;21;6;2m[38;2;184;63;90m▄[48;2;204;74;104m[38;2;121;41;55m▘[48;2;17;5;8m[38;2;90;42;58m▎[48;2;4;1;1m[38;2;7;19;15m▎[48;2;3;1;6m[38;2;3;1;6m  [48;2;1;1;3m[38;2;1;1;3m  [48;2;3;1;4m[38;2;3;1;4m  [48;2;1;0;2m[38;2;12;10;13m│[48;2;77;75;78m[38;2;7;5;8m▊[48;2;163;161;164m[38;2;236;234;236m▇[48;2;250;248;250m[38;2;235;233;236m╺[48;2;246;237;236m[38;2;0;0;0m [48;2;250;239;240m[38;2;202;97;128m▄[48;2;221;213;212m[38;2;178;77;107m▄[48;2;95;92;88m[38;2;17;10;8m▇[48;2;3;1;4m[38;2;3;1;4m  [48;2;1;1;1m[38;2;1;1;1m  [48;2;1;1;3m[38;2;1;1;3m    [48;2;3;1;6m[38;2;3;1;6m  [48;2;1;1;3m[38;2;1;1;3m  [48;2;1;1;1m[38;2;1;1;1m      [0m
[48;2;1;1;1m[38;2;1;1;1m                    [48;2;1;1;3m[38;2;1;1;3m  [48;2;4;2;3m[38;2;4;2;3m  [48;2;175;65;80m[38;2;200;175;185m▄[48;2;213;80;104m[38;2;241;233;237m▄[48;2;38;33;36m[38;2;226;220;224m▄[48;2;30;24;28m[38;2;0;0;0m [48;2;3;1;4m[38;2;3;1;4m  [48;2;1;1;3m[38;2;1;1;3m  [48;2;1;0;2m[38;2;7;5;8m▃▃[48;2;18;14;17m[38;2;0;0;0m [48;2;39;35;38m[38;2;214;210;213m▄[48;2;240;234;236m[38;2;255;252;254m┃[48;2;217;211;213m[38;2;247;241;243m▊[48;2;201;105;122m[38;2;215;64;99m▆[48;2;60;23;21m[38;2;183;65;89m▄[48;2;110;32;46m[38;2;219;72;100m▊[48;2;5;8;12m[38;2;26;12;12m▎[48;2;4;2;5m[38;2;4;2;5m  [48;2;1;1;3m[38;2;1;1;3m  [48;2;3;1;6m[38;2;3;1;6m    [48;2;6;5;4m[38;2;16;22;20m╷[48;2;10;4;3m[38;2;97;28;51m▗[48;2;13;4;7m[38;2;196;66;91m▄[48;2;34;11;14m[38;2;186;77;94m▖[48;2;1;1;1m[38;2;1;1;1m      [0m
[48;2;1;1;1m[38;2;1;1;1m                    [48;2;2;2;4m[38;2;2;2;4m  [48;2;3;1;6m[38;2;3;1;6m  [48;2;186;182;186m[38;2;23;19;22m▄[48;2;222;218;221m[38;2;0;0;0m [48;2;250;248;250m[38;2;233;231;234m▁[48;2;214;212;215m[38;2;248;246;249m▆[48;2;47;43;46m[38;2;221;216;220m▄[48;2;30;25;29m[38;2;0;0;0m [48;2;12;10;13m[38;2;58;56;59m▁[48;2;17;15;18m[38;2;211;209;212m▄[48;2;159;157;160m[38;2;240;238;241m▇[48;2;171;169;172m[38;2;249;247;249m▇[48;2;184;184;186m[38;2;244;244;245m▇[48;2;250;250;251m[38;2;0;0;0m [48;2;241;238;235m [48;2;243;219;224m[38;2;216;98;133m▄[48;2;212;72;98m[38;2;212;72;98m  [48;2;217;122;142m[38;2;210;72;97m▊[48;2;236;244;245m[38;2;232;199;206m▎[48;2;227;222;226m[38;2;0;0;0m [48;2;24;20;23m[38;2;201;197;200m▄[48;2;3;1;6m[38;2;12;10;15m▃[48;2;12;10;15m[38;2;3;1;6m▅[48;2;4;2;7m[38;2;4;2;7m  [48;2;35;29;31m[38;2;0;0;0m [48;2;53;30;37m[38;2;224;204;212m▄[48;2;159;54;69m[38;2;216;69;98m▇[48;2;187;69;89m[38;2;0;0;0m [48;2;43;17;21m[38;2;198;69;108m▘[48;2;8;3;2m[38;2;8;6;2m▄[48;2;1;1;1m[38;2;1;1;1m      [0m
[48;2;1;1;1m[38;2;1;1;1m                [48;2;2;0;3m[38;2;2;0;3m  [48;2;3;1;4m[38;2;3;1;4m  [48;2;3;1;6m[38;2;3;1;6m    [48;2;5;3;6m[38;2;5;3;6m  [48;2;230;228;231m[38;2;121;119;122m▎[48;2;248;246;248m[38;2;189;187;190m▁[48;2;250;250;251m[38;2;240;240;242m▃[48;2;241;241;243m[38;2;251;251;252m▄[38;2;252;252;253m▄▄[48;2;250;250;252m[38;2;250;250;252m    [48;2;252;248;249m[38;2;244;240;241m┃[48;2;226;222;223m[38;2;255;253;254m▌[48;2;221;122;136m[38;2;192;67;90m┃[48;2;246;247;250m[38;2;246;216;222m▎[48;2;249;249;251m[38;2;249;249;251m  [48;2;250;250;252m[38;2;250;250;252m  [48;2;226;225;227m[38;2;0;0;0m [48;2;28;27;29m[38;2;236;235;237m▄[48;2;25;24;26m▄[48;2;58;56;59m[38;2;239;238;240m▄[48;2;247;247;249m[38;2;247;247;249m  [48;2;248;247;249m[38;2;230;228;231m▁[48;2;57;55;58m[38;2;221;220;222m▊[48;2;1;1;3m[38;2;1;1;3m    [48;2;1;1;1m[38;2;1;1;1m    [0m
[48;2;1;1;1m[38;2;1;1;1m            [48;2;1;1;3m[38;2;1;1;3m  [48;2;3;1;6m[38;2;3;1;6m      [48;2;1;1;3m[38;2;1;1;3m  [48;2;1;1;1m[38;2;1;1;1m    [48;2;13;11;14m[38;2;3;1;4m▅▅[48;2;203;201;205m[38;2;12;11;15m▄[48;2;216;214;219m[38;2;13;12;16m▄[48;2;226;224;229m[38;2;15;13;18m▄▄[48;2;237;237;239m[38;2;156;156;158m▁[48;2;246;246;248m[38;2;0;0;0m [48;2;250;250;252m[38;2;250;250;252m    [48;2;249;249;251m[38;2;249;249;251m  [48;2;250;250;252m[38;2;250;250;252m  [48;2;249;249;251m[38;2;249;249;251m  [48;2;247;247;249m[38;2;156;156;158m▁▁[48;2;250;250;252m[38;2;250;250;252m  [48;2;240;239;241m[38;2;0;0;0m [48;2;242;240;242m[38;2;134;132;135m▗[48;2;53;52;52m[38;2;212;210;211m▘[48;2;8;7;7m[38;2;0;0;0m [48;2;1;1;1m[38;2;1;1;1m        [0m
[48;2;1;1;1m[38;2;1;1;1m            [48;2;3;1;6m[38;2;3;1;6m      [48;2;3;1;4m[38;2;3;1;4m  [48;2;1;1;3m[38;2;1;1;3m  [48;2;1;1;1m[38;2;1;1;1m    [48;2;3;1;6m[38;2;3;1;6m      [48;2;16;11;15m[38;2;0;0;0m [48;2;225;221;224m[38;2;45;40;44m▅[48;2;243;243;245m[38;2;239;239;241m▌[48;2;254;254;255m[38;2;250;250;252m▌[48;2;250;250;252m      [48;2;252;250;252m[38;2;244;242;245m┃[48;2;152;150;153m[38;2;243;242;244m▊[48;2;20;15;19m[38;2;8;4;7m▄[48;2;21;17;20m[38;2;0;0;0m [48;2;219;217;220m[38;2;7;5;8m▄▄[48;2;192;190;192m[38;2;30;28;31m▅[48;2;4;3;5m[38;2;11;9;12m│[48;2;1;1;1m[38;2;1;1;1m          [0m
[48;2;1;1;1m[38;2;1;1;1m            [48;2;1;1;3m[38;2;1;1;3m  [48;2;3;1;6m[38;2;3;1;6m  [48;2;2;0;3m[38;2;2;0;3m  [48;2;1;1;1m[38;2;1;1;1m  [48;2;3;1;6m[38;2;3;1;6m    [48;2;1;1;1m[38;2;1;1;1m        [48;2;13;11;14m[38;2;2;0;3m┃[48;2;48;46;49m[38;2;5;3;6m▊[48;2;231;229;232m[38;2;119;117;120m▁[48;2;255;254;255m[38;2;248;246;249m▄[48;2;250;250;252m[38;2;250;250;252m      [48;2;252;250;252m[38;2;244;242;245m┃[48;2;152;150;153m[38;2;243;242;244m▊[48;2;2;2;4m[38;2;2;2;4m  [48;2;1;1;1m[38;2;1;1;1m              [0m
[48;2;1;1;1m[38;2;1;1;1m              [48;2;2;0;3m[38;2;2;0;3m  [48;2;1;1;3m[38;2;1;1;3m    [48;2;3;1;6m[38;2;3;1;6m  [48;2;3;1;4m[38;2;3;1;4m  [48;2;1;1;3m[38;2;1;1;3m  [48;2;1;1;1m[38;2;1;1;1m    [48;2;1;1;3m[38;2;1;1;3m    [48;2;15;11;14m[38;2;0;0;0m [48;2;228;224;227m[38;2;42;38;41m▅[48;2;247;247;249m[38;2;247;247;249m  [48;2;250;250;252m[38;2;250;250;252m  [48;2;248;248;250m[38;2;248;248;250m  [48;2;230;226;229m[38;2;100;95;99m▁[48;2;205;200;204m[38;2;71;66;70m▅[48;2;13;11;12m[38;2;115;113;114m▁[48;2;1;0;0m[38;2;3;1;2m▄[48;2;1;1;1m[38;2;1;1;1m              [0m
[48;2;1;1;1m[38;2;1;1;1m                [48;2;3;1;4m[38;2;3;1;4m  [48;2;3;1;6m[38;2;3;1;6m  [48;2;2;0;3m[38;2;2;0;3m  [48;2;3;1;6m[38;2;3;1;6m  [48;2;2;0;3m[38;2;2;0;3m  [48;2;1;1;1m[38;2;1;1;1m    [48;2;3;1;6m[38;2;3;1;6m  [48;2;3;1;4m[38;2;3;1;4m  [48;2;2;0;5m[38;2;9;7;12m┃[48;2;36;34;39m[38;2;1;0;4m▊[48;2;232;227;231m[38;2;70;65;69m▅▅[48;2;236;231;235m[38;2;29;24;28m▅▅[48;2;234;229;232m[38;2;37;32;35m▅[48;2;200;195;198m[38;2;92;86;90m▅[48;2;61;59;62m[38;2;226;225;227m▅[48;2;250;248;251m[38;2;255;254;255m┏[48;2;235;233;235m[38;2;0;0;0m [48;2;22;21;23m[38;2;194;192;195m▅[48;2;1;1;1m[38;2;1;1;1m              [0m
[48;2;1;1;1m[38;2;1;1;1m                    [48;2;0;0;0m[38;2;0;0;0m  [48;2;1;1;3m[38;2;1;1;3m  [48;2;1;1;1m[38;2;1;1;1m    [48;2;2;0;3m[38;2;2;0;3m  [48;2;1;1;3m[38;2;1;1;3m  [48;2;3;1;6m[38;2;3;1;6m  [48;2;1;0;4m[38;2;13;11;16m│[48;2;78;76;81m[38;2;7;6;10m▊[48;2;239;237;239m[38;2;239;237;239m▄[48;2;183;181;184m[38;2;250;248;251m▊[48;2;26;20;24m[38;2;129;123;127m▂[48;2;27;21;25m[38;2;171;166;169m▅[48;2;125;119;121m[38;2;43;38;39m▊[48;2;233;228;230m[38;2;110;104;106m▁[48;2;250;250;252m[38;2;250;250;252m  [48;2;252;251;253m[38;2;245;243;246m┃[48;2;153;151;154m[38;2;244;242;245m▊[48;2;1;0;0m[38;2;6;4;5m▃[38;2;8;6;7m━[48;2;1;1;1m[38;2;1;1;1m            [0m
[48;2;1;1;1m[38;2;1;1;1m                        [48;2;1;1;3m[38;2;1;1;3m  [48;2;3;1;6m[38;2;3;1;6m  [48;2;2;0;3m[38;2;2;0;3m  [48;2;3;1;6m[38;2;3;1;6m    [48;2;3;0;2m[38;2;7;2;6m▄[48;2;56;51;55m[38;2;222;218;222m▅[48;2;249;249;251m[38;2;249;249;251m  [48;2;178;173;177m[38;2;247;243;246m▊[48;2;51;46;50m[38;2;167;162;166m▁[48;2;205;199;203m[38;2;88;82;86m▁[48;2;98;92;96m[38;2;24;19;22m▊[48;2;244;242;245m[38;2;240;238;241m▌[48;2;255;253;255m[38;2;251;249;252m▌[48;2;250;250;252m[38;2;250;250;252m  [48;2;111;109;110m[38;2;240;238;239m▊[48;2;1;0;0m[38;2;25;23;24m▎[48;2;1;1;1m[38;2;1;1;1m            [0m
[48;2;1;1;1m[38;2;1;1;1m                    [48;2;2;0;3m[38;2;2;0;3m  [48;2;1;1;1m[38;2;1;1;1m  [48;2;3;1;6m[38;2;3;1;6m    [48;2;2;0;3m[38;2;2;0;3m  [48;2;3;1;4m[38;2;3;1;4m  [48;2;3;1;6m[38;2;3;1;6m  [48;2;68;63;67m[38;2;8;3;7m▊[48;2;251;246;250m[38;2;192;187;191m▎[48;2;250;250;252m[38;2;250;250;252m  [48;2;255;255;255m[38;2;244;244;246m▌[48;2;173;173;175m[38;2;245;245;246m▊[48;2;20;15;18m[38;2;0;0;0m [48;2;45;39;43m[38;2;191;185;189m▁[48;2;247;247;249m[38;2;247;247;249m  [48;2;250;250;252m[38;2;250;250;252m  [48;2;111;109;110m[38;2;240;238;239m▊[48;2;1;0;0m[38;2;25;23;24m▎[48;2;1;1;1m[38;2;1;1;1m            [0m
[48;2;1;1;1m[38;2;1;1;1m                  [48;2;1;1;3m[38;2;1;1;3m  [48;2;2;0;3m[38;2;2;0;3m  [48;2;1;1;3m[38;2;1;1;3m  [48;2;3;1;6m[38;2;3;1;6m    [48;2;1;1;3m[38;2;1;1;3m    [48;2;3;1;6m[38;2;3;1;6m  [48;2;70;65;69m[38;2;10;5;9m▊[48;2;252;248;252m[38;2;194;189;193m▎[48;2;250;250;252m[38;2;250;250;252m  [48;2;252;252;253m[38;2;245;245;247m▎[48;2;246;246;247m[38;2;218;218;220m▝[48;2;80;78;81m[38;2;240;239;241m▅[48;2;243;241;244m[38;2;0;0;0m [48;2;250;250;252m[38;2;250;250;252m    [48;2;110;108;109m[38;2;239;237;238m▊[48;2;1;0;0m[38;2;24;22;23m▎[48;2;1;1;1m[38;2;1;1;1m            [0m
[48;2;1;1;1m[38;2;1;1;1m                  [48;2;2;0;3m[38;2;2;0;3m    [48;2;3;1;6m[38;2;3;1;6m      [48;2;2;0;3m[38;2;2;0;3m  [48;2;1;1;1m[38;2;1;1;1m  [48;2;1;1;3m[38;2;1;1;3m  [48;2;70;65;69m[38;2;10;5;9m▊[48;2;252;248;252m[38;2;194;189;193m▎[48;2;250;250;252m[38;2;250;250;252m          [48;2;236;234;237m[38;2;0;0;0m [48;2;81;79;82m[38;2;231;229;232m┓[48;2;1;1;1m[38;2;1;1;1m            [0m
[48;2;4;2;10m[38;2;23;2;126m▂▂▂▂▂▂▂▂▂▂▂▂▂▂▂▂▂▂[48;2;5;3;12m[38;2;24;2;129m▂▂[48;2;4;2;10m[38;2;23;2;126m▂▂[48;2;5;3;12m[38;2;24;2;129m▂▂▂▂▂▂[48;2;4;2;10m[38;2;23;2;126m▂▂▂▂[48;2;4;2;11m[38;2;23;1;128m▂▂[48;2;13;9;15m[38;2;32;8;131m▂[48;2;223;219;224m[38;2;56;45;90m▆[48;2;248;248;250m[38;2;248;248;250m  [48;2;250;250;252m[38;2;250;250;252m        [48;2;239;238;243m[38;2;251;250;253m▌[48;2;102;101;106m[38;2;248;247;251m▊[48;2;4;2;11m[38;2;23;1;128m▂▂[48;2;4;2;10m[38;2;23;2;126m▂▂▂▂▂▂▂▂▂▂[0m
[48;2;38;3;183m[38;2;38;3;183m                                  [48;2;39;4;184m[38;2;39;4;184m  [48;2;225;221;238m[38;2;67;44;185m▆[48;2;241;239;241m[38;2;0;0;0m [48;2;250;250;252m[38;2;250;250;252m        [48;2;251;250;253m[38;2;236;235;240m┛[48;2;239;238;241m[38;2;0;0;0m [48;2;108;86;196m[38;2;228;222;236m┓[48;2;36;8;173m[38;2;38;6;198m┃[48;2;38;3;183m[38;2;38;3;183m          [0m
[48;2;38;3;183m[38;2;38;3;183m                                    [48;2;41;13;182m[38;2;64;31;206m╶[48;2;227;218;246m[38;2;53;24;180m▆[48;2;238;237;237m[38;2;76;58;181m▂[48;2;245;244;248m[38;2;0;0;0m [48;2;250;250;252m[38;2;250;250;252m        [48;2;95;72;186m[38;2;244;239;239m▊[48;2;37;6;188m[38;2;37;6;188m▄[48;2;38;3;183m[38;2;38;3;183m          [0m
[48;2;38;3;185m[38;2;38;3;185m                                      [48;2;40;11;179m[38;2;0;0;0m [48;2;224;213;246m[38;2;59;34;181m▆[48;2;237;237;237m[38;2;78;61;183m▂[48;2;244;243;248m[38;2;0;0;0m [48;2;246;245;250m[38;2;253;252;254m▅[48;2;244;243;248m[38;2;231;230;235m▗[48;2;240;239;242m[38;2;78;65;168m▂[48;2;247;245;248m[38;2;0;0;0m [48;2;250;250;252m[38;2;250;250;252m  [48;2;237;235;240m[38;2;0;0;0m [48;2;61;40;177m[38;2;193;188;221m▆[48;2;38;3;185m[38;2;38;3;185m          [0m
[48;2;38;3;185m[38;2;38;3;185m                                        [48;2;93;75;191m[38;2;35;8;179m▊[48;2;231;227;238m[38;2;73;58;171m▂[48;2;248;241;246m[38;2;0;0;0m [48;2;212;209;213m[38;2;212;84;130m▂[48;2;54;17;187m[38;2;151;57;95m▂[48;2;211;202;228m[38;2;66;41;182m▆[48;2;236;236;235m[38;2;84;66;189m▂[48;2;247;245;248m[38;2;0;0;0m [48;2;248;247;250m[38;2;248;247;250m▄[48;2;82;67;162m[38;2;246;245;242m▊[48;2;37;2;184m[38;2;37;2;184m  [48;2;38;3;185m[38;2;38;3;185m        [0m
[48;2;38;3;185m[38;2;38;3;185m                                        [48;2;38;4;181m[38;2;25;0;168m▘[48;2;43;8;186m[38;2;56;21;199m▝[48;2;228;174;172m[38;2;213;77;103m▆[48;2;216;76;103m[38;2;0;0;0m [48;2;129;52;104m[38;2;208;78;107m▊[48;2;60;14;159m[38;2;28;1;186m┃[48;2;73;34;156m[38;2;187;70;100m▂[48;2;238;207;211m[38;2;212;87;117m▆[48;2;237;231;234m[38;2;214;85;115m▂[48;2;113;65;165m[38;2;221;188;189m▊[48;2;38;3;185m[38;2;38;3;185m          [0m
[48;2;38;3;185m[38;2;38;3;185m                                      [48;2;35;2;176m[38;2;32;2;149m▗[48;2;43;11;169m[38;2;21;6;63m▃[48;2;47;8;150m[38;2;16;11;12m▆[48;2;51;16;73m[38;2;188;58;88m▂[48;2;209;67;93m[38;2;220;78;104m▄[48;2;220;78;104m[38;2;209;67;93m▄[48;2;87;33;54m[38;2;198;72;106m┛[48;2;55;16;94m[38;2;12;6;14m▆[48;2;166;62;84m[38;2;30;13;9m▆[48;2;200;68;100m[38;2;66;24;27m▂[48;2;207;67;94m[38;2;218;78;105m▄▄[48;2;67;28;159m[38;2;177;71;78m▆[48;2;41;11;93m[38;2;169;62;94m▂[48;2;36;5;158m[38;2;36;26;58m▁[48;2;36;0;186m[38;2;36;1;182m▄[48;2;38;3;185m[38;2;38;3;185m      [0m
[48;2;38;3;185m[38;2;38;3;185m                                      [48;2;36;1;181m[38;2;36;4;165m▁[48;2;36;19;87m[38;2;36;2;171m▅[48;2;19;10;28m[38;2;44;13;181m▂[48;2;135;45;72m[38;2;26;7;81m▆[48;2;147;47;73m[38;2;27;9;80m▆▆[48;2;8;3;24m[38;2;39;10;180m▂▂[48;2;11;4;24m[38;2;42;10;181m▂▂[48;2;167;48;81m[38;2;24;10;81m▆▆[48;2;58;21;47m[38;2;53;10;192m▂[48;2;59;21;69m[38;2;39;3;163m▂[48;2;37;16;109m[38;2;37;3;178m▆[48;2;37;1;184m[38;2;37;3;172m▘[48;2;38;3;185m[38;2;38;3;185m      [0m
[48;2;40;2;185m[38;2;40;2;185m                                                            [0m
[48;2;40;2;185m[38;2;40;2;185m                                                            [0m
