[48;2;1;1;1m[38;2;1;1;1m                                                            [0m
[48;2;1;1;1m[38;2;1;1;1m                                                            [0m
[48;2;1;1;1m[38;2;1;1;1m                                                            [0m
[48;2;1;1;1m[38;2;1;1;1m                                                            [0m
[48;2;1;1;1m[38;2;1;1;1m                          [48;2;42;14;18m[38;2;164;62;92m▂[48;2;19;10;9m[38;2;0;0;0m [48;2;1;1;3m[38;2;1;1;3m  [48;2;1;1;1m[38;2;1;1;1m      [48;2;2;1;1m[38;2;12;10;11m▃▃▃▃[48;2;2;2;2m[38;2;2;2;2m  [48;2;1;1;1m[38;2;1;1;1m                  [0m
[48;2;1;1;1m[38;2;1;1;1m                        [48;2;9;2;6m[38;2;19;10;16m━[48;2;187;68;86m[38;2;69;20;24m▎[48;2;196;56;82m[38;2;215;75;101m▆▆[48;2;16;4;9m[38;2;89;40;59m▎[48;2;4;1;2m[38;2;6;18;16m▎[48;2;2;0;3m[38;2;2;0;3m  [48;2;1;1;3m[38;2;1;1;3m  [48;2;1;0;4m[38;2;6;4;9m▖[48;2;7;6;10m[38;2;29;27;32m▝[48;2;200;195;199m[38;2;57;53;56m▄[48;2;137;132;136m[38;2;238;234;237m▇[48;2;122;120;123m[38;2;245;243;245m▇▇[48;2;131;126;130m[38;2;234;230;234m▇[48;2;37;33;36m[38;2;214;209;213m▃[48;2;3;1;4m[38;2;3;1;4m  [48;2;1;1;1m[38;2;1;1;1m      [48;2;3;1;6m[38;2;3;1;6m  [48;2;1;1;3m[38;2;1;1;3m  [48;2;1;1;1m[38;2;1;1;1m      [0m
[48;2;1;1;1m[38;2;1;1;1m                    [48;2;2;0;3m[38;2;2;0;3m  [48;2;1;1;1m[38;2;1;1;1m  [48;2;14;10;11m[38;2;4;1;1m▅▅[48;2;177;73;103m[38;2;212;183;188m▄[48;2;235;226;224m[38;2;0;0;0m [48;2;43;39;42m[38;2;220;216;219m▄[48;2;25;20;24m[38;2;0;0;0m [48;2;1;1;3m[38;2;1;1;3m  [48;2;3;1;4m[38;2;3;1;4m  [48;2;3;1;6m[38;2;3;1;6m  [48;2;45;17;20m[38;2;7;9;2m▊[48;2;178;69;100m[38;2;30;10;12m▃[48;2;219;145;154m[38;2;198;68;96m▇[48;2;209;100;121m[38;2;62;22;22m▄[48;2;246;239;229m[38;2;209;110;129m▄[48;2;150;152;167m[38;2;239;229;239m▊[48;2;4;2;7m[38;2;20;18;23m▌[48;2;7;5;10m[38;2;1;0;4m▊[48;2;1;1;1m[38;2;1;1;1m  [48;2;1;1;3m[38;2;1;1;3m    [48;2;3;1;6m[38;2;3;1;6m  [48;2;1;1;3m[38;2;1;1;3m  [48;2;1;1;1m[38;2;1;1;1m      [0m
[48;2;1;1;1m[38;2;1;1;1m                    [48;2;1;1;3m[38;2;1;1;3m    [48;2;1;1;1m[38;2;1;1;1m  [48;2;237;235;238m[38;2;127;125;128m▎[48;2;252;250;253m[38;2;237;235;238m│[48;2;223;221;224m[38;2;251;250;252m▊[48;2;57;55;58m[38;2;221;219;221m▄[48;2;5;3;4m[38;2;48;46;47m▖[48;2;7;5;6m[38;2;17;15;16m▁[48;2;1;0;2m[38;2;19;17;20m▂[48;2;9;7;10m[38;2;29;27;30m▂[48;2;14;12;15m[38;2;225;223;226m▄▄[48;2;32;20;26m[38;2;219;207;213m▄[48;2;167;29;54m[38;2;218;80;105m▇[48;2;213;71;97m[38;2;213;71;97m  [48;2;221;122;143m[38;2;215;72;99m▊[48;2;145;143;154m[38;2;240;232;236m▊[48;2;2;1;3m[38;2;13;11;14m▄▄[48;2;3;3;5m[38;2;3;3;5m  [48;2;3;1;6m[38;2;3;1;6m  [48;2;21;3;9m[38;2;6;6;8m▅[48;2;7;3;5m[38;2;62;38;48m▗[48;2;16;5;11m[38;2;192;57;83m▄[48;2;35;14;21m[38;2;160;66;76m▃[48;2;1;1;1m[38;2;1;1;1m        [0m
[48;2;1;1;1m[38;2;1;1;1m                    [48;2;2;2;4m[38;2;2;2;4m  [48;2;3;1;6m[38;2;3;1;6m  [48;2;1;1;3m[38;2;1;1;3m  [48;2;58;56;59m[38;2;10;8;11m▇[48;2;201;199;202m[38;2;20;18;21m▄[48;2;229;227;230m[38;2;0;0;0m [48;2;247;245;248m [48;2;255;254;255m[38;2;243;241;244m▄▄▄▄[48;2;250;250;252m[38;2;250;250;252m  [48;2;244;240;236m[38;2;0;0;0m [48;2;213;94;129m[38;2;243;216;220m▄[48;2;210;83;110m[38;2;0;0;0m [48;2;214;72;104m[38;2;242;226;217m▄[48;2;196;94;124m[38;2;246;237;237m▄[48;2;250;243;242m[38;2;0;0;0m [48;2;255;254;255m[38;2;243;241;244m▄▄[48;2;161;156;160m[38;2;231;227;231m▇[48;2;19;14;18m[38;2;199;194;198m▄[48;2;11;9;14m[38;2;0;0;0m [48;2;28;27;31m [48;2;59;29;34m[38;2;226;235;227m▄[48;2;191;70;105m[38;2;239;201;210m▄[48;2;216;90;119m[38;2;0;0;0m [48;2;154;84;95m[38;2;221;194;191m┓[48;2;1;1;1m[38;2;1;1;1m        [0m
[48;2;1;1;1m[38;2;1;1;1m                [48;2;2;0;3m[38;2;2;0;3m  [48;2;3;1;4m[38;2;3;1;4m  [48;2;3;1;6m[38;2;3;1;6m    [48;2;2;0;3m[38;2;2;0;3m  [48;2;1;1;1m[38;2;1;1;1m  [48;2;14;13;15m[38;2;0;0;0m [48;2;199;198;200m[38;2;15;13;16m▄[48;2;232;231;233m[38;2;28;27;29m▄[48;2;235;233;235m[38;2;165;163;166m▁[48;2;250;250;252m[38;2;250;250;252m    [48;2;253;252;254m[38;2;247;245;248m▃[48;2;245;243;246m[38;2;232;230;233m▝[48;2;208;109;138m[38;2;246;240;239m▄[48;2;246;242;239m[38;2;0;0;0m [48;2;250;250;252m[38;2;250;250;252m      [48;2;208;206;209m[38;2;249;247;249m▇▇[48;2;249;249;251m[38;2;249;249;251m  [48;2;211;210;212m[38;2;0;0;0m [48;2;51;50;52m[38;2;228;226;228m▘[48;2;1;1;3m[38;2;1;1;3m    [48;2;1;1;1m[38;2;1;1;1m    [0m
[48;2;1;1;1m[38;2;1;1;1m            [48;2;1;1;3m[38;2;1;1;3m  [48;2;3;1;6m[38;2;3;1;6m      [48;2;1;1;3m[38;2;1;1;3m  [48;2;1;1;1m[38;2;1;1;1m    [48;2;3;1;4m[38;2;3;1;4m  [48;2;1;1;3m[38;2;1;1;3m  [48;2;1;0;2m[38;2;9;7;10m▎[48;2;22;20;23m[38;2;5;3;6m▌[48;2;223;221;224m[38;2;0;0;0m [48;2;246;244;246m [48;2;250;250;252m[38;2;250;250;252m        [48;2;249;249;251m[38;2;249;249;251m  [48;2;246;245;247m[38;2;155;153;156m▁▁[48;2;245;243;245m[38;2;159;157;160m▁[48;2;241;240;242m[38;2;143;141;144m▗[48;2;218;216;219m[38;2;15;13;16m▄[48;2;184;182;185m[38;2;13;11;14m▄[48;2;2;2;2m[38;2;2;2;2m  [48;2;1;1;1m[38;2;1;1;1m        [0m
[48;2;1;1;1m[38;2;1;1;1m            [48;2;3;1;6m[38;2;3;1;6m      [48;2;3;1;4m[38;2;3;1;4m  [48;2;1;1;3m[38;2;1;1;3m  [48;2;1;1;1m[38;2;1;1;1m    [48;2;3;1;6m[38;2;3;1;6m      [48;2;53;51;54m[38;2;6;5;7m▊[48;2;247;245;248m[38;2;176;174;177m▎[48;2;250;250;252m[38;2;250;250;252m        [48;2;252;250;252m[38;2;244;242;245m┃[48;2;152;150;153m[38;2;243;242;244m▊[48;2;6;4;7m[38;2;6;4;7m  [48;2;3;3;3m[38;2;3;3;3m  [48;2;1;1;1m[38;2;1;1;1m            [0m
[48;2;1;1;1m[38;2;1;1;1m            [48;2;1;1;3m[38;2;1;1;3m  [48;2;3;1;6m[38;2;3;1;6m  [48;2;2;0;3m[38;2;2;0;3m  [48;2;1;1;1m[38;2;1;1;1m  [48;2;3;1;6m[38;2;3;1;6m    [48;2;1;1;1m[38;2;1;1;1m        [48;2;43;41;44m[38;2;5;3;6m▊[48;2;224;223;225m[38;2;115;113;116m▁[48;2;249;249;251m[38;2;249;249;251m  [48;2;250;250;252m[38;2;250;250;252m      [48;2;192;188;191m[38;2;245;241;244m▊[48;2;213;208;212m[38;2;33;29;32m▅[48;2;1;1;3m[38;2;1;1;3m  [48;2;1;1;1m[38;2;1;1;1m              [0m
[48;2;1;1;1m[38;2;1;1;1m              [48;2;2;0;3m[38;2;2;0;3m  [48;2;1;1;3m[38;2;1;1;3m    [48;2;3;1;6m[38;2;3;1;6m  [48;2;3;1;4m[38;2;3;1;4m  [48;2;1;1;3m[38;2;1;1;3m  [48;2;1;1;1m[38;2;1;1;1m    [48;2;1;1;3m[38;2;1;1;3m  [48;2;1;0;2m[38;2;6;4;7m│[48;2;65;63;66m[38;2;7;6;8m▊[48;2;255;255;255m[38;2;236;236;238m▌[48;2;252;252;253m[38;2;244;244;246m┃[48;2;250;250;252m[38;2;250;250;252m    [48;2;248;248;250m[38;2;248;248;250m  [48;2;119;117;118m[38;2;219;217;218m▊[48;2;6;4;5m[38;2;29;28;28m▎[48;2;1;1;3m[38;2;1;1;3m  [48;2;1;1;1m[38;2;1;1;1m              [0m
[48;2;1;1;1m[38;2;1;1;1m                [48;2;3;1;4m[38;2;3;1;4m  [48;2;3;1;6m[38;2;3;1;6m  [48;2;2;0;3m[38;2;2;0;3m  [48;2;3;1;6m[38;2;3;1;6m  [48;2;2;0;3m[38;2;2;0;3m  [48;2;1;1;1m[38;2;1;1;1m    [48;2;3;1;6m[38;2;3;1;6m  [48;2;4;2;7m[38;2;1;0;4m▊[48;2;14;12;17m[38;2;9;7;12m▌[48;2;221;216;220m[38;2;77;73;76m▅[48;2;235;231;234m[38;2;75;70;74m▁[48;2;242;238;242m[38;2;78;73;77m▁▁[48;2;239;236;237m[38;2;95;91;92m▁[48;2;238;234;235m[38;2;137;133;134m▂[48;2;229;224;228m[38;2;80;74;78m▅[48;2;210;205;209m[38;2;91;85;89m▅[48;2;28;24;27m[38;2;207;202;206m▅[48;2;18;14;17m[38;2;158;153;157m▁[48;2;1;1;1m[38;2;1;1;1m                [0m
[48;2;1;1;1m[38;2;1;1;1m                    [48;2;0;0;0m[38;2;0;0;0m  [48;2;1;1;3m[38;2;1;1;3m  [48;2;1;1;1m[38;2;1;1;1m    [48;2;2;0;3m[38;2;2;0;3m  [48;2;1;1;3m[38;2;1;1;3m  [48;2;1;0;2m[38;2;7;5;8m│[48;2;66;64;67m[38;2;8;6;9m▊[48;2;206;201;205m[38;2;242;238;242m╋[48;2;45;40;44m[38;2;218;214;217m▅[48;2;13;11;14m[38;2;0;0;0m [48;2;15;13;16m[38;2;131;129;132m▁[48;2;3;0;2m[38;2;11;6;10m▄[48;2;48;44;47m[38;2;227;223;226m▅[48;2;248;248;250m[38;2;248;248;250m  [48;2;255;254;255m[38;2;253;251;254m▌[48;2;164;162;165m[38;2;240;238;241m▊[48;2;1;0;2m[38;2;8;6;9m▃[38;2;10;8;11m━[48;2;1;1;1m[38;2;1;1;1m              [0m
[48;2;1;1;1m[38;2;1;1;1m                        [48;2;1;1;3m[38;2;1;1;3m  [48;2;3;1;6m[38;2;3;1;6m  [48;2;2;0;3m[38;2;2;0;3m  [48;2;3;1;6m[38;2;3;1;6m  [48;2;3;0;4m[38;2;9;4;10m│[48;2;68;63;69m[38;2;10;6;11m▊[48;2;247;247;248m[38;2;222;222;224m▎[48;2;222;222;224m[38;2;247;247;248m▊[48;2;56;50;54m[38;2;219;215;218m▅[48;2;199;194;197m[38;2;55;49;53m▅[48;2;55;49;53m[38;2;207;201;205m▅[48;2;221;216;220m[38;2;53;48;51m▅[48;2;243;243;245m[38;2;239;239;241m▌[48;2;254;254;255m[38;2;250;250;252m▌[48;2;250;250;252m  [48;2;238;236;239m[38;2;0;0;0m [48;2;31;29;32m[38;2;197;195;198m▅[48;2;0;0;0m[38;2;0;0;0m  [48;2;1;1;1m[38;2;1;1;1m            [0m
[48;2;1;1;1m[38;2;1;1;1m                    [48;2;2;0;3m[38;2;2;0;3m  [48;2;1;1;1m[38;2;1;1;1m  [48;2;3;1;6m[38;2;3;1;6m    [48;2;2;0;3m[38;2;2;0;3m  [48;2;3;1;4m[38;2;3;1;4m  [48;2;3;1;6m[38;2;12;10;15m▃[48;2;12;10;15m[38;2;3;1;6m▅[48;2;207;202;206m[38;2;38;33;37m▅[48;2;247;243;247m[38;2;215;211;214m▎[48;2;239;238;240m[38;2;0;0;0m [48;2;64;62;65m[38;2;227;226;228m▅[48;2;197;188;193m[38;2;90;82;86m▅[48;2;64;55;60m[38;2;169;161;166m▅[48;2;223;217;219m[38;2;85;79;81m▅[48;2;234;229;231m[38;2;93;87;89m▁[48;2;250;250;252m[38;2;250;250;252m  [48;2;250;250;251m[38;2;234;234;236m╷[48;2;152;152;154m[38;2;243;243;245m▊[48;2;13;11;14m[38;2;153;151;154m▁[48;2;7;5;8m[38;2;0;0;0m [48;2;1;1;1m[38;2;1;1;1m            [0m
[48;2;1;1;1m[38;2;1;1;1m                  [48;2;1;1;3m[38;2;1;1;3m  [48;2;2;0;3m[38;2;2;0;3m  [48;2;1;1;3m[38;2;1;1;3m  [48;2;3;1;6m[38;2;3;1;6m    [48;2;1;1;3m[38;2;1;1;3m    [48;2;3;1;6m[38;2;3;1;6m  [48;2;53;48;54m[38;2;8;5;9m▊[48;2;236;232;237m[38;2;104;99;105m▂[48;2;249;249;251m[38;2;249;249;251m  [48;2;240;238;241m[38;2;0;0;0m [48;2;65;63;66m[38;2;240;239;241m▅[48;2;233;232;234m[38;2;0;0;0m [48;2;71;69;72m[38;2;244;243;245m▅[48;2;249;249;251m[38;2;249;249;251m  [48;2;250;250;252m[38;2;250;250;252m  [48;2;111;109;110m[38;2;240;238;239m▊[48;2;1;0;0m[38;2;25;23;24m▎[48;2;1;1;1m[38;2;1;1;1m            [0m
[48;2;1;1;1m[38;2;1;1;1m                  [48;2;2;0;3m[38;2;2;0;3m    [48;2;3;1;6m[38;2;3;1;6m      [48;2;2;0;3m[38;2;2;0;3m  [48;2;1;1;1m[38;2;1;1;1m  [48;2;1;1;3m[38;2;1;1;3m  [48;2;1;0;2m[38;2;13;11;14m│[48;2;78;76;79m[38;2;7;6;8m▊[48;2;255;254;255m[38;2;237;235;238m▌[48;2;253;251;253m[38;2;245;243;246m┃[48;2;250;250;252m[38;2;250;250;252m        [48;2;236;234;237m[38;2;0;0;0m [48;2;81;79;82m[38;2;231;229;232m┓[48;2;1;1;1m[38;2;1;1;1m            [0m
[48;2;4;2;10m[38;2;23;2;126m▂▂▂▂▂▂▂▂▂▂▂▂▂▂▂▂▂▂[48;2;5;3;12m[38;2;24;2;129m▂▂[48;2;4;2;10m[38;2;23;2;126m▂▂[48;2;5;3;12m[38;2;24;2;129m▂▂▂▂▂▂[48;2;4;2;10m[38;2;23;2;126m▂▂▂▂[48;2;4;2;11m[38;2;23;1;128m▂▂[48;2;3;1;10m[38;2;29;7;134m▂[48;2;16;12;22m[38;2;26;3;130m▂[48;2;227;221;239m[38;2;53;47;78m▆[48;2;248;246;247m[38;2;225;222;233m▎[48;2;250;250;252m[38;2;250;250;252m        [48;2;255;255;255m[38;2;253;253;255m▄[48;2;131;131;133m[38;2;238;238;240m▊[48;2;21;19;28m[38;2;195;185;232m▁[48;2;6;3;21m[38;2;56;29;181m▁[48;2;4;2;10m[38;2;23;2;126m▂▂▂▂▂▂▂▂▂▂[0m
[48;2;38;3;183m[38;2;38;3;183m                                    [48;2;60;29;195m[38;2;36;9;175m▆[48;2;230;222;247m[38;2;59;31;182m▆[48;2;249;249;251m[38;2;231;231;233m▌[38;2;255;255;255m▌[48;2;250;250;252m[38;2;250;250;252m        [48;2;131;112;221m[38;2;239;237;235m▊[48;2;38;13;181m[38;2;176;163;225m▂[48;2;38;3;185m[38;2;38;3;185m  [48;2;38;3;183m[38;2;38;3;183m        [0m
[48;2;38;3;183m[38;2;38;3;183m                                    [48;2;40;5;185m[38;2;40;5;185m  [48;2;226;222;237m[38;2;68;44;184m▆[48;2;249;247;245m[38;2;217;214;221m▎[48;2;250;250;252m[38;2;250;250;252m        [48;2;248;248;249m[38;2;229;228;236m╵[48;2;140;129;196m[38;2;240;240;237m▊[48;2;57;28;191m[38;2;196;185;221m▁[48;2;45;12;186m[38;2;33;3;173m┗[48;2;38;3;183m[38;2;38;3;183m        [0m
[48;2;38;3;185m[38;2;38;3;185m                                      [48;2;40;11;179m[38;2;0;0;0m [48;2;224;213;246m[38;2;59;34;181m▆[48;2;237;237;237m[38;2;78;61;183m▂[48;2;244;243;248m[38;2;0;0;0m [48;2;250;250;252m[38;2;250;250;252m        [48;2;126;109;198m[38;2;238;235;238m▊[48;2;43;18;183m[38;2;175;162;235m▂[48;2;38;3;185m[38;2;38;3;185m        [0m
[48;2;38;3;185m[38;2;38;3;185m                                        [48;2;93;75;191m[38;2;35;8;179m▊[48;2;231;227;238m[38;2;73;58;171m▂[48;2;250;250;252m[38;2;250;250;252m        [48;2;248;246;251m[38;2;255;255;248m│[48;2;51;27;173m[38;2;228;225;236m▊[48;2;38;3;185m[38;2;38;3;185m        [0m
[48;2;38;3;185m[38;2;38;3;185m                                        [48;2;34;4;170m[38;2;44;6;203m┃[48;2;137;121;186m[38;2;43;12;184m▊[48;2;249;249;251m[38;2;249;249;251m  [48;2;250;249;252m[38;2;0;0;0m [48;2;249;248;251m[38;2;211;210;215m▗[48;2;213;208;231m[38;2;42;17;170m▂[48;2;217;212;232m[38;2;65;44;189m▆[48;2;239;232;242m[38;2;88;38;164m▂[48;2;239;231;230m[38;2;199;86;102m▂[48;2;233;210;207m[38;2;196;64;99m▂[48;2;194;154;203m[38;2;169;60;130m▆[48;2;38;3;185m[38;2;38;3;185m        [0m
[48;2;38;3;185m[38;2;38;3;185m                                      [48;2;35;2;176m[38;2;32;2;149m▗[48;2;43;11;169m[38;2;21;6;63m▃[48;2;52;16;150m[38;2;16;12;24m▆[48;2;52;23;61m[38;2;193;65;96m▂[48;2;238;215;205m[38;2;216;75;105m▆▆[48;2;226;215;210m[38;2;205;68;102m▆[48;2;211;190;186m[38;2;110;39;52m▆[48;2;34;8;136m[38;2;7;1;11m▆[48;2;31;4;132m[38;2;21;13;24m▆[48;2;69;24;72m[38;2;218;58;100m▂[48;2;215;78;100m[38;2;0;0;0m [48;2;97;26;62m[38;2;209;73;98m▊[48;2;39;17;27m[38;2;69;21;124m▝[48;2;36;5;158m[38;2;36;26;58m▁[48;2;36;0;186m[38;2;36;1;182m▄[48;2;38;3;185m[38;2;38;3;185m      [0m
[48;2;38;3;185m[38;2;38;3;185m                                      [48;2;36;1;181m[38;2;36;4;165m▁[48;2;36;19;87m[38;2;36;2;171m▅[48;2;19;10;28m[38;2;44;13;181m▂[48;2;135;45;72m[38;2;26;7;81m▆[48;2;168;49;82m[38;2;25;10;82m▆▆[48;2;132;44;70m[38;2;23;7;80m▆[48;2;16;9;27m[38;2;40;12;179m▂[48;2;11;4;24m[38;2;42;10;181m▂▂[48;2;167;48;81m[38;2;24;10;81m▆▆[48;2;126;40;51m[38;2;24;9;83m▆[48;2;17;7;36m[38;2;33;8;163m▃[48;2;37;16;109m[38;2;37;3;178m▆[48;2;37;1;184m[38;2;37;3;172m▘[48;2;38;3;185m[38;2;38;3;185m      [0m
[48;2;40;2;185m[38;2;40;2;185m                                                            [0m
[48;2;40;2;185m[38;2;40;2;185m                                                            [0m
