[48;2;1;1;1m[38;2;1;1;1m                                                            [0m
[48;2;1;1;1m[38;2;1;1;1m                                                            [0m
[48;2;1;1;1m[38;2;1;1;1m                                                            [0m
[48;2;1;1;1m[38;2;1;1;1m                                                            [0m
[48;2;1;1;1m[38;2;1;1;1m                          [48;2;9;7;5m[38;2;0;0;0m [48;2;28;11;12m[38;2;162;57;88m▃[48;2;7;4;4m[38;2;26;22;23m▃[48;2;3;0;0m[38;2;5;1;2m▖[48;2;1;1;1m[38;2;1;1;1m    [48;2;0;0;0m[38;2;4;4;4m▘[48;2;6;6;6m[38;2;27;27;27m▗[48;2;37;32;36m[38;2;225;220;224m▃[48;2;34;30;33m[38;2;237;233;236m▃[48;2;31;27;30m[38;2;241;238;241m▃▃[48;2;32;31;31m[38;2;207;205;206m▃[48;2;12;10;11m[38;2;0;0;0m [48;2;1;1;1m[38;2;1;1;1m                  [0m
[48;2;1;1;1m[38;2;1;1;1m                        [48;2;1;1;3m[38;2;1;1;3m  [48;2;202;67;93m[38;2;79;52;41m▎[48;2;223;70;101m[38;2;183;66;85m▎[48;2;164;58;80m[38;2;216;68;94m▊[48;2;6;5;9m[38;2;80;37;46m▎[48;2;2;0;3m[38;2;2;0;3m  [48;2;1;1;3m[38;2;1;1;3m  [48;2;3;1;4m[38;2;3;1;4m  [48;2;100;72;77m[38;2;23;17;16m▊[48;2;235;225;226m[38;2;195;90;121m▄[48;2;248;242;249m[38;2;209;98;116m▄▄[48;2;249;247;250m[38;2;233;231;236m╸[48;2;144;142;147m[38;2;224;222;227m▊[48;2;5;3;6m[38;2;5;3;6m  [48;2;1;1;1m[38;2;1;1;1m      [48;2;3;1;6m[38;2;3;1;6m  [48;2;1;1;3m[38;2;1;1;3m  [48;2;1;1;1m[38;2;1;1;1m      [0m
[48;2;1;1;1m[38;2;1;1;1m                    [48;2;2;0;3m[38;2;2;0;3m  [48;2;1;1;1m[38;2;1;1;1m  [48;2;2;0;1m[38;2;2;0;1m  [48;2;241;227;227m[38;2;100;102;96m▎[48;2;206;101;132m[38;2;243;229;230m▄[48;2;217;208;211m[38;2;246;239;242m▄[48;2;20;12;14m[38;2;134;125;128m▎[48;2;1;1;3m[38;2;1;1;3m  [48;2;3;1;6m[38;2;3;1;6m  [48;2;5;3;8m[38;2;5;3;8m  [48;2;16;11;8m[38;2;0;0;0m [48;2;50;21;25m[38;2;181;60;95m▄[48;2;190;65;89m[38;2;216;64;98m▄[48;2;59;26;21m[38;2;190;64;89m▄[48;2;225;133;154m[38;2;206;83;105m▊[48;2;165;152;169m[38;2;239;230;236m▊[48;2;4;2;7m[38;2;20;18;23m▌[48;2;7;5;10m[38;2;1;0;4m▊[48;2;1;1;1m[38;2;1;1;1m  [48;2;1;1;3m[38;2;1;1;3m    [48;2;3;1;6m[38;2;3;1;6m  [48;2;1;1;3m[38;2;1;1;3m  [48;2;1;1;1m[38;2;1;1;1m      [0m
[48;2;1;1;1m[38;2;1;1;1m                    [48;2;1;1;3m[38;2;1;1;3m    [48;2;1;1;1m[38;2;1;1;1m  [48;2;202;200;203m[38;2;28;26;29m▄[48;2;229;227;230m[38;2;0;0;0m [48;2;255;255;255m[38;2;239;239;241m━[48;2;173;173;175m[38;2;244;244;245m▇[48;2;31;30;32m[38;2;230;228;231m▄[48;2;14;13;15m[38;2;231;229;231m▄[48;2;14;12;15m[38;2;225;223;226m▄[48;2;24;22;25m[38;2;234;233;234m▄[48;2;152;151;156m[38;2;244;243;247m▇▇[48;2;219;178;186m[38;2;231;233;235m▊[48;2;218;72;97m[38;2;207;104;125m▎[48;2;217;75;101m[38;2;217;75;101m  [48;2;232;135;155m[38;2;215;75;100m▊[48;2;226;224;228m[38;2;0;0;0m [48;2;17;15;18m[38;2;229;227;230m▄▄[48;2;16;15;17m[38;2;194;192;194m▄[48;2;8;7;9m[38;2;36;34;37m▁[48;2;3;1;6m[38;2;3;1;6m  [48;2;3;1;4m[38;2;13;11;14m▃▃[48;2;11;6;3m[38;2;97;41;54m▗[48;2;13;7;5m[38;2;186;58;95m▄[48;2;33;13;16m[38;2;195;52;96m▖[48;2;7;6;3m[38;2;0;0;0m [48;2;1;1;1m[38;2;1;1;1m      [0m
[48;2;1;1;1m[38;2;1;1;1m                    [48;2;2;2;4m[38;2;2;2;4m  [48;2;3;1;6m[38;2;3;1;6m  [48;2;1;1;1m[38;2;1;1;1m  [48;2;0;0;2m[38;2;14;14;16m⎻[48;2;57;57;59m[38;2;7;7;9m▇[48;2;203;201;203m[38;2;27;26;28m▄[48;2;230;228;230m[38;2;0;0;0m [48;2;252;252;253m[38;2;241;241;243m▄▄[48;2;250;250;252m[38;2;250;250;252m    [48;2;250;244;246m[38;2;255;253;255m▎[48;2;218;212;214m[38;2;253;248;250m▌[48;2;222;121;134m[38;2;193;66;87m┃[48;2;247;247;250m[38;2;247;215;220m▎[48;2;248;248;250m[38;2;248;248;250m  [48;2;250;250;252m[38;2;250;250;252m  [48;2;244;242;245m[38;2;0;0;0m [48;2;227;225;227m [48;2;22;20;23m[38;2;233;231;234m▄[48;2;52;50;53m[38;2;235;233;236m▄[48;2;187;178;181m[38;2;247;239;242m▇[48;2;165;156;159m[38;2;241;234;237m▇[48;2;205;77;105m[38;2;237;194;194m▄[48;2;214;73;105m[38;2;121;51;59m▗[48;2;37;17;19m[38;2;204;62;106m▘[48;2;5;4;1m[38;2;0;0;0m [48;2;1;1;1m[38;2;1;1;1m      [0m
[48;2;1;1;1m[38;2;1;1;1m                [48;2;2;0;3m[38;2;2;0;3m  [48;2;3;1;4m[38;2;3;1;4m  [48;2;3;1;6m[38;2;3;1;6m    [48;2;2;0;3m[38;2;2;0;3m  [48;2;1;1;1m[38;2;1;1;1m  [48;2;3;3;5m[38;2;3;3;5m  [48;2;1;0;2m[38;2;18;16;19m▄[48;2;207;205;208m[38;2;30;28;31m▄[48;2;245;245;247m[38;2;224;224;226m▖[48;2;255;255;255m[38;2;251;251;253m▝[48;2;250;250;252m[38;2;250;250;252m    [48;2;249;249;251m[38;2;249;249;251m  [48;2;250;250;252m[38;2;250;250;252m    [48;2;246;246;247m[38;2;224;224;226m▁[48;2;251;251;253m[38;2;219;219;221m▂[48;2;255;254;255m[38;2;243;241;244m▄▄[48;2;217;215;218m[38;2;0;0;0m [48;2;231;229;232m[38;2;19;17;20m▄[48;2;229;227;230m[38;2;17;15;18m▄[48;2;178;176;178m[38;2;15;14;16m▄[48;2;1;1;3m[38;2;1;1;3m    [48;2;1;1;1m[38;2;1;1;1m    [0m
[48;2;1;1;1m[38;2;1;1;1m            [48;2;1;1;3m[38;2;1;1;3m  [48;2;3;1;6m[38;2;3;1;6m      [48;2;1;1;3m[38;2;1;1;3m  [48;2;1;1;1m[38;2;1;1;1m    [48;2;3;1;4m[38;2;3;1;4m  [48;2;1;1;3m[38;2;1;1;3m  [48;2;4;2;5m[38;2;4;2;5m  [48;2;211;209;212m[38;2;27;25;28m▄[48;2;236;234;237m[38;2;0;0;0m [48;2;250;250;252m[38;2;250;250;252m        [48;2;239;237;240m[38;2;251;250;252m▊[48;2;232;230;233m[38;2;0;0;0m [48;2;196;194;197m[38;2;15;13;16m▄[48;2;27;25;28m[38;2;1;0;2m▇[48;2;12;10;11m[38;2;2;1;1m▅▅[48;2;3;3;5m[38;2;3;3;5m  [48;2;1;1;1m[38;2;1;1;1m          [0m
[48;2;1;1;1m[38;2;1;1;1m            [48;2;3;1;6m[38;2;3;1;6m      [48;2;3;1;4m[38;2;3;1;4m  [48;2;1;1;3m[38;2;1;1;3m  [48;2;1;1;1m[38;2;1;1;1m    [48;2;3;1;6m[38;2;3;1;6m      [48;2;52;50;53m[38;2;6;4;7m▊[48;2;246;245;247m[38;2;175;173;176m▎[48;2;250;250;252m[38;2;250;250;252m        [48;2;255;254;255m[38;2;250;248;251m▅[48;2;205;203;206m[38;2;0;0;0m [48;2;4;2;7m[38;2;4;2;7m  [48;2;1;1;1m[38;2;1;1;1m              [0m
[48;2;1;1;1m[38;2;1;1;1m            [48;2;1;1;3m[38;2;1;1;3m  [48;2;3;1;6m[38;2;3;1;6m  [48;2;2;0;3m[38;2;2;0;3m  [48;2;1;1;1m[38;2;1;1;1m  [48;2;3;1;6m[38;2;3;1;6m    [48;2;1;1;1m[38;2;1;1;1m        [48;2;11;10;12m[38;2;0;0;0m [48;2;226;224;226m[38;2;38;36;39m▅[48;2;243;243;245m[38;2;239;239;241m▌[48;2;254;254;255m[38;2;250;250;252m▌[48;2;250;250;252m      [48;2;146;144;147m[38;2;245;243;246m▊[48;2;1;0;2m[38;2;23;21;24m▄[48;2;1;1;3m[38;2;1;1;3m  [48;2;1;1;1m[38;2;1;1;1m              [0m
[48;2;1;1;1m[38;2;1;1;1m              [48;2;2;0;3m[38;2;2;0;3m  [48;2;1;1;3m[38;2;1;1;3m    [48;2;3;1;6m[38;2;3;1;6m  [48;2;3;1;4m[38;2;3;1;4m  [48;2;1;1;3m[38;2;1;1;3m  [48;2;1;1;1m[38;2;1;1;1m    [48;2;1;1;3m[38;2;1;1;3m  [48;2;12;10;13m[38;2;1;0;2m┃[48;2;47;45;48m[38;2;4;3;5m▊[48;2;231;229;232m[38;2;119;117;120m▁[48;2;255;254;255m[38;2;248;246;249m▄[48;2;250;250;252m[38;2;250;250;252m    [48;2;248;248;250m[38;2;248;248;250m  [48;2;119;117;118m[38;2;219;217;218m▊[48;2;6;4;5m[38;2;29;28;28m▎[48;2;1;1;3m[38;2;1;1;3m  [48;2;1;1;1m[38;2;1;1;1m              [0m
[48;2;1;1;1m[38;2;1;1;1m                [48;2;3;1;4m[38;2;3;1;4m  [48;2;3;1;6m[38;2;3;1;6m  [48;2;2;0;3m[38;2;2;0;3m  [48;2;3;1;6m[38;2;3;1;6m  [48;2;2;0;3m[38;2;2;0;3m  [48;2;1;1;1m[38;2;1;1;1m    [48;2;3;1;6m[38;2;3;1;6m  [48;2;1;0;2m[38;2;3;1;4m▄[48;2;21;20;22m[38;2;156;154;157m▁[48;2;44;39;43m[38;2;211;207;210m▅[48;2;219;214;218m[38;2;79;74;78m▅[48;2;234;232;235m[38;2;27;25;28m▅▅[48;2;237;233;234m[38;2;30;26;27m▅▅[48;2;235;231;234m[38;2;73;67;71m▅[48;2;210;205;209m[38;2;88;82;86m▅[48;2;28;24;27m[38;2;207;202;206m▅[48;2;18;14;17m[38;2;158;153;157m▁[48;2;1;1;1m[38;2;1;1;1m                [0m
[48;2;1;1;1m[38;2;1;1;1m                    [48;2;0;0;0m[38;2;0;0;0m  [48;2;1;1;3m[38;2;1;1;3m  [48;2;1;1;1m[38;2;1;1;1m    [48;2;2;0;3m[38;2;2;0;3m  [48;2;1;1;3m[38;2;1;1;3m  [48;2;54;49;53m[38;2;8;3;7m▊[48;2;248;244;247m[38;2;177;172;176m▎[48;2;253;253;254m[38;2;246;246;248m▃[48;2;244;244;246m[38;2;231;231;233m▝[48;2;38;34;37m[38;2;212;207;211m▅[48;2;69;64;68m[38;2;22;17;21m▊[48;2;34;29;33m[38;2;199;194;198m▅[48;2;85;80;84m[38;2;25;20;24m▊[48;2;255;255;255m[38;2;236;236;238m▌[48;2;252;252;253m[38;2;244;244;246m┃[48;2;255;254;255m[38;2;253;251;254m▌[48;2;164;162;165m[38;2;240;238;241m▊[48;2;1;0;2m[38;2;8;6;9m▃[38;2;10;8;11m━[48;2;1;1;1m[38;2;1;1;1m              [0m
[48;2;1;1;1m[38;2;1;1;1m                        [48;2;1;1;3m[38;2;1;1;3m  [48;2;3;1;6m[38;2;3;1;6m  [48;2;2;0;3m[38;2;2;0;3m    [48;2;52;50;53m[38;2;6;4;7m▊[48;2;246;245;247m[38;2;175;173;176m▎[48;2;250;250;251m[38;2;241;241;243m┗[48;2;216;216;218m[38;2;248;248;249m▊[48;2;212;207;211m[38;2;51;45;49m▅[48;2;62;56;60m[38;2;223;217;221m▅[48;2;215;210;214m[38;2;92;86;90m▁[48;2;52;46;50m[38;2;175;169;173m▁[48;2;255;255;255m[38;2;237;237;239m▌[48;2;253;253;254m[38;2;245;245;247m┃[48;2;250;250;252m[38;2;250;250;252m  [48;2;138;133;137m[38;2;242;238;242m▊[48;2;26;21;25m[38;2;141;136;140m▁[48;2;1;1;3m[38;2;1;1;3m  [48;2;1;1;1m[38;2;1;1;1m            [0m
[48;2;1;1;1m[38;2;1;1;1m                    [48;2;2;0;3m[38;2;2;0;3m  [48;2;1;1;1m[38;2;1;1;1m  [48;2;3;1;6m[38;2;3;1;6m    [48;2;2;0;3m[38;2;2;0;3m  [48;2;3;1;4m[38;2;3;1;4m  [48;2;40;35;39m[38;2;10;5;9m▊[48;2;230;225;229m[38;2;118;113;117m▂[48;2;238;234;237m[38;2;0;0;0m [48;2;181;176;180m[38;2;83;78;82m┳[48;2;60;55;59m[38;2;227;223;227m▅[48;2;212;208;211m[38;2;82;77;81m▁[48;2;51;46;50m[38;2;188;183;187m▁[48;2;248;244;248m[38;2;209;204;208m▎[48;2;250;250;252m[38;2;250;250;252m    [48;2;250;250;251m[38;2;234;234;236m╷[48;2;152;152;154m[38;2;243;243;245m▊[48;2;13;11;14m[38;2;153;151;154m▁[48;2;7;5;8m[38;2;0;0;0m [48;2;1;1;1m[38;2;1;1;1m            [0m
[48;2;1;1;1m[38;2;1;1;1m                  [48;2;1;1;3m[38;2;1;1;3m  [48;2;2;0;3m[38;2;2;0;3m  [48;2;1;1;3m[38;2;1;1;3m  [48;2;3;1;6m[38;2;3;1;6m    [48;2;1;1;3m[38;2;1;1;3m    [48;2;1;0;4m[38;2;6;4;9m│[48;2;65;63;68m[38;2;7;6;10m▊[48;2;255;255;255m[38;2;236;236;238m▌[48;2;252;252;253m[38;2;244;244;246m┃[48;2;239;237;240m[38;2;0;0;0m [48;2;63;61;64m[38;2;242;241;243m▅[48;2;248;248;250m[38;2;248;248;250m  [48;2;250;250;252m[38;2;250;250;252m      [48;2;111;109;110m[38;2;240;238;239m▊[48;2;1;0;0m[38;2;25;23;24m▎[48;2;1;1;1m[38;2;1;1;1m            [0m
[48;2;1;1;1m[38;2;1;1;1m                  [48;2;2;0;3m[38;2;2;0;3m    [48;2;3;1;6m[38;2;3;1;6m      [48;2;2;0;3m[38;2;2;0;3m  [48;2;1;1;1m[38;2;1;1;1m  [48;2;1;0;2m[38;2;6;4;7m▂[48;2;7;5;8m[38;2;20;18;21m▝[48;2;202;200;203m[38;2;30;28;31m▅[48;2;247;246;248m[38;2;220;218;221m▎[48;2;250;250;252m[38;2;250;250;252m          [48;2;236;234;237m[38;2;0;0;0m [48;2;81;79;82m[38;2;231;229;232m┓[48;2;1;1;1m[38;2;1;1;1m            [0m
[48;2;4;2;10m[38;2;23;2;126m▂▂▂▂▂▂▂▂▂▂▂▂▂▂▂▂▂▂[48;2;5;3;12m[38;2;24;2;129m▂▂[48;2;4;2;10m[38;2;23;2;126m▂▂[48;2;5;3;12m[38;2;24;2;129m▂▂▂▂▂▂[48;2;4;2;10m[38;2;23;2;126m▂▂▂▂[48;2;4;2;11m[38;2;23;1;128m▂▂[48;2;24;21;37m[38;2;48;20;189m▁[48;2;230;227;232m[38;2;103;82;204m▂[48;2;249;249;251m[38;2;249;249;251m  [48;2;250;250;252m[38;2;250;250;252m  [48;2;237;237;239m[38;2;251;251;252m▊[48;2;193;193;195m[38;2;243;243;244m▊[48;2;169;162;188m[38;2;38;33;57m┳[48;2;248;247;246m[38;2;227;224;234m▎[48;2;250;250;252m[38;2;250;250;252m  [48;2;239;238;243m[38;2;251;250;253m▌[48;2;102;101;106m[38;2;248;247;251m▊[48;2;4;2;11m[38;2;23;1;128m▂▂[48;2;4;2;10m[38;2;23;2;126m▂▂▂▂▂▂▂▂▂▂[0m
[48;2;38;3;183m[38;2;38;3;183m                                  [48;2;32;0;173m[38;2;41;7;182m▌[48;2;56;22;197m[38;2;38;4;179m▌[48;2;235;235;235m[38;2;94;74;199m▂[48;2;245;244;248m[38;2;0;0;0m [48;2;250;250;252m[38;2;250;250;252m  [48;2;253;253;254m[38;2;246;246;248m▃[48;2;244;244;246m[38;2;231;231;233m▝[48;2;55;37;172m[38;2;229;225;242m▆[48;2;243;242;237m[38;2;86;67;183m▂[48;2;250;250;252m[38;2;250;250;252m  [48;2;252;250;255m[38;2;240;241;235m▎[48;2;114;102;174m[38;2;245;245;240m▊[48;2;37;2;184m[38;2;37;2;184m  [48;2;38;3;183m[38;2;38;3;183m          [0m
[48;2;38;3;183m[38;2;38;3;183m                                    [48;2;86;64;197m[38;2;34;6;182m▊[48;2;235;232;238m[38;2;80;59;182m▂[48;2;249;249;251m[38;2;249;249;251m  [48;2;250;250;252m[38;2;250;250;252m  [48;2;144;130;209m[38;2;252;250;250m▊[48;2;144;131;201m[38;2;35;10;170m▊[48;2;249;249;251m[38;2;249;249;251m  [48;2;253;253;251m[38;2;238;235;254m│[48;2;124;112;184m[38;2;242;242;240m▊[48;2;37;2;184m[38;2;37;2;184m  [48;2;38;3;183m[38;2;38;3;183m          [0m
[48;2;38;3;185m[38;2;38;3;185m                                    [48;2;35;1;176m[38;2;43;9;184m┃[48;2;60;26;201m[38;2;29;0;170m▌[48;2;228;227;229m[38;2;76;60;183m▂[48;2;246;244;249m[38;2;0;0;0m [48;2;250;250;252m[38;2;250;250;252m  [48;2;238;236;242m[38;2;0;0;0m [48;2;92;76;179m[38;2;231;229;238m▆[48;2;241;240;241m[38;2;82;69;170m▂[48;2;246;245;246m[38;2;0;0;0m [48;2;253;253;251m[38;2;238;235;254m│[48;2;124;112;184m[38;2;242;242;240m▊[48;2;37;2;184m[38;2;37;2;184m  [48;2;38;3;185m[38;2;38;3;185m          [0m
[48;2;38;3;185m[38;2;38;3;185m                                      [48;2;93;76;172m[38;2;35;7;185m▊[48;2;231;226;237m[38;2;73;55;171m▂[48;2;250;250;252m[38;2;250;250;252m  [48;2;250;249;253m[38;2;240;239;244m▃[48;2;241;240;245m[38;2;251;250;253m▄[48;2;83;64;185m[38;2;230;213;221m▆[48;2;202;124;151m[38;2;60;27;151m▂[48;2;239;223;206m[38;2;212;81;101m▆[48;2;209;200;222m[38;2;182;56;118m▆[48;2;38;3;185m[38;2;38;3;185m            [0m
[48;2;38;3;185m[38;2;38;3;185m                                      [48;2;35;2;178m[38;2;46;11;189m▄[48;2;46;11;189m[38;2;35;2;178m▄[48;2;207;204;215m[38;2;64;42;178m▆[48;2;252;250;251m[38;2;216;211;234m▎[48;2;250;250;252m[38;2;250;250;252m  [48;2;139;123;185m[38;2;245;240;241m▊[48;2;56;28;164m[38;2;37;6;182m┃[48;2;223;73;98m[38;2;204;68;104m┃[48;2;138;51;125m[38;2;220;72;99m▊[48;2;39;7;169m[38;2;153;56;123m▂[48;2;35;4;190m[38;2;55;14;176m▖[48;2;38;3;185m[38;2;38;3;185m          [0m
[48;2;38;3;185m[38;2;38;3;185m                                    [48;2;35;2;180m[38;2;32;2;153m▗[48;2;43;10;172m[38;2;21;5;67m▃[48;2;36;13;140m[38;2;5;3;12m▆▆[48;2;54;44;150m[38;2;29;14;25m▆[48;2;229;194;208m[38;2;212;73;98m▆[48;2;243;219;211m[38;2;210;71;100m▆▆[48;2;200;185;206m[38;2;113;43;62m▆[48;2;31;25;94m[38;2;15;3;14m▆[48;2;168;51;86m[38;2;8;6;3m▆▆[48;2;144;56;80m[38;2;19;9;30m▆[48;2;35;9;170m[38;2;17;8;60m▂[48;2;38;3;185m[38;2;38;3;185m          [0m
[48;2;38;3;185m[38;2;38;3;185m                                    [48;2;37;0;190m[38;2;37;5;166m▝[48;2;37;24;65m[38;2;37;4;170m▆[48;2;8;7;11m[38;2;31;6;150m▃▃[48;2;19;10;28m[38;2;44;13;181m▂[48;2;135;45;72m[38;2;26;7;81m▆[48;2;147;47;73m[38;2;27;9;80m▆▆[48;2;8;3;24m[38;2;39;10;180m▂▂▂▂[48;2;17;6;49m[38;2;37;3;185m▂[48;2;32;17;88m[38;2;33;2;173m▆[48;2;38;3;185m[38;2;38;3;185m          [0m
[48;2;40;2;185m[38;2;40;2;185m                                                            [0m
[48;2;40;2;185m[38;2;40;2;185m                                                            [0m
