[48;2;1;1;1m[38;2;1;1;1m                                                            [0m
[48;2;1;1;1m[38;2;1;1;1m                                                            [0m
[48;2;1;1;1m[38;2;1;1;1m                                                            [0m
[48;2;1;1;1m[38;2;1;1;1m                          [48;2;11;8;6m[38;2;0;0;0m [48;2;28;9;11m[38;2;153;48;79m▃[48;2;9;5;6m[38;2;22;18;19m▖[48;2;8;4;5m[38;2;3;0;0m▅[48;2;1;1;1m[38;2;1;1;1m                              [0m
[48;2;1;1;1m[38;2;1;1;1m                          [48;2;195;62;87m[38;2;68;44;32m▎[48;2;227;77;107m[38;2;183;67;86m▎[48;2;11;7;7m[38;2;102;32;56m▎[48;2;3;2;0m[38;2;12;6;6m▌[48;2;1;1;1m[38;2;1;1;1m    [48;2;0;0;0m[38;2;4;4;4m▘[48;2;6;6;6m[38;2;27;27;27m▗[48;2;37;32;36m[38;2;225;220;224m▃[48;2;34;30;33m[38;2;237;233;236m▃[48;2;31;27;30m[38;2;241;238;241m▃▃[48;2;32;31;31m[38;2;207;205;206m▃[48;2;12;10;11m[38;2;0;0;0m [48;2;1;1;1m[38;2;1;1;1m                  [0m
[48;2;1;1;1m[38;2;1;1;1m                        [48;2;1;1;3m[38;2;1;1;3m  [48;2;177;84;99m[38;2;207;193;183m▃[48;2;219;84;114m[38;2;0;0;0m [48;2;12;8;10m[38;2;104;34;60m▎[48;2;3;3;3m[38;2;13;7;9m▌[48;2;2;0;3m[38;2;2;0;3m  [48;2;1;1;3m[38;2;1;1;3m  [48;2;3;1;4m[38;2;3;1;4m  [48;2;100;72;77m[38;2;23;17;16m▊[48;2;235;225;226m[38;2;195;90;121m▄[48;2;248;242;249m[38;2;209;98;116m▄▄[48;2;249;247;250m[38;2;233;231;236m╸[48;2;144;142;147m[38;2;224;222;227m▊[48;2;5;3;6m[38;2;5;3;6m  [48;2;1;1;1m[38;2;1;1;1m      [48;2;3;1;6m[38;2;3;1;6m  [48;2;1;1;3m[38;2;1;1;3m  [48;2;1;1;1m[38;2;1;1;1m      [0m
[48;2;1;1;1m[38;2;1;1;1m                    [48;2;2;0;3m[38;2;2;0;3m  [48;2;1;1;1m[38;2;1;1;1m  [48;2;2;0;1m[38;2;2;0;1m  [48;2;235;230;234m[38;2;125;120;124m▎[48;2;230;225;229m[38;2;248;244;247m▇[48;2;150;145;149m[38;2;241;237;240m▇[48;2;46;41;45m[38;2;226;222;226m▄[48;2;1;0;2m[38;2;6;4;7m▌[48;2;3;1;4m[38;2;10;8;11m▚[48;2;3;1;6m[38;2;3;1;6m  [48;2;5;3;8m[38;2;5;3;8m  [48;2;16;11;8m[38;2;0;0;0m [48;2;50;21;25m[38;2;181;60;95m▄[48;2;190;65;89m[38;2;216;64;98m▄[48;2;59;26;21m[38;2;190;64;89m▄[48;2;225;133;154m[38;2;206;83;105m▊[48;2;165;152;169m[38;2;239;230;236m▊[48;2;4;2;7m[38;2;20;18;23m▌[48;2;7;5;10m[38;2;1;0;4m▊[48;2;1;1;1m[38;2;1;1;1m  [48;2;1;1;3m[38;2;1;1;3m    [48;2;15;7;9m[38;2;3;10;9m▅[48;2;12;1;5m[38;2;85;27;49m▗[48;2;61;24;23m[38;2;199;61;92m▄[48;2;93;47;47m[38;2;183;63;88m▇[48;2;39;14;17m[38;2;160;54;86m▘[48;2;7;6;2m[38;2;0;0;0m [48;2;1;1;1m[38;2;1;1;1m    [0m
[48;2;1;1;1m[38;2;1;1;1m                    [48;2;1;1;3m[38;2;1;1;3m    [48;2;1;1;1m[38;2;1;1;1m  [48;2;65;63;66m[38;2;15;13;16m▇[48;2;237;235;238m[38;2;126;124;127m▎[48;2;250;250;252m[38;2;250;250;252m  [48;2;164;162;165m[38;2;238;236;238m▇[48;2;31;29;32m[38;2;234;233;235m▄[48;2;14;12;15m[38;2;225;223;226m▄[48;2;24;22;25m[38;2;234;233;234m▄[48;2;152;151;156m[38;2;244;243;247m▇▇[48;2;219;178;186m[38;2;231;233;235m▊[48;2;218;72;97m[38;2;207;104;125m▎[48;2;217;73;100m[38;2;217;73;100m  [48;2;232;135;155m[38;2;215;75;100m▊[48;2;226;224;228m[38;2;0;0;0m [48;2;17;15;18m[38;2;229;227;230m▄▄[48;2;16;14;17m[38;2;194;192;195m▄[48;2;1;0;2m[38;2;5;3;6m▄[48;2;5;3;8m[38;2;5;3;8m  [48;2;16;11;15m[38;2;3;0;2m╋[48;2;36;31;35m[38;2;0;0;0m [48;2;57;57;57m[38;2;227;231;231m▄[48;2;188;131;150m[38;2;239;224;231m▇[48;2;158;57;87m[38;2;181;173;172m▄[48;2;23;13;12m[38;2;8;3;1m▆[48;2;1;1;1m[38;2;1;1;1m      [0m
[48;2;1;1;1m[38;2;1;1;1m                    [48;2;2;2;4m[38;2;2;2;4m  [48;2;3;1;6m[38;2;3;1;6m  [48;2;1;1;1m[38;2;1;1;1m  [48;2;0;0;2m[38;2;14;14;16m⎻[48;2;57;57;59m[38;2;7;7;9m▇[48;2;203;201;203m[38;2;27;26;28m▄[48;2;230;228;230m[38;2;0;0;0m [48;2;252;252;253m[38;2;241;241;243m▄▄[48;2;250;250;252m[38;2;250;250;252m    [48;2;250;244;246m[38;2;255;253;255m▎[48;2;218;212;214m[38;2;253;248;250m▌[48;2;220;113;134m[38;2;200;71;99m▊[48;2;214;93;118m[38;2;250;226;221m▄[48;2;248;248;250m[38;2;248;248;250m  [48;2;250;250;252m[38;2;250;250;252m  [48;2;248;248;249m[38;2;233;233;235m╴[48;2;184;184;186m[38;2;246;246;248m▇[48;2;242;238;242m[38;2;162;157;161m▝[48;2;52;48;51m[38;2;234;230;233m▄[48;2;189;187;190m[38;2;249;247;249m▇▇[48;2;244;242;244m[38;2;0;0;0m [48;2;217;215;218m [48;2;49;47;48m[38;2;230;228;229m▘[48;2;6;4;5m[38;2;16;14;15m╵[48;2;1;1;1m[38;2;1;1;1m      [0m
[48;2;1;1;1m[38;2;1;1;1m                [48;2;2;0;3m[38;2;2;0;3m  [48;2;3;1;4m[38;2;3;1;4m  [48;2;3;1;6m[38;2;3;1;6m    [48;2;2;0;3m[38;2;2;0;3m  [48;2;1;1;1m[38;2;1;1;1m  [48;2;3;3;5m[38;2;3;3;5m  [48;2;1;0;2m[38;2;7;5;8m▄[48;2;209;207;209m[38;2;15;13;16m▄[48;2;230;228;231m[38;2;33;32;34m▄[48;2;239;238;240m[38;2;0;0;0m [48;2;250;250;252m[38;2;250;250;252m    [48;2;249;249;251m[38;2;249;249;251m  [48;2;250;250;252m[38;2;250;250;252m    [48;2;246;246;247m[38;2;224;224;226m▁[48;2;251;251;253m[38;2;219;219;221m▂[48;2;255;254;255m[38;2;243;241;244m▄▄[48;2;217;215;218m[38;2;0;0;0m [48;2;231;229;232m[38;2;19;17;20m▄[48;2;184;182;185m[38;2;15;13;16m▄[48;2;10;8;11m[38;2;0;0;0m [48;2;1;1;1m[38;2;1;1;1m  [48;2;1;1;3m[38;2;1;1;3m  [48;2;1;1;1m[38;2;1;1;1m    [0m
[48;2;1;1;1m[38;2;1;1;1m            [48;2;1;1;3m[38;2;1;1;3m  [48;2;3;1;6m[38;2;3;1;6m      [48;2;1;1;3m[38;2;1;1;3m  [48;2;1;1;1m[38;2;1;1;1m    [48;2;3;1;4m[38;2;3;1;4m  [48;2;1;1;3m[38;2;1;1;3m    [48;2;52;50;53m[38;2;6;4;7m▊[48;2;246;245;247m[38;2;175;173;176m▎[48;2;250;250;252m[38;2;250;250;252m        [48;2;239;237;240m[38;2;251;250;252m▊[48;2;232;230;233m[38;2;0;0;0m [48;2;196;194;197m[38;2;15;13;16m▄[48;2;27;25;28m[38;2;1;0;2m▇[48;2;12;10;11m[38;2;2;1;1m▅▅[48;2;3;3;5m[38;2;3;3;5m  [48;2;1;1;1m[38;2;1;1;1m          [0m
[48;2;1;1;1m[38;2;1;1;1m            [48;2;3;1;6m[38;2;3;1;6m      [48;2;3;1;4m[38;2;3;1;4m  [48;2;1;1;3m[38;2;1;1;3m  [48;2;1;1;1m[38;2;1;1;1m    [48;2;3;1;6m[38;2;3;1;6m      [48;2;47;42;46m[38;2;9;5;8m▊[48;2;232;228;231m[38;2;167;162;166m▎[48;2;250;250;252m[38;2;250;250;252m        [48;2;233;231;234m[38;2;0;0;0m [48;2;211;210;212m[38;2;36;34;37m▅[48;2;3;1;6m[38;2;3;1;6m  [48;2;1;1;1m[38;2;1;1;1m              [0m
[48;2;1;1;1m[38;2;1;1;1m            [48;2;1;1;3m[38;2;1;1;3m  [48;2;3;1;6m[38;2;3;1;6m  [48;2;2;0;3m[38;2;2;0;3m  [48;2;1;1;1m[38;2;1;1;1m  [48;2;3;1;6m[38;2;3;1;6m    [48;2;1;1;1m[38;2;1;1;1m        [48;2;1;0;2m[38;2;7;5;8m│[48;2;66;64;67m[38;2;8;6;9m▊[48;2;255;255;255m[38;2;236;236;238m▌[48;2;252;252;253m[38;2;244;244;246m┃[48;2;250;250;252m[38;2;250;250;252m      [48;2;146;144;145m[38;2;245;243;244m▊[48;2;1;0;0m[38;2;23;21;22m▄[48;2;1;1;3m[38;2;1;1;3m  [48;2;1;1;1m[38;2;1;1;1m              [0m
[48;2;1;1;1m[38;2;1;1;1m              [48;2;2;0;3m[38;2;2;0;3m  [48;2;1;1;3m[38;2;1;1;3m    [48;2;3;1;6m[38;2;3;1;6m  [48;2;3;1;4m[38;2;3;1;4m  [48;2;1;1;3m[38;2;1;1;3m  [48;2;1;1;1m[38;2;1;1;1m    [48;2;1;1;3m[38;2;1;1;3m  [48;2;12;10;13m[38;2;1;0;2m┃[48;2;47;45;48m[38;2;4;3;5m▊[48;2;231;229;232m[38;2;119;117;120m▁[48;2;255;254;255m[38;2;248;246;249m▄[48;2;250;250;252m[38;2;250;250;252m    [48;2;248;248;250m[38;2;248;248;250m  [48;2;119;117;118m[38;2;219;217;218m▊[48;2;6;4;5m[38;2;29;28;28m▎[48;2;1;1;3m[38;2;1;1;3m  [48;2;1;1;1m[38;2;1;1;1m              [0m
[48;2;1;1;1m[38;2;1;1;1m                [48;2;3;1;4m[38;2;3;1;4m  [48;2;3;1;6m[38;2;3;1;6m  [48;2;2;0;3m[38;2;2;0;3m  [48;2;3;1;6m[38;2;3;1;6m  [48;2;2;0;3m[38;2;2;0;3m  [48;2;1;1;1m[38;2;1;1;1m    [48;2;3;1;6m[38;2;3;1;6m  [48;2;45;43;46m[38;2;6;5;7m▊[48;2;18;17;19m[38;2;207;205;208m▅[48;2;35;31;34m[38;2;221;217;220m▅[48;2;217;212;216m[38;2;81;76;80m▅[48;2;234;232;235m[38;2;27;25;28m▅▅[48;2;237;233;234m[38;2;30;26;27m▅▅[48;2;235;231;234m[38;2;73;67;71m▅[48;2;210;205;209m[38;2;88;82;86m▅[48;2;34;29;33m[38;2;195;190;194m▅[48;2;3;0;2m[38;2;6;1;5m▄[48;2;1;1;1m[38;2;1;1;1m                [0m
[48;2;1;1;1m[38;2;1;1;1m                    [48;2;0;0;0m[38;2;0;0;0m  [48;2;1;1;3m[38;2;1;1;3m  [48;2;1;1;1m[38;2;1;1;1m    [48;2;2;0;3m[38;2;2;0;3m  [48;2;1;1;3m[38;2;1;1;3m  [48;2;54;49;53m[38;2;8;3;7m▊[48;2;248;244;247m[38;2;177;172;176m▎[48;2;252;252;253m[38;2;244;244;246m┃[48;2;236;236;238m[38;2;255;255;255m▌[48;2;37;32;35m[38;2;171;165;169m▅[48;2;39;34;37m[38;2;190;184;188m▁[48;2;37;32;36m[38;2;199;194;198m▅[48;2;86;81;85m[38;2;25;21;24m▊[48;2;255;255;255m[38;2;236;236;238m▌[48;2;252;252;253m[38;2;244;244;246m┃[48;2;240;235;239m[38;2;0;0;0m [48;2;25;20;24m[38;2;203;199;203m▅[48;2;2;2;4m[38;2;2;2;4m  [48;2;1;1;1m[38;2;1;1;1m              [0m
[48;2;1;1;1m[38;2;1;1;1m                        [48;2;1;1;3m[38;2;1;1;3m  [48;2;3;1;6m[38;2;3;1;6m  [48;2;2;0;3m[38;2;2;0;3m    [48;2;60;58;61m[38;2;1;0;2m▊[48;2;243;241;244m[38;2;184;182;185m▎[48;2;228;224;227m[38;2;75;70;74m▁[48;2;212;208;211m[38;2;90;85;89m▅[48;2;62;57;61m[38;2;225;220;224m▅[48;2;220;216;219m[38;2;84;79;83m▁[48;2;211;206;210m[38;2;90;84;88m▅[48;2;60;54;58m[38;2;231;226;230m▅[48;2;248;248;250m[38;2;248;248;250m  [48;2;249;248;250m[38;2;233;231;234m╵[48;2;238;237;239m[38;2;0;0;0m [48;2;27;26;28m[38;2;204;202;205m▅[48;2;9;7;10m[38;2;1;0;2m┏[48;2;1;1;3m[38;2;1;1;3m  [48;2;1;1;1m[38;2;1;1;1m            [0m
[48;2;1;1;1m[38;2;1;1;1m                    [48;2;2;0;3m[38;2;2;0;3m  [48;2;1;1;1m[38;2;1;1;1m  [48;2;3;1;6m[38;2;3;1;6m    [48;2;2;0;3m[38;2;2;0;3m  [48;2;3;1;4m[38;2;3;1;4m  [48;2;45;40;44m[38;2;3;0;2m▊[48;2;245;241;245m[38;2;181;176;180m▎[48;2;61;59;62m[38;2;234;232;235m▅[48;2;243;241;243m[38;2;0;0;0m [48;2;239;237;240m [48;2;69;67;70m[38;2;234;233;235m▅[48;2;249;249;251m[38;2;249;249;251m  [48;2;250;250;252m[38;2;250;250;252m    [48;2;131;129;132m[38;2;241;240;242m▊[48;2;1;0;2m[38;2;32;30;33m▎[48;2;1;1;3m[38;2;1;1;3m  [48;2;1;1;1m[38;2;1;1;1m            [0m
[48;2;1;1;1m[38;2;1;1;1m                  [48;2;1;1;3m[38;2;1;1;3m  [48;2;2;0;3m[38;2;2;0;3m  [48;2;1;1;3m[38;2;1;1;3m  [48;2;3;1;6m[38;2;3;1;6m    [48;2;1;1;3m[38;2;1;1;3m    [48;2;52;50;53m[38;2;6;4;7m▊[48;2;246;245;247m[38;2;175;173;176m▎[48;2;250;250;252m[38;2;250;250;252m          [48;2;132;130;135m[38;2;242;240;244m▊[48;2;1;0;4m[38;2;33;31;36m▎[48;2;1;1;3m[38;2;1;1;3m  [48;2;1;1;1m[38;2;1;1;1m            [0m
[48;2;1;1;1m[38;2;1;1;1m                  [48;2;2;0;3m[38;2;2;0;3m    [48;2;3;1;6m[38;2;3;1;6m      [48;2;2;0;3m[38;2;2;0;3m  [48;2;1;1;1m[38;2;1;1;1m  [48;2;52;50;51m[38;2;6;4;5m▊[48;2;246;245;246m[38;2;175;173;174m▎[48;2;250;250;252m[38;2;250;250;252m    [48;2;191;186;190m[38;2;245;241;245m▊[48;2;217;212;216m[38;2;53;49;52m▅[48;2;243;243;245m[38;2;239;239;241m▌[48;2;254;254;255m[38;2;250;250;252m▌[48;2;250;248;251m[38;2;239;237;240m▎[48;2;184;182;185m[38;2;244;243;245m▊[48;2;179;177;182m[38;2;17;16;20m▅[48;2;10;8;13m[38;2;1;0;4m┫[48;2;3;1;6m[38;2;3;1;6m  [48;2;1;1;1m[38;2;1;1;1m            [0m
[48;2;4;2;10m[38;2;23;2;126m▂▂▂▂▂▂▂▂▂▂▂▂▂▂▂▂▂▂[48;2;5;3;12m[38;2;24;2;129m▂▂[48;2;4;2;10m[38;2;23;2;126m▂▂[48;2;5;3;12m[38;2;24;2;129m▂▂▂▂▂▂[48;2;4;2;10m[38;2;23;2;126m▂▂[48;2;3;1;8m[38;2;29;7;132m▂[48;2;10;7;14m[38;2;40;19;143m▂[48;2;26;24;27m[38;2;214;212;215m▆[48;2;237;236;238m[38;2;0;0;0m [48;2;250;250;252m[38;2;250;250;252m  [48;2;237;237;239m[38;2;247;247;249m▊[48;2;204;204;206m[38;2;248;248;250m▊[48;2;185;180;189m[38;2;25;13;67m▅[48;2;41;36;44m[38;2;29;11;130m▂[48;2;239;234;237m[38;2;214;127;156m▂[48;2;241;240;241m[38;2;0;0;0m [48;2;217;211;224m[38;2;51;19;190m▁[48;2;207;203;205m[38;2;36;27;70m▆[48;2;5;3;12m[38;2;24;2;129m▂▂▂▂[48;2;4;2;10m[38;2;23;2;126m▂▂▂▂▂▂▂▂▂▂▂▂[0m
[48;2;38;3;183m[38;2;38;3;183m                              [48;2;39;4;182m[38;2;39;4;182m  [48;2;248;247;251m[38;2;205;204;209m▎[48;2;240;239;244m[38;2;252;251;254m┃[48;2;250;250;252m[38;2;250;250;252m  [48;2;244;242;246m[38;2;0;0;0m [48;2;222;221;227m[38;2;67;49;169m▂[48;2;44;7;187m[38;2;63;17;173m▗[48;2;47;8;166m[38;2;161;60;120m▂[48;2;214;80;100m[38;2;0;0;0m [48;2;214;180;189m[38;2;190;66;105m▅[48;2;38;3;183m[38;2;38;3;183m                  [0m
[48;2;38;3;183m[38;2;38;3;183m                              [48;2;40;5;183m[38;2;40;5;183m  [48;2;248;247;251m[38;2;205;204;209m▎[48;2;240;239;244m[38;2;252;251;254m┃[48;2;250;250;252m[38;2;250;250;252m  [48;2;173;162;220m[38;2;249;247;249m▊[48;2;37;11;173m[38;2;46;13;204m│[48;2;72;21;161m[38;2;41;5;182m▊[48;2;191;63;101m[38;2;50;22;166m▂[48;2;184;68;107m[38;2;59;10;177m▂[48;2;154;53;113m[38;2;47;7;173m▅[48;2;38;3;183m[38;2;38;3;183m                  [0m
[48;2;38;3;185m[38;2;38;3;185m                              [48;2;40;5;183m[38;2;40;5;183m  [48;2;248;247;251m[38;2;205;204;209m▎[48;2;240;239;244m[38;2;252;251;254m┃[48;2;255;255;255m[38;2;249;249;251m▌[48;2;231;231;233m▌[48;2;207;199;223m[38;2;61;32;191m▆[48;2;26;2;160m[38;2;41;11;184m▊[48;2;38;3;185m[38;2;38;3;185m                      [0m
[48;2;38;3;185m[38;2;38;3;185m                              [48;2;39;4;184m[38;2;39;4;184m  [48;2;204;197;222m[38;2;47;23;175m▆[48;2;245;243;247m[38;2;206;198;240m▎[48;2;255;255;255m[38;2;249;249;251m▌[48;2;231;231;233m▌[48;2;36;6;173m[38;2;83;55;191m▎[48;2;39;4;185m[38;2;50;12;209m▎[48;2;38;3;185m[38;2;38;3;185m                      [0m
[48;2;38;3;185m[38;2;38;3;185m                              [48;2;39;4;184m[38;2;39;4;184m  [48;2;74;24;143m[38;2;205;66;84m━[48;2;234;191;223m[38;2;208;82;106m▆[48;2;233;233;232m[38;2;186;61;105m▂[48;2;227;218;235m[38;2;58;26;170m▂[48;2;30;0;171m[38;2;61;27;202m▌[48;2;36;2;177m[38;2;44;10;185m┃[48;2;38;3;185m[38;2;38;3;185m                      [0m
[48;2;38;3;185m[38;2;38;3;185m                              [48;2;33;2;172m[38;2;43;5;201m▖[48;2;38;6;168m[38;2;28;16;53m▂[48;2;42;19;142m[38;2;7;3;21m▆[48;2;139;53;66m[38;2;15;5;10m▆[48;2;181;65;87m[38;2;41;19;24m▂[48;2;80;22;138m[38;2;203;63;91m▆[48;2;33;20;71m[38;2;183;56;87m▂[48;2;37;8;149m[38;2;19;6;11m▆[48;2;36;13;140m[38;2;5;3;12m▆▆[48;2;36;13;142m[38;2;5;3;13m▆▆[48;2;36;13;131m[38;2;9;3;18m▅[48;2;41;10;173m[38;2;13;2;58m▃[48;2;38;3;185m[38;2;38;3;185m                [0m
[48;2;38;3;185m[38;2;38;3;185m                              [48;2;37;1;184m[38;2;37;6;158m▝[48;2;37;19;91m[38;2;37;2;179m▆[48;2;10;6;12m[38;2;33;5;151m▃▃[48;2;18;9;28m[38;2;43;12;180m▂[48;2;134;44;71m[38;2;25;7;80m▆[48;2;140;49;77m[38;2;29;10;84m▆[48;2;14;5;24m[38;2;37;7;175m▂[48;2;8;3;24m[38;2;39;10;180m▂▂▂▂[48;2;17;7;46m[38;2;37;4;182m▂[48;2;32;17;85m[38;2;33;2;170m▆[48;2;38;3;185m[38;2;38;3;185m                [0m
[48;2;40;2;185m[38;2;40;2;185m                                                            [0m
[48;2;40;2;185m[38;2;40;2;185m                                                            [0m
