[48;2;1;1;1m[38;2;1;1;1m                                                            [0m
[48;2;1;1;1m[38;2;1;1;1m                                                            [0m
[48;2;1;1;1m[38;2;1;1;1m                                                            [0m
[48;2;1;1;1m[38;2;1;1;1m                                                            [0m
[48;2;1;1;1m[38;2;1;1;1m                          [48;2;28;10;8m[38;2;177;69;92m▃[48;2;208;66;100m[38;2;115;52;59m▘[48;2;14;4;7m[38;2;87;40;56m▎[48;2;3;1;0m[38;2;3;18;13m▎[48;2;1;1;1m[38;2;1;1;1m    [48;2;0;0;0m[38;2;4;4;4m▘[48;2;6;6;6m[38;2;27;27;27m▗[48;2;37;32;36m[38;2;225;220;224m▃[48;2;34;30;33m[38;2;237;233;236m▃[48;2;31;27;30m[38;2;241;238;241m▃▃[48;2;32;31;31m[38;2;207;205;206m▃[48;2;12;10;11m[38;2;0;0;0m [48;2;1;1;1m[38;2;1;1;1m                  [0m
[48;2;1;1;1m[38;2;1;1;1m                        [48;2;1;1;3m[38;2;1;1;3m  [48;2;210;71;98m[38;2;66;36;26m▎[48;2;219;61;94m[38;2;221;83;109m▌[48;2;13;8;11m[38;2;107;34;61m▎[48;2;3;3;4m[38;2;15;7;10m▌[48;2;2;0;3m[38;2;2;0;3m  [48;2;1;1;3m[38;2;1;1;3m  [48;2;3;1;4m[38;2;3;1;4m  [48;2;100;72;77m[38;2;23;17;16m▊[48;2;235;225;226m[38;2;195;90;121m▄[48;2;248;242;249m[38;2;209;98;116m▄▄[48;2;249;247;250m[38;2;233;231;236m╸[48;2;144;142;147m[38;2;224;222;227m▊[48;2;5;3;6m[38;2;5;3;6m  [48;2;1;1;1m[38;2;1;1;1m      [48;2;4;5;5m[38;2;12;23;21m╷[48;2;12;1;5m[38;2;77;36;52m▗[48;2;60;20;21m[38;2;201;70;101m▄[48;2;86;33;38m[38;2;209;71;104m▌[48;2;1;1;1m[38;2;1;1;1m      [0m
[48;2;1;1;1m[38;2;1;1;1m                    [48;2;2;0;3m[38;2;2;0;3m  [48;2;1;1;1m[38;2;1;1;1m  [48;2;2;0;1m[38;2;2;0;1m  [48;2;240;226;226m[38;2;99;101;96m▎[48;2;208;103;134m[38;2;239;228;228m▄[48;2;146;137;140m[38;2;240;233;236m▇[48;2;44;35;38m[38;2;224;215;218m▄[48;2;1;0;2m[38;2;6;4;7m▌[48;2;3;1;4m[38;2;10;8;11m▚[48;2;3;1;6m[38;2;3;1;6m  [48;2;5;3;8m[38;2;5;3;8m  [48;2;16;11;8m[38;2;0;0;0m [48;2;50;21;25m[38;2;181;60;95m▄[48;2;190;65;89m[38;2;216;64;98m▄[48;2;59;26;21m[38;2;190;64;89m▄[48;2;225;133;154m[38;2;206;83;105m▊[48;2;165;152;169m[38;2;239;230;236m▊[48;2;4;2;7m[38;2;20;18;23m▌[48;2;7;5;10m[38;2;1;0;4m▊[48;2;1;1;1m[38;2;1;1;1m  [48;2;1;1;3m[38;2;1;1;3m    [48;2;20;0;0m[38;2;1;6;4m▊[48;2;171;50;91m[38;2;23;10;14m▊[48;2;199;66;91m[38;2;224;74;104m▌[48;2;61;16;11m[38;2;199;73;95m▊[48;2;1;1;1m[38;2;1;1;1m      [0m
[48;2;1;1;1m[38;2;1;1;1m                    [48;2;1;1;3m[38;2;1;1;3m    [48;2;1;1;1m[38;2;1;1;1m  [48;2;72;70;73m[38;2;13;12;14m▇[48;2;237;235;238m[38;2;139;137;140m▎[48;2;250;250;252m[38;2;250;250;252m  [48;2;164;162;165m[38;2;238;236;238m▇[48;2;31;29;32m[38;2;234;233;235m▄[48;2;14;12;15m[38;2;225;223;226m▄[48;2;24;22;25m[38;2;234;233;234m▄[48;2;152;151;156m[38;2;244;243;247m▇▇[48;2;219;178;186m[38;2;231;233;235m▊[48;2;218;72;97m[38;2;207;104;125m▎[48;2;217;73;100m[38;2;217;73;100m  [48;2;232;135;155m[38;2;215;75;100m▊[48;2;226;224;228m[38;2;0;0;0m [48;2;17;15;18m[38;2;229;227;230m▄▄[48;2;16;14;17m[38;2;194;192;195m▄[48;2;1;0;2m[38;2;5;3;6m▄[48;2;5;3;8m[38;2;5;3;8m  [48;2;16;11;15m[38;2;3;0;2m╋[48;2;36;31;35m[38;2;0;0;0m [48;2;57;58;58m[38;2;228;232;232m▄[48;2;187;130;149m[38;2;237;224;230m▇[48;2;157;56;86m[38;2;180;173;171m▄[48;2;9;3;1m[38;2;16;12;9m╵[48;2;1;1;1m[38;2;1;1;1m      [0m
[48;2;1;1;1m[38;2;1;1;1m                    [48;2;2;2;4m[38;2;2;2;4m  [48;2;3;1;6m[38;2;3;1;6m  [48;2;1;1;1m[38;2;1;1;1m  [48;2;1;0;0m[38;2;10;8;9m┏[48;2;194;192;193m[38;2;28;26;27m▄[48;2;231;229;231m[38;2;0;0;0m [48;2;245;244;246m[38;2;190;188;191m▁[48;2;252;252;253m[38;2;241;241;243m▄▄[48;2;250;250;252m[38;2;250;250;252m    [48;2;250;244;246m[38;2;255;253;255m▎[48;2;218;212;214m[38;2;253;248;250m▌[48;2;220;113;134m[38;2;200;71;99m▊[48;2;214;93;118m[38;2;250;226;221m▄[48;2;248;248;250m[38;2;248;248;250m  [48;2;250;250;252m[38;2;250;250;252m  [48;2;248;248;249m[38;2;233;233;235m╴[48;2;184;184;186m[38;2;246;246;248m▇[48;2;242;238;242m[38;2;162;157;161m▝[48;2;52;48;51m[38;2;234;230;233m▄[48;2;189;187;190m[38;2;249;247;249m▇▇[48;2;241;239;242m[38;2;250;248;251m▊[48;2;70;68;71m[38;2;229;228;230m▊[48;2;38;38;40m[38;2;4;4;6m▆[48;2;0;0;2m[38;2;3;3;5m [48;2;1;1;1m[38;2;1;1;1m      [0m
[48;2;1;1;1m[38;2;1;1;1m                [48;2;2;0;3m[38;2;2;0;3m  [48;2;3;1;4m[38;2;3;1;4m  [48;2;3;1;6m[38;2;3;1;6m    [48;2;2;0;3m[38;2;2;0;3m  [48;2;1;1;1m[38;2;1;1;1m  [48;2;35;33;34m[38;2;5;3;4m▇▇[48;2;1;0;2m[38;2;7;5;8m▄[48;2;209;207;209m[38;2;15;13;16m▄[48;2;230;228;231m[38;2;33;32;34m▄[48;2;239;238;240m[38;2;0;0;0m [48;2;250;250;252m[38;2;250;250;252m    [48;2;249;249;251m[38;2;249;249;251m  [48;2;250;250;252m[38;2;250;250;252m    [48;2;246;246;247m[38;2;224;224;226m▁[48;2;251;251;253m[38;2;219;219;221m▂[48;2;255;254;255m[38;2;243;241;244m▄▄[48;2;217;215;218m[38;2;0;0;0m [48;2;231;229;232m[38;2;19;17;20m▄[48;2;184;182;185m[38;2;15;13;16m▄[48;2;10;8;11m[38;2;0;0;0m [48;2;1;1;1m[38;2;1;1;1m  [48;2;1;1;3m[38;2;1;1;3m  [48;2;1;1;1m[38;2;1;1;1m    [0m
[48;2;1;1;1m[38;2;1;1;1m            [48;2;1;1;3m[38;2;1;1;3m  [48;2;3;1;6m[38;2;3;1;6m      [48;2;1;1;3m[38;2;1;1;3m  [48;2;1;1;1m[38;2;1;1;1m    [48;2;3;1;4m[38;2;3;1;4m  [48;2;1;1;3m[38;2;1;1;3m    [48;2;52;50;53m[38;2;6;4;7m▊[48;2;246;245;247m[38;2;175;173;176m▎[48;2;250;250;252m[38;2;250;250;252m        [48;2;239;237;240m[38;2;251;250;252m▊[48;2;232;230;233m[38;2;0;0;0m [48;2;196;194;197m[38;2;15;13;16m▄[48;2;27;25;28m[38;2;1;0;2m▇[48;2;12;10;11m[38;2;2;1;1m▅▅[48;2;3;3;5m[38;2;3;3;5m  [48;2;1;1;1m[38;2;1;1;1m          [0m
[48;2;1;1;1m[38;2;1;1;1m            [48;2;3;1;6m[38;2;3;1;6m      [48;2;3;1;4m[38;2;3;1;4m  [48;2;1;1;3m[38;2;1;1;3m  [48;2;1;1;1m[38;2;1;1;1m    [48;2;3;1;6m[38;2;3;1;6m      [48;2;52;50;53m[38;2;6;4;7m▊[48;2;246;245;247m[38;2;175;173;176m▎[48;2;250;250;252m[38;2;250;250;252m        [48;2;233;231;234m[38;2;0;0;0m [48;2;211;210;212m[38;2;36;34;37m▅[48;2;3;1;6m[38;2;3;1;6m  [48;2;1;1;1m[38;2;1;1;1m              [0m
[48;2;1;1;1m[38;2;1;1;1m            [48;2;1;1;3m[38;2;1;1;3m  [48;2;3;1;6m[38;2;3;1;6m  [48;2;2;0;3m[38;2;2;0;3m  [48;2;1;1;1m[38;2;1;1;1m  [48;2;3;1;6m[38;2;3;1;6m    [48;2;1;1;1m[38;2;1;1;1m        [48;2;11;10;12m[38;2;0;0;0m [48;2;226;224;226m[38;2;38;36;39m▅[48;2;243;243;245m[38;2;239;239;241m▌[48;2;254;254;255m[38;2;250;250;252m▌[48;2;250;250;252m      [48;2;146;144;145m[38;2;245;243;244m▊[48;2;1;0;0m[38;2;23;21;22m▄[48;2;1;1;3m[38;2;1;1;3m  [48;2;1;1;1m[38;2;1;1;1m              [0m
[48;2;1;1;1m[38;2;1;1;1m              [48;2;2;0;3m[38;2;2;0;3m  [48;2;1;1;3m[38;2;1;1;3m    [48;2;3;1;6m[38;2;3;1;6m  [48;2;3;1;4m[38;2;3;1;4m  [48;2;1;1;3m[38;2;1;1;3m  [48;2;1;1;1m[38;2;1;1;1m    [48;2;1;1;3m[38;2;1;1;3m  [48;2;12;10;13m[38;2;1;0;2m┃[48;2;47;45;48m[38;2;4;3;5m▊[48;2;231;229;232m[38;2;119;117;120m▁[48;2;255;254;255m[38;2;248;246;249m▄[48;2;250;250;252m[38;2;250;250;252m    [48;2;248;248;250m[38;2;248;248;250m  [48;2;119;117;118m[38;2;219;217;218m▊[48;2;6;4;5m[38;2;29;28;28m▎[48;2;1;1;3m[38;2;1;1;3m  [48;2;1;1;1m[38;2;1;1;1m              [0m
[48;2;1;1;1m[38;2;1;1;1m                [48;2;3;1;4m[38;2;3;1;4m  [48;2;3;1;6m[38;2;3;1;6m  [48;2;2;0;3m[38;2;2;0;3m  [48;2;3;1;6m[38;2;3;1;6m  [48;2;2;0;3m[38;2;2;0;3m  [48;2;1;1;1m[38;2;1;1;1m    [48;2;3;1;6m[38;2;3;1;6m  [48;2;45;43;46m[38;2;6;5;7m▊[48;2;18;17;19m[38;2;207;205;208m▅[48;2;35;31;34m[38;2;221;217;220m▅[48;2;217;212;216m[38;2;81;76;80m▅[48;2;234;232;235m[38;2;27;25;28m▅▅[48;2;237;233;234m[38;2;40;37;37m▅[38;2;72;69;69m▅[48;2;230;224;228m[38;2;77;71;75m▅[48;2;206;200;204m[38;2;92;86;90m▅[48;2;34;29;33m[38;2;195;190;194m▅[48;2;3;0;2m[38;2;6;1;5m▄[48;2;1;1;1m[38;2;1;1;1m                [0m
[48;2;1;1;1m[38;2;1;1;1m                    [48;2;0;0;0m[38;2;0;0;0m  [48;2;1;1;3m[38;2;1;1;3m  [48;2;1;1;1m[38;2;1;1;1m    [48;2;2;0;3m[38;2;2;0;3m  [48;2;1;1;3m[38;2;1;1;3m  [48;2;54;49;53m[38;2;8;3;7m▊[48;2;248;244;247m[38;2;177;172;176m▎[48;2;255;254;255m[38;2;255;253;255m▄[48;2;218;217;219m[38;2;97;95;98m▁[48;2;30;25;28m[38;2;134;128;132m▂[48;2;29;23;27m[38;2;161;155;159m▅[48;2;125;120;124m[38;2;39;34;38m▊[48;2;250;246;249m[38;2;216;211;215m▎[48;2;249;249;251m[38;2;249;249;251m  [48;2;240;235;239m[38;2;0;0;0m [48;2;25;20;24m[38;2;203;199;203m▅[48;2;2;2;4m[38;2;2;2;4m  [48;2;1;1;1m[38;2;1;1;1m              [0m
[48;2;1;1;1m[38;2;1;1;1m                        [48;2;1;1;3m[38;2;1;1;3m  [48;2;3;1;6m[38;2;3;1;6m  [48;2;2;0;3m[38;2;2;0;3m  [48;2;3;1;4m[38;2;3;1;4m  [48;2;24;20;25m[38;2;168;163;169m▁[48;2;198;194;199m[38;2;77;72;78m▅[48;2;201;195;199m[38;2;87;81;85m▅[48;2;59;53;57m[38;2;171;166;170m▅[48;2;195;189;193m[38;2;96;91;94m▅[48;2;60;54;58m[38;2;227;222;225m▅[48;2;248;248;250m[38;2;248;248;250m  [48;2;250;250;252m[38;2;250;250;252m  [48;2;249;248;250m[38;2;233;231;234m╵[48;2;238;237;239m[38;2;0;0;0m [48;2;27;26;28m[38;2;204;202;205m▅[48;2;9;7;10m[38;2;1;0;2m┏[48;2;1;1;3m[38;2;1;1;3m  [48;2;1;1;1m[38;2;1;1;1m            [0m
[48;2;1;1;1m[38;2;1;1;1m                    [48;2;2;0;3m[38;2;2;0;3m  [48;2;1;1;1m[38;2;1;1;1m  [48;2;3;1;6m[38;2;3;1;6m    [48;2;2;0;3m[38;2;2;0;3m  [48;2;1;0;2m[38;2;8;6;9m▎[48;2;21;19;22m[38;2;4;3;5m▌[48;2;249;249;250m[38;2;206;206;208m▎[48;2;241;241;243m[38;2;253;253;254m┃[48;2;240;239;241m[38;2;0;0;0m [48;2;63;61;64m[38;2;237;236;238m▅[48;2;249;249;251m[38;2;249;249;251m  [48;2;250;250;252m[38;2;250;250;252m    [48;2;248;248;250m[38;2;248;248;250m  [48;2;104;102;107m[38;2;205;203;207m▊[48;2;6;5;9m[38;2;31;29;34m▎[48;2;1;1;3m[38;2;1;1;3m  [48;2;1;1;1m[38;2;1;1;1m            [0m
[48;2;1;1;1m[38;2;1;1;1m                  [48;2;1;1;3m[38;2;1;1;3m  [48;2;2;0;3m[38;2;2;0;3m  [48;2;1;1;3m[38;2;1;1;3m  [48;2;3;1;6m[38;2;3;1;6m    [48;2;1;1;3m[38;2;1;1;3m  [48;2;1;0;2m[38;2;8;6;9m┃[48;2;35;33;36m[38;2;1;0;2m▊[48;2;248;248;250m[38;2;205;205;207m▎[48;2;240;240;242m[38;2;252;252;253m┃[48;2;250;250;252m[38;2;250;250;252m      [48;2;243;242;244m[38;2;0;0;0m [48;2;233;231;234m[38;2;37;35;38m▁[48;2;222;218;222m[38;2;27;22;26m▁[48;2;185;180;184m[38;2;18;13;17m▅[48;2;4;2;7m[38;2;4;2;7m  [48;2;1;1;3m[38;2;1;1;3m  [48;2;1;1;1m[38;2;1;1;1m            [0m
[48;2;1;1;1m[38;2;1;1;1m                  [48;2;2;0;3m[38;2;2;0;3m    [48;2;3;1;6m[38;2;3;1;6m      [48;2;2;0;3m[38;2;2;0;3m  [48;2;0;0;2m[38;2;7;7;9m┃[48;2;34;34;36m[38;2;0;0;2m▊[48;2;248;248;250m[38;2;205;205;207m▎[48;2;240;240;242m[38;2;252;252;253m┃[48;2;250;250;252m[38;2;250;250;252m    [48;2;237;237;239m[38;2;251;251;252m▊[48;2;193;193;195m[38;2;243;243;244m▊[48;2;191;186;192m[38;2;19;15;20m▅[48;2;4;0;5m[38;2;3;0;4m▖[48;2;3;1;6m[38;2;3;1;6m      [48;2;1;1;1m[38;2;1;1;1m            [0m
[48;2;4;2;10m[38;2;23;2;126m▂▂▂▂▂▂▂▂▂▂▂▂▂▂▂▂▂▂[48;2;5;3;12m[38;2;24;2;129m▂▂[48;2;4;2;10m[38;2;23;2;126m▂▂[48;2;5;3;12m[38;2;24;2;129m▂▂▂▂▂▂[48;2;4;2;10m[38;2;23;2;126m▂▂[48;2;7;5;20m[38;2;49;24;171m▁[48;2;19;18;19m[38;2;170;163;192m▂[48;2;250;250;251m[38;2;207;207;209m▎[48;2;242;242;244m[38;2;253;253;254m┃[48;2;250;250;252m[38;2;250;250;252m  [48;2;249;249;251m[38;2;249;249;251m  [48;2;230;216;227m[38;2;165;59;106m▁[48;2;186;184;180m[38;2;29;17;74m▅[48;2;6;3;13m[38;2;25;3;130m▂▂[48;2;5;3;12m[38;2;24;2;129m▂▂▂▂▂▂[48;2;4;2;10m[38;2;23;2;126m▂▂▂▂▂▂▂▂▂▂▂▂[0m
[48;2;38;3;183m[38;2;38;3;183m                              [48;2;72;47;175m[38;2;35;4;185m▊[48;2;250;246;247m[38;2;189;176;232m▎[48;2;250;250;252m[38;2;250;250;252m  [48;2;249;249;251m[38;2;249;249;251m  [48;2;246;238;243m[38;2;90;66;156m▂[48;2;239;229;234m[38;2;195;100;133m▂[48;2;124;39;132m[38;2;197;67;86m▊[48;2;61;10;178m[38;2;30;1;192m┃[48;2;38;3;183m[38;2;38;3;183m                    [0m
[48;2;38;3;183m[38;2;38;3;183m                              [48;2;70;48;175m[38;2;33;5;185m▊[48;2;248;247;247m[38;2;187;176;232m▎[48;2;250;250;252m[38;2;250;250;252m  [48;2;253;251;253m[38;2;245;243;246m┃[48;2;237;235;238m[38;2;255;254;255m▌[48;2;92;43;144m[38;2;206;77;89m▅[48;2;209;69;102m[38;2;215;69;110m▄[48;2;175;63;109m[38;2;47;17;163m▂[48;2;38;9;185m[38;2;63;4;173m▎[48;2;38;3;183m[38;2;38;3;183m                    [0m
[48;2;38;3;185m[38;2;38;3;185m                              [48;2;72;47;175m[38;2;35;4;185m▊[48;2;250;246;247m[38;2;189;176;232m▎[48;2;250;250;252m[38;2;250;250;252m  [48;2;252;252;253m[38;2;244;244;246m┃[48;2;236;236;238m[38;2;255;255;255m▌[48;2;185;61;97m[38;2;52;19;174m▆[48;2;179;51;111m[38;2;46;9;188m▆[48;2;38;3;183m[38;2;38;3;183m  [48;2;38;3;185m[38;2;38;3;185m                    [0m
[48;2;38;3;185m[38;2;38;3;185m                              [48;2;39;8;186m[38;2;0;0;0m [48;2;191;179;219m[38;2;49;16;182m▆[48;2;255;254;255m[38;2;236;235;240m▌[48;2;252;251;254m[38;2;244;243;248m┃[48;2;212;204;242m[38;2;248;246;246m▊[48;2;208;202;225m[38;2;51;27;176m▆[48;2;39;4;184m[38;2;39;4;184m  [48;2;38;3;185m[38;2;38;3;185m                      [0m
[48;2;38;3;185m[38;2;38;3;185m                              [48;2;39;4;182m[38;2;39;4;182m  [48;2;235;201;220m[38;2;200;75;102m▆[48;2;245;224;227m[38;2;185;77;88m▂[48;2;222;217;229m[38;2;202;73;126m▂[48;2;57;23;175m[38;2;34;2;178m┃[48;2;38;3;185m[38;2;38;3;185m                        [0m
[48;2;38;3;185m[38;2;38;3;185m                              [48;2;36;1;182m[38;2;33;2;155m▗[48;2;41;9;167m[38;2;20;9;43m▂[48;2;206;68;96m[38;2;57;27;21m▃[48;2;214;70;100m[38;2;0;0;0m [48;2;214;75;105m [48;2;74;22;133m[38;2;208;69;92m▆[48;2;33;20;71m[38;2;183;56;87m▂[48;2;37;8;149m[38;2;19;6;11m▆[48;2;36;13;140m[38;2;5;3;12m▆▆[48;2;29;6;122m[38;2;13;7;20m▅[48;2;35;7;156m[38;2;15;5;43m▂[48;2;38;3;185m[38;2;38;3;185m                  [0m
[48;2;38;3;185m[38;2;38;3;185m                              [48;2;37;1;184m[38;2;37;6;158m▝[48;2;37;19;91m[38;2;37;2;179m▆[48;2;19;9;30m[38;2;44;13;183m▂[48;2;135;45;74m[38;2;26;7;82m▆[48;2;168;49;82m[38;2;25;10;82m▆▆[48;2;140;49;77m[38;2;29;10;84m▆[48;2;14;5;24m[38;2;37;7;175m▂[48;2;8;3;24m[38;2;39;10;180m▂▂[48;2;16;7;44m[38;2;36;4;179m▂[48;2;31;17;82m[38;2;32;2;167m▆[48;2;38;3;185m[38;2;38;3;185m                  [0m
[48;2;40;2;185m[38;2;40;2;185m                                                            [0m
[48;2;40;2;185m[38;2;40;2;185m                                                            [0m
