[48;2;1;1;1m[38;2;1;1;1m                                                            [0m
[48;2;1;1;1m[38;2;1;1;1m                                                            [0m
[48;2;1;1;1m[38;2;1;1;1m                                                            [0m
[48;2;1;1;1m[38;2;1;1;1m                                                            [0m
[48;2;1;1;1m[38;2;1;1;1m                          [48;2;3;1;4m[38;2;3;1;4m  [48;2;1;1;3m[38;2;1;1;3m  [48;2;1;1;1m[38;2;1;1;1m    [48;2;0;0;0m[38;2;4;4;4m▘[48;2;6;6;6m[38;2;27;27;27m▗[48;2;37;32;36m[38;2;225;220;224m▃[48;2;34;30;33m[38;2;237;233;236m▃[48;2;31;27;30m[38;2;241;238;241m▃▃[48;2;32;31;31m[38;2;207;205;206m▃[48;2;12;10;11m[38;2;0;0;0m [48;2;1;1;1m[38;2;1;1;1m                  [0m
[48;2;1;1;1m[38;2;1;1;1m                        [48;2;6;5;3m[38;2;0;0;0m [48;2;40;11;19m[38;2;180;66;102m▗[48;2;120;49;53m[38;2;207;73;98m▆[48;2;177;51;73m[38;2;217;70;99m▆[48;2;16;4;9m[38;2;89;40;59m▎[48;2;4;1;2m[38;2;6;18;16m▎[48;2;2;0;3m[38;2;2;0;3m  [48;2;1;1;3m[38;2;1;1;3m  [48;2;3;1;4m[38;2;3;1;4m  [48;2;100;72;77m[38;2;23;17;16m▊[48;2;235;225;226m[38;2;195;90;121m▄[48;2;248;242;249m[38;2;209;98;116m▄▄[48;2;249;247;250m[38;2;233;231;236m╸[48;2;144;142;147m[38;2;224;222;227m▊[48;2;5;3;6m[38;2;5;3;6m  [48;2;1;1;1m[38;2;1;1;1m      [48;2;29;11;11m[38;2;0;0;0m [48;2;70;19;31m[38;2;185;64;100m▄[48;2;52;10;14m[38;2;176;64;82m▊[48;2;4;0;5m[38;2;9;9;16m┗[48;2;1;1;1m[38;2;1;1;1m      [0m
[48;2;1;1;1m[38;2;1;1;1m                    [48;2;2;0;3m[38;2;2;0;3m  [48;2;1;1;1m[38;2;1;1;1m  [48;2;11;9;10m[38;2;2;0;1m▅▅[48;2;178;68;83m[38;2;198;191;195m▄[48;2;211;77;100m[38;2;247;220;232m▄[48;2;36;27;32m[38;2;214;205;210m▄[48;2;30;22;26m[38;2;0;0;0m [48;2;1;1;3m[38;2;1;1;3m  [48;2;3;1;6m[38;2;3;1;6m  [48;2;5;3;8m[38;2;5;3;8m  [48;2;16;11;8m[38;2;0;0;0m [48;2;50;21;25m[38;2;181;60;95m▄[48;2;190;65;89m[38;2;216;64;98m▄[48;2;59;26;21m[38;2;190;64;89m▄[48;2;225;133;154m[38;2;206;83;105m▊[48;2;165;152;169m[38;2;239;230;236m▊[48;2;4;2;7m[38;2;20;18;23m▌[48;2;7;5;10m[38;2;1;0;4m▊[48;2;1;1;1m[38;2;1;1;1m  [48;2;1;1;3m[38;2;1;1;3m  [48;2;2;2;4m[38;2;2;2;4m  [48;2;149;51;74m[38;2;13;9;8m▊[48;2;230;73;102m[38;2;212;73;92m│[48;2;21;17;8m[38;2;194;64;88m▊[48;2;0;4;6m[38;2;26;3;17m┃[48;2;1;1;1m[38;2;1;1;1m      [0m
[48;2;1;1;1m[38;2;1;1;1m                    [48;2;1;1;3m[38;2;1;1;3m    [48;2;1;1;1m[38;2;1;1;1m  [48;2;198;196;199m[38;2;32;30;33m▄[48;2;230;228;231m[38;2;0;0;0m [48;2;255;255;255m[38;2;239;239;241m━[48;2;173;173;175m[38;2;244;244;245m▇[48;2;31;30;32m[38;2;230;228;231m▄[48;2;14;13;15m[38;2;231;229;231m▄[48;2;14;12;15m[38;2;225;223;226m▄[48;2;24;22;25m[38;2;234;233;234m▄[48;2;152;151;156m[38;2;244;243;247m▇▇[48;2;219;178;186m[38;2;231;233;235m▊[48;2;218;72;97m[38;2;207;104;125m▎[48;2;217;73;100m[38;2;217;73;100m  [48;2;232;135;155m[38;2;215;75;100m▊[48;2;226;224;228m[38;2;0;0;0m [48;2;17;15;18m[38;2;229;227;230m▄▄[48;2;16;14;17m[38;2;194;192;195m▄[48;2;1;0;2m[38;2;5;3;6m▄[48;2;5;3;8m[38;2;5;3;8m  [48;2;10;6;11m[38;2;30;25;31m▁[48;2;174;169;175m[38;2;22;17;23m▊[48;2;174;132;142m[38;2;241;224;226m▇[48;2;153;60;87m[38;2;191;174;177m▄[48;2;4;2;5m[38;2;4;2;5m  [48;2;1;1;1m[38;2;1;1;1m      [0m
[48;2;1;1;1m[38;2;1;1;1m                    [48;2;2;2;4m[38;2;2;2;4m  [48;2;3;1;6m[38;2;3;1;6m  [48;2;1;1;1m[38;2;1;1;1m  [48;2;1;0;0m[38;2;10;8;9m┏[48;2;194;192;193m[38;2;28;26;27m▄[48;2;231;229;231m[38;2;0;0;0m [48;2;245;244;246m[38;2;190;188;191m▁[48;2;250;250;252m[38;2;250;250;252m      [48;2;238;236;237m[38;2;246;254;252m▊[48;2;211;185;194m[38;2;251;239;244m▊[48;2;219;112;133m[38;2;199;70;98m▊[48;2;213;92;117m[38;2;249;226;220m▄[48;2;248;248;250m[38;2;248;248;250m  [48;2;250;250;252m[38;2;250;250;252m  [48;2;248;248;249m[38;2;233;233;235m╴[48;2;184;184;186m[38;2;246;246;248m▇[48;2;242;238;242m[38;2;162;157;161m▝[48;2;52;48;51m[38;2;234;230;233m▄[48;2;189;187;190m[38;2;249;247;249m▇▇[48;2;241;239;242m[38;2;252;251;253m▊[48;2;61;59;62m[38;2;225;224;226m▊[48;2;1;1;3m[38;2;1;1;3m  [48;2;1;1;1m[38;2;1;1;1m      [0m
[48;2;1;1;1m[38;2;1;1;1m                [48;2;2;0;3m[38;2;2;0;3m  [48;2;3;1;4m[38;2;3;1;4m  [48;2;3;1;6m[38;2;3;1;6m    [48;2;2;0;3m[38;2;2;0;3m  [48;2;1;1;1m[38;2;1;1;1m  [48;2;35;33;34m[38;2;5;3;4m▇▇[48;2;211;209;212m[38;2;20;18;21m▄[48;2;225;223;226m[38;2;21;19;22m▄[48;2;230;228;231m[38;2;33;32;34m▄[48;2;239;238;240m[38;2;0;0;0m [48;2;250;250;252m[38;2;250;250;252m    [48;2;249;249;251m[38;2;249;249;251m  [48;2;250;250;252m[38;2;250;250;252m    [48;2;246;246;247m[38;2;224;224;226m▁[48;2;251;251;253m[38;2;219;219;221m▂[48;2;255;254;255m[38;2;243;241;244m▄▄[48;2;217;215;218m[38;2;0;0;0m [48;2;231;229;232m[38;2;19;17;20m▄[48;2;184;182;185m[38;2;15;13;16m▄[48;2;10;8;11m[38;2;0;0;0m [48;2;1;1;1m[38;2;1;1;1m  [48;2;1;1;3m[38;2;1;1;3m  [48;2;1;1;1m[38;2;1;1;1m    [0m
[48;2;1;1;1m[38;2;1;1;1m            [48;2;1;1;3m[38;2;1;1;3m  [48;2;3;1;6m[38;2;3;1;6m      [48;2;1;1;3m[38;2;1;1;3m  [48;2;1;1;1m[38;2;1;1;1m    [48;2;3;1;4m[38;2;3;1;4m  [48;2;1;1;3m[38;2;1;1;3m    [48;2;52;50;53m[38;2;6;4;7m▊[48;2;246;245;247m[38;2;175;173;176m▎[48;2;250;250;252m[38;2;250;250;252m        [48;2;239;237;240m[38;2;251;250;252m▊[48;2;232;230;233m[38;2;0;0;0m [48;2;196;194;197m[38;2;15;13;16m▄[48;2;27;25;28m[38;2;1;0;2m▇[48;2;12;10;11m[38;2;2;1;1m▅▅[48;2;3;3;5m[38;2;3;3;5m  [48;2;1;1;1m[38;2;1;1;1m          [0m
[48;2;1;1;1m[38;2;1;1;1m            [48;2;3;1;6m[38;2;3;1;6m      [48;2;3;1;4m[38;2;3;1;4m  [48;2;1;1;3m[38;2;1;1;3m  [48;2;1;1;1m[38;2;1;1;1m    [48;2;3;1;6m[38;2;3;1;6m      [48;2;47;42;46m[38;2;9;5;8m▊[48;2;232;228;231m[38;2;167;162;166m▎[48;2;250;250;252m[38;2;250;250;252m        [48;2;255;254;255m[38;2;250;248;251m▅[48;2;205;203;206m[38;2;0;0;0m [48;2;4;2;7m[38;2;4;2;7m  [48;2;1;1;1m[38;2;1;1;1m              [0m
[48;2;1;1;1m[38;2;1;1;1m            [48;2;1;1;3m[38;2;1;1;3m  [48;2;3;1;6m[38;2;3;1;6m  [48;2;2;0;3m[38;2;2;0;3m  [48;2;1;1;1m[38;2;1;1;1m  [48;2;3;1;6m[38;2;3;1;6m    [48;2;1;1;1m[38;2;1;1;1m        [48;2;1;0;2m[38;2;7;5;8m│[48;2;66;64;67m[38;2;8;6;9m▊[48;2;255;255;255m[38;2;236;236;238m▌[48;2;252;252;253m[38;2;244;244;246m┃[48;2;250;250;252m[38;2;250;250;252m      [48;2;146;144;145m[38;2;245;243;244m▊[48;2;1;0;0m[38;2;23;21;22m▄[48;2;1;1;3m[38;2;1;1;3m  [48;2;1;1;1m[38;2;1;1;1m              [0m
[48;2;1;1;1m[38;2;1;1;1m              [48;2;2;0;3m[38;2;2;0;3m  [48;2;1;1;3m[38;2;1;1;3m    [48;2;3;1;6m[38;2;3;1;6m  [48;2;3;1;4m[38;2;3;1;4m  [48;2;1;1;3m[38;2;1;1;3m  [48;2;1;1;1m[38;2;1;1;1m    [48;2;1;1;3m[38;2;1;1;3m  [48;2;1;0;2m[38;2;5;3;6m▄[48;2;25;23;26m[38;2;132;130;133m▁[48;2;236;234;236m[38;2;133;131;134m▁[48;2;245;243;245m[38;2;0;0;0m [48;2;250;250;252m[38;2;250;250;252m    [48;2;248;248;250m[38;2;248;248;250m  [48;2;119;117;118m[38;2;219;217;218m▊[48;2;6;4;5m[38;2;29;28;28m▎[48;2;1;1;3m[38;2;1;1;3m  [48;2;1;1;1m[38;2;1;1;1m              [0m
[48;2;1;1;1m[38;2;1;1;1m                [48;2;3;1;4m[38;2;3;1;4m  [48;2;3;1;6m[38;2;3;1;6m  [48;2;2;0;3m[38;2;2;0;3m  [48;2;3;1;6m[38;2;3;1;6m  [48;2;2;0;3m[38;2;2;0;3m  [48;2;1;1;1m[38;2;1;1;1m    [48;2;3;1;6m[38;2;3;1;6m  [48;2;28;23;27m[38;2;153;148;152m▁[48;2;244;240;243m[38;2;184;179;183m▎[48;2;53;48;52m[38;2;217;212;216m▅[48;2;215;210;214m[38;2;83;79;82m▅[48;2;234;232;235m[38;2;27;25;28m▅▅[48;2;237;233;234m[38;2;40;37;37m▅[38;2;72;69;69m▅[48;2;230;224;228m[38;2;77;71;75m▅[48;2;206;200;204m[38;2;92;86;90m▅[48;2;34;29;33m[38;2;195;190;194m▅[48;2;3;0;2m[38;2;6;1;5m▄[48;2;1;1;1m[38;2;1;1;1m                [0m
[48;2;1;1;1m[38;2;1;1;1m                    [48;2;0;0;0m[38;2;0;0;0m  [48;2;1;1;3m[38;2;1;1;3m  [48;2;1;1;1m[38;2;1;1;1m    [48;2;2;0;3m[38;2;2;0;3m  [48;2;1;0;2m[38;2;8;6;9m┃[48;2;35;33;36m[38;2;1;0;2m▊[48;2;248;248;250m[38;2;205;205;207m▎[48;2;240;240;242m[38;2;252;252;253m┃[48;2;255;254;255m[38;2;255;253;255m▄[48;2;218;217;219m[38;2;97;95;98m▁[48;2;30;25;28m[38;2;134;128;132m▂[48;2;29;23;27m[38;2;161;155;159m▅[48;2;125;120;124m[38;2;39;34;38m▊[48;2;250;246;249m[38;2;216;211;215m▎[48;2;249;249;251m[38;2;249;249;251m  [48;2;240;235;239m[38;2;0;0;0m [48;2;25;20;24m[38;2;203;199;203m▅[48;2;2;2;4m[38;2;2;2;4m  [48;2;1;1;1m[38;2;1;1;1m              [0m
[48;2;1;1;1m[38;2;1;1;1m                        [48;2;1;1;3m[38;2;1;1;3m  [48;2;3;1;6m[38;2;3;1;6m  [48;2;2;0;3m[38;2;2;0;3m  [48;2;8;6;9m[38;2;0;0;0m [48;2;25;23;26m[38;2;149;147;150m▁[48;2;248;248;250m[38;2;210;210;212m▎[48;2;210;210;212m[38;2;248;248;250m▊[48;2;210;205;208m[38;2;49;44;47m▅[48;2;54;48;52m[38;2;214;209;213m▅[48;2;196;190;194m[38;2;95;89;93m▅[48;2;60;54;58m[38;2;228;224;227m▅[48;2;248;248;250m[38;2;248;248;250m  [48;2;250;250;252m[38;2;250;250;252m  [48;2;252;250;252m[38;2;244;242;245m┃[48;2;152;150;153m[38;2;243;242;244m▊[48;2;4;2;7m[38;2;4;2;7m  [48;2;1;1;3m[38;2;1;1;3m  [48;2;1;1;1m[38;2;1;1;1m            [0m
[48;2;1;1;1m[38;2;1;1;1m                    [48;2;2;0;3m[38;2;2;0;3m  [48;2;1;1;1m[38;2;1;1;1m  [48;2;3;1;6m[38;2;3;1;6m    [48;2;2;0;3m[38;2;2;0;3m  [48;2;38;36;39m[38;2;6;5;7m▊[48;2;247;245;248m[38;2;161;159;162m▎[48;2;248;248;250m[38;2;248;248;250m  [48;2;63;61;64m[38;2;235;234;236m▅[48;2;244;242;244m[38;2;0;0;0m [48;2;250;250;252m[38;2;250;250;252m      [48;2;244;240;243m[38;2;0;0;0m [48;2;208;203;207m[38;2;47;42;46m▁[48;2;4;2;7m[38;2;4;2;7m  [48;2;1;1;3m[38;2;1;1;3m  [48;2;1;1;1m[38;2;1;1;1m            [0m
[48;2;1;1;1m[38;2;1;1;1m                  [48;2;1;1;3m[38;2;1;1;3m  [48;2;2;0;3m[38;2;2;0;3m  [48;2;1;1;3m[38;2;1;1;3m  [48;2;3;1;6m[38;2;3;1;6m    [48;2;1;1;3m[38;2;1;1;3m  [48;2;38;36;39m[38;2;6;5;7m▊[48;2;247;245;248m[38;2;161;159;162m▎[48;2;250;250;252m[38;2;250;250;252m      [48;2;248;248;250m[38;2;248;248;250m  [48;2;235;234;236m[38;2;37;35;38m▁[48;2;216;215;217m[38;2;24;22;25m▁[48;2;187;185;190m[38;2;16;14;19m▅[48;2;1;0;4m[38;2;44;42;47m [48;2;3;1;6m[38;2;3;1;6m  [48;2;1;1;3m[38;2;1;1;3m  [48;2;1;1;1m[38;2;1;1;1m            [0m
[48;2;1;1;1m[38;2;1;1;1m                  [48;2;2;0;3m[38;2;2;0;3m    [48;2;3;1;6m[38;2;3;1;6m      [48;2;2;0;3m[38;2;2;0;3m  [48;2;38;36;39m[38;2;6;5;7m▊[48;2;247;245;248m[38;2;161;159;162m▎[48;2;250;250;252m[38;2;250;250;252m      [48;2;191;186;190m[38;2;246;242;245m▊[48;2;193;188;192m[38;2;26;21;25m▅[48;2;4;2;7m[38;2;4;2;7m  [48;2;3;1;6m[38;2;3;1;6m      [48;2;1;1;1m[38;2;1;1;1m            [0m
[48;2;4;2;10m[38;2;23;2;126m▂▂▂▂▂▂▂▂▂▂▂▂▂▂▂▂▂▂[48;2;5;3;12m[38;2;24;2;129m▂▂[48;2;4;2;10m[38;2;23;2;126m▂▂[48;2;5;3;12m[38;2;24;2;129m▂▂▂▂▂▂[48;2;4;2;10m[38;2;23;2;126m▂▂[48;2;15;14;17m[38;2;24;9;122m▂[48;2;249;247;245m[38;2;165;160;176m▎[48;2;250;250;252m[38;2;250;250;252m    [48;2;238;238;240m[38;2;251;251;252m▊[48;2;195;195;197m[38;2;244;244;246m▊[48;2;189;184;193m[38;2;28;16;71m▅[48;2;12;8;15m[38;2;34;10;135m▂[48;2;5;3;12m[38;2;24;2;129m▂▂▂▂▂▂▂▂[48;2;4;2;10m[38;2;23;2;126m▂▂▂▂▂▂▂▂▂▂▂▂[0m
[48;2;38;3;183m[38;2;38;3;183m                              [48;2;61;36;175m[38;2;34;4;186m▊[48;2;226;219;235m[38;2;85;61;184m▂[48;2;249;249;251m[38;2;249;249;251m  [48;2;250;250;252m[38;2;250;250;252m  [48;2;247;241;244m[38;2;0;0;0m [48;2;242;228;233m[38;2;191;114;140m▂[48;2;38;16;161m[38;2;180;55;107m▆[48;2;38;5;192m[38;2;61;12;163m▎[48;2;38;3;183m[38;2;38;3;183m                    [0m
[48;2;38;3;183m[38;2;38;3;183m                              [48;2;40;5;183m[38;2;40;5;183m  [48;2;248;247;251m[38;2;205;204;209m▎[48;2;240;239;244m[38;2;252;251;254m┃[48;2;255;254;255m[38;2;250;248;251m▌[48;2;232;230;233m▌[48;2;252;215;212m[38;2;211;83;108m▆[48;2;207;75;101m[38;2;0;0;0m [48;2;175;63;109m[38;2;47;17;163m▂[48;2;38;9;185m[38;2;63;4;173m▎[48;2;38;3;183m[38;2;38;3;183m                    [0m
[48;2;38;3;185m[38;2;38;3;185m                              [48;2;40;5;183m[38;2;40;5;183m  [48;2;248;247;251m[38;2;205;204;209m▎[48;2;240;239;244m[38;2;252;251;254m┃[48;2;253;251;253m[38;2;245;243;246m┃[48;2;237;235;238m[38;2;255;254;255m▌[48;2;196;71;107m[38;2;65;24;162m▂[48;2;190;65;101m[38;2;59;18;157m▂[48;2;39;4;184m[38;2;39;4;184m  [48;2;38;3;185m[38;2;38;3;185m                    [0m
[48;2;38;3;185m[38;2;38;3;185m                              [48;2;39;4;184m[38;2;39;4;184m  [48;2;222;219;234m[38;2;66;47;186m▂[48;2;243;243;243m[38;2;0;0;0m [48;2;255;255;255m[38;2;249;249;251m▌[48;2;231;231;233m▌[48;2;34;5;167m[38;2;81;50;206m▎[48;2;46;10;197m[38;2;34;0;186m┃[48;2;38;3;185m[38;2;38;3;185m                      [0m
[48;2;38;3;185m[38;2;38;3;185m                                [48;2;46;14;172m[38;2;48;12;206m▎[48;2;223;217;224m[38;2;203;73;122m▂[48;2;236;234;234m[38;2;216;91;131m▂[48;2;242;236;236m[38;2;0;0;0m [48;2;35;6;166m[38;2;82;51;206m▎[48;2;47;11;196m[38;2;35;0;185m┃[48;2;38;3;185m[38;2;38;3;185m                      [0m
[48;2;38;3;185m[38;2;38;3;185m                              [48;2;32;2;169m[38;2;42;5;198m▖[48;2;37;5;165m[38;2;27;16;51m▂[48;2;35;10;126m[38;2;19;10;23m▆[48;2;223;78;109m[38;2;163;58;96m▎[48;2;217;76;103m[38;2;0;0;0m [48;2;236;180;178m[38;2;212;74;100m▆[48;2;73;32;68m[38;2;186;67;100m━[48;2;34;18;144m[38;2;22;7;20m▆[48;2;36;13;140m[38;2;5;3;12m▆▆[48;2;29;6;122m[38;2;13;7;20m▅[48;2;35;7;156m[38;2;15;5;43m▂[48;2;38;3;185m[38;2;38;3;185m                  [0m
[48;2;38;3;185m[38;2;38;3;185m                              [48;2;37;1;184m[38;2;37;6;158m▝[48;2;37;19;91m[38;2;37;2;179m▆[48;2;19;9;30m[38;2;44;13;183m▂[48;2;135;45;74m[38;2;26;7;82m▆[48;2;148;47;76m[38;2;28;10;82m▆▆[48;2;9;4;24m[38;2;40;11;181m▂▂[48;2;8;3;24m[38;2;39;10;180m▂▂[48;2;16;7;44m[38;2;36;4;179m▂[48;2;31;17;82m[38;2;32;2;167m▆[48;2;38;3;185m[38;2;38;3;185m                  [0m
[48;2;40;2;185m[38;2;40;2;185m                                                            [0m
[48;2;40;2;185m[38;2;40;2;185m                                                            [0m
