[48;2;1;1;1m[38;2;1;1;1m                                                            [0m
[48;2;1;1;1m[38;2;1;1;1m                                                            [0m
[48;2;1;1;1m[38;2;1;1;1m                                                            [0m
[48;2;1;1;1m[38;2;1;1;1m                                                            [0m
[48;2;1;1;1m[38;2;1;1;1m                          [48;2;3;1;6m[38;2;3;1;6m  [48;2;1;1;3m[38;2;1;1;3m  [48;2;1;1;1m[38;2;1;1;1m    [48;2;0;0;0m[38;2;4;4;4m▘[48;2;6;6;6m[38;2;27;27;27m▗[48;2;37;32;36m[38;2;225;220;224m▃[48;2;34;30;33m[38;2;237;233;236m▃[48;2;31;27;30m[38;2;241;238;241m▃▃[48;2;32;31;31m[38;2;207;205;206m▃[48;2;12;10;11m[38;2;0;0;0m [48;2;1;1;1m[38;2;1;1;1m                  [0m
[48;2;1;1;1m[38;2;1;1;1m                        [48;2;1;1;3m[38;2;1;1;3m  [48;2;3;1;6m[38;2;3;1;6m    [48;2;2;0;3m[38;2;2;0;3m  [48;2;1;1;3m[38;2;1;1;3m  [48;2;3;1;4m[38;2;3;1;4m  [48;2;100;72;77m[38;2;23;17;16m▊[48;2;235;225;226m[38;2;195;90;121m▄[48;2;248;242;249m[38;2;209;98;116m▄▄[48;2;249;247;250m[38;2;233;231;236m╸[48;2;144;142;147m[38;2;224;222;227m▊[48;2;5;3;6m[38;2;5;3;6m  [48;2;1;1;1m[38;2;1;1;1m      [48;2;2;1;6m[38;2;2;1;6m  [48;2;3;1;6m[38;2;3;1;6m  [48;2;1;1;1m[38;2;1;1;1m      [0m
[48;2;1;1;1m[38;2;1;1;1m                    [48;2;2;0;3m[38;2;2;0;3m  [48;2;27;12;7m[38;2;166;60;82m▃[48;2;204;65;98m[38;2;107;46;54m▘[48;2;61;15;25m[38;2;175;58;92m▄[48;2;24;14;13m[38;2;0;0;0m [48;2;3;1;6m[38;2;3;1;6m    [48;2;1;1;3m[38;2;1;1;3m  [48;2;3;1;4m[38;2;3;1;4m  [48;2;4;2;7m[38;2;4;2;7m  [48;2;16;11;8m[38;2;0;0;0m [48;2;50;21;25m[38;2;181;60;95m▄[48;2;190;65;89m[38;2;216;64;98m▄[48;2;59;26;21m[38;2;190;64;89m▄[48;2;225;133;154m[38;2;206;83;105m▊[48;2;165;152;169m[38;2;239;230;236m▊[48;2;4;2;7m[38;2;20;18;23m▌[48;2;7;5;10m[38;2;1;0;4m▊[48;2;1;1;1m[38;2;1;1;1m  [48;2;12;6;8m[38;2;5;1;1m▚[48;2;8;2;4m[38;2;4;0;0m▌[48;2;50;19;17m[38;2;198;63;92m▄[48;2;151;62;76m[38;2;216;71;104m▆[48;2;101;22;37m[38;2;189;65;94m▇[48;2;123;48;62m[38;2;26;8;6m▄[48;2;3;1;6m[38;2;3;1;6m  [48;2;1;1;1m[38;2;1;1;1m      [0m
[48;2;1;1;1m[38;2;1;1;1m                    [48;2;1;1;3m[38;2;1;1;3m  [48;2;15;7;6m[38;2;0;0;0m [48;2;163;61;91m[38;2;187;176;176m▄[48;2;195;71;108m[38;2;237;230;228m▄[48;2;191;149;157m[38;2;243;227;228m▇[48;2;42;41;45m[38;2;233;231;235m▄[48;2;18;17;21m[38;2;223;221;225m▄[48;2;1;0;4m[38;2;8;6;11m▖[48;2;7;5;10m[38;2;29;27;32m▂[48;2;2;1;3m[38;2;13;11;14m▄▄[48;2;14;12;15m[38;2;214;212;215m▄[48;2;15;14;16m[38;2;233;231;233m▄[48;2;32;31;35m[38;2;229;227;231m▄[48;2;152;150;155m[38;2;240;238;242m▇[48;2;219;178;186m[38;2;231;233;235m▊[48;2;218;72;97m[38;2;207;104;125m▎[48;2;217;73;100m[38;2;217;73;100m  [48;2;232;135;155m[38;2;215;75;100m▊[48;2;226;224;228m[38;2;0;0;0m [48;2;17;15;18m[38;2;229;227;230m▄▄[48;2;16;14;17m[38;2;194;192;195m▄[48;2;1;0;2m[38;2;5;3;6m▄[48;2;3;4;5m[38;2;14;20;20m│[48;2;130;102;114m[38;2;21;6;11m▊[48;2;220;77;104m[38;2;243;227;234m▄[48;2;161;66;76m[38;2;195;180;187m▄[48;2;8;3;7m[38;2;8;3;7m  [48;2;1;1;3m[38;2;1;1;3m  [48;2;1;1;1m[38;2;1;1;1m      [0m
[48;2;1;1;1m[38;2;1;1;1m                    [48;2;2;2;4m[38;2;2;2;4m  [48;2;1;0;4m[38;2;15;13;18m⎻[48;2;58;56;61m[38;2;8;6;11m▇[48;2;191;187;190m[38;2;27;22;26m▄[48;2;219;215;219m[38;2;0;0;0m [48;2;251;251;252m[38;2;224;224;226m▂[48;2;247;247;248m[38;2;235;235;237m▁[48;2;255;254;255m[38;2;244;242;245m▄▄[38;2;243;241;246m▄▄[48;2;250;250;252m[38;2;250;250;252m    [48;2;238;236;237m[38;2;246;254;252m▊[48;2;211;185;194m[38;2;251;239;244m▊[48;2;219;112;133m[38;2;199;70;98m▊[48;2;213;92;117m[38;2;249;226;220m▄[48;2;248;248;250m[38;2;248;248;250m  [48;2;250;250;252m[38;2;250;250;252m  [48;2;248;248;249m[38;2;233;233;235m╴[48;2;184;184;186m[38;2;246;246;248m▇[48;2;149;144;148m[38;2;230;225;229m▇[48;2;64;60;63m[38;2;234;230;233m▄[48;2;249;249;251m[38;2;249;249;251m  [48;2;78;76;79m[38;2;226;225;227m▊[48;2;1;0;2m[38;2;15;13;16m│[48;2;1;1;1m[38;2;1;1;1m        [0m
[48;2;1;1;1m[38;2;1;1;1m                [48;2;2;0;3m[38;2;2;0;3m  [48;2;3;1;4m[38;2;3;1;4m  [48;2;3;1;6m[38;2;3;1;6m    [48;2;5;3;6m[38;2;5;3;6m  [48;2;45;43;44m[38;2;9;7;8m▇[48;2;197;195;196m[38;2;14;12;13m▄[48;2;232;230;233m[38;2;17;15;18m▄▄[48;2;231;229;232m[38;2;18;17;19m▄▄[48;2;230;228;231m[38;2;33;32;34m▄[48;2;239;238;240m[38;2;0;0;0m [48;2;250;250;252m[38;2;250;250;252m    [48;2;249;249;251m[38;2;249;249;251m  [48;2;250;250;252m[38;2;250;250;252m    [48;2;250;250;251m[38;2;231;231;233m▂▂[48;2;250;250;252m[38;2;250;250;252m  [48;2;249;249;251m[38;2;249;249;251m  [48;2;78;76;79m[38;2;228;226;228m▊[48;2;1;0;2m[38;2;11;9;12m│[48;2;1;1;1m[38;2;1;1;1m  [48;2;1;1;3m[38;2;1;1;3m  [48;2;1;1;1m[38;2;1;1;1m    [0m
[48;2;1;1;1m[38;2;1;1;1m            [48;2;1;1;3m[38;2;1;1;3m  [48;2;3;1;6m[38;2;3;1;6m      [48;2;1;1;3m[38;2;1;1;3m  [48;2;1;1;1m[38;2;1;1;1m    [48;2;3;1;4m[38;2;3;1;4m  [48;2;1;1;3m[38;2;1;1;3m    [48;2;49;44;48m[38;2;10;6;9m▊[48;2;234;229;233m[38;2;169;164;168m▎[48;2;250;250;252m[38;2;250;250;252m        [48;2;249;249;251m[38;2;249;249;251m  [48;2;124;119;123m[38;2;232;228;231m▊[48;2;32;28;31m[38;2;0;0;0m [48;2;223;221;224m[38;2;13;11;14m▄▄[48;2;222;220;222m[38;2;11;10;12m▄[48;2;189;187;190m[38;2;10;8;11m▄[48;2;2;2;2m[38;2;2;2;2m  [48;2;1;1;1m[38;2;1;1;1m        [0m
[48;2;1;1;1m[38;2;1;1;1m            [48;2;3;1;6m[38;2;3;1;6m      [48;2;3;1;4m[38;2;3;1;4m  [48;2;1;1;3m[38;2;1;1;3m  [48;2;1;1;1m[38;2;1;1;1m    [48;2;3;1;6m[38;2;3;1;6m      [48;2;15;13;18m[38;2;1;0;4m▊[48;2;58;56;61m[38;2;8;7;11m▊[48;2;255;255;255m[38;2;236;236;238m▌[48;2;252;252;253m[38;2;244;244;246m┃[48;2;250;250;252m[38;2;250;250;252m      [48;2;252;250;252m[38;2;244;242;245m┃[48;2;152;150;153m[38;2;243;242;244m▊[48;2;5;3;8m[38;2;5;3;8m  [48;2;1;1;1m[38;2;1;1;1m              [0m
[48;2;1;1;1m[38;2;1;1;1m            [48;2;1;1;3m[38;2;1;1;3m  [48;2;3;1;6m[38;2;3;1;6m  [48;2;2;0;3m[38;2;2;0;3m  [48;2;1;1;1m[38;2;1;1;1m  [48;2;3;1;6m[38;2;3;1;6m    [48;2;1;1;1m[38;2;1;1;1m        [48;2;1;0;2m[38;2;7;5;8m│[48;2;66;64;67m[38;2;8;6;9m▊[48;2;255;255;255m[38;2;236;236;238m▌[48;2;252;252;253m[38;2;244;244;246m┃[48;2;250;250;252m[38;2;250;250;252m      [48;2;190;188;191m[38;2;243;241;244m▊[48;2;213;211;214m[38;2;29;27;30m▅[48;2;1;1;3m[38;2;1;1;3m  [48;2;1;1;1m[38;2;1;1;1m              [0m
[48;2;1;1;1m[38;2;1;1;1m              [48;2;2;0;3m[38;2;2;0;3m  [48;2;1;1;3m[38;2;1;1;3m    [48;2;3;1;6m[38;2;3;1;6m  [48;2;3;1;4m[38;2;3;1;4m  [48;2;1;1;3m[38;2;1;1;3m  [48;2;1;1;1m[38;2;1;1;1m    [48;2;1;1;3m[38;2;1;1;3m  [48;2;42;40;41m[38;2;5;3;4m▊[48;2;29;28;28m[38;2;196;194;195m▅[48;2;222;218;221m[38;2;87;82;86m▅[48;2;237;233;236m[38;2;103;98;102m▁[48;2;244;242;245m[38;2;90;88;91m▁▁[48;2;245;243;246m[38;2;91;89;92m▁▁[48;2;242;241;243m[38;2;110;108;111m▁[48;2;229;227;230m[38;2;77;75;78m▁[48;2;204;202;205m[38;2;22;21;23m▅[48;2;1;0;2m[38;2;9;7;10m▄[48;2;1;1;3m[38;2;1;1;3m  [48;2;1;1;1m[38;2;1;1;1m              [0m
[48;2;1;1;1m[38;2;1;1;1m                [48;2;3;1;4m[38;2;3;1;4m  [48;2;3;1;6m[38;2;3;1;6m  [48;2;2;0;3m[38;2;2;0;3m  [48;2;3;1;6m[38;2;3;1;6m  [48;2;2;0;3m[38;2;2;0;3m  [48;2;1;1;1m[38;2;1;1;1m    [48;2;5;3;8m[38;2;5;3;8m  [48;2;26;24;27m[38;2;216;215;217m▅[48;2;241;239;241m[38;2;0;0;0m [48;2;239;237;240m [48;2;31;30;32m[38;2;215;214;216m▅[48;2;14;10;13m[38;2;0;0;0m [48;2;16;12;15m[38;2;132;127;131m▁[48;2;63;58;62m[38;2;11;7;10m▊[48;2;22;18;21m[38;2;217;213;216m▅[48;2;20;18;21m[38;2;230;228;231m▅▅[48;2;21;17;20m[38;2;208;204;208m▅[48;2;20;15;19m[38;2;148;143;147m▁[48;2;1;1;1m[38;2;1;1;1m                [0m
[48;2;1;1;1m[38;2;1;1;1m                    [48;2;0;0;0m[38;2;0;0;0m  [48;2;1;1;3m[38;2;1;1;3m  [48;2;1;1;1m[38;2;1;1;1m    [48;2;2;0;3m[38;2;2;0;3m  [48;2;1;0;0m[38;2;8;6;7m▄[48;2;38;36;37m[38;2;209;207;208m▅[48;2;241;241;243m[38;2;251;251;252m▄[48;2;250;250;251m[38;2;240;240;242m▃[48;2;205;200;204m[38;2;244;240;244m▊[48;2;215;211;214m[38;2;48;44;47m▅[48;2;54;48;52m[38;2;172;167;170m▅[48;2;199;194;198m[38;2;85;79;83m▅[48;2;61;59;62m[38;2;224;222;225m▅[48;2;245;243;245m[38;2;0;0;0m [48;2;250;250;252m[38;2;250;250;252m  [48;2;252;250;252m[38;2;244;242;245m┃[48;2;152;150;153m[38;2;243;242;244m▊[48;2;4;2;5m[38;2;4;2;5m  [48;2;1;1;1m[38;2;1;1;1m              [0m
[48;2;1;1;1m[38;2;1;1;1m                        [48;2;1;1;3m[38;2;1;1;3m  [48;2;3;1;6m[38;2;3;1;6m  [48;2;3;1;4m[38;2;3;1;4m  [48;2;41;40;42m[38;2;207;205;208m▅[48;2;239;237;240m[38;2;0;0;0m [48;2;255;255;255m[38;2;251;251;253m▘[48;2;245;245;247m[38;2;224;224;226m▗[48;2;209;204;208m[38;2;36;31;35m▅[48;2;36;32;35m[38;2;178;173;177m▁[48;2;51;49;52m[38;2;226;224;227m▅[48;2;244;243;245m[38;2;0;0;0m [48;2;250;250;252m[38;2;250;250;252m    [48;2;252;250;252m[38;2;244;242;245m┃[48;2;152;150;153m[38;2;243;242;244m▊[48;2;4;2;7m[38;2;4;2;7m  [48;2;1;1;3m[38;2;1;1;3m  [48;2;1;1;1m[38;2;1;1;1m            [0m
[48;2;1;1;1m[38;2;1;1;1m                    [48;2;2;0;3m[38;2;2;0;3m  [48;2;1;1;1m[38;2;1;1;1m  [48;2;3;1;6m[38;2;3;1;6m    [48;2;3;1;4m[38;2;3;1;4m  [48;2;248;247;252m[38;2;147;146;151m▎[48;2;255;254;255m[38;2;234;233;238m│[48;2;248;248;250m[38;2;248;248;250m  [48;2;63;61;64m[38;2;235;234;236m▅[48;2;244;242;244m[38;2;0;0;0m [48;2;250;250;252m[38;2;250;250;252m      [48;2;187;183;186m[38;2;245;241;244m▊[48;2;192;187;191m[38;2;27;22;26m▅[48;2;4;2;7m[38;2;4;2;7m  [48;2;1;1;3m[38;2;1;1;3m  [48;2;1;1;1m[38;2;1;1;1m            [0m
[48;2;1;1;1m[38;2;1;1;1m                  [48;2;1;1;3m[38;2;1;1;3m  [48;2;2;0;3m[38;2;2;0;3m  [48;2;1;1;3m[38;2;1;1;3m  [48;2;3;1;6m[38;2;3;1;6m    [48;2;3;1;4m[38;2;3;1;4m  [48;2;248;247;252m[38;2;147;146;151m▎[48;2;255;254;255m[38;2;234;233;238m│[48;2;250;250;252m[38;2;250;250;252m        [48;2;241;239;242m[38;2;0;0;0m [48;2;216;215;217m[38;2;52;50;53m▁[48;2;187;185;190m[38;2;16;14;19m▅[48;2;1;0;4m[38;2;44;42;47m [48;2;3;1;6m[38;2;3;1;6m  [48;2;1;1;3m[38;2;1;1;3m  [48;2;1;1;1m[38;2;1;1;1m            [0m
[48;2;1;1;1m[38;2;1;1;1m                  [48;2;2;0;3m[38;2;2;0;3m    [48;2;3;1;6m[38;2;3;1;6m      [48;2;3;1;4m[38;2;3;1;4m  [48;2;207;206;208m[38;2;35;33;36m▁[48;2;241;239;241m[38;2;0;0;0m [48;2;250;250;252m[38;2;250;250;252m      [48;2;252;252;254m[38;2;255;255;255m┃[48;2;194;194;196m[38;2;244;244;245m▊[48;2;181;176;180m[38;2;20;16;19m▅[48;2;13;9;12m[38;2;0;0;0m [48;2;3;1;6m[38;2;3;1;6m      [48;2;1;1;1m[38;2;1;1;1m            [0m
[48;2;4;2;10m[38;2;23;2;126m▂▂▂▂▂▂▂▂▂▂▂▂▂▂▂▂▂▂[48;2;5;3;12m[38;2;24;2;129m▂▂[48;2;4;2;10m[38;2;23;2;126m▂▂[48;2;5;3;12m[38;2;24;2;129m▂▂▂▂▂▂[48;2;4;2;10m[38;2;23;2;126m▂▂[48;2;15;14;17m[38;2;24;9;122m▂[48;2;249;247;245m[38;2;165;160;176m▎[48;2;250;250;252m[38;2;250;250;252m      [48;2;189;185;201m[38;2;243;241;242m▊[48;2;188;186;192m[38;2;29;21;69m▅[48;2;6;3;13m[38;2;25;3;130m▂▂[48;2;5;3;12m[38;2;24;2;129m▂▂▂▂▂▂[48;2;4;2;10m[38;2;23;2;126m▂▂▂▂▂▂▂▂▂▂▂▂[0m
[48;2;38;3;183m[38;2;38;3;183m                              [48;2;71;46;174m[38;2;34;3;184m▊[48;2;249;245;247m[38;2;188;175;231m▎[48;2;250;250;252m[38;2;250;250;252m      [48;2;186;176;229m[38;2;248;246;245m▊[48;2;32;4;182m[38;2;69;47;173m▎[48;2;38;3;183m[38;2;38;3;183m                    [0m
[48;2;38;3;183m[38;2;38;3;183m                              [48;2;71;46;174m[38;2;34;3;184m▊[48;2;249;245;247m[38;2;188;175;231m▎[48;2;250;250;252m[38;2;250;250;252m    [48;2;239;238;243m[38;2;252;251;254m┃[48;2;204;203;208m[38;2;247;246;249m▊[48;2;205;194;230m[38;2;48;19;178m▆[48;2;44;10;188m[38;2;0;0;0m [48;2;38;3;183m[38;2;38;3;183m                    [0m
[48;2;38;3;185m[38;2;38;3;185m                              [48;2;41;8;186m[38;2;0;0;0m [48;2;200;189;227m[38;2;48;17;179m▆[48;2;255;254;255m[38;2;236;235;240m▌[48;2;252;251;254m[38;2;244;243;248m┃[48;2;250;250;252m[38;2;250;250;252m  [48;2;246;244;247m[38;2;0;0;0m [48;2;221;215;220m[38;2;193;104;137m▂[48;2;40;5;183m[38;2;40;5;183m  [48;2;38;3;185m[38;2;38;3;185m                    [0m
[48;2;38;3;185m[38;2;38;3;185m                              [48;2;39;4;184m[38;2;39;4;184m  [48;2;248;247;251m[38;2;205;204;209m▎[48;2;240;239;244m[38;2;252;251;254m┃[48;2;246;240;241m[38;2;0;0;0m [48;2;236;233;233m[38;2;214;87;127m▂[48;2;240;207;201m[38;2;215;77;106m▆[48;2;171;76;90m[38;2;222;71;104m▌[48;2;39;4;182m[38;2;39;4;182m  [48;2;38;3;185m[38;2;38;3;185m                    [0m
[48;2;38;3;185m[38;2;38;3;185m                              [48;2;34;0;182m[38;2;56;12;171m▗[48;2;49;11;173m[38;2;163;63;127m▂[48;2;220;197;207m[38;2;208;71;98m▆[48;2;244;220;229m[38;2;214;78;105m▆[48;2;234;214;208m[38;2;224;79;114m▂[48;2;213;93;120m[38;2;207;61;97m┣[48;2;221;73;98m[38;2;175;58;114m▗[48;2;186;71;106m[38;2;60;10;160m▂[48;2;39;4;184m[38;2;39;4;184m  [48;2;38;3;185m[38;2;38;3;185m                    [0m
[48;2;38;3;185m[38;2;38;3;185m                            [48;2;39;8;172m[38;2;23;12;39m▂[48;2;71;25;87m[38;2;171;78;99m━[48;2;154;55;105m[38;2;15;12;13m▂[48;2;181;63;92m[38;2;24;9;6m▂[48;2;216;76;98m[38;2;43;13;21m▃▃[48;2;170;52;90m[38;2;9;7;5m▆▆[48;2;138;51;71m[38;2;14;4;15m▆[48;2;41;21;128m[38;2;6;4;10m▆[48;2;35;12;127m[38;2;8;3;15m▅[48;2;40;9;169m[38;2;12;1;53m▃[48;2;39;4;184m[38;2;39;4;184m  [48;2;38;3;185m[38;2;38;3;185m                  [0m
[48;2;38;3;185m[38;2;38;3;185m                            [48;2;31;16;84m[38;2;32;2;169m▆[48;2;16;6;45m[38;2;36;3;181m▂[48;2;8;3;24m[38;2;39;10;180m▂▂[48;2;10;3;24m[38;2;41;9;180m▂▂[48;2;8;3;24m[38;2;39;10;180m▂▂[48;2;8;6;11m[38;2;30;5;149m▃▃[48;2;16;7;42m[38;2;36;4;177m▂[48;2;31;17;80m[38;2;32;2;165m▆[48;2;38;3;185m[38;2;38;3;185m                    [0m
[48;2;40;2;185m[38;2;40;2;185m                                                            [0m
[48;2;40;2;185m[38;2;40;2;185m                                                            [0m
