[48;2;1;1;1m[38;2;1;1;1m                                                            [0m
[48;2;1;1;1m[38;2;1;1;1m                                                            [0m
[48;2;1;1;1m[38;2;1;1;1m                                                            [0m
[48;2;1;1;1m[38;2;1;1;1m                                                            [0m
[48;2;1;1;1m[38;2;1;1;1m                          [48;2;3;1;6m[38;2;3;1;6m  [48;2;1;1;3m[38;2;1;1;3m  [48;2;1;1;1m[38;2;1;1;1m      [48;2;1;0;0m[38;2;7;5;6m▃▃▃▃[48;2;2;2;2m[38;2;2;2;2m  [48;2;1;1;1m[38;2;1;1;1m                  [0m
[48;2;1;1;1m[38;2;1;1;1m                        [48;2;1;1;3m[38;2;1;1;3m  [48;2;3;1;6m[38;2;3;1;6m    [48;2;2;0;3m[38;2;2;0;3m  [48;2;1;1;3m[38;2;1;1;3m  [48;2;1;0;2m[38;2;6;4;7m▖[48;2;7;6;8m[38;2;29;27;30m▝[48;2;202;198;203m[38;2;60;55;61m▄[48;2;135;130;136m[38;2;237;233;238m▇[48;2;131;130;135m[38;2;243;242;246m▇▇[48;2;124;119;123m[38;2;236;232;236m▇[48;2;39;35;38m[38;2;214;209;213m▃[48;2;4;2;5m[38;2;4;2;5m  [48;2;1;1;1m[38;2;1;1;1m      [48;2;3;1;6m[38;2;3;1;6m    [48;2;1;1;1m[38;2;1;1;1m      [0m
[48;2;1;1;1m[38;2;1;1;1m                    [48;2;8;5;4m[38;2;0;0;0m [48;2;42;12;19m[38;2;182;66;103m▗[48;2;16;7;5m[38;2;181;60;95m▄[48;2;10;5;3m[38;2;92;43;54m▖[48;2;1;1;3m[38;2;1;1;3m  [48;2;3;1;6m[38;2;3;1;6m    [48;2;1;1;3m[38;2;1;1;3m  [48;2;3;1;4m[38;2;3;1;4m  [48;2;3;1;6m[38;2;3;1;6m  [48;2;45;17;20m[38;2;8;10;4m▊[48;2;198;77;112m[38;2;46;18;21m▄[48;2;222;148;157m[38;2;196;66;94m▇[48;2;205;96;117m[38;2;63;23;21m▄[48;2;246;239;229m[38;2;209;110;129m▄[48;2;150;152;167m[38;2;239;229;239m▊[48;2;4;2;7m[38;2;20;18;23m▌[48;2;7;5;10m[38;2;1;0;4m▊[48;2;1;1;1m[38;2;1;1;1m  [48;2;8;3;3m[38;2;0;0;0m [48;2;7;4;4m[38;2;56;34;41m▗[48;2;34;8;17m[38;2;208;65;91m▃[48;2;27;10;15m[38;2;163;70;80m▃[48;2;1;1;3m[38;2;1;1;3m  [48;2;3;1;6m[38;2;3;1;6m  [48;2;1;1;1m[38;2;1;1;1m      [0m
[48;2;1;1;1m[38;2;1;1;1m                    [48;2;8;3;1m[38;2;0;0;0m [48;2;47;16;23m[38;2;195;77;113m▝[48;2;214;78;104m[38;2;120;46;51m▖[48;2;206;60;89m[38;2;219;76;104m▄[48;2;45;25;31m[38;2;221;202;209m▄[48;2;17;12;12m[38;2;229;225;228m▄[48;2;25;24;26m[38;2;0;0;0m [48;2;8;7;9m [48;2;3;1;6m[38;2;3;1;6m  [48;2;2;0;3m[38;2;2;0;3m  [48;2;1;0;2m[38;2;7;5;8m▃▃[48;2;18;16;19m[38;2;0;0;0m [38;2;213;212;214m▄[48;2;30;20;25m[38;2;215;206;211m▄[48;2;208;72;97m[38;2;0;0;0m [48;2;213;71;97m[38;2;213;71;97m  [48;2;229;132;152m[38;2;209;69;94m▊[48;2;177;184;190m[38;2;252;240;244m▌[48;2;9;7;10m[38;2;29;27;30m▂[48;2;1;0;2m[38;2;19;17;20m▂[48;2;2;2;4m[38;2;2;2;4m  [48;2;111;43;58m[38;2;6;5;7m▊[48;2;214;86;99m[38;2;211;62;91m▊[48;2;65;35;33m[38;2;208;79;100m▊[48;2;3;6;8m[38;2;26;2;11m┃[48;2;3;1;6m[38;2;3;1;6m  [48;2;1;1;3m[38;2;1;1;3m  [48;2;1;1;1m[38;2;1;1;1m      [0m
[48;2;1;1;1m[38;2;1;1;1m                    [48;2;3;1;4m[38;2;3;1;4m  [48;2;176;171;175m[38;2;22;18;21m▄[48;2;221;216;220m[38;2;0;0;0m [48;2;249;249;251m[38;2;249;249;251m  [48;2;255;254;255m[38;2;243;241;244m▄▄[48;2;41;39;42m[38;2;231;230;232m▄[48;2;25;23;26m[38;2;231;229;231m▄[48;2;19;17;20m[38;2;232;230;233m▄▄[48;2;159;157;160m[38;2;240;238;241m▇[48;2;171;169;172m[38;2;249;247;249m▇[48;2;184;184;186m[38;2;244;244;245m▇[48;2;250;250;251m[38;2;0;0;0m [48;2;244;239;236m [48;2;210;90;125m[38;2;239;212;216m▄[48;2;209;71;96m[38;2;196;58;83m▖[48;2;214;76;101m[38;2;227;89;114m▗[48;2;202;99;130m[38;2;242;232;231m▄[48;2;249;242;241m[38;2;0;0;0m [48;2;255;254;255m[38;2;243;241;244m▄▄[48;2;242;240;242m[38;2;159;157;160m▝[48;2;23;22;24m[38;2;230;229;231m▄[48;2;49;35;35m[38;2;232;234;229m▄[48;2;209;103;134m[38;2;251;233;238m▄[48;2;223;219;222m[38;2;0;0;0m [48;2;19;15;18m[38;2;180;175;179m▄[48;2;3;1;6m[38;2;3;1;6m  [48;2;1;1;1m[38;2;1;1;1m        [0m
[48;2;1;1;1m[38;2;1;1;1m                [48;2;2;0;3m[38;2;2;0;3m  [48;2;3;1;4m[38;2;3;1;4m  [48;2;3;1;6m[38;2;3;1;6m  [48;2;5;3;8m[38;2;5;3;8m  [48;2;195;193;196m[38;2;14;12;15m▄[48;2;228;226;228m[38;2;17;15;18m▄[48;2;220;218;221m[38;2;0;0;0m [48;2;244;242;245m[38;2;180;178;181m▁[48;2;255;254;255m[38;2;243;241;244m▄▄▄▄[48;2;246;244;247m[38;2;176;174;177m▁[48;2;255;254;255m[38;2;242;240;243m━[48;2;250;250;252m[38;2;250;250;252m  [48;2;253;252;254m[38;2;247;245;248m▃[48;2;245;243;246m[38;2;232;230;233m▝[48;2;203;102;131m[38;2;249;241;241m▄[48;2;247;241;239m[38;2;0;0;0m [48;2;250;250;252m[38;2;250;250;252m        [48;2;255;255;255m[38;2;245;245;247m▌[48;2;219;219;220m[38;2;0;0;0m [48;2;19;18;20m[38;2;181;179;182m▄[48;2;4;2;5m[38;2;17;15;18m╷[48;2;1;1;1m[38;2;1;1;1m  [48;2;1;1;3m[38;2;1;1;3m  [48;2;1;1;1m[38;2;1;1;1m    [0m
[48;2;1;1;1m[38;2;1;1;1m            [48;2;1;1;3m[38;2;1;1;3m  [48;2;3;1;6m[38;2;3;1;6m      [48;2;1;1;3m[38;2;1;1;3m  [48;2;1;1;1m[38;2;1;1;1m    [48;2;13;11;14m[38;2;3;1;4m▅▅▅▅▅▅[48;2;54;52;55m[38;2;7;5;8m▊[48;2;248;246;248m[38;2;177;175;178m▎[48;2;250;250;252m[38;2;250;250;252m          [48;2;226;225;227m[38;2;0;0;0m [48;2;234;233;235m[38;2;47;45;48m▄[48;2;248;247;249m[38;2;150;148;151m▁▁[48;2;247;245;247m[38;2;161;159;162m▁[48;2;235;233;236m[38;2;132;130;133m▗[48;2;171;169;170m[38;2;14;12;13m▄[48;2;1;0;0m[38;2;4;2;3m▄[48;2;1;1;1m[38;2;1;1;1m        [0m
[48;2;1;1;1m[38;2;1;1;1m            [48;2;3;1;6m[38;2;3;1;6m      [48;2;3;1;4m[38;2;3;1;4m  [48;2;1;1;3m[38;2;1;1;3m  [48;2;1;1;1m[38;2;1;1;1m    [48;2;3;1;6m[38;2;3;1;6m      [48;2;13;11;14m[38;2;0;0;0m [48;2;227;225;228m[38;2;40;39;41m▅[48;2;247;247;249m[38;2;247;247;249m  [48;2;250;250;252m[38;2;250;250;252m      [48;2;238;236;239m[38;2;251;249;251m▊[48;2;231;230;232m[38;2;0;0;0m [48;2;202;200;203m[38;2;27;25;28m▅[48;2;10;8;11m[38;2;0;0;0m [48;2;3;3;3m[38;2;3;3;3m  [48;2;4;2;3m[38;2;4;2;3m  [48;2;1;1;1m[38;2;1;1;1m          [0m
[48;2;1;1;1m[38;2;1;1;1m            [48;2;1;1;3m[38;2;1;1;3m  [48;2;3;1;6m[38;2;3;1;6m  [48;2;2;0;3m[38;2;2;0;3m  [48;2;1;1;1m[38;2;1;1;1m  [48;2;3;1;6m[38;2;3;1;6m    [48;2;1;1;1m[38;2;1;1;1m        [48;2;1;0;2m[38;2;7;5;8m│[48;2;66;64;67m[38;2;8;6;9m▊[48;2;255;255;255m[38;2;236;236;238m▌[48;2;252;252;253m[38;2;244;244;246m┃[48;2;250;250;252m[38;2;250;250;252m      [48;2;244;243;245m[38;2;0;0;0m [48;2;201;199;202m [48;2;2;2;4m[38;2;2;2;4m  [48;2;1;1;1m[38;2;1;1;1m              [0m
[48;2;1;1;1m[38;2;1;1;1m              [48;2;2;0;3m[38;2;2;0;3m  [48;2;1;1;3m[38;2;1;1;3m    [48;2;3;1;6m[38;2;3;1;6m  [48;2;3;1;4m[38;2;3;1;4m  [48;2;1;1;3m[38;2;1;1;3m  [48;2;1;1;1m[38;2;1;1;1m    [48;2;1;1;3m[38;2;1;1;3m  [48;2;1;0;2m[38;2;5;3;6m▄[48;2;25;23;26m[38;2;132;130;133m▁[48;2;236;235;237m[38;2;124;122;125m▁[48;2;245;243;246m[38;2;0;0;0m [48;2;250;250;252m[38;2;250;250;252m    [48;2;249;249;251m[38;2;249;249;251m  [48;2;119;117;118m[38;2;219;217;218m▊[48;2;6;4;5m[38;2;29;28;28m▎[48;2;1;1;3m[38;2;1;1;3m  [48;2;1;1;1m[38;2;1;1;1m              [0m
[48;2;1;1;1m[38;2;1;1;1m                [48;2;3;1;4m[38;2;3;1;4m  [48;2;3;1;6m[38;2;3;1;6m  [48;2;2;0;3m[38;2;2;0;3m  [48;2;3;1;6m[38;2;3;1;6m  [48;2;2;0;3m[38;2;2;0;3m  [48;2;1;1;1m[38;2;1;1;1m    [48;2;5;3;8m[38;2;5;3;8m  [48;2;35;33;36m[38;2;217;215;218m▅[48;2;232;231;233m[38;2;0;0;0m [48;2;54;48;52m[38;2;217;212;215m▅[48;2;217;212;216m[38;2;85;80;83m▅[48;2;226;222;225m[38;2;72;67;71m▅[48;2;235;230;234m[38;2;33;28;32m▅[48;2;232;230;231m[38;2;25;23;24m▅▅[48;2;225;220;224m[38;2;39;34;38m▅[48;2;207;202;206m[38;2;61;56;60m▅[48;2;2;2;4m[38;2;2;2;4m  [48;2;1;1;1m[38;2;1;1;1m                [0m
[48;2;1;1;1m[38;2;1;1;1m                    [48;2;0;0;0m[38;2;0;0;0m  [48;2;1;1;3m[38;2;1;1;3m  [48;2;1;1;1m[38;2;1;1;1m    [48;2;2;0;3m[38;2;2;0;3m  [48;2;1;0;0m[38;2;8;6;7m▄[48;2;38;36;37m[38;2;209;207;208m▅[48;2;241;241;243m[38;2;251;251;252m▄[48;2;250;250;251m[38;2;240;240;242m▃[48;2;249;249;251m[38;2;249;249;251m  [48;2;219;214;217m[38;2;100;94;98m▁[48;2;42;36;40m[38;2;161;155;159m▁[48;2;32;28;31m[38;2;166;162;165m▅[48;2;21;17;20m[38;2;142;137;141m▂[48;2;54;52;55m[38;2;227;225;227m▅[48;2;234;232;235m[38;2;0;0;0m [48;2;25;23;26m[38;2;207;206;208m▅[48;2;1;0;2m[38;2;4;2;5m▄[48;2;1;1;3m[38;2;1;1;3m  [48;2;1;1;1m[38;2;1;1;1m              [0m
[48;2;1;1;1m[38;2;1;1;1m                        [48;2;1;1;3m[38;2;1;1;3m  [48;2;3;1;6m[38;2;3;1;6m  [48;2;3;1;4m[38;2;3;1;4m  [48;2;25;24;26m[38;2;141;139;142m▁[48;2;245;243;246m[38;2;172;170;173m▎[48;2;250;250;252m[38;2;250;250;252m  [48;2;197;192;196m[38;2;246;243;246m▊[48;2;212;207;211m[38;2;54;49;53m▅[48;2;52;47;50m[38;2;208;202;206m▅[48;2;206;201;204m[38;2;52;47;50m▅[48;2;63;58;62m[38;2;225;221;224m▅[48;2;247;243;246m[38;2;0;0;0m [48;2;250;250;252m[38;2;250;250;252m  [48;2;146;144;145m[38;2;245;243;244m▊[48;2;1;0;0m[38;2;23;21;22m▄[48;2;3;1;6m[38;2;3;1;6m  [48;2;1;1;3m[38;2;1;1;3m  [48;2;1;1;1m[38;2;1;1;1m            [0m
[48;2;1;1;1m[38;2;1;1;1m                    [48;2;2;0;3m[38;2;2;0;3m  [48;2;1;1;1m[38;2;1;1;1m  [48;2;3;1;6m[38;2;3;1;6m    [48;2;3;1;4m[38;2;3;1;4m  [48;2;248;247;252m[38;2;147;146;151m▎[48;2;255;254;255m[38;2;234;233;238m│[48;2;250;250;252m[38;2;254;254;255m▌[48;2;239;239;241m[38;2;243;243;245m▌[48;2;187;181;185m[38;2;80;74;78m┳[48;2;63;57;61m[38;2;224;219;222m▅[48;2;237;235;238m[38;2;0;0;0m [48;2;67;65;68m[38;2;236;234;237m▅[48;2;248;248;250m[38;2;248;248;250m    [48;2;109;104;108m[38;2;213;209;212m▊[48;2;3;0;2m[38;2;6;1;5m▄[48;2;3;1;6m[38;2;3;1;6m  [48;2;1;1;3m[38;2;1;1;3m  [48;2;1;1;1m[38;2;1;1;1m            [0m
[48;2;1;1;1m[38;2;1;1;1m                  [48;2;1;1;3m[38;2;1;1;3m  [48;2;2;0;3m[38;2;2;0;3m  [48;2;1;1;3m[38;2;1;1;3m  [48;2;3;1;6m[38;2;3;1;6m    [48;2;3;1;4m[38;2;3;1;4m  [48;2;248;247;252m[38;2;147;146;151m▎[48;2;255;254;255m[38;2;234;233;238m│[48;2;250;250;252m[38;2;250;250;252m        [48;2;251;251;252m[38;2;243;243;245m┃[48;2;151;151;153m[38;2;243;243;244m▊[48;2;6;4;9m[38;2;6;4;9m  [48;2;3;1;6m[38;2;3;1;6m  [48;2;1;1;3m[38;2;1;1;3m  [48;2;1;1;1m[38;2;1;1;1m            [0m
[48;2;1;1;1m[38;2;1;1;1m                  [48;2;2;0;3m[38;2;2;0;3m    [48;2;3;1;6m[38;2;3;1;6m      [48;2;12;10;13m[38;2;0;0;0m [48;2;35;33;36m[38;2;209;207;210m▅[48;2;249;249;250m[38;2;211;211;213m▘[48;2;250;250;251m[38;2;0;0;0m [48;2;250;250;252m[38;2;250;250;252m        [48;2;187;182;186m[38;2;243;239;243m▊[48;2;190;185;189m[38;2;25;20;24m▅[48;2;4;2;7m[38;2;4;2;7m  [48;2;3;1;6m[38;2;3;1;6m    [48;2;1;1;1m[38;2;1;1;1m            [0m
[48;2;4;2;10m[38;2;23;2;126m▂▂▂▂▂▂▂▂▂▂▂▂▂▂▂▂▂▂[48;2;5;3;12m[38;2;24;2;129m▂▂[48;2;4;2;10m[38;2;23;2;126m▂▂[48;2;5;3;12m[38;2;24;2;129m▂▂▂▂▂▂[48;2;10;9;12m[38;2;26;8;124m▂[48;2;249;246;245m[38;2;150;146;162m▎[48;2;250;250;252m[38;2;250;250;252m        [48;2;238;238;240m[38;2;251;251;252m▊[48;2;195;195;197m[38;2;244;244;246m▊[48;2;180;175;184m[38;2;25;14;67m▅[48;2;13;9;16m[38;2;35;12;136m▂[48;2;5;3;12m[38;2;24;2;129m▂▂▂▂▂▂[48;2;4;2;10m[38;2;23;2;126m▂▂▂▂▂▂▂▂▂▂▂▂[0m
[48;2;38;3;183m[38;2;38;3;183m                            [48;2;45;21;182m[38;2;187;176;223m▂[48;2;244;243;238m[38;2;191;183;223m▎[48;2;250;250;252m[38;2;250;250;252m        [48;2;209;201;236m[38;2;242;241;240m▊[48;2;228;223;239m[38;2;53;30;177m▆[48;2;39;4;184m[38;2;39;4;184m  [48;2;38;3;183m[38;2;38;3;183m                  [0m
[48;2;38;3;183m[38;2;38;3;183m                            [48;2;245;242;254m[38;2;154;150;177m▎[48;2;249;249;242m[38;2;250;250;251m▌[48;2;249;249;251m[38;2;249;249;251m  [48;2;243;241;246m[38;2;88;73;166m▂[48;2;244;243;248m[38;2;0;0;0m [48;2;250;250;252m[38;2;250;250;252m  [48;2;241;241;243m[38;2;251;251;252m▄[48;2;250;250;251m[38;2;240;240;242m▃[48;2;222;216;228m[38;2;66;41;185m▂[48;2;42;14;180m[38;2;47;10;211m▝[48;2;38;3;183m[38;2;38;3;183m                    [0m
[48;2;38;3;185m[38;2;38;3;185m                          [48;2;38;3;183m[38;2;38;3;183m  [48;2;245;242;254m[38;2;154;150;177m▎[48;2;249;249;242m[38;2;250;250;251m▌[48;2;249;249;251m[38;2;249;249;251m  [48;2;35;6;174m[38;2;122;102;215m▎[48;2;250;248;246m[38;2;185;174;232m▎[48;2;250;250;252m[38;2;250;250;252m  [48;2;255;254;255m[38;2;246;245;250m▌[48;2;175;174;179m[38;2;246;245;249m▊[48;2;41;6;184m[38;2;41;6;184m  [48;2;38;3;185m[38;2;38;3;185m                    [0m
[48;2;38;3;185m[38;2;38;3;185m                          [48;2;38;3;183m[38;2;38;3;183m  [48;2;245;242;254m[38;2;154;150;177m▎[48;2;249;249;242m[38;2;250;250;251m▌[48;2;243;242;248m[38;2;0;0;0m [48;2;237;236;237m[38;2;74;56;181m▂[48;2;70;46;191m[38;2;34;7;177m┃[48;2;219;213;234m[38;2;59;38;174m▂[48;2;249;249;251m[38;2;249;249;251m  [48;2;196;187;229m[38;2;247;244;249m▊[48;2;201;195;220m[38;2;45;21;173m▆[48;2;39;4;184m[38;2;39;4;184m  [48;2;38;3;185m[38;2;38;3;185m                    [0m
[48;2;38;3;185m[38;2;38;3;185m                            [48;2;221;209;225m[38;2;176;60;110m▂[48;2;241;233;228m[38;2;198;82;112m▂[48;2;229;223;228m[38;2;211;81;126m▂[48;2;41;6;183m[38;2;95;60;160m▎[48;2;40;5;183m[38;2;40;5;183m  [48;2;234;226;229m[38;2;213;80;105m▂▂[48;2;224;190;193m[38;2;192;77;107m▆[48;2;45;5;197m[38;2;46;10;161m▌[48;2;38;3;185m[38;2;38;3;185m                      [0m
[48;2;38;3;185m[38;2;38;3;185m                          [48;2;35;6;170m[38;2;30;13;75m▃[48;2;70;20;159m[38;2;178;67;102m▆[48;2;216;74;100m[38;2;216;74;100m  [48;2;149;60;79m[38;2;22;11;21m▆[48;2;41;18;124m[38;2;7;3;9m▆[48;2;44;14;152m[38;2;19;5;10m▆[48;2;34;20;69m[38;2;189;60;89m▂[48;2;216;74;100m[38;2;216;74;100m  [48;2;197;66;89m[38;2;50;24;39m▃[48;2;44;15;118m[38;2;20;8;27m▆[48;2;38;6;168m[38;2;28;16;53m▂[48;2;33;2;172m[38;2;43;5;201m▗[48;2;38;3;185m[38;2;38;3;185m                    [0m
[48;2;38;3;185m[38;2;38;3;185m                          [48;2;27;11;76m[38;2;39;10;175m▆[48;2;51;18;60m[38;2;53;4;183m▂[48;2;148;48;74m[38;2;28;10;81m▆▆[48;2;11;4;24m[38;2;42;10;181m▂▂[48;2;18;9;28m[38;2;43;12;180m▂[48;2;134;44;71m[38;2;25;7;80m▆[48;2;156;56;82m[38;2;28;9;82m▆▆[48;2;9;7;13m[38;2;32;6;152m▃▃[48;2;37;22;78m[38;2;37;2;183m▆[48;2;37;2;182m[38;2;37;5;163m▘[48;2;38;3;185m[38;2;38;3;185m                    [0m
[48;2;40;2;185m[38;2;40;2;185m                                                            [0m
[48;2;40;2;185m[38;2;40;2;185m                                                            [0m
