[48;2;1;1;1m[38;2;1;1;1m                                                            [0m
[48;2;1;1;1m[38;2;1;1;1m                                                            [0m
[48;2;1;1;1m[38;2;1;1;1m                                                            [0m
[48;2;1;1;1m[38;2;1;1;1m                                                            [0m
[48;2;1;1;1m[38;2;1;1;1m                          [48;2;3;1;6m[38;2;3;1;6m  [48;2;1;1;3m[38;2;1;1;3m  [48;2;1;1;1m[38;2;1;1;1m                              [0m
[48;2;1;1;1m[38;2;1;1;1m                        [48;2;1;1;3m[38;2;1;1;3m  [48;2;3;1;6m[38;2;3;1;6m    [48;2;2;0;3m[38;2;2;0;3m  [48;2;1;1;3m[38;2;1;1;3m  [48;2;1;0;2m[38;2;3;1;4m▖[48;2;5;3;6m[38;2;41;39;42m▗[48;2;34;32;35m[38;2;222;220;223m▃[48;2;12;11;13m[38;2;217;215;218m▄[48;2;11;10;12m[38;2;216;214;217m▄▄[48;2;35;34;36m[38;2;205;203;206m▃[48;2;12;10;13m[38;2;0;0;0m [48;2;1;1;3m[38;2;1;1;3m  [48;2;1;1;1m[38;2;1;1;1m      [48;2;3;1;6m[38;2;3;1;6m    [48;2;1;1;1m[38;2;1;1;1m      [0m
[48;2;1;1;1m[38;2;1;1;1m                    [48;2;3;1;4m[38;2;3;1;4m  [48;2;3;1;2m[38;2;3;1;2m  [48;2;1;1;3m[38;2;1;1;3m  [48;2;3;1;6m[38;2;3;1;6m    [48;2;1;1;3m[38;2;1;1;3m  [48;2;3;1;4m[38;2;3;1;4m  [48;2;3;1;6m[38;2;3;1;6m  [48;2;110;103;101m[38;2;31;20;20m▇[48;2;235;224;225m[38;2;194;89;120m▄[48;2;242;241;243m[38;2;216;91;112m▄▄[48;2;249;247;250m[38;2;233;231;236m╸[48;2;144;142;147m[38;2;224;222;227m▊[48;2;9;7;12m[38;2;14;12;17m▌[48;2;1;0;4m[38;2;4;2;7m▎[48;2;1;1;1m[38;2;1;1;1m  [48;2;2;2;4m[38;2;2;2;4m  [48;2;1;1;3m[38;2;1;1;3m    [48;2;3;1;6m[38;2;3;1;6m  [48;2;1;1;1m[38;2;1;1;1m      [0m
[48;2;1;1;1m[38;2;1;1;1m                    [48;2;7;1;6m[38;2;16;9;15m━[48;2;185;68;85m[38;2;66;20;23m▎[48;2;192;65;90m[38;2;218;74;105m▚[48;2;66;22;22m[38;2;193;60;87m▄[48;2;14;3;6m[38;2;70;31;45m▖[48;2;4;8;6m[38;2;0;0;0m [48;2;3;1;4m[38;2;3;1;4m  [48;2;3;1;6m[38;2;3;1;6m  [48;2;2;0;3m[38;2;2;0;3m  [48;2;1;1;3m[38;2;1;1;3m    [48;2;47;17;21m[38;2;7;7;3m▊[48;2;42;21;23m[38;2;187;53;93m▄[48;2;187;68;90m[38;2;221;63;98m▄[48;2;63;25;21m[38;2;187;67;90m▄[48;2;217;125;146m[38;2;202;80;101m▊[48;2;153;140;157m[38;2;242;232;238m▊[48;2;7;7;9m[38;2;12;12;14m▌[48;2;0;0;2m[38;2;2;2;4m▎[48;2;3;0;0m[38;2;7;3;4m▘[48;2;9;5;6m[38;2;30;26;27m▗[48;2;42;14;13m[38;2;190;60;88m▄[48;2;107;34;43m[38;2;195;67;94m▊[48;2;1;1;3m[38;2;1;1;3m  [48;2;3;1;6m[38;2;3;1;6m  [48;2;1;1;3m[38;2;1;1;3m  [48;2;1;1;1m[38;2;1;1;1m      [0m
[48;2;1;1;1m[38;2;1;1;1m                    [48;2;3;1;4m[38;2;3;1;4m  [48;2;154;89;96m[38;2;207;177;184m┏[48;2;211;72;97m[38;2;245;232;238m▄[48;2;164;155;160m[38;2;241;234;238m▇[48;2;191;182;187m[38;2;250;243;247m▇[48;2;50;48;53m[38;2;233;231;235m▄[48;2;19;17;22m[38;2;231;229;233m▄[48;2;20;19;21m[38;2;0;0;0m [48;2;8;6;9m[38;2;31;29;32m▂[48;2;6;4;7m[38;2;37;35;38m▁▁[48;2;16;15;17m[38;2;216;214;217m▄[48;2;18;17;19m[38;2;237;235;237m▄[38;2;231;229;232m▄▄[48;2;34;24;29m[38;2;220;211;216m▄[48;2;213;77;102m[38;2;0;0;0m [48;2;212;70;96m[38;2;212;70;96m  [48;2;218;142;155m[38;2;213;68;95m▊[48;2;231;229;234m[38;2;0;0;0m [48;2;18;17;19m[38;2;231;229;232m▄▄[48;2;15;11;14m[38;2;204;200;203m▄[48;2;18;14;17m[38;2;47;42;46m▁[48;2;208;72;102m[38;2;73;30;30m▄[48;2;209;84;110m[38;2;0;0;0m [48;2;157;67;95m[38;2;198;188;190m▄[48;2;10;10;5m[38;2;31;13;16m▎[48;2;3;1;6m[38;2;3;1;6m  [48;2;1;1;1m[38;2;1;1;1m        [0m
[48;2;1;1;1m[38;2;1;1;1m                [48;2;2;0;3m[38;2;2;0;3m  [48;2;3;1;4m[38;2;3;1;4m  [48;2;3;1;6m[38;2;3;1;6m  [48;2;11;9;12m[38;2;0;0;0m [48;2;186;184;187m[38;2;17;15;18m▄[48;2;218;216;218m[38;2;0;0;0m [48;2;245;243;245m [48;2;250;250;252m[38;2;250;250;252m  [48;2;208;206;209m[38;2;249;247;249m▇▇▇▇[48;2;250;250;252m[38;2;250;250;252m    [48;2;253;247;249m[38;2;245;239;241m┃[48;2;227;221;223m[38;2;255;252;254m▌[48;2;210;66;101m[38;2;202;108;126m▄[48;2;214;96;122m[38;2;250;234;228m▄[48;2;248;248;250m[38;2;248;248;250m  [48;2;250;250;252m[38;2;250;250;252m  [48;2;241;241;243m[38;2;252;252;253m▄▄▄▄[48;2;244;242;245m[38;2;252;251;253m▊[48;2;73;71;74m[38;2;232;230;232m▊[48;2;2;1;3m[38;2;18;16;19m▃[48;2;4;2;5m[38;2;7;5;8m▖[48;2;1;1;1m[38;2;1;1;1m  [48;2;1;1;3m[38;2;1;1;3m  [48;2;1;1;1m[38;2;1;1;1m    [0m
[48;2;1;1;1m[38;2;1;1;1m            [48;2;1;1;3m[38;2;1;1;3m  [48;2;3;1;6m[38;2;3;1;6m      [48;2;1;1;3m[38;2;1;1;3m  [48;2;1;1;1m[38;2;1;1;1m  [48;2;20;18;19m[38;2;1;0;0m▇[48;2;186;184;185m[38;2;13;11;12m▄[48;2;226;224;226m[38;2;19;18;20m▄[48;2;228;226;229m[38;2;140;138;141m▁[48;2;246;245;247m[38;2;155;153;156m▁▁▁▁[48;2;244;243;245m[38;2;174;172;175m▁[48;2;255;254;255m[38;2;240;238;241m━[48;2;250;250;252m[38;2;250;250;252m    [48;2;249;249;251m[38;2;249;249;251m  [48;2;250;250;252m[38;2;250;250;252m    [48;2;247;247;248m[38;2;231;231;233m╴[48;2;244;244;246m[38;2;182;182;184m▁[48;2;250;250;252m[38;2;250;250;252m  [48;2;248;248;250m[38;2;248;248;250m  [48;2;72;70;73m[38;2;216;214;217m▊[48;2;1;0;2m[38;2;13;11;14m│[48;2;1;1;1m[38;2;1;1;1m        [0m
[48;2;1;1;1m[38;2;1;1;1m            [48;2;3;1;6m[38;2;3;1;6m      [48;2;3;1;4m[38;2;3;1;4m  [48;2;1;1;3m[38;2;1;1;3m  [48;2;1;1;1m[38;2;1;1;1m    [48;2;3;1;4m[38;2;3;1;4m  [48;2;5;3;8m[38;2;5;3;8m    [48;2;48;43;47m[38;2;9;5;8m▊[48;2;227;222;226m[38;2;137;132;136m▁[48;2;250;250;252m[38;2;250;250;252m        [48;2;249;249;251m[38;2;249;249;251m  [48;2;113;108;112m[38;2;227;223;227m▊[48;2;29;24;28m[38;2;0;0;0m [48;2;220;218;221m[38;2;10;8;11m▄▄[48;2;217;215;218m[38;2;8;7;9m▄[48;2;53;51;54m[38;2;225;224;226m▘[48;2;2;2;2m[38;2;2;2;2m  [48;2;1;1;1m[38;2;1;1;1m        [0m
[48;2;1;1;1m[38;2;1;1;1m            [48;2;1;1;3m[38;2;1;1;3m  [48;2;3;1;6m[38;2;3;1;6m  [48;2;2;0;3m[38;2;2;0;3m  [48;2;1;1;1m[38;2;1;1;1m  [48;2;3;1;6m[38;2;3;1;6m    [48;2;1;1;1m[38;2;1;1;1m        [48;2;1;0;2m[38;2;7;5;8m│[48;2;66;64;67m[38;2;8;6;9m▊[48;2;255;255;255m[38;2;236;236;238m▌[48;2;252;252;253m[38;2;244;244;246m┃[48;2;250;250;252m[38;2;250;250;252m      [48;2;252;250;252m[38;2;236;234;237m│[48;2;142;140;143m[38;2;245;243;245m▊[48;2;4;2;5m[38;2;4;2;5m  [48;2;1;1;1m[38;2;1;1;1m              [0m
[48;2;1;1;1m[38;2;1;1;1m              [48;2;2;0;3m[38;2;2;0;3m  [48;2;1;1;3m[38;2;1;1;3m    [48;2;3;1;6m[38;2;3;1;6m  [48;2;3;1;4m[38;2;3;1;4m  [48;2;1;1;3m[38;2;1;1;3m  [48;2;1;1;1m[38;2;1;1;1m    [48;2;1;1;3m[38;2;1;1;3m  [48;2;1;0;2m[38;2;6;4;7m│[48;2;65;63;66m[38;2;7;6;8m▊[48;2;255;255;255m[38;2;236;236;238m▌[48;2;252;252;253m[38;2;244;244;246m┃[48;2;250;250;252m[38;2;250;250;252m      [48;2;190;188;190m[38;2;247;245;248m▊[48;2;206;204;207m[38;2;23;21;24m▅[48;2;2;2;4m[38;2;2;2;4m  [48;2;1;1;1m[38;2;1;1;1m              [0m
[48;2;1;1;1m[38;2;1;1;1m                [48;2;3;1;4m[38;2;3;1;4m  [48;2;3;1;6m[38;2;3;1;6m  [48;2;2;0;3m[38;2;2;0;3m  [48;2;3;1;6m[38;2;3;1;6m  [48;2;2;0;3m[38;2;2;0;3m  [48;2;1;1;1m[38;2;1;1;1m    [48;2;3;1;6m[38;2;3;1;6m  [48;2;46;41;45m[38;2;9;6;8m▊[48;2;36;31;35m[38;2;200;196;200m▅[48;2;230;225;227m[38;2;90;84;86m▅[48;2;233;228;230m[38;2;76;70;72m▁[48;2;243;239;242m[38;2;79;74;78m▁▁[48;2;242;239;240m[38;2;78;74;75m▁▁[48;2;237;233;237m[38;2;84;79;83m▁[48;2;229;224;228m[38;2;98;93;97m▁[48;2;200;195;199m[38;2;65;61;64m▅[48;2;3;0;2m[38;2;6;1;5m▄[48;2;1;1;1m[38;2;1;1;1m                [0m
[48;2;1;1;1m[38;2;1;1;1m                    [48;2;0;0;0m[38;2;0;0;0m  [48;2;1;1;3m[38;2;1;1;3m  [48;2;1;1;1m[38;2;1;1;1m    [48;2;2;0;3m[38;2;2;0;3m  [48;2;1;0;2m[38;2;6;4;7m▄[48;2;15;13;16m[38;2;135;133;136m▁[48;2;34;33;35m[38;2;223;222;224m▅[48;2;239;238;240m[38;2;0;0;0m [48;2;241;240;242m [48;2;36;35;37m[38;2;233;231;233m▅[48;2;24;20;23m[38;2;172;167;171m▅[48;2;27;22;26m[38;2;176;171;175m▁[48;2;16;14;17m[38;2;132;130;133m▁[48;2;9;7;10m[38;2;0;0;0m [48;2;29;24;28m[38;2;182;177;181m▁[48;2;49;45;48m[38;2;233;230;233m▅[48;2;133;131;132m[38;2;243;241;242m▊[48;2;1;0;0m[38;2;34;32;33m▎[48;2;1;1;3m[38;2;1;1;3m  [48;2;1;1;1m[38;2;1;1;1m              [0m
[48;2;1;1;1m[38;2;1;1;1m                        [48;2;1;1;3m[38;2;1;1;3m  [48;2;3;1;6m[38;2;3;1;6m  [48;2;2;0;3m[38;2;2;0;3m  [48;2;38;36;39m[38;2;6;5;7m▊[48;2;247;245;248m[38;2;161;159;162m▎[48;2;249;249;251m[38;2;249;249;251m  [48;2;227;222;226m[38;2;91;85;89m▁[48;2;213;208;211m[38;2;93;87;91m▅[48;2;66;60;64m[38;2;179;173;177m▅[48;2;220;215;218m[38;2;78;72;76m▁[48;2;207;202;205m[38;2;92;86;90m▅[48;2;65;59;63m[38;2;230;225;228m▅[48;2;248;248;250m[38;2;248;248;250m  [48;2;146;144;145m[38;2;245;243;244m▊[48;2;1;0;0m[38;2;23;21;22m▄[48;2;3;1;6m[38;2;3;1;6m  [48;2;1;1;3m[38;2;1;1;3m  [48;2;1;1;1m[38;2;1;1;1m            [0m
[48;2;1;1;1m[38;2;1;1;1m                    [48;2;2;0;3m[38;2;2;0;3m  [48;2;1;1;1m[38;2;1;1;1m  [48;2;3;1;6m[38;2;3;1;6m    [48;2;3;1;4m[38;2;3;1;4m  [48;2;39;37;40m[38;2;212;210;213m▅[48;2;240;238;241m[38;2;0;0;0m [48;2;248;248;250m[38;2;248;248;250m  [48;2;66;64;67m[38;2;235;233;236m▅[48;2;237;235;238m[38;2;0;0;0m [48;2;41;39;42m[38;2;239;238;240m▅[48;2;53;51;54m[38;2;234;233;235m▅[48;2;249;249;251m[38;2;249;249;251m  [48;2;248;248;250m[38;2;248;248;250m  [48;2;109;104;108m[38;2;213;209;212m▊[48;2;3;0;2m[38;2;6;1;5m▄[48;2;3;1;6m[38;2;3;1;6m  [48;2;1;1;3m[38;2;1;1;3m  [48;2;1;1;1m[38;2;1;1;1m            [0m
[48;2;1;1;1m[38;2;1;1;1m                  [48;2;1;1;3m[38;2;1;1;3m  [48;2;2;0;3m[38;2;2;0;3m  [48;2;1;1;3m[38;2;1;1;3m  [48;2;3;1;6m[38;2;3;1;6m    [48;2;7;5;8m[38;2;0;0;0m [48;2;22;20;23m[38;2;184;182;185m▁[48;2;245;244;248m[38;2;174;173;178m▎[48;2;252;251;255m[38;2;255;254;255m▌[48;2;250;250;252m[38;2;250;250;252m        [48;2;251;251;252m[38;2;243;243;245m┃[48;2;151;151;153m[38;2;243;243;244m▊[48;2;6;4;9m[38;2;6;4;9m  [48;2;3;1;6m[38;2;3;1;6m  [48;2;1;1;3m[38;2;1;1;3m  [48;2;1;1;1m[38;2;1;1;1m            [0m
[48;2;1;1;1m[38;2;1;1;1m                  [48;2;2;0;3m[38;2;2;0;3m    [48;2;3;1;6m[38;2;3;1;6m      [48;2;1;0;2m[38;2;23;21;24m▄[48;2;245;243;246m[38;2;146;144;147m▎[48;2;250;250;252m[38;2;250;250;252m          [48;2;187;182;186m[38;2;243;239;243m▊[48;2;190;185;189m[38;2;25;20;24m▅[48;2;4;2;7m[38;2;4;2;7m  [48;2;3;1;6m[38;2;3;1;6m    [48;2;1;1;1m[38;2;1;1;1m            [0m
[48;2;4;2;10m[38;2;23;2;126m▂▂▂▂▂▂▂▂▂▂▂▂▂▂▂▂▂▂[48;2;5;3;12m[38;2;24;2;129m▂▂[48;2;4;2;10m[38;2;23;2;126m▂▂[48;2;5;3;12m[38;2;24;2;129m▂▂▂▂▂▂[48;2;10;9;12m[38;2;26;8;124m▂[48;2;249;246;245m[38;2;150;146;162m▎[48;2;250;250;252m[38;2;250;250;252m        [48;2;238;238;240m[38;2;251;251;252m▊[48;2;195;195;197m[38;2;244;244;246m▊[48;2;180;175;184m[38;2;25;14;67m▅[48;2;13;9;16m[38;2;35;12;136m▂[48;2;5;3;12m[38;2;24;2;129m▂▂▂▂▂▂[48;2;4;2;10m[38;2;23;2;126m▂▂▂▂▂▂▂▂▂▂▂▂[0m
[48;2;38;3;183m[38;2;38;3;183m                            [48;2;52;31;177m[38;2;208;204;228m▆[48;2;240;239;245m[38;2;0;0;0m [48;2;250;250;252m[38;2;250;250;252m        [48;2;244;242;246m[38;2;0;0;0m [48;2;222;221;227m[38;2;67;49;169m▂[48;2;39;4;182m[38;2;39;4;182m  [48;2;38;3;183m[38;2;38;3;183m                  [0m
[48;2;38;3;183m[38;2;38;3;183m                            [48;2;245;242;254m[38;2;154;150;177m▎[48;2;249;249;242m[38;2;250;250;251m▌[48;2;250;250;252m[38;2;250;250;252m  [48;2;224;218;247m[38;2;250;249;243m▊[48;2;228;223;238m[38;2;59;35;177m▆[48;2;250;250;251m[38;2;232;232;234m▌[48;2;250;250;252m[38;2;255;255;255m▌[38;2;250;250;252m  [48;2;186;176;229m[38;2;248;246;245m▊[48;2;32;4;182m[38;2;69;47;173m▎[48;2;38;3;183m[38;2;38;3;183m                    [0m
[48;2;38;3;185m[38;2;38;3;185m                          [48;2;37;6;183m[38;2;0;0;0m [48;2;47;16;179m[38;2;208;196;233m▂[48;2;242;241;245m[38;2;185;184;190m▎[48;2;251;250;253m[38;2;245;244;249m▝[48;2;249;249;251m[38;2;249;249;251m  [48;2;224;215;247m[38;2;56;30;175m▆[48;2;56;30;175m[38;2;220;210;241m▂[48;2;249;249;251m[38;2;231;231;233m▌[38;2;255;255;255m▌[48;2;238;237;242m[38;2;251;250;253m▊[48;2;195;194;199m[38;2;244;243;247m▊[48;2;198;187;226m[38;2;48;19;179m▆[48;2;41;8;186m[38;2;0;0;0m [48;2;38;3;185m[38;2;38;3;185m                    [0m
[48;2;38;3;185m[38;2;38;3;185m                          [48;2;60;37;171m[38;2;31;0;188m▊[48;2;243;241;248m[38;2;139;127;189m▎[48;2;250;250;252m[38;2;250;250;252m  [48;2;225;221;235m[38;2;250;248;248m▊[48;2;212;207;228m[38;2;59;35;180m▆[48;2;52;24;188m[38;2;13;0;159m│[48;2;251;250;248m[38;2;196;186;239m▎[48;2;250;250;252m[38;2;250;250;252m  [48;2;244;244;244m[38;2;0;0;0m [48;2;213;210;227m[38;2;56;39;176m▂[48;2;40;5;185m[38;2;40;5;185m  [48;2;38;3;185m[38;2;38;3;185m                    [0m
[48;2;38;3;185m[38;2;38;3;185m                          [48;2;56;22;154m[38;2;36;5;187m▊[48;2;205;197;216m[38;2;195;84;137m▂[48;2;236;233;232m[38;2;199;73;95m▂[48;2;239;230;244m[38;2;68;35;157m▂[48;2;200;191;222m[38;2;52;26;179m▆[48;2;44;14;185m[38;2;0;0;0m [48;2;154;142;198m[38;2;209;136;157m▄[48;2;238;227;236m[38;2;200;87;100m▂[48;2;248;248;250m[38;2;248;248;250m  [48;2;215;208;228m[38;2;68;44;170m▂[48;2;38;10;179m[38;2;43;7;206m▗[48;2;38;3;185m[38;2;38;3;185m                      [0m
[48;2;38;3;185m[38;2;38;3;185m                          [48;2;38;7;171m[38;2;38;19;77m▃[48;2;207;70;99m[38;2;109;53;97m▎[48;2;186;61;94m[38;2;221;78;96m▊[48;2;57;23;67m[38;2;207;57;96m▂[48;2;37;14;141m[38;2;6;4;12m▆▆[48;2;145;52;83m[38;2;25;11;13m▆[48;2;218;76;98m[38;2;164;54;75m▎[48;2;228;205;195m[38;2;215;74;104m▆▆[48;2;40;15;144m[38;2;11;6;17m▆▆[48;2;38;6;168m[38;2;28;16;53m▂[48;2;33;2;172m[38;2;43;5;201m▗[48;2;38;3;185m[38;2;38;3;185m                    [0m
[48;2;38;3;185m[38;2;38;3;185m                          [48;2;27;11;76m[38;2;39;10;175m▆[48;2;51;18;60m[38;2;53;4;183m▂[48;2;155;55;81m[38;2;27;8;81m▆▆[48;2;11;4;24m[38;2;42;10;181m▂▂[48;2;18;9;28m[38;2;43;12;180m▂[48;2;134;44;71m[38;2;25;7;80m▆[48;2;156;56;82m[38;2;28;9;82m▆▆[48;2;9;7;13m[38;2;32;6;152m▃▃[48;2;37;22;78m[38;2;37;2;183m▆[48;2;37;2;182m[38;2;37;5;163m▘[48;2;38;3;185m[38;2;38;3;185m                    [0m
[48;2;40;2;185m[38;2;40;2;185m                                                            [0m
[48;2;40;2;185m[38;2;40;2;185m                                                            [0m
