[48;2;1;1;1m[38;2;1;1;1m                                                            [0m
[48;2;1;1;1m[38;2;1;1;1m                                                            [0m
[48;2;1;1;1m[38;2;1;1;1m                                                            [0m
[48;2;1;1;1m[38;2;1;1;1m                                                            [0m
[48;2;1;1;1m[38;2;1;1;1m                          [48;2;3;1;6m[38;2;3;1;6m  [48;2;1;1;3m[38;2;1;1;3m  [48;2;1;1;1m[38;2;1;1;1m      [48;2;2;1;1m[38;2;12;10;11m▃▃▃▃[48;2;2;2;2m[38;2;2;2;2m  [48;2;1;1;1m[38;2;1;1;1m                  [0m
[48;2;1;1;1m[38;2;1;1;1m                        [48;2;1;1;3m[38;2;1;1;3m  [48;2;3;1;6m[38;2;3;1;6m    [48;2;2;0;3m[38;2;2;0;3m  [48;2;1;1;3m[38;2;1;1;3m  [48;2;1;0;2m[38;2;6;4;7m▖[48;2;7;6;8m[38;2;29;27;30m▝[48;2;187;182;186m[38;2;37;32;36m▃[48;2;121;116;120m[38;2;239;234;238m▇[48;2;122;120;123m[38;2;245;243;245m▇▇[48;2;117;112;116m[38;2;230;226;230m▇[48;2;45;41;44m[38;2;221;216;220m▃[48;2;4;2;5m[38;2;4;2;5m  [48;2;1;1;1m[38;2;1;1;1m      [48;2;3;1;6m[38;2;3;1;6m    [48;2;1;1;1m[38;2;1;1;1m      [0m
[48;2;1;1;1m[38;2;1;1;1m                    [48;2;2;0;3m[38;2;2;0;3m  [48;2;1;1;3m[38;2;1;1;3m    [48;2;3;1;6m[38;2;3;1;6m    [48;2;1;1;3m[38;2;1;1;3m  [48;2;3;1;4m[38;2;3;1;4m  [48;2;3;1;6m[38;2;3;1;6m  [48;2;45;17;20m[38;2;7;9;2m▊[48;2;178;69;100m[38;2;30;10;12m▃[48;2;220;143;153m[38;2;198;66;95m▇[48;2;209;98;120m[38;2;63;20;21m▄[48;2;246;239;229m[38;2;209;110;129m▄[48;2;150;152;167m[38;2;239;229;239m▊[48;2;4;2;7m[38;2;20;18;23m▌[48;2;7;5;10m[38;2;1;0;4m▊[48;2;1;1;1m[38;2;1;1;1m  [48;2;1;1;3m[38;2;1;1;3m      [48;2;3;1;6m[38;2;3;1;6m  [48;2;1;1;1m[38;2;1;1;1m      [0m
[48;2;1;1;1m[38;2;1;1;1m                        [48;2;1;1;3m[38;2;1;1;3m  [48;2;3;1;4m[38;2;3;1;4m  [48;2;3;1;6m[38;2;3;1;6m  [48;2;2;0;3m[38;2;2;0;3m  [48;2;1;0;2m[38;2;7;5;8m▃▃[48;2;7;5;8m[38;2;17;15;18m▁[48;2;5;3;6m[38;2;48;46;49m▗[48;2;29;18;21m[38;2;214;203;206m▄[48;2;175;37;60m[38;2;212;74;97m▇[48;2;213;71;97m[38;2;213;71;97m  [48;2;229;132;152m[38;2;209;69;94m▊[48;2;177;184;190m[38;2;252;240;244m▌[48;2;8;6;9m[38;2;28;26;29m▂[48;2;1;0;2m[38;2;18;16;19m▂[48;2;11;8;5m[38;2;78;26;39m▗[48;2;11;7;5m[38;2;182;57;94m▄[48;2;49;18;24m[38;2;186;68;103m▖[48;2;9;3;2m[38;2;0;0;0m [48;2;1;1;3m[38;2;1;1;3m  [48;2;3;1;6m[38;2;3;1;6m  [48;2;1;1;3m[38;2;1;1;3m  [48;2;1;1;1m[38;2;1;1;1m      [0m
[48;2;1;1;1m[38;2;1;1;1m                    [48;2;2;2;4m[38;2;2;2;4m  [48;2;4;2;3m[38;2;4;2;3m  [48;2;1;0;0m[38;2;7;5;6m▃▃[48;2;4;3;5m[38;2;45;43;46m▁▁▁▁[48;2;14;12;15m[38;2;203;201;204m▄[48;2;28;26;29m[38;2;232;231;233m▄[48;2;159;157;160m[38;2;240;238;241m▇[48;2;171;169;172m[38;2;249;247;249m▇[48;2;255;254;255m[38;2;243;241;244m▄▄[48;2;247;243;240m[38;2;0;0;0m [48;2;207;87;122m[38;2;238;209;214m▄[48;2;209;71;96m[38;2;196;58;83m▖[48;2;214;76;101m[38;2;227;89;114m▗[48;2;202;99;130m[38;2;242;232;231m▄[48;2;250;242;241m[38;2;0;0;0m [48;2;255;254;255m[38;2;243;241;244m▄▄[48;2;177;167;164m[38;2;239;233;230m▇[48;2;204;79;116m[38;2;241;210;216m▄[48;2;216;69;105m[38;2;220;137;151m▗[48;2;162;68;86m[38;2;211;187;181m▄[48;2;5;3;6m[38;2;35;33;36m▁▁[48;2;3;1;6m[38;2;3;1;6m  [48;2;1;1;1m[38;2;1;1;1m        [0m
[48;2;1;1;1m[38;2;1;1;1m                [48;2;2;0;3m[38;2;2;0;3m  [48;2;3;1;4m[38;2;3;1;4m  [48;2;3;1;6m[38;2;3;1;6m  [48;2;188;67;90m[38;2;71;30;26m▎[48;2;206;66;95m[38;2;160;43;64m▁[48;2;210;75;115m[38;2;225;195;200m▄[48;2;231;221;219m[38;2;203;173;177m▁[48;2;207;205;208m[38;2;248;246;249m▇▇[48;2;208;206;209m[38;2;249;247;249m▇▇[48;2;250;250;252m[38;2;250;250;252m      [48;2;253;252;254m[38;2;247;245;248m▃[48;2;245;243;246m[38;2;232;230;233m▝[48;2;202;101;130m[38;2;249;241;241m▄[48;2;246;240;238m[38;2;0;0;0m [48;2;250;250;252m[38;2;250;250;252m      [48;2;248;248;250m[38;2;248;248;250m  [48;2;255;254;255m[38;2;246;244;247m▄[48;2;215;213;216m[38;2;0;0;0m [48;2;19;18;20m[38;2;181;179;182m▄[48;2;4;2;5m[38;2;17;15;18m╷[48;2;1;1;1m[38;2;1;1;1m  [48;2;1;1;3m[38;2;1;1;3m  [48;2;1;1;1m[38;2;1;1;1m    [0m
[48;2;1;1;1m[38;2;1;1;1m            [48;2;1;1;3m[38;2;1;1;3m  [48;2;3;1;6m[38;2;3;1;6m      [48;2;1;1;3m[38;2;1;1;3m  [48;2;1;1;1m[38;2;1;1;1m  [48;2;12;10;11m[38;2;2;1;1m▅▅[48;2;191;189;194m[38;2;10;9;13m▄[48;2;223;221;225m[38;2;12;10;15m▄[48;2;224;222;225m[38;2;12;10;13m▄▄▄▄[48;2;227;225;228m[38;2;31;29;32m▄[48;2;237;235;237m[38;2;0;0;0m [48;2;250;250;252m[38;2;250;250;252m          [48;2;227;226;228m[38;2;0;0;0m [48;2;237;235;238m[38;2;48;46;49m▄[48;2;249;247;250m[38;2;151;149;152m▁▁[48;2;247;245;247m[38;2;161;159;162m▁[48;2;235;233;236m[38;2;132;130;133m▗[48;2;176;174;177m[38;2;16;15;17m▄[48;2;1;0;2m[38;2;3;1;4m▝[48;2;1;1;1m[38;2;1;1;1m        [0m
[48;2;1;1;1m[38;2;1;1;1m            [48;2;3;1;6m[38;2;3;1;6m      [48;2;3;1;4m[38;2;3;1;4m  [48;2;1;1;3m[38;2;1;1;3m  [48;2;1;1;1m[38;2;1;1;1m    [48;2;3;1;6m[38;2;3;1;6m      [48;2;3;0;2m[38;2;14;9;13m▄[48;2;205;201;204m[38;2;27;22;26m▄[48;2;243;243;245m[38;2;239;239;241m▌[48;2;254;254;255m[38;2;250;250;252m▌[48;2;250;250;252m      [48;2;237;237;239m[38;2;255;255;255m▊[48;2;230;230;231m[38;2;0;0;0m [48;2;202;200;203m[38;2;27;25;28m▅[48;2;10;8;11m[38;2;0;0;0m [48;2;4;2;3m[38;2;4;2;3m    [48;2;1;1;1m[38;2;1;1;1m          [0m
[48;2;1;1;1m[38;2;1;1;1m            [48;2;1;1;3m[38;2;1;1;3m  [48;2;3;1;6m[38;2;3;1;6m  [48;2;2;0;3m[38;2;2;0;3m  [48;2;1;1;1m[38;2;1;1;1m  [48;2;3;1;6m[38;2;3;1;6m    [48;2;1;1;1m[38;2;1;1;1m        [48;2;14;12;15m[38;2;1;0;2m▊[48;2;57;55;58m[38;2;8;6;9m▊[48;2;237;235;238m[38;2;125;123;126m▁[48;2;246;244;246m[38;2;0;0;0m [48;2;250;250;252m[38;2;250;250;252m      [48;2;245;243;246m[38;2;255;254;255m▎[48;2;151;149;152m[38;2;243;241;243m▊[48;2;2;2;4m[38;2;2;2;4m  [48;2;1;1;1m[38;2;1;1;1m              [0m
[48;2;1;1;1m[38;2;1;1;1m              [48;2;2;0;3m[38;2;2;0;3m  [48;2;1;1;3m[38;2;1;1;3m    [48;2;3;1;6m[38;2;3;1;6m  [48;2;3;1;4m[38;2;3;1;4m  [48;2;1;1;3m[38;2;1;1;3m  [48;2;1;1;1m[38;2;1;1;1m    [48;2;1;1;3m[38;2;1;1;3m    [48;2;70;65;69m[38;2;10;5;9m▊[48;2;252;248;252m[38;2;194;189;193m▎[48;2;250;250;252m[38;2;250;250;252m    [48;2;249;249;251m[38;2;249;249;251m  [48;2;230;226;229m[38;2;99;94;98m▁[48;2;206;202;205m[38;2;56;51;55m▅[48;2;2;2;4m[38;2;2;2;4m  [48;2;1;1;1m[38;2;1;1;1m              [0m
[48;2;1;1;1m[38;2;1;1;1m                [48;2;3;1;4m[38;2;3;1;4m  [48;2;3;1;6m[38;2;3;1;6m  [48;2;2;0;3m[38;2;2;0;3m  [48;2;3;1;6m[38;2;3;1;6m  [48;2;2;0;3m[38;2;2;0;3m  [48;2;1;1;1m[38;2;1;1;1m    [48;2;3;1;6m[38;2;3;1;6m  [48;2;1;0;2m[38;2;3;1;4m▄[48;2;21;20;22m[38;2;156;154;157m▁[48;2;38;32;36m[38;2;213;208;212m▅[48;2;211;206;209m[38;2;87;81;85m▅[48;2;233;228;232m[38;2;68;63;67m▅[48;2;232;227;231m[38;2;35;31;34m▅[48;2;235;233;236m[38;2;28;26;29m▅▅[48;2;234;230;233m[38;2;72;66;70m▅[48;2;217;212;216m[38;2;83;77;81m▅[48;2;63;57;59m[38;2;232;226;228m▅[48;2;153;147;149m[38;2;237;233;235m▊[48;2;2;2;4m[38;2;2;2;4m  [48;2;1;1;1m[38;2;1;1;1m              [0m
[48;2;1;1;1m[38;2;1;1;1m                    [48;2;0;0;0m[38;2;0;0;0m  [48;2;1;1;3m[38;2;1;1;3m  [48;2;1;1;1m[38;2;1;1;1m    [48;2;2;0;3m[38;2;2;0;3m  [48;2;1;1;3m[38;2;1;1;3m  [48;2;30;25;29m[38;2;142;137;141m▁[48;2;244;240;244m[38;2;197;192;196m▎[48;2;250;250;251m[38;2;241;241;243m┗[48;2;216;216;218m[38;2;248;248;249m▊[48;2;210;205;209m[38;2;49;44;48m▅[48;2;39;35;38m[38;2;216;212;216m▅[48;2;18;13;16m[38;2;177;172;175m▅[48;2;46;41;44m[38;2;180;174;178m▁[48;2;255;255;255m[38;2;237;237;239m▌[48;2;253;253;254m[38;2;245;245;247m┃[48;2;252;250;252m[38;2;244;242;245m┃[48;2;152;150;153m[38;2;243;242;244m▊[48;2;3;1;4m[38;2;3;1;4m  [48;2;1;1;1m[38;2;1;1;1m              [0m
[48;2;1;1;1m[38;2;1;1;1m                        [48;2;1;1;3m[38;2;1;1;3m  [48;2;3;1;6m[38;2;3;1;6m  [48;2;2;0;3m[38;2;2;0;3m  [48;2;1;0;2m[38;2;6;4;7m▄[48;2;23;22;24m[38;2;159;157;160m▁[48;2;249;249;250m[38;2;206;206;208m▎[48;2;241;241;243m[38;2;253;253;254m┃[48;2;198;193;197m[38;2;247;243;246m▊[48;2;212;208;212m[38;2;55;50;54m▅[48;2;56;51;55m[38;2;224;220;223m▅[48;2;216;212;215m[38;2;124;119;123m▂[48;2;121;116;120m[38;2;49;44;48m▊[48;2;249;245;248m[38;2;208;203;207m▎[48;2;250;250;252m[38;2;250;250;252m  [48;2;252;250;252m[38;2;244;242;245m┃[48;2;152;150;153m[38;2;243;242;244m▊[48;2;3;1;6m[38;2;3;1;6m  [48;2;1;1;3m[38;2;1;1;3m  [48;2;1;1;1m[38;2;1;1;1m            [0m
[48;2;1;1;1m[38;2;1;1;1m                    [48;2;2;0;3m[38;2;2;0;3m  [48;2;1;1;1m[38;2;1;1;1m  [48;2;3;1;6m[38;2;3;1;6m    [48;2;1;1;3m[38;2;1;1;3m  [48;2;38;36;39m[38;2;6;5;7m▊[48;2;247;245;248m[38;2;161;159;162m▎[48;2;250;250;252m[38;2;250;250;252m  [48;2;244;242;244m[38;2;232;230;232m▎[48;2;63;61;64m[38;2;239;237;239m▅[48;2;179;174;178m[38;2;243;239;243m▊[48;2;55;50;54m[38;2;193;188;192m▁[48;2;255;254;255m[38;2;238;236;239m▌[48;2;253;252;254m[38;2;246;244;247m┃[48;2;250;250;252m[38;2;250;250;252m  [48;2;244;240;243m[38;2;0;0;0m [48;2;208;203;207m[38;2;47;42;46m▁[48;2;5;3;8m[38;2;5;3;8m  [48;2;1;1;3m[38;2;1;1;3m  [48;2;1;1;1m[38;2;1;1;1m            [0m
[48;2;1;1;1m[38;2;1;1;1m                  [48;2;1;1;3m[38;2;1;1;3m  [48;2;2;0;3m[38;2;2;0;3m  [48;2;1;1;3m[38;2;1;1;3m  [48;2;3;1;6m[38;2;3;1;6m    [48;2;3;1;4m[38;2;3;1;4m  [48;2;45;43;46m[38;2;212;211;213m▅[48;2;241;239;241m[38;2;0;0;0m [48;2;250;250;252m[38;2;250;250;252m          [48;2;146;144;147m[38;2;245;243;246m▊[48;2;1;0;2m[38;2;23;21;24m▄[48;2;3;1;6m[38;2;3;1;6m  [48;2;1;1;3m[38;2;1;1;3m  [48;2;1;1;1m[38;2;1;1;1m            [0m
[48;2;1;1;1m[38;2;1;1;1m                  [48;2;2;0;3m[38;2;2;0;3m    [48;2;3;1;6m[38;2;3;1;6m      [38;2;1;0;4m┓[48;2;21;20;24m[38;2;196;194;199m▁[48;2;246;245;248m[38;2;175;174;179m▎[48;2;253;252;255m[38;2;255;254;255m▌[48;2;250;250;252m[38;2;250;250;252m        [48;2;240;238;241m[38;2;0;0;0m [48;2;217;216;218m[38;2;42;40;43m▁[48;2;188;183;189m[38;2;17;13;18m▅[48;2;3;0;4m[38;2;45;40;46m [48;2;3;1;6m[38;2;3;1;6m    [48;2;1;1;1m[38;2;1;1;1m            [0m
[48;2;4;2;10m[38;2;23;2;126m▂▂▂▂▂▂▂▂▂▂▂▂▂▂▂▂▂▂[48;2;5;3;12m[38;2;24;2;129m▂▂[48;2;4;2;10m[38;2;23;2;126m▂▂[48;2;5;3;12m[38;2;24;2;129m▂▂▂▂▂▂[48;2;9;7;12m[38;2;34;13;132m▂[48;2;248;245;244m[38;2;151;147;163m▎[48;2;250;250;252m[38;2;250;250;252m          [48;2;173;166;183m[38;2;240;235;237m▊[48;2;20;16;19m[38;2;30;11;125m▂[48;2;5;3;12m[38;2;24;2;129m▂▂▂▂▂▂[48;2;4;2;10m[38;2;23;2;126m▂▂▂▂▂▂▂▂▂▂▂▂[0m
[48;2;38;3;183m[38;2;38;3;183m                            [48;2;45;20;181m[38;2;193;181;231m▂[48;2;248;247;242m[38;2;184;176;216m▎[48;2;250;250;252m[38;2;250;250;252m        [48;2;238;237;242m[38;2;252;251;254m▊[48;2;194;193;198m[38;2;244;243;246m▊[48;2;205;194;229m[38;2;50;22;178m▆[48;2;44;12;186m[38;2;0;0;0m [48;2;38;3;183m[38;2;38;3;183m                  [0m
[48;2;38;3;183m[38;2;38;3;183m                            [48;2;245;242;254m[38;2;154;150;177m▎[48;2;249;249;242m[38;2;250;250;251m▌[48;2;250;250;252m[38;2;250;250;252m  [48;2;224;218;247m[38;2;250;249;243m▊[48;2;228;223;238m[38;2;59;35;177m▆[48;2;250;250;251m[38;2;232;232;234m▌[48;2;250;250;252m[38;2;255;255;255m▌[38;2;250;250;252m  [48;2;243;243;243m[38;2;0;0;0m [48;2;222;218;237m[38;2;66;47;173m▂[48;2;39;4;184m[38;2;39;4;184m  [48;2;38;3;183m[38;2;38;3;183m                  [0m
[48;2;38;3;185m[38;2;38;3;185m                          [48;2;38;3;183m[38;2;38;3;183m  [48;2;245;242;254m[38;2;154;150;177m▎[48;2;249;249;242m[38;2;250;250;251m▌[48;2;249;249;251m[38;2;249;249;251m  [48;2;224;215;247m[38;2;56;30;175m▆[48;2;56;30;175m[38;2;220;210;241m▂[48;2;249;249;251m[38;2;231;231;233m▌[38;2;255;255;255m▌[48;2;241;241;243m[38;2;251;251;252m▅[48;2;251;251;252m[38;2;241;241;243m▃[48;2;221;213;237m[38;2;59;33;182m▂[48;2;41;14;174m[38;2;42;13;178m▄[48;2;38;3;185m[38;2;38;3;185m                    [0m
[48;2;38;3;185m[38;2;38;3;185m                          [48;2;43;11;191m[38;2;26;1;171m╷[48;2;69;47;173m[38;2;211;203;226m▆[48;2;241;241;243m[38;2;251;251;252m▄[48;2;250;250;251m[38;2;240;240;242m▃[48;2;226;222;234m[38;2;251;248;246m▊[48;2;204;199;218m[38;2;61;38;181m▆[48;2;52;24;188m[38;2;13;0;159m│[48;2;251;250;248m[38;2;196;186;239m▎[48;2;250;250;252m[38;2;250;250;252m  [48;2;244;244;244m[38;2;0;0;0m [48;2;213;210;227m[38;2;56;39;176m▂[48;2;40;5;185m[38;2;40;5;185m  [48;2;38;3;185m[38;2;38;3;185m                    [0m
[48;2;38;3;185m[38;2;38;3;185m                          [48;2;43;16;163m[38;2;40;8;188m▊[48;2;212;204;227m[38;2;82;56;192m▃[48;2;245;234;236m[38;2;186;69;107m▂▂[48;2;229;200;204m[38;2;201;85;119m▆[48;2;53;19;170m[38;2;0;0;0m [48;2;41;12;178m [48;2;218;209;239m[38;2;55;29;181m▂[48;2;247;247;249m[38;2;247;247;249m  [48;2;219;209;224m[38;2;195;81;131m▂[48;2;31;14;175m[38;2;55;11;182m▅[48;2;38;3;185m[38;2;38;3;185m                      [0m
[48;2;38;3;185m[38;2;38;3;185m                          [48;2;43;3;189m[38;2;22;17;72m▃[48;2;44;14;171m[38;2;161;55;76m▂[48;2;221;84;107m[38;2;190;46;107m▌[48;2;218;79;112m[38;2;209;73;88m▊[48;2;150;59;79m[38;2;23;11;21m▆[48;2;42;18;124m[38;2;8;3;9m▆[48;2;36;17;152m[38;2;13;8;10m▆[48;2;41;16;69m[38;2;197;56;89m▂[48;2;227;204;194m[38;2;214;73;103m▆▆[48;2;197;66;89m[38;2;48;23;37m▃[48;2;41;16;104m[38;2;15;5;15m▅[48;2;38;6;168m[38;2;28;16;53m▂[48;2;33;2;172m[38;2;43;5;201m▗[48;2;38;3;185m[38;2;38;3;185m                    [0m
[48;2;38;3;185m[38;2;38;3;185m                          [48;2;27;11;76m[38;2;39;10;175m▆[48;2;51;18;60m[38;2;53;4;183m▂[48;2;148;48;74m[38;2;28;10;81m▆▆[48;2;11;4;24m[38;2;42;10;181m▂▂[48;2;18;9;28m[38;2;43;12;180m▂[48;2;134;44;71m[38;2;25;7;80m▆[48;2;156;56;82m[38;2;28;9;82m▆▆[48;2;9;7;13m[38;2;32;6;152m▃▃[48;2;37;22;78m[38;2;37;2;183m▆[48;2;37;2;182m[38;2;37;5;163m▘[48;2;38;3;185m[38;2;38;3;185m                    [0m
[48;2;40;2;185m[38;2;40;2;185m                                                            [0m
[48;2;40;2;185m[38;2;40;2;185m                                                            [0m
