[48;2;1;1;1m[38;2;1;1;1m                                                            [0m
[48;2;1;1;1m[38;2;1;1;1m                                                            [0m
[48;2;1;1;1m[38;2;1;1;1m                                                            [0m
[48;2;1;1;1m[38;2;1;1;1m                                                            [0m
[48;2;1;1;1m[38;2;1;1;1m                          [48;2;3;1;6m[38;2;3;1;6m  [48;2;1;1;3m[38;2;1;1;3m  [48;2;1;1;1m[38;2;1;1;1m                              [0m
[48;2;1;1;1m[38;2;1;1;1m                        [48;2;1;1;3m[38;2;1;1;3m  [48;2;3;1;6m[38;2;3;1;6m    [48;2;2;0;3m[38;2;2;0;3m  [48;2;1;1;3m[38;2;1;1;3m  [48;2;2;0;3m[38;2;2;0;3m  [48;2;18;16;19m[38;2;0;0;0m [48;2;10;9;11m[38;2;192;190;193m▄[48;2;10;8;11m[38;2;220;218;221m▄▄[48;2;11;10;12m[38;2;210;209;211m▄[48;2;33;32;34m[38;2;222;220;222m▃[48;2;4;2;5m[38;2;4;2;5m  [48;2;1;1;1m[38;2;1;1;1m      [48;2;3;1;6m[38;2;3;1;6m    [48;2;1;1;1m[38;2;1;1;1m      [0m
[48;2;1;1;1m[38;2;1;1;1m                    [48;2;2;0;3m[38;2;2;0;3m  [48;2;1;1;3m[38;2;1;1;3m    [48;2;3;1;6m[38;2;3;1;6m    [48;2;1;1;3m[38;2;1;1;3m  [48;2;3;1;4m[38;2;3;1;4m  [48;2;3;1;6m[38;2;3;1;6m  [48;2;3;0;2m[38;2;6;1;5m▄[48;2;21;17;20m[38;2;76;71;75m▝[48;2;234;233;235m[38;2;207;80;101m▄[48;2;244;244;246m[38;2;218;92;113m▄[48;2;245;240;239m[38;2;208;109;138m▄[48;2;245;241;239m[38;2;0;0;0m [48;2;137;135;136m[38;2;229;228;229m▊[48;2;7;5;6m[38;2;19;17;18m▎[48;2;1;1;1m[38;2;1;1;1m  [48;2;1;1;3m[38;2;1;1;3m      [48;2;3;1;6m[38;2;3;1;6m  [48;2;1;1;1m[38;2;1;1;1m      [0m
[48;2;1;1;1m[38;2;1;1;1m                        [48;2;1;1;3m[38;2;1;1;3m  [48;2;3;1;4m[38;2;3;1;4m  [48;2;3;1;6m[38;2;3;1;6m  [48;2;2;0;3m[38;2;2;0;3m  [48;2;1;1;3m[38;2;1;1;3m    [48;2;4;2;3m[38;2;4;2;3m  [48;2;51;20;17m[38;2;190;55;84m▄[48;2;209;68;100m[38;2;186;81;101m▘[48;2;61;20;20m[38;2;183;62;87m▄[48;2;232;159;169m[38;2;212;82;110m▊[48;2;136;132;133m[38;2;245;242;243m▊[48;2;3;0;0m[38;2;37;33;34m▎[48;2;1;1;3m[38;2;1;1;3m      [48;2;3;1;6m[38;2;3;1;6m  [48;2;1;1;3m[38;2;1;1;3m  [48;2;1;1;1m[38;2;1;1;1m      [0m
[48;2;1;1;1m[38;2;1;1;1m                    [48;2;2;2;4m[38;2;2;2;4m  [48;2;1;1;1m[38;2;1;1;1m  [48;2;6;2;1m[38;2;0;0;0m [48;2;44;15;21m[38;2;191;75;110m▗[48;2;218;67;102m[38;2;130;51;62m▘[48;2;44;15;13m[38;2;195;74;99m▄[48;2;10;5;6m[38;2;30;24;26m▃[48;2;6;1;2m[38;2;0;0;0m [48;2;1;1;3m[38;2;1;1;3m  [48;2;1;1;1m[38;2;11;11;11m▃▃[48;2;19;17;20m[38;2;0;0;0m [48;2;19;18;20m[38;2;215;213;216m▄[48;2;22;17;18m[38;2;232;226;228m▄[48;2;31;26;27m[38;2;222;216;218m▄[48;2;211;71;97m[38;2;211;71;97m  [48;2;235;80;112m[38;2;214;74;101m▊[48;2;227;134;145m[38;2;204;75;98m▊[48;2;234;232;235m[38;2;252;250;252m╋[48;2;239;237;240m[38;2;181;179;182m▝[48;2;20;18;21m[38;2;226;224;226m▄[48;2;13;12;14m[38;2;201;199;202m▄[48;2;5;3;6m[38;2;35;33;36m▁▁[48;2;1;1;3m[38;2;1;1;3m  [48;2;3;1;6m[38;2;3;1;6m  [48;2;1;1;1m[38;2;1;1;1m        [0m
[48;2;1;1;1m[38;2;1;1;1m                [48;2;2;0;3m[38;2;2;0;3m  [48;2;3;1;4m[38;2;3;1;4m  [48;2;2;0;3m[38;2;2;0;3m  [48;2;1;1;1m[38;2;1;1;1m  [48;2;3;1;2m[38;2;3;1;2m  [48;2;204;68;94m[38;2;105;41;43m▎[48;2;204;67;93m[38;2;205;87;107m┏[48;2;202;181;188m[38;2;239;222;228m▇[48;2;51;53;52m[38;2;235;238;237m▄[48;2;23;21;22m[38;2;236;234;235m▄▄[48;2;34;33;35m[38;2;238;236;239m▄[48;2;233;231;234m[38;2;0;0;0m [48;2;241;241;243m[38;2;252;252;253m▄▄[48;2;250;250;252m[38;2;250;250;252m  [48;2;224;184;192m[38;2;247;238;245m▊[48;2;214;108;123m[38;2;207;74;97m┃[48;2;195;94;124m[38;2;246;238;237m▄[48;2;249;244;242m[38;2;0;0;0m [48;2;250;250;252m[38;2;250;250;252m    [48;2;203;201;204m[38;2;245;244;246m▇[48;2;223;221;224m[38;2;0;0;0m [48;2;22;20;23m[38;2;236;234;236m▄[48;2;16;14;17m[38;2;192;190;193m▄[48;2;2;1;3m[38;2;18;16;19m▃[48;2;4;2;5m[38;2;7;5;8m▖[48;2;1;1;1m[38;2;1;1;1m  [48;2;1;1;3m[38;2;1;1;3m  [48;2;1;1;1m[38;2;1;1;1m    [0m
[48;2;1;1;1m[38;2;1;1;1m            [48;2;1;1;3m[38;2;1;1;3m  [48;2;3;1;6m[38;2;3;1;6m      [48;2;1;1;3m[38;2;1;1;3m  [48;2;1;1;1m[38;2;1;1;1m    [48;2;1;0;2m[38;2;21;19;22m▄[48;2;184;182;185m[38;2;17;15;18m▄[48;2;228;226;229m[38;2;21;20;22m▄[48;2;230;228;231m[38;2;141;139;142m▁[48;2;248;247;249m[38;2;150;148;151m▁▁[48;2;246;245;247m[38;2;155;153;156m▁▁[48;2;244;244;246m[38;2;174;174;176m▁[48;2;255;255;255m[38;2;240;240;242m━[48;2;250;250;252m[38;2;250;250;252m  [48;2;249;249;251m[38;2;249;249;251m  [48;2;250;250;252m[38;2;250;250;252m      [48;2;241;230;230m[38;2;230;168;183m▁[48;2;242;235;232m[38;2;206;76;115m▄[48;2;236;233;233m[38;2;219;123;153m▄[48;2;243;242;241m[38;2;0;0;0m [48;2;71;69;72m[38;2;215;213;216m▊[48;2;1;0;2m[38;2;12;10;13m│[48;2;1;1;1m[38;2;1;1;1m        [0m
[48;2;1;1;1m[38;2;1;1;1m            [48;2;3;1;6m[38;2;3;1;6m      [48;2;3;1;4m[38;2;3;1;4m  [48;2;1;1;3m[38;2;1;1;3m  [48;2;1;1;1m[38;2;1;1;1m    [48;2;3;1;6m[38;2;3;1;6m  [48;2;4;2;7m[38;2;4;2;7m  [48;2;5;3;8m[38;2;5;3;8m  [48;2;5;3;6m[38;2;5;3;6m  [48;2;65;60;64m[38;2;12;8;11m▊[48;2;235;231;234m[38;2;136;131;135m▁[48;2;250;250;252m[38;2;250;250;252m        [48;2;238;225;225m[38;2;0;0;0m [48;2;229;215;215m[38;2;177;68;99m▄[48;2;197;64;95m[38;2;98;31;40m▁[48;2;189;84;106m[38;2;13;9;2m▄[48;2;212;210;212m[38;2;10;8;11m▄[48;2;52;50;53m[38;2;220;218;221m▘[48;2;1;1;1m[38;2;1;1;1m          [0m
[48;2;1;1;1m[38;2;1;1;1m            [48;2;1;1;3m[38;2;1;1;3m  [48;2;3;1;6m[38;2;3;1;6m  [48;2;2;0;3m[38;2;2;0;3m  [48;2;1;1;1m[38;2;1;1;1m  [48;2;3;1;6m[38;2;3;1;6m    [48;2;1;1;1m[38;2;1;1;1m        [48;2;1;1;3m[38;2;1;1;3m  [48;2;1;0;2m[38;2;13;11;14m│[48;2;78;76;79m[38;2;7;6;8m▊[48;2;255;255;255m[38;2;237;237;239m▌[48;2;253;253;254m[38;2;245;245;247m┃[48;2;250;250;252m[38;2;250;250;252m      [48;2;121;119;120m[38;2;243;241;242m▊[48;2;1;0;0m[38;2;23;21;22m▎[48;2;1;1;1m[38;2;1;1;1m              [0m
[48;2;1;1;1m[38;2;1;1;1m              [48;2;2;0;3m[38;2;2;0;3m  [48;2;1;1;3m[38;2;1;1;3m    [48;2;3;1;6m[38;2;3;1;6m  [48;2;3;1;4m[38;2;3;1;4m  [48;2;1;1;3m[38;2;1;1;3m  [48;2;1;1;1m[38;2;1;1;1m    [48;2;1;1;3m[38;2;1;1;3m    [48;2;1;0;2m[38;2;2;0;3m▘[48;2;4;3;5m[38;2;40;38;41m▝[48;2;231;229;232m[38;2;41;39;42m▅[48;2;250;248;250m[38;2;216;214;217m▎[48;2;250;250;252m[38;2;250;250;252m    [48;2;248;248;250m[38;2;248;248;250m  [48;2;109;107;110m[38;2;215;213;216m▊[48;2;5;3;6m[38;2;32;30;33m▎[48;2;1;1;1m[38;2;1;1;1m              [0m
[48;2;1;1;1m[38;2;1;1;1m                [48;2;3;1;4m[38;2;3;1;4m  [48;2;3;1;6m[38;2;3;1;6m  [48;2;2;0;3m[38;2;2;0;3m  [48;2;3;1;6m[38;2;3;1;6m  [48;2;2;0;3m[38;2;2;0;3m  [48;2;1;1;1m[38;2;1;1;1m    [48;2;3;1;6m[38;2;3;1;6m  [48;2;1;1;3m[38;2;1;1;3m  [48;2;6;5;7m[38;2;0;0;0m [48;2;15;14;16m [48;2;47;41;45m[38;2;210;204;208m▅[48;2;212;207;211m[38;2;82;76;80m▅[48;2;225;221;224m[38;2;71;66;70m▅[48;2;234;229;233m[38;2;32;28;31m▅[48;2;234;232;235m[38;2;27;25;28m▅▅[48;2;228;224;227m[38;2;75;69;73m▅[48;2;205;199;203m[38;2;90;84;88m▅[48;2;28;23;27m[38;2;222;218;222m▅[48;2;47;43;46m[38;2;216;212;215m▄[48;2;1;1;1m[38;2;1;1;1m              [0m
[48;2;1;1;1m[38;2;1;1;1m                    [48;2;0;0;0m[38;2;0;0;0m  [48;2;1;1;3m[38;2;1;1;3m  [48;2;1;1;1m[38;2;1;1;1m    [48;2;2;0;3m[38;2;2;0;3m  [48;2;1;1;3m[38;2;1;1;3m    [48;2;50;45;49m[38;2;13;9;12m▊[48;2;39;35;38m[38;2;220;215;219m▅[48;2;248;248;250m[38;2;248;248;250m  [48;2;163;159;160m[38;2;245;242;243m▊[48;2;58;54;55m[38;2;12;9;9m┃[48;2;35;31;34m[38;2;194;190;193m▅[48;2;102;97;101m[38;2;21;16;20m▊[48;2;242;242;244m[38;2;238;238;240m▌[48;2;254;254;255m[38;2;249;249;251m▌[48;2;249;249;250m[38;2;232;232;234m╵[48;2;238;238;239m[38;2;0;0;0m [48;2;77;75;76m[38;2;215;213;214m┓[48;2;8;6;7m[38;2;26;24;25m╸[48;2;1;1;1m[38;2;1;1;1m            [0m
[48;2;1;1;1m[38;2;1;1;1m                        [48;2;1;1;3m[38;2;1;1;3m  [48;2;3;1;6m[38;2;3;1;6m  [48;2;2;0;3m[38;2;2;0;3m  [48;2;1;1;3m[38;2;1;1;3m  [48;2;1;1;1m[38;2;1;1;1m  [48;2;68;66;69m[38;2;8;6;9m▊[48;2;251;249;252m[38;2;192;190;193m▎[48;2;250;250;252m[38;2;250;250;252m  [48;2;239;235;238m[38;2;0;0;0m [48;2;73;68;72m[38;2;211;206;210m▅[48;2;199;193;197m[38;2;56;51;54m▅[48;2;62;56;60m[38;2;200;195;199m▅[48;2;217;215;218m[38;2;65;63;66m▅[48;2;246;244;247m[38;2;220;218;221m╸[48;2;250;250;252m[38;2;250;250;252m  [48;2;111;109;110m[38;2;240;238;239m▊[48;2;1;0;0m[38;2;25;23;24m▎[48;2;1;1;1m[38;2;1;1;1m            [0m
[48;2;1;1;1m[38;2;1;1;1m                    [48;2;2;0;3m[38;2;2;0;3m  [48;2;1;1;1m[38;2;1;1;1m  [48;2;3;1;6m[38;2;3;1;6m    [48;2;1;1;3m[38;2;1;1;3m    [48;2;1;1;1m[38;2;1;1;1m  [48;2;55;50;54m[38;2;10;6;9m▊[48;2;236;232;236m[38;2;116;111;115m▂[48;2;249;249;251m[38;2;249;249;251m  [48;2;255;255;255m[38;2;247;247;249m▌[48;2;247;247;248m[38;2;206;206;208m▝[48;2;78;73;77m[38;2;235;231;234m▅[48;2;179;174;178m[38;2;240;236;239m▊[48;2;147;142;146m[38;2;51;46;50m▊[48;2;250;246;249m[38;2;232;227;231m▎[48;2;250;250;252m[38;2;250;250;252m  [48;2;110;108;111m[38;2;239;237;240m▊[48;2;1;0;2m[38;2;24;22;25m▎[48;2;1;1;1m[38;2;1;1;1m            [0m
[48;2;1;1;1m[38;2;1;1;1m                  [48;2;1;1;3m[38;2;1;1;3m  [48;2;2;0;3m[38;2;2;0;3m  [48;2;1;1;3m[38;2;1;1;3m  [48;2;3;1;6m[38;2;3;1;6m    [48;2;2;0;3m[38;2;2;0;3m  [48;2;1;1;3m[38;2;1;1;3m  [48;2;1;1;1m[38;2;1;1;1m  [48;2;1;0;0m[38;2;12;10;11m│[48;2;77;75;76m[38;2;7;5;6m▊[48;2;255;254;255m[38;2;237;235;238m▌[48;2;253;251;253m[38;2;245;243;246m┃[48;2;250;250;252m[38;2;250;250;252m      [48;2;249;248;250m[38;2;233;231;234m╷[48;2;174;172;175m[38;2;244;242;245m▊[48;2;176;174;177m[38;2;15;14;16m▅[48;2;1;0;2m[38;2;7;5;8m▄[48;2;1;1;1m[38;2;1;1;1m            [0m
[48;2;1;1;1m[38;2;1;1;1m                  [48;2;2;0;3m[38;2;2;0;3m    [48;2;3;1;6m[38;2;3;1;6m      [48;2;1;1;3m[38;2;1;1;3m  [48;2;1;1;1m[38;2;1;1;1m    [48;2;0;0;0m[38;2;5;5;5m▂[48;2;6;6;6m[38;2;19;19;19m▝[48;2;206;204;207m[38;2;30;29;31m▅[48;2;249;247;250m[38;2;221;219;221m▎[48;2;241;241;243m[38;2;251;251;252m▅[48;2;251;251;252m[38;2;241;241;243m▃[48;2;245;243;246m[38;2;104;102;105m▂[48;2;246;245;247m[38;2;0;0;0m [48;2;250;250;252m[38;2;250;250;252m  [48;2;255;254;255m[38;2;255;253;255m┃[48;2;132;130;133m[38;2;241;239;242m▊[48;2;3;1;6m[38;2;3;1;6m  [48;2;1;1;1m[38;2;1;1;1m            [0m
[48;2;4;2;10m[38;2;23;2;126m▂▂▂▂▂▂▂▂▂▂▂▂▂▂▂▂▂▂[48;2;5;3;12m[38;2;24;2;129m▂▂[48;2;4;2;10m[38;2;23;2;126m▂▂[48;2;5;3;12m[38;2;24;2;129m▂▂▂▂▂▂[48;2;5;3;11m[38;2;24;3;127m▂▂[48;2;4;2;10m[38;2;23;2;126m▂▂▂▂▂▂[48;2;25;19;34m[38;2;43;17;155m▁[48;2;233;217;226m[38;2;194;94;97m▁[48;2;244;229;230m[38;2;210;106;115m▂[48;2;228;192;208m[38;2;202;85;106m▅[48;2;57;45;54m[38;2;152;82;115m▆[48;2;241;234;245m[38;2;0;0;0m [48;2;250;250;252m[38;2;250;250;252m  [48;2;249;249;251m[38;2;233;233;235m╵[48;2;238;238;239m[38;2;0;0;0m [48;2;20;18;14m[38;2;191;184;201m▆[48;2;9;4;21m[38;2;59;31;181m▁[48;2;4;2;10m[38;2;23;2;126m▂▂▂▂▂▂▂▂▂▂▂▂[0m
[48;2;38;3;183m[38;2;38;3;183m                                    [48;2;92;22;173m[38;2;37;4;179m▊[48;2;224;72;91m[38;2;168;55;98m▎[48;2;219;74;99m[38;2;192;64;103m▗[48;2;187;70;104m[38;2;73;18;159m▂[48;2;105;86;191m[38;2;39;12;186m▊[48;2;236;233;235m[38;2;91;74;173m▂[48;2;250;250;252m[38;2;250;250;252m    [48;2;180;171;215m[38;2;250;248;246m▊[48;2;37;13;176m[38;2;173;161;219m▂[48;2;38;3;183m[38;2;38;3;183m            [0m
[48;2;38;3;183m[38;2;38;3;183m                                    [48;2;37;0;182m[38;2;65;11;159m▝[48;2;190;54;111m[38;2;47;14;175m▆[48;2;162;62;126m[38;2;48;10;172m▆[48;2;33;0;181m[38;2;55;11;170m▘[48;2;31;1;167m[38;2;46;12;189m▌[48;2;115;92;200m[38;2;42;10;187m▊[48;2;238;237;242m[38;2;96;81;172m▂[48;2;245;244;248m[38;2;0;0;0m [48;2;250;250;252m[38;2;250;250;252m  [48;2;253;253;251m[38;2;238;235;254m│[48;2;124;112;184m[38;2;242;242;240m▊[48;2;37;2;184m[38;2;37;2;184m  [48;2;38;3;183m[38;2;38;3;183m          [0m
[48;2;38;3;185m[38;2;38;3;185m                                          [48;2;87;65;197m[38;2;35;7;181m▊[48;2;236;232;238m[38;2;81;61;175m▂[48;2;250;250;252m[38;2;250;250;252m  [48;2;250;252;239m[38;2;248;247;247m▊[48;2;153;145;194m[38;2;244;241;247m▊[48;2;57;26;189m[38;2;192;181;218m▁[48;2;39;5;180m[38;2;42;9;180m▄[48;2;38;3;185m[38;2;38;3;185m          [0m
[48;2;38;3;185m[38;2;38;3;185m                                          [48;2;39;6;184m[38;2;28;2;159m│[48;2;113;89;199m[38;2;40;8;186m▊[48;2;238;238;237m[38;2;75;60;180m▂[48;2;245;244;247m[38;2;0;0;0m [48;2;250;250;252m[38;2;250;250;252m  [48;2;95;72;188m[38;2;244;239;240m▊[48;2;37;6;190m[38;2;37;6;190m▄[48;2;38;3;185m[38;2;38;3;185m          [0m
[48;2;38;3;185m[38;2;38;3;185m                                            [48;2;105;88;183m[38;2;34;6;182m▊[48;2;231;226;237m[38;2;79;62;162m▂[48;2;250;250;252m[38;2;250;250;252m  [48;2;95;72;186m[38;2;244;239;239m▊[48;2;37;6;188m[38;2;37;6;188m▄[48;2;38;3;185m[38;2;38;3;185m          [0m
[48;2;38;3;185m[38;2;38;3;185m                                  [48;2;38;3;183m[38;2;38;3;183m  [48;2;39;9;168m[38;2;12;1;44m▃[48;2;40;13;154m[38;2;10;4;23m▆[48;2;35;12;139m[38;2;5;3;11m▆▆[48;2;36;13;140m[38;2;5;3;12m▆▆[48;2;45;13;154m[38;2;23;9;14m▆[48;2;28;11;63m[38;2;193;65;97m▂[48;2;56;19;71m[38;2;202;64;92m▂[48;2;98;62;146m[38;2;208;77;101m▆[48;2;237;214;204m[38;2;215;74;104m▆▆[48;2;203;173;209m[38;2;191;68;85m▆[48;2;68;27;83m[38;2;179;61;117m━[48;2;38;5;171m[38;2;28;16;57m▂[48;2;33;2;176m[38;2;43;5;204m▗[48;2;38;3;185m[38;2;38;3;185m        [0m
[48;2;38;3;185m[38;2;38;3;185m                                    [48;2;30;22;48m[38;2;31;1;168m▆[48;2;15;8;33m[38;2;35;4;171m▂[48;2;8;6;11m[38;2;30;5;149m▃▃▃▃[48;2;20;9;27m[38;2;45;13;179m▂[48;2;136;45;70m[38;2;27;7;80m▆[48;2;160;41;74m[38;2;25;10;81m▆▆▆▆[48;2;124;39;61m[38;2;23;11;78m▆[48;2;16;9;30m[38;2;32;9;167m▃[48;2;37;16;109m[38;2;37;3;178m▆[48;2;37;1;184m[38;2;37;3;172m▘[48;2;38;3;185m[38;2;38;3;185m        [0m
[48;2;40;2;185m[38;2;40;2;185m                                                            [0m
[48;2;40;2;185m[38;2;40;2;185m                                                            [0m
