[48;2;1;1;1m[38;2;1;1;1m                                                            [0m
[48;2;1;1;1m[38;2;1;1;1m                                                            [0m
[48;2;1;1;1m[38;2;1;1;1m                                                            [0m
[48;2;1;1;1m[38;2;1;1;1m                                                            [0m
[48;2;1;1;1m[38;2;1;1;1m                          [48;2;3;1;6m[38;2;3;1;6m  [48;2;1;1;3m[38;2;1;1;3m  [48;2;1;1;1m[38;2;1;1;1m                              [0m
[48;2;1;1;1m[38;2;1;1;1m                        [48;2;1;1;3m[38;2;1;1;3m  [48;2;3;1;6m[38;2;3;1;6m    [48;2;2;0;3m[38;2;2;0;3m  [48;2;1;1;3m[38;2;1;1;3m  [48;2;2;0;3m[38;2;2;0;3m  [48;2;18;16;19m[38;2;0;0;0m [48;2;10;9;11m[38;2;192;190;193m▄[48;2;10;8;11m[38;2;220;218;221m▄▄[48;2;11;10;12m[38;2;210;209;211m▄[48;2;33;32;34m[38;2;222;220;222m▃[48;2;4;2;5m[38;2;4;2;5m  [48;2;1;1;1m[38;2;1;1;1m      [48;2;3;1;6m[38;2;3;1;6m    [48;2;1;1;1m[38;2;1;1;1m      [0m
[48;2;1;1;1m[38;2;1;1;1m                    [48;2;2;0;3m[38;2;2;0;3m  [48;2;1;1;3m[38;2;1;1;3m    [48;2;3;1;6m[38;2;3;1;6m    [48;2;1;1;3m[38;2;1;1;3m  [48;2;3;1;4m[38;2;3;1;4m  [48;2;3;1;6m[38;2;3;1;6m  [48;2;3;0;2m[38;2;6;1;5m▄[48;2;21;17;20m[38;2;76;71;75m▝[48;2;234;233;235m[38;2;207;80;101m▄[48;2;244;244;246m[38;2;218;92;113m▄[48;2;245;240;239m[38;2;208;109;138m▄[48;2;245;241;239m[38;2;0;0;0m [48;2;137;135;136m[38;2;229;228;229m▊[48;2;7;5;6m[38;2;19;17;18m▎[48;2;1;1;1m[38;2;1;1;1m  [48;2;1;1;3m[38;2;1;1;3m      [48;2;3;1;6m[38;2;3;1;6m  [48;2;1;1;1m[38;2;1;1;1m      [0m
[48;2;1;1;1m[38;2;1;1;1m                        [48;2;1;1;3m[38;2;1;1;3m  [48;2;3;1;4m[38;2;3;1;4m  [48;2;3;1;6m[38;2;3;1;6m  [48;2;2;0;3m[38;2;2;0;3m  [48;2;1;1;3m[38;2;1;1;3m    [48;2;4;2;3m[38;2;4;2;3m  [48;2;51;20;17m[38;2;190;55;84m▄[48;2;209;68;100m[38;2;186;81;101m▘[48;2;61;20;20m[38;2;183;62;87m▄[48;2;232;159;169m[38;2;212;82;110m▊[48;2;132;130;131m[38;2;242;240;241m▊[48;2;1;0;0m[38;2;33;31;32m▎[48;2;1;1;3m[38;2;1;1;3m      [48;2;3;1;6m[38;2;3;1;6m  [48;2;1;1;3m[38;2;1;1;3m  [48;2;1;1;1m[38;2;1;1;1m      [0m
[48;2;1;1;1m[38;2;1;1;1m                    [48;2;2;2;4m[38;2;2;2;4m  [48;2;1;1;1m[38;2;1;1;1m      [48;2;14;8;10m[38;2;189;60;82m▄▄[48;2;4;2;3m[38;2;4;2;3m  [48;2;1;1;1m[38;2;11;11;11m▃▃[48;2;19;17;20m[38;2;0;0;0m [48;2;19;18;20m[38;2;215;213;216m▄[48;2;22;17;18m[38;2;232;226;228m▄[48;2;31;26;27m[38;2;222;216;218m▄[48;2;211;71;97m[38;2;211;71;97m  [48;2;235;80;112m[38;2;214;74;101m▊[48;2;227;134;145m[38;2;204;75;98m▊[48;2;226;225;227m[38;2;0;0;0m [48;2;27;26;28m[38;2;229;228;230m▄[48;2;14;12;15m[38;2;199;197;199m▄[38;2;0;0;0m [48;2;5;3;6m[38;2;35;33;36m▁▁[48;2;1;1;3m[38;2;1;1;3m  [48;2;3;1;6m[38;2;3;1;6m  [48;2;1;1;1m[38;2;1;1;1m        [0m
[48;2;1;1;1m[38;2;1;1;1m                [48;2;2;0;3m[38;2;2;0;3m  [48;2;3;1;4m[38;2;3;1;4m  [48;2;2;0;3m[38;2;2;0;3m  [48;2;1;1;1m[38;2;1;1;1m    [48;2;0;0;2m[38;2;8;8;10m┗[48;2;26;26;28m[38;2;192;192;194m▄[48;2;217;88;115m[38;2;154;76;87m▘[48;2;208;76;105m[38;2;247;218;213m▄[48;2;28;24;25m[38;2;239;236;237m▄▄[48;2;34;33;35m[38;2;238;236;239m▄[48;2;233;231;234m[38;2;0;0;0m [48;2;241;241;243m[38;2;252;252;253m▄▄[48;2;250;250;252m[38;2;250;250;252m  [48;2;224;184;192m[38;2;247;238;245m▊[48;2;214;108;123m[38;2;207;74;97m┃[48;2;195;94;124m[38;2;246;238;237m▄[48;2;249;244;242m[38;2;0;0;0m [48;2;250;250;252m[38;2;250;250;252m  [48;2;241;241;243m[38;2;252;252;253m▄▄[48;2;203;201;204m[38;2;245;244;246m▇[48;2;223;221;224m[38;2;0;0;0m [48;2;22;20;23m[38;2;236;234;236m▄[48;2;16;14;17m[38;2;192;190;193m▄[48;2;2;1;3m[38;2;18;16;19m▃[48;2;4;2;5m[38;2;7;5;8m▖[48;2;1;1;1m[38;2;1;1;1m  [48;2;1;1;3m[38;2;1;1;3m  [48;2;1;1;1m[38;2;1;1;1m    [0m
[48;2;1;1;1m[38;2;1;1;1m            [48;2;1;1;3m[38;2;1;1;3m  [48;2;3;1;6m[38;2;3;1;6m      [48;2;1;1;3m[38;2;1;1;3m  [48;2;1;1;1m[38;2;1;1;1m    [48;2;1;0;2m[38;2;11;9;12m┏[48;2;61;60;62m[38;2;216;214;216m▝[48;2;217;216;218m[38;2;0;0;0m [48;2;248;246;248m[38;2;138;136;139m▁[48;2;248;247;249m[38;2;150;148;151m▁▁[48;2;246;245;247m[38;2;155;153;156m▁▁[48;2;244;244;245m[38;2;173;173;175m▁[48;2;255;255;255m[38;2;239;239;241m━[48;2;250;250;252m[38;2;250;250;252m  [48;2;249;249;251m[38;2;249;249;251m  [48;2;250;250;252m[38;2;250;250;252m    [48;2;249;249;251m[38;2;249;249;251m  [48;2;245;243;246m[38;2;164;162;165m▁[48;2;248;247;249m[38;2;212;210;213m▁[48;2;249;249;251m[38;2;249;249;251m  [48;2;218;216;218m[38;2;0;0;0m [48;2;24;22;25m[38;2;183;181;184m▄[48;2;1;1;1m[38;2;1;1;1m        [0m
[48;2;1;1;1m[38;2;1;1;1m            [48;2;3;1;6m[38;2;3;1;6m      [48;2;3;1;4m[38;2;3;1;4m  [48;2;1;1;3m[38;2;1;1;3m  [48;2;1;1;1m[38;2;1;1;1m    [48;2;3;1;6m[38;2;3;1;6m  [48;2;5;3;8m[38;2;5;3;8m    [48;2;5;3;6m[38;2;5;3;6m  [48;2;3;0;2m[38;2;21;16;20m╸[48;2;233;229;232m[38;2;54;49;53m▅[48;2;247;247;249m[38;2;247;247;249m  [48;2;250;250;252m[38;2;250;250;252m      [48;2;247;248;248m[38;2;233;236;235m▘[48;2;225;206;213m[38;2;0;0;0m [48;2;41;25;19m[38;2;189;58;87m▅[48;2;199;61;92m[38;2;209;131;141m▝[48;2;228;200;210m[38;2;163;61;93m▖[48;2;244;241;241m[38;2;120;117;116m▁[48;2;215;214;216m[38;2;116;114;117m▁[48;2;42;40;43m[38;2;229;227;229m▘[48;2;1;1;1m[38;2;1;1;1m        [0m
[48;2;1;1;1m[38;2;1;1;1m            [48;2;1;1;3m[38;2;1;1;3m  [48;2;3;1;6m[38;2;3;1;6m  [48;2;2;0;3m[38;2;2;0;3m  [48;2;1;1;1m[38;2;1;1;1m  [48;2;3;1;6m[38;2;3;1;6m    [48;2;1;1;1m[38;2;1;1;1m        [48;2;1;1;3m[38;2;1;1;3m  [48;2;1;0;2m[38;2;11;9;12m│[48;2;76;74;77m[38;2;6;4;7m▊[48;2;238;236;239m[38;2;126;124;127m▁[48;2;246;245;247m[38;2;0;0;0m [48;2;250;250;252m[38;2;250;250;252m      [48;2;243;234;234m[38;2;0;0;0m [48;2;197;119;141m[38;2;233;214;216m┓[48;2;152;47;78m[38;2;27;8;10m▅[48;2;11;8;5m[38;2;0;0;0m [48;2;2;2;2m[38;2;2;2;2m  [48;2;1;1;1m[38;2;1;1;1m          [0m
[48;2;1;1;1m[38;2;1;1;1m              [48;2;2;0;3m[38;2;2;0;3m  [48;2;1;1;3m[38;2;1;1;3m    [48;2;3;1;6m[38;2;3;1;6m  [48;2;3;1;4m[38;2;3;1;4m  [48;2;1;1;3m[38;2;1;1;3m  [48;2;1;1;1m[38;2;1;1;1m    [48;2;1;1;3m[38;2;1;1;3m      [48;2;79;77;80m[38;2;8;6;9m▊[48;2;248;247;249m[38;2;202;200;203m▎[48;2;250;250;252m[38;2;250;250;252m    [48;2;248;248;250m[38;2;248;248;250m  [48;2;226;222;226m[38;2;84;79;83m▁[48;2;201;196;200m[38;2;24;20;23m▅[48;2;1;1;1m[38;2;1;1;1m              [0m
[48;2;1;1;1m[38;2;1;1;1m                [48;2;3;1;4m[38;2;3;1;4m  [48;2;3;1;6m[38;2;3;1;6m  [48;2;2;0;3m[38;2;2;0;3m  [48;2;3;1;6m[38;2;3;1;6m  [48;2;2;0;3m[38;2;2;0;3m  [48;2;1;1;1m[38;2;1;1;1m    [48;2;3;1;6m[38;2;3;1;6m  [48;2;1;1;3m[38;2;1;1;3m    [48;2;16;12;15m[38;2;0;0;0m [48;2;222;218;222m[38;2;81;76;80m▅[48;2;242;238;239m[38;2;77;73;74m▁▁[48;2;242;239;240m[38;2;78;74;75m▁▁[48;2;224;218;220m[38;2;109;103;105m▁[48;2;208;203;205m[38;2;97;91;93m▅[48;2;21;17;20m[38;2;204;199;203m▅[48;2;19;15;18m[38;2;147;142;146m▁[48;2;1;1;1m[38;2;1;1;1m              [0m
[48;2;1;1;1m[38;2;1;1;1m                    [48;2;0;0;0m[38;2;0;0;0m  [48;2;1;1;3m[38;2;1;1;3m  [48;2;1;1;1m[38;2;1;1;1m    [48;2;2;0;3m[38;2;2;0;3m  [48;2;1;1;3m[38;2;1;1;3m    [48;2;10;8;11m[38;2;3;1;4m▚[48;2;6;4;7m[38;2;1;0;2m▌[48;2;45;44;46m[38;2;229;227;229m▅[48;2;233;231;233m[38;2;0;0;0m [48;2;29;27;30m[38;2;235;233;235m▅[48;2;24;22;25m[38;2;211;209;212m▅[48;2;6;5;7m[38;2;24;22;25m▎[48;2;42;40;43m[38;2;1;0;2m▊[48;2;52;50;53m[38;2;233;231;234m▅[48;2;246;244;246m[38;2;0;0;0m [48;2;246;244;247m[38;2;246;244;247m▄[48;2;136;134;137m[38;2;249;247;250m▊[48;2;1;1;1m[38;2;1;1;1m              [0m
[48;2;1;1;1m[38;2;1;1;1m                        [48;2;1;1;3m[38;2;1;1;3m  [48;2;3;1;6m[38;2;3;1;6m  [48;2;2;0;3m[38;2;2;0;3m  [48;2;1;1;3m[38;2;1;1;3m  [48;2;1;1;1m[38;2;1;1;1m  [48;2;1;0;2m[38;2;13;11;14m│[48;2;78;76;79m[38;2;7;6;8m▊[48;2;255;254;255m[38;2;237;235;238m▌[48;2;253;251;253m[38;2;245;243;246m┃[48;2;236;236;238m[38;2;251;251;253m▊[48;2;193;193;195m[38;2;244;244;245m▊[48;2;39;33;37m[38;2;169;163;167m▁[48;2;56;50;54m[38;2;159;153;157m▅[48;2;218;216;218m[38;2;57;55;58m▅[48;2;255;254;255m[38;2;249;247;250m▄[48;2;246;244;247m[38;2;246;244;247m▄[48;2;136;134;137m[38;2;249;247;250m▊[48;2;1;1;3m[38;2;1;1;3m  [48;2;1;1;1m[38;2;1;1;1m            [0m
[48;2;1;1;1m[38;2;1;1;1m                    [48;2;2;0;3m[38;2;2;0;3m  [48;2;1;1;1m[38;2;1;1;1m  [48;2;3;1;6m[38;2;3;1;6m    [48;2;1;1;3m[38;2;1;1;3m    [48;2;1;1;1m[38;2;1;1;1m  [48;2;1;0;2m[38;2;13;11;14m│[48;2;78;76;79m[38;2;7;6;8m▊[48;2;249;249;251m[38;2;231;231;233m▌[38;2;255;255;255m▌[48;2;250;250;252m[38;2;250;250;252m  [48;2;167;161;165m[38;2;247;242;246m▊[48;2;41;36;39m[38;2;175;169;173m▁[48;2;59;54;57m[38;2;170;164;168m▅[48;2;218;213;216m[38;2;101;95;99m▅[48;2;252;250;252m[38;2;234;232;235m▎[48;2;126;124;127m[38;2;252;250;252m▊[48;2;2;0;3m[38;2;2;0;3m  [48;2;1;1;1m[38;2;1;1;1m            [0m
[48;2;1;1;1m[38;2;1;1;1m                  [48;2;1;1;3m[38;2;1;1;3m  [48;2;2;0;3m[38;2;2;0;3m  [48;2;1;1;3m[38;2;1;1;3m  [48;2;3;1;6m[38;2;3;1;6m    [48;2;2;0;3m[38;2;2;0;3m  [48;2;1;1;3m[38;2;1;1;3m  [48;2;1;1;1m[38;2;1;1;1m  [48;2;1;0;0m[38;2;6;4;5m│[48;2;65;63;64m[38;2;7;6;6m▊[48;2;223;221;224m[38;2;56;54;57m▁[48;2;247;245;247m[38;2;0;0;0m [48;2;250;250;252m[38;2;250;250;252m  [48;2;250;250;251m[38;2;0;0;0m [48;2;249;249;250m[38;2;211;211;213m▝[48;2;75;73;76m[38;2;237;235;238m▅[48;2;247;245;247m[38;2;0;0;0m [48;2;252;250;252m[38;2;236;234;237m│[48;2;142;140;143m[38;2;245;243;245m▊[48;2;2;0;3m[38;2;2;0;3m  [48;2;1;1;1m[38;2;1;1;1m            [0m
[48;2;1;1;1m[38;2;1;1;1m                  [48;2;2;0;3m[38;2;2;0;3m    [48;2;3;1;6m[38;2;3;1;6m      [48;2;1;1;3m[38;2;1;1;3m  [48;2;1;1;1m[38;2;1;1;1m      [48;2;60;55;59m[38;2;10;6;9m▊[48;2;236;232;235m[38;2;98;93;97m▂[48;2;249;249;251m[38;2;249;249;251m  [48;2;250;250;252m[38;2;250;250;252m    [48;2;249;249;250m[38;2;232;232;234m╵[48;2;238;238;239m[38;2;0;0;0m [48;2;85;83;86m[38;2;227;226;228m┓[48;2;7;6;8m[38;2;0;0;0m [48;2;1;1;1m[38;2;1;1;1m            [0m
[48;2;4;2;10m[38;2;23;2;126m▂▂▂▂▂▂▂▂▂▂▂▂▂▂▂▂▂▂[48;2;5;3;12m[38;2;24;2;129m▂▂[48;2;4;2;10m[38;2;23;2;126m▂▂[48;2;5;3;12m[38;2;24;2;129m▂▂▂▂▂▂[48;2;5;3;11m[38;2;24;3;127m▂▂[48;2;4;2;10m[38;2;23;2;126m▂▂▂▂▂▂[48;2;8;5;14m[38;2;25;5;130m▂[48;2;28;24;45m[38;2;28;11;156m▁[48;2;241;239;241m[38;2;102;85;181m▂[48;2;241;239;238m[38;2;0;0;0m [48;2;245;247;245m[38;2;224;109;146m▂▂[48;2;250;250;252m[38;2;250;250;252m    [48;2;114;109;127m[38;2;237;234;236m▊[48;2;11;9;15m[38;2;30;9;130m▂[48;2;4;2;10m[38;2;23;2;126m▂▂▂▂▂▂▂▂▂▂▂▂[0m
[48;2;38;3;183m[38;2;38;3;183m                                      [48;2;52;15;174m[38;2;0;0;0m [48;2;235;216;222m[38;2;152;67;130m▆[48;2;237;78;110m[38;2;216;72;99m▊[48;2;229;132;143m[38;2;206;73;96m▊[48;2;242;230;236m[38;2;192;91;125m▁[48;2;245;245;245m[38;2;0;0;0m [48;2;250;250;252m[38;2;250;250;252m  [48;2;236;233;244m[38;2;0;0;0m [48;2;65;45;175m[38;2;213;210;225m▅[48;2;38;3;185m[38;2;38;3;185m  [48;2;38;3;183m[38;2;38;3;183m          [0m
[48;2;38;3;183m[38;2;38;3;183m                                      [48;2;43;3;196m[38;2;43;6;180m▌[48;2;43;11;153m[38;2;43;5;185m▌[48;2;208;71;97m[38;2;57;19;182m▂▂[48;2;200;95;123m[38;2;39;13;164m▂[48;2;244;240;242m[38;2;91;49;178m▂[48;2;250;250;252m[38;2;250;250;252m  [48;2;253;253;251m[38;2;238;235;254m│[48;2;124;112;184m[38;2;242;242;240m▊[48;2;37;2;184m[38;2;37;2;184m  [48;2;38;3;183m[38;2;38;3;183m          [0m
[48;2;38;3;185m[38;2;38;3;185m                                          [48;2;30;0;168m[38;2;45;11;190m▌[48;2;114;90;200m[38;2;41;9;187m▊[48;2;240;239;242m[38;2;81;68;171m▂[48;2;245;244;247m[38;2;0;0;0m [48;2;250;252;239m[38;2;248;247;247m▊[48;2;153;145;194m[38;2;244;241;247m▊[48;2;57;26;189m[38;2;192;181;218m▁[48;2;39;5;180m[38;2;42;9;180m▄[48;2;38;3;185m[38;2;38;3;185m          [0m
[48;2;38;3;185m[38;2;38;3;185m                                            [48;2;126;113;183m[38;2;37;6;189m▊[48;2;248;247;245m[38;2;248;247;245m▄[48;2;250;250;252m[38;2;250;250;252m  [48;2;95;72;188m[38;2;244;239;240m▊[48;2;37;6;190m[38;2;37;6;190m▄[48;2;38;3;185m[38;2;38;3;185m          [0m
[48;2;38;3;185m[38;2;38;3;185m                                            [48;2;44;12;188m[38;2;0;0;0m [48;2;219;210;236m[38;2;74;52;178m▆[48;2;250;250;252m[38;2;250;250;252m  [48;2;122;91;180m[38;2;237;232;241m▊[48;2;52;16;181m[38;2;149;51;89m▂[48;2;38;3;185m[38;2;38;3;185m          [0m
[48;2;38;3;185m[38;2;38;3;185m                                    [48;2;39;4;184m[38;2;39;4;184m  [48;2;34;9;152m[38;2;4;0;23m▂[48;2;38;15;147m[38;2;8;5;21m▆[48;2;36;13;140m[38;2;5;3;12m▆▆[48;2;45;13;154m[38;2;23;9;14m▆[48;2;28;11;63m[38;2;193;65;97m▂[48;2;56;19;71m[38;2;202;64;92m▂[48;2;98;62;146m[38;2;208;77;101m▆[48;2;238;218;209m[38;2;215;78;108m▆[48;2;241;219;212m[38;2;198;61;92m▆[48;2;229;184;190m[38;2;129;49;67m▆[48;2;173;60;99m[38;2;48;13;30m▃[48;2;36;3;169m[38;2;36;23;64m▂[48;2;36;0;189m[38;2;36;4;165m▖[48;2;38;3;185m[38;2;38;3;185m        [0m
[48;2;38;3;185m[38;2;38;3;185m                                    [48;2;38;3;183m[38;2;38;3;183m  [48;2;22;14;39m[38;2;34;4;169m▆[48;2;14;7;30m[38;2;43;12;177m▂[48;2;8;6;11m[38;2;30;5;149m▃▃[48;2;20;9;27m[38;2;45;13;179m▂[48;2;136;45;70m[38;2;27;7;80m▆[48;2;160;41;74m[38;2;25;10;81m▆▆[48;2;144;46;74m[38;2;26;9;81m▆▆[48;2;12;8;26m[38;2;34;5;171m▂[48;2;12;6;44m[38;2;34;2;191m▂[48;2;37;16;109m[38;2;37;3;178m▆[48;2;37;1;184m[38;2;37;3;172m▘[48;2;38;3;185m[38;2;38;3;185m        [0m
[48;2;40;2;185m[38;2;40;2;185m                                                            [0m
[48;2;40;2;185m[38;2;40;2;185m                                                            [0m
