[48;2;1;1;1m[38;2;1;1;1m                                                            [0m
[48;2;1;1;1m[38;2;1;1;1m                                                            [0m
[48;2;1;1;1m[38;2;1;1;1m                                                            [0m
[48;2;1;1;1m[38;2;1;1;1m                                                            [0m
[48;2;1;1;1m[38;2;1;1;1m                          [48;2;3;1;6m[38;2;3;1;6m  [48;2;1;1;3m[38;2;1;1;3m  [48;2;1;1;1m[38;2;1;1;1m                              [0m
[48;2;1;1;1m[38;2;1;1;1m                        [48;2;1;1;3m[38;2;1;1;3m  [48;2;3;1;6m[38;2;3;1;6m    [48;2;2;0;3m[38;2;2;0;3m  [48;2;1;1;3m[38;2;1;1;3m  [48;2;2;0;3m[38;2;2;0;3m  [48;2;18;16;19m[38;2;0;0;0m [48;2;10;9;11m[38;2;192;190;193m▄[48;2;10;8;11m[38;2;220;218;221m▄▄[48;2;11;10;12m[38;2;210;209;211m▄[48;2;33;32;34m[38;2;222;220;222m▃[48;2;4;2;5m[38;2;4;2;5m  [48;2;1;1;1m[38;2;1;1;1m      [48;2;3;1;6m[38;2;3;1;6m    [48;2;1;1;1m[38;2;1;1;1m      [0m
[48;2;1;1;1m[38;2;1;1;1m                    [48;2;2;0;3m[38;2;2;0;3m  [48;2;1;1;3m[38;2;1;1;3m    [48;2;3;1;6m[38;2;3;1;6m    [48;2;1;1;3m[38;2;1;1;3m  [48;2;3;1;4m[38;2;3;1;4m  [48;2;3;1;6m[38;2;3;1;6m  [48;2;3;0;2m[38;2;6;1;5m▄[48;2;21;17;20m[38;2;76;71;75m▝[48;2;234;233;235m[38;2;207;80;101m▄[48;2;244;244;246m[38;2;218;92;113m▄[48;2;245;240;239m[38;2;208;109;138m▄[48;2;245;241;239m[38;2;0;0;0m [48;2;137;135;136m[38;2;229;228;229m▊[48;2;7;5;6m[38;2;19;17;18m▎[48;2;1;1;1m[38;2;1;1;1m  [48;2;1;1;3m[38;2;1;1;3m      [48;2;3;1;6m[38;2;3;1;6m  [48;2;1;1;1m[38;2;1;1;1m      [0m
[48;2;1;1;1m[38;2;1;1;1m                        [48;2;1;1;3m[38;2;1;1;3m  [48;2;3;1;4m[38;2;3;1;4m  [48;2;3;1;6m[38;2;3;1;6m  [48;2;2;0;3m[38;2;2;0;3m  [48;2;1;1;3m[38;2;1;1;3m    [48;2;1;0;0m[38;2;5;3;4m▂[48;2;5;3;4m[38;2;16;14;15m▄[48;2;51;20;17m[38;2;190;55;84m▄[48;2;209;68;100m[38;2;186;81;101m▘[48;2;61;20;20m[38;2;183;62;87m▄[48;2;232;159;169m[38;2;212;82;110m▊[48;2;132;130;131m[38;2;242;240;241m▊[48;2;1;0;0m[38;2;33;31;32m▎[48;2;1;1;3m[38;2;1;1;3m      [48;2;3;1;6m[38;2;3;1;6m  [48;2;1;1;3m[38;2;1;1;3m  [48;2;1;1;1m[38;2;1;1;1m      [0m
[48;2;1;1;1m[38;2;1;1;1m                    [48;2;2;2;4m[38;2;2;2;4m  [48;2;1;1;1m[38;2;1;1;1m      [48;2;1;1;3m[38;2;1;1;3m  [48;2;14;7;10m[38;2;193;64;86m▄▄[48;2;4;2;3m[38;2;4;2;3m  [48;2;21;19;22m[38;2;0;0;0m [48;2;16;15;17m[38;2;213;211;214m▄[48;2;39;31;33m[38;2;235;227;230m▄[48;2;174;165;168m[38;2;234;226;229m▇[48;2;213;71;97m[38;2;213;71;97m  [48;2;235;80;112m[38;2;214;74;101m▊[48;2;227;134;145m[38;2;204;75;98m▊[48;2;226;225;227m[38;2;0;0;0m [48;2;27;26;28m[38;2;229;228;230m▄[48;2;14;12;15m[38;2;199;197;199m▄[38;2;0;0;0m [48;2;3;3;5m[38;2;3;3;5m  [48;2;1;1;3m[38;2;1;1;3m  [48;2;3;1;6m[38;2;3;1;6m  [48;2;1;1;1m[38;2;1;1;1m        [0m
[48;2;1;1;1m[38;2;1;1;1m                [48;2;2;0;3m[38;2;2;0;3m  [48;2;3;1;4m[38;2;3;1;4m  [48;2;2;0;3m[38;2;2;0;3m  [48;2;1;1;1m[38;2;1;1;1m      [48;2;1;0;0m[38;2;2;0;1m▄[48;2;6;4;5m[38;2;40;38;39m▂[48;2;214;84;112m[38;2;131;56;65m▎[48;2;223;79;111m[38;2;229;211;201m▄[48;2;37;31;33m[38;2;0;0;0m [48;2;32;27;28m[38;2;222;216;218m▄[48;2;227;227;229m[38;2;249;249;250m▄[48;2;251;251;253m[38;2;244;244;246m▘[48;2;250;250;252m[38;2;250;250;252m  [48;2;224;184;192m[38;2;247;238;245m▊[48;2;214;108;123m[38;2;207;74;97m┃[48;2;195;94;124m[38;2;246;238;237m▄[48;2;249;244;242m[38;2;0;0;0m [48;2;250;250;252m[38;2;250;250;252m  [48;2;241;241;243m[38;2;252;252;253m▄▄[48;2;224;223;225m[38;2;0;0;0m [48;2;22;20;23m[38;2;197;195;198m▄[48;2;2;1;3m[38;2;18;16;19m▃[48;2;4;2;5m[38;2;7;5;8m▖[48;2;1;1;3m[38;2;1;1;3m  [48;2;1;1;1m[38;2;1;1;1m  [48;2;1;1;3m[38;2;1;1;3m  [48;2;1;1;1m[38;2;1;1;1m    [0m
[48;2;1;1;1m[38;2;1;1;1m            [48;2;1;1;3m[38;2;1;1;3m  [48;2;3;1;6m[38;2;3;1;6m      [48;2;1;1;3m[38;2;1;1;3m  [48;2;1;1;1m[38;2;1;1;1m      [48;2;1;0;2m[38;2;21;19;22m▄[48;2;243;241;244m[38;2;144;142;145m▎[48;2;249;249;251m[38;2;249;249;251m  [48;2;248;248;250m[38;2;248;248;250m  [48;2;255;255;255m[38;2;239;239;241m━[48;2;244;244;245m[38;2;173;173;175m▁[48;2;250;250;252m[38;2;250;250;252m  [48;2;249;249;251m[38;2;249;249;251m  [48;2;250;250;252m[38;2;250;250;252m        [48;2;219;218;220m[38;2;0;0;0m [48;2;29;27;30m[38;2;190;188;191m▄[48;2;1;1;1m[38;2;1;1;1m          [0m
[48;2;1;1;1m[38;2;1;1;1m            [48;2;3;1;6m[38;2;3;1;6m      [48;2;3;1;4m[38;2;3;1;4m  [48;2;1;1;3m[38;2;1;1;3m  [48;2;1;1;1m[38;2;1;1;1m    [48;2;3;1;6m[38;2;3;1;6m  [48;2;11;9;14m[38;2;0;0;0m [48;2;203;201;205m[38;2;28;26;31m▅[48;2;238;236;238m[38;2;118;116;119m▁[48;2;242;240;242m[38;2;140;138;141m▁[48;2;241;239;242m[38;2;131;129;132m▁[48;2;242;240;243m[38;2;45;44;46m▅[48;2;220;216;220m[38;2;34;29;33m▅[48;2;84;79;83m[38;2;18;14;17m▊[48;2;255;255;255m[38;2;236;236;238m▌[48;2;252;252;253m[38;2;244;244;246m┃[48;2;250;250;252m[38;2;250;250;252m      [48;2;249;249;251m[38;2;249;249;251m  [48;2;249;247;248m[38;2;151;147;148m▁[48;2;249;245;246m[38;2;167;163;164m▁[48;2;246;242;246m[38;2;216;211;215m▁[48;2;226;222;225m[38;2;0;0;0m [48;2;30;28;31m[38;2;189;187;190m▄[48;2;1;0;2m[38;2;3;1;4m▚[48;2;1;1;1m[38;2;1;1;1m        [0m
[48;2;1;1;1m[38;2;1;1;1m            [48;2;1;1;3m[38;2;1;1;3m  [48;2;3;1;6m[38;2;3;1;6m  [48;2;2;0;3m[38;2;2;0;3m  [48;2;1;1;1m[38;2;1;1;1m  [48;2;3;1;6m[38;2;3;1;6m    [48;2;1;1;1m[38;2;1;1;1m      [48;2;2;2;2m[38;2;2;2;2m  [48;2;3;1;4m[38;2;3;1;4m  [48;2;1;0;2m[38;2;2;0;3m▘[48;2;4;3;5m[38;2;40;38;41m▝[48;2;230;228;231m[38;2;47;45;48m▅[48;2;240;239;241m[38;2;0;0;0m [48;2;250;250;252m[38;2;250;250;252m      [48;2;248;245;246m[38;2;0;0;0m [48;2;218;215;216m[38;2;112;108;109m▁[48;2;69;22;22m[38;2;192;57;85m▄[48;2;218;73;104m[38;2;200;77;101m▎[48;2;215;137;150m[38;2;216;77;110m▊[48;2;233;221;212m[38;2;214;123;141m▄[48;2;64;62;65m[38;2;213;211;213m▊[48;2;5;4;6m[38;2;14;12;15m│[48;2;1;1;1m[38;2;1;1;1m        [0m
[48;2;1;1;1m[38;2;1;1;1m              [48;2;2;0;3m[38;2;2;0;3m  [48;2;1;1;3m[38;2;1;1;3m    [48;2;3;1;6m[38;2;3;1;6m  [48;2;3;1;4m[38;2;3;1;4m  [48;2;1;1;3m[38;2;1;1;3m  [48;2;1;1;1m[38;2;1;1;1m    [48;2;1;1;3m[38;2;1;1;3m      [48;2;79;77;80m[38;2;8;6;9m▊[48;2;248;247;249m[38;2;202;200;203m▎[48;2;250;250;252m[38;2;250;250;252m    [48;2;248;248;250m[38;2;248;248;250m  [48;2;109;107;110m[38;2;215;213;216m▊[48;2;5;3;6m[38;2;32;30;33m▎[48;2;6;5;2m[38;2;86;41;51m▝[48;2;195;65;103m[38;2;29;8;9m▅[48;2;201;96;129m[38;2;27;10;13m▅[48;2;174;176;175m[38;2;21;22;20m▅[48;2;1;1;1m[38;2;1;1;1m          [0m
[48;2;1;1;1m[38;2;1;1;1m                [48;2;3;1;4m[38;2;3;1;4m  [48;2;3;1;6m[38;2;3;1;6m  [48;2;2;0;3m[38;2;2;0;3m  [48;2;3;1;6m[38;2;3;1;6m  [48;2;2;0;3m[38;2;2;0;3m  [48;2;1;1;1m[38;2;1;1;1m    [48;2;3;1;6m[38;2;3;1;6m  [48;2;1;1;3m[38;2;1;1;3m    [48;2;16;12;15m[38;2;0;0;0m [48;2;222;218;222m[38;2;81;76;80m▅[48;2;242;237;241m[38;2;77;72;76m▁▁[48;2;243;240;241m[38;2;79;75;76m▁▁[48;2;224;218;220m[38;2;109;103;105m▁[48;2;208;203;205m[38;2;97;91;93m▅[48;2;21;17;20m[38;2;204;199;203m▅[48;2;19;15;18m[38;2;147;142;146m▁[48;2;1;1;1m[38;2;1;1;1m              [0m
[48;2;1;1;1m[38;2;1;1;1m                    [48;2;0;0;0m[38;2;0;0;0m  [48;2;1;1;3m[38;2;1;1;3m  [48;2;1;1;1m[38;2;1;1;1m    [48;2;2;0;3m[38;2;2;0;3m  [48;2;1;1;3m[38;2;1;1;3m    [48;2;2;2;4m[38;2;2;2;4m  [48;2;40;35;39m[38;2;177;172;176m▁[48;2;239;235;239m[38;2;196;191;195m▎[48;2;29;24;28m[38;2;208;204;208m▅[48;2;7;3;6m[38;2;43;38;42m▎[48;2;64;62;65m[38;2;10;9;11m▊[48;2;19;18;20m[38;2;222;221;223m▅[48;2;58;56;59m[38;2;238;237;239m▅[48;2;243;242;244m[38;2;0;0;0m [48;2;246;244;247m[38;2;246;244;247m▄[48;2;136;134;137m[38;2;249;247;250m▊[48;2;1;1;1m[38;2;1;1;1m              [0m
[48;2;1;1;1m[38;2;1;1;1m                        [48;2;1;1;3m[38;2;1;1;3m  [48;2;3;1;6m[38;2;3;1;6m  [48;2;2;0;3m[38;2;2;0;3m  [48;2;1;1;3m[38;2;1;1;3m  [48;2;1;1;1m[38;2;1;1;1m  [48;2;1;0;2m[38;2;12;10;13m│[48;2;77;75;78m[38;2;7;5;8m▊[48;2;255;254;255m[38;2;237;235;238m▌[48;2;253;251;253m[38;2;245;243;246m┃[48;2;239;237;239m[38;2;0;0;0m [48;2;42;41;43m[38;2;210;209;211m▅[48;2;28;23;27m[38;2;0;0;0m [48;2;210;205;209m[38;2;85;80;84m▅[48;2;232;231;233m[38;2;58;56;59m▁[48;2;241;239;241m[38;2;85;83;86m▁[48;2;246;244;247m[38;2;246;244;247m▄[48;2;136;134;137m[38;2;249;247;250m▊[48;2;1;1;3m[38;2;1;1;3m  [48;2;1;1;1m[38;2;1;1;1m            [0m
[48;2;1;1;1m[38;2;1;1;1m                    [48;2;2;0;3m[38;2;2;0;3m  [48;2;1;1;1m[38;2;1;1;1m  [48;2;3;1;6m[38;2;3;1;6m    [48;2;1;1;3m[38;2;1;1;3m    [48;2;1;1;1m[38;2;1;1;1m  [48;2;1;0;2m[38;2;13;11;14m│[48;2;78;76;79m[38;2;7;6;8m▊[48;2;249;249;251m[38;2;231;231;233m▌[38;2;255;255;255m▌[48;2;250;250;251m[38;2;0;0;0m [48;2;249;249;250m[38;2;211;211;213m▝[48;2;60;55;58m[38;2;220;216;219m▅[48;2;191;186;190m[38;2;105;99;103m▅[48;2;42;38;41m[38;2;237;233;237m▅[48;2;60;55;59m▅[48;2;255;254;255m[38;2;234;232;235m│[48;2;147;145;148m[38;2;248;246;249m▊[48;2;13;11;14m[38;2;153;151;154m▁[48;2;7;5;8m[38;2;0;0;0m [48;2;1;1;1m[38;2;1;1;1m            [0m
[48;2;1;1;1m[38;2;1;1;1m                  [48;2;1;1;3m[38;2;1;1;3m  [48;2;2;0;3m[38;2;2;0;3m  [48;2;1;1;3m[38;2;1;1;3m  [48;2;3;1;6m[38;2;3;1;6m    [48;2;2;0;3m[38;2;2;0;3m  [48;2;1;1;3m[38;2;1;1;3m  [48;2;1;1;1m[38;2;1;1;1m  [48;2;1;0;0m[38;2;12;10;11m│[48;2;77;75;76m[38;2;7;5;6m▊[48;2;255;254;255m[38;2;237;235;238m▌[48;2;253;251;253m[38;2;245;243;246m┃[48;2;250;250;252m[38;2;250;250;252m        [48;2;111;109;110m[38;2;240;238;239m▊[48;2;1;0;0m[38;2;25;23;24m▎[48;2;1;1;1m[38;2;1;1;1m            [0m
[48;2;1;1;1m[38;2;1;1;1m                  [48;2;2;0;3m[38;2;2;0;3m    [48;2;3;1;6m[38;2;3;1;6m      [48;2;1;1;3m[38;2;1;1;3m  [48;2;1;1;1m[38;2;1;1;1m    [48;2;0;0;0m▝[48;2;22;22;22m[38;2;4;4;4m▅[48;2;206;204;207m[38;2;30;29;31m▅[48;2;249;247;250m[38;2;221;219;221m▎[48;2;250;250;252m[38;2;250;250;252m        [48;2;111;109;112m[38;2;240;238;240m▊[48;2;1;0;2m[38;2;25;23;26m▎[48;2;1;1;1m[38;2;1;1;1m            [0m
[48;2;4;2;10m[38;2;23;2;126m▂▂▂▂▂▂▂▂▂▂▂▂▂▂▂▂▂▂[48;2;5;3;12m[38;2;24;2;129m▂▂[48;2;4;2;10m[38;2;23;2;126m▂▂[48;2;5;3;12m[38;2;24;2;129m▂▂▂▂▂▂[48;2;5;3;11m[38;2;24;3;127m▂▂[48;2;4;2;10m[38;2;23;2;126m▂▂▂▂▂▂[48;2;17;11;29m[38;2;39;15;180m▁[48;2;202;197;200m[38;2;42;29;86m▅[48;2;249;249;251m[38;2;231;231;233m▌[38;2;255;255;255m▌[48;2;250;250;252m[38;2;250;250;252m      [48;2;123;121;126m[38;2;240;238;241m▊[48;2;29;27;32m[38;2;210;208;212m▁[48;2;4;2;10m[38;2;23;2;126m▂▂▂▂▂▂▂▂▂▂▂▂[0m
[48;2;38;3;183m[38;2;38;3;183m                                    [48;2;40;5;183m[38;2;40;5;183m  [48;2;237;235;237m[38;2;64;41;183m▆[48;2;238;235;243m[38;2;89;70;181m▂[48;2;250;250;252m[38;2;250;250;252m      [48;2;252;252;251m[38;2;237;234;253m│[48;2;123;111;183m[38;2;241;241;239m▊[48;2;37;2;184m[38;2;37;2;184m  [48;2;38;3;183m[38;2;38;3;183m          [0m
[48;2;38;3;183m[38;2;38;3;183m                                      [48;2;29;0;167m[38;2;44;10;189m▌[48;2;113;89;199m[38;2;40;8;186m▊[48;2;237;237;236m[38;2;87;68;192m▂[48;2;246;245;249m[38;2;0;0;0m [48;2;245;243;245m [48;2;245;236;240m[38;2;201;128;153m▂[48;2;250;250;252m[38;2;250;250;252m  [48;2;249;251;238m[38;2;247;246;246m▊[48;2;152;144;193m[38;2;243;241;247m▊[48;2;56;25;190m[38;2;196;185;223m▁[48;2;40;6;180m[38;2;0;0;0m [48;2;38;3;183m[38;2;38;3;183m          [0m
[48;2;38;3;185m[38;2;38;3;185m                                        [48;2;56;19;169m[38;2;0;0;0m [48;2;227;221;218m[38;2;208;78;115m▆[48;2;227;199;202m[38;2;218;82;108m▆[48;2;195;81;114m[38;2;50;24;163m▂[48;2;240;239;240m[38;2;81;68;169m▂[48;2;245;244;246m[38;2;0;0;0m [48;2;250;250;252m[38;2;250;250;252m  [48;2;95;72;188m[38;2;244;239;240m▊[48;2;37;6;190m[38;2;37;6;190m▄[48;2;38;3;185m[38;2;38;3;185m          [0m
[48;2;38;3;185m[38;2;38;3;185m                                        [48;2;58;15;156m[38;2;51;4;192m▌[48;2;192;66;92m[38;2;63;14;182m▂[48;2;109;36;135m[38;2;197;74;103m┛[48;2;53;11;173m[38;2;36;1;189m┣[48;2;107;93;184m[38;2;37;13;184m▊[48;2;234;229;239m[38;2;93;76;175m▂[48;2;250;250;252m[38;2;250;250;252m  [48;2;237;234;237m[38;2;0;0;0m [48;2;63;43;184m[38;2;197;192;219m▆[48;2;38;3;185m[38;2;38;3;185m          [0m
[48;2;38;3;185m[38;2;38;3;185m                                            [48;2;35;4;159m[38;2;37;5;190m▊[48;2;174;158;221m[38;2;42;9;180m▊[48;2;247;245;246m[38;2;253;252;253m▅[48;2;245;243;244m[38;2;232;230;231m▗[48;2;236;208;217m[38;2;193;67;88m▂[48;2;192;173;203m[38;2;187;71;111m▆[48;2;38;3;185m[38;2;38;3;185m          [0m
[48;2;38;3;185m[38;2;38;3;185m                                    [48;2;39;4;184m[38;2;39;4;184m  [48;2;34;9;152m[38;2;4;0;23m▂[48;2;38;15;147m[38;2;8;5;21m▆[48;2;36;13;140m[38;2;5;3;12m▆▆[48;2;39;14;140m[38;2;9;4;12m▆[48;2;24;1;125m[38;2;14;9;17m▆[48;2;56;19;71m[38;2;202;64;92m▂[48;2;98;62;146m[38;2;208;77;101m▆[48;2;221;214;206m[38;2;203;67;99m▆[48;2;223;181;182m[38;2;137;47;64m▆[48;2;182;54;86m[38;2;39;12;27m▃[48;2;131;58;105m[38;2;19;13;24m▆[48;2;36;3;169m[38;2;36;23;64m▂[48;2;36;0;189m[38;2;36;4;165m▖[48;2;38;3;185m[38;2;38;3;185m        [0m
[48;2;38;3;185m[38;2;38;3;185m                                    [48;2;38;3;183m[38;2;38;3;183m  [48;2;22;14;39m[38;2;34;4;169m▆[48;2;14;7;30m[38;2;43;12;177m▂[48;2;8;6;11m[38;2;30;5;149m▃▃[48;2;11;4;24m[38;2;42;10;181m▂▂[48;2;160;41;74m[38;2;25;10;81m▆▆[48;2;131;43;69m[38;2;23;6;79m▆[48;2;15;8;26m[38;2;39;11;178m▂[48;2;12;8;26m[38;2;34;5;171m▂[48;2;12;6;44m[38;2;34;2;191m▂[48;2;37;16;109m[38;2;37;3;178m▆[48;2;37;1;184m[38;2;37;3;172m▘[48;2;38;3;185m[38;2;38;3;185m        [0m
[48;2;40;2;185m[38;2;40;2;185m                                                            [0m
[48;2;40;2;185m[38;2;40;2;185m                                                            [0m
