[48;2;1;1;1m[38;2;1;1;1m                                                            [0m
[48;2;1;1;1m[38;2;1;1;1m                                                            [0m
[48;2;1;1;1m[38;2;1;1;1m                                                            [0m
[48;2;1;1;1m[38;2;1;1;1m                                                            [0m
[48;2;1;1;1m[38;2;1;1;1m                          [48;2;3;1;6m[38;2;3;1;6m  [48;2;1;1;3m[38;2;1;1;3m  [48;2;1;1;1m[38;2;1;1;1m                              [0m
[48;2;1;1;1m[38;2;1;1;1m                        [48;2;1;1;3m[38;2;1;1;3m  [48;2;3;1;6m[38;2;3;1;6m    [48;2;2;0;3m[38;2;2;0;3m  [48;2;1;1;3m[38;2;1;1;3m  [48;2;2;0;3m[38;2;2;0;3m  [48;2;8;8;10m[38;2;1;1;3m▚[48;2;4;4;6m[38;2;0;0;2m▌[48;2;35;33;36m[38;2;223;221;224m▃[48;2;13;11;14m[38;2;218;216;218m▄[48;2;10;8;11m[38;2;220;218;221m▄▄[48;2;32;30;33m[38;2;206;204;207m▃[48;2;12;10;13m[38;2;0;0;0m [48;2;1;1;1m[38;2;1;1;1m      [48;2;3;1;6m[38;2;3;1;6m    [48;2;1;1;1m[38;2;1;1;1m      [0m
[48;2;1;1;1m[38;2;1;1;1m                    [48;2;2;0;3m[38;2;2;0;3m  [48;2;1;1;3m[38;2;1;1;3m    [48;2;3;1;6m[38;2;3;1;6m    [48;2;1;1;3m[38;2;1;1;3m  [48;2;3;1;4m[38;2;3;1;4m  [48;2;3;1;6m[38;2;3;1;6m  [48;2;1;1;3m[38;2;1;1;3m  [48;2;99;71;76m[38;2;21;16;14m▊[48;2;230;208;213m[38;2;188;72;107m▃[48;2;243;235;241m[38;2;203;91;109m▄[48;2;249;242;246m[38;2;214;102;121m▄[48;2;249;248;250m[38;2;234;232;235m╸[48;2;145;143;146m[38;2;225;223;226m▊[48;2;4;4;4m[38;2;4;4;4m  [48;2;1;1;3m[38;2;1;1;3m      [48;2;3;1;6m[38;2;3;1;6m  [48;2;1;1;1m[38;2;1;1;1m      [0m
[48;2;1;1;1m[38;2;1;1;1m                        [48;2;1;1;3m[38;2;1;1;3m  [48;2;3;1;4m[38;2;3;1;4m  [48;2;3;1;6m[38;2;3;1;6m  [48;2;4;2;5m[38;2;4;2;5m  [48;2;19;4;4m[38;2;163;57;88m▄[48;2;12;8;5m[38;2;0;0;0m [48;2;1;1;3m[38;2;1;1;3m  [48;2;0;0;0m[38;2;0;0;0m  [48;2;45;17;21m[38;2;8;8;3m▊[48;2;39;16;18m[38;2;188;61;98m▄[48;2;203;65;93m[38;2;0;0;0m [48;2;56;28;21m[38;2;194;63;89m▄[48;2;222;152;162m[38;2;208;80;99m▊[48;2;190;157;176m[38;2;235;232;233m▊[48;2;4;4;6m[38;2;4;4;6m  [48;2;1;1;3m[38;2;1;1;3m    [48;2;3;1;6m[38;2;3;1;6m  [48;2;1;1;3m[38;2;1;1;3m  [48;2;1;1;1m[38;2;1;1;1m      [0m
[48;2;1;1;1m[38;2;1;1;1m                    [48;2;2;2;4m[38;2;2;2;4m  [48;2;1;1;1m[38;2;1;1;1m      [48;2;1;1;3m[38;2;1;1;3m  [48;2;45;12;19m[38;2;0;3;6m▊[48;2;207;69;94m[38;2;128;33;53m▎[48;2;27;17;15m[38;2;187;74;107m▄[48;2;17;5;4m[38;2;0;0;0m [48;2;1;1;3m[38;2;11;11;13m▃▃[48;2;15;13;16m[38;2;73;71;74m▁[48;2;13;12;14m[38;2;217;216;218m▄[48;2;35;23;29m[38;2;221;210;216m▄[48;2;214;77;102m[38;2;0;0;0m [48;2;216;72;99m[38;2;216;72;99m  [48;2;215;145;156m[38;2;205;77;98m▊[48;2;179;146;167m[38;2;239;235;237m▊[48;2;6;4;7m[38;2;47;45;48m▁▁[48;2;1;1;3m[38;2;1;1;3m    [48;2;3;1;6m[38;2;3;1;6m  [48;2;1;1;1m[38;2;1;1;1m        [0m
[48;2;1;1;1m[38;2;1;1;1m                [48;2;2;0;3m[38;2;2;0;3m  [48;2;3;1;4m[38;2;3;1;4m  [48;2;2;0;3m[38;2;2;0;3m  [48;2;1;1;1m[38;2;1;1;1m      [48;2;2;2;2m[38;2;2;2;2m  [48;2;33;21;20m[38;2;218;212;210m▄[48;2;177;74;104m[38;2;249;241;241m▄[48;2;239;235;238m[38;2;0;0;0m [48;2;44;39;43m[38;2;235;231;234m▄[48;2;39;38;40m[38;2;235;233;236m▄[48;2;235;234;236m[38;2;0;0;0m [48;2;233;233;235m[38;2;251;251;252m▅[48;2;249;249;251m[38;2;244;244;246m▚[48;2;238;236;237m[38;2;246;254;252m▊[48;2;211;185;194m[38;2;251;239;244m▊[48;2;216;86;116m[38;2;0;0;0m [48;2;207;95;119m[38;2;241;237;226m▄[48;2;248;248;250m[38;2;248;248;250m  [48;2;205;203;206m[38;2;247;245;247m▇[48;2;242;240;243m[38;2;178;176;179m▝[48;2;24;22;25m[38;2;235;234;236m▄[48;2;17;15;18m[38;2;198;196;199m▄[48;2;1;1;3m[38;2;1;1;3m    [48;2;1;1;1m[38;2;1;1;1m  [48;2;1;1;3m[38;2;1;1;3m  [48;2;1;1;1m[38;2;1;1;1m    [0m
[48;2;1;1;1m[38;2;1;1;1m            [48;2;1;1;3m[38;2;1;1;3m  [48;2;3;1;6m[38;2;3;1;6m      [48;2;1;1;3m[38;2;1;1;3m  [48;2;1;1;1m[38;2;1;1;1m      [48;2;3;1;4m[38;2;3;1;4m  [48;2;234;233;235m[38;2;159;157;160m▎[48;2;248;247;249m[38;2;230;228;231m▁[48;2;250;250;252m[38;2;250;250;252m    [48;2;244;244;246m[38;2;174;174;176m▁[48;2;255;255;255m[38;2;240;240;242m━[48;2;250;250;252m[38;2;250;250;252m  [48;2;249;249;251m[38;2;249;249;251m  [48;2;250;250;252m[38;2;250;250;252m    [48;2;255;255;255m[38;2;238;238;240m▎[48;2;229;229;230m[38;2;0;0;0m [48;2;27;25;28m[38;2;189;188;190m▄[48;2;1;0;2m[38;2;6;4;7m▄[48;2;4;0;0m[38;2;37;31;33m▁▁[48;2;1;1;1m[38;2;1;1;1m        [0m
[48;2;1;1;1m[38;2;1;1;1m            [48;2;3;1;6m[38;2;3;1;6m      [48;2;3;1;4m[38;2;3;1;4m  [48;2;1;1;3m[38;2;1;1;3m  [48;2;1;1;1m[38;2;1;1;1m    [48;2;3;1;6m[38;2;3;1;6m    [48;2;1;0;2m[38;2;9;7;10m▝[48;2;218;216;219m[38;2;32;31;33m▅[48;2;220;218;221m[38;2;8;6;9m▄▄[48;2;217;215;217m[38;2;7;6;8m▄[48;2;223;221;224m[38;2;29;27;30m▅[48;2;65;63;66m[38;2;11;9;12m▊[48;2;252;250;253m[38;2;255;254;255m┃[48;2;250;250;252m[38;2;250;250;252m          [48;2;153;108;115m[38;2;247;238;234m▊[48;2;75;22;32m[38;2;203;71;108m▄[48;2;188;72;91m[38;2;220;70;100m▊[48;2;54;31;18m[38;2;194;62;86m▊[48;2;1;1;1m[38;2;1;1;1m        [0m
[48;2;1;1;1m[38;2;1;1;1m            [48;2;1;1;3m[38;2;1;1;3m  [48;2;3;1;6m[38;2;3;1;6m  [48;2;2;0;3m[38;2;2;0;3m  [48;2;1;1;1m[38;2;1;1;1m  [48;2;3;1;6m[38;2;3;1;6m    [48;2;1;1;1m[38;2;1;1;1m        [48;2;1;1;3m[38;2;1;1;3m    [48;2;16;11;15m[38;2;0;0;0m [48;2;229;224;228m[38;2;55;50;54m▅[48;2;247;247;249m[38;2;247;247;249m  [48;2;250;250;252m[38;2;250;250;252m    [48;2;248;248;250m[38;2;248;248;250m  [48;2;244;244;245m[38;2;145;145;147m▁[48;2;246;246;247m[38;2;0;0;0m [48;2;238;231;230m [48;2;210;77;118m[38;2;236;227;226m▅[48;2;139;78;94m[38;2;195;178;181m┓[48;2;2;7;2m[38;2;20;9;7m▎[48;2;1;1;1m[38;2;1;1;1m        [0m
[48;2;1;1;1m[38;2;1;1;1m              [48;2;2;0;3m[38;2;2;0;3m  [48;2;1;1;3m[38;2;1;1;3m    [48;2;3;1;6m[38;2;3;1;6m  [48;2;3;1;4m[38;2;3;1;4m  [48;2;1;1;3m[38;2;1;1;3m  [48;2;1;1;1m[38;2;1;1;1m    [48;2;1;1;3m[38;2;1;1;3m      [48;2;2;0;1m[38;2;10;8;9m│[48;2;99;97;98m[38;2;9;7;8m▊[48;2;255;254;255m[38;2;237;235;238m▌[48;2;253;251;253m[38;2;245;243;246m┃[48;2;250;250;252m[38;2;250;250;252m    [48;2;246;244;247m[38;2;246;244;247m▄[48;2;136;134;137m[38;2;249;247;250m▊[48;2;3;0;0m[38;2;156;152;153m [48;2;236;233;234m[38;2;26;22;23m▅[48;2;231;227;230m[38;2;21;17;20m▅[48;2;195;191;194m[38;2;18;13;17m▅[48;2;1;1;1m[38;2;1;1;1m          [0m
[48;2;1;1;1m[38;2;1;1;1m                [48;2;3;1;4m[38;2;3;1;4m  [48;2;3;1;6m[38;2;3;1;6m  [48;2;2;0;3m[38;2;2;0;3m  [48;2;3;1;6m[38;2;3;1;6m  [48;2;2;0;3m[38;2;2;0;3m  [48;2;1;1;1m[38;2;1;1;1m    [48;2;3;1;6m[38;2;3;1;6m  [48;2;1;1;3m[38;2;1;1;3m    [48;2;3;2;4m[38;2;11;9;12m┏[48;2;36;34;37m[38;2;6;5;7m▊[48;2;225;220;224m[38;2;83;78;82m▅[48;2;238;235;238m[38;2;58;53;57m▁[48;2;242;239;240m[38;2;78;74;75m▁▁[48;2;242;240;242m[38;2;77;75;78m▁▁[48;2;223;219;222m[38;2;101;96;100m▁[48;2;196;191;195m[38;2;70;66;69m▅[48;2;1;0;0m[38;2;9;7;8m▄[48;2;6;4;5m[38;2;0;0;0m [48;2;1;1;1m[38;2;1;1;1m            [0m
[48;2;1;1;1m[38;2;1;1;1m                    [48;2;0;0;0m[38;2;0;0;0m  [48;2;1;1;3m[38;2;1;1;3m  [48;2;1;1;1m[38;2;1;1;1m    [48;2;2;0;3m[38;2;2;0;3m  [48;2;1;1;3m[38;2;1;1;3m      [48;2;7;5;8m[38;2;31;29;32m▁[48;2;38;36;39m[38;2;154;152;155m▁[48;2;233;231;233m[38;2;0;0;0m [48;2;28;26;29m[38;2;232;230;233m▅[48;2;26;22;25m[38;2;205;201;205m▅[48;2;3;0;2m[38;2;46;41;45m▁[48;2;4;0;3m[38;2;3;0;2m━[48;2;11;7;10m[38;2;70;65;69m▗[48;2;58;56;59m[38;2;229;228;230m▅[48;2;248;247;249m[38;2;235;233;236m▎[48;2;229;228;230m[38;2;0;0;0m [48;2;75;74;76m[38;2;220;219;221m┓[48;2;1;1;1m[38;2;1;1;1m            [0m
[48;2;1;1;1m[38;2;1;1;1m                        [48;2;1;1;3m[38;2;1;1;3m  [48;2;3;1;6m[38;2;3;1;6m  [48;2;2;0;3m[38;2;2;0;3m  [48;2;1;1;3m[38;2;1;1;3m  [48;2;1;1;1m[38;2;1;1;1m  [48;2;1;1;3m[38;2;1;1;3m  [48;2;79;77;80m[38;2;8;6;9m▊[48;2;248;247;249m[38;2;202;200;203m▎[48;2;248;248;250m[38;2;248;248;250m  [48;2;140;134;138m[38;2;213;208;212m▊[48;2;44;38;42m[38;2;140;134;138m▂[48;2;215;210;214m[38;2;119;113;117m▂[48;2;54;49;52m[38;2;177;171;175m▁[48;2;248;248;250m[38;2;248;248;250m  [48;2;248;248;249m[38;2;0;0;0m [48;2;230;230;232m [48;2;68;66;67m[38;2;219;217;218m┓[48;2;1;0;0m[38;2;5;3;4m▄[48;2;1;1;1m[38;2;1;1;1m          [0m
[48;2;1;1;1m[38;2;1;1;1m                    [48;2;2;0;3m[38;2;2;0;3m  [48;2;1;1;1m[38;2;1;1;1m  [48;2;3;1;6m[38;2;3;1;6m    [48;2;1;1;3m[38;2;1;1;3m    [48;2;1;1;1m[38;2;1;1;1m  [48;2;1;1;3m[38;2;1;1;3m  [48;2;79;77;80m[38;2;8;6;9m▊[48;2;248;247;249m[38;2;202;200;203m▎[48;2;242;241;243m[38;2;0;0;0m [48;2;223;221;224m[38;2;126;124;127m▂[48;2;55;46;51m[38;2;175;166;171m▁[48;2;150;141;146m[38;2;204;197;201m▊[48;2;145;143;146m[38;2;49;47;50m▊[48;2;247;246;248m[38;2;231;229;232m▎[48;2;250;250;252m[38;2;250;250;252m    [48;2;86;84;87m[38;2;238;237;239m▊[48;2;1;0;2m[38;2;9;7;10m│[48;2;1;1;1m[38;2;1;1;1m          [0m
[48;2;1;1;1m[38;2;1;1;1m                  [48;2;1;1;3m[38;2;1;1;3m  [48;2;2;0;3m[38;2;2;0;3m  [48;2;1;1;3m[38;2;1;1;3m  [48;2;3;1;6m[38;2;3;1;6m    [48;2;2;0;3m[38;2;2;0;3m  [48;2;1;1;3m[38;2;1;1;3m  [48;2;1;1;1m[38;2;1;1;1m    [48;2;60;58;61m[38;2;10;8;11m▊[48;2;223;221;223m[38;2;51;49;52m▁[48;2;241;239;242m[38;2;0;0;0m [48;2;64;62;65m[38;2;240;238;241m▅[48;2;234;233;235m[38;2;0;0;0m [48;2;78;76;79m[38;2;243;241;244m▅[48;2;249;249;251m[38;2;249;249;251m  [48;2;250;250;252m[38;2;250;250;252m  [48;2;252;252;253m[38;2;245;245;247m▝[48;2;246;246;248m[38;2;218;218;220m▗[48;2;84;82;85m[38;2;196;194;197m▊[48;2;1;0;2m[38;2;7;5;8m▎[48;2;1;1;1m[38;2;1;1;1m          [0m
[48;2;1;1;1m[38;2;1;1;1m                  [48;2;2;0;3m[38;2;2;0;3m    [48;2;3;1;6m[38;2;3;1;6m      [48;2;1;1;3m[38;2;1;1;3m  [48;2;1;1;1m[38;2;1;1;1m      [48;2;2;0;3m[38;2;10;8;11m│[48;2;99;97;100m[38;2;9;7;10m▊[48;2;255;254;255m[38;2;237;235;238m▌[48;2;253;251;253m[38;2;245;243;246m┃[48;2;250;250;252m[38;2;250;250;252m      [48;2;239;237;240m[38;2;251;250;252m▌[48;2;102;100;103m[38;2;248;247;249m▊[48;2;1;1;3m[38;2;1;1;3m  [48;2;1;1;1m[38;2;1;1;1m          [0m
[48;2;4;2;10m[38;2;23;2;126m▂▂▂▂▂▂▂▂▂▂▂▂▂▂▂▂▂▂[48;2;5;3;12m[38;2;24;2;129m▂▂[48;2;4;2;10m[38;2;23;2;126m▂▂[48;2;5;3;12m[38;2;24;2;129m▂▂▂▂▂▂[48;2;5;3;11m[38;2;24;3;127m▂▂[48;2;4;2;10m[38;2;23;2;126m▂▂▂▂▂▂[48;2;9;4;13m[38;2;26;6;128m▂[48;2;32;26;47m[38;2;33;13;159m▁[48;2;234;231;235m[38;2;112;96;185m▂[48;2;247;245;247m[38;2;0;0;0m [48;2;250;250;252m[38;2;250;250;252m      [48;2;238;237;242m[38;2;251;250;253m▌[48;2;101;100;105m[38;2;248;247;250m▊[48;2;4;2;10m[38;2;23;2;126m▂▂▂▂▂▂▂▂▂▂▂▂[0m
[48;2;38;3;183m[38;2;38;3;183m                                      [48;2;125;112;182m[38;2;35;9;187m▊[48;2;253;252;249m[38;2;217;216;214m▎[48;2;250;250;252m[38;2;250;250;252m      [48;2;251;250;253m[38;2;236;235;240m┛[48;2;239;238;241m[38;2;0;0;0m [48;2;109;88;196m[38;2;228;223;235m┓[48;2;37;9;172m[38;2;39;7;197m┃[48;2;38;3;183m[38;2;38;3;183m          [0m
[48;2;38;3;183m[38;2;38;3;183m                                      [48;2;40;10;184m[38;2;0;0;0m [48;2;224;218;233m[38;2;73;48;181m▆[48;2;249;249;251m[38;2;249;249;251m  [48;2;250;250;252m[38;2;250;250;252m      [48;2;133;118;204m[38;2;240;238;239m▊[48;2;40;15;180m[38;2;177;165;228m▂[48;2;38;3;183m[38;2;38;3;183m          [0m
[48;2;38;3;185m[38;2;38;3;185m                                      [48;2;40;5;183m[38;2;40;5;183m  [48;2;228;224;234m[38;2;55;32;180m▆[48;2;234;229;242m[38;2;83;63;181m▂[48;2;250;250;252m[38;2;250;250;252m      [48;2;248;247;250m[38;2;248;247;250m▄[48;2;82;67;162m[38;2;246;245;242m▊[48;2;38;3;185m[38;2;38;3;185m          [0m
[48;2;38;3;185m[38;2;38;3;185m                                        [48;2;29;0;167m[38;2;44;10;189m▌[48;2;113;89;199m[38;2;40;8;186m▊[48;2;237;236;238m[38;2;78;61;185m▂[48;2;244;243;249m[38;2;0;0;0m [48;2;250;250;252m[38;2;250;250;252m    [48;2;250;249;252m[38;2;232;231;236m╸[48;2;237;236;240m[38;2;0;0;0m [48;2;68;43;182m[38;2;195;182;234m▆[48;2;34;3;194m[38;2;35;5;163m┫[48;2;38;3;185m[38;2;38;3;185m        [0m
[48;2;38;3;185m[38;2;38;3;185m                                          [48;2;96;70;205m[38;2;36;5;182m▊[48;2;230;224;233m[38;2;64;43;157m▂[48;2;240;231;233m[38;2;196;82;101m▂[48;2;246;237;240m[38;2;221;108;126m▂[48;2;250;250;252m[38;2;250;250;252m  [48;2;247;238;243m[38;2;0;0;0m [48;2;211;207;211m[38;2;202;72;118m▂[48;2;159;154;199m[38;2;91;36;168m▆[48;2;27;1;165m[38;2;42;9;190m┫[48;2;38;3;185m[38;2;38;3;185m        [0m
[48;2;38;3;185m[38;2;38;3;185m                                      [48;2;39;4;182m[38;2;39;4;182m  [48;2;45;6;160m[38;2;40;20;36m▂[48;2;32;11;71m[38;2;196;73;70m▂[48;2;60;16;70m[38;2;204;80;104m▂[48;2;115;52;109m[38;2;208;71;100m▅[48;2;219;77;103m[38;2;219;77;103m  [48;2;238;215;205m[38;2;216;75;105m▆▆[48;2;243;186;187m[38;2;220;73;102m▆[48;2;210;73;99m[38;2;143;50;61m▗[48;2;84;28;87m[38;2;219;77;107m▘[48;2;33;6;185m[38;2;56;6;193m▁[48;2;38;3;185m[38;2;38;3;185m        [0m
[48;2;38;3;185m[38;2;38;3;185m                                      [48;2;38;3;183m[38;2;38;3;183m  [48;2;34;17;71m[38;2;41;11;164m▆[48;2;140;50;60m[38;2;29;8;89m▆[48;2;195;53;101m[38;2;32;15;76m▇▇[48;2;160;41;74m[38;2;25;10;81m▆▆▆▆[48;2;153;59;66m[38;2;26;9;80m▆[48;2;64;24;57m[38;2;42;7;157m▃[48;2;37;16;109m[38;2;37;3;178m▆[48;2;37;1;184m[38;2;37;3;172m▘[48;2;38;3;185m[38;2;38;3;185m        [0m
[48;2;40;2;185m[38;2;40;2;185m                                                            [0m
[48;2;40;2;185m[38;2;40;2;185m                                                            [0m
