[48;2;1;1;1m[38;2;1;1;1m                                                            [0m
[48;2;1;1;1m[38;2;1;1;1m                                                            [0m
[48;2;1;1;1m[38;2;1;1;1m                                                            [0m
[48;2;1;1;1m[38;2;1;1;1m                                                            [0m
[48;2;1;1;1m[38;2;1;1;1m                          [48;2;3;1;6m[38;2;3;1;6m  [48;2;1;1;3m[38;2;1;1;3m  [48;2;1;1;1m[38;2;1;1;1m                              [0m
[48;2;1;1;1m[38;2;1;1;1m                        [48;2;1;1;3m[38;2;1;1;3m  [48;2;3;1;6m[38;2;3;1;6m    [48;2;2;0;3m[38;2;2;0;3m  [48;2;1;1;3m[38;2;1;1;3m  [48;2;2;0;3m[38;2;2;0;3m  [48;2;8;8;10m[38;2;1;1;3m▚[48;2;4;4;6m[38;2;0;0;2m▌[48;2;35;33;36m[38;2;223;221;224m▃[48;2;13;11;14m[38;2;218;216;218m▄[48;2;10;8;11m[38;2;220;218;221m▄▄[48;2;32;30;33m[38;2;206;204;207m▃[48;2;12;10;13m[38;2;0;0;0m [48;2;1;1;1m[38;2;1;1;1m      [48;2;3;1;6m[38;2;3;1;6m    [48;2;1;1;1m[38;2;1;1;1m      [0m
[48;2;1;1;1m[38;2;1;1;1m                    [48;2;2;0;3m[38;2;2;0;3m  [48;2;1;1;3m[38;2;1;1;3m    [48;2;3;1;6m[38;2;3;1;6m    [48;2;1;1;3m[38;2;1;1;3m  [48;2;3;1;4m[38;2;3;1;4m  [48;2;3;1;6m[38;2;3;1;6m  [48;2;1;1;3m[38;2;1;1;3m  [48;2;99;71;76m[38;2;21;16;14m▊[48;2;230;208;213m[38;2;188;72;107m▃[48;2;243;235;241m[38;2;203;91;109m▄[48;2;249;242;246m[38;2;214;102;121m▄[48;2;249;248;250m[38;2;234;232;235m╸[48;2;145;143;146m[38;2;225;223;226m▊[48;2;4;4;4m[38;2;4;4;4m  [48;2;1;1;3m[38;2;1;1;3m      [48;2;3;1;6m[38;2;3;1;6m  [48;2;1;1;1m[38;2;1;1;1m      [0m
[48;2;1;1;1m[38;2;1;1;1m                        [48;2;1;1;3m[38;2;1;1;3m  [48;2;3;1;4m[38;2;3;1;4m  [48;2;4;2;7m[38;2;4;2;7m  [48;2;2;0;3m[38;2;2;0;3m  [48;2;1;1;3m[38;2;1;1;3m    [48;2;0;0;0m[38;2;0;0;0m  [48;2;45;17;21m[38;2;8;8;3m▊[48;2;39;16;18m[38;2;188;61;98m▄[48;2;203;65;93m[38;2;0;0;0m [48;2;56;28;21m[38;2;194;63;89m▄[48;2;222;152;162m[38;2;208;80;99m▊[48;2;190;157;176m[38;2;235;232;233m▊[48;2;4;4;6m[38;2;4;4;6m  [48;2;1;1;3m[38;2;1;1;3m    [48;2;3;1;6m[38;2;3;1;6m  [48;2;1;1;3m[38;2;1;1;3m  [48;2;1;1;1m[38;2;1;1;1m      [0m
[48;2;1;1;1m[38;2;1;1;1m                    [48;2;2;2;4m[38;2;2;2;4m  [48;2;1;1;1m[38;2;1;1;1m    [48;2;16;3;7m[38;2;3;10;11m┃[48;2;188;66;85m[38;2;90;27;36m▎[48;2;205;72;101m[38;2;0;0;0m [48;2;50;12;12m[38;2;196;65;93m▄[48;2;21;17;18m[38;2;207;203;204m▄[48;2;26;22;23m[38;2;0;0;0m [48;2;1;1;1m[38;2;1;1;1m  [48;2;1;1;3m[38;2;11;11;13m▃▃[48;2;15;13;16m[38;2;73;71;74m▁[48;2;13;12;14m[38;2;217;216;218m▄[48;2;35;23;29m[38;2;221;210;216m▄[48;2;214;77;102m[38;2;0;0;0m [48;2;216;72;99m[38;2;216;72;99m  [48;2;215;145;156m[38;2;205;77;98m▊[48;2;179;146;167m[38;2;239;235;237m▊[48;2;6;4;7m[38;2;47;45;48m▁▁[48;2;3;3;5m[38;2;3;3;5m  [48;2;1;1;3m[38;2;1;1;3m  [48;2;8;6;6m[38;2;4;19;13m▝[48;2;12;3;4m[38;2;94;25;48m▗[48;2;15;5;11m[38;2;189;56;82m▄[48;2;39;18;20m[38;2;205;80;102m▖[48;2;1;1;1m[38;2;1;1;1m      [0m
[48;2;1;1;1m[38;2;1;1;1m                [48;2;2;0;3m[38;2;2;0;3m  [48;2;3;1;4m[38;2;3;1;4m  [48;2;2;0;3m[38;2;2;0;3m  [48;2;1;1;1m[38;2;1;1;1m    [48;2;2;2;2m[38;2;2;2;2m  [48;2;185;58;79m[38;2;17;14;15m▄[48;2;209;82;104m[38;2;211;210;211m▄[48;2;249;247;249m[38;2;223;221;224m▘▝[48;2;38;36;39m[38;2;238;236;239m▄[48;2;18;16;19m[38;2;236;235;237m▄[48;2;39;38;40m[38;2;235;233;236m▄[48;2;235;234;236m[38;2;0;0;0m [48;2;233;233;235m[38;2;251;251;252m▅[48;2;249;249;251m[38;2;244;244;246m▚[48;2;238;236;237m[38;2;246;254;252m▊[48;2;211;185;194m[38;2;251;239;244m▊[48;2;216;86;116m[38;2;0;0;0m [48;2;207;95;119m[38;2;241;237;226m▄[48;2;248;248;250m[38;2;248;248;250m  [48;2;208;206;209m[38;2;249;247;249m▇▇[48;2;223;222;224m[38;2;0;0;0m [48;2;23;22;24m[38;2;195;194;196m▄[48;2;5;7;5m[38;2;0;0;0m [48;2;23;7;10m[38;2;80;55;63m▗[48;2;71;26;29m[38;2;210;86;112m▄[48;2;213;67;101m[38;2;180;84;100m▂[48;2;42;18;14m[38;2;185;62;82m▊[48;2;1;5;5m[38;2;24;3;13m┃[48;2;1;1;3m[38;2;1;1;3m  [48;2;1;1;1m[38;2;1;1;1m    [0m
[48;2;1;1;1m[38;2;1;1;1m            [48;2;1;1;3m[38;2;1;1;3m  [48;2;3;1;6m[38;2;3;1;6m      [48;2;1;1;3m[38;2;1;1;3m  [48;2;1;1;1m[38;2;1;1;1m      [48;2;1;0;2m[38;2;5;3;6m▄[48;2;190;188;191m[38;2;15;14;16m▄[48;2;238;236;238m[38;2;135;133;136m▁[48;2;244;243;245m[38;2;156;154;157m▁[48;2;250;250;252m[38;2;250;250;252m    [48;2;244;244;246m[38;2;174;174;176m▁[48;2;255;255;255m[38;2;240;240;242m━[48;2;250;250;252m[38;2;250;250;252m  [48;2;249;249;251m[38;2;249;249;251m  [48;2;250;250;252m[38;2;250;250;252m    [48;2;255;255;255m[38;2;238;238;240m▎[48;2;229;229;230m[38;2;0;0;0m [48;2;67;65;68m[38;2;239;237;240m▄[48;2;223;221;224m[38;2;255;254;255m▇[48;2;253;251;253m[38;2;242;240;243m▌[48;2;61;59;62m[38;2;232;231;233m▊[48;2;1;1;1m[38;2;1;1;1m        [0m
[48;2;1;1;1m[38;2;1;1;1m            [48;2;3;1;6m[38;2;3;1;6m      [48;2;3;1;4m[38;2;3;1;4m  [48;2;1;1;3m[38;2;1;1;3m  [48;2;1;1;1m[38;2;1;1;1m    [48;2;3;1;6m[38;2;3;1;6m    [48;2;13;11;14m[38;2;3;1;4m▅▅[48;2;205;203;206m[38;2;5;4;6m▄[48;2;224;222;224m[38;2;7;6;8m▄[48;2;217;215;217m▄[48;2;223;221;224m[38;2;29;27;30m▅[48;2;65;63;66m[38;2;11;9;12m▊[48;2;252;250;253m[38;2;255;254;255m┃[48;2;250;250;252m[38;2;250;250;252m        [48;2;245;245;247m[38;2;0;0;0m [48;2;245;245;246m[38;2;164;164;166m▁[48;2;250;250;252m[38;2;250;250;252m  [48;2;216;214;217m[38;2;0;0;0m [48;2;45;43;46m[38;2;209;207;210m▘[48;2;1;1;1m[38;2;1;1;1m        [0m
[48;2;1;1;1m[38;2;1;1;1m            [48;2;1;1;3m[38;2;1;1;3m  [48;2;3;1;6m[38;2;3;1;6m  [48;2;2;0;3m[38;2;2;0;3m  [48;2;1;1;1m[38;2;1;1;1m  [48;2;3;1;6m[38;2;3;1;6m    [48;2;1;1;1m[38;2;1;1;1m        [48;2;1;1;3m[38;2;1;1;3m    [48;2;16;11;15m[38;2;0;0;0m [48;2;229;224;228m[38;2;55;50;54m▅[48;2;247;247;249m[38;2;247;247;249m  [48;2;250;250;252m[38;2;250;250;252m    [48;2;237;237;239m[38;2;250;250;251m▊[48;2;231;231;232m[38;2;0;0;0m [48;2;206;202;205m[38;2;25;21;24m▅[48;2;28;24;27m[38;2;0;0;0m [48;2;248;246;249m[38;2;26;24;27m▅▅[48;2;193;191;192m[38;2;21;20;20m▅[48;2;1;0;0m[38;2;13;11;12m▝[48;2;1;1;1m[38;2;1;1;1m        [0m
[48;2;1;1;1m[38;2;1;1;1m              [48;2;2;0;3m[38;2;2;0;3m  [48;2;1;1;3m[38;2;1;1;3m    [48;2;3;1;6m[38;2;3;1;6m  [48;2;3;1;4m[38;2;3;1;4m  [48;2;1;1;3m[38;2;1;1;3m  [48;2;1;1;1m[38;2;1;1;1m    [48;2;1;1;3m[38;2;1;1;3m      [48;2;2;0;1m[38;2;10;8;9m│[48;2;99;97;98m[38;2;9;7;8m▊[48;2;255;254;255m[38;2;237;235;238m▌[48;2;253;251;253m[38;2;245;243;246m┃[48;2;250;250;252m[38;2;250;250;252m    [48;2;246;244;247m[38;2;246;244;247m▄[48;2;136;134;137m[38;2;249;247;250m▊[48;2;1;1;1m[38;2;1;1;1m              [0m
[48;2;1;1;1m[38;2;1;1;1m                [48;2;3;1;4m[38;2;3;1;4m  [48;2;3;1;6m[38;2;3;1;6m  [48;2;2;0;3m[38;2;2;0;3m  [48;2;3;1;6m[38;2;3;1;6m  [48;2;2;0;3m[38;2;2;0;3m  [48;2;1;1;1m[38;2;1;1;1m    [48;2;3;1;6m[38;2;3;1;6m  [48;2;1;1;3m[38;2;1;1;3m    [48;2;3;2;4m[38;2;11;9;12m┏[48;2;36;34;37m[38;2;6;5;7m▊[48;2;228;223;227m[38;2;83;79;82m▅[48;2;234;230;233m[38;2;122;117;121m▁[48;2;250;250;252m[38;2;250;250;252m    [48;2;246;244;246m[38;2;0;0;0m [48;2;206;204;207m[38;2;90;88;91m▁[48;2;0;0;0m[38;2;0;0;0m  [48;2;1;1;1m[38;2;1;1;1m            [0m
[48;2;1;1;1m[38;2;1;1;1m                    [48;2;0;0;0m[38;2;0;0;0m  [48;2;1;1;3m[38;2;1;1;3m  [48;2;1;1;1m[38;2;1;1;1m    [48;2;2;0;3m[38;2;2;0;3m  [48;2;1;1;3m[38;2;1;1;3m      [48;2;2;0;3m[38;2;10;8;11m│[48;2;99;97;100m[38;2;9;7;10m▊[48;2;237;236;238m[38;2;198;196;199m▎[48;2;58;56;59m[38;2;222;221;223m▅[48;2;207;204;205m[38;2;72;68;69m▅[48;2;231;228;229m[38;2;23;19;20m▅[48;2;228;223;225m[38;2;31;26;27m▅[48;2;227;223;225m[38;2;66;60;62m▅[48;2;173;168;172m[38;2;93;88;92m▄[48;2;28;24;27m[38;2;233;229;232m▅[48;2;23;19;22m[38;2;204;200;203m▅[48;2;16;12;15m[38;2;147;142;146m▁[48;2;1;1;1m[38;2;1;1;1m            [0m
[48;2;1;1;1m[38;2;1;1;1m                        [48;2;1;1;3m[38;2;1;1;3m  [48;2;3;1;6m[38;2;3;1;6m  [48;2;2;0;3m[38;2;2;0;3m  [48;2;1;1;3m[38;2;1;1;3m  [48;2;1;1;1m[38;2;1;1;1m  [48;2;1;1;3m[38;2;1;1;3m  [48;2;50;45;49m[38;2;12;8;11m▊[48;2;58;53;57m[38;2;225;221;224m▅[48;2;249;249;251m[38;2;249;249;251m  [48;2;150;145;149m[38;2;245;241;244m▊[48;2;65;60;64m[38;2;23;19;22m▊[48;2;56;50;52m[38;2;207;201;203m▅[48;2;221;217;219m[38;2;55;49;51m▅[48;2;249;249;251m[38;2;249;249;251m  [48;2;246;244;247m[38;2;246;244;247m▄[48;2;92;90;93m[38;2;250;248;250m▊[48;2;1;1;3m[38;2;1;1;3m  [48;2;1;1;1m[38;2;1;1;1m          [0m
[48;2;1;1;1m[38;2;1;1;1m                    [48;2;2;0;3m[38;2;2;0;3m  [48;2;1;1;1m[38;2;1;1;1m  [48;2;3;1;6m[38;2;3;1;6m    [48;2;1;1;3m[38;2;1;1;3m    [48;2;1;1;1m[38;2;1;1;1m  [48;2;1;1;3m[38;2;1;1;3m  [48;2;79;77;80m[38;2;8;6;9m▊[48;2;248;247;249m[38;2;202;200;203m▎[48;2;245;245;247m[38;2;245;245;247m▄[48;2;215;215;217m[38;2;247;247;248m▊[48;2;198;192;194m[38;2;109;103;105m▅[48;2;63;57;59m[38;2;225;219;221m▅[48;2;134;128;130m[38;2;209;205;207m▊[48;2;56;50;52m[38;2;186;180;182m▁[48;2;248;248;250m[38;2;248;248;250m  [38;2;0;0;0m [48;2;231;231;233m [48;2;74;72;75m[38;2;226;224;227m┓[48;2;1;0;2m[38;2;7;5;8m▄[48;2;1;1;1m[38;2;1;1;1m          [0m
[48;2;1;1;1m[38;2;1;1;1m                  [48;2;1;1;3m[38;2;1;1;3m  [48;2;2;0;3m[38;2;2;0;3m  [48;2;1;1;3m[38;2;1;1;3m  [48;2;3;1;6m[38;2;3;1;6m    [48;2;2;0;3m[38;2;2;0;3m  [48;2;1;1;3m[38;2;1;1;3m  [48;2;1;1;1m[38;2;1;1;1m    [48;2;60;58;61m[38;2;10;8;11m▊[48;2;223;221;223m[38;2;51;49;52m▁[48;2;249;249;251m[38;2;249;249;251m  [48;2;249;249;250m[38;2;0;0;0m [48;2;248;248;249m[38;2;210;210;212m▝[48;2;75;73;76m[38;2;237;235;238m▅[48;2;247;245;247m[38;2;0;0;0m [48;2;250;250;252m[38;2;250;250;252m    [48;2;87;85;88m[38;2;239;237;240m▊[48;2;1;0;2m[38;2;10;8;11m│[48;2;1;1;1m[38;2;1;1;1m          [0m
[48;2;1;1;1m[38;2;1;1;1m                  [48;2;2;0;3m[38;2;2;0;3m    [48;2;3;1;6m[38;2;3;1;6m      [48;2;1;1;3m[38;2;1;1;3m  [48;2;1;1;1m[38;2;1;1;1m      [48;2;1;0;2m[38;2;18;16;19m▖[48;2;77;75;78m[38;2;7;5;8m▊[48;2;225;223;226m[38;2;38;36;39m▁[48;2;245;243;246m[38;2;0;0;0m [48;2;250;250;252m[38;2;250;250;252m        [48;2;87;85;88m[38;2;239;237;240m▊[48;2;1;0;2m[38;2;10;8;11m│[48;2;1;1;1m[38;2;1;1;1m          [0m
[48;2;4;2;10m[38;2;23;2;126m▂▂▂▂▂▂▂▂▂▂▂▂▂▂▂▂▂▂[48;2;5;3;12m[38;2;24;2;129m▂▂[48;2;4;2;10m[38;2;23;2;126m▂▂[48;2;5;3;12m[38;2;24;2;129m▂▂▂▂▂▂[48;2;5;3;11m[38;2;24;3;127m▂▂[48;2;4;2;10m[38;2;23;2;126m▂▂▂▂▂▂[48;2;4;2;11m[38;2;23;1;128m▂▂[48;2;28;26;31m[38;2;42;22;143m▂[48;2;234;232;235m[38;2;108;87;209m▂[48;2;250;250;252m[38;2;250;250;252m        [48;2;118;116;121m[38;2;236;234;238m▊[48;2;23;22;26m[38;2;202;201;204m▁[48;2;4;2;10m[38;2;23;2;126m▂▂▂▂▂▂▂▂▂▂[0m
[48;2;38;3;183m[38;2;38;3;183m                                      [48;2;37;5;182m[38;2;31;1;162m│[48;2;102;78;188m[38;2;43;11;189m▊[48;2;237;235;240m[38;2;96;81;172m▂[48;2;247;246;249m[38;2;0;0;0m [48;2;250;250;252m[38;2;250;250;252m      [48;2;248;247;250m[38;2;248;247;250m▄[48;2;82;67;162m[38;2;246;245;242m▊[48;2;37;2;184m[38;2;37;2;184m  [48;2;38;3;183m[38;2;38;3;183m        [0m
[48;2;38;3;183m[38;2;38;3;183m                                        [48;2;90;70;186m[38;2;38;9;180m▊[48;2;238;233;241m[38;2;84;63;180m▂[48;2;250;250;252m[38;2;250;250;252m      [48;2;245;244;246m[38;2;0;0;0m [48;2;139;128;196m[38;2;242;241;238m▊[48;2;41;10;188m[38;2;168;154;209m▂[48;2;38;5;180m[38;2;41;12;180m▄[48;2;38;3;183m[38;2;38;3;183m        [0m
[48;2;38;3;185m[38;2;38;3;185m                                        [48;2;30;0;168m[38;2;45;11;190m▌[48;2;114;90;200m[38;2;41;9;187m▊[48;2;237;237;237m[38;2;78;61;183m▂[48;2;244;243;248m[38;2;0;0;0m [48;2;250;250;252m[38;2;250;250;252m      [48;2;67;44;161m[38;2;241;237;237m▊[48;2;28;0;193m[38;2;43;9;194m▊[48;2;38;3;185m[38;2;38;3;185m        [0m
[48;2;38;3;185m[38;2;38;3;185m                                          [48;2;88;66;185m[38;2;36;7;180m▊[48;2;236;230;237m[38;2;82;63;187m▂[48;2;250;250;252m[38;2;250;250;252m      [48;2;93;70;186m[38;2;242;237;239m▊[48;2;35;5;188m[38;2;35;5;188m▄[48;2;38;3;185m[38;2;38;3;185m        [0m
[48;2;38;3;185m[38;2;38;3;185m                                          [48;2;36;3;169m[38;2;51;12;203m│[48;2;116;93;181m[38;2;43;9;191m▊[48;2;240;232;230m[38;2;196;80;113m▂[48;2;246;238;236m[38;2;221;105;139m▂[48;2;250;250;252m[38;2;250;250;252m  [48;2;247;238;243m[38;2;0;0;0m [48;2;211;207;211m[38;2;202;72;118m▂[48;2;159;154;199m[38;2;91;36;168m▆[48;2;27;1;165m[38;2;42;9;190m┫[48;2;38;3;185m[38;2;38;3;185m        [0m
[48;2;38;3;185m[38;2;38;3;185m                                      [48;2;39;4;182m[38;2;39;4;182m  [48;2;45;6;160m[38;2;40;20;36m▂[48;2;32;11;71m[38;2;196;73;70m▂[48;2;60;16;70m[38;2;204;80;104m▂[48;2;115;52;109m[38;2;208;71;100m▅[48;2;219;77;103m[38;2;219;77;103m  [48;2;238;215;205m[38;2;216;75;105m▆▆[48;2;240;182;182m[38;2;192;70;90m▆[48;2;173;60;100m[38;2;21;9;14m▂[48;2;65;22;152m[38;2;2;7;50m▂[48;2;45;4;186m[38;2;45;7;168m╺[48;2;38;3;185m[38;2;38;3;185m        [0m
[48;2;38;3;185m[38;2;38;3;185m                                      [48;2;38;3;183m[38;2;38;3;183m  [48;2;34;17;71m[38;2;41;11;164m▆[48;2;140;50;60m[38;2;29;8;89m▆[48;2;195;53;101m[38;2;32;15;76m▇▇[48;2;160;41;74m[38;2;25;10;81m▆▆▆▆[48;2;124;39;61m[38;2;23;11;78m▆[48;2;16;9;30m[38;2;32;9;167m▃[48;2;37;16;109m[38;2;37;3;178m▆[48;2;37;1;184m[38;2;37;3;172m▘[48;2;38;3;185m[38;2;38;3;185m        [0m
[48;2;40;2;185m[38;2;40;2;185m                                                            [0m
[48;2;40;2;185m[38;2;40;2;185m                                                            [0m
