[48;2;1;1;1m[38;2;1;1;1m                                                            [0m
[48;2;1;1;1m[38;2;1;1;1m                                                            [0m
[48;2;1;1;1m[38;2;1;1;1m                                                            [0m
[48;2;1;1;1m[38;2;1;1;1m                                                            [0m
[48;2;1;1;1m[38;2;1;1;1m                          [48;2;3;1;6m[38;2;3;1;6m  [48;2;1;1;3m[38;2;1;1;3m  [48;2;1;1;1m[38;2;1;1;1m        [38;2;11;11;11m▃▃[48;2;0;0;0m[38;2;5;5;5m▃▃[48;2;2;2;2m[38;2;2;2;2m  [48;2;1;1;1m[38;2;1;1;1m                [0m
[48;2;1;1;1m[38;2;1;1;1m                        [48;2;1;1;3m[38;2;1;1;3m  [48;2;3;1;6m[38;2;3;1;6m    [48;2;2;0;3m[38;2;2;0;3m  [48;2;1;1;3m[38;2;1;1;3m  [48;2;2;0;3m[38;2;2;0;3m  [48;2;4;3;3m[38;2;14;12;13m╷[48;2;35;33;34m[38;2;6;4;5m▊[48;2;204;199;203m[38;2;63;59;62m▄[48;2;148;143;147m[38;2;238;234;238m▇[48;2;161;159;162m[38;2;244;242;244m▇▇[48;2;145;141;142m[38;2;233;230;231m▇[48;2;19;15;16m[38;2;192;188;189m▄[48;2;2;2;2m[38;2;2;2;2m  [48;2;1;1;1m[38;2;1;1;1m    [48;2;3;1;6m[38;2;3;1;6m    [48;2;1;1;1m[38;2;1;1;1m      [0m
[48;2;1;1;1m[38;2;1;1;1m                    [48;2;2;0;3m[38;2;2;0;3m  [48;2;1;1;3m[38;2;1;1;3m    [48;2;3;1;6m[38;2;3;1;6m    [48;2;1;1;3m[38;2;1;1;3m  [48;2;3;1;4m[38;2;3;1;4m  [48;2;3;1;6m[38;2;3;1;6m  [48;2;1;1;3m[38;2;1;1;3m  [48;2;16;11;8m[38;2;0;0;0m [48;2;192;71;106m[38;2;51;23;27m▄[48;2;232;158;167m[38;2;196;66;94m▇[48;2;212;103;124m[38;2;59;18;18m▄[48;2;243;235;234m[38;2;205;104;134m▄[48;2;161;167;160m[38;2;244;236;235m▊[48;2;7;7;7m[38;2;12;12;12m▌[48;2;0;0;0m[38;2;2;2;2m▎[48;2;1;1;3m[38;2;1;1;3m      [48;2;3;1;6m[38;2;3;1;6m  [48;2;1;1;1m[38;2;1;1;1m      [0m
[48;2;1;1;1m[38;2;1;1;1m                      [48;2;15;7;13m[38;2;148;59;69m▄[48;2;16;5;11m[38;2;194;59;85m▄[48;2;11;2;3m[38;2;73;34;47m▖[48;2;11;6;7m[38;2;0;12;7m▄[48;2;3;1;4m[38;2;3;1;4m  [48;2;3;1;6m[38;2;3;1;6m  [48;2;2;0;3m[38;2;2;0;3m  [48;2;1;1;3m[38;2;1;1;3m    [48;2;1;0;0m[38;2;6;4;5m▃▃[48;2;71;28;35m[38;2;7;7;8m▊[48;2;221;73;97m[38;2;155;49;69m▎[48;2;214;72;98m[38;2;214;72;98m  [48;2;215;142;153m[38;2;206;74;94m▊[48;2;180;142;163m[38;2;241;233;235m▊[48;2;4;4;6m[38;2;4;4;6m  [48;2;1;1;3m[38;2;1;1;3m  [48;2;2;8;4m[38;2;16;8;11m▝[48;2;12;1;3m[38;2;73;32;46m▗[48;2;15;4;11m[38;2;189;54;80m▄[48;2;46;14;20m[38;2;185;87;101m▖[48;2;1;1;3m[38;2;1;1;3m  [48;2;1;1;1m[38;2;1;1;1m      [0m
[48;2;1;1;1m[38;2;1;1;1m                    [48;2;1;1;3m[38;2;1;1;3m  [48;2;53;19;21m[38;2;195;66;96m▝[48;2;192;63;93m[38;2;0;0;0m [48;2;210;71;97m[38;2;188;79;85m▎[48;2;238;224;231m[38;2;203;130;147m▎[48;2;50;48;51m[38;2;233;231;233m▄[48;2;19;17;20m[38;2;231;229;231m▄[48;2;20;19;21m[38;2;0;0;0m [48;2;8;6;9m[38;2;31;29;32m▂[48;2;4;3;5m[38;2;45;43;46m▁▁[48;2;1;0;0m[38;2;11;9;10m▂[48;2;10;8;9m[38;2;62;60;61m▁[48;2;21;20;22m[38;2;220;218;221m▄[48;2;29;27;30m[38;2;229;228;230m▄[48;2;175;173;176m[38;2;246;244;247m▇▇[48;2;172;172;166m[38;2;240;235;233m▇[48;2;215;87;124m[38;2;238;211;215m▄[48;2;223;83;109m[38;2;206;66;92m▎[48;2;226;86;112m[38;2;209;69;95m▊[48;2;206;105;135m[38;2;244;234;233m▄[48;2;233;229;227m[38;2;0;0;0m [48;2;18;17;19m[38;2;231;229;232m▄▄[48;2;14;12;15m[38;2;196;194;197m▄[48;2;9;8;10m[38;2;35;33;36m▁[48;2;139;50;72m[38;2;20;1;7m▊[48;2;207;75;91m[38;2;204;79;103m▌[48;2;191;65;94m[38;2;0;0;0m [48;2;52;20;19m[38;2;202;75;104m▘[48;2;1;1;3m[38;2;1;1;3m  [48;2;1;1;1m[38;2;1;1;1m      [0m
[48;2;1;1;1m[38;2;1;1;1m                [48;2;2;0;3m[38;2;2;0;3m  [48;2;3;1;4m[38;2;3;1;4m  [48;2;2;0;3m[38;2;2;0;3m  [48;2;2;2;2m[38;2;2;2;2m  [48;2;25;21;22m[38;2;10;6;7m▇[48;2;190;186;187m[38;2;17;14;14m▄[48;2;243;241;244m[38;2;160;158;161m▖[48;2;246;244;246m[38;2;182;180;183m▁[48;2;207;205;208m[38;2;248;246;249m▇▇[48;2;208;206;209m[38;2;249;247;249m▇▇▇▇[48;2;250;250;252m[38;2;250;250;252m    [48;2;255;254;255m[38;2;252;250;253m▖[48;2;246;244;247m[38;2;225;223;226m▝[48;2;202;101;130m[38;2;249;241;241m▄[48;2;246;240;238m[38;2;0;0;0m [48;2;250;250;252m[38;2;250;250;252m    [48;2;248;247;249m[38;2;236;234;237m╷[48;2;225;223;226m[38;2;0;0;0m [48;2;65;63;66m[38;2;238;237;239m▄[48;2;230;228;231m[38;2;246;245;247m▇[48;2;216;214;216m[38;2;0;0;0m [48;2;20;18;21m[38;2;180;178;181m▄[48;2;1;1;3m[38;2;1;1;3m    [48;2;1;1;1m[38;2;1;1;1m    [0m
[48;2;1;1;1m[38;2;1;1;1m            [48;2;1;1;3m[38;2;1;1;3m  [48;2;3;1;6m[38;2;3;1;6m      [48;2;1;1;3m[38;2;1;1;3m  [48;2;1;1;1m[38;2;1;1;1m    [48;2;12;10;11m[38;2;2;1;1m▅▅[48;2;203;201;203m[38;2;12;11;13m▄[48;2;216;214;217m[38;2;13;12;14m▄[48;2;224;222;224m[38;2;27;25;28m▄[48;2;234;233;235m[38;2;155;153;156m▁[48;2;247;245;248m[38;2;156;154;157m▁▁[48;2;234;232;235m[38;2;144;142;145m▁[48;2;231;229;232m[38;2;40;38;41m▄[48;2;245;244;246m[38;2;156;154;157m▁[48;2;246;244;246m[38;2;0;0;0m [48;2;250;250;252m[38;2;250;250;252m        [48;2;245;245;247m[38;2;0;0;0m [48;2;245;245;246m[38;2;164;164;166m▁[48;2;246;245;247m[38;2;155;153;156m▁▁[48;2;218;217;219m[38;2;120;118;121m▁[48;2;45;44;46m[38;2;233;232;234m▘[48;2;1;1;1m[38;2;1;1;1m        [0m
[48;2;1;1;1m[38;2;1;1;1m            [48;2;3;1;6m[38;2;3;1;6m      [48;2;3;1;4m[38;2;3;1;4m  [48;2;1;1;3m[38;2;1;1;3m  [48;2;1;1;1m[38;2;1;1;1m    [48;2;3;1;6m[38;2;3;1;6m    [48;2;3;1;4m[38;2;3;1;4m  [48;2;4;2;5m[38;2;4;2;5m  [48;2;2;2;4m[38;2;2;2;4m  [48;2;64;62;65m[38;2;10;8;11m▊[48;2;232;230;233m[38;2;143;141;144m▁[48;2;250;250;252m[38;2;250;250;252m      [48;2;249;249;251m[38;2;249;249;251m  [48;2;104;99;103m[38;2;226;222;225m▊[48;2;8;4;7m[38;2;23;19;22m▎[48;2;3;3;3m[38;2;3;3;3m  [48;2;2;2;2m[38;2;2;2;2m  [48;2;1;1;1m[38;2;1;1;1m        [0m
[48;2;1;1;1m[38;2;1;1;1m            [48;2;1;1;3m[38;2;1;1;3m  [48;2;3;1;6m[38;2;3;1;6m  [48;2;2;0;3m[38;2;2;0;3m  [48;2;1;1;1m[38;2;1;1;1m  [48;2;3;1;6m[38;2;3;1;6m    [48;2;1;1;1m[38;2;1;1;1m        [48;2;1;1;3m[38;2;1;1;3m    [48;2;2;1;3m[38;2;11;9;12m│[48;2;100;98;101m[38;2;9;8;10m▊[48;2;255;254;255m[38;2;237;235;238m▌[48;2;253;251;253m[38;2;245;243;246m┃[48;2;250;250;252m[38;2;250;250;252m    [48;2;246;244;247m[38;2;246;244;247m▄[48;2;136;134;137m[38;2;249;247;250m▊[48;2;1;1;3m[38;2;1;1;3m  [48;2;1;1;1m[38;2;1;1;1m            [0m
[48;2;1;1;1m[38;2;1;1;1m              [48;2;2;0;3m[38;2;2;0;3m  [48;2;1;1;3m[38;2;1;1;3m    [48;2;3;1;6m[38;2;3;1;6m  [48;2;3;1;4m[38;2;3;1;4m  [48;2;1;1;3m[38;2;1;1;3m  [48;2;1;1;1m[38;2;1;1;1m    [48;2;1;1;3m[38;2;1;1;3m      [48;2;1;0;0m[38;2;13;11;12m│[48;2;78;76;77m[38;2;7;6;6m▊[48;2;237;235;238m[38;2;125;123;126m▁[48;2;246;244;246m[38;2;0;0;0m [48;2;250;250;252m[38;2;250;250;252m    [48;2;246;244;247m[38;2;246;244;247m▄[48;2;136;134;137m[38;2;249;247;250m▊[48;2;1;1;1m[38;2;1;1;1m              [0m
[48;2;1;1;1m[38;2;1;1;1m                [48;2;3;1;4m[38;2;3;1;4m  [48;2;3;1;6m[38;2;3;1;6m  [48;2;2;0;3m[38;2;2;0;3m  [48;2;3;1;6m[38;2;3;1;6m  [48;2;2;0;3m[38;2;2;0;3m  [48;2;1;1;1m[38;2;1;1;1m    [48;2;3;1;6m[38;2;3;1;6m  [48;2;1;1;3m[38;2;1;1;3m    [48;2;9;8;10m[38;2;0;0;0m [48;2;24;22;25m[38;2;158;156;159m▁[48;2;42;37;38m[38;2;212;207;209m▅[48;2;226;221;223m[38;2;91;85;87m▅[48;2;240;235;239m[38;2;87;82;86m▁▁[48;2;242;239;240m[38;2;78;74;75m▁▁[48;2;239;236;237m[38;2;96;92;93m▁[48;2;212;209;210m[38;2;70;66;67m▁[48;2;0;0;0m[38;2;0;0;0m  [48;2;1;1;1m[38;2;1;1;1m            [0m
[48;2;1;1;1m[38;2;1;1;1m                    [48;2;0;0;0m[38;2;0;0;0m  [48;2;1;1;3m[38;2;1;1;3m  [48;2;1;1;1m[38;2;1;1;1m    [48;2;2;0;3m[38;2;2;0;3m  [48;2;1;1;3m[38;2;1;1;3m      [48;2;78;76;79m[38;2;7;5;8m▊[48;2;248;246;248m[38;2;201;199;202m▎[48;2;249;249;250m[38;2;0;0;0m [48;2;248;248;249m[38;2;210;210;212m▝[48;2;28;26;29m[38;2;233;231;234m▅[48;2;22;20;23m[38;2;209;207;210m▅[48;2;15;11;14m[38;2;0;0;0m [48;2;31;26;30m[38;2;164;159;163m▁[48;2;29;24;28m[38;2;192;187;191m▅[48;2;24;19;23m[38;2;230;225;229m▅[48;2;23;19;22m[38;2;204;200;203m▅[48;2;16;12;15m[38;2;147;142;146m▁[48;2;1;1;1m[38;2;1;1;1m            [0m
[48;2;1;1;1m[38;2;1;1;1m                        [48;2;1;1;3m[38;2;1;1;3m  [48;2;3;1;6m[38;2;3;1;6m  [48;2;2;0;3m[38;2;2;0;3m  [48;2;1;1;3m[38;2;1;1;3m  [48;2;1;1;1m[38;2;1;1;1m  [48;2;1;1;3m[38;2;1;1;3m  [48;2;79;77;80m[38;2;8;6;9m▊[48;2;248;247;249m[38;2;202;200;203m▎[48;2;250;250;252m[38;2;250;250;252m  [48;2;245;245;247m[38;2;255;255;255m┃[48;2;172;172;174m[38;2;239;239;241m▊[48;2;118;112;116m[38;2;24;18;22m▊[48;2;159;153;157m[38;2;236;232;235m▊[48;2;139;137;140m[38;2;19;17;20m▊[48;2;236;234;237m[38;2;253;251;253m┃[48;2;255;254;255m[38;2;246;244;247m│[48;2;125;123;126m[38;2;243;241;244m▊[48;2;1;0;2m[38;2;5;3;6m▃[38;2;7;5;8m━[48;2;1;1;1m[38;2;1;1;1m          [0m
[48;2;1;1;1m[38;2;1;1;1m                    [48;2;2;0;3m[38;2;2;0;3m  [48;2;1;1;1m[38;2;1;1;1m  [48;2;3;1;6m[38;2;3;1;6m    [48;2;1;1;3m[38;2;1;1;3m    [48;2;1;1;1m[38;2;1;1;1m  [48;2;1;1;3m[38;2;1;1;3m  [48;2;61;59;62m[38;2;11;10;12m▊[48;2;235;233;235m[38;2;109;107;110m▂[48;2;249;249;251m[38;2;249;249;251m  [48;2;238;233;235m[38;2;0;0;0m [48;2;184;179;181m[38;2;80;74;76m┳[48;2;75;70;74m[38;2;226;221;225m▅[48;2;216;212;215m[38;2;117;112;116m▂[48;2;156;151;155m[38;2;54;50;53m▊[48;2;251;247;250m[38;2;227;223;227m▎[48;2;250;250;252m[38;2;250;250;252m  [48;2;106;101;105m[38;2;238;234;237m▊[48;2;20;16;19m[38;2;160;155;159m▁[48;2;1;1;1m[38;2;1;1;1m          [0m
[48;2;1;1;1m[38;2;1;1;1m                  [48;2;1;1;3m[38;2;1;1;3m  [48;2;2;0;3m[38;2;2;0;3m  [48;2;1;1;3m[38;2;1;1;3m  [48;2;3;1;6m[38;2;3;1;6m    [48;2;2;0;3m[38;2;2;0;3m  [48;2;1;1;3m[38;2;1;1;3m  [48;2;1;1;1m[38;2;1;1;1m    [48;2;2;0;3m[38;2;10;8;11m│[48;2;99;97;100m[38;2;9;7;10m▊[48;2;255;254;255m[38;2;237;235;238m▌[48;2;253;251;253m[38;2;245;243;246m┃[48;2;250;250;252m[38;2;250;250;252m  [48;2;239;237;240m[38;2;0;0;0m [48;2;71;69;72m[38;2;236;234;237m▅[48;2;249;249;251m[38;2;249;249;251m  [48;2;250;250;252m[38;2;250;250;252m  [48;2;246;246;248m[38;2;246;246;248m▄[48;2;79;79;81m[38;2;243;243;245m▊[48;2;1;1;1m[38;2;1;1;1m          [0m
[48;2;1;1;1m[38;2;1;1;1m                  [48;2;2;0;3m[38;2;2;0;3m    [48;2;3;1;6m[38;2;3;1;6m      [48;2;1;1;3m[38;2;1;1;3m  [48;2;1;1;1m[38;2;1;1;1m      [48;2;1;0;2m[38;2;2;0;3m▘[48;2;4;3;5m[38;2;40;38;41m▝[48;2;208;206;209m[38;2;32;30;33m▅[48;2;250;249;251m[38;2;222;220;223m▎[48;2;250;250;252m[38;2;250;250;252m        [48;2;246;246;248m[38;2;246;246;248m▄[48;2;79;79;81m[38;2;243;243;245m▊[48;2;1;1;1m[38;2;1;1;1m          [0m
[48;2;4;2;10m[38;2;23;2;126m▂▂▂▂▂▂▂▂▂▂▂▂▂▂▂▂▂▂[48;2;5;3;12m[38;2;24;2;129m▂▂[48;2;4;2;10m[38;2;23;2;126m▂▂[48;2;5;3;12m[38;2;24;2;129m▂▂▂▂▂▂[48;2;5;3;11m[38;2;24;3;127m▂▂[48;2;4;2;10m[38;2;23;2;126m▂▂▂▂▂▂[48;2;4;2;11m[38;2;23;1;128m▂▂[48;2;28;26;36m[38;2;46;30;121m▂[48;2;253;251;251m[38;2;209;205;219m▎[48;2;250;250;252m[38;2;250;250;252m        [48;2;136;131;151m[38;2;239;236;241m▊[48;2;191;189;195m[38;2;31;22;69m▆[48;2;4;2;10m[38;2;23;2;126m▂▂▂▂▂▂▂▂▂▂[0m
[48;2;38;3;183m[38;2;38;3;183m                                      [48;2;104;88;161m[38;2;39;6;189m▊[48;2;240;234;238m[38;2;96;71;195m▂[48;2;250;250;252m[38;2;250;250;252m        [48;2;95;72;186m[38;2;244;239;239m▊[48;2;37;6;188m[38;2;37;6;188m▄[48;2;38;3;183m[38;2;38;3;183m          [0m
[48;2;38;3;183m[38;2;38;3;183m                                      [48;2;32;3;160m[38;2;42;6;193m┃[48;2;135;115;202m[38;2;41;10;191m▊[48;2;248;248;250m[38;2;248;248;250m  [48;2;250;250;252m[38;2;250;250;252m    [48;2;255;254;255m[38;2;254;253;255m┓[48;2;238;237;241m[38;2;0;0;0m [48;2;202;192;227m[38;2;75;46;207m▂[48;2;40;10;177m[38;2;24;0;185m│[48;2;38;3;183m[38;2;38;3;183m          [0m
[48;2;38;3;185m[38;2;38;3;185m                                      [48;2;31;0;167m[38;2;47;12;190m▌[48;2;115;92;200m[38;2;43;9;187m▊[48;2;248;248;250m[38;2;248;248;250m  [48;2;250;250;252m[38;2;250;250;252m    [48;2;252;250;255m[38;2;240;241;235m▎[48;2;114;102;174m[38;2;245;245;240m▊[48;2;37;2;184m[38;2;37;2;184m  [48;2;38;3;185m[38;2;38;3;185m          [0m
[48;2;38;3;185m[38;2;38;3;185m                                      [48;2;35;2;178m[38;2;46;11;189m▄[48;2;46;11;189m[38;2;35;2;178m▄[48;2;206;202;221m[38;2;65;42;184m▆[48;2;250;248;246m[38;2;225;221;233m▎[48;2;250;250;252m[38;2;250;250;252m    [48;2;252;250;255m[38;2;240;241;235m▎[48;2;114;102;174m[38;2;245;245;240m▊[48;2;37;2;184m[38;2;37;2;184m  [48;2;38;3;185m[38;2;38;3;185m          [0m
[48;2;38;3;185m[38;2;38;3;185m                                        [48;2;54;15;163m[38;2;0;0;0m [48;2;224;203;202m[38;2;205;80;113m▆[48;2;239;219;212m[38;2;206;71;101m▆[48;2;245;225;218m[38;2;218;83;112m▆[48;2;240;231;231m[38;2;196;79;114m▂[48;2;246;237;237m[38;2;221;105;140m▂[48;2;252;250;255m[38;2;240;241;235m▎[48;2;114;102;174m[38;2;245;245;240m▊[48;2;37;2;184m[38;2;37;2;184m  [48;2;38;3;185m[38;2;38;3;185m          [0m
[48;2;38;3;185m[38;2;38;3;185m                                      [48;2;35;2;179m[38;2;32;4;139m▗[48;2;43;10;176m[38;2;21;9;51m▃[48;2;51;14;128m[38;2;25;10;21m▆[48;2;189;62;84m[38;2;29;21;19m▂[48;2;212;66;95m[38;2;51;29;19m▂[48;2;217;74;102m[38;2;186;65;85m▖[48;2;211;71;97m[38;2;216;76;102m▄[48;2;229;89;115m[38;2;198;58;84m▚[48;2;221;124;150m[38;2;57;21;30m▃[48;2;204;185;198m[38;2;101;37;67m▆[48;2;36;3;169m[38;2;36;23;64m▂[48;2;36;0;189m[38;2;36;4;165m▖[48;2;38;3;185m[38;2;38;3;185m          [0m
[48;2;38;3;185m[38;2;38;3;185m                                      [48;2;36;1;179m[38;2;36;4;163m▁[48;2;36;19;85m[38;2;36;3;169m▅[48;2;8;6;11m[38;2;30;5;149m▃▃[48;2;17;10;28m[38;2;41;13;180m▂[48;2;133;45;71m[38;2;24;7;80m▆[48;2;144;46;74m[38;2;26;9;81m▆▆[48;2;9;7;14m[38;2;32;6;154m▃▃[48;2;37;16;107m[38;2;37;3;176m▆[48;2;37;2;182m[38;2;37;4;170m▘[48;2;38;3;185m[38;2;38;3;185m          [0m
[48;2;40;2;185m[38;2;40;2;185m                                                            [0m
[48;2;40;2;185m[38;2;40;2;185m                                                            [0m
