[48;2;1;1;1m[38;2;1;1;1m                                                            [0m
[48;2;1;1;1m[38;2;1;1;1m                                                            [0m
[48;2;1;1;1m[38;2;1;1;1m                                                            [0m
[48;2;1;1;1m[38;2;1;1;1m                                                            [0m
[48;2;1;1;1m[38;2;1;1;1m                          [48;2;3;1;6m[38;2;3;1;6m  [48;2;1;1;3m[38;2;1;1;3m  [48;2;1;1;1m[38;2;1;1;1m        [38;2;11;11;11m▃▃[48;2;0;0;0m[38;2;5;5;5m▃▃[48;2;2;2;2m[38;2;2;2;2m  [48;2;1;1;1m[38;2;1;1;1m      [48;2;5;5;1m[38;2;5;26;16m╷[48;2;10;2;2m[38;2;86;31;47m▗[48;2;69;21;28m[38;2;178;54;86m▖[48;2;42;20;17m[38;2;170;69;93m▘[48;2;1;1;1m[38;2;1;1;1m      [0m
[48;2;1;1;1m[38;2;1;1;1m                        [48;2;1;1;3m[38;2;1;1;3m  [48;2;3;1;6m[38;2;3;1;6m    [48;2;2;0;3m[38;2;2;0;3m  [48;2;1;1;3m[38;2;1;1;3m  [48;2;2;0;3m[38;2;2;0;3m  [48;2;4;3;3m[38;2;14;12;13m╷[48;2;35;33;34m[38;2;6;4;5m▊[48;2;204;199;203m[38;2;63;59;62m▄[48;2;148;143;147m[38;2;238;234;238m▇[48;2;161;159;162m[38;2;244;242;244m▇▇[48;2;145;141;142m[38;2;233;230;231m▇[48;2;19;15;16m[38;2;192;188;189m▄[48;2;2;2;2m[38;2;2;2;2m  [48;2;1;1;1m[38;2;1;1;1m    [48;2;24;0;4m[38;2;2;8;5m▊[48;2;181;60;101m[38;2;20;6;10m▊[48;2;196;60;88m[38;2;215;80;107m▆[48;2;53;14;10m[38;2;178;58;81m▊[48;2;1;1;1m[38;2;1;1;1m      [0m
[48;2;1;1;1m[38;2;1;1;1m                    [48;2;11;7;6m[38;2;0;0;0m [48;2;42;10;18m[38;2;180;64;101m▗[48;2;13;7;4m[38;2;180;59;94m▄[48;2;9;4;2m[38;2;91;42;53m▖[48;2;4;2;5m[38;2;4;2;5m  [48;2;3;1;6m[38;2;3;1;6m    [48;2;1;1;3m[38;2;1;1;3m  [48;2;3;1;4m[38;2;3;1;4m  [48;2;3;1;6m[38;2;3;1;6m  [48;2;1;1;3m[38;2;1;1;3m  [48;2;16;11;8m[38;2;0;0;0m [48;2;192;71;106m[38;2;51;23;27m▄[48;2;232;158;167m[38;2;196;66;94m▇[48;2;212;103;124m[38;2;59;18;18m▄[48;2;243;235;234m[38;2;205;104;134m▄[48;2;161;167;160m[38;2;244;236;235m▊[48;2;7;7;7m[38;2;12;12;12m▌[48;2;0;0;0m[38;2;2;2;2m▎[48;2;1;1;3m[38;2;1;1;3m    [48;2;177;175;176m[38;2;16;15;15m▊[48;2;176;174;175m[38;2;244;243;244m▇[48;2;146;137;140m[38;2;232;226;229m▊[48;2;55;46;49m[38;2;218;210;213m▖[48;2;1;1;1m[38;2;1;1;1m      [0m
[48;2;1;1;1m[38;2;1;1;1m                    [48;2;11;4;3m[38;2;0;0;0m [48;2;50;16;23m[38;2;194;74;110m▝[48;2;216;77;103m[38;2;158;39;59m▖[48;2;198;68;92m[38;2;194;55;82m▚[48;2;221;202;209m[38;2;0;0;0m [48;2;58;52;54m[38;2;235;230;232m▄[48;2;17;15;18m[38;2;226;224;227m▄[48;2;27;25;28m[38;2;0;0;0m [48;2;5;3;8m[38;2;5;3;8m  [48;2;2;0;3m[38;2;2;0;3m  [48;2;1;1;3m[38;2;1;1;3m    [48;2;1;0;0m[38;2;6;4;5m▃▃[48;2;71;28;35m[38;2;7;7;8m▊[48;2;221;73;97m[38;2;155;49;69m▎[48;2;214;72;98m[38;2;214;72;98m  [48;2;215;142;153m[38;2;206;74;94m▊[48;2;180;142;163m[38;2;241;233;235m▊[48;2;1;0;2m[38;2;9;7;10m▃▃[48;2;2;2;4m[38;2;2;2;4m  [48;2;4;2;5m[38;2;4;2;5m  [48;2;181;179;182m[38;2;21;19;22m▊[48;2;255;254;255m[38;2;251;249;252m▄[48;2;255;253;255m[38;2;250;245;249m▌[48;2;30;25;29m[38;2;225;220;224m▊[48;2;1;1;1m[38;2;1;1;1m      [0m
[48;2;1;1;1m[38;2;1;1;1m                    [48;2;2;2;4m[38;2;2;2;4m  [48;2;14;9;13m[38;2;4;0;3m▅▅[48;2;191;187;190m[38;2;27;22;26m▄[48;2;219;215;219m[38;2;0;0;0m [48;2;246;246;247m[38;2;227;227;229m▁[48;2;219;219;221m[38;2;251;251;253m▆[48;2;166;164;167m[38;2;244;242;244m▇[48;2;47;46;48m[38;2;234;232;235m▄[48;2;18;17;19m[38;2;231;229;232m▄▄[48;2;19;17;20m[38;2;232;230;233m▄▄[48;2;15;14;16m[38;2;232;231;233m▄[48;2;32;30;33m[38;2;234;232;235m▄[48;2;175;173;176m[38;2;246;244;247m▇▇[48;2;172;172;166m[38;2;240;235;233m▇[48;2;215;87;124m[38;2;238;211;215m▄[48;2;223;83;109m[38;2;206;66;92m▎[48;2;226;86;112m[38;2;209;69;95m▊[48;2;203;102;132m[38;2;242;234;233m▄[48;2;249;244;242m[38;2;0;0;0m [48;2;255;254;255m[38;2;244;242;245m▄▄[48;2;143;141;144m[38;2;230;229;231m▇[48;2;22;20;23m[38;2;228;226;228m▄[48;2;62;60;63m[38;2;231;229;232m▄[48;2;169;167;170m[38;2;249;247;249m▇[48;2;219;219;221m[38;2;251;251;253m▆[48;2;246;246;247m[38;2;227;227;229m▁[48;2;212;208;211m[38;2;0;0;0m [48;2;172;168;172m[38;2;22;17;21m▄[48;2;1;1;1m[38;2;1;1;1m      [0m
[48;2;1;1;1m[38;2;1;1;1m                [48;2;2;0;3m[38;2;2;0;3m  [48;2;3;1;4m[38;2;3;1;4m  [48;2;2;0;3m[38;2;2;0;3m  [48;2;1;1;1m[38;2;1;1;1m  [48;2;3;3;5m[38;2;3;3;5m  [48;2;199;197;200m[38;2;16;15;17m▄[48;2;231;229;231m[38;2;19;18;20m▄[48;2;241;239;242m[38;2;169;167;170m▖[48;2;247;246;248m▁[48;2;255;254;255m[38;2;243;241;244m▄▄[48;2;245;245;246m[38;2;194;194;196m▁[48;2;255;255;255m[38;2;242;242;244m▄[48;2;250;250;252m[38;2;250;250;252m    [48;2;255;254;255m[38;2;252;250;253m▖[48;2;246;244;247m[38;2;225;223;226m▝[48;2;202;101;130m[38;2;249;241;241m▄[48;2;246;240;238m[38;2;0;0;0m [48;2;250;250;252m[38;2;250;250;252m    [48;2;249;249;251m[38;2;249;249;251m  [48;2;247;245;248m[38;2;184;182;185m▁[48;2;215;213;215m[38;2;0;0;0m [48;2;231;229;231m[38;2;16;15;17m▄[48;2;175;173;176m[38;2;17;15;18m▄[48;2;3;3;5m[38;2;3;3;5m  [48;2;1;1;3m[38;2;1;1;3m  [48;2;1;1;1m[38;2;1;1;1m    [0m
[48;2;1;1;1m[38;2;1;1;1m            [48;2;1;1;3m[38;2;1;1;3m  [48;2;3;1;6m[38;2;3;1;6m      [48;2;1;1;3m[38;2;1;1;3m  [48;2;1;1;1m[38;2;1;1;1m    [48;2;1;1;3m[38;2;1;1;3m  [48;2;12;10;13m[38;2;2;1;3m▅▅[48;2;13;11;14m[38;2;3;1;4m▅▅[48;2;17;16;18m[38;2;0;0;0m [48;2;208;206;209m[38;2;12;11;13m▄[48;2;230;229;231m[38;2;13;11;14m▄[48;2;225;223;226m[38;2;27;25;28m▄[48;2;245;244;246m[38;2;156;154;157m▁[48;2;246;244;246m[38;2;0;0;0m [48;2;250;250;252m[38;2;250;250;252m        [48;2;248;246;248m[38;2;229;227;230m▁[48;2;97;95;98m[38;2;232;230;233m▊[48;2;13;11;16m[38;2;3;1;6m▅▅[48;2;3;1;6m  [48;2;1;1;1m[38;2;1;1;1m        [0m
[48;2;1;1;1m[38;2;1;1;1m            [48;2;3;1;6m[38;2;3;1;6m      [48;2;3;1;4m[38;2;3;1;4m  [48;2;1;1;3m[38;2;1;1;3m  [48;2;1;1;1m[38;2;1;1;1m    [48;2;3;1;6m[38;2;3;1;6m    [48;2;1;1;3m[38;2;1;1;3m      [48;2;64;62;65m[38;2;10;8;11m▊[48;2;232;230;233m[38;2;143;141;144m▁[48;2;250;250;252m[38;2;250;250;252m      [48;2;249;249;251m[38;2;249;249;251m  [48;2;102;100;103m[38;2;223;222;224m▊[48;2;3;2;4m[38;2;22;21;23m▎[48;2;1;1;1m[38;2;1;1;1m  [48;2;1;1;3m[38;2;1;1;3m  [48;2;1;1;1m[38;2;1;1;1m        [0m
[48;2;1;1;1m[38;2;1;1;1m            [48;2;1;1;3m[38;2;1;1;3m  [48;2;3;1;6m[38;2;3;1;6m  [48;2;2;0;3m[38;2;2;0;3m  [48;2;1;1;1m[38;2;1;1;1m  [48;2;3;1;6m[38;2;3;1;6m    [48;2;1;1;1m[38;2;1;1;1m        [48;2;1;1;3m[38;2;1;1;3m    [48;2;2;1;3m[38;2;11;9;12m│[48;2;100;98;101m[38;2;9;8;10m▊[48;2;255;254;255m[38;2;237;235;238m▌[48;2;253;251;253m[38;2;245;243;246m┃[48;2;250;250;252m[38;2;250;250;252m    [48;2;246;244;247m[38;2;246;244;247m▄[48;2;136;134;137m[38;2;249;247;250m▊[48;2;1;1;3m[38;2;1;1;3m  [48;2;1;1;1m[38;2;1;1;1m            [0m
[48;2;1;1;1m[38;2;1;1;1m              [48;2;2;0;3m[38;2;2;0;3m  [48;2;1;1;3m[38;2;1;1;3m    [48;2;3;1;6m[38;2;3;1;6m  [48;2;3;1;4m[38;2;3;1;4m  [48;2;1;1;3m[38;2;1;1;3m  [48;2;1;1;1m[38;2;1;1;1m    [48;2;1;1;3m[38;2;1;1;3m      [48;2;3;1;4m[38;2;10;8;11m▚[48;2;6;4;7m[38;2;1;0;2m▌[48;2;231;227;231m[38;2;82;77;81m▅[48;2;236;232;235m[38;2;115;110;114m▁[48;2;250;250;252m[38;2;250;250;252m    [48;2;188;186;189m[38;2;244;242;244m▊[48;2;194;193;195m[38;2;25;24;26m▅[48;2;1;1;1m[38;2;1;1;1m              [0m
[48;2;1;1;1m[38;2;1;1;1m                [48;2;3;1;4m[38;2;3;1;4m  [48;2;3;1;6m[38;2;3;1;6m  [48;2;2;0;3m[38;2;2;0;3m  [48;2;3;1;6m[38;2;3;1;6m  [48;2;2;0;3m[38;2;2;0;3m  [48;2;1;1;1m[38;2;1;1;1m    [48;2;3;1;6m[38;2;3;1;6m  [48;2;1;1;3m[38;2;1;1;3m    [48;2;1;0;2m[38;2;2;0;3m▄[48;2;48;46;49m[38;2;219;218;220m▅[48;2;236;231;235m[38;2;0;0;0m [48;2;53;48;52m[38;2;215;210;214m▅[48;2;226;220;224m[38;2;97;91;95m▅[48;2;234;229;232m[38;2;87;81;85m▁[48;2;242;239;240m[38;2;78;74;75m▁▁[48;2;130;125;129m[38;2;212;207;211m▊[48;2;23;18;22m[38;2;136;131;135m▁[48;2;1;1;1m[38;2;1;1;1m              [0m
[48;2;1;1;1m[38;2;1;1;1m                    [48;2;0;0;0m[38;2;0;0;0m  [48;2;1;1;3m[38;2;1;1;3m  [48;2;1;1;1m[38;2;1;1;1m    [48;2;2;0;3m[38;2;2;0;3m  [48;2;1;1;3m[38;2;1;1;3m    [48;2;10;8;11m[38;2;3;1;4m▚[48;2;6;4;7m[38;2;1;0;2m▌[48;2;48;46;49m[38;2;226;224;227m▅[48;2;241;239;242m[38;2;0;0;0m [48;2;250;250;252m[38;2;250;250;252m  [48;2;235;233;236m[38;2;0;0;0m [48;2;35;34;36m[38;2;236;234;236m▅[48;2;24;20;23m[38;2;210;206;210m▅[48;2;20;16;19m[38;2;161;156;160m▁[48;2;143;138;142m[38;2;17;13;16m▊[48;2;232;228;232m[38;2;0;0;0m [48;2;72;70;73m[38;2;216;214;216m┓[48;2;9;8;10m[38;2;0;0;0m [48;2;1;1;1m[38;2;1;1;1m            [0m
[48;2;1;1;1m[38;2;1;1;1m                        [48;2;1;1;3m[38;2;1;1;3m  [48;2;3;1;6m[38;2;3;1;6m  [48;2;2;0;3m[38;2;2;0;3m  [48;2;1;1;3m[38;2;1;1;3m  [48;2;1;1;1m[38;2;1;1;1m  [48;2;1;0;2m[38;2;13;11;14m│[48;2;78;76;79m[38;2;7;6;8m▊[48;2;255;254;255m[38;2;237;235;238m▌[48;2;253;251;253m[38;2;245;243;246m┃[48;2;250;250;252m[38;2;250;250;252m    [48;2;255;254;255m[38;2;253;251;254m▌[48;2;164;162;165m[38;2;240;238;241m▊[48;2;130;125;129m[38;2;47;42;46m▊[48;2;236;233;236m[38;2;107;102;106m▁[48;2;134;129;133m[38;2;239;235;238m▊[48;2;22;17;21m[38;2;137;132;136m▁[48;2;1;1;1m[38;2;1;1;1m            [0m
[48;2;1;1;1m[38;2;1;1;1m                    [48;2;2;0;3m[38;2;2;0;3m  [48;2;1;1;1m[38;2;1;1;1m  [48;2;3;1;6m[38;2;3;1;6m    [48;2;1;1;3m[38;2;1;1;3m    [48;2;1;1;1m[38;2;1;1;1m  [48;2;1;0;2m[38;2;2;0;3m▝[48;2;23;21;24m[38;2;5;3;6m▅[48;2;208;206;209m[38;2;39;37;40m▅[48;2;245;244;246m[38;2;223;221;224m▎[48;2;250;250;252m[38;2;250;250;252m      [48;2;237;235;238m[38;2;0;0;0m [48;2;68;66;69m[38;2;233;231;233m▅[48;2;250;248;250m[38;2;250;248;250m▄[48;2;84;82;85m[38;2;247;245;248m▊[48;2;2;0;5m[38;2;2;0;5m  [48;2;1;1;1m[38;2;1;1;1m          [0m
[48;2;1;1;1m[38;2;1;1;1m                  [48;2;1;1;3m[38;2;1;1;3m  [48;2;2;0;3m[38;2;2;0;3m  [48;2;1;1;3m[38;2;1;1;3m  [48;2;3;1;6m[38;2;3;1;6m    [48;2;2;0;3m[38;2;2;0;3m  [48;2;1;1;3m[38;2;1;1;3m  [48;2;1;1;1m[38;2;1;1;1m    [48;2;13;12;14m[38;2;0;0;0m [48;2;206;205;207m[38;2;42;40;43m▅[48;2;244;242;245m[38;2;240;238;241m▌[48;2;255;253;255m[38;2;251;249;252m▌[48;2;250;250;252m[38;2;250;250;252m      [48;2;244;244;246m[38;2;0;0;0m [48;2;235;235;237m [48;2;78;73;77m[38;2;226;222;225m┓[48;2;3;0;2m[38;2;5;0;4m▄[48;2;1;1;1m[38;2;1;1;1m          [0m
[48;2;1;1;1m[38;2;1;1;1m                  [48;2;2;0;3m[38;2;2;0;3m    [48;2;3;1;6m[38;2;3;1;6m      [48;2;1;1;3m[38;2;1;1;3m  [48;2;1;1;1m[38;2;1;1;1m      [48;2;45;43;46m[38;2;8;6;9m▊[48;2;51;49;52m[38;2;232;230;233m▅[48;2;248;248;250m[38;2;248;248;250m  [48;2;250;250;252m[38;2;250;250;252m        [48;2;87;85;88m[38;2;239;237;240m▊[48;2;1;0;2m[38;2;10;8;11m│[48;2;1;1;1m[38;2;1;1;1m          [0m
[48;2;4;2;10m[38;2;23;2;126m▂▂▂▂▂▂▂▂▂▂▂▂▂▂▂▂▂▂[48;2;5;3;12m[38;2;24;2;129m▂▂[48;2;4;2;10m[38;2;23;2;126m▂▂[48;2;5;3;12m[38;2;24;2;129m▂▂▂▂▂▂[48;2;5;3;11m[38;2;24;3;127m▂▂[48;2;4;2;10m[38;2;23;2;126m▂▂▂▂[48;2;4;2;9m[38;2;33;11;136m▂▂[48;2;26;24;27m[38;2;183;181;184m▂[48;2;246;244;246m[38;2;215;213;216m▎[48;2;250;250;252m[38;2;250;250;252m        [48;2;252;251;254m[38;2;244;243;248m▝[48;2;245;244;248m[38;2;217;216;221m▗[48;2;88;79;116m[38;2;196;188;223m▊[48;2;12;6;24m[38;2;37;14;178m▁[48;2;4;2;10m[38;2;23;2;126m▂▂▂▂▂▂▂▂▂▂[0m
[48;2;38;3;183m[38;2;38;3;183m                                  [48;2;38;3;181m[38;2;40;5;192m▊[48;2;61;30;187m[38;2;30;0;163m▌[48;2;250;250;251m[38;2;232;232;234m▌[48;2;250;250;252m[38;2;255;255;255m▌[38;2;250;250;252m        [48;2;240;238;242m[38;2;0;0;0m [48;2;208;204;226m[38;2;63;43;182m▂[48;2;38;3;185m[38;2;38;3;185m  [48;2;38;3;183m[38;2;38;3;183m          [0m
[48;2;38;3;183m[38;2;38;3;183m                                  [48;2;73;46;185m[38;2;39;7;189m▊[48;2;62;39;172m[38;2;228;222;233m▆[48;2;249;249;251m[38;2;249;249;251m  [48;2;250;250;252m[38;2;250;250;252m      [48;2;252;251;254m[38;2;245;244;249m▝[48;2;246;245;249m[38;2;218;217;222m▗[48;2;214;205;233m[38;2;55;31;181m▂[48;2;44;15;178m[38;2;33;4;182m│[48;2;38;3;183m[38;2;38;3;183m            [0m
[48;2;38;3;185m[38;2;38;3;185m                                [48;2;40;5;183m[38;2;40;5;183m  [48;2;79;59;186m[38;2;233;232;234m▆[48;2;242;240;247m[38;2;0;0;0m [48;2;250;250;252m[38;2;250;250;252m        [48;2;238;237;244m[38;2;0;0;0m [48;2;212;208;229m[38;2;46;30;172m▂[48;2;38;3;185m[38;2;38;3;185m              [0m
[48;2;38;3;185m[38;2;38;3;185m                                [48;2;60;34;176m[38;2;33;4;187m▊[48;2;73;49;174m[38;2;228;221;239m▆[48;2;249;249;251m[38;2;249;249;251m  [48;2;248;248;250m[38;2;248;248;250m  [48;2;236;235;237m[38;2;84;66;174m▂[48;2;247;246;248m[38;2;0;0;0m [48;2;250;250;252m[38;2;250;250;252m  [48;2;236;235;240m[38;2;0;0;0m [48;2;221;217;236m[38;2;51;30;174m▂[48;2;183;169;223m[38;2;41;10;186m▆[48;2;42;10;181m[38;2;0;0;0m [48;2;38;3;185m[38;2;38;3;185m              [0m
[48;2;38;3;185m[38;2;38;3;185m                                [48;2;47;13;191m[38;2;38;6;178m▄[48;2;158;105;158m[38;2;25;9;165m━[48;2;232;231;230m[38;2;222;97;137m▂[48;2;247;241;241m[38;2;0;0;0m [48;2;244;242;246m [48;2;212;211;218m[38;2;61;42;163m▂[48;2;66;26;159m[38;2;196;77;119m▂[48;2;227;199;201m[38;2;206;79;110m▆[48;2;239;229;231m[38;2;194;77;114m▂[48;2;232;222;224m[38;2;188;71;108m▂[48;2;171;157;210m[38;2;44;11;188m▆[48;2;43;10;180m[38;2;0;0;0m [48;2;38;3;185m[38;2;38;3;185m                [0m
[48;2;38;3;185m[38;2;38;3;185m                                [48;2;36;6;163m[38;2;23;12;58m▃[48;2;144;55;74m[38;2;17;7;23m▆[48;2;188;68;95m[38;2;29;14;8m▂[48;2;204;109;127m[38;2;17;16;5m▂[48;2;220;194;211m[38;2;207;69;92m▆[48;2;79;39;142m[38;2;208;70;97m▆[48;2;91;38;43m[38;2;191;61;91m▂[48;2;196;70;99m[38;2;61;13;19m▃[48;2;209;71;99m[38;2;84;22;27m▃[48;2;211;73;102m[38;2;191;70;93m▝[48;2;86;37;141m[38;2;204;67;96m▅[48;2;45;14;63m[38;2;194;63;85m▂[48;2;36;15;85m[38;2;160;50;83m▂[48;2;48;9;171m[38;2;23;15;68m▃[48;2;38;3;185m[38;2;38;3;185m              [0m
[48;2;38;3;185m[38;2;38;3;185m                                [48;2;31;20;66m[38;2;32;2;168m▆[48;2;16;8;34m[38;2;36;3;188m▂[48;2;9;4;24m[38;2;40;11;181m▂▂[48;2;148;47;76m[38;2;28;10;82m▆▆[48;2;132;44;70m[38;2;23;7;80m▆[48;2;16;9;27m[38;2;40;12;179m▂[48;2;19;10;28m[38;2;44;13;181m▂[48;2;135;45;72m[38;2;26;7;81m▆[48;2;147;47;73m[38;2;27;9;80m▆▆[48;2;56;21;61m[38;2;47;1;174m▂[48;2;36;20;83m[38;2;39;8;171m▆[48;2;38;3;185m[38;2;38;3;185m              [0m
[48;2;40;2;185m[38;2;40;2;185m                                                            [0m
[48;2;40;2;185m[38;2;40;2;185m                                                            [0m
