[48;2;1;1;1m[38;2;1;1;1m                                                            [0m
[48;2;1;1;1m[38;2;1;1;1m                                                            [0m
[48;2;1;1;1m[38;2;1;1;1m                                                            [0m
[48;2;1;1;1m[38;2;1;1;1m                                                      [48;2;9;8;4m[38;2;102;39;55m▗[48;2;36;12;14m[38;2;199;65;104m▃[48;2;31;13;16m[38;2;179;52;90m▖[48;2;4;1;0m[38;2;0;11;0m▖[48;2;1;1;1m[38;2;1;1;1m  [0m
[48;2;1;1;1m[38;2;1;1;1m                          [48;2;3;1;6m[38;2;3;1;6m  [48;2;1;1;3m[38;2;1;1;3m  [48;2;1;1;1m[38;2;1;1;1m        [38;2;11;11;11m▃▃[48;2;0;0;0m[38;2;5;5;5m▃▃[48;2;2;2;2m[38;2;2;2;2m  [48;2;1;1;1m[38;2;1;1;1m        [48;2;8;2;2m[38;2;0;18;9m▎[48;2;147;50;81m[38;2;26;9;13m▊[48;2;168;57;74m[38;2;218;66;97m▆[48;2;210;76;101m[38;2;105;37;40m▗[48;2;40;17;20m[38;2;195;64;104m▘[48;2;12;3;1m[38;2;1;3;0m┛[48;2;1;1;1m[38;2;1;1;1m  [0m
[48;2;1;1;1m[38;2;1;1;1m                        [48;2;1;1;3m[38;2;1;1;3m  [48;2;3;1;6m[38;2;3;1;6m    [48;2;2;0;3m[38;2;2;0;3m  [48;2;1;1;3m[38;2;1;1;3m  [48;2;2;0;3m[38;2;2;0;3m  [48;2;4;3;3m[38;2;14;12;13m╷[48;2;35;33;34m[38;2;6;4;5m▊[48;2;204;199;203m[38;2;63;59;62m▄[48;2;148;143;147m[38;2;238;234;238m▇[48;2;161;159;162m[38;2;244;242;244m▇▇[48;2;145;141;142m[38;2;233;230;231m▇[48;2;19;15;16m[38;2;192;188;189m▄[48;2;2;2;2m[38;2;2;2;2m  [48;2;1;1;1m[38;2;1;1;1m    [48;2;5;4;8m[38;2;0;0;0m [48;2;32;31;35m [48;2;70;66;69m[38;2;224;219;223m▄[48;2;142;137;141m[38;2;247;243;246m▇[48;2;198;189;192m[38;2;247;240;243m▇[48;2;48;39;42m[38;2;208;199;202m▊[48;2;1;1;1m[38;2;1;1;1m    [0m
[48;2;1;1;1m[38;2;1;1;1m                    [48;2;3;1;6m[38;2;3;1;6m  [48;2;33;16;21m[38;2;152;62;71m▃[48;2;16;8;13m[38;2;189;58;83m▄[48;2;9;4;7m[38;2;48;42;46m▖[48;2;18;12;16m[38;2;4;0;2m▆[48;2;3;1;6m[38;2;3;1;6m    [48;2;1;1;3m[38;2;1;1;3m  [48;2;3;1;4m[38;2;3;1;4m  [48;2;3;1;6m[38;2;3;1;6m  [48;2;1;1;3m[38;2;1;1;3m  [48;2;16;11;8m[38;2;0;0;0m [48;2;192;71;106m[38;2;51;23;27m▄[48;2;232;158;167m[38;2;196;66;94m▇[48;2;212;103;124m[38;2;59;18;18m▄[48;2;243;235;234m[38;2;205;104;134m▄[48;2;161;167;160m[38;2;244;236;235m▊[48;2;6;4;5m[38;2;6;4;5m  [48;2;3;1;4m[38;2;3;1;4m  [48;2;1;0;2m[38;2;15;13;16m▄[48;2;33;31;34m[38;2;0;0;0m [48;2;13;12;14m[38;2;226;225;227m▄[48;2;71;69;72m[38;2;226;224;227m▄[48;2;250;250;252m[38;2;250;250;252m  [48;2;42;40;43m[38;2;220;218;220m▊[48;2;48;46;49m[38;2;6;4;7m▆[48;2;1;1;1m[38;2;1;1;1m    [0m
[48;2;1;1;1m[38;2;1;1;1m                    [48;2;1;1;3m[38;2;1;1;3m  [48;2;53;19;21m[38;2;195;66;96m▝[48;2;192;63;93m[38;2;0;0;0m [48;2;219;184;190m[38;2;205;77;115m▄[48;2;166;146;147m[38;2;238;228;227m▇[48;2;42;41;43m[38;2;233;231;233m▄[48;2;18;17;19m[38;2;223;221;224m▄[48;2;3;0;2m[38;2;10;5;9m▖[48;2;9;4;8m[38;2;31;26;30m▂[48;2;3;1;4m[38;2;3;1;4m  [48;2;1;1;3m[38;2;1;1;3m  [48;2;4;2;3m[38;2;4;2;3m  [48;2;1;0;0m[38;2;6;4;5m▃▃[48;2;71;28;35m[38;2;7;7;8m▊[48;2;221;73;97m[38;2;155;49;69m▎[48;2;214;72;98m[38;2;214;72;98m  [48;2;217;141;153m[38;2;212;67;92m▊[48;2;210;194;207m[38;2;237;241;240m▊[48;2;51;49;52m[38;2;231;229;231m▄[48;2;156;154;157m[38;2;244;243;245m▇[48;2;135;130;134m[38;2;229;225;228m▇[48;2;54;50;53m[38;2;231;227;230m▄[48;2;167;165;168m[38;2;247;245;248m▇▇[48;2;249;249;251m[38;2;249;249;251m  [48;2;216;212;215m[38;2;0;0;0m [48;2;178;173;177m[38;2;25;21;24m▄[48;2;56;56;56m[38;2;6;6;6m▇[48;2;0;0;0m[38;2;13;13;13m⎻[48;2;1;1;1m[38;2;1;1;1m    [0m
[48;2;1;1;1m[38;2;1;1;1m                    [48;2;2;2;4m[38;2;2;2;4m  [48;2;4;2;5m[38;2;4;2;5m  [48;2;28;23;27m[38;2;12;8;11m▇[48;2;194;189;193m[38;2;21;17;20m▄[48;2;228;226;229m[38;2;0;0;0m [48;2;246;244;247m [48;2;255;254;255m[38;2;242;240;243m▄▄[48;2;35;33;36m[38;2;233;231;234m▄[48;2;18;16;19m[38;2;235;233;236m▄[48;2;19;17;20m[38;2;232;230;233m▄▄[48;2;30;28;31m[38;2;233;231;233m▄[48;2;171;169;172m[38;2;240;238;241m▇[48;2;255;254;255m[38;2;242;240;243m▄▄[48;2;172;172;166m[38;2;240;235;233m▇[48;2;215;87;124m[38;2;238;211;215m▄[48;2;223;83;109m[38;2;206;66;92m▎[48;2;226;86;112m[38;2;209;69;95m▊[48;2;203;102;132m[38;2;242;234;233m▄[48;2;249;244;242m[38;2;0;0;0m [48;2;250;250;252m[38;2;250;250;252m    [48;2;255;255;255m[38;2;245;245;247m▌[48;2;219;219;220m[38;2;0;0;0m [48;2;192;187;191m[38;2;23;19;22m▄[48;2;3;0;2m[38;2;10;5;9m▄[48;2;57;55;58m[38;2;7;6;8m▇[48;2;1;0;2m[38;2;14;12;15m⎻[48;2;1;1;1m[38;2;1;1;1m      [0m
[48;2;1;1;1m[38;2;1;1;1m                [48;2;2;0;3m[38;2;2;0;3m  [48;2;3;1;4m[38;2;3;1;4m  [48;2;2;0;3m[38;2;2;0;3m  [48;2;1;1;1m[38;2;1;1;1m  [48;2;1;1;3m[38;2;1;1;3m  [48;2;36;34;37m[38;2;10;8;11m▇[48;2;197;195;197m[38;2;14;13;15m▄[48;2;232;230;232m[38;2;25;23;26m▄[48;2;243;241;243m[38;2;161;159;162m▖[48;2;249;247;249m[38;2;172;170;173m▁▁[38;2;189;187;190m▁▁[48;2;250;250;252m[38;2;250;250;252m    [48;2;255;254;255m[38;2;252;250;253m▖[48;2;246;244;247m[38;2;225;223;226m▝[48;2;202;101;130m[38;2;249;241;241m▄[48;2;246;240;238m[38;2;0;0;0m [48;2;250;250;252m[38;2;250;250;252m    [48;2;249;249;251m[38;2;249;249;251m  [48;2;221;219;221m[38;2;0;0;0m [48;2;177;175;178m[38;2;16;15;17m▄[48;2;3;1;6m[38;2;3;1;6m  [48;2;1;1;3m[38;2;1;1;3m    [48;2;1;1;1m[38;2;1;1;1m    [0m
[48;2;1;1;1m[38;2;1;1;1m            [48;2;1;1;3m[38;2;1;1;3m  [48;2;3;1;6m[38;2;3;1;6m      [48;2;1;1;3m[38;2;1;1;3m  [48;2;1;1;1m[38;2;1;1;1m    [48;2;1;1;3m[38;2;1;1;3m  [48;2;4;2;5m[38;2;4;2;5m  [48;2;13;11;14m[38;2;3;1;4m▅▅[48;2;3;2;4m[38;2;0;0;0m [48;2;25;23;26m[38;2;4;3;5m▄[48;2;211;209;212m[38;2;12;10;13m▄[48;2;232;230;233m[38;2;33;31;34m▄[48;2;248;248;250m[38;2;248;248;250m  [48;2;250;250;252m[38;2;250;250;252m        [48;2;248;246;248m[38;2;229;227;230m▁[48;2;97;95;98m[38;2;232;230;233m▊[48;2;4;2;7m[38;2;4;2;7m  [48;2;3;1;6m[38;2;3;1;6m  [48;2;1;1;1m[38;2;1;1;1m        [0m
[48;2;1;1;1m[38;2;1;1;1m            [48;2;3;1;6m[38;2;3;1;6m      [48;2;3;1;4m[38;2;3;1;4m  [48;2;1;1;3m[38;2;1;1;3m  [48;2;1;1;1m[38;2;1;1;1m    [48;2;3;1;6m[38;2;3;1;6m    [48;2;1;1;3m[38;2;1;1;3m    [48;2;1;0;2m[38;2;2;0;3m▘[48;2;4;3;5m[38;2;40;38;41m▝[48;2;232;230;233m[38;2;49;47;50m▅[48;2;242;240;242m[38;2;0;0;0m [48;2;250;250;252m[38;2;250;250;252m        [48;2;112;110;113m[38;2;240;239;241m▊[48;2;1;0;2m[38;2;26;24;27m▎[48;2;1;1;1m[38;2;1;1;1m  [48;2;1;1;3m[38;2;1;1;3m  [48;2;1;1;1m[38;2;1;1;1m        [0m
[48;2;1;1;1m[38;2;1;1;1m            [48;2;1;1;3m[38;2;1;1;3m  [48;2;3;1;6m[38;2;3;1;6m  [48;2;2;0;3m[38;2;2;0;3m  [48;2;1;1;1m[38;2;1;1;1m  [48;2;3;1;6m[38;2;3;1;6m    [48;2;1;1;1m[38;2;1;1;1m        [48;2;1;1;3m[38;2;1;1;3m    [48;2;1;0;2m[38;2;7;5;8m▄[48;2;228;227;229m[38;2;49;47;50m▅[48;2;247;247;249m[38;2;247;247;249m  [48;2;250;250;252m[38;2;250;250;252m    [48;2;248;248;250m[38;2;248;248;250m  [48;2;98;96;97m[38;2;215;214;215m▊[48;2;4;3;3m[38;2;21;19;20m▎[48;2;1;1;1m[38;2;1;1;1m            [0m
[48;2;1;1;1m[38;2;1;1;1m              [48;2;2;0;3m[38;2;2;0;3m  [48;2;1;1;3m[38;2;1;1;3m    [48;2;3;1;6m[38;2;3;1;6m  [48;2;3;1;4m[38;2;3;1;4m  [48;2;1;1;3m[38;2;1;1;3m  [48;2;1;1;1m[38;2;1;1;1m    [48;2;1;1;3m[38;2;1;1;3m      [48;2;3;1;4m[38;2;10;8;11m▚[48;2;6;4;7m[38;2;1;0;2m▌[48;2;231;227;231m[38;2;82;77;81m▅[48;2;236;232;235m[38;2;115;110;114m▁[48;2;250;250;252m[38;2;250;250;252m    [48;2;244;242;244m[38;2;0;0;0m [48;2;196;194;197m [48;2;1;1;1m[38;2;1;1;1m              [0m
[48;2;1;1;1m[38;2;1;1;1m                [48;2;3;1;4m[38;2;3;1;4m  [48;2;3;1;6m[38;2;3;1;6m  [48;2;2;0;3m[38;2;2;0;3m  [48;2;3;1;6m[38;2;3;1;6m  [48;2;2;0;3m[38;2;2;0;3m  [48;2;1;1;1m[38;2;1;1;1m    [48;2;3;1;6m[38;2;3;1;6m  [48;2;1;1;3m[38;2;1;1;3m    [48;2;6;5;7m[38;2;30;28;31m▁[48;2;37;35;38m[38;2;153;151;154m▁[48;2;232;227;231m[38;2;0;0;0m [48;2;60;55;59m[38;2;215;210;214m▅[48;2;223;218;222m[38;2;79;73;77m▅[48;2;231;226;230m[38;2;86;80;84m▅[48;2;242;239;240m[38;2;78;74;75m▁▁[48;2;130;125;129m[38;2;212;207;211m▊[48;2;23;18;22m[38;2;136;131;135m▁[48;2;1;1;1m[38;2;1;1;1m              [0m
[48;2;1;1;1m[38;2;1;1;1m                    [48;2;0;0;0m[38;2;0;0;0m  [48;2;1;1;3m[38;2;1;1;3m  [48;2;1;1;1m[38;2;1;1;1m    [48;2;2;0;3m[38;2;2;0;3m  [48;2;1;1;3m[38;2;1;1;3m    [48;2;2;2;4m[38;2;2;2;4m  [48;2;37;33;36m[38;2;158;153;157m▁[48;2;247;243;246m[38;2;213;209;212m▎[48;2;250;250;252m[38;2;250;250;252m  [48;2;249;249;250m[38;2;232;232;234m╵[48;2;238;238;239m[38;2;0;0;0m [48;2;29;25;28m[38;2;234;229;233m▅[48;2;26;22;25m[38;2;210;205;209m▅[48;2;137;132;136m[38;2;17;12;16m▊[48;2;150;145;149m[38;2;238;233;237m▊[48;2;1;0;2m[38;2;6;4;7m▃[38;2;8;6;9m━[48;2;1;1;1m[38;2;1;1;1m            [0m
[48;2;1;1;1m[38;2;1;1;1m                        [48;2;1;1;3m[38;2;1;1;3m  [48;2;3;1;6m[38;2;3;1;6m  [48;2;2;0;3m[38;2;2;0;3m  [48;2;1;1;3m[38;2;1;1;3m  [48;2;1;1;1m[38;2;1;1;1m  [48;2;1;0;2m[38;2;12;10;13m│[48;2;77;75;78m[38;2;7;5;8m▊[48;2;255;254;255m[38;2;237;235;238m▌[48;2;253;251;253m[38;2;245;243;246m┃[48;2;250;250;252m[38;2;250;250;252m    [48;2;249;249;250m[38;2;232;232;234m╵[48;2;238;238;239m[38;2;0;0;0m [48;2;61;56;60m[38;2;209;205;208m▅[48;2;226;221;225m[38;2;60;55;59m▅[48;2;111;109;112m[38;2;240;238;240m▊[48;2;1;0;2m[38;2;25;23;26m▎[48;2;1;1;1m[38;2;1;1;1m            [0m
[48;2;1;1;1m[38;2;1;1;1m                    [48;2;2;0;3m[38;2;2;0;3m  [48;2;1;1;1m[38;2;1;1;1m  [48;2;3;1;6m[38;2;3;1;6m    [48;2;1;1;3m[38;2;1;1;3m    [48;2;1;1;1m[38;2;1;1;1m  [48;2;1;0;2m[38;2;13;11;14m│[48;2;78;76;79m[38;2;7;6;8m▊[48;2;255;255;255m[38;2;236;236;238m▌[48;2;252;252;253m[38;2;244;244;246m┃[48;2;250;250;252m[38;2;250;250;252m      [48;2;237;235;238m[38;2;0;0;0m [48;2;68;66;69m[38;2;233;231;233m▅[48;2;111;109;112m[38;2;240;238;240m▊[48;2;1;0;2m[38;2;25;23;26m▎[48;2;2;0;3m[38;2;2;0;3m  [48;2;1;1;1m[38;2;1;1;1m          [0m
[48;2;1;1;1m[38;2;1;1;1m                  [48;2;1;1;3m[38;2;1;1;3m  [48;2;2;0;3m[38;2;2;0;3m  [48;2;1;1;3m[38;2;1;1;3m  [48;2;3;1;6m[38;2;3;1;6m    [48;2;2;0;3m[38;2;2;0;3m  [48;2;1;1;3m[38;2;1;1;3m  [48;2;1;1;1m[38;2;1;1;1m  [48;2;0;0;0m[38;2;5;5;5m▂[48;2;6;6;6m[38;2;19;19;19m▝[48;2;204;202;205m[38;2;33;32;34m▅[48;2;250;248;250m[38;2;223;221;224m▎[48;2;250;250;252m[38;2;250;250;252m        [48;2;111;109;112m[38;2;240;238;240m▊[48;2;1;0;2m[38;2;25;23;26m▎[48;2;3;1;6m[38;2;3;1;6m  [48;2;1;1;1m[38;2;1;1;1m          [0m
[48;2;1;1;1m[38;2;1;1;1m                  [48;2;2;0;3m[38;2;2;0;3m    [48;2;3;1;6m[38;2;3;1;6m      [48;2;1;1;3m[38;2;1;1;3m  [48;2;1;1;1m[38;2;1;1;1m      [48;2;78;76;79m[38;2;7;5;8m▊[48;2;248;246;248m[38;2;201;199;202m▎[48;2;250;250;252m[38;2;250;250;252m        [48;2;111;109;112m[38;2;240;238;240m▊[48;2;1;0;2m[38;2;25;23;26m▎[48;2;3;1;6m[38;2;3;1;6m  [48;2;1;1;1m[38;2;1;1;1m          [0m
[48;2;4;2;10m[38;2;23;2;126m▂▂▂▂▂▂▂▂▂▂▂▂▂▂▂▂▂▂[48;2;5;3;12m[38;2;24;2;129m▂▂[48;2;4;2;10m[38;2;23;2;126m▂▂[48;2;5;3;12m[38;2;24;2;129m▂▂▂▂▂▂[48;2;5;3;11m[38;2;24;3;127m▂▂[48;2;4;2;10m[38;2;23;2;126m▂▂▂▂[48;2;10;8;14m[38;2;21;4;124m▂[48;2;16;14;21m[38;2;42;21;145m▂[48;2;60;58;61m[38;2;239;237;240m▅[48;2;245;244;246m[38;2;0;0;0m [48;2;250;250;252m[38;2;250;250;252m        [48;2;114;109;127m[38;2;237;234;236m▊[48;2;11;9;15m[38;2;30;9;130m▂[48;2;5;3;12m[38;2;24;2;129m▂▂[48;2;4;2;10m[38;2;23;2;126m▂▂▂▂▂▂▂▂▂▂[0m
[48;2;38;3;183m[38;2;38;3;183m                                  [48;2;71;44;184m[38;2;37;7;178m▊[48;2;60;32;183m[38;2;223;215;240m▆[48;2;249;249;251m[38;2;249;249;251m  [48;2;250;250;252m[38;2;250;250;252m      [48;2;249;248;252m[38;2;233;232;238m╷[48;2;174;173;179m[38;2;244;243;247m▊[48;2;204;193;230m[38;2;48;16;180m▆[48;2;36;6;176m[38;2;46;10;205m▝[48;2;38;3;183m[38;2;38;3;183m            [0m
[48;2;38;3;183m[38;2;38;3;183m                                [48;2;39;4;184m[38;2;39;4;184m  [48;2;54;29;177m[38;2;210;205;225m▂[48;2;250;248;247m[38;2;215;207;243m▎[48;2;250;250;252m[38;2;250;250;252m        [48;2;176;168;209m[38;2;246;243;246m▊[48;2;206;200;223m[38;2;43;19;176m▆[48;2;38;3;183m[38;2;38;3;183m              [0m
[48;2;38;3;185m[38;2;38;3;185m                                [48;2;36;6;177m[38;2;55;19;204m│[48;2;51;22;181m[38;2;207;196;230m▂[48;2;249;249;251m[38;2;231;231;233m▌[38;2;255;255;255m▌[48;2;250;250;252m[38;2;250;250;252m      [48;2;255;254;255m[38;2;254;253;255m▌[48;2;176;175;181m[38;2;246;245;250m▊[48;2;183;169;223m[38;2;41;10;186m▆[48;2;38;7;175m[38;2;57;22;201m▖[48;2;38;3;185m[38;2;38;3;185m              [0m
[48;2;38;3;185m[38;2;38;3;185m                              [48;2;39;4;184m[38;2;39;4;184m  [48;2;48;24;173m[38;2;211;206;226m▂[48;2;250;248;249m[38;2;200;193;230m▎[48;2;250;250;252m[38;2;250;250;252m  [48;2;248;248;250m[38;2;248;248;250m  [48;2;236;235;237m[38;2;84;66;174m▂[48;2;247;246;248m[38;2;0;0;0m [48;2;241;241;243m[38;2;251;251;252m▄[48;2;250;250;251m[38;2;240;240;242m▃[48;2;218;213;234m[38;2;47;23;182m▂[48;2;195;190;214m[38;2;42;18;179m▆[48;2;38;3;185m[38;2;38;3;185m                [0m
[48;2;38;3;185m[38;2;38;3;185m                              [48;2;40;5;183m[38;2;40;5;183m  [48;2;235;226;229m[38;2;195;62;87m▂[48;2;242;233;237m[38;2;201;68;93m▂[48;2;236;235;235m[38;2;221;96;136m▂[48;2;248;243;243m[38;2;0;0;0m [48;2;239;236;242m [48;2;222;220;225m[38;2;67;49;166m▂[48;2;82;45;146m[38;2;203;76;101m▆[48;2;232;206;224m[38;2;213;86;107m▆[48;2;222;216;219m[38;2;175;63;106m▂[48;2;179;183;215m[38;2;59;20;186m▆[48;2;38;3;185m[38;2;38;3;185m                  [0m
[48;2;38;3;185m[38;2;38;3;185m                              [48;2;33;2;170m[38;2;43;6;199m▖[48;2;38;6;166m[38;2;28;17;52m▂[48;2;149;59;95m[38;2;25;4;15m▆[48;2;197;74;98m[38;2;40;18;14m▃[48;2;204;71;100m[38;2;34;10;6m▂[48;2;230;207;200m[38;2;203;70;99m▆[48;2;227;197;213m[38;2;217;75;98m▆[48;2;86;43;145m[38;2;212;69;95m▆[48;2;212;76;102m[38;2;209;64;93m▎[48;2;203;63;90m[38;2;59;24;17m▂[48;2;175;71;94m[38;2;220;73;106m▆[48;2;87;20;152m[38;2;198;67;84m▆[48;2;38;13;71m[38;2;186;66;96m▂▂[48;2;36;3;167m[38;2;36;24;62m▂[48;2;36;0;187m[38;2;36;4;163m▖[48;2;38;3;185m[38;2;38;3;185m              [0m
[48;2;38;3;185m[38;2;38;3;185m                              [48;2;37;2;182m[38;2;37;5;163m▝[48;2;37;22;78m[38;2;37;2;183m▆[48;2;8;6;12m[38;2;31;5;151m▃▃[48;2;18;9;28m[38;2;43;12;180m▂[48;2;134;44;71m[38;2;25;7;80m▆[48;2;160;41;74m[38;2;25;10;81m▆▆[48;2;51;19;44m[38;2;49;1;173m▂[48;2;14;10;15m[38;2;38;13;155m▃[48;2;167;48;81m[38;2;24;10;81m▆▆[48;2;145;46;79m[38;2;26;9;84m▆▆[48;2;37;16;107m[38;2;37;3;176m▆[48;2;37;2;182m[38;2;37;4;170m▘[48;2;38;3;185m[38;2;38;3;185m              [0m
[48;2;40;2;185m[38;2;40;2;185m                                                            [0m
[48;2;40;2;185m[38;2;40;2;185m                                                            [0m
