[48;2;1;1;1m[38;2;1;1;1m                                                            [0m
[48;2;1;1;1m[38;2;1;1;1m                                                            [0m
[48;2;1;1;1m[38;2;1;1;1m                                                            [0m
[48;2;1;1;1m[38;2;1;1;1m                                                      [48;2;1;1;3m[38;2;1;1;3m  [48;2;1;1;1m[38;2;1;1;1m    [0m
[48;2;1;1;1m[38;2;1;1;1m                          [48;2;3;1;6m[38;2;3;1;6m  [48;2;1;1;3m[38;2;1;1;3m  [48;2;1;1;1m[38;2;1;1;1m        [38;2;11;11;11m▃▃[48;2;0;0;0m[38;2;5;5;5m▃▃[48;2;2;2;2m[38;2;2;2;2m  [48;2;1;1;1m[38;2;1;1;1m        [48;2;3;1;4m[38;2;3;1;4m  [48;2;11;7;4m[38;2;102;39;56m▗[48;2;31;13;15m[38;2;203;62;105m▃[48;2;26;10;13m[38;2;212;71;96m▃[48;2;25;11;10m[38;2;183;66;86m▖[48;2;1;1;1m[38;2;1;1;1m  [0m
[48;2;1;1;1m[38;2;1;1;1m                        [48;2;1;1;3m[38;2;1;1;3m  [48;2;3;1;6m[38;2;3;1;6m    [48;2;2;0;3m[38;2;2;0;3m  [48;2;1;1;3m[38;2;1;1;3m  [48;2;2;0;3m[38;2;2;0;3m  [48;2;4;3;3m[38;2;14;12;13m╷[48;2;35;33;34m[38;2;6;4;5m▊[48;2;204;199;203m[38;2;63;59;62m▄[48;2;148;143;147m[38;2;238;234;238m▇[48;2;161;159;162m[38;2;244;242;244m▇▇[48;2;145;141;142m[38;2;233;230;231m▇[48;2;19;15;16m[38;2;192;188;189m▄[48;2;2;2;2m[38;2;2;2;2m  [48;2;1;1;1m[38;2;1;1;1m    [48;2;3;0;2m[38;2;7;2;6m▂[48;2;36;32;35m[38;2;0;0;0m [48;2;15;17;16m[38;2;212;215;214m▄[48;2;69;47;54m[38;2;248;231;239m▃[48;2;208;88;111m[38;2;240;222;212m▖[48;2;209;76;103m[38;2;107;25;34m▗[48;2;46;18;23m[38;2;202;70;110m▘[48;2;10;4;3m[38;2;10;7;3m▄[48;2;1;1;1m[38;2;1;1;1m  [0m
[48;2;1;1;1m[38;2;1;1;1m                    [48;2;3;1;6m[38;2;3;1;6m  [48;2;5;2;1m[38;2;0;0;0m [48;2;43;15;22m[38;2;189;75;112m▗[48;2;16;10;7m[38;2;183;64;100m▄[48;2;6;3;2m[38;2;78;31;43m▖[48;2;3;1;6m[38;2;3;1;6m    [48;2;1;1;3m[38;2;1;1;3m  [48;2;3;1;4m[38;2;3;1;4m  [48;2;3;1;6m[38;2;3;1;6m  [48;2;1;1;3m[38;2;1;1;3m  [48;2;16;11;8m[38;2;0;0;0m [48;2;192;71;106m[38;2;51;23;27m▄[48;2;232;158;167m[38;2;196;66;94m▇[48;2;212;103;124m[38;2;59;18;18m▄[48;2;243;235;234m[38;2;205;104;134m▄[48;2;161;167;160m[38;2;244;236;235m▊[48;2;7;5;6m[38;2;7;5;6m  [48;2;9;7;10m[38;2;0;0;0m [48;2;26;25;27m [48;2;11;10;10m[38;2;220;218;219m▄[48;2;62;60;61m[38;2;230;228;229m▄[48;2;255;254;255m[38;2;242;240;243m▄▄[48;2;251;249;251m[38;2;242;240;242m▄[48;2;216;214;217m[38;2;0;0;0m [48;2;175;171;172m[38;2;28;24;25m▄[48;2;40;36;37m[38;2;9;6;6m▇[48;2;1;1;1m[38;2;1;1;1m    [0m
[48;2;1;1;1m[38;2;1;1;1m                    [48;2;1;1;3m[38;2;1;1;3m  [48;2;8;3;2m[38;2;0;0;0m [48;2;45;18;24m[38;2;204;72;115m▝[48;2;214;73;99m[38;2;174;54;73m▖[48;2;210;69;95m[38;2;186;65;84m▝[48;2;44;23;29m[38;2;225;204;212m▄[48;2;15;16;15m[38;2;225;227;226m▄[48;2;3;0;2m[38;2;10;5;9m▖[48;2;9;4;8m[38;2;31;26;30m▂[48;2;4;2;5m[38;2;4;2;5m  [48;2;1;1;3m[38;2;1;1;3m  [48;2;4;2;3m[38;2;4;2;3m  [48;2;1;0;0m[38;2;6;4;5m▃▃[48;2;71;28;35m[38;2;7;7;8m▊[48;2;221;73;97m[38;2;155;49;69m▎[48;2;214;72;98m[38;2;214;72;98m  [48;2;217;141;153m[38;2;212;67;92m▊[48;2;210;194;207m[38;2;237;241;240m▊[48;2;51;49;52m[38;2;231;229;231m▄[48;2;156;154;157m[38;2;244;243;245m▇[48;2;156;156;158m[38;2;247;247;249m▇▇[48;2;250;250;252m[38;2;250;250;252m  [48;2;242;240;243m[38;2;248;246;249m▊[48;2;219;217;220m[38;2;0;0;0m [48;2;185;181;184m[38;2;23;19;22m▄[48;2;80;75;79m[38;2;9;5;8m▇[48;2;1;1;1m[38;2;1;1;1m      [0m
[48;2;1;1;1m[38;2;1;1;1m                    [48;2;2;2;4m[38;2;2;2;4m  [48;2;3;1;4m[38;2;3;1;4m  [48;2;11;6;9m[38;2;14;9;12m▄[48;2;191;185;189m[38;2;23;18;21m▄[48;2;224;223;225m[38;2;0;0;0m [48;2;246;244;246m[38;2;203;201;204m▁[48;2;255;254;255m[38;2;243;241;244m▄▄[48;2;173;171;174m[38;2;241;240;242m▇[48;2;37;35;38m[38;2;233;231;234m▄[48;2;19;17;20m[38;2;232;230;233m▄▄[48;2;30;28;31m[38;2;233;231;233m▄[48;2;171;169;172m[38;2;240;238;241m▇[48;2;255;254;255m[38;2;242;240;243m▄▄[48;2;172;172;166m[38;2;240;235;233m▇[48;2;215;87;124m[38;2;238;211;215m▄[48;2;223;83;109m[38;2;206;66;92m▎[48;2;226;86;112m[38;2;209;69;95m▊[48;2;203;102;132m[38;2;242;234;233m▄[48;2;249;244;242m[38;2;0;0;0m [48;2;250;250;252m[38;2;250;250;252m    [48;2;225;223;225m[38;2;0;0;0m [48;2;232;230;233m[38;2;28;26;29m▄[48;2;190;189;191m[38;2;17;15;18m▄[48;2;38;36;39m[38;2;8;7;9m▇[48;2;2;0;3m[38;2;2;0;3m  [48;2;1;1;1m[38;2;1;1;1m      [0m
[48;2;1;1;1m[38;2;1;1;1m                [48;2;2;0;3m[38;2;2;0;3m  [48;2;3;1;4m[38;2;3;1;4m  [48;2;2;0;3m[38;2;2;0;3m  [48;2;1;1;1m[38;2;1;1;1m  [48;2;1;1;3m[38;2;1;1;3m  [48;2;45;43;48m[38;2;4;3;7m▇▇[48;2;205;204;206m[38;2;15;13;16m▄[48;2;229;227;230m[38;2;25;23;26m▄[48;2;239;237;240m[38;2;156;154;157m▁[48;2;244;242;245m[38;2;178;176;179m▁[48;2;249;247;249m[38;2;189;187;190m▁▁[48;2;250;250;252m[38;2;250;250;252m    [48;2;255;254;255m[38;2;252;250;253m▖[48;2;246;244;247m[38;2;225;223;226m▝[48;2;202;101;130m[38;2;249;241;241m▄[48;2;246;240;238m[38;2;0;0;0m [48;2;250;250;252m[38;2;250;250;252m    [48;2;250;250;251m[38;2;228;228;230m╵[48;2;226;226;228m[38;2;0;0;0m [48;2;181;180;184m[38;2;20;18;23m▄[48;2;4;2;7m[38;2;12;10;15m╵[48;2;3;1;6m[38;2;3;1;6m  [48;2;1;1;3m[38;2;1;1;3m    [48;2;1;1;1m[38;2;1;1;1m    [0m
[48;2;1;1;1m[38;2;1;1;1m            [48;2;1;1;3m[38;2;1;1;3m  [48;2;3;1;6m[38;2;3;1;6m      [48;2;1;1;3m[38;2;1;1;3m  [48;2;1;1;1m[38;2;1;1;1m    [48;2;1;1;3m[38;2;1;1;3m  [48;2;2;0;3m[38;2;2;0;3m  [48;2;13;11;14m[38;2;3;1;4m▅▅[48;2;3;2;4m[38;2;0;0;0m [48;2;25;23;26m[38;2;4;3;5m▄[48;2;211;209;212m[38;2;12;10;13m▄[48;2;232;230;233m[38;2;33;31;34m▄[48;2;248;248;250m[38;2;248;248;250m  [48;2;250;250;252m[38;2;250;250;252m        [48;2;226;224;227m[38;2;0;0;0m [48;2;182;180;183m[38;2;20;18;21m▄[48;2;3;1;6m[38;2;3;1;6m    [48;2;1;1;1m[38;2;1;1;1m        [0m
[48;2;1;1;1m[38;2;1;1;1m            [48;2;3;1;6m[38;2;3;1;6m      [48;2;3;1;4m[38;2;3;1;4m  [48;2;1;1;3m[38;2;1;1;3m  [48;2;1;1;1m[38;2;1;1;1m    [48;2;3;1;6m[38;2;3;1;6m    [48;2;1;1;3m[38;2;1;1;3m    [48;2;1;0;2m[38;2;2;0;3m▘[48;2;4;3;5m[38;2;40;38;41m▝[48;2;232;230;233m[38;2;49;47;50m▅[48;2;242;240;242m[38;2;0;0;0m [48;2;250;250;252m[38;2;250;250;252m        [48;2;111;109;112m[38;2;240;238;240m▊[48;2;1;0;2m[38;2;25;23;26m▎[48;2;1;1;3m[38;2;1;1;3m    [48;2;1;1;1m[38;2;1;1;1m        [0m
[48;2;1;1;1m[38;2;1;1;1m            [48;2;1;1;3m[38;2;1;1;3m  [48;2;3;1;6m[38;2;3;1;6m  [48;2;2;0;3m[38;2;2;0;3m  [48;2;1;1;1m[38;2;1;1;1m  [48;2;3;1;6m[38;2;3;1;6m    [48;2;1;1;1m[38;2;1;1;1m        [48;2;1;1;3m[38;2;1;1;3m    [48;2;1;0;2m[38;2;7;5;8m▄[48;2;228;227;229m[38;2;49;47;50m▅[48;2;247;247;249m[38;2;247;247;249m  [48;2;250;250;252m[38;2;250;250;252m    [48;2;248;248;250m[38;2;248;248;250m  [48;2;98;96;97m[38;2;215;214;215m▊[48;2;4;3;3m[38;2;21;19;20m▎[48;2;1;1;1m[38;2;1;1;1m            [0m
[48;2;1;1;1m[38;2;1;1;1m              [48;2;2;0;3m[38;2;2;0;3m  [48;2;1;1;3m[38;2;1;1;3m    [48;2;3;1;6m[38;2;3;1;6m  [48;2;3;1;4m[38;2;3;1;4m  [48;2;1;1;3m[38;2;1;1;3m  [48;2;1;1;1m[38;2;1;1;1m    [48;2;1;1;3m[38;2;1;1;3m      [48;2;3;1;4m[38;2;10;8;11m▚[48;2;6;4;7m[38;2;1;0;2m▌[48;2;231;227;231m[38;2;82;77;81m▅[48;2;236;232;235m[38;2;115;110;114m▁[48;2;250;250;252m[38;2;250;250;252m    [48;2;244;242;244m[38;2;0;0;0m [48;2;196;194;197m [48;2;1;1;1m[38;2;1;1;1m              [0m
[48;2;1;1;1m[38;2;1;1;1m                [48;2;3;1;4m[38;2;3;1;4m  [48;2;3;1;6m[38;2;3;1;6m  [48;2;2;0;3m[38;2;2;0;3m  [48;2;3;1;6m[38;2;3;1;6m  [48;2;2;0;3m[38;2;2;0;3m  [48;2;1;1;1m[38;2;1;1;1m    [48;2;3;1;6m[38;2;3;1;6m  [48;2;1;1;3m[38;2;1;1;3m    [48;2;6;5;7m[38;2;30;28;31m▁[48;2;37;35;38m[38;2;153;151;154m▁[48;2;232;227;231m[38;2;0;0;0m [48;2;60;55;59m[38;2;215;210;214m▅[48;2;223;218;222m[38;2;79;73;77m▅[48;2;231;226;230m[38;2;86;80;84m▅[48;2;242;239;240m[38;2;78;74;75m▁▁[48;2;130;125;129m[38;2;212;207;211m▊[48;2;23;18;22m[38;2;136;131;135m▁[48;2;1;1;1m[38;2;1;1;1m              [0m
[48;2;1;1;1m[38;2;1;1;1m                    [48;2;0;0;0m[38;2;0;0;0m  [48;2;1;1;3m[38;2;1;1;3m  [48;2;1;1;1m[38;2;1;1;1m    [48;2;2;0;3m[38;2;2;0;3m  [48;2;1;1;3m[38;2;1;1;3m    [48;2;2;2;4m[38;2;2;2;4m  [48;2;37;33;36m[38;2;158;153;157m▁[48;2;247;243;246m[38;2;213;209;212m▎[48;2;250;250;252m[38;2;250;250;252m  [48;2;249;249;250m[38;2;232;232;234m╵[48;2;238;238;239m[38;2;0;0;0m [48;2;28;24;27m[38;2;237;232;236m▅[48;2;27;22;26m[38;2;208;204;207m▅[48;2;140;134;138m[38;2;42;36;40m▊[48;2;111;105;109m[38;2;213;208;212m▊[48;2;2;0;3m[38;2;2;0;3m  [48;2;1;1;1m[38;2;1;1;1m            [0m
[48;2;1;1;1m[38;2;1;1;1m                        [48;2;1;1;3m[38;2;1;1;3m  [48;2;3;1;6m[38;2;3;1;6m  [48;2;2;0;3m[38;2;2;0;3m  [48;2;1;1;3m[38;2;1;1;3m  [48;2;1;1;1m[38;2;1;1;1m  [48;2;1;0;2m[38;2;12;10;13m│[48;2;77;75;78m[38;2;7;5;8m▊[48;2;255;254;255m[38;2;237;235;238m▌[48;2;253;251;253m[38;2;245;243;246m┃[48;2;250;250;252m[38;2;250;250;252m      [48;2;234;232;234m[38;2;0;0;0m [48;2;33;31;34m[38;2;239;238;240m▅[48;2;76;72;75m[38;2;221;217;221m┓[48;2;13;8;12m[38;2;0;0;0m [48;2;1;1;1m[38;2;1;1;1m            [0m
[48;2;1;1;1m[38;2;1;1;1m                    [48;2;2;0;3m[38;2;2;0;3m  [48;2;1;1;1m[38;2;1;1;1m  [48;2;3;1;6m[38;2;3;1;6m    [48;2;1;1;3m[38;2;1;1;3m    [48;2;1;1;1m[38;2;1;1;1m  [48;2;1;0;2m[38;2;13;11;14m│[48;2;78;76;79m[38;2;7;6;8m▊[48;2;255;255;255m[38;2;236;236;238m▌[48;2;252;252;253m[38;2;244;244;246m┃[48;2;250;250;252m[38;2;250;250;252m        [48;2;111;109;112m[38;2;240;238;240m▊[48;2;1;0;2m[38;2;25;23;26m▎[48;2;2;0;3m[38;2;2;0;3m  [48;2;1;1;1m[38;2;1;1;1m          [0m
[48;2;1;1;1m[38;2;1;1;1m                  [48;2;1;1;3m[38;2;1;1;3m  [48;2;2;0;3m[38;2;2;0;3m  [48;2;1;1;3m[38;2;1;1;3m  [48;2;3;1;6m[38;2;3;1;6m    [48;2;2;0;3m[38;2;2;0;3m  [48;2;1;1;3m[38;2;1;1;3m  [48;2;1;1;1m[38;2;1;1;1m  [48;2;1;0;0m[38;2;12;10;11m│[48;2;77;75;76m[38;2;7;5;6m▊[48;2;255;255;255m[38;2;237;237;239m▌[48;2;253;253;254m[38;2;245;245;247m┃[48;2;250;250;252m[38;2;250;250;252m        [48;2;111;109;112m[38;2;240;238;240m▊[48;2;1;0;2m[38;2;25;23;26m▎[48;2;3;1;6m[38;2;3;1;6m  [48;2;1;1;1m[38;2;1;1;1m          [0m
[48;2;1;1;1m[38;2;1;1;1m                  [48;2;2;0;3m[38;2;2;0;3m    [48;2;3;1;6m[38;2;3;1;6m      [48;2;1;1;3m[38;2;1;1;3m  [48;2;1;1;1m[38;2;1;1;1m    [48;2;0;0;0m[38;2;5;5;5m▂[48;2;6;6;6m[38;2;19;19;19m▝[48;2;206;204;207m[38;2;30;29;31m▅[48;2;249;247;250m[38;2;221;219;221m▎[48;2;250;250;252m[38;2;250;250;252m        [48;2;111;109;112m[38;2;240;238;240m▊[48;2;1;0;2m[38;2;25;23;26m▎[48;2;3;1;6m[38;2;3;1;6m  [48;2;1;1;1m[38;2;1;1;1m          [0m
[48;2;4;2;10m[38;2;23;2;126m▂▂▂▂▂▂▂▂▂▂▂▂▂▂▂▂▂▂[48;2;5;3;12m[38;2;24;2;129m▂▂[48;2;4;2;10m[38;2;23;2;126m▂▂[48;2;5;3;12m[38;2;24;2;129m▂▂▂▂▂▂[48;2;5;3;11m[38;2;24;3;127m▂▂[48;2;4;2;10m[38;2;23;2;126m▂▂▂▂[48;2;10;8;13m[38;2;21;4;122m▂[48;2;16;14;19m[38;2;42;21;143m▂[48;2;60;58;61m[38;2;239;237;240m▅[48;2;245;244;246m[38;2;0;0;0m [48;2;250;250;252m[38;2;250;250;252m      [48;2;241;241;243m[38;2;251;251;252m▄[48;2;250;250;251m[38;2;240;240;242m▃[48;2;92;86;120m[38;2;201;191;227m▊[48;2;15;9;27m[38;2;45;20;186m▁[48;2;5;3;12m[38;2;24;2;129m▂▂[48;2;4;2;10m[38;2;23;2;126m▂▂▂▂▂▂▂▂▂▂[0m
[48;2;38;3;183m[38;2;38;3;183m                                  [48;2;43;7;197m[38;2;41;10;174m▄[48;2;50;23;176m[38;2;197;183;231m▂[48;2;247;247;249m[38;2;247;247;249m  [48;2;250;250;252m[38;2;250;250;252m      [48;2;242;241;244m[38;2;0;0;0m [48;2;211;207;229m[38;2;66;46;175m▂[48;2;38;3;185m[38;2;38;3;185m  [48;2;38;3;183m[38;2;38;3;183m            [0m
[48;2;38;3;183m[38;2;38;3;183m                                  [48;2;87;66;187m[38;2;37;7;183m▊[48;2;252;251;245m[38;2;203;193;243m▎[48;2;250;250;252m[38;2;250;250;252m      [48;2;241;240;245m[38;2;251;250;253m▄[48;2;250;249;253m[38;2;240;239;244m▃[48;2;209;201;224m[38;2;72;49;176m▂[48;2;37;8;169m[38;2;41;11;194m▆[48;2;38;3;183m[38;2;38;3;183m              [0m
[48;2;38;3;185m[38;2;38;3;185m                                [48;2;41;6;184m[38;2;41;6;184m  [48;2;79;59;186m[38;2;233;232;234m▆[48;2;242;240;247m[38;2;0;0;0m [48;2;250;250;252m[38;2;250;250;252m      [48;2;242;241;245m[38;2;0;0;0m [48;2;212;209;229m[38;2;46;30;170m▂[48;2;38;3;183m[38;2;38;3;183m  [48;2;38;3;185m[38;2;38;3;185m              [0m
[48;2;38;3;185m[38;2;38;3;185m                                [48;2;60;34;176m[38;2;33;4;187m▊[48;2;73;49;174m[38;2;228;221;239m▆[48;2;249;249;251m[38;2;249;249;251m  [48;2;248;248;250m[38;2;248;248;250m  [48;2;236;235;237m[38;2;84;66;174m▂[48;2;247;246;248m[38;2;0;0;0m [48;2;240;239;240m [48;2;224;221;235m[38;2;59;39;179m▂[48;2;177;162;216m[38;2;43;11;188m▆[48;2;43;11;182m[38;2;0;0;0m [48;2;38;3;185m[38;2;38;3;185m                [0m
[48;2;38;3;185m[38;2;38;3;185m                                [48;2;45;13;173m[38;2;47;11;207m▎[48;2;223;216;225m[38;2;202;72;122m▂[48;2;237;235;235m[38;2;218;93;133m▂[48;2;248;244;244m[38;2;0;0;0m [48;2;239;236;242m [48;2;222;220;225m[38;2;67;49;166m▂[48;2;90;51;154m[38;2;200;73;98m▆[48;2;238;213;229m[38;2;210;83;105m▆[48;2;213;209;219m[38;2;202;73;126m▂[48;2;36;6;180m[38;2;82;47;174m▎[48;2;38;3;185m[38;2;38;3;185m                  [0m
[48;2;38;3;185m[38;2;38;3;185m                              [48;2;33;2;172m[38;2;43;5;201m▖[48;2;38;6;168m[38;2;28;16;53m▂[48;2;54;14;143m[38;2;6;6;22m▆[48;2;130;59;67m[38;2;15;5;10m▆[48;2;210;73;106m[38;2;47;22;18m▃[48;2;216;201;193m[38;2;136;47;65m▆[48;2;223;193;208m[38;2;210;68;90m▆[48;2;88;44;146m[38;2;217;75;101m▆[48;2;212;76;102m[38;2;209;64;93m▎[48;2;203;63;90m[38;2;59;24;17m▂[48;2;175;71;94m[38;2;220;73;106m▆[48;2;87;20;152m[38;2;198;67;84m▆[48;2;38;13;71m[38;2;186;66;96m▂▂[48;2;36;3;167m[38;2;36;24;62m▂[48;2;36;0;187m[38;2;36;4;163m▖[48;2;38;3;185m[38;2;38;3;185m              [0m
[48;2;38;3;185m[38;2;38;3;185m                              [48;2;37;2;182m[38;2;37;5;163m▝[48;2;37;22;78m[38;2;37;2;183m▆[48;2;8;6;12m[38;2;31;5;151m▃▃[48;2;8;3;24m[38;2;39;10;180m▂▂[48;2;148;47;76m[38;2;28;10;82m▆▆[48;2;51;19;44m[38;2;49;1;173m▂[48;2;14;10;15m[38;2;38;13;155m▃[48;2;167;48;81m[38;2;24;10;81m▆▆[48;2;145;46;79m[38;2;26;9;84m▆▆[48;2;37;16;107m[38;2;37;3;176m▆[48;2;37;2;182m[38;2;37;4;170m▘[48;2;38;3;185m[38;2;38;3;185m              [0m
[48;2;40;2;185m[38;2;40;2;185m                                                            [0m
[48;2;40;2;185m[38;2;40;2;185m                                                            [0m
