[48;2;1;1;1m[38;2;1;1;1m                                                            [0m
[48;2;1;1;1m[38;2;1;1;1m                                                            [0m
[48;2;1;1;1m[38;2;1;1;1m                                                            [0m
[48;2;1;1;1m[38;2;1;1;1m                                                      [48;2;1;1;3m[38;2;1;1;3m  [48;2;1;1;1m[38;2;1;1;1m    [0m
[48;2;1;1;1m[38;2;1;1;1m                          [48;2;3;1;6m[38;2;3;1;6m  [48;2;1;1;3m[38;2;1;1;3m  [48;2;1;1;1m[38;2;1;1;1m        [38;2;11;11;11m▃▃[48;2;0;0;0m[38;2;5;5;5m▃▃[48;2;2;2;2m[38;2;2;2;2m  [48;2;1;1;1m[38;2;1;1;1m        [48;2;3;1;4m[38;2;3;1;4m  [48;2;3;1;6m[38;2;3;1;6m  [48;2;2;0;3m[38;2;2;0;3m  [48;2;1;1;1m[38;2;1;1;1m  [0m
[48;2;1;1;1m[38;2;1;1;1m                        [48;2;1;1;3m[38;2;1;1;3m  [48;2;3;1;6m[38;2;3;1;6m    [48;2;1;1;3m[38;2;1;1;3m    [48;2;2;0;3m[38;2;2;0;3m  [48;2;4;3;3m[38;2;14;12;13m╷[48;2;35;33;34m[38;2;6;4;5m▊[48;2;204;199;203m[38;2;63;59;62m▄[48;2;148;143;147m[38;2;238;234;238m▇[48;2;161;159;162m[38;2;244;242;244m▇▇[48;2;145;141;142m[38;2;233;230;231m▇[48;2;19;15;16m[38;2;192;188;189m▄[48;2;2;2;2m[38;2;2;2;2m  [48;2;1;1;1m[38;2;1;1;1m    [48;2;3;1;6m[38;2;3;1;6m      [48;2;1;1;3m[38;2;1;1;3m  [48;2;1;1;1m[38;2;1;1;1m  [0m
[48;2;1;1;1m[38;2;1;1;1m                    [48;2;3;1;6m[38;2;3;1;6m  [48;2;2;0;3m[38;2;2;0;3m  [48;2;3;1;4m[38;2;3;1;4m  [48;2;3;1;6m[38;2;3;1;6m  [48;2;5;3;8m[38;2;5;3;8m  [48;2;71;36;27m[38;2;192;67;88m▇[48;2;99;39;39m[38;2;219;70;100m▇[48;2;4;0;2m[38;2;38;32;36m▎[38;2;11;5;9m┃[48;2;3;1;6m[38;2;3;1;6m  [48;2;1;1;3m[38;2;1;1;3m  [48;2;16;11;8m[38;2;0;0;0m [48;2;192;71;106m[38;2;51;23;27m▄[48;2;232;158;167m[38;2;196;66;94m▇[48;2;212;103;124m[38;2;59;18;18m▄[48;2;247;239;238m[38;2;211;110;139m▄[48;2;152;158;151m[38;2;241;232;232m▊[48;2;8;6;7m[38;2;13;11;12m▌[48;2;1;0;0m[38;2;3;1;2m▎[48;2;1;1;3m[38;2;1;1;3m  [48;2;3;1;4m[38;2;3;1;4m  [48;2;3;1;6m[38;2;3;1;6m      [48;2;1;1;3m[38;2;1;1;3m  [48;2;1;1;1m[38;2;1;1;1m  [0m
[48;2;1;1;1m[38;2;1;1;1m                    [48;2;1;1;3m[38;2;1;1;3m  [48;2;3;1;6m[38;2;3;1;6m      [48;2;19;17;22m[38;2;7;5;10m▊[48;2;229;228;232m[38;2;137;135;140m▎[48;2;215;90;127m[38;2;241;229;229m▄[48;2;228;204;207m[38;2;237;232;228m▊[48;2;9;8;10m[38;2;68;66;69m▎[48;2;1;0;2m[38;2;9;7;10m│[48;2;4;2;3m[38;2;4;2;3m  [48;2;20;18;21m[38;2;0;0;0m [48;2;15;13;16m[38;2;211;210;212m▄[48;2;30;20;25m[38;2;215;206;211m▄[48;2;208;72;97m[38;2;0;0;0m [48;2;214;72;98m[38;2;214;72;98m  [48;2;217;141;153m[38;2;212;67;92m▊[48;2;229;228;230m[38;2;0;0;0m [48;2;16;14;17m[38;2;228;226;229m▄▄[48;2;15;14;16m[38;2;226;224;226m▄[48;2;13;11;14m[38;2;193;191;194m▄[48;2;4;2;7m[38;2;4;2;7m  [48;2;3;1;6m[38;2;3;1;6m    [48;2;4;2;5m[38;2;4;2;5m  [48;2;2;2;2m[38;2;2;2;2m  [48;2;1;1;1m[38;2;1;1;1m  [0m
[48;2;1;1;1m[38;2;1;1;1m                    [48;2;2;2;4m[38;2;2;2;4m  [48;2;3;1;4m[38;2;3;1;4m  [48;2;3;1;6m[38;2;3;1;6m    [48;2;4;0;3m[38;2;3;0;2m┃[48;2;201;197;201m[38;2;27;23;26m▄[48;2;242;242;243m[38;2;190;190;192m▖[48;2;249;249;251m[38;2;255;255;255m┓[48;2;170;168;171m[38;2;240;238;240m▇[48;2;39;37;40m[38;2;235;234;236m▄[48;2;30;28;31m[38;2;233;231;233m▄[48;2;171;169;172m[38;2;240;238;241m▇[48;2;184;184;186m[38;2;244;244;245m▇[48;2;250;250;251m[38;2;0;0;0m [48;2;243;238;236m [48;2;214;86;124m[38;2;238;212;215m▄[48;2;223;83;109m[38;2;206;66;92m▎[48;2;226;86;112m[38;2;209;69;95m▊[48;2;203;102;132m[38;2;242;234;233m▄[48;2;249;244;242m[38;2;0;0;0m [48;2;250;250;252m[38;2;250;250;252m  [48;2;249;249;251m[38;2;249;249;251m  [48;2;216;215;217m[38;2;0;0;0m [48;2;20;18;21m[38;2;183;181;184m▄[48;2;5;3;8m[38;2;46;44;49m▁▁[48;2;4;8;6m[38;2;28;19;22m▗[48;2;13;3;3m[38;2;96;42;61m▗[48;2;175;57;79m[38;2;25;10;4m▘[48;2;219;71;102m[38;2;206;76;102m▚[48;2;203;71;103m[38;2;77;26;33m▗[48;2;32;13;10m[38;2;162;61;83m▘[48;2;1;1;1m[38;2;1;1;1m  [0m
[48;2;1;1;1m[38;2;1;1;1m                [48;2;2;0;3m[38;2;2;0;3m  [48;2;3;1;4m[38;2;3;1;4m  [48;2;2;0;3m[38;2;2;0;3m  [48;2;1;1;1m[38;2;1;1;1m  [48;2;1;1;3m[38;2;1;1;3m  [48;2;3;1;6m[38;2;3;1;6m    [48;2;41;39;42m[38;2;1;0;2m▇[48;2;211;210;212m[38;2;27;25;28m▄[48;2;240;238;241m[38;2;179;177;180m▁[48;2;250;248;250m[38;2;191;189;192m▁[48;2;249;248;250m[38;2;190;188;191m▁▁[48;2;250;250;252m[38;2;250;250;252m  [48;2;255;254;255m[38;2;252;250;253m▖[48;2;246;244;247m[38;2;225;223;226m▝[48;2;202;101;130m[38;2;249;241;241m▄[48;2;246;240;238m[38;2;0;0;0m [48;2;250;250;252m[38;2;250;250;252m        [48;2;208;206;209m[38;2;249;247;249m▇▇[48;2;238;237;233m[38;2;222;150;170m▝[48;2;213;118;145m[38;2;95;103;94m▗[48;2;197;65;88m[38;2;16;8;11m▄[48;2;33;13;13m[38;2;196;71;92m▘[48;2;2;2;2m[38;2;2;2;2m  [48;2;1;1;1m[38;2;1;1;1m  [0m
[48;2;1;1;1m[38;2;1;1;1m            [48;2;1;1;3m[38;2;1;1;3m  [48;2;3;1;6m[38;2;3;1;6m      [48;2;1;1;3m[38;2;1;1;3m  [48;2;1;1;1m[38;2;1;1;1m    [48;2;1;1;3m[38;2;1;1;3m  [48;2;2;0;3m[38;2;2;0;3m  [48;2;3;1;6m[38;2;3;1;6m  [48;2;13;11;14m[38;2;3;1;4m▅▅[48;2;5;1;4m[38;2;20;15;19m▘[48;2;83;78;82m[38;2;12;7;11m▊[48;2;249;249;251m[38;2;231;231;233m▌[38;2;255;255;255m▌[48;2;250;250;252m[38;2;250;250;252m        [48;2;250;250;251m[38;2;228;228;230m╵[48;2;226;226;228m[38;2;0;0;0m [48;2;225;223;228m[38;2;14;12;17m▄▄[48;2;224;223;228m[38;2;13;12;17m▄▄[48;2;43;41;42m[38;2;223;221;222m▘[48;2;1;0;0m[38;2;5;3;4m▄[48;2;1;1;1m[38;2;1;1;1m      [0m
[48;2;1;1;1m[38;2;1;1;1m            [48;2;3;1;6m[38;2;3;1;6m      [48;2;3;1;4m[38;2;3;1;4m  [48;2;1;1;3m[38;2;1;1;3m  [48;2;1;1;1m[38;2;1;1;1m    [48;2;3;1;6m[38;2;3;1;6m    [48;2;1;1;3m[38;2;1;1;3m    [48;2;2;1;3m[38;2;9;7;10m▚[48;2;5;3;6m[38;2;1;0;2m▌[48;2;208;207;209m[38;2;34;32;35m▄[48;2;240;238;241m[38;2;0;0;0m [48;2;250;250;252m[38;2;250;250;252m        [48;2;243;242;244m[38;2;0;0;0m [48;2;94;92;95m[38;2;229;227;230m▊[48;2;1;1;3m[38;2;1;1;3m    [48;2;1;1;1m[38;2;1;1;1m        [0m
[48;2;1;1;1m[38;2;1;1;1m            [48;2;1;1;3m[38;2;1;1;3m  [48;2;3;1;6m[38;2;3;1;6m  [48;2;2;0;3m[38;2;2;0;3m  [48;2;1;1;1m[38;2;1;1;1m  [48;2;3;1;6m[38;2;3;1;6m    [48;2;1;1;1m[38;2;1;1;1m        [48;2;1;1;3m[38;2;1;1;3m    [48;2;61;59;62m[38;2;7;6;8m▊[48;2;231;230;232m[38;2;123;121;124m▁[48;2;250;250;252m[38;2;250;250;252m        [48;2;111;109;110m[38;2;240;238;239m▊[48;2;1;0;0m[38;2;25;23;24m▎[48;2;1;1;1m[38;2;1;1;1m            [0m
[48;2;1;1;1m[38;2;1;1;1m              [48;2;2;0;3m[38;2;2;0;3m  [48;2;1;1;3m[38;2;1;1;3m    [48;2;3;1;6m[38;2;3;1;6m  [48;2;3;1;4m[38;2;3;1;4m  [48;2;1;1;3m[38;2;1;1;3m  [48;2;1;1;1m[38;2;1;1;1m    [48;2;1;1;3m[38;2;1;1;3m      [48;2;1;0;2m[38;2;13;11;14m│[48;2;78;76;79m[38;2;7;6;8m▊[48;2;237;235;238m[38;2;125;123;126m▁[48;2;246;244;246m[38;2;0;0;0m [48;2;250;250;252m[38;2;250;250;252m    [48;2;248;248;250m[38;2;248;248;250m  [48;2;96;94;95m[38;2;214;212;213m▊[48;2;4;3;3m[38;2;21;19;20m▎[48;2;1;1;1m[38;2;1;1;1m            [0m
[48;2;1;1;1m[38;2;1;1;1m                [48;2;3;1;4m[38;2;3;1;4m  [48;2;3;1;6m[38;2;3;1;6m  [48;2;2;0;3m[38;2;2;0;3m  [48;2;3;1;6m[38;2;3;1;6m  [48;2;2;0;3m[38;2;2;0;3m  [48;2;1;1;1m[38;2;1;1;1m    [48;2;3;1;6m[38;2;3;1;6m  [48;2;1;1;3m[38;2;1;1;3m    [48;2;9;8;10m[38;2;0;0;0m [48;2;24;22;25m[38;2;168;166;169m▁[48;2;45;40;43m[38;2;212;207;210m▅[48;2;226;221;225m[38;2;91;85;89m▅[48;2;240;235;239m[38;2;87;82;86m▁▁[48;2;242;239;240m[38;2;78;74;75m▁▁[48;2;225;220;222m[38;2;103;97;99m▁[48;2;198;192;194m[38;2;71;66;67m▅[48;2;1;0;0m[38;2;9;7;8m▄[48;2;6;4;5m[38;2;0;0;0m [48;2;1;1;1m[38;2;1;1;1m            [0m
[48;2;1;1;1m[38;2;1;1;1m                    [48;2;0;0;0m[38;2;0;0;0m  [48;2;1;1;3m[38;2;1;1;3m  [48;2;1;1;1m[38;2;1;1;1m    [48;2;2;0;3m[38;2;2;0;3m  [48;2;1;1;3m[38;2;1;1;3m      [48;2;79;77;80m[38;2;8;6;9m▊[48;2;248;247;249m[38;2;202;200;203m▎[48;2;250;250;251m[38;2;0;0;0m [48;2;249;249;250m[38;2;211;211;213m▝[48;2;36;31;35m[38;2;201;197;200m▅[48;2;19;14;18m[38;2;0;0;0m [48;2;16;11;15m[38;2;143;138;142m▁[48;2;12;8;11m[38;2;71;66;70m▗[48;2;67;65;68m[38;2;229;227;229m▅[48;2;241;239;241m[38;2;0;0;0m [48;2;95;90;94m[38;2;211;207;210m▊[48;2;3;0;2m[38;2;35;30;34m▎[48;2;1;1;1m[38;2;1;1;1m            [0m
[48;2;1;1;1m[38;2;1;1;1m                        [48;2;1;1;3m[38;2;1;1;3m  [48;2;3;1;6m[38;2;3;1;6m  [48;2;2;0;3m[38;2;2;0;3m  [48;2;1;1;3m[38;2;1;1;3m  [48;2;1;1;1m[38;2;1;1;1m  [48;2;2;2;4m[38;2;2;2;4m  [48;2;35;34;36m[38;2;167;165;168m▁[48;2;246;244;247m[38;2;213;211;213m▎[48;2;250;250;252m[38;2;250;250;252m  [48;2;241;237;240m[38;2;0;0;0m [48;2;61;56;60m[38;2;218;214;217m▅[48;2;199;190;195m[38;2;90;81;86m▅[48;2;63;54;59m[38;2;170;161;166m▅[48;2;218;213;218m[38;2;76;69;76m▅[48;2;196;189;196m[38;2;91;84;91m▅[48;2;35;30;34m[38;2;234;230;234m▅[48;2;26;22;25m[38;2;195;190;194m▅[48;2;1;1;3m[38;2;1;1;3m  [48;2;1;1;1m[38;2;1;1;1m          [0m
[48;2;1;1;1m[38;2;1;1;1m                    [48;2;2;0;3m[38;2;2;0;3m  [48;2;1;1;1m[38;2;1;1;1m  [48;2;3;1;6m[38;2;3;1;6m    [48;2;1;1;3m[38;2;1;1;3m    [48;2;1;1;1m[38;2;1;1;1m  [48;2;1;0;2m[38;2;13;11;14m│[48;2;78;76;79m[38;2;7;6;8m▊[48;2;255;255;255m[38;2;237;237;239m▌[48;2;253;253;254m[38;2;245;245;247m┃[48;2;250;250;252m[38;2;250;250;252m    [48;2;240;238;240m[38;2;0;0;0m [48;2;59;57;60m[38;2;217;215;217m▅[48;2;216;211;214m[38;2;77;71;75m▅[48;2;221;216;220m[38;2;102;96;100m▅[48;2;250;248;250m[38;2;250;248;250m▄[48;2;84;82;85m[38;2;247;245;248m▊[48;2;2;0;5m[38;2;2;0;5m  [48;2;1;1;1m[38;2;1;1;1m          [0m
[48;2;1;1;1m[38;2;1;1;1m                  [48;2;1;1;3m[38;2;1;1;3m  [48;2;2;0;3m[38;2;2;0;3m  [48;2;1;1;3m[38;2;1;1;3m  [48;2;3;1;6m[38;2;3;1;6m    [48;2;2;0;3m[38;2;2;0;3m  [48;2;1;1;3m[38;2;1;1;3m  [48;2;1;1;1m[38;2;1;1;1m  [48;2;1;0;0m[38;2;12;10;11m│[48;2;77;75;76m[38;2;7;5;6m▊[48;2;255;255;255m[38;2;237;237;239m▌[48;2;253;253;254m[38;2;245;245;247m┃[48;2;250;250;252m[38;2;250;250;252m        [48;2;238;236;239m[38;2;0;0;0m [48;2;90;88;91m[38;2;204;202;205m▊[48;2;3;1;6m[38;2;3;1;6m  [48;2;1;1;1m[38;2;1;1;1m          [0m
[48;2;1;1;1m[38;2;1;1;1m                  [48;2;2;0;3m[38;2;2;0;3m    [48;2;3;1;6m[38;2;3;1;6m      [48;2;1;1;3m[38;2;1;1;3m  [48;2;1;1;1m[38;2;1;1;1m    [48;2;1;0;0m[38;2;4;2;3m▂[48;2;65;63;64m[38;2;8;7;7m▊[48;2;226;224;227m[38;2;38;37;39m▁[48;2;246;244;246m[38;2;0;0;0m [48;2;250;250;252m[38;2;250;250;252m        [48;2;111;109;112m[38;2;240;238;240m▊[48;2;1;0;2m[38;2;25;23;26m▎[48;2;3;1;6m[38;2;3;1;6m  [48;2;1;1;1m[38;2;1;1;1m          [0m
[48;2;4;2;10m[38;2;23;2;126m▂▂▂▂▂▂▂▂▂▂▂▂▂▂▂▂▂▂[48;2;5;3;12m[38;2;24;2;129m▂▂[48;2;4;2;10m[38;2;23;2;126m▂▂[48;2;5;3;12m[38;2;24;2;129m▂▂▂▂▂▂[48;2;5;3;11m[38;2;24;3;127m▂▂[48;2;4;2;10m[38;2;23;2;126m▂▂▂▂▂▂[48;2;25;23;35m[38;2;42;26;119m▂[48;2;250;248;250m[38;2;205;201;217m▎[48;2;250;250;252m[38;2;250;250;252m        [48;2;234;232;236m[38;2;0;0;0m [48;2;88;86;91m[38;2;240;239;242m┓[48;2;5;3;12m[38;2;24;2;129m▂▂[48;2;4;2;10m[38;2;23;2;126m▂▂▂▂▂▂▂▂▂▂[0m
[48;2;38;3;183m[38;2;38;3;183m                                    [48;2;88;65;198m[38;2;36;7;182m▊[48;2;235;233;237m[38;2;82;61;182m▂[48;2;249;249;251m[38;2;249;249;251m  [48;2;250;250;252m[38;2;250;250;252m      [48;2;253;253;251m[38;2;238;235;254m│[48;2;124;112;184m[38;2;242;242;240m▊[48;2;37;2;184m[38;2;37;2;184m  [48;2;38;3;183m[38;2;38;3;183m          [0m
[48;2;38;3;183m[38;2;38;3;183m                                    [48;2;47;11;198m[38;2;35;0;187m┃[48;2;82;51;207m[38;2;35;5;168m▊[48;2;249;249;250m[38;2;206;206;208m▎[48;2;241;241;243m[38;2;253;253;254m┃[48;2;250;250;252m[38;2;250;250;252m      [48;2;252;252;251m[38;2;237;234;253m│[48;2;123;111;183m[38;2;241;241;239m▊[48;2;37;2;184m[38;2;37;2;184m  [48;2;38;3;183m[38;2;38;3;183m          [0m
[48;2;38;3;185m[38;2;38;3;185m                                    [48;2;40;5;185m[38;2;40;5;185m  [48;2;219;215;233m[38;2;70;46;188m▆[48;2;247;245;243m[38;2;224;220;230m▎[48;2;250;250;252m[38;2;250;250;252m      [48;2;180;171;215m[38;2;245;243;243m▊[48;2;189;177;229m[38;2;41;16;181m▆[48;2;38;3;185m[38;2;38;3;185m            [0m
[48;2;38;3;185m[38;2;38;3;185m                                      [48;2;125;112;182m[38;2;35;9;187m▊[48;2;253;252;249m[38;2;217;216;214m▎[48;2;250;250;252m[38;2;250;250;252m      [48;2;161;147;208m[38;2;249;244;249m▊[48;2;40;5;194m[38;2;33;9;161m▌[48;2;38;3;185m[38;2;38;3;185m            [0m
[48;2;38;3;185m[38;2;38;3;185m                                      [48;2;38;7;178m[38;2;0;0;0m [48;2;215;204;231m[38;2;60;32;185m▆[48;2;244;235;237m[38;2;202;69;92m▂▂[48;2;219;212;229m[38;2;183;77;88m▂[48;2;203;209;231m[38;2;79;49;178m▆[48;2;242;240;241m[38;2;252;250;251m▄[48;2;251;249;250m[38;2;241;239;240m▃[48;2;234;205;220m[38;2;188;75;86m▂[48;2;67;24;160m[38;2;168;57;108m▆[48;2;38;3;185m[38;2;38;3;185m            [0m
[48;2;38;3;185m[38;2;38;3;185m                                  [48;2;39;4;182m[38;2;39;4;182m  [48;2;34;6;154m[38;2;14;7;25m▂[48;2;33;5;147m[38;2;13;7;25m▆[48;2;57;14;74m[38;2;195;76;85m▂[48;2;79;25;131m[38;2;199;74;93m▆[48;2;209;68;97m[38;2;0;0;0m [48;2;181;61;83m[38;2;37;19;11m▂[48;2;144;50;75m[38;2;23;15;17m▆[48;2;51;26;70m[38;2;202;54;86m▂[48;2;232;209;198m[38;2;219;78;107m▆[48;2;221;198;187m[38;2;208;67;96m▆[48;2;186;66;95m[38;2;40;21;18m▃[48;2;135;47;88m[38;2;22;7;20m▆[48;2;36;3;169m[38;2;36;23;64m▂[48;2;36;0;189m[38;2;36;4;165m▖[48;2;38;3;185m[38;2;38;3;185m          [0m
[48;2;38;3;185m[38;2;38;3;185m                                  [48;2;38;3;183m[38;2;38;3;183m  [48;2;18;10;38m[38;2;38;7;177m▆[48;2;17;8;37m[38;2;37;5;174m▂[48;2;160;41;74m[38;2;25;10;81m▆▆[48;2;133;45;71m[38;2;24;7;80m▆[48;2;17;10;28m[38;2;41;13;180m▂[48;2;21;10;29m[38;2;46;13;182m▂[48;2;137;45;73m[38;2;27;7;82m▆[48;2;145;47;75m[38;2;26;10;82m▆▆[48;2;9;7;15m[38;2;32;6;156m▃▃[48;2;37;16;109m[38;2;37;3;178m▆[48;2;37;1;184m[38;2;37;3;172m▘[48;2;38;3;185m[38;2;38;3;185m          [0m
[48;2;40;2;185m[38;2;40;2;185m                                                            [0m
[48;2;40;2;185m[38;2;40;2;185m                                                            [0m
