[48;2;1;1;1m[38;2;1;1;1m                                                            [0m
[48;2;1;1;1m[38;2;1;1;1m                                                            [0m
[48;2;1;1;1m[38;2;1;1;1m                                                            [0m
[48;2;1;1;1m[38;2;1;1;1m                                                      [48;2;1;1;3m[38;2;1;1;3m  [48;2;1;1;1m[38;2;1;1;1m    [0m
[48;2;1;1;1m[38;2;1;1;1m                          [48;2;3;1;6m[38;2;3;1;6m  [48;2;1;1;3m[38;2;1;1;3m  [48;2;1;1;1m[38;2;1;1;1m                      [48;2;3;1;4m[38;2;3;1;4m  [48;2;3;1;6m[38;2;3;1;6m  [48;2;2;0;3m[38;2;2;0;3m  [48;2;1;1;1m[38;2;1;1;1m  [0m
[48;2;1;1;1m[38;2;1;1;1m                        [48;2;1;1;3m[38;2;1;1;3m  [48;2;3;1;6m[38;2;3;1;6m    [48;2;2;0;3m[38;2;2;0;3m  [48;2;1;1;3m[38;2;1;1;3m  [48;2;2;0;3m[38;2;2;0;3m  [48;2;9;7;8m[38;2;2;1;1m▚[48;2;5;3;4m[38;2;1;0;0m▌[48;2;36;31;35m[38;2;224;219;223m▃[48;2;14;10;13m[38;2;218;214;218m▄[48;2;10;8;11m[38;2;220;218;221m▄▄[48;2;31;30;30m[38;2;205;204;205m▃[48;2;11;9;10m[38;2;0;0;0m [48;2;1;1;1m[38;2;1;1;1m      [48;2;3;1;6m[38;2;3;1;6m      [48;2;1;1;3m[38;2;1;1;3m  [48;2;1;1;1m[38;2;1;1;1m  [0m
[48;2;1;1;1m[38;2;1;1;1m                    [48;2;3;1;6m[38;2;3;1;6m  [48;2;2;0;3m[38;2;2;0;3m  [48;2;3;1;4m[38;2;3;1;4m  [48;2;3;1;6m[38;2;3;1;6m    [48;2;12;4;4m[38;2;0;0;0m [48;2;19;9;8m[38;2;162;61;91m▄[48;2;18;8;8m[38;2;168;66;96m▄[48;2;12;4;4m[38;2;0;0;0m [48;2;3;1;6m[38;2;3;1;6m  [48;2;1;1;3m[38;2;1;1;3m  [48;2;110;103;101m[38;2;31;20;20m▇[48;2;235;224;225m[38;2;194;89;120m▄[48;2;248;238;243m[38;2;199;85;104m▄[48;2;248;239;245m[38;2;221;107;126m▄[48;2;249;248;250m[38;2;234;232;235m╸[48;2;145;143;146m[38;2;225;223;226m▊[48;2;4;4;4m[38;2;4;4;4m  [48;2;1;1;3m[38;2;1;1;3m  [48;2;3;1;4m[38;2;3;1;4m  [48;2;3;1;6m[38;2;3;1;6m      [48;2;1;1;3m[38;2;1;1;3m  [48;2;1;1;1m[38;2;1;1;1m  [0m
[48;2;1;1;1m[38;2;1;1;1m                    [48;2;1;1;3m[38;2;1;1;3m  [48;2;3;1;6m[38;2;3;1;6m      [48;2;5;3;8m[38;2;1;0;4m┃[48;2;18;17;21m[38;2;191;189;194m▄[48;2;183;63;84m[38;2;215;95;115m▄[48;2;212;69;97m[38;2;227;78;108m▝[48;2;189;68;103m[38;2;41;12;16m▄[48;2;11;7;5m[38;2;0;0;0m [48;2;1;1;3m[38;2;1;1;3m  [48;2;2;2;2m[38;2;2;2;2m  [48;2;18;13;9m[38;2;0;0;0m [48;2;41;17;20m[38;2;190;64;101m▄[48;2;204;65;94m[38;2;0;0;0m [48;2;56;28;22m[38;2;195;64;90m▄[48;2;229;159;169m[38;2;199;71;90m▊[48;2;162;129;148m[38;2;242;242;243m▊[48;2;2;0;3m[38;2;12;10;13m▄▄[48;2;4;2;5m[38;2;4;2;5m  [48;2;3;1;6m[38;2;3;1;6m        [48;2;1;1;3m[38;2;1;1;3m  [48;2;1;1;1m[38;2;1;1;1m  [0m
[48;2;1;1;1m[38;2;1;1;1m                    [48;2;2;2;4m[38;2;2;2;4m  [48;2;3;1;4m[38;2;3;1;4m  [48;2;3;1;6m[38;2;3;1;6m    [48;2;1;0;2m[38;2;23;21;24m▄[48;2;245;243;246m[38;2;146;144;147m▎[48;2;240;238;241m[38;2;251;249;252m▄▄[48;2;31;29;32m[38;2;222;220;223m▄[48;2;19;18;20m[38;2;0;0;0m [48;2;20;18;21m [48;2;20;19;21m[38;2;217;215;218m▄[48;2;39;37;40m[38;2;226;225;227m▄[48;2;163;161;164m[38;2;242;240;242m▇[48;2;221;178;187m[38;2;238;237;240m▊[48;2;214;90;111m[38;2;206;55;84m┃[48;2;216;72;99m[38;2;216;72;99m  [48;2;230;158;170m[38;2;213;72;98m▊[48;2;243;249;253m[38;2;245;237;235m▎[48;2;255;254;255m[38;2;242;240;243m▄▄[48;2;143;141;144m[38;2;230;229;231m▇[48;2;22;20;23m[38;2;228;226;228m▄[48;2;20;18;21m[38;2;181;180;182m▄[48;2;4;2;5m[38;2;12;10;13m╷[48;2;3;1;6m[38;2;3;1;6m    [48;2;1;1;1m[38;2;1;1;1m      [0m
[48;2;1;1;1m[38;2;1;1;1m                [48;2;2;0;3m[38;2;2;0;3m  [48;2;3;1;4m[38;2;3;1;4m  [48;2;2;0;3m[38;2;2;0;3m  [48;2;1;1;1m[38;2;1;1;1m  [48;2;1;1;3m[38;2;1;1;3m  [48;2;3;1;6m[38;2;3;1;6m  [48;2;10;9;11m[38;2;0;0;0m [48;2;194;192;195m[38;2;20;18;21m▄[48;2;246;244;246m[38;2;181;179;182m▖[48;2;251;249;252m[38;2;245;243;246m▌[48;2;247;247;249m[38;2;247;247;249m  [48;2;233;233;235m[38;2;251;251;252m▅[48;2;249;249;251m[38;2;244;244;246m▚[48;2;250;250;252m[38;2;250;250;252m  [48;2;237;235;236m[38;2;246;253;251m▊[48;2;210;184;193m[38;2;251;238;244m▊[48;2;229;121;144m[38;2;211;70;104m▊[48;2;212;93;119m[38;2;237;233;222m▄[48;2;249;249;251m[38;2;249;249;251m  [48;2;250;250;252m[38;2;250;250;252m    [48;2;226;225;227m[38;2;0;0;0m [48;2;16;14;17m[38;2;191;189;191m▄[48;2;1;0;0m[38;2;63;61;62m▁▁[48;2;16;11;7m[38;2;128;53;70m▗[48;2;17;9;6m[38;2;199;66;103m▄[48;2;20;12;16m[38;2;199;66;92m▄[48;2;42;16;21m[38;2;176;65;83m▖[48;2;1;1;1m[38;2;1;1;1m    [0m
[48;2;1;1;1m[38;2;1;1;1m            [48;2;1;1;3m[38;2;1;1;3m  [48;2;3;1;6m[38;2;3;1;6m      [48;2;1;1;3m[38;2;1;1;3m  [48;2;1;1;1m[38;2;1;1;1m    [48;2;1;1;3m[38;2;1;1;3m  [48;2;2;0;3m[38;2;2;0;3m  [48;2;31;29;32m[38;2;1;0;2m▇[48;2;200;198;201m[38;2;15;14;16m▄[48;2;225;224;229m[38;2;14;13;18m▄▄[48;2;228;227;229m[38;2;12;11;13m▄[48;2;226;224;227m[38;2;29;27;30m▄[48;2;248;248;250m[38;2;248;248;250m  [48;2;250;250;252m[38;2;250;250;252m  [48;2;249;249;251m[38;2;249;249;251m  [48;2;250;250;252m[38;2;250;250;252m        [48;2;223;239;234m[38;2;246;246;248m▊[48;2;222;175;190m[38;2;244;235;239m▊[48;2;230;183;183m[38;2;209;86;112m▄[48;2;209;62;96m[38;2;75;30;32m▗[48;2;32;13;16m[38;2;193;53;96m▘[48;2;6;6;3m[38;2;0;0;0m [48;2;1;1;1m[38;2;1;1;1m    [0m
[48;2;1;1;1m[38;2;1;1;1m            [48;2;3;1;6m[38;2;3;1;6m      [48;2;3;1;4m[38;2;3;1;4m  [48;2;1;1;3m[38;2;1;1;3m  [48;2;1;1;1m[38;2;1;1;1m    [48;2;3;1;6m[38;2;3;1;6m    [48;2;1;1;3m[38;2;1;1;3m    [48;2;1;0;2m[38;2;11;9;12m│[48;2;76;74;77m[38;2;6;4;7m▊[48;2;236;236;238m[38;2;154;154;156m▁[48;2;247;247;248m[38;2;231;231;233m╶[48;2;250;250;252m[38;2;250;250;252m        [48;2;249;249;250m[38;2;227;227;229m╵[48;2;225;225;227m[38;2;0;0;0m [48;2;226;224;227m[38;2;49;48;50m▄[48;2;244;242;245m[38;2;133;131;134m▁[48;2;244;242;244m[38;2;128;126;129m▁[48;2;204;202;205m[38;2;0;0;0m [48;2;180;178;179m[38;2;24;22;23m▅[48;2;4;2;3m[38;2;12;10;11m┗[48;2;1;1;1m[38;2;1;1;1m      [0m
[48;2;1;1;1m[38;2;1;1;1m            [48;2;1;1;3m[38;2;1;1;3m  [48;2;3;1;6m[38;2;3;1;6m  [48;2;2;0;3m[38;2;2;0;3m  [48;2;1;1;1m[38;2;1;1;1m  [48;2;3;1;6m[38;2;3;1;6m    [48;2;1;1;1m[38;2;1;1;1m        [48;2;1;1;3m[38;2;1;1;3m    [48;2;79;77;80m[38;2;8;6;9m▊[48;2;248;247;249m[38;2;202;200;203m▎[48;2;250;250;252m[38;2;250;250;252m        [48;2;170;168;171m[38;2;245;243;245m▊[48;2;192;190;193m[38;2;30;28;31m▅[48;2;1;1;1m[38;2;1;1;1m  [48;2;2;2;2m[38;2;2;2;2m  [48;2;1;1;1m[38;2;1;1;1m        [0m
[48;2;1;1;1m[38;2;1;1;1m              [48;2;2;0;3m[38;2;2;0;3m  [48;2;1;1;3m[38;2;1;1;3m    [48;2;3;1;6m[38;2;3;1;6m  [48;2;3;1;4m[38;2;3;1;4m  [48;2;1;1;3m[38;2;1;1;3m  [48;2;1;1;1m[38;2;1;1;1m    [48;2;1;1;3m[38;2;1;1;3m      [48;2;3;0;2m[38;2;5;0;4m▄[48;2;231;227;230m[38;2;48;44;47m▅[48;2;247;247;249m[38;2;247;247;249m  [48;2;250;250;252m[38;2;250;250;252m      [48;2;110;108;109m[38;2;239;237;238m▊[48;2;1;0;0m[38;2;24;22;23m▎[48;2;1;1;1m[38;2;1;1;1m            [0m
[48;2;1;1;1m[38;2;1;1;1m                [48;2;3;1;4m[38;2;3;1;4m  [48;2;3;1;6m[38;2;3;1;6m  [48;2;2;0;3m[38;2;2;0;3m  [48;2;3;1;6m[38;2;3;1;6m  [48;2;2;0;3m[38;2;2;0;3m  [48;2;1;1;1m[38;2;1;1;1m    [48;2;3;1;6m[38;2;3;1;6m  [48;2;1;1;3m[38;2;1;1;3m    [48;2;3;2;4m[38;2;11;9;12m┏[48;2;36;34;37m[38;2;6;5;7m▊[48;2;226;221;225m[38;2;84;80;83m▅[48;2;237;232;236m[38;2;105;100;104m▁[48;2;250;250;252m[38;2;250;250;252m    [48;2;243;242;244m[38;2;0;0;0m [48;2;220;218;220m[38;2;87;85;88m▁[48;2;194;192;195m[38;2;21;20;22m▅[48;2;1;0;2m[38;2;9;7;10m▄[48;2;1;1;1m[38;2;1;1;1m            [0m
[48;2;1;1;1m[38;2;1;1;1m                    [48;2;0;0;0m[38;2;0;0;0m  [48;2;1;1;3m[38;2;1;1;3m  [48;2;1;1;1m[38;2;1;1;1m    [48;2;2;0;3m[38;2;2;0;3m  [48;2;1;1;3m[38;2;1;1;3m      [48;2;50;45;49m[38;2;11;7;10m▊[48;2;53;48;52m[38;2;222;218;222m▅[48;2;235;230;234m[38;2;0;0;0m [48;2;63;59;62m[38;2;223;218;222m▅[48;2;214;209;212m[38;2;69;63;67m▅[48;2;226;220;224m[38;2;28;22;26m▅[48;2;229;223;225m[38;2;32;27;28m▅[48;2;230;224;226m[38;2;69;64;65m▅[48;2;173;168;172m[38;2;93;88;92m▄[48;2;28;24;27m[38;2;233;229;232m▅[48;2;71;69;72m[38;2;218;216;219m┓[48;2;9;8;10m[38;2;0;0;0m [48;2;1;1;1m[38;2;1;1;1m            [0m
[48;2;1;1;1m[38;2;1;1;1m                        [48;2;1;1;3m[38;2;1;1;3m  [48;2;3;1;6m[38;2;3;1;6m  [48;2;2;0;3m[38;2;2;0;3m  [48;2;1;1;3m[38;2;1;1;3m  [48;2;1;1;1m[38;2;1;1;1m  [48;2;1;1;3m[38;2;1;1;3m  [48;2;79;77;80m[38;2;8;6;9m▊[48;2;248;247;249m[38;2;202;200;203m▎[48;2;250;250;252m[38;2;250;250;252m  [48;2;166;160;164m[38;2;244;240;243m▊[48;2;41;36;39m[38;2;164;158;162m▁[48;2;61;56;59m[38;2;168;162;166m▅[48;2;216;210;214m[38;2;75;69;73m▅[48;2;223;219;224m[38;2;70;65;71m▅[48;2;219;215;220m[38;2;99;94;100m▅[48;2;232;230;232m[38;2;0;0;0m [48;2;79;77;80m[38;2;222;220;222m┓[48;2;1;1;3m[38;2;1;1;3m  [48;2;1;1;1m[38;2;1;1;1m          [0m
[48;2;1;1;1m[38;2;1;1;1m                    [48;2;2;0;3m[38;2;2;0;3m  [48;2;1;1;1m[38;2;1;1;1m  [48;2;3;1;6m[38;2;3;1;6m    [48;2;1;1;3m[38;2;1;1;3m    [48;2;1;1;1m[38;2;1;1;1m  [48;2;14;12;15m[38;2;4;3;5m▊[48;2;16;14;17m[38;2;0;0;0m [48;2;54;52;55m[38;2;227;225;228m▅[48;2;245;244;246m[38;2;0;0;0m [48;2;250;250;252m[38;2;250;250;252m  [48;2;249;249;251m[38;2;233;233;235m╵[48;2;238;238;239m[38;2;0;0;0m [48;2;61;56;59m[38;2;218;213;217m▅[48;2;223;218;221m[38;2;96;90;94m▅[48;2;235;233;236m[38;2;92;90;93m▁[48;2;249;247;249m[38;2;0;0;0m [48;2;250;248;250m[38;2;250;248;250m▄[48;2;84;82;85m[38;2;247;245;248m▊[48;2;2;0;5m[38;2;2;0;5m  [48;2;1;1;1m[38;2;1;1;1m          [0m
[48;2;1;1;1m[38;2;1;1;1m                  [48;2;1;1;3m[38;2;1;1;3m  [48;2;2;0;3m[38;2;2;0;3m  [48;2;1;1;3m[38;2;1;1;3m  [48;2;3;1;6m[38;2;3;1;6m    [48;2;2;0;3m[38;2;2;0;3m  [48;2;1;1;3m[38;2;1;1;3m  [48;2;1;1;1m[38;2;1;1;1m  [48;2;1;0;0m[38;2;12;10;11m│[48;2;77;75;76m[38;2;7;5;6m▊[48;2;255;255;255m[38;2;237;237;239m▌[48;2;253;253;254m[38;2;245;245;247m┃[48;2;250;250;252m[38;2;250;250;252m    [38;2;243;243;245m▚[48;2;250;250;251m[38;2;206;206;208m▝[48;2;76;74;77m[38;2;238;236;238m▅[48;2;247;246;248m[38;2;0;0;0m [48;2;160;158;161m[38;2;247;245;247m▊[48;2;172;170;173m[38;2;13;11;14m▅[48;2;3;1;6m[38;2;3;1;6m  [48;2;1;1;1m[38;2;1;1;1m          [0m
[48;2;1;1;1m[38;2;1;1;1m                  [48;2;2;0;3m[38;2;2;0;3m    [48;2;3;1;6m[38;2;3;1;6m      [48;2;1;1;3m[38;2;1;1;3m  [48;2;1;1;1m[38;2;1;1;1m    [48;2;0;0;0m[38;2;5;5;5m▂[48;2;6;6;6m[38;2;19;19;19m▝[48;2;206;204;207m[38;2;30;29;31m▅[48;2;249;247;250m[38;2;221;219;221m▎[48;2;250;250;252m[38;2;250;250;252m        [48;2;111;109;112m[38;2;240;238;240m▊[48;2;1;0;2m[38;2;25;23;26m▎[48;2;3;1;6m[38;2;3;1;6m  [48;2;1;1;1m[38;2;1;1;1m          [0m
[48;2;4;2;10m[38;2;23;2;126m▂▂▂▂▂▂▂▂▂▂▂▂▂▂▂▂▂▂[48;2;5;3;12m[38;2;24;2;129m▂▂[48;2;4;2;10m[38;2;23;2;126m▂▂[48;2;5;3;12m[38;2;24;2;129m▂▂▂▂▂▂[48;2;5;3;11m[38;2;24;3;127m▂▂[48;2;4;2;10m[38;2;23;2;126m▂▂▂▂▂▂[48;2;25;23;35m[38;2;42;26;119m▂[48;2;250;248;250m[38;2;205;201;217m▎[48;2;250;250;252m[38;2;250;250;252m        [48;2;114;109;125m[38;2;237;234;235m▊[48;2;11;9;14m[38;2;30;9;128m▂[48;2;5;3;12m[38;2;24;2;129m▂▂[48;2;4;2;10m[38;2;23;2;126m▂▂▂▂▂▂▂▂▂▂[0m
[48;2;38;3;183m[38;2;38;3;183m                                    [48;2;60;29;195m[38;2;36;9;175m▆[48;2;230;222;247m[38;2;59;31;182m▆[48;2;249;249;251m[38;2;231;231;233m▌[38;2;255;255;255m▌[48;2;250;250;252m[38;2;250;250;252m      [48;2;237;234;244m[38;2;0;0;0m [48;2;66;46;176m[38;2;214;211;225m▅[48;2;38;3;185m[38;2;38;3;185m  [48;2;38;3;183m[38;2;38;3;183m          [0m
[48;2;38;3;183m[38;2;38;3;183m                                    [48;2;35;1;176m[38;2;43;9;184m┃[48;2;60;26;201m[38;2;29;0;170m▌[48;2;234;233;236m[38;2;92;75;182m▂[48;2;243;242;247m[38;2;0;0;0m [48;2;250;250;252m[38;2;250;250;252m      [48;2;252;252;251m[38;2;237;234;253m│[48;2;123;111;183m[38;2;241;241;239m▊[48;2;37;2;184m[38;2;37;2;184m  [48;2;38;3;183m[38;2;38;3;183m          [0m
[48;2;38;3;185m[38;2;38;3;185m                                      [48;2;126;113;183m[38;2;36;10;188m▊[48;2;254;253;250m[38;2;218;217;215m▎[48;2;250;250;252m[38;2;250;250;252m      [48;2;250;252;239m[38;2;248;247;247m▊[48;2;153;145;194m[38;2;244;241;247m▊[48;2;58;27;190m[38;2;193;182;219m▁[48;2;40;6;181m[38;2;43;10;181m▄[48;2;38;3;185m[38;2;38;3;185m          [0m
[48;2;38;3;185m[38;2;38;3;185m                                      [48;2;46;14;186m[38;2;0;0;0m [48;2;202;189;230m[38;2;54;27;176m▆[48;2;237;236;237m[38;2;77;61;184m▂[48;2;243;242;248m[38;2;0;0;0m [48;2;250;250;252m[38;2;250;250;252m      [48;2;95;76;166m[38;2;244;238;245m▊[48;2;43;8;197m[38;2;20;0;152m▎[48;2;38;3;185m[38;2;38;3;185m          [0m
[48;2;38;3;185m[38;2;38;3;185m                                        [48;2;125;93;189m[38;2;39;9;180m▊[48;2;226;222;223m[38;2;211;83;125m▂[48;2;238;228;232m[38;2;193;76;115m▂[48;2;231;221;225m[38;2;187;70;109m▂[48;2;218;214;224m[38;2;59;34;183m▆[48;2;235;230;242m[38;2;73;53;171m▂[48;2;250;249;251m[38;2;0;0;0m [48;2;249;248;250m[38;2;212;210;213m▗[48;2;188;120;162m[38;2;226;230;221m┛[48;2;47;8;173m[38;2;155;52;109m▂[48;2;38;3;185m[38;2;38;3;185m          [0m
[48;2;38;3;185m[38;2;38;3;185m                                    [48;2;36;1;180m[38;2;36;5;156m▗[48;2;36;4;160m[38;2;36;25;55m▂[48;2;40;17;69m[38;2;203;63;94m▂▂[48;2;95;40;133m[38;2;212;71;96m▆[48;2;217;73;101m[38;2;189;63;81m▗[48;2;197;72;100m[38;2;29;9;6m▂[48;2;181;55;84m[38;2;31;12;8m▂[48;2;40;16;64m[38;2;213;72;100m▂[48;2;66;34;167m[38;2;98;37;50m▆[48;2;243;217;208m[38;2;220;77;107m▆[48;2;217;191;182m[38;2;213;70;100m▆[48;2;202;70;101m[38;2;0;0;0m [48;2;158;52;86m[38;2;27;7;11m▂[48;2;36;3;169m[38;2;36;23;64m▂[48;2;36;0;189m[38;2;36;4;165m▖[48;2;38;3;185m[38;2;38;3;185m        [0m
[48;2;38;3;185m[38;2;38;3;185m                                    [48;2;38;1;191m[38;2;38;6;167m▝[48;2;38;25;66m[38;2;38;5;171m▆[48;2;161;42;77m[38;2;26;11;83m▆▆[48;2;147;47;73m[38;2;27;9;80m▆▆[48;2;11;4;24m[38;2;42;10;181m▂▂[48;2;168;49;82m[38;2;25;10;82m▆▆▆▆[48;2;124;39;61m[38;2;23;11;78m▆[48;2;16;9;30m[38;2;32;9;167m▃[48;2;37;16;109m[38;2;37;3;178m▆[48;2;37;1;184m[38;2;37;3;172m▘[48;2;38;3;185m[38;2;38;3;185m        [0m
[48;2;40;2;185m[38;2;40;2;185m                                                            [0m
[48;2;40;2;185m[38;2;40;2;185m                                                            [0m
