[48;2;1;1;1m[38;2;1;1;1m                                                            [0m
[48;2;1;1;1m[38;2;1;1;1m                                                            [0m
[48;2;1;1;1m[38;2;1;1;1m                                                            [0m
[48;2;1;1;1m[38;2;1;1;1m                                                      [48;2;1;1;3m[38;2;1;1;3m  [48;2;1;1;1m[38;2;1;1;1m    [0m
[48;2;1;1;1m[38;2;1;1;1m                          [48;2;3;1;6m[38;2;3;1;6m  [48;2;1;1;3m[38;2;1;1;3m  [48;2;1;1;1m[38;2;1;1;1m                      [48;2;3;1;4m[38;2;3;1;4m  [48;2;3;1;6m[38;2;3;1;6m  [48;2;2;0;3m[38;2;2;0;3m  [48;2;1;1;1m[38;2;1;1;1m  [0m
[48;2;1;1;1m[38;2;1;1;1m                        [48;2;1;1;3m[38;2;1;1;3m  [48;2;3;1;6m[38;2;3;1;6m    [48;2;2;0;3m[38;2;2;0;3m  [48;2;1;1;3m[38;2;1;1;3m  [48;2;2;0;3m[38;2;2;0;3m  [48;2;1;1;3m[38;2;1;1;3m  [48;2;21;16;20m[38;2;0;0;0m [48;2;11;8;10m[38;2;200;195;199m▄[48;2;10;8;11m[38;2;220;218;221m▄▄[48;2;11;10;10m[38;2;210;209;210m▄[48;2;33;32;32m[38;2;222;220;221m▃[48;2;3;3;3m[38;2;3;3;3m  [48;2;1;1;1m[38;2;1;1;1m    [48;2;3;1;6m[38;2;3;1;6m      [48;2;1;1;3m[38;2;1;1;3m  [48;2;1;1;1m[38;2;1;1;1m  [0m
[48;2;1;1;1m[38;2;1;1;1m                    [48;2;3;1;6m[38;2;3;1;6m  [48;2;2;0;3m[38;2;2;0;3m  [48;2;3;1;4m[38;2;3;1;4m  [48;2;3;1;6m[38;2;3;1;6m    [48;2;2;0;3m[38;2;2;0;3m  [48;2;3;1;6m[38;2;3;1;6m    [48;2;1;1;3m[38;2;1;1;3m  [48;2;10;6;9m[38;2;0;0;0m [48;2;36;31;35m [48;2;241;238;240m[38;2;214;85;107m▄▄[48;2;244;239;237m[38;2;211;112;141m▄[48;2;245;241;238m[38;2;0;0;0m [48;2;122;120;123m[38;2;227;225;228m▊[48;2;1;0;2m[38;2;29;27;30m▎[48;2;1;1;3m[38;2;1;1;3m  [48;2;3;1;4m[38;2;3;1;4m  [48;2;3;1;6m[38;2;3;1;6m      [48;2;1;1;3m[38;2;1;1;3m  [48;2;1;1;1m[38;2;1;1;1m  [0m
[48;2;1;1;1m[38;2;1;1;1m                    [48;2;1;1;3m[38;2;1;1;3m  [48;2;3;1;6m[38;2;3;1;6m      [48;2;10;4;4m[38;2;0;0;0m [48;2;17;7;8m[38;2;165;64;96m▄[48;2;5;3;8m[38;2;5;3;8m  [48;2;2;0;3m[38;2;2;0;3m  [48;2;1;1;3m[38;2;1;1;3m  [48;2;1;1;1m[38;2;1;1;1m  [48;2;5;0;4m[38;2;3;0;2m▊[48;2;15;10;14m[38;2;10;5;9m▌[48;2;60;23;21m[38;2;184;66;90m▄[48;2;165;62;81m[38;2;213;64;99m▊[48;2;68;25;25m[38;2;191;67;93m▄[48;2;217;139;150m[38;2;207;74;103m▊[48;2;131;129;132m[38;2;241;240;242m▊[48;2;1;0;2m[38;2;32;30;33m▎[48;2;3;1;4m[38;2;3;1;4m  [48;2;5;3;8m[38;2;5;3;8m  [48;2;3;1;6m[38;2;3;1;6m      [48;2;1;1;3m[38;2;1;1;3m  [48;2;1;1;1m[38;2;1;1;1m  [0m
[48;2;1;1;1m[38;2;1;1;1m                    [48;2;2;2;4m[38;2;2;2;4m  [48;2;3;1;4m[38;2;3;1;4m  [48;2;3;1;6m[38;2;3;1;6m    [48;2;201;72;95m[38;2;119;26;37m▎[48;2;211;77;102m[38;2;225;72;104m▌[48;2;28;22;26m[38;2;217;212;215m▄[48;2;25;20;23m[38;2;0;0;0m [48;2;1;1;3m[38;2;1;1;3m  [48;2;5;3;6m[38;2;24;22;25m▂[48;2;9;8;10m[38;2;49;47;50m▗[48;2;16;15;17m[38;2;228;226;229m▄▄[48;2;25;17;21m[38;2;231;222;227m▄[48;2;32;25;28m[38;2;224;217;221m▄[48;2;215;73;99m[38;2;215;73;99m  [48;2;233;78;110m[38;2;206;66;93m▊[48;2;235;142;153m[38;2;207;78;101m▊[48;2;229;228;230m[38;2;0;0;0m [48;2;21;19;22m[38;2;227;225;228m▄[48;2;21;13;15m[38;2;201;195;197m▄[48;2;117;43;68m[38;2;17;14;13m▊[48;2;201;60;87m[38;2;219;76;104m▄[48;2;210;81;104m[38;2;123;37;46m▝[48;2;33;11;16m[38;2;164;54;89m▃[48;2;15;9;9m[38;2;0;0;0m [48;2;3;1;6m[38;2;3;1;6m  [48;2;1;1;1m[38;2;1;1;1m      [0m
[48;2;1;1;1m[38;2;1;1;1m                [48;2;2;0;3m[38;2;2;0;3m  [48;2;3;1;4m[38;2;3;1;4m  [48;2;2;0;3m[38;2;2;0;3m  [48;2;1;1;1m[38;2;1;1;1m  [48;2;1;1;3m[38;2;1;1;3m  [48;2;3;1;6m[38;2;3;1;6m  [48;2;22;17;21m[38;2;10;6;9m▊[48;2;235;230;234m[38;2;142;137;141m▎[48;2;251;249;252m[38;2;0;0;0m [48;2;229;227;230m[38;2;250;248;251m▄[48;2;37;36;38m[38;2;237;235;238m▄▄[48;2;183;181;184m[38;2;243;241;244m▇[48;2;210;208;211m[38;2;250;249;251m▇[48;2;250;250;252m[38;2;250;250;252m    [48;2;229;166;181m[38;2;246;242;247m▊[48;2;214;75;101m[38;2;206;112;122m▃[48;2;197;96;126m[38;2;245;237;236m▄[48;2;249;245;243m[38;2;0;0;0m [48;2;250;250;252m[38;2;250;250;252m  [48;2;241;241;243m[38;2;252;252;253m▄▄[48;2;249;243;240m[38;2;227;176;188m▝[48;2;205;82;118m[38;2;243;237;235m▄[48;2;211;115;145m[38;2;242;239;240m▄[48;2;214;212;211m[38;2;0;0;0m [48;2;17;15;18m[38;2;179;177;180m▄[48;2;9;8;10m[38;2;28;26;29m▁[48;2;1;1;3m[38;2;1;1;3m  [48;2;1;1;1m[38;2;1;1;1m    [0m
[48;2;1;1;1m[38;2;1;1;1m            [48;2;1;1;3m[38;2;1;1;3m  [48;2;3;1;6m[38;2;3;1;6m      [48;2;1;1;3m[38;2;1;1;3m  [48;2;1;1;1m[38;2;1;1;1m    [48;2;1;1;3m[38;2;1;1;3m  [48;2;4;2;5m[38;2;4;2;5m  [48;2;208;207;209m[38;2;16;14;17m▄[48;2;232;230;233m[38;2;146;144;147m▁[48;2;246;245;247m[38;2;155;153;156m▁▁[48;2;236;234;237m[38;2;153;151;154m▁[48;2;231;230;232m[38;2;41;39;42m▄[48;2;248;248;250m[38;2;248;248;250m  [48;2;250;250;252m[38;2;250;250;252m  [48;2;249;249;251m[38;2;249;249;251m  [48;2;250;250;252m[38;2;250;250;252m          [48;2;241;238;241m[38;2;0;0;0m [48;2;40;35;39m[38;2;212;208;212m▊[48;2;1;1;3m[38;2;1;1;3m  [48;2;1;1;1m[38;2;1;1;1m    [0m
[48;2;1;1;1m[38;2;1;1;1m            [48;2;3;1;6m[38;2;3;1;6m      [48;2;3;1;4m[38;2;3;1;4m  [48;2;1;1;3m[38;2;1;1;3m  [48;2;1;1;1m[38;2;1;1;1m    [48;2;3;1;6m[38;2;3;1;6m    [48;2;3;1;4m[38;2;3;1;4m  [48;2;4;2;5m[38;2;4;2;5m  [48;2;3;2;4m[38;2;19;17;20m╵[48;2;15;14;16m[38;2;0;0;0m [48;2;208;207;209m[38;2;34;32;35m▄[48;2;240;238;241m[38;2;0;0;0m [48;2;250;250;252m[38;2;250;250;252m          [48;2;219;217;220m[38;2;0;0;0m [48;2;215;214;216m[38;2;13;11;14m▄[48;2;220;218;221m[38;2;8;6;9m▄▄[48;2;40;38;39m[38;2;214;213;214m▘[48;2;6;4;5m[38;2;15;13;14m╵[48;2;1;1;1m[38;2;1;1;1m      [0m
[48;2;1;1;1m[38;2;1;1;1m            [48;2;1;1;3m[38;2;1;1;3m  [48;2;3;1;6m[38;2;3;1;6m  [48;2;2;0;3m[38;2;2;0;3m  [48;2;1;1;1m[38;2;1;1;1m  [48;2;3;1;6m[38;2;3;1;6m    [48;2;1;1;1m[38;2;1;1;1m        [48;2;1;1;3m[38;2;1;1;3m    [48;2;61;59;62m[38;2;7;5;8m▊[48;2;230;229;231m[38;2;132;130;133m▁[48;2;250;250;252m[38;2;250;250;252m        [48;2;249;249;250m[38;2;227;227;229m╵[48;2;225;225;227m[38;2;0;0;0m [48;2;192;190;191m[38;2;25;23;24m▅[48;2;1;0;0m[38;2;12;10;11m╏[48;2;1;1;1m[38;2;1;1;1m          [0m
[48;2;1;1;1m[38;2;1;1;1m              [48;2;2;0;3m[38;2;2;0;3m  [48;2;1;1;3m[38;2;1;1;3m    [48;2;3;1;6m[38;2;3;1;6m  [48;2;3;1;4m[38;2;3;1;4m  [48;2;1;1;3m[38;2;1;1;3m  [48;2;1;1;1m[38;2;1;1;1m    [48;2;1;1;3m[38;2;1;1;3m      [48;2;2;1;3m[38;2;11;9;12m│[48;2;100;98;101m[38;2;9;8;10m▊[48;2;255;254;255m[38;2;237;235;238m▌[48;2;253;251;253m[38;2;245;243;246m┃[48;2;250;250;252m[38;2;250;250;252m      [48;2;167;165;168m[38;2;241;240;242m▊[48;2;189;187;190m[38;2;25;23;26m▅[48;2;1;1;3m[38;2;1;1;3m  [48;2;1;1;1m[38;2;1;1;1m          [0m
[48;2;1;1;1m[38;2;1;1;1m                [48;2;3;1;4m[38;2;3;1;4m  [48;2;3;1;6m[38;2;3;1;6m  [48;2;2;0;3m[38;2;2;0;3m  [48;2;3;1;6m[38;2;3;1;6m  [48;2;2;0;3m[38;2;2;0;3m  [48;2;1;1;1m[38;2;1;1;1m    [48;2;3;1;6m[38;2;3;1;6m  [48;2;1;1;3m[38;2;1;1;3m    [48;2;3;2;4m[38;2;11;9;12m┏[48;2;36;34;37m[38;2;6;5;7m▊[48;2;226;221;225m[38;2;84;80;83m▅[48;2;237;232;236m[38;2;105;100;104m▁[48;2;250;250;252m[38;2;250;250;252m    [48;2;243;241;244m[38;2;0;0;0m [48;2;220;218;220m[38;2;79;77;80m▁[48;2;194;192;195m[38;2;21;20;22m▅[48;2;1;0;2m[38;2;9;7;10m▄[48;2;1;1;1m[38;2;1;1;1m            [0m
[48;2;1;1;1m[38;2;1;1;1m                    [48;2;0;0;0m[38;2;0;0;0m  [48;2;1;1;3m[38;2;1;1;3m  [48;2;1;1;1m[38;2;1;1;1m    [48;2;2;0;3m[38;2;2;0;3m  [48;2;1;1;3m[38;2;1;1;3m      [48;2;50;45;49m[38;2;11;7;10m▊[48;2;53;48;52m[38;2;222;218;222m▅[48;2;235;230;234m[38;2;0;0;0m [48;2;63;59;62m[38;2;223;218;222m▅[48;2;214;209;212m[38;2;69;63;67m▅[48;2;226;220;224m[38;2;28;22;26m▅[48;2;229;223;225m[38;2;32;27;28m▅[48;2;230;224;226m[38;2;69;64;65m▅[48;2;166;161;163m[38;2;71;65;67m┓[48;2;34;29;30m[38;2;196;191;193m▅[48;2;2;0;3m[38;2;2;0;3m  [48;2;1;1;1m[38;2;1;1;1m            [0m
[48;2;1;1;1m[38;2;1;1;1m                        [48;2;1;1;3m[38;2;1;1;3m  [48;2;3;1;6m[38;2;3;1;6m  [48;2;2;0;3m[38;2;2;0;3m  [48;2;1;1;3m[38;2;1;1;3m  [48;2;1;1;1m[38;2;1;1;1m  [48;2;6;5;7m[38;2;0;0;0m [48;2;15;14;16m [48;2;53;51;54m[38;2;226;224;227m▅[48;2;245;243;245m[38;2;0;0;0m [48;2;237;237;239m[38;2;248;248;249m▊[48;2;204;204;206m[38;2;247;247;248m▊[48;2;202;196;200m[38;2;51;45;49m▅[48;2;37;31;35m[38;2;204;198;202m▅[48;2;126;124;127m[38;2;18;16;19m▊[48;2;250;248;250m[38;2;221;219;222m▎[48;2;242;242;244m[38;2;247;247;248m▄[48;2;236;236;237m[38;2;0;0;0m [48;2;76;72;75m[38;2;221;217;221m┓[48;2;13;8;12m[38;2;0;0;0m [48;2;1;1;1m[38;2;1;1;1m            [0m
[48;2;1;1;1m[38;2;1;1;1m                    [48;2;2;0;3m[38;2;2;0;3m  [48;2;1;1;1m[38;2;1;1;1m  [48;2;3;1;6m[38;2;3;1;6m    [48;2;1;1;3m[38;2;1;1;3m    [48;2;1;1;1m[38;2;1;1;1m  [48;2;1;0;2m[38;2;13;11;14m│[48;2;78;76;79m[38;2;7;6;8m▊[48;2;255;254;255m[38;2;237;235;238m▌[48;2;253;251;253m[38;2;245;243;246m┃[48;2;255;254;255m[38;2;246;244;247m▌[48;2;175;173;176m▊[48;2;51;45;49m[38;2;176;170;174m▁[48;2;213;207;211m[38;2;118;112;116m▂[48;2;129;124;128m[38;2;50;46;49m▊[48;2;233;229;232m[38;2;90;85;89m▁[48;2;250;250;252m[38;2;250;250;252m  [48;2;125;120;124m[38;2;241;237;240m▊[48;2;22;17;21m[38;2;138;133;137m▁[48;2;2;0;3m[38;2;2;0;3m  [48;2;1;1;1m[38;2;1;1;1m          [0m
[48;2;1;1;1m[38;2;1;1;1m                  [48;2;1;1;3m[38;2;1;1;3m  [48;2;2;0;3m[38;2;2;0;3m  [48;2;1;1;3m[38;2;1;1;3m  [48;2;3;1;6m[38;2;3;1;6m    [48;2;2;0;3m[38;2;2;0;3m  [48;2;1;1;3m[38;2;1;1;3m  [48;2;1;1;1m[38;2;1;1;1m  [48;2;1;0;0m[38;2;6;4;5m│[48;2;65;63;64m[38;2;7;6;6m▊[48;2;224;222;225m[38;2;57;55;58m▁[48;2;247;246;248m[38;2;0;0;0m [48;2;250;250;252m[38;2;250;250;252m  [48;2;240;238;241m[38;2;0;0;0m [48;2;71;69;72m[38;2;238;236;239m▅[48;2;234;232;235m[38;2;0;0;0m [48;2;63;61;64m[38;2;222;220;223m▅[48;2;223;221;224m[38;2;106;104;107m▅[48;2;244;243;245m[38;2;227;225;228m⎽[48;2;250;248;250m[38;2;250;248;250m▄[48;2;84;82;85m[38;2;247;245;248m▊[48;2;2;0;5m[38;2;2;0;5m  [48;2;1;1;1m[38;2;1;1;1m          [0m
[48;2;1;1;1m[38;2;1;1;1m                  [48;2;2;0;3m[38;2;2;0;3m    [48;2;3;1;6m[38;2;3;1;6m      [48;2;1;1;3m[38;2;1;1;3m  [48;2;1;1;1m[38;2;1;1;1m      [48;2;79;77;80m[38;2;8;6;9m▊[48;2;248;247;249m[38;2;202;200;203m▎[48;2;250;250;252m[38;2;250;250;252m        [48;2;250;248;250m[38;2;250;248;250m▄[48;2;84;82;85m[38;2;247;245;248m▊[48;2;3;1;6m[38;2;3;1;6m  [48;2;1;1;1m[38;2;1;1;1m          [0m
[48;2;4;2;10m[38;2;23;2;126m▂▂▂▂▂▂▂▂▂▂▂▂▂▂▂▂▂▂[48;2;5;3;12m[38;2;24;2;129m▂▂[48;2;4;2;10m[38;2;23;2;126m▂▂[48;2;5;3;12m[38;2;24;2;129m▂▂▂▂▂▂[48;2;5;3;11m[38;2;24;3;127m▂▂[48;2;4;2;10m[38;2;23;2;126m▂▂▂▂▂▂[48;2;24;22;28m[38;2;40;21;141m▂[48;2;219;215;230m[38;2;59;30;200m▁[48;2;249;249;251m[38;2;249;249;251m  [48;2;250;250;252m[38;2;250;250;252m      [48;2;249;249;250m[38;2;234;234;236m┓[48;2;236;236;237m[38;2;0;0;0m [48;2;87;84;97m[38;2;229;224;236m┓[48;2;7;3;22m[38;2;56;30;182m▁[48;2;4;2;10m[38;2;23;2;126m▂▂▂▂▂▂▂▂▂▂[0m
[48;2;38;3;183m[38;2;38;3;183m                                    [48;2;47;11;198m[38;2;35;0;187m┃[48;2;82;51;207m[38;2;35;5;168m▊[48;2;249;249;250m[38;2;206;206;208m▎[48;2;241;241;243m[38;2;253;253;254m┃[48;2;250;250;252m[38;2;250;250;252m        [48;2;95;72;186m[38;2;244;239;239m▊[48;2;37;6;188m[38;2;37;6;188m▄[48;2;38;3;183m[38;2;38;3;183m          [0m
[48;2;38;3;183m[38;2;38;3;183m                                    [48;2;35;1;176m[38;2;43;9;184m┃[48;2;60;26;201m[38;2;29;0;170m▌[48;2;234;233;236m[38;2;92;75;182m▂[48;2;243;242;247m[38;2;0;0;0m [48;2;250;250;252m[38;2;250;250;252m        [48;2;132;113;223m[38;2;240;236;245m▊[48;2;39;16;170m[38;2;176;166;216m▂[48;2;38;3;185m[38;2;38;3;185m  [48;2;38;3;183m[38;2;38;3;183m        [0m
[48;2;38;3;185m[38;2;38;3;185m                                      [48;2;126;113;183m[38;2;36;10;188m▊[48;2;254;253;250m[38;2;218;217;215m▎[48;2;250;250;252m[38;2;250;250;252m        [48;2;248;247;250m[38;2;248;247;250m▄[48;2;82;67;162m[38;2;246;245;242m▊[48;2;38;3;185m[38;2;38;3;185m          [0m
[48;2;38;3;185m[38;2;38;3;185m                                      [48;2;45;13;190m[38;2;0;0;0m [48;2;202;195;216m[38;2;66;43;176m▆[48;2;249;249;251m[38;2;249;249;251m  [48;2;250;250;252m[38;2;250;250;252m      [48;2;248;247;250m[38;2;248;247;250m▄[48;2;82;67;162m[38;2;246;245;242m▊[48;2;37;2;184m[38;2;37;2;184m  [48;2;38;3;185m[38;2;38;3;185m        [0m
[48;2;38;3;185m[38;2;38;3;185m                                      [48;2;42;5;183m[38;2;42;5;183m  [48;2;211;207;231m[38;2;119;53;150m▆[48;2;232;224;224m[38;2;206;73;97m▂[48;2;239;229;233m[38;2;194;77;116m▂[48;2;232;222;226m[38;2;188;71;110m▂[48;2;218;214;224m[38;2;59;34;183m▆[48;2;235;230;242m[38;2;73;53;171m▂[48;2;251;248;251m[38;2;0;0;0m [48;2;250;247;250m[38;2;214;209;213m▗[48;2;218;203;222m[38;2;218;73;88m▂[48;2;175;157;212m[38;2;78;33;155m▆[48;2;38;3;185m[38;2;38;3;185m          [0m
[48;2;38;3;185m[38;2;38;3;185m                                    [48;2;36;1;180m[38;2;36;5;156m▗[48;2;36;4;160m[38;2;36;25;55m▂[48;2;53;14;65m[38;2;191;69;111m▂[48;2;80;26;134m[38;2;200;77;98m▆[48;2;215;73;99m[38;2;215;73;99m  [48;2;180;65;96m[38;2;18;10;8m▂[48;2;133;42;65m[38;2;31;9;9m▆[48;2;56;17;70m[38;2;195;65;92m▂[48;2;102;57;145m[38;2;204;76;101m▆[48;2;247;220;212m[38;2;218;75;105m▆[48;2;223;198;188m[38;2;211;68;98m▆[48;2;202;70;101m[38;2;0;0;0m [48;2;158;52;86m[38;2;27;7;11m▂[48;2;36;3;169m[38;2;36;23;64m▂[48;2;36;0;189m[38;2;36;4;165m▖[48;2;38;3;185m[38;2;38;3;185m        [0m
[48;2;38;3;185m[38;2;38;3;185m                                    [48;2;38;1;191m[38;2;38;6;167m▝[48;2;38;25;66m[38;2;38;5;171m▆[48;2;161;42;77m[38;2;26;11;83m▆▆[48;2;147;47;73m[38;2;27;9;80m▆▆[48;2;11;4;24m[38;2;42;10;181m▂▂[48;2;168;49;82m[38;2;25;10;82m▆▆▆▆[48;2;124;39;61m[38;2;23;11;78m▆[48;2;16;9;30m[38;2;32;9;167m▃[48;2;37;16;109m[38;2;37;3;178m▆[48;2;37;1;184m[38;2;37;3;172m▘[48;2;38;3;185m[38;2;38;3;185m        [0m
[48;2;40;2;185m[38;2;40;2;185m                                                            [0m
[48;2;40;2;185m[38;2;40;2;185m                                                            [0m
