[48;2;1;1;1m[38;2;1;1;1m                                                            [0m
[48;2;1;1;1m[38;2;1;1;1m                                                            [0m
[48;2;1;1;1m[38;2;1;1;1m                                                            [0m
[48;2;1;1;1m[38;2;1;1;1m                                                      [48;2;1;1;3m[38;2;1;1;3m  [48;2;1;1;1m[38;2;1;1;1m    [0m
[48;2;1;1;1m[38;2;1;1;1m                          [48;2;3;1;6m[38;2;3;1;6m  [48;2;1;1;3m[38;2;1;1;3m  [48;2;1;1;1m[38;2;1;1;1m                      [48;2;3;1;4m[38;2;3;1;4m  [48;2;3;1;6m[38;2;3;1;6m  [48;2;2;0;3m[38;2;2;0;3m  [48;2;1;1;1m[38;2;1;1;1m  [0m
[48;2;1;1;1m[38;2;1;1;1m                        [48;2;1;1;3m[38;2;1;1;3m  [48;2;3;1;6m[38;2;3;1;6m    [48;2;2;0;3m[38;2;2;0;3m  [48;2;1;1;3m[38;2;1;1;3m  [48;2;2;0;3m[38;2;2;0;3m  [48;2;1;1;3m[38;2;1;1;3m  [48;2;21;16;20m[38;2;0;0;0m [48;2;11;8;10m[38;2;200;195;199m▄[48;2;10;8;11m[38;2;220;218;221m▄▄[48;2;11;10;10m[38;2;210;209;210m▄[48;2;33;32;32m[38;2;222;220;221m▃[48;2;3;3;3m[38;2;3;3;3m  [48;2;1;1;1m[38;2;1;1;1m    [48;2;3;1;6m[38;2;3;1;6m      [48;2;1;1;3m[38;2;1;1;3m  [48;2;1;1;1m[38;2;1;1;1m  [0m
[48;2;1;1;1m[38;2;1;1;1m                    [48;2;3;1;6m[38;2;3;1;6m  [48;2;2;0;3m[38;2;2;0;3m  [48;2;3;1;4m[38;2;3;1;4m  [48;2;3;1;6m[38;2;3;1;6m    [48;2;2;0;3m[38;2;2;0;3m  [48;2;3;1;6m[38;2;3;1;6m    [48;2;1;1;3m[38;2;1;1;3m  [48;2;10;6;9m[38;2;0;0;0m [48;2;36;31;35m [48;2;241;238;240m[38;2;214;85;107m▄▄[48;2;244;239;237m[38;2;211;112;141m▄[48;2;245;241;238m[38;2;0;0;0m [48;2;122;120;123m[38;2;227;225;228m▊[48;2;1;0;2m[38;2;29;27;30m▎[48;2;1;1;3m[38;2;1;1;3m  [48;2;3;1;4m[38;2;3;1;4m  [48;2;3;1;6m[38;2;3;1;6m      [48;2;1;1;3m[38;2;1;1;3m  [48;2;1;1;1m[38;2;1;1;1m  [0m
[48;2;1;1;1m[38;2;1;1;1m                    [48;2;1;1;3m[38;2;1;1;3m  [48;2;3;1;6m[38;2;3;1;6m      [48;2;4;2;5m[38;2;4;2;5m  [48;2;3;1;6m[38;2;3;1;6m  [48;2;2;0;3m[38;2;2;0;3m  [48;2;1;1;3m[38;2;1;1;3m  [48;2;2;2;2m[38;2;2;2;2m  [48;2;3;0;2m[38;2;11;6;10m▃▃[48;2;56;18;17m[38;2;191;73;97m▄[48;2;215;67;101m[38;2;163;58;78m▝[48;2;68;25;25m[38;2;191;67;93m▄[48;2;217;139;150m[38;2;207;74;103m▊[48;2;133;131;134m[38;2;243;241;243m▊[48;2;1;0;2m[38;2;34;32;35m▎[48;2;4;2;5m[38;2;4;2;5m  [48;2;5;3;8m[38;2;5;3;8m  [48;2;3;1;6m[38;2;3;1;6m      [48;2;1;1;3m[38;2;1;1;3m  [48;2;1;1;1m[38;2;1;1;1m  [0m
[48;2;1;1;1m[38;2;1;1;1m                    [48;2;2;2;4m[38;2;2;2;4m  [48;2;3;1;4m[38;2;3;1;4m  [48;2;3;1;6m[38;2;3;1;6m    [48;2;200;73;96m[38;2;135;43;54m▎[48;2;221;81;108m[38;2;199;56;84m┃[48;2;28;22;26m[38;2;217;212;215m▄[48;2;25;20;23m[38;2;0;0;0m [48;2;4;3;5m[38;2;45;43;46m▁▁[48;2;21;19;22m[38;2;0;0;0m [48;2;16;15;17m[38;2;213;211;214m▄[48;2;34;32;37m[38;2;230;228;232m▄[48;2;233;231;235m[38;2;0;0;0m [48;2;193;184;187m[38;2;250;243;246m▇[48;2;175;166;169m[38;2;234;227;230m▇[48;2;216;72;99m[38;2;216;72;99m  [48;2;233;78;110m[38;2;206;66;93m▊[48;2;235;142;153m[38;2;207;78;101m▊[48;2;248;248;249m[38;2;232;232;234m╴[48;2;183;183;185m[38;2;245;245;247m▇[48;2;157;148;151m[38;2;233;226;229m▇[48;2;39;31;33m[38;2;232;225;228m▄[48;2;210;70;102m[38;2;229;202;197m▄[48;2;159;46;68m[38;2;215;80;110m▇[48;2;213;103;119m[38;2;105;41;48m▝[48;2;20;14;19m[38;2;180;173;179m▄[48;2;4;2;7m[38;2;4;2;7m  [48;2;1;1;1m[38;2;1;1;1m      [0m
[48;2;1;1;1m[38;2;1;1;1m                [48;2;2;0;3m[38;2;2;0;3m  [48;2;3;1;4m[38;2;3;1;4m  [48;2;2;0;3m[38;2;2;0;3m  [48;2;1;1;1m[38;2;1;1;1m  [48;2;1;1;3m[38;2;1;1;3m  [48;2;3;1;6m[38;2;3;1;6m  [48;2;197;189;188m[38;2;24;18;16m▄[48;2;200;98;128m[38;2;204;195;195m▄[48;2;248;246;249m[38;2;229;227;230m▘[48;2;227;225;228m[38;2;246;244;246m▇[48;2;208;206;209m[38;2;249;247;249m▇▇[48;2;233;233;235m[38;2;251;251;252m▅[48;2;249;249;251m[38;2;244;244;246m▚[48;2;250;250;252m[38;2;250;250;252m    [48;2;229;166;181m[38;2;246;242;247m▊[48;2;214;75;101m[38;2;206;112;122m▃[48;2;197;96;126m[38;2;245;237;236m▄[48;2;249;245;243m[38;2;0;0;0m [48;2;250;250;252m[38;2;250;250;252m    [48;2;248;248;250m[38;2;248;248;250m  [48;2;249;249;251m[38;2;249;249;251m  [48;2;210;208;210m[38;2;0;0;0m [48;2;19;17;20m[38;2;170;168;171m▄[48;2;1;1;3m[38;2;1;1;3m  [48;2;1;1;1m[38;2;1;1;1m    [0m
[48;2;1;1;1m[38;2;1;1;1m            [48;2;1;1;3m[38;2;1;1;3m  [48;2;3;1;6m[38;2;3;1;6m      [48;2;1;1;3m[38;2;1;1;3m  [48;2;1;1;1m[38;2;1;1;1m    [48;2;1;1;3m[38;2;1;1;3m  [48;2;4;2;5m[38;2;4;2;5m  [48;2;205;204;207m[38;2;13;11;16m▄[48;2;219;217;222m[38;2;13;12;16m▄[48;2;225;224;229m[38;2;14;13;18m▄▄[48;2;224;223;228m[38;2;13;12;17m▄▄[48;2;223;221;224m[38;2;41;39;42m▄[48;2;241;239;242m[38;2;0;0;0m [48;2;250;250;252m[38;2;250;250;252m  [48;2;249;249;251m[38;2;249;249;251m  [48;2;250;250;252m[38;2;250;250;252m      [48;2;245;245;247m[38;2;0;0;0m [48;2;245;245;246m[38;2;164;164;166m▁[48;2;248;247;249m[38;2;150;148;151m▁▁[48;2;233;231;234m[38;2;109;107;110m▗[48;2;40;38;41m[38;2;229;227;230m▘[48;2;1;1;3m[38;2;1;1;3m  [48;2;1;1;1m[38;2;1;1;1m    [0m
[48;2;1;1;1m[38;2;1;1;1m            [48;2;3;1;6m[38;2;3;1;6m      [48;2;3;1;4m[38;2;3;1;4m  [48;2;1;1;3m[38;2;1;1;3m  [48;2;1;1;1m[38;2;1;1;1m    [48;2;3;1;6m[38;2;3;1;6m    [48;2;1;1;3m[38;2;1;1;3m      [48;2;79;77;80m[38;2;8;6;9m▊[48;2;248;247;249m[38;2;202;200;203m▎[48;2;250;250;252m[38;2;250;250;252m        [48;2;249;249;251m[38;2;249;249;251m  [48;2;72;67;71m[38;2;226;221;225m▊[48;2;27;22;26m[38;2;10;6;9m▇[48;2;5;3;6m[38;2;5;3;6m  [48;2;2;2;2m[38;2;2;2;2m  [48;2;1;1;1m[38;2;1;1;1m      [0m
[48;2;1;1;1m[38;2;1;1;1m            [48;2;1;1;3m[38;2;1;1;3m  [48;2;3;1;6m[38;2;3;1;6m  [48;2;2;0;3m[38;2;2;0;3m  [48;2;1;1;1m[38;2;1;1;1m  [48;2;3;1;6m[38;2;3;1;6m    [48;2;1;1;1m[38;2;1;1;1m        [48;2;1;1;3m[38;2;1;1;3m    [48;2;16;11;17m[38;2;0;0;0m [48;2;229;224;230m[38;2;55;50;56m▅[48;2;247;247;249m[38;2;247;247;249m  [48;2;250;250;252m[38;2;250;250;252m      [48;2;245;243;245m[38;2;0;0;0m [48;2;83;81;84m[38;2;223;221;224m▊[48;2;1;1;3m[38;2;1;1;3m  [48;2;1;1;1m[38;2;1;1;1m          [0m
[48;2;1;1;1m[38;2;1;1;1m              [48;2;2;0;3m[38;2;2;0;3m  [48;2;1;1;3m[38;2;1;1;3m    [48;2;3;1;6m[38;2;3;1;6m  [48;2;3;1;4m[38;2;3;1;4m  [48;2;1;1;3m[38;2;1;1;3m  [48;2;1;1;1m[38;2;1;1;1m    [48;2;1;1;3m[38;2;1;1;3m      [48;2;2;1;3m[38;2;11;9;12m│[48;2;100;98;101m[38;2;9;8;10m▊[48;2;255;254;255m[38;2;237;235;238m▌[48;2;253;251;253m[38;2;245;243;246m┃[48;2;250;250;252m[38;2;250;250;252m    [48;2;248;248;250m[38;2;248;248;250m  [48;2;97;95;98m[38;2;215;213;215m▊[48;2;4;2;5m[38;2;1;0;2m│[48;2;1;1;1m[38;2;1;1;1m            [0m
[48;2;1;1;1m[38;2;1;1;1m                [48;2;3;1;4m[38;2;3;1;4m  [48;2;3;1;6m[38;2;3;1;6m  [48;2;2;0;3m[38;2;2;0;3m  [48;2;3;1;6m[38;2;3;1;6m  [48;2;2;0;3m[38;2;2;0;3m  [48;2;1;1;1m[38;2;1;1;1m    [48;2;3;1;6m[38;2;3;1;6m  [48;2;1;1;3m[38;2;1;1;3m    [48;2;1;0;2m[38;2;20;18;21m╸[48;2;26;24;27m[38;2;135;133;136m▁[48;2;228;223;227m[38;2;85;80;84m▅[48;2;237;233;236m[38;2;107;102;106m▁[48;2;250;250;252m[38;2;250;250;252m    [48;2;242;241;243m[38;2;0;0;0m [48;2;206;204;207m[38;2;92;90;93m▁[48;2;2;0;3m[38;2;2;0;3m  [48;2;1;1;1m[38;2;1;1;1m            [0m
[48;2;1;1;1m[38;2;1;1;1m                    [48;2;0;0;0m[38;2;0;0;0m  [48;2;1;1;3m[38;2;1;1;3m  [48;2;1;1;1m[38;2;1;1;1m    [48;2;2;0;3m[38;2;2;0;3m  [48;2;1;1;3m[38;2;1;1;3m    [48;2;2;2;4m[38;2;2;2;4m  [48;2;35;33;36m[38;2;152;150;153m▁[48;2;245;244;246m[38;2;212;210;213m▎[48;2;239;237;240m[38;2;0;0;0m [48;2;58;56;59m[38;2;217;215;217m▅[48;2;214;209;212m[38;2;69;63;67m▅[48;2;226;220;224m[38;2;28;22;26m▅[48;2;223;219;222m[38;2;25;20;24m▅▅[48;2;172;166;170m[38;2;72;67;70m┓[48;2;29;23;27m[38;2;206;200;204m▅[48;2;1;0;2m[38;2;6;4;7m▃[38;2;8;6;9m━[48;2;1;1;1m[38;2;1;1;1m            [0m
[48;2;1;1;1m[38;2;1;1;1m                        [48;2;1;1;3m[38;2;1;1;3m  [48;2;3;1;6m[38;2;3;1;6m  [48;2;2;0;3m[38;2;2;0;3m  [48;2;1;1;3m[38;2;1;1;3m  [48;2;1;1;1m[38;2;1;1;1m  [48;2;1;0;2m[38;2;12;10;13m│[48;2;77;75;78m[38;2;7;5;8m▊[48;2;255;255;255m[38;2;237;237;239m▌[48;2;253;253;254m[38;2;245;245;247m┃[48;2;250;250;252m[38;2;250;250;252m  [48;2;239;238;240m[38;2;0;0;0m [48;2;34;32;35m[38;2;213;211;214m▅[48;2;25;21;26m[38;2;145;140;146m▁[48;2;99;94;100m[38;2;11;7;12m▊[48;2;248;248;250m[38;2;248;248;250m  [48;2;134;129;133m[38;2;239;235;238m▊[48;2;22;17;21m[38;2;137;132;136m▁[48;2;1;1;1m[38;2;1;1;1m            [0m
[48;2;1;1;1m[38;2;1;1;1m                    [48;2;2;0;3m[38;2;2;0;3m  [48;2;1;1;1m[38;2;1;1;1m  [48;2;3;1;6m[38;2;3;1;6m    [48;2;1;1;3m[38;2;1;1;3m    [48;2;1;1;1m[38;2;1;1;1m  [48;2;1;0;2m[38;2;7;5;8m│[48;2;66;64;67m[38;2;8;6;9m▊[48;2;229;227;230m[38;2;83;81;84m▁[48;2;245;243;246m[38;2;0;0;0m [48;2;250;250;252m[38;2;250;250;252m    [48;2;155;149;151m[38;2;246;241;243m▊[48;2;47;41;43m[38;2;141;135;137m▂[48;2;233;233;234m[38;2;90;90;92m▁[48;2;248;248;249m[38;2;0;0;0m [48;2;250;248;250m[38;2;250;248;250m▄[48;2;84;82;85m[38;2;247;245;248m▊[48;2;2;0;5m[38;2;2;0;5m  [48;2;1;1;1m[38;2;1;1;1m          [0m
[48;2;1;1;1m[38;2;1;1;1m                  [48;2;1;1;3m[38;2;1;1;3m  [48;2;2;0;3m[38;2;2;0;3m  [48;2;1;1;3m[38;2;1;1;3m  [48;2;3;1;6m[38;2;3;1;6m    [48;2;2;0;3m[38;2;2;0;3m  [48;2;1;1;3m[38;2;1;1;3m  [48;2;1;1;1m[38;2;1;1;1m  [48;2;1;1;3m[38;2;1;1;3m  [48;2;79;77;80m[38;2;8;6;9m▊[48;2;248;247;249m[38;2;202;200;203m▎[48;2;250;250;252m[38;2;250;250;252m    [48;2;249;249;251m[38;2;233;233;235m╵[48;2;238;238;239m[38;2;0;0;0m [48;2;75;73;76m[38;2;237;235;238m▅[48;2;247;245;247m[38;2;0;0;0m [48;2;249;249;251m[38;2;238;238;240m┏[48;2;251;251;253m[38;2;255;255;255m▌[48;2;76;74;77m[38;2;225;223;225m┓[48;2;1;0;2m[38;2;3;1;4m▄[48;2;1;1;1m[38;2;1;1;1m          [0m
[48;2;1;1;1m[38;2;1;1;1m                  [48;2;2;0;3m[38;2;2;0;3m    [48;2;3;1;6m[38;2;3;1;6m      [48;2;1;1;3m[38;2;1;1;3m  [48;2;1;1;1m[38;2;1;1;1m      [48;2;13;9;14m[38;2;0;0;0m [48;2;208;203;209m[38;2;42;37;43m▅[48;2;250;250;251m[38;2;232;232;234m▌[48;2;250;250;252m[38;2;255;255;255m▌[38;2;250;250;252m        [48;2;89;84;88m[38;2;240;236;240m▊[48;2;3;0;2m[38;2;12;7;11m│[48;2;1;1;1m[38;2;1;1;1m          [0m
[48;2;4;2;10m[38;2;23;2;126m▂▂▂▂▂▂▂▂▂▂▂▂▂▂▂▂▂▂[48;2;5;3;12m[38;2;24;2;129m▂▂[48;2;4;2;10m[38;2;23;2;126m▂▂[48;2;5;3;12m[38;2;24;2;129m▂▂▂▂▂▂[48;2;5;3;11m[38;2;24;3;127m▂▂[48;2;4;2;10m[38;2;23;2;126m▂▂▂▂▂▂[48;2;7;2;12m[38;2;32;7;135m▂[48;2;20;15;25m[38;2;29;4;131m▂[48;2;233;227;245m[38;2;52;46;76m▆[48;2;247;246;245m[38;2;226;222;233m▎[48;2;250;250;252m[38;2;250;250;252m        [48;2;88;83;103m[38;2;236;233;237m▊[48;2;6;4;12m[38;2;24;4;126m▂[48;2;4;2;10m[38;2;23;2;126m▂▂▂▂▂▂▂▂▂▂[0m
[48;2;38;3;183m[38;2;38;3;183m                                    [48;2;40;5;185m[38;2;40;5;185m  [48;2;64;41;183m[38;2;205;201;220m▂[48;2;250;248;245m[38;2;224;220;232m▎[48;2;250;250;252m[38;2;250;250;252m      [48;2;250;249;252m[38;2;0;0;0m [48;2;249;248;251m[38;2;211;210;215m▗[48;2;196;185;228m[38;2;70;46;177m▂[48;2;35;5;161m[38;2;37;4;188m▊[48;2;38;3;183m[38;2;38;3;183m          [0m
[48;2;38;3;183m[38;2;38;3;183m                                    [48;2;47;11;198m[38;2;35;0;187m┃[48;2;82;51;207m[38;2;35;5;168m▊[48;2;249;249;250m[38;2;206;206;208m▎[48;2;241;241;243m[38;2;253;253;254m┃[48;2;250;250;252m[38;2;250;250;252m      [48;2;253;253;251m[38;2;238;235;254m│[48;2;124;112;184m[38;2;242;242;240m▊[48;2;37;2;184m[38;2;37;2;184m  [48;2;38;3;183m[38;2;38;3;183m          [0m
[48;2;38;3;185m[38;2;38;3;185m                                    [48;2;40;13;185m[38;2;50;23;183m▄[48;2;78;57;180m[38;2;233;229;237m▆[48;2;249;249;251m[38;2;249;249;251m  [48;2;241;241;243m[38;2;251;251;252m▅[48;2;251;251;252m[38;2;241;241;243m▃[48;2;239;238;241m[38;2;77;60;168m▂[48;2;247;245;248m[38;2;0;0;0m [48;2;250;250;252m[38;2;250;250;252m  [48;2;180;171;215m[38;2;245;243;243m▊[48;2;189;177;229m[38;2;41;16;181m▆[48;2;38;3;185m[38;2;38;3;185m            [0m
[48;2;38;3;185m[38;2;38;3;185m                                    [48;2;91;58;157m[38;2;39;7;183m▊[48;2;233;225;229m[38;2;212;100;139m▂[48;2;249;249;251m[38;2;249;249;251m  [48;2;242;241;244m[38;2;0;0;0m [48;2;213;209;229m[38;2;51;32;173m▂[48;2;42;12;179m[38;2;0;0;0m [48;2;214;199;245m[38;2;66;39;180m▆[48;2;240;234;235m[38;2;219;113;147m▂[48;2;248;244;245m[38;2;0;0;0m [48;2;162;148;209m[38;2;250;245;250m▊[48;2;41;6;195m[38;2;34;9;162m▌[48;2;38;3;185m[38;2;38;3;185m            [0m
[48;2;38;3;185m[38;2;38;3;185m                                    [48;2;96;14;125m[38;2;43;7;191m▊[48;2;197;80;117m[38;2;213;75;88m┃[48;2;240;229;232m[38;2;197;78;116m▂[48;2;231;220;222m[38;2;186;67;105m▂[48;2;184;172;213m[38;2;42;12;175m▆[48;2;43;10;191m[38;2;0;0;0m [48;2;43;6;176m[38;2;96;18;176m╺[48;2;132;47;110m[38;2;65;18;190m▂[48;2;221;146;153m[38;2;208;75;92m▊[48;2;242;224;228m[38;2;214;69;115m▂[48;2;211;200;222m[38;2;158;62;111m▂[48;2;34;7;170m[38;2;42;9;183m▊[48;2;38;3;185m[38;2;38;3;185m            [0m
[48;2;38;3;185m[38;2;38;3;185m                                  [48;2;38;3;183m[38;2;38;3;183m  [48;2;37;7;152m[38;2;10;2;16m▂[48;2;147;52;84m[38;2;27;14;23m▆[48;2;222;79;106m[38;2;182;67;84m▎[48;2;165;50;67m[38;2;213;70;97m▊[48;2;37;14;141m[38;2;6;4;12m▆▆[48;2;39;10;137m[38;2;10;2;10m▆[48;2;50;21;148m[38;2;20;11;20m▆[48;2;213;66;95m[38;2;52;29;19m▂[48;2;219;73;102m[38;2;187;64;85m▖[48;2;140;42;74m[38;2;215;75;100m▊[48;2;37;16;65m[38;2;165;51;77m▂[48;2;26;2;124m[38;2;15;8;25m▅[48;2;34;3;171m[38;2;23;9;71m▃[48;2;38;3;185m[38;2;38;3;185m          [0m
[48;2;38;3;185m[38;2;38;3;185m                                    [48;2;17;9;37m[38;2;37;6;176m▆[48;2;16;7;36m[38;2;36;4;173m▂[48;2;147;46;75m[38;2;27;9;82m▆▆[48;2;8;3;24m[38;2;39;10;180m▂▂▂▂[48;2;21;10;29m[38;2;46;13;182m▂[48;2;137;45;73m[38;2;27;7;82m▆[48;2;147;46;75m[38;2;27;9;82m▆▆[48;2;17;7;47m[38;2;37;4;183m▂[48;2;32;17;87m[38;2;33;2;172m▆[48;2;38;3;185m[38;2;38;3;185m          [0m
[48;2;40;2;185m[38;2;40;2;185m                                                            [0m
[48;2;40;2;185m[38;2;40;2;185m                                                            [0m
