[48;2;1;1;1m[38;2;1;1;1m                                                            [0m
[48;2;1;1;1m[38;2;1;1;1m                                                            [0m
[48;2;1;1;1m[38;2;1;1;1m                                                            [0m
[48;2;1;1;1m[38;2;1;1;1m                                                      [48;2;1;1;3m[38;2;1;1;3m  [48;2;1;1;1m[38;2;1;1;1m    [0m
[48;2;1;1;1m[38;2;1;1;1m                          [48;2;3;1;6m[38;2;3;1;6m  [48;2;1;1;3m[38;2;1;1;3m  [48;2;1;1;1m[38;2;1;1;1m                      [48;2;3;1;4m[38;2;3;1;4m  [48;2;3;1;6m[38;2;3;1;6m  [48;2;2;0;3m[38;2;2;0;3m  [48;2;1;1;1m[38;2;1;1;1m  [0m
[48;2;1;1;1m[38;2;1;1;1m                        [48;2;1;1;3m[38;2;1;1;3m  [48;2;3;1;6m[38;2;3;1;6m    [48;2;2;0;3m[38;2;2;0;3m  [48;2;1;1;3m[38;2;1;1;3m  [48;2;2;0;3m[38;2;2;0;3m  [48;2;1;1;3m[38;2;1;1;3m  [48;2;21;16;20m[38;2;0;0;0m [48;2;11;8;10m[38;2;200;195;199m▄[48;2;10;8;11m[38;2;220;218;221m▄▄[48;2;11;10;10m[38;2;210;209;210m▄[48;2;33;32;32m[38;2;222;220;221m▃[48;2;3;3;3m[38;2;3;3;3m  [48;2;1;1;1m[38;2;1;1;1m    [48;2;3;1;6m[38;2;3;1;6m      [48;2;1;1;3m[38;2;1;1;3m  [48;2;1;1;1m[38;2;1;1;1m  [0m
[48;2;1;1;1m[38;2;1;1;1m                    [48;2;3;1;6m[38;2;3;1;6m  [48;2;2;0;3m[38;2;2;0;3m  [48;2;3;1;4m[38;2;3;1;4m  [48;2;3;1;6m[38;2;3;1;6m    [48;2;2;0;3m[38;2;2;0;3m  [48;2;3;1;6m[38;2;3;1;6m    [48;2;1;1;3m[38;2;1;1;3m  [48;2;11;7;10m[38;2;0;0;0m [48;2;36;32;35m [48;2;242;232;237m[38;2;204;90;109m▄[48;2;248;240;245m[38;2;214;100;119m▄[48;2;248;248;250m[38;2;248;248;250m  [48;2;122;120;123m[38;2;227;225;228m▊[48;2;1;0;2m[38;2;29;27;30m▎[48;2;1;1;3m[38;2;1;1;3m  [48;2;4;2;5m[38;2;4;2;5m  [48;2;3;1;6m[38;2;3;1;6m      [48;2;1;1;3m[38;2;1;1;3m  [48;2;1;1;1m[38;2;1;1;1m  [0m
[48;2;1;1;1m[38;2;1;1;1m                    [48;2;1;1;3m[38;2;1;1;3m  [48;2;3;1;6m[38;2;3;1;6m      [48;2;14;6;9m[38;2;184;53;76m▄[48;2;15;7;10m[38;2;205;74;97m▄[48;2;22;8;9m[38;2;174;67;99m▄[48;2;16;5;5m[38;2;0;0;0m [48;2;3;1;4m[38;2;3;1;4m  [48;2;1;1;3m[38;2;1;1;3m  [48;2;0;0;0m[38;2;5;5;5m▃▃[48;2;9;4;5m[38;2;19;13;15m▂[48;2;42;36;38m[38;2;11;6;7m▊[48;2;203;65;93m[38;2;0;0;0m [48;2;50;22;16m[38;2;199;68;95m▄[48;2;217;149;160m[38;2;208;81;102m▊[48;2;246;226;236m[38;2;251;254;255m┃[48;2;123;121;124m[38;2;244;243;245m▊[48;2;19;17;20m[38;2;2;0;3m┃[48;2;22;13;12m[38;2;0;0;0m [48;2;71;20;31m[38;2;214;86;124m▃[48;2;195;54;81m[38;2;219;75;103m▄[48;2;211;78;103m[38;2;107;36;40m▝[48;2;13;9;7m[38;2;201;107;137m▄[48;2;11;12;10m[38;2;231;228;228m▄[48;2;46;42;47m[38;2;225;221;225m▖[48;2;10;5;11m[38;2;28;23;29m╷[48;2;3;1;6m[38;2;3;1;6m  [48;2;1;1;3m[38;2;1;1;3m  [48;2;1;1;1m[38;2;1;1;1m  [0m
[48;2;1;1;1m[38;2;1;1;1m                    [48;2;2;2;4m[38;2;2;2;4m  [48;2;3;1;4m[38;2;3;1;4m  [48;2;3;1;6m[38;2;3;1;6m    [48;2;192;75;99m[38;2;204;190;179m▄[48;2;216;70;104m[38;2;219;107;129m▎[48;2;218;112;132m[38;2;216;68;92m▊[48;2;232;231;233m[38;2;230;187;194m▎[48;2;33;31;34m[38;2;235;233;235m▄[48;2;15;14;16m[38;2;233;231;234m▄[38;2;232;231;233m▄[48;2;32;30;33m[38;2;234;232;235m▄[48;2;176;174;177m[38;2;247;245;248m▇▇[48;2;193;184;187m[38;2;250;243;246m▇[48;2;175;166;169m[38;2;234;227;230m▇[48;2;216;72;99m[38;2;216;72;99m  [48;2;211;78;109m[38;2;0;0;0m [48;2;247;228;222m[38;2;212;111;132m▄[48;2;248;248;249m[38;2;232;232;234m╴[48;2;183;183;185m[38;2;245;245;247m▇[48;2;200;198;201m[38;2;249;248;250m▇[48;2;216;214;217m[38;2;247;245;248m▇[48;2;241;227;228m[38;2;0;0;0m [48;2;231;210;213m[38;2;210;71;114m▘[48;2;249;249;251m[38;2;249;249;251m  [48;2;243;238;242m[38;2;0;0;0m [48;2;41;36;40m[38;2;213;209;213m▊[48;2;1;1;1m[38;2;1;1;1m      [0m
[48;2;1;1;1m[38;2;1;1;1m                [48;2;2;0;3m[38;2;2;0;3m  [48;2;3;1;4m[38;2;3;1;4m  [48;2;2;0;3m[38;2;2;0;3m  [48;2;1;1;1m[38;2;1;1;1m  [48;2;1;1;3m[38;2;1;1;3m  [48;2;3;1;6m[38;2;3;1;6m  [48;2;20;11;10m[38;2;0;0;0m [48;2;155;52;82m[38;2;15;4;4m▄[48;2;216;211;215m[38;2;29;25;28m▄[48;2;240;236;239m[38;2;162;157;161m▁[48;2;255;254;255m[38;2;243;241;244m▄▄[48;2;247;247;248m[38;2;211;211;213m▂[48;2;250;250;252m[38;2;0;0;0m [38;2;250;250;252m    [48;2;229;166;181m[38;2;246;242;247m▊[48;2;214;75;101m[38;2;206;112;122m▃[48;2;197;96;126m[38;2;247;239;238m▄[48;2;250;245;243m[38;2;0;0;0m [48;2;250;250;252m[38;2;250;250;252m    [38;2;221;221;223m▁[48;2;245;245;247m[38;2;194;194;196m▁[48;2;216;214;216m[38;2;0;0;0m [48;2;229;227;230m[38;2;17;15;18m▄[48;2;177;175;178m[38;2;16;14;17m▄[48;2;9;8;10m[38;2;22;20;23m╴[48;2;1;1;3m[38;2;1;1;3m  [48;2;1;1;1m[38;2;1;1;1m    [0m
[48;2;1;1;1m[38;2;1;1;1m            [48;2;1;1;3m[38;2;1;1;3m  [48;2;3;1;6m[38;2;3;1;6m      [48;2;1;1;3m[38;2;1;1;3m  [48;2;1;1;1m[38;2;1;1;1m    [48;2;1;1;3m[38;2;1;1;3m    [48;2;4;2;5m[38;2;4;2;5m  [48;2;13;11;14m[38;2;3;1;4m▅▅[48;2;18;16;19m[38;2;0;0;0m [48;2;212;210;213m[38;2;13;12;14m▄[48;2;223;221;224m[38;2;41;39;42m▄[48;2;241;239;242m[38;2;0;0;0m [48;2;250;250;252m[38;2;250;250;252m  [48;2;249;249;251m[38;2;249;249;251m  [48;2;250;250;252m[38;2;250;250;252m    [48;2;249;249;251m[38;2;249;249;251m  [48;2;80;75;79m[38;2;224;220;223m▊[48;2;3;0;2m[38;2;14;9;13m▄[48;2;2;2;2m[38;2;2;2;2m  [48;2;1;1;3m[38;2;1;1;3m    [48;2;1;1;1m[38;2;1;1;1m    [0m
[48;2;1;1;1m[38;2;1;1;1m            [48;2;3;1;6m[38;2;3;1;6m      [48;2;3;1;4m[38;2;3;1;4m  [48;2;1;1;3m[38;2;1;1;3m  [48;2;1;1;1m[38;2;1;1;1m    [48;2;3;1;6m[38;2;3;1;6m    [48;2;1;1;3m[38;2;1;1;3m      [48;2;65;60;64m[38;2;12;7;11m▊[48;2;233;229;233m[38;2;153;148;152m▁[48;2;250;250;252m[38;2;250;250;252m        [48;2;239;237;240m[38;2;251;250;252m▌[48;2;102;100;103m[38;2;248;247;249m▊[48;2;3;1;6m[38;2;3;1;6m    [48;2;1;1;3m[38;2;1;1;3m  [48;2;1;1;1m[38;2;1;1;1m      [0m
[48;2;1;1;1m[38;2;1;1;1m            [48;2;1;1;3m[38;2;1;1;3m  [48;2;3;1;6m[38;2;3;1;6m  [48;2;2;0;3m[38;2;2;0;3m  [48;2;1;1;1m[38;2;1;1;1m  [48;2;3;1;6m[38;2;3;1;6m    [48;2;1;1;1m[38;2;1;1;1m        [48;2;1;1;3m[38;2;1;1;3m    [48;2;2;1;3m[38;2;11;9;12m│[48;2;100;98;101m[38;2;9;8;10m▊[48;2;255;254;255m[38;2;237;235;238m▌[48;2;253;251;253m[38;2;245;243;246m┃[48;2;250;250;252m[38;2;250;250;252m      [48;2;171;169;172m[38;2;245;244;246m▊[48;2;193;191;194m[38;2;31;29;32m▅[48;2;1;1;3m[38;2;1;1;3m  [48;2;1;1;1m[38;2;1;1;1m          [0m
[48;2;1;1;1m[38;2;1;1;1m              [48;2;2;0;3m[38;2;2;0;3m  [48;2;1;1;3m[38;2;1;1;3m    [48;2;3;1;6m[38;2;3;1;6m  [48;2;3;1;4m[38;2;3;1;4m  [48;2;1;1;3m[38;2;1;1;3m  [48;2;1;1;1m[38;2;1;1;1m    [48;2;1;1;3m[38;2;1;1;3m      [48;2;2;1;3m[38;2;11;9;12m│[48;2;100;98;101m[38;2;9;8;10m▊[48;2;255;254;255m[38;2;237;235;238m▌[48;2;253;251;253m[38;2;245;243;246m┃[48;2;250;250;252m[38;2;250;250;252m    [48;2;248;248;250m[38;2;248;248;250m  [48;2;97;95;98m[38;2;215;213;215m▊[48;2;4;2;5m[38;2;1;0;2m│[48;2;1;1;1m[38;2;1;1;1m            [0m
[48;2;1;1;1m[38;2;1;1;1m                [48;2;3;1;4m[38;2;3;1;4m  [48;2;3;1;6m[38;2;3;1;6m  [48;2;2;0;3m[38;2;2;0;3m  [48;2;3;1;6m[38;2;3;1;6m  [48;2;2;0;3m[38;2;2;0;3m  [48;2;1;1;1m[38;2;1;1;1m    [48;2;3;1;6m[38;2;3;1;6m  [48;2;1;1;3m[38;2;1;1;3m    [48;2;1;0;2m[38;2;20;18;21m╸[48;2;26;24;27m[38;2;135;133;136m▁[48;2;228;223;227m[38;2;85;80;84m▅[48;2;237;233;236m[38;2;107;102;106m▁[48;2;250;250;252m[38;2;250;250;252m    [48;2;242;241;243m[38;2;0;0;0m [48;2;206;204;207m[38;2;92;90;93m▁[48;2;2;0;3m[38;2;2;0;3m  [48;2;1;1;1m[38;2;1;1;1m            [0m
[48;2;1;1;1m[38;2;1;1;1m                    [48;2;0;0;0m[38;2;0;0;0m  [48;2;1;1;3m[38;2;1;1;3m  [48;2;1;1;1m[38;2;1;1;1m    [48;2;2;0;3m[38;2;2;0;3m  [48;2;1;1;3m[38;2;1;1;3m    [48;2;10;8;11m[38;2;3;1;4m▚[48;2;6;4;7m[38;2;1;0;2m▌[48;2;48;46;49m[38;2;226;224;227m▅[48;2;241;239;242m[38;2;0;0;0m [48;2;239;237;240m [48;2;58;56;59m[38;2;217;215;217m▅[48;2;219;214;217m[38;2;72;67;70m▅[48;2;223;218;222m[38;2;69;64;67m▅[48;2;223;219;222m[38;2;25;20;24m▅▅[48;2;172;166;170m[38;2;72;67;70m┓[48;2;29;23;27m[38;2;206;200;204m▅[48;2;1;0;2m[38;2;6;4;7m▃[38;2;8;6;9m━[48;2;1;1;1m[38;2;1;1;1m            [0m
[48;2;1;1;1m[38;2;1;1;1m                        [48;2;1;1;3m[38;2;1;1;3m  [48;2;3;1;6m[38;2;3;1;6m  [48;2;2;0;3m[38;2;2;0;3m  [48;2;1;1;3m[38;2;1;1;3m  [48;2;1;1;1m[38;2;1;1;1m  [48;2;1;0;2m[38;2;12;10;13m│[48;2;77;75;78m[38;2;7;5;8m▊[48;2;255;255;255m[38;2;237;237;239m▌[48;2;253;253;254m[38;2;245;245;247m┃[48;2;250;250;252m[38;2;250;250;252m  [48;2;249;249;251m[38;2;233;233;235m╵[48;2;238;238;239m[38;2;0;0;0m [48;2;35;30;34m[38;2;203;198;202m▅[48;2;83;78;82m[38;2;19;14;18m▊[48;2;234;232;235m[38;2;92;90;93m▁[48;2;255;254;255m[38;2;255;253;255m▄[48;2;134;129;133m[38;2;239;235;238m▊[48;2;22;17;21m[38;2;137;132;136m▁[48;2;1;1;1m[38;2;1;1;1m            [0m
[48;2;1;1;1m[38;2;1;1;1m                    [48;2;2;0;3m[38;2;2;0;3m  [48;2;1;1;1m[38;2;1;1;1m  [48;2;3;1;6m[38;2;3;1;6m    [48;2;1;1;3m[38;2;1;1;3m    [48;2;1;1;1m[38;2;1;1;1m  [48;2;1;0;2m[38;2;7;5;8m│[48;2;66;64;67m[38;2;8;6;9m▊[48;2;229;227;230m[38;2;83;81;84m▁[48;2;245;243;246m[38;2;0;0;0m [48;2;250;250;252m[38;2;250;250;252m    [48;2;236;234;237m[38;2;0;0;0m [48;2;35;33;36m[38;2;208;206;209m▅[48;2;138;136;139m[38;2;18;16;19m▊[48;2;235;233;236m[38;2;252;251;253m┃[48;2;250;248;250m[38;2;250;248;250m▄[48;2;84;82;85m[38;2;247;245;248m▊[48;2;2;0;5m[38;2;2;0;5m  [48;2;1;1;1m[38;2;1;1;1m          [0m
[48;2;1;1;1m[38;2;1;1;1m                  [48;2;1;1;3m[38;2;1;1;3m  [48;2;2;0;3m[38;2;2;0;3m  [48;2;1;1;3m[38;2;1;1;3m  [48;2;3;1;6m[38;2;3;1;6m    [48;2;2;0;3m[38;2;2;0;3m  [48;2;1;1;3m[38;2;1;1;3m  [48;2;1;1;1m[38;2;1;1;1m  [48;2;1;1;3m[38;2;1;1;3m  [48;2;62;57;63m[38;2;12;7;13m▊[48;2;224;220;225m[38;2;53;48;54m▁[48;2;249;249;251m[38;2;249;249;251m  [48;2;250;250;252m[38;2;250;250;252m  [48;2;249;249;250m[38;2;0;0;0m [48;2;248;248;249m[38;2;210;210;212m▝[48;2;76;74;77m[38;2;238;236;238m▅[48;2;247;246;248m[38;2;0;0;0m [48;2;249;249;251m[38;2;238;238;240m┏[48;2;251;251;253m[38;2;255;255;255m▌[48;2;76;74;77m[38;2;225;223;225m┓[48;2;1;0;2m[38;2;3;1;4m▄[48;2;1;1;1m[38;2;1;1;1m          [0m
[48;2;1;1;1m[38;2;1;1;1m                  [48;2;2;0;3m[38;2;2;0;3m    [48;2;3;1;6m[38;2;3;1;6m      [48;2;1;1;3m[38;2;1;1;3m  [48;2;1;1;1m[38;2;1;1;1m      [48;2;2;1;5m[38;2;11;9;14m│[48;2;100;98;103m[38;2;9;8;12m▊[48;2;255;255;255m[38;2;236;236;238m▌[48;2;252;252;253m[38;2;244;244;246m┃[48;2;250;250;252m[38;2;250;250;252m      [48;2;250;250;251m[38;2;0;0;0m [48;2;249;249;250m[38;2;211;211;213m▗[48;2;85;80;84m[38;2;197;192;196m▊[48;2;3;0;2m[38;2;20;15;19m▄[48;2;1;1;1m[38;2;1;1;1m          [0m
[48;2;4;2;10m[38;2;23;2;126m▂▂▂▂▂▂▂▂▂▂▂▂▂▂▂▂▂▂[48;2;5;3;12m[38;2;24;2;129m▂▂[48;2;4;2;10m[38;2;23;2;126m▂▂[48;2;5;3;12m[38;2;24;2;129m▂▂▂▂▂▂[48;2;5;3;11m[38;2;24;3;127m▂▂[48;2;4;2;10m[38;2;23;2;126m▂▂▂▂▂▂[48;2;10;7;27m[38;2;63;44;152m▁[48;2;48;45;53m[38;2;238;235;244m▁[48;2;250;248;251m[38;2;232;230;233m▌[38;2;255;254;255m▌[48;2;250;250;252m[38;2;250;250;252m      [48;2;239;238;243m[38;2;251;250;253m▌[48;2;102;101;106m[38;2;248;247;251m▊[48;2;4;2;11m[38;2;23;1;128m▂▂[48;2;4;2;10m[38;2;23;2;126m▂▂▂▂▂▂▂▂▂▂[0m
[48;2;38;3;183m[38;2;38;3;183m                                    [48;2;88;70;169m[38;2;38;7;188m▊[48;2;252;251;247m[38;2;204;198;224m▎[48;2;250;250;252m[38;2;250;250;252m        [48;2;177;166;216m[38;2;246;242;248m▊[48;2;202;198;214m[38;2;44;21;170m▆[48;2;38;3;183m[38;2;38;3;183m            [0m
[48;2;38;3;183m[38;2;38;3;183m                                  [48;2;37;3;178m[38;2;33;0;174m▌[48;2;49;15;190m[38;2;44;10;185m▌[48;2;69;55;178m[38;2;230;229;232m▆[48;2;245;243;250m[38;2;0;0;0m [48;2;250;250;252m[38;2;250;250;252m      [48;2;249;248;252m[38;2;233;232;238m╷[48;2;174;173;179m[38;2;244;243;247m▊[48;2;205;194;232m[38;2;47;16;180m▆[48;2;37;7;184m[38;2;0;0;0m [48;2;38;3;183m[38;2;38;3;183m            [0m
[48;2;38;3;185m[38;2;38;3;185m                                  [48;2;37;2;180m[38;2;39;4;191m▊[48;2;60;29;186m[38;2;29;0;162m▌[48;2;239;232;236m[38;2;203;113;143m▂[48;2;248;244;246m[38;2;0;0;0m [48;2;250;250;252m[38;2;250;250;252m      [48;2;174;165;207m[38;2;243;242;239m▊[48;2;190;179;227m[38;2;44;19;182m▆[48;2;38;3;185m[38;2;38;3;185m              [0m
[48;2;38;3;185m[38;2;38;3;185m                                  [48;2;41;8;171m[38;2;41;4;192m┃[48;2;41;21;110m▊[48;2;211;98;118m[38;2;215;71;92m▊[48;2;236;228;230m[38;2;214;103;138m▂[48;2;237;236;241m[38;2;249;248;251m▊[48;2;193;192;197m[38;2;244;243;247m▊[48;2;213;209;224m[38;2;72;48;188m▆[48;2;247;246;241m[38;2;225;222;230m▎[48;2;251;250;254m[38;2;238;237;243m╵[48;2;185;184;190m[38;2;244;243;247m▊[48;2;176;162;216m[38;2;41;10;186m▆[48;2;42;9;181m[38;2;0;0;0m [48;2;38;3;185m[38;2;38;3;185m              [0m
[48;2;38;3;185m[38;2;38;3;185m                                  [48;2;39;4;184m[38;2;39;4;184m  [48;2;165;65;104m[38;2;51;12;166m▆[48;2;212;71;102m[38;2;0;0;0m [48;2;239;207;229m[38;2;198;69;105m▆[48;2;183;188;213m[38;2;94;34;132m▆[48;2;50;13;188m[38;2;0;0;0m [48;2;199;182;229m[38;2;45;14;165m▆[48;2;238;217;227m[38;2;210;75;103m▆[48;2;215;195;206m[38;2;203;69;97m▆[48;2;43;7;168m[38;2;157;56;123m▂[48;2;39;4;189m[38;2;59;14;175m▖[48;2;38;3;185m[38;2;38;3;185m              [0m
[48;2;38;3;185m[38;2;38;3;185m                                  [48;2;35;1;181m[38;2;32;2;154m▗[48;2;43;10;174m[38;2;21;5;69m▃[48;2;40;17;125m[38;2;9;3;13m▆[48;2;144;55;76m[38;2;14;4;15m▆[48;2;167;50;85m[38;2;8;6;3m▆▆[48;2;35;10;134m[38;2;6;2;8m▆[48;2;46;22;145m[38;2;16;11;16m▆[48;2;210;63;97m[38;2;52;21;19m▃[48;2;205;70;100m[38;2;29;22;10m▂[48;2;213;69;104m[38;2;0;0;0m [48;2;97;36;129m[38;2;195;72;84m▅[48;2;36;12;72m[38;2;200;82;97m▂[48;2;41;16;78m[38;2;171;53;68m▂[48;2;38;6;169m[38;2;28;16;55m▂[48;2;33;2;174m[38;2;43;5;202m▗[48;2;38;3;185m[38;2;38;3;185m          [0m
[48;2;38;3;185m[38;2;38;3;185m                                  [48;2;36;1;179m[38;2;36;4;161m▝[48;2;36;21;75m[38;2;36;2;181m▆[48;2;8;6;12m[38;2;30;4;150m▃▃[48;2;8;6;11m[38;2;30;5;149m▃▃[48;2;8;3;24m[38;2;39;10;180m▂▂[48;2;11;4;24m[38;2;42;10;181m▂▂[48;2;155;55;81m[38;2;27;8;81m▆▆[48;2;149;52;62m[38;2;29;9;91m▆▆[48;2;37;18;95m[38;2;37;2;180m▆[48;2;37;3;172m[38;2;37;0;199m▝[48;2;38;3;185m[38;2;38;3;185m          [0m
[48;2;40;2;185m[38;2;40;2;185m                                                            [0m
[48;2;40;2;185m[38;2;40;2;185m                                                            [0m
