[48;2;1;1;1m[38;2;1;1;1m                                                            [0m
[48;2;1;1;1m[38;2;1;1;1m                                                            [0m
[48;2;1;1;1m[38;2;1;1;1m                                                            [0m
[48;2;1;1;1m[38;2;1;1;1m                                                      [48;2;1;1;3m[38;2;1;1;3m  [48;2;1;1;1m[38;2;1;1;1m    [0m
[48;2;1;1;1m[38;2;1;1;1m                          [48;2;3;1;6m[38;2;3;1;6m  [48;2;1;1;3m[38;2;1;1;3m  [48;2;1;1;1m[38;2;1;1;1m                      [48;2;3;1;4m[38;2;3;1;4m  [48;2;3;1;6m[38;2;3;1;6m  [48;2;2;0;3m[38;2;2;0;3m  [48;2;1;1;1m[38;2;1;1;1m  [0m
[48;2;1;1;1m[38;2;1;1;1m                        [48;2;1;1;3m[38;2;1;1;3m  [48;2;3;1;6m[38;2;3;1;6m    [48;2;2;0;3m[38;2;2;0;3m  [48;2;1;1;3m[38;2;1;1;3m  [48;2;2;0;3m[38;2;2;0;3m  [48;2;9;7;8m[38;2;2;1;1m▚[48;2;5;3;4m[38;2;1;0;0m▌[48;2;36;31;35m[38;2;224;219;223m▃[48;2;14;10;13m[38;2;218;214;218m▄[48;2;10;8;11m[38;2;220;218;221m▄▄[48;2;31;30;32m[38;2;205;204;206m▃[48;2;11;9;12m[38;2;0;0;0m [48;2;1;1;1m[38;2;1;1;1m      [48;2;3;1;6m[38;2;3;1;6m      [48;2;1;1;3m[38;2;1;1;3m  [48;2;1;1;1m[38;2;1;1;1m  [0m
[48;2;1;1;1m[38;2;1;1;1m                    [48;2;3;1;6m[38;2;3;1;6m  [48;2;48;19;20m[38;2;190;67;95m▗[48;2;206;64;98m[38;2;112;50;57m▘[48;2;61;16;25m[38;2;185;69;103m▄[48;2;22;10;9m[38;2;0;0;0m [48;2;14;10;13m[38;2;187;182;186m▄[48;2;15;11;14m[38;2;219;214;218m▄[48;2;19;15;18m[38;2;218;214;217m▄[48;2;25;21;24m[38;2;0;0;0m [48;2;2;1;3m[38;2;12;10;13m▃▃[48;2;4;2;7m[38;2;4;2;7m  [48;2;3;1;6m[38;2;3;1;6m  [48;2;1;1;3m[38;2;1;1;3m  [48;2;100;72;77m[38;2;23;17;16m▊[48;2;235;225;226m[38;2;195;90;121m▄[48;2;248;243;242m[38;2;202;104;132m▄[48;2;245;242;239m[38;2;0;0;0m [48;2;250;248;251m[38;2;255;254;255m▃[48;2;205;203;206m[38;2;0;0;0m [48;2;4;2;3m[38;2;4;2;3m  [48;2;1;1;3m[38;2;1;1;3m  [48;2;3;1;4m[38;2;3;1;4m  [48;2;5;3;8m[38;2;5;3;8m    [48;2;3;1;6m[38;2;3;1;6m  [48;2;1;1;1m[38;2;1;1;1m    [0m
[48;2;1;1;1m[38;2;1;1;1m                    [48;2;1;1;3m[38;2;1;1;3m  [48;2;16;6;7m[38;2;0;0;0m [48;2;159;56;89m[38;2;21;8;10m▄[48;2;208;69;94m[38;2;165;47;65m▂[48;2;192;74;92m[38;2;214;75;100m▆[48;2;185;82;101m[38;2;209;76;95m▊[48;2;252;241;247m[38;2;204;159;166m▎[48;2;247;247;249m[38;2;223;223;225m▁[48;2;174;174;176m[38;2;244;244;246m▇[48;2;155;154;159m[38;2;246;245;249m▇▇[48;2;153;151;154m[38;2;241;239;242m▇[48;2;33;31;34m[38;2;230;228;231m▄[48;2;15;14;16m[38;2;232;230;233m▄[48;2;14;12;15m[38;2;213;211;214m▄[48;2;1;0;0m[38;2;7;5;6m▄[48;2;19;18;18m[38;2;0;0;0m [48;2;39;19;26m[38;2;223;200;209m▄[48;2;193;67;88m[38;2;207;81;102m▄[48;2;55;25;20m[38;2;202;70;99m▄[48;2;227;151;161m[38;2;208;78;106m▊[48;2;238;238;240m[38;2;249;249;250m┃[48;2;236;236;237m[38;2;0;0;0m [48;2;21;19;22m[38;2;226;224;227m▄[48;2;13;11;14m[38;2;202;200;203m▄[48;2;12;7;11m[38;2;0;0;0m [48;2;29;25;28m [48;2;16;14;17m[38;2;228;226;229m▄▄[48;2;68;66;69m[38;2;233;231;234m▄[48;2;158;156;159m[38;2;243;241;244m▇[48;2;144;142;145m[38;2;241;240;242m▇[48;2;241;240;242m[38;2;101;99;102m▝[48;2;13;12;14m[38;2;221;223;226m▄[48;2;13;10;12m[38;2;223;176;195m▄[48;2;17;9;10m[38;2;194;63;84m▄[48;2;73;22;38m[38;2;202;69;91m▄[48;2;205;73;105m[38;2;77;17;25m▝[48;2;31;8;7m[38;2;165;68;88m▖[0m
[48;2;1;1;1m[38;2;1;1;1m                    [48;2;2;2;4m[38;2;2;2;4m  [48;2;3;1;4m[38;2;3;1;4m  [48;2;6;4;9m[38;2;6;4;9m  [48;2;46;44;49m[38;2;5;3;8m▇▇[48;2;70;68;71m[38;2;11;9;12m▇[48;2;210;208;211m[38;2;19;17;20m▄[48;2;238;236;238m[38;2;25;23;26m▄▄[48;2;243;241;244m[38;2;183;181;184m▁[48;2;250;249;251m[38;2;210;208;211m▁[48;2;250;250;252m[38;2;250;250;252m  [48;2;255;254;255m[38;2;243;241;244m▄▄[48;2;225;184;192m[38;2;245;247;250m▊[48;2;217;96;116m[38;2;210;60;89m┃[48;2;229;80;110m[38;2;206;73;98m┃[48;2;215;140;145m[38;2;215;69;98m▊[48;2;250;250;252m[38;2;250;250;252m  [48;2;249;249;251m[38;2;249;249;251m  [48;2;255;254;255m[38;2;244;242;245m▄▄[48;2;250;250;252m[38;2;250;250;252m  [48;2;247;247;248m[38;2;235;235;237m▁[48;2;251;251;252m[38;2;224;224;226m▂[48;2;210;209;211m[38;2;0;0;0m [48;2;236;234;236m[38;2;29;28;30m▄[48;2;233;234;234m[38;2;24;22;21m▄[48;2;224;176;191m[38;2;17;12;11m▄[48;2;203;68;90m[38;2;19;8;11m▄▄[48;2;38;14;17m[38;2;187;60;99m▘[48;2;20;16;13m[38;2;8;7;3m▇[0m
[48;2;1;1;1m[38;2;1;1;1m                [48;2;2;0;3m[38;2;2;0;3m  [48;2;3;1;4m[38;2;3;1;4m  [48;2;2;0;3m[38;2;2;0;3m  [48;2;1;1;1m[38;2;1;1;1m  [48;2;1;1;3m[38;2;1;1;3m  [48;2;3;1;6m[38;2;3;1;6m  [48;2;1;1;3m[38;2;1;1;3m  [48;2;1;1;1m[38;2;1;1;1m  [48;2;25;23;26m[38;2;1;0;2m▆[48;2;45;43;46m[38;2;7;5;8m▆[48;2;220;218;221m[38;2;34;33;35m▄[48;2;241;239;242m[38;2;184;182;185m▁[48;2;250;250;252m[38;2;250;250;252m  [48;2;238;236;237m[38;2;246;254;252m▊[48;2;211;185;194m[38;2;251;239;244m▊[48;2;216;86;116m[38;2;0;0;0m [48;2;207;95;119m[38;2;241;237;226m▄[48;2;250;250;252m[38;2;250;250;252m      [48;2;244;243;245m[38;2;0;0;0m [48;2;218;216;219m [48;2;187;185;188m[38;2;15;13;16m▄[48;2;31;29;32m[38;2;1;0;2m▇[48;2;3;3;5m[38;2;3;3;5m  [48;2;1;1;3m[38;2;1;1;3m  [48;2;1;1;1m[38;2;1;1;1m    [0m
[48;2;1;1;1m[38;2;1;1;1m            [48;2;1;1;3m[38;2;1;1;3m  [48;2;3;1;6m[38;2;3;1;6m      [48;2;1;1;3m[38;2;1;1;3m  [48;2;1;1;1m[38;2;1;1;1m    [48;2;1;1;3m[38;2;1;1;3m      [48;2;3;1;4m[38;2;3;1;4m  [48;2;1;0;2m[38;2;9;7;10m│[48;2;68;66;69m[38;2;9;8;10m▊[48;2;237;235;238m[38;2;165;163;166m▁[48;2;255;254;255m[38;2;253;251;254m▄[48;2;250;250;252m[38;2;250;250;252m  [48;2;249;249;251m[38;2;249;249;251m  [48;2;250;250;252m[38;2;250;250;252m    [48;2;250;250;251m[38;2;228;228;230m╵[48;2;226;226;228m[38;2;0;0;0m [48;2;182;180;183m[38;2;15;13;16m▄[48;2;7;6;8m[38;2;0;0;0m [48;2;1;1;1m[38;2;1;1;1m  [48;2;1;1;3m[38;2;1;1;3m    [48;2;1;1;1m[38;2;1;1;1m    [0m
[48;2;1;1;1m[38;2;1;1;1m            [48;2;3;1;6m[38;2;3;1;6m      [48;2;3;1;4m[38;2;3;1;4m  [48;2;1;1;3m[38;2;1;1;3m  [48;2;1;1;1m[38;2;1;1;1m    [48;2;3;1;6m[38;2;3;1;6m    [48;2;1;1;3m[38;2;1;1;3m      [48;2;80;78;81m[38;2;8;7;9m▊[48;2;249;247;250m[38;2;203;201;204m▎[48;2;250;250;252m[38;2;250;250;252m        [48;2;172;170;173m[38;2;242;241;243m▊[48;2;199;198;200m[38;2;36;34;37m▅[48;2;2;0;5m[38;2;2;0;5m  [48;2;3;1;6m[38;2;3;1;6m  [48;2;1;1;3m[38;2;1;1;3m  [48;2;1;1;1m[38;2;1;1;1m      [0m
[48;2;1;1;1m[38;2;1;1;1m            [48;2;1;1;3m[38;2;1;1;3m  [48;2;3;1;6m[38;2;3;1;6m  [48;2;2;0;3m[38;2;2;0;3m  [48;2;1;1;1m[38;2;1;1;1m  [48;2;3;1;6m[38;2;3;1;6m    [48;2;1;1;1m[38;2;1;1;1m        [48;2;1;1;3m[38;2;1;1;3m    [48;2;60;58;61m[38;2;7;5;8m▊[48;2;231;229;231m[38;2;122;120;123m▁[48;2;250;250;252m[38;2;250;250;252m      [48;2;248;248;250m[38;2;248;248;250m  [48;2;98;96;99m[38;2;215;214;216m▊[48;2;4;3;5m[38;2;21;19;22m▎[48;2;1;1;3m[38;2;1;1;3m  [48;2;1;1;1m[38;2;1;1;1m          [0m
[48;2;1;1;1m[38;2;1;1;1m              [48;2;2;0;3m[38;2;2;0;3m  [48;2;1;1;3m[38;2;1;1;3m    [48;2;3;1;6m[38;2;3;1;6m  [48;2;3;1;4m[38;2;3;1;4m  [48;2;1;1;3m[38;2;1;1;3m  [48;2;1;1;1m[38;2;1;1;1m    [48;2;1;1;3m[38;2;1;1;3m      [48;2;2;1;3m[38;2;11;9;12m│[48;2;100;98;101m[38;2;9;8;10m▊[48;2;255;254;255m[38;2;237;235;238m▌[48;2;253;251;253m[38;2;245;243;246m┃[48;2;250;250;252m[38;2;250;250;252m    [48;2;246;244;247m[38;2;246;244;247m▄[48;2;136;134;137m[38;2;249;247;250m▊[48;2;2;0;3m[38;2;2;0;3m  [48;2;1;1;1m[38;2;1;1;1m            [0m
[48;2;1;1;1m[38;2;1;1;1m                [48;2;3;1;4m[38;2;3;1;4m  [48;2;3;1;6m[38;2;3;1;6m  [48;2;2;0;3m[38;2;2;0;3m  [48;2;3;1;6m[38;2;3;1;6m  [48;2;2;0;3m[38;2;2;0;3m  [48;2;1;1;1m[38;2;1;1;1m    [48;2;3;1;6m[38;2;3;1;6m  [48;2;1;1;3m[38;2;1;1;3m    [48;2;1;0;2m[38;2;20;18;21m╸[48;2;26;24;27m[38;2;135;133;136m▁[48;2;221;216;220m[38;2;85;81;84m▅[48;2;238;234;237m[38;2;77;72;76m▁[48;2;243;240;241m[38;2;79;75;76m▁▁[48;2;242;238;242m[38;2;78;73;77m▁▁[48;2;223;219;222m[38;2;97;92;96m▁[48;2;208;203;207m[38;2;59;55;58m▅[48;2;1;1;3m[38;2;1;1;3m  [48;2;1;1;1m[38;2;1;1;1m            [0m
[48;2;1;1;1m[38;2;1;1;1m                    [48;2;0;0;0m[38;2;0;0;0m  [48;2;1;1;3m[38;2;1;1;3m  [48;2;1;1;1m[38;2;1;1;1m    [48;2;2;0;3m[38;2;2;0;3m  [48;2;1;1;3m[38;2;1;1;3m    [48;2;9;7;10m[38;2;0;0;0m [48;2;23;21;24m[38;2;167;165;168m▁[48;2;45;43;46m[38;2;227;225;228m▅[48;2;243;242;244m[38;2;0;0;0m [48;2;238;236;238m [48;2;33;31;34m[38;2;210;208;211m▅[48;2;6;4;7m[38;2;23;21;24m▎[48;2;41;39;42m[38;2;1;0;2m▊[48;2;24;20;23m[38;2;233;228;232m▅▅[48;2;69;65;66m[38;2;234;230;231m▅[48;2;135;131;132m[38;2;240;237;238m▊[48;2;1;0;2m[38;2;6;4;7m▃[38;2;8;6;9m━[48;2;1;1;1m[38;2;1;1;1m            [0m
[48;2;1;1;1m[38;2;1;1;1m                        [48;2;1;1;3m[38;2;1;1;3m  [48;2;3;1;6m[38;2;3;1;6m  [48;2;2;0;3m[38;2;2;0;3m  [48;2;1;1;3m[38;2;1;1;3m  [48;2;1;1;1m[38;2;1;1;1m  [48;2;69;65;66m[38;2;9;5;6m▊[48;2;252;248;249m[38;2;193;189;190m▎[48;2;250;250;252m[38;2;250;250;252m  [48;2;255;255;255m[38;2;246;246;248m▌[48;2;175;175;177m[38;2;246;246;247m▊[48;2;39;33;37m[38;2;181;175;179m▁[48;2;47;41;45m[38;2;168;162;166m▅[48;2;220;215;219m[38;2;90;85;89m▅[48;2;237;233;236m[38;2;95;90;94m▁[48;2;250;250;252m[38;2;250;250;252m  [48;2;111;109;112m[38;2;240;238;240m▊[48;2;1;0;2m[38;2;25;23;26m▎[48;2;1;1;1m[38;2;1;1;1m            [0m
[48;2;1;1;1m[38;2;1;1;1m                    [48;2;2;0;3m[38;2;2;0;3m  [48;2;1;1;1m[38;2;1;1;1m  [48;2;3;1;6m[38;2;3;1;6m    [48;2;1;1;3m[38;2;1;1;3m    [48;2;1;1;1m[38;2;1;1;1m  [48;2;55;50;54m[38;2;10;6;9m▊[48;2;235;230;234m[38;2;124;119;123m▂[48;2;249;249;251m[38;2;249;249;251m  [48;2;250;250;252m[38;2;250;250;252m  [48;2;168;162;164m[38;2;249;245;247m▊[48;2;51;45;47m[38;2;170;164;166m▁[48;2;143;137;139m[38;2;211;206;208m▊[48;2;49;44;45m[38;2;174;168;170m▁[48;2;232;230;232m[38;2;96;94;97m▁[48;2;247;246;248m[38;2;0;0;0m [48;2;111;109;112m[38;2;240;238;240m▊[48;2;1;0;2m[38;2;25;23;26m▎[48;2;2;0;3m[38;2;2;0;3m  [48;2;1;1;1m[38;2;1;1;1m          [0m
[48;2;1;1;1m[38;2;1;1;1m                  [48;2;1;1;3m[38;2;1;1;3m  [48;2;2;0;3m[38;2;2;0;3m  [48;2;1;1;3m[38;2;1;1;3m  [48;2;3;1;6m[38;2;3;1;6m    [48;2;2;0;3m[38;2;2;0;3m  [48;2;1;1;3m[38;2;1;1;3m  [48;2;1;1;1m[38;2;1;1;1m  [48;2;1;0;0m[38;2;18;16;17m▄[48;2;38;36;37m[38;2;218;216;217m▁[48;2;249;249;251m[38;2;231;231;233m▌[38;2;255;255;255m▌[48;2;250;250;252m[38;2;250;250;252m  [48;2;250;250;251m[38;2;0;0;0m [48;2;249;249;250m[38;2;211;211;213m▝[48;2;75;73;76m[38;2;244;242;244m▅[48;2;235;234;236m[38;2;0;0;0m [48;2;76;74;77m[38;2;238;236;238m▅[48;2;247;246;248m[38;2;0;0;0m [48;2;119;114;118m[38;2;242;238;241m▊[48;2;3;0;2m[38;2;21;16;20m▎[48;2;1;1;3m[38;2;1;1;3m  [48;2;1;1;1m[38;2;1;1;1m          [0m
[48;2;1;1;1m[38;2;1;1;1m                  [48;2;2;0;3m[38;2;2;0;3m    [48;2;3;1;6m[38;2;3;1;6m      [48;2;1;1;3m[38;2;1;1;3m  [48;2;1;1;1m[38;2;1;1;1m    [48;2;66;64;65m[38;2;6;4;5m▊[48;2;249;247;248m[38;2;190;188;189m▎[48;2;250;250;252m[38;2;250;250;252m  [48;2;241;241;243m[38;2;251;251;252m▅[48;2;251;251;252m[38;2;241;241;243m▃[48;2;246;245;247m[38;2;107;105;108m▂[48;2;245;243;245m[38;2;0;0;0m [48;2;250;250;252m[38;2;250;250;252m    [48;2;120;116;117m[38;2;242;239;240m▊[48;2;3;0;0m[38;2;22;18;19m▎[48;2;1;1;3m[38;2;1;1;3m  [48;2;1;1;1m[38;2;1;1;1m          [0m
[48;2;4;2;10m[38;2;23;2;126m▂▂▂▂▂▂▂▂▂▂▂▂▂▂▂▂▂▂[48;2;5;3;12m[38;2;24;2;129m▂▂[48;2;4;2;10m[38;2;23;2;126m▂▂[48;2;5;3;12m[38;2;24;2;129m▂▂▂▂▂▂[48;2;5;3;11m[38;2;24;3;127m▂▂[48;2;4;2;10m[38;2;23;2;126m▂▂▂▂[48;2;25;19;35m[38;2;40;13;179m▁[48;2;218;212;227m[38;2;57;25;196m▁[48;2;249;249;251m[38;2;249;249;251m  [48;2;243;242;242m[38;2;0;0;0m [48;2;208;205;218m[38;2;48;33;154m▁[48;2;118;110;131m[38;2;23;15;48m▊[48;2;254;250;252m[38;2;213;206;221m▎[48;2;250;250;252m[38;2;250;250;252m  [48;2;241;241;243m[38;2;251;251;252m▄[48;2;250;250;251m[38;2;240;240;242m▃[48;2;94;88;120m[38;2;206;197;231m▊[48;2;11;6;22m[38;2;40;15;179m▁[48;2;5;3;12m[38;2;24;2;129m▂▂[48;2;4;2;10m[38;2;23;2;126m▂▂▂▂▂▂▂▂▂▂[0m
[48;2;38;3;183m[38;2;38;3;183m                                  [48;2;58;8;168m[38;2;28;2;182m┫[48;2;76;30;156m[38;2;209;71;111m▅[48;2;240;229;237m[38;2;208;79;101m▆[48;2;230;210;229m[38;2;139;56;124m▅[48;2;222;212;243m[38;2;48;19;176m▆[48;2;42;11;184m[38;2;0;0;0m [48;2;126;109;201m[38;2;36;10;181m▊[48;2;254;253;245m[38;2;218;213;233m▎[48;2;250;250;252m[38;2;250;250;252m  [48;2;250;250;248m[38;2;241;242;236m│[48;2;152;148;175m[38;2;243;240;253m▊[48;2;38;3;183m[38;2;38;3;183m              [0m
[48;2;38;3;183m[38;2;38;3;183m                                  [48;2;36;0;186m[38;2;64;11;162m▝[48;2;189;54;114m[38;2;46;14;179m▆[48;2;165;65;113m[38;2;51;10;178m▆[48;2;35;0;185m[38;2;58;13;161m▘[48;2;38;3;183m[38;2;38;3;183m  [48;2;126;109;201m[38;2;36;10;181m▊[48;2;254;253;245m[38;2;218;213;233m▎[48;2;250;250;252m[38;2;250;250;252m  [48;2;176;168;209m[38;2;246;243;246m▊[48;2;206;200;223m[38;2;43;19;176m▆[48;2;38;3;183m[38;2;38;3;183m              [0m
[48;2;38;3;185m[38;2;38;3;185m                                        [48;2;126;109;201m[38;2;36;10;181m▊[48;2;254;253;245m[38;2;218;213;233m▎[48;2;252;251;254m[38;2;0;0;0m [48;2;248;247;250m[38;2;228;227;232m▃[48;2;208;200;229m[38;2;57;32;185m▂[48;2;42;14;175m[38;2;28;0;178m┗[48;2;38;3;185m[38;2;38;3;185m              [0m
[48;2;38;3;185m[38;2;38;3;185m                                        [48;2;126;109;201m[38;2;36;10;181m▊[48;2;254;253;245m[38;2;218;213;233m▎[48;2;249;249;247m[38;2;236;237;231m│[48;2;163;159;186m[38;2;248;245;255m▊[48;2;38;3;183m[38;2;38;3;183m  [48;2;38;3;185m[38;2;38;3;185m              [0m
[48;2;38;3;185m[38;2;38;3;185m                                        [48;2;51;11;178m[38;2;0;0;0m [48;2;202;197;196m[38;2;104;39;148m▆[48;2;237;211;199m[38;2;215;71;99m▆[48;2;214;207;211m[38;2;193;70;113m▆[48;2;38;3;185m[38;2;38;3;185m                [0m
[48;2;38;3;185m[38;2;38;3;185m                                [48;2;38;3;183m[38;2;38;3;183m  [48;2;39;8;170m[38;2;12;1;45m▃[48;2;40;12;156m[38;2;10;4;24m▆[48;2;36;13;140m[38;2;5;3;12m▆▆[48;2;35;12;139m[38;2;5;3;11m▆▆[48;2;45;13;127m[38;2;20;9;20m▆[48;2;198;65;89m[38;2;52;25;30m▃[48;2;212;71;100m[38;2;86;23;27m▃[48;2;214;73;103m[38;2;193;71;94m▝[48;2;82;35;141m[38;2;201;65;96m▅[48;2;42;13;63m[38;2;191;61;85m▂[48;2;36;11;72m[38;2;193;75;91m▂[48;2;41;15;76m[38;2;178;61;76m▂[48;2;38;6;169m[38;2;28;16;55m▂[48;2;33;2;174m[38;2;43;5;202m▗[48;2;38;3;185m[38;2;38;3;185m          [0m
[48;2;38;3;185m[38;2;38;3;185m                                  [48;2;32;17;79m[38;2;33;1;178m▅[48;2;16;8;39m[38;2;36;6;166m▂[48;2;8;3;24m[38;2;39;10;180m▂▂[48;2;8;6;11m[38;2;30;5;149m▃▃[48;2;8;3;24m[38;2;39;10;180m▂▂[48;2;19;10;28m[38;2;44;13;181m▂[48;2;135;45;72m[38;2;26;7;81m▆[48;2;155;55;81m[38;2;27;8;81m▆▆[48;2;149;52;62m[38;2;29;9;91m▆▆[48;2;37;18;95m[38;2;37;2;180m▆[48;2;37;3;172m[38;2;37;0;199m▝[48;2;38;3;185m[38;2;38;3;185m          [0m
[48;2;40;2;185m[38;2;40;2;185m                                                            [0m
[48;2;40;2;185m[38;2;40;2;185m                                                            [0m
