[48;2;1;1;1m[38;2;1;1;1m                                                            [0m
[48;2;1;1;1m[38;2;1;1;1m                                                            [0m
[48;2;1;1;1m[38;2;1;1;1m                                                            [0m
[48;2;1;1;1m[38;2;1;1;1m                                                      [48;2;1;1;3m[38;2;1;1;3m  [48;2;1;1;1m[38;2;1;1;1m    [0m
[48;2;1;1;1m[38;2;1;1;1m                          [48;2;3;1;6m[38;2;3;1;6m  [48;2;1;1;3m[38;2;1;1;3m  [48;2;1;1;1m[38;2;1;1;1m                      [48;2;3;1;4m[38;2;3;1;4m  [48;2;3;1;6m[38;2;3;1;6m  [48;2;2;0;3m[38;2;2;0;3m  [48;2;1;1;1m[38;2;1;1;1m  [0m
[48;2;1;1;1m[38;2;1;1;1m                        [48;2;1;1;3m[38;2;1;1;3m  [48;2;3;1;6m[38;2;3;1;6m    [48;2;2;0;3m[38;2;2;0;3m  [48;2;1;1;3m[38;2;1;1;3m  [48;2;2;0;3m[38;2;2;0;3m  [48;2;9;7;8m[38;2;2;1;1m▚[48;2;5;3;4m[38;2;1;0;0m▌[48;2;36;31;35m[38;2;224;219;223m▃[48;2;14;10;13m[38;2;218;214;218m▄[48;2;10;8;11m[38;2;220;218;221m▄▄[48;2;31;30;32m[38;2;205;204;206m▃[48;2;11;9;12m[38;2;0;0;0m [48;2;1;1;1m[38;2;1;1;1m      [48;2;3;1;6m[38;2;3;1;6m      [48;2;1;1;3m[38;2;1;1;3m  [48;2;1;1;1m[38;2;1;1;1m  [0m
[48;2;1;1;1m[38;2;1;1;1m                    [48;2;3;1;6m[38;2;3;1;6m    [48;2;3;1;4m[38;2;3;1;4m  [48;2;4;2;7m[38;2;4;2;7m  [48;2;5;3;8m[38;2;5;3;8m  [48;2;2;1;3m[38;2;12;10;13m▃▃[48;2;4;2;7m[38;2;4;2;7m  [48;2;3;1;6m[38;2;3;1;6m  [48;2;1;1;3m[38;2;1;1;3m  [48;2;100;72;77m[38;2;23;17;16m▊[48;2;235;225;226m[38;2;195;90;121m▄[48;2;248;243;242m[38;2;202;104;132m▄[48;2;245;242;239m[38;2;0;0;0m [48;2;250;248;251m[38;2;255;254;255m▃[48;2;205;203;206m[38;2;0;0;0m [48;2;4;2;3m[38;2;4;2;3m  [48;2;1;1;3m[38;2;1;1;3m  [48;2;3;1;4m[38;2;3;1;4m  [48;2;3;1;6m[38;2;3;1;6m      [48;2;1;1;3m[38;2;1;1;3m  [48;2;1;1;1m[38;2;1;1;1m  [0m
[48;2;1;1;1m[38;2;1;1;1m                    [48;2;1;1;3m[38;2;1;1;3m  [48;2;28;10;14m[38;2;152;62;71m▃[48;2;13;4;7m[38;2;192;62;86m▄[48;2;11;4;7m[38;2;196;65;87m▄▄[48;2;23;17;21m[38;2;210;204;208m▄[48;2;144;138;142m[38;2;231;226;229m▇[48;2;154;154;156m[38;2;246;246;247m▇▇[48;2;155;154;159m[38;2;246;245;249m▇▇[48;2;153;151;154m[38;2;241;239;242m▇[48;2;33;31;34m[38;2;230;228;231m▄[48;2;16;14;17m[38;2;228;226;229m▄▄▄▄[48;2;35;25;30m[38;2;221;212;216m▄[48;2;195;60;84m[38;2;209;74;98m▄[48;2;55;25;20m[38;2;202;70;99m▄[48;2;227;151;161m[38;2;208;78;106m▊[48;2;238;238;240m[38;2;249;249;250m┃[48;2;236;236;237m[38;2;0;0;0m [48;2;18;14;17m[38;2;199;195;199m▄[48;2;3;0;2m[38;2;31;26;30m▁[48;2;1;0;2m[38;2;7;5;8m▃▃[48;2;3;1;4m[38;2;13;11;14m▃▃[48;2;32;30;33m[38;2;0;0;0m [48;2;16;15;17m[38;2;234;232;234m▄[48;2;16;14;19m[38;2;228;226;231m▄▄[48;2;44;39;43m[38;2;225;220;224m▖[48;2;11;6;10m[38;2;21;16;20m╷[48;2;3;1;6m[38;2;3;1;6m  [48;2;3;1;4m[38;2;3;1;4m  [0m
[48;2;1;1;1m[38;2;1;1;1m                    [48;2;2;2;4m[38;2;2;2;4m  [48;2;5;3;6m[38;2;5;3;6m  [48;2;161;53;68m[38;2;16;11;14m▄[48;2;198;67;90m[38;2;32;7;15m▄[48;2;221;217;220m[38;2;24;18;22m▄[48;2;238;234;237m[38;2;22;17;20m▄[48;2;236;234;237m[38;2;24;23;25m▄▄[48;2;238;236;238m[38;2;25;23;26m▄▄[48;2;243;241;244m[38;2;183;181;184m▁[48;2;250;249;251m[38;2;210;208;211m▁[48;2;250;250;252m[38;2;250;250;252m    [48;2;225;184;192m[38;2;245;247;250m▊[48;2;217;96;116m[38;2;210;60;89m┃[48;2;229;80;110m[38;2;206;73;98m┃[48;2;215;140;145m[38;2;215;69;98m▊[48;2;250;250;252m[38;2;250;250;252m  [48;2;255;255;255m[38;2;240;240;242m━[48;2;174;174;176m[38;2;244;244;246m▇[48;2;255;254;255m[38;2;243;241;244m▄▄[38;2;242;240;243m▄▄[48;2;211;211;213m[38;2;247;247;248m▆[48;2;250;250;252m[38;2;0;0;0m [48;2;235;244;242m[38;2;251;246;249m▌[48;2;248;243;246m[38;2;220;151;174m▗[48;2;238;229;235m[38;2;214;80;106m▄[48;2;147;80;94m[38;2;225;199;201m▚[48;2;40;39;41m[38;2;216;215;217m▖[48;2;4;2;5m[38;2;13;11;14m│[48;2;1;1;3m[38;2;1;1;3m  [0m
[48;2;1;1;1m[38;2;1;1;1m                [48;2;2;0;3m[38;2;2;0;3m  [48;2;3;1;4m[38;2;3;1;4m  [48;2;2;0;3m[38;2;2;0;3m  [48;2;1;1;1m[38;2;1;1;1m  [48;2;1;1;3m[38;2;1;1;3m  [48;2;3;1;6m[38;2;3;1;6m  [48;2;1;1;3m[38;2;1;1;3m  [48;2;1;1;1m[38;2;1;1;1m  [48;2;25;23;26m[38;2;1;0;2m▆[48;2;45;43;46m[38;2;7;5;8m▆[48;2;216;214;217m[38;2;17;15;18m▄[48;2;237;235;238m[38;2;37;36;38m▄[48;2;248;248;250m[38;2;248;248;250m  [48;2;238;236;237m[38;2;246;254;252m▊[48;2;211;185;194m[38;2;251;239;244m▊[48;2;216;86;116m[38;2;0;0;0m [48;2;207;95;119m[38;2;241;237;226m▄[48;2;250;250;252m[38;2;250;250;252m    [48;2;249;249;251m[38;2;249;249;251m  [48;2;255;254;255m[38;2;244;242;245m▄▄[48;2;215;214;216m[38;2;0;0;0m [48;2;228;226;229m[38;2;16;15;17m▄[48;2;51;51;50m[38;2;227;221;223m▘[48;2;15;7;7m[38;2;110;39;63m▝[48;2;214;74;103m[38;2;65;25;24m▄[48;2;208;74;101m[38;2;198;58;88m▄[48;2;190;62;92m[38;2;89;32;40m▝[48;2;32;16;13m[38;2;180;76;99m▖[48;2;1;1;1m[38;2;1;1;1m  [0m
[48;2;1;1;1m[38;2;1;1;1m            [48;2;1;1;3m[38;2;1;1;3m  [48;2;3;1;6m[38;2;3;1;6m      [48;2;1;1;3m[38;2;1;1;3m  [48;2;1;1;1m[38;2;1;1;1m    [48;2;1;1;3m[38;2;1;1;3m      [48;2;3;1;4m[38;2;3;1;4m  [48;2;2;1;3m[38;2;9;7;10m▚[48;2;5;3;6m[38;2;1;0;2m▌[48;2;221;219;222m[38;2;41;40;42m▄[48;2;239;238;240m[38;2;0;0;0m [48;2;250;250;252m[38;2;250;250;252m  [48;2;249;249;251m[38;2;249;249;251m  [48;2;250;250;252m[38;2;250;250;252m    [48;2;239;237;240m[38;2;251;250;252m▌[48;2;102;100;103m[38;2;248;247;249m▊[48;2;13;11;16m[38;2;3;1;6m▅▅[48;2;2;2;2m[38;2;2;2;2m  [48;2;1;1;3m[38;2;1;1;3m  [48;2;1;1;1m[38;2;1;1;1m      [0m
[48;2;1;1;1m[38;2;1;1;1m            [48;2;3;1;6m[38;2;3;1;6m      [48;2;3;1;4m[38;2;3;1;4m  [48;2;1;1;3m[38;2;1;1;3m  [48;2;1;1;1m[38;2;1;1;1m    [48;2;3;1;6m[38;2;3;1;6m    [48;2;1;1;3m[38;2;1;1;3m      [48;2;79;77;80m[38;2;8;6;9m▊[48;2;248;247;249m[38;2;202;200;203m▎[48;2;250;250;252m[38;2;250;250;252m        [48;2;172;170;173m[38;2;242;241;243m▊[48;2;199;198;200m[38;2;36;34;37m▅[48;2;2;0;5m[38;2;2;0;5m  [48;2;3;1;6m[38;2;3;1;6m  [48;2;1;1;3m[38;2;1;1;3m  [48;2;1;1;1m[38;2;1;1;1m      [0m
[48;2;1;1;1m[38;2;1;1;1m            [48;2;1;1;3m[38;2;1;1;3m  [48;2;3;1;6m[38;2;3;1;6m  [48;2;2;0;3m[38;2;2;0;3m  [48;2;1;1;1m[38;2;1;1;1m  [48;2;3;1;6m[38;2;3;1;6m    [48;2;1;1;1m[38;2;1;1;1m        [48;2;1;1;3m[38;2;1;1;3m    [48;2;16;11;15m[38;2;0;0;0m [48;2;229;224;228m[38;2;55;50;54m▅[48;2;243;243;245m[38;2;239;239;241m▌[48;2;254;254;255m[38;2;250;250;252m▌[48;2;250;250;252m    [48;2;248;248;250m[38;2;248;248;250m  [48;2;98;96;99m[38;2;215;214;216m▊[48;2;4;3;5m[38;2;21;19;22m▎[48;2;1;1;3m[38;2;1;1;3m  [48;2;1;1;1m[38;2;1;1;1m          [0m
[48;2;1;1;1m[38;2;1;1;1m              [48;2;2;0;3m[38;2;2;0;3m  [48;2;1;1;3m[38;2;1;1;3m    [48;2;3;1;6m[38;2;3;1;6m  [48;2;3;1;4m[38;2;3;1;4m  [48;2;1;1;3m[38;2;1;1;3m  [48;2;1;1;1m[38;2;1;1;1m    [48;2;1;1;3m[38;2;1;1;3m      [48;2;1;0;2m[38;2;14;12;15m▌[48;2;79;77;80m[38;2;8;6;9m▊[48;2;237;235;238m[38;2;125;123;126m▁[48;2;246;244;246m[38;2;0;0;0m [48;2;250;250;252m[38;2;250;250;252m    [48;2;246;244;247m[38;2;246;244;247m▄[48;2;136;134;137m[38;2;249;247;250m▊[48;2;2;0;3m[38;2;2;0;3m  [48;2;1;1;1m[38;2;1;1;1m            [0m
[48;2;1;1;1m[38;2;1;1;1m                [48;2;3;1;4m[38;2;3;1;4m  [48;2;3;1;6m[38;2;3;1;6m  [48;2;2;0;3m[38;2;2;0;3m  [48;2;3;1;6m[38;2;3;1;6m  [48;2;2;0;3m[38;2;2;0;3m  [48;2;1;1;1m[38;2;1;1;1m    [48;2;3;1;6m[38;2;3;1;6m  [48;2;1;1;3m[38;2;1;1;3m  [48;2;2;2;4m[38;2;2;2;4m  [48;2;26;22;25m[38;2;170;165;169m▁[48;2;25;21;24m[38;2;221;217;221m▅[48;2;51;46;49m[38;2;219;213;217m▅[48;2;226;221;224m[38;2;88;82;86m▅[48;2;242;237;241m[38;2;77;72;76m▁▁[48;2;242;238;242m[38;2;78;73;77m▁▁[48;2;223;219;222m[38;2;97;92;96m▁[48;2;208;203;207m[38;2;59;55;58m▅[48;2;1;1;3m[38;2;1;1;3m  [48;2;1;1;1m[38;2;1;1;1m            [0m
[48;2;1;1;1m[38;2;1;1;1m                    [48;2;0;0;0m[38;2;0;0;0m  [48;2;1;1;3m[38;2;1;1;3m  [48;2;1;1;1m[38;2;1;1;1m    [48;2;2;0;3m[38;2;2;0;3m  [48;2;1;1;3m[38;2;1;1;3m    [48;2;47;43;44m[38;2;10;7;7m▊[48;2;51;47;48m[38;2;221;218;219m▅[48;2;248;248;250m[38;2;248;248;250m  [48;2;195;191;195m[38;2;246;243;246m▊[48;2;208;204;208m[38;2;52;47;51m▅[48;2;28;23;24m[38;2;201;195;197m▅[48;2;63;57;59m[38;2;21;16;17m▊[48;2;24;20;23m[38;2;233;228;232m▅▅[48;2;69;65;66m[38;2;234;230;231m▅[48;2;135;131;132m[38;2;240;237;238m▊[48;2;1;0;2m[38;2;6;4;7m▃[38;2;8;6;9m━[48;2;1;1;1m[38;2;1;1;1m            [0m
[48;2;1;1;1m[38;2;1;1;1m                        [48;2;1;1;3m[38;2;1;1;3m  [48;2;3;1;6m[38;2;3;1;6m  [48;2;2;0;3m[38;2;2;0;3m  [48;2;1;1;3m[38;2;1;1;3m  [48;2;3;3;3m[38;2;13;13;13m╵[48;2;34;34;34m[38;2;5;5;5m▊[48;2;54;52;55m[38;2;217;215;218m▅[48;2;242;240;243m[38;2;0;0;0m [48;2;250;250;252m[38;2;250;250;252m  [48;2;238;236;239m[38;2;0;0;0m [48;2;59;57;60m[38;2;216;214;217m▅[48;2;201;196;200m[38;2;58;52;56m▅[48;2;62;57;60m[38;2;205;199;203m▅[48;2;220;215;219m[38;2;90;85;89m▅[48;2;237;233;236m[38;2;95;90;94m▁[48;2;250;250;252m[38;2;250;250;252m  [48;2;111;109;112m[38;2;240;238;240m▊[48;2;1;0;2m[38;2;25;23;26m▎[48;2;1;1;1m[38;2;1;1;1m            [0m
[48;2;1;1;1m[38;2;1;1;1m                    [48;2;2;0;3m[38;2;2;0;3m  [48;2;1;1;1m[38;2;1;1;1m  [48;2;3;1;6m[38;2;3;1;6m    [48;2;1;1;3m[38;2;1;1;3m    [48;2;13;13;13m[38;2;0;0;0m▊[48;2;56;56;56m[38;2;7;7;7m▊[48;2;255;255;255m[38;2;236;236;238m▌[48;2;252;252;253m[38;2;244;244;246m┃[48;2;250;250;252m[38;2;250;250;252m  [48;2;249;249;250m[38;2;0;0;0m [48;2;248;248;249m[38;2;210;210;212m▝[48;2;68;62;64m[38;2;219;213;215m▅[48;2;217;212;214m[38;2;103;97;99m▅[48;2;235;232;233m[38;2;0;0;0m [48;2;64;60;61m[38;2;223;219;220m▅[48;2;220;215;219m[38;2;110;105;109m▅[48;2;245;241;244m[38;2;0;0;0m [48;2;111;109;112m[38;2;240;238;240m▊[48;2;1;0;2m[38;2;25;23;26m▎[48;2;2;0;3m[38;2;2;0;3m  [48;2;1;1;1m[38;2;1;1;1m          [0m
[48;2;1;1;1m[38;2;1;1;1m                  [48;2;1;1;3m[38;2;1;1;3m  [48;2;2;0;3m[38;2;2;0;3m  [48;2;1;1;3m[38;2;1;1;3m  [48;2;3;1;6m[38;2;3;1;6m    [48;2;2;0;3m[38;2;2;0;3m  [48;2;1;1;3m[38;2;1;1;3m  [48;2;13;13;15m[38;2;0;0;2m▊[48;2;56;56;58m[38;2;7;7;9m▊[48;2;255;255;255m[38;2;236;236;238m▌[48;2;252;252;253m[38;2;244;244;246m┃[48;2;250;250;252m[38;2;250;250;252m          [48;2;119;114;118m[38;2;242;238;241m▊[48;2;3;0;2m[38;2;21;16;20m▎[48;2;1;1;3m[38;2;1;1;3m  [48;2;1;1;1m[38;2;1;1;1m          [0m
[48;2;1;1;1m[38;2;1;1;1m                  [48;2;2;0;3m[38;2;2;0;3m    [48;2;3;1;6m[38;2;3;1;6m      [48;2;1;1;3m[38;2;1;1;3m  [48;2;1;1;1m[38;2;1;1;1m  [48;2;2;2;2m[38;2;10;10;10m▂[48;2;9;9;9m[38;2;1;1;1m▅[48;2;205;201;202m[38;2;29;25;26m▅[48;2;255;254;255m[38;2;249;245;246m▄[48;2;250;250;252m[38;2;250;250;252m  [48;2;241;239;242m[38;2;0;0;0m [48;2;234;233;235m[38;2;62;60;63m▁[48;2;249;249;251m[38;2;249;249;251m  [48;2;250;250;252m[38;2;250;250;252m    [48;2;120;116;117m[38;2;242;239;240m▊[48;2;3;0;0m[38;2;22;18;19m▎[48;2;1;1;3m[38;2;1;1;3m  [48;2;1;1;1m[38;2;1;1;1m          [0m
[48;2;4;2;10m[38;2;23;2;126m▂▂▂▂▂▂▂▂▂▂▂▂▂▂▂▂▂▂[48;2;5;3;12m[38;2;24;2;129m▂▂[48;2;4;2;10m[38;2;23;2;126m▂▂[48;2;5;3;12m[38;2;24;2;129m▂▂▂▂▂▂[48;2;5;3;11m[38;2;24;3;127m▂▂[48;2;4;2;10m[38;2;23;2;126m▂▂▂▂[48;2;22;18;34m[38;2;40;16;155m▁[48;2;230;216;226m[38;2;191;92;97m▁[48;2;248;248;250m[38;2;248;248;250m  [48;2;209;203;217m[38;2;54;22;191m▁[48;2;45;39;54m[38;2;56;31;192m▁[48;2;255;255;255m[38;2;236;236;238m▌[48;2;252;252;253m[38;2;244;244;246m┃[48;2;250;250;252m[38;2;250;250;252m    [48;2;114;109;125m[38;2;237;234;235m▊[48;2;11;9;14m[38;2;30;9;128m▂[48;2;5;3;12m[38;2;24;2;129m▂▂[48;2;4;2;10m[38;2;23;2;126m▂▂▂▂▂▂▂▂▂▂[0m
[48;2;38;3;183m[38;2;38;3;183m                                  [48;2;65;5;190m[38;2;34;1;191m┃[48;2;209;79;99m[38;2;148;46;83m▎[48;2;241;205;223m[38;2;203;68;87m▅[48;2;215;196;215m[38;2;135;52;120m▅[48;2;37;5;178m[38;2;54;20;195m▘[48;2;33;2;174m[38;2;68;34;209m▝[48;2;227;223;237m[38;2;75;53;189m▆[48;2;251;249;246m[38;2;221;218;224m▎[48;2;250;250;252m[38;2;250;250;252m  [48;2;252;251;254m[38;2;245;244;249m▝[48;2;246;245;249m[38;2;218;217;222m▗[48;2;211;203;226m[38;2;69;47;173m▂[48;2;43;11;191m[38;2;26;1;171m╵[48;2;38;3;183m[38;2;38;3;183m            [0m
[48;2;38;3;183m[38;2;38;3;183m                                  [48;2;36;0;186m[38;2;64;11;162m▝[48;2;189;54;114m[38;2;46;14;179m▆[48;2;165;65;113m[38;2;51;10;178m▆[48;2;35;0;185m[38;2;58;13;161m▘[48;2;38;3;183m[38;2;38;3;183m  [48;2;126;109;201m[38;2;36;10;181m▊[48;2;254;253;245m[38;2;218;213;233m▎[48;2;250;250;252m[38;2;250;250;252m  [48;2;245;245;240m[38;2;255;253;255m▎[48;2;151;143;192m[38;2;243;240;248m▊[48;2;38;3;185m[38;2;38;3;185m  [48;2;38;3;183m[38;2;38;3;183m            [0m
[48;2;38;3;185m[38;2;38;3;185m                                        [48;2;43;14;187m[38;2;0;0;0m [48;2;217;209;233m[38;2;73;49;179m▆[48;2;250;250;252m[38;2;250;250;252m  [48;2;239;237;244m[38;2;0;0;0m [48;2;213;209;230m[38;2;47;31;173m▂[48;2;38;3;185m[38;2;38;3;185m              [0m
[48;2;38;3;185m[38;2;38;3;185m                                        [48;2;35;3;173m[38;2;47;10;201m▌[48;2;148;128;213m[38;2;42;12;174m▊[48;2;242;240;243m[38;2;252;250;252m▄[48;2;251;249;251m[38;2;241;239;242m▃[48;2;210;198;218m[38;2;179;83;131m▂[48;2;42;10;180m[38;2;0;0;0m [48;2;38;3;185m[38;2;38;3;185m              [0m
[48;2;38;3;185m[38;2;38;3;185m                                        [48;2;32;0;184m[38;2;48;13;189m▖[48;2;42;9;177m[38;2;64;35;178m▝[48;2;234;226;226m[38;2;153;53;126m▆[48;2;235;187;183m[38;2;210;71;102m▆[48;2;209;76;97m[38;2;0;0;0m [48;2;88;32;159m[38;2;178;58;102m▅[48;2;38;3;185m[38;2;38;3;185m              [0m
[48;2;38;3;185m[38;2;38;3;185m                                [48;2;38;3;183m[38;2;38;3;183m  [48;2;39;9;168m[38;2;12;1;44m▃[48;2;40;13;154m[38;2;10;4;23m▆[48;2;36;13;140m[38;2;5;3;12m▆▆[48;2;35;12;139m[38;2;5;3;11m▆▆[48;2;36;13;142m[38;2;5;3;13m▆▆[48;2;59;12;129m[38;2;19;9;19m▆[48;2;199;69;92m[38;2;53;26;31m▂[48;2;226;76;106m[38;2;208;53;85m╸[48;2;178;59;79m[38;2;201;73;96m▊[48;2;112;52;128m[38;2;83;31;59m▄[48;2;36;8;175m[38;2;21;6;73m▃[48;2;38;3;185m[38;2;38;3;185m            [0m
[48;2;38;3;185m[38;2;38;3;185m                                  [48;2;32;17;79m[38;2;33;1;178m▅[48;2;16;8;39m[38;2;36;6;166m▂[48;2;8;3;24m[38;2;39;10;180m▂▂[48;2;8;6;11m[38;2;30;5;149m▃▃[48;2;8;3;24m[38;2;39;10;180m▂▂[48;2;11;4;24m[38;2;42;10;181m▂▂[48;2;144;46;74m[38;2;26;9;81m▆▆[48;2;16;5;51m[38;2;36;5;170m▂[48;2;31;13;102m[38;2;32;1;168m▆[48;2;38;3;185m[38;2;38;3;185m            [0m
[48;2;40;2;185m[38;2;40;2;185m                                                            [0m
[48;2;40;2;185m[38;2;40;2;185m                                                            [0m
