[48;2;1;1;1m[38;2;1;1;1m                                                            [0m
[48;2;1;1;1m[38;2;1;1;1m                                                            [0m
[48;2;1;1;1m[38;2;1;1;1m                                                            [0m
[48;2;1;1;1m[38;2;1;1;1m                                                      [48;2;1;1;3m[38;2;1;1;3m  [48;2;1;1;1m[38;2;1;1;1m    [0m
[48;2;1;1;1m[38;2;1;1;1m                          [48;2;3;1;6m[38;2;3;1;6m  [48;2;1;1;3m[38;2;1;1;3m  [48;2;1;1;1m[38;2;1;1;1m                      [48;2;3;1;4m[38;2;3;1;4m  [48;2;3;1;6m[38;2;3;1;6m  [48;2;2;0;3m[38;2;2;0;3m  [48;2;1;1;1m[38;2;1;1;1m  [0m
[48;2;1;1;1m[38;2;1;1;1m                        [48;2;1;1;3m[38;2;1;1;3m  [48;2;3;1;6m[38;2;3;1;6m    [48;2;2;0;3m[38;2;2;0;3m  [48;2;1;1;3m[38;2;1;1;3m  [48;2;2;0;3m[38;2;2;0;3m  [48;2;9;7;8m[38;2;2;1;1m▚[48;2;5;3;4m[38;2;1;0;0m▌[48;2;36;31;35m[38;2;224;219;223m▃[48;2;14;10;13m[38;2;218;214;218m▄[48;2;10;8;11m[38;2;220;218;221m▄▄[48;2;31;30;32m[38;2;205;204;206m▃[48;2;11;9;12m[38;2;0;0;0m [48;2;1;1;1m[38;2;1;1;1m      [48;2;3;1;6m[38;2;3;1;6m      [48;2;1;1;3m[38;2;1;1;3m  [48;2;1;1;1m[38;2;1;1;1m  [0m
[48;2;1;1;1m[38;2;1;1;1m                    [48;2;3;1;6m[38;2;3;1;6m    [48;2;3;1;4m[38;2;3;1;4m  [48;2;3;1;6m[38;2;3;1;6m    [48;2;2;0;3m[38;2;2;0;3m  [48;2;3;1;6m[38;2;3;1;6m    [48;2;1;1;3m[38;2;1;1;3m  [48;2;100;72;77m[38;2;23;17;16m▊[48;2;235;225;226m[38;2;195;90;121m▄[48;2;248;243;242m[38;2;202;104;132m▄[48;2;245;242;239m[38;2;0;0;0m [48;2;250;248;251m[38;2;255;254;255m▃[48;2;205;203;206m[38;2;0;0;0m [48;2;4;2;3m[38;2;4;2;3m  [48;2;1;1;3m[38;2;1;1;3m  [48;2;3;1;4m[38;2;3;1;4m  [48;2;3;1;6m[38;2;3;1;6m      [48;2;1;1;3m[38;2;1;1;3m  [48;2;1;1;1m[38;2;1;1;1m  [0m
[48;2;1;1;1m[38;2;1;1;1m                    [48;2;1;1;3m[38;2;1;1;3m  [48;2;3;1;6m[38;2;3;1;6m      [48;2;4;2;7m[38;2;4;2;7m  [48;2;1;0;4m[38;2;32;30;35m▁[48;2;16;14;19m[38;2;201;199;204m▄[48;2;14;13;15m[38;2;232;231;233m▄[48;2;14;12;15m[38;2;214;212;215m▄[48;2;9;7;10m[38;2;29;27;30m▂[48;2;1;0;2m[38;2;19;17;20m▂[48;2;20;18;21m[38;2;0;0;0m [48;2;15;13;16m[38;2;211;210;212m▄[48;2;35;25;30m[38;2;221;212;216m▄[48;2;195;60;84m[38;2;209;74;98m▄[48;2;55;25;20m[38;2;202;70;99m▄[48;2;227;151;161m[38;2;208;78;106m▊[48;2;238;238;240m[38;2;249;249;250m┃[48;2;236;236;237m[38;2;0;0;0m [48;2;18;14;17m[38;2;199;195;199m▄[48;2;3;0;2m[38;2;31;26;30m▁[48;2;1;0;2m[38;2;7;5;8m▃▃[48;2;3;1;4m[38;2;3;1;4m  [48;2;3;1;6m[38;2;3;1;6m        [48;2;3;1;4m[38;2;3;1;4m  [0m
[48;2;1;1;1m[38;2;1;1;1m                    [48;2;2;2;4m[38;2;2;2;4m  [48;2;3;1;4m[38;2;3;1;4m  [48;2;3;1;6m[38;2;3;1;6m  [48;2;2;0;5m[38;2;12;10;15m▄▄[48;2;20;15;19m[38;2;201;196;200m▄[48;2;241;237;240m[38;2;180;175;179m▘[48;2;184;184;186m[38;2;244;244;245m▇[48;2;250;250;251m[38;2;0;0;0m [48;2;250;250;252m[38;2;250;250;252m  [48;2;255;254;255m[38;2;243;241;244m▄▄[48;2;206;206;208m[38;2;248;248;250m▆[48;2;255;255;255m[38;2;241;241;243m▄[48;2;225;184;192m[38;2;245;247;250m▊[48;2;217;96;116m[38;2;210;60;89m┃[48;2;229;80;110m[38;2;206;73;98m┃[48;2;215;140;145m[38;2;215;69;98m▊[48;2;250;250;252m[38;2;250;250;252m  [48;2;255;255;255m[38;2;240;240;242m━[48;2;174;174;176m[38;2;244;244;246m▇[48;2;180;178;181m[38;2;244;242;245m▇[48;2;220;218;221m[38;2;0;0;0m [48;2;18;16;19m[38;2;230;228;231m▄▄[48;2;18;17;19m[38;2;231;229;232m▄▄[48;2;47;42;46m[38;2;231;226;230m▖[48;2;11;7;10m[38;2;52;47;51m▁[48;2;5;3;8m[38;2;5;3;8m  [48;2;3;1;6m[38;2;3;1;6m  [48;2;1;1;3m[38;2;1;1;3m  [0m
[48;2;1;1;1m[38;2;1;1;1m                [48;2;2;0;3m[38;2;2;0;3m  [48;2;3;1;4m[38;2;3;1;4m  [48;2;2;0;3m[38;2;2;0;3m  [48;2;1;1;1m[38;2;1;1;1m  [48;2;16;6;6m[38;2;0;0;0m [48;2;40;16;20m[38;2;174;61;94m▃[48;2;165;67;77m[38;2;208;65;90m▅[48;2;234;227;231m[38;2;221;155;169m▎[48;2;248;246;249m[38;2;171;169;172m▁▁[48;2;233;231;234m[38;2;35;33;36m▄[48;2;235;233;236m[38;2;18;16;19m▄[48;2;234;232;235m[38;2;16;15;17m▄[48;2;236;234;237m[38;2;33;31;34m▄[48;2;242;240;243m[38;2;173;171;174m▁[48;2;250;248;251m[38;2;200;198;201m▁[48;2;250;250;252m[38;2;250;250;252m  [48;2;238;236;237m[38;2;246;254;252m▊[48;2;211;185;194m[38;2;251;239;244m▊[48;2;216;86;116m[38;2;0;0;0m [48;2;207;95;119m[38;2;241;237;226m▄[48;2;250;250;252m[38;2;250;250;252m      [48;2;249;249;251m[38;2;249;249;251m  [48;2;249;247;249m[38;2;189;187;190m▁▁[48;2;231;231;233m[38;2;250;250;251m▆▆[48;2;40;38;41m[38;2;216;214;217m▊[48;2;4;2;5m[38;2;4;2;5m▄[48;2;3;1;6m[38;2;3;1;6m  [48;2;1;1;1m[38;2;1;1;1m  [0m
[48;2;1;1;1m[38;2;1;1;1m            [48;2;1;1;3m[38;2;1;1;3m  [48;2;3;1;6m[38;2;3;1;6m      [48;2;1;1;3m[38;2;1;1;3m  [48;2;1;1;1m[38;2;1;1;1m  [48;2;152;53;65m[38;2;11;9;9m▄[48;2;189;66;86m[38;2;22;3;10m▄[48;2;181;63;97m[38;2;14;10;6m▄[48;2;12;9;6m[38;2;67;20;30m▘[48;2;13;11;14m[38;2;3;1;4m▅▅[48;2;3;1;4m    [38;2;17;15;18m▘[48;2;80;78;81m[38;2;9;7;10m▊[48;2;237;235;238m[38;2;165;163;166m▁[48;2;255;254;255m[38;2;253;251;254m▄[48;2;250;250;252m[38;2;250;250;252m  [48;2;249;249;251m[38;2;249;249;251m  [48;2;250;250;252m[38;2;250;250;252m    [48;2;250;250;251m[38;2;228;228;230m╵[48;2;226;226;228m[38;2;0;0;0m [48;2;221;219;222m[38;2;11;9;12m▄[48;2;188;186;189m[38;2;9;7;10m▄[48;2;5;3;6m[38;2;18;16;19m▘[48;2;193;191;194m[38;2;22;21;23m▊[48;2;248;244;246m[38;2;196;190;192m▁[48;2;207;203;205m[38;2;0;0;0m [48;2;41;40;40m[38;2;217;215;216m▘[48;2;5;4;4m[38;2;15;13;14m╵[48;2;1;1;1m[38;2;1;1;1m    [0m
[48;2;1;1;1m[38;2;1;1;1m            [48;2;3;1;6m[38;2;3;1;6m      [48;2;3;1;4m[38;2;3;1;4m  [48;2;1;1;3m[38;2;1;1;3m  [48;2;1;1;1m[38;2;1;1;1m    [48;2;3;1;6m[38;2;3;1;6m    [48;2;1;1;3m[38;2;1;1;3m      [48;2;80;78;81m[38;2;8;7;9m▊[48;2;249;247;250m[38;2;203;201;204m▎[48;2;250;250;252m[38;2;250;250;252m        [48;2;243;242;244m[38;2;0;0;0m [48;2;94;92;95m[38;2;229;227;230m▊[48;2;2;0;5m[38;2;2;0;5m  [48;2;25;0;7m[38;2;3;5;2m▊[48;2;159;40;80m[38;2;22;9;12m▊[48;2;209;67;97m[38;2;122;49;55m▁[48;2;51;13;9m[38;2;186;69;90m▊[48;2;1;1;1m[38;2;1;1;1m      [0m
[48;2;1;1;1m[38;2;1;1;1m            [48;2;1;1;3m[38;2;1;1;3m  [48;2;3;1;6m[38;2;3;1;6m  [48;2;2;0;3m[38;2;2;0;3m  [48;2;1;1;1m[38;2;1;1;1m  [48;2;3;1;6m[38;2;3;1;6m    [48;2;1;1;1m[38;2;1;1;1m        [48;2;1;1;3m[38;2;1;1;3m    [48;2;16;11;15m[38;2;0;0;0m [48;2;229;224;228m[38;2;55;50;54m▅[48;2;243;243;245m[38;2;239;239;241m▌[48;2;254;254;255m[38;2;250;250;252m▌[48;2;250;250;252m      [48;2;111;109;112m[38;2;240;238;240m▊[48;2;1;0;2m[38;2;25;23;26m▎[48;2;1;1;3m[38;2;1;1;3m  [48;2;1;1;1m[38;2;1;1;1m          [0m
[48;2;1;1;1m[38;2;1;1;1m              [48;2;2;0;3m[38;2;2;0;3m  [48;2;1;1;3m[38;2;1;1;3m    [48;2;3;1;6m[38;2;3;1;6m  [48;2;3;1;4m[38;2;3;1;4m  [48;2;1;1;3m[38;2;1;1;3m  [48;2;1;1;1m[38;2;1;1;1m    [48;2;1;1;3m[38;2;1;1;3m      [48;2;1;0;2m[38;2;14;12;15m▌[48;2;79;77;80m[38;2;8;6;9m▊[48;2;237;235;238m[38;2;125;123;126m▁[48;2;246;244;246m[38;2;0;0;0m [48;2;250;250;252m[38;2;250;250;252m    [38;2;235;235;237m╷[48;2;176;176;178m[38;2;245;245;246m▊[48;2;199;197;200m[38;2;20;19;21m▅[48;2;1;0;2m[38;2;5;3;6m▄[48;2;1;1;1m[38;2;1;1;1m            [0m
[48;2;1;1;1m[38;2;1;1;1m                [48;2;3;1;4m[38;2;3;1;4m  [48;2;3;1;6m[38;2;3;1;6m  [48;2;2;0;3m[38;2;2;0;3m  [48;2;3;1;6m[38;2;3;1;6m  [48;2;2;0;3m[38;2;2;0;3m  [48;2;1;1;1m[38;2;1;1;1m    [48;2;3;1;6m[38;2;3;1;6m  [48;2;1;1;3m[38;2;1;1;3m  [48;2;2;2;4m[38;2;2;2;4m  [48;2;26;22;25m[38;2;170;165;169m▁[48;2;25;21;24m[38;2;221;217;221m▅[48;2;51;46;49m[38;2;219;213;217m▅[48;2;226;221;224m[38;2;88;82;86m▅[48;2;242;237;241m[38;2;77;72;76m▁▁[48;2;242;238;242m[38;2;78;73;77m▁▁[48;2;223;219;222m[38;2;96;91;95m▁[48;2;204;199;203m[38;2;61;56;60m▅[48;2;1;1;3m[38;2;1;1;3m  [48;2;1;1;1m[38;2;1;1;1m            [0m
[48;2;1;1;1m[38;2;1;1;1m                    [48;2;0;0;0m[38;2;0;0;0m  [48;2;1;1;3m[38;2;1;1;3m  [48;2;1;1;1m[38;2;1;1;1m    [48;2;2;0;3m[38;2;2;0;3m  [48;2;1;1;3m[38;2;1;1;3m    [48;2;47;43;44m[38;2;10;7;7m▊[48;2;51;47;48m[38;2;221;218;219m▅[48;2;248;248;250m[38;2;248;248;250m  [48;2;242;240;242m[38;2;0;0;0m [48;2;219;217;220m[38;2;99;97;100m▁[48;2;26;21;25m[38;2;134;129;133m▁[48;2;61;56;60m[38;2;14;9;13m▊[48;2;24;20;23m[38;2;233;228;232m▅▅[48;2;69;65;66m[38;2;234;230;231m▅[48;2;135;131;132m[38;2;240;237;238m▊[48;2;1;0;2m[38;2;6;4;7m▃[38;2;8;6;9m━[48;2;1;1;1m[38;2;1;1;1m            [0m
[48;2;1;1;1m[38;2;1;1;1m                        [48;2;1;1;3m[38;2;1;1;3m  [48;2;3;1;6m[38;2;3;1;6m  [48;2;2;0;3m[38;2;2;0;3m  [48;2;1;1;3m[38;2;1;1;3m  [48;2;3;3;3m[38;2;13;13;13m╵[48;2;34;34;34m[38;2;5;5;5m▊[48;2;54;52;55m[38;2;217;215;218m▅[48;2;242;240;243m[38;2;0;0;0m [48;2;250;250;252m[38;2;250;250;252m  [48;2;157;153;154m[38;2;246;243;244m▊[48;2;69;65;66m[38;2;21;17;18m┃[48;2;168;162;166m[38;2;230;224;228m▊[48;2;55;49;53m[38;2;176;170;174m▁[48;2;232;230;232m[38;2;96;94;97m▁[48;2;247;246;248m[38;2;0;0;0m [48;2;250;250;252m[38;2;250;250;252m  [48;2;111;109;112m[38;2;240;238;240m▊[48;2;1;0;2m[38;2;25;23;26m▎[48;2;1;1;1m[38;2;1;1;1m            [0m
[48;2;1;1;1m[38;2;1;1;1m                    [48;2;2;0;3m[38;2;2;0;3m  [48;2;1;1;1m[38;2;1;1;1m  [48;2;3;1;6m[38;2;3;1;6m    [48;2;1;1;3m[38;2;1;1;3m    [48;2;13;13;13m[38;2;0;0;0m▊[48;2;56;56;56m[38;2;7;7;7m▊[48;2;255;255;255m[38;2;236;236;238m▌[48;2;252;252;253m[38;2;244;244;246m┃[48;2;250;250;252m[38;2;250;250;252m  [48;2;239;237;239m[38;2;0;0;0m [48;2;63;61;64m[38;2;227;225;227m▅[48;2;216;211;215m[38;2;106;101;105m▅[48;2;234;230;234m[38;2;0;0;0m [48;2;70;64;68m[38;2;217;212;216m▅[48;2;214;208;212m[38;2;80;75;78m▅[48;2;223;219;222m[38;2;108;104;107m▅[48;2;244;240;243m[38;2;0;0;0m [48;2;111;109;112m[38;2;240;238;240m▊[48;2;1;0;2m[38;2;25;23;26m▎[48;2;2;0;3m[38;2;2;0;3m  [48;2;1;1;1m[38;2;1;1;1m          [0m
[48;2;1;1;1m[38;2;1;1;1m                  [48;2;1;1;3m[38;2;1;1;3m  [48;2;2;0;3m[38;2;2;0;3m  [48;2;1;1;3m[38;2;1;1;3m  [48;2;3;1;6m[38;2;3;1;6m    [48;2;2;0;3m[38;2;2;0;3m  [48;2;1;1;3m[38;2;1;1;3m  [48;2;13;13;15m[38;2;0;0;2m▊[48;2;56;56;58m[38;2;7;7;9m▊[48;2;255;255;255m[38;2;236;236;238m▌[48;2;252;252;253m[38;2;244;244;246m┃[48;2;250;250;252m[38;2;250;250;252m  [48;2;244;242;245m[38;2;0;0;0m [48;2;220;218;221m[38;2;46;44;47m▁[48;2;220;216;219m[38;2;49;45;48m▅[48;2;251;247;250m[38;2;227;223;227m▎[48;2;250;250;252m[38;2;250;250;252m  [48;2;246;246;248m[38;2;253;253;254m▅[48;2;244;244;246m[38;2;231;231;233m▗[48;2;91;86;90m[38;2;201;197;200m▊[48;2;3;0;2m[38;2;23;18;22m▎[48;2;1;1;3m[38;2;1;1;3m  [48;2;1;1;1m[38;2;1;1;1m          [0m
[48;2;1;1;1m[38;2;1;1;1m                  [48;2;2;0;3m[38;2;2;0;3m    [48;2;3;1;6m[38;2;3;1;6m      [48;2;1;1;3m[38;2;1;1;3m  [48;2;1;1;1m[38;2;1;1;1m  [48;2;13;13;15m[38;2;0;0;2m▊[48;2;56;56;58m[38;2;7;7;9m▊[48;2;255;255;255m[38;2;236;236;238m▌[48;2;252;252;253m[38;2;244;244;246m┃[48;2;250;250;252m[38;2;250;250;252m  [48;2;174;169;173m[38;2;246;241;245m▊[48;2;6;1;5m[38;2;51;46;50m▎[48;2;119;114;118m[38;2;11;6;10m▊[48;2;251;247;251m[38;2;218;213;217m▎[48;2;250;250;252m[38;2;250;250;252m  [48;2;255;254;255m[38;2;255;253;255m┃[48;2;132;130;133m[38;2;241;239;242m▊[48;2;2;0;3m[38;2;2;0;3m  [48;2;1;1;3m[38;2;1;1;3m  [48;2;1;1;1m[38;2;1;1;1m          [0m
[48;2;4;2;10m[38;2;23;2;126m▂▂▂▂▂▂▂▂▂▂▂▂▂▂▂▂▂▂[48;2;5;3;12m[38;2;24;2;129m▂▂[48;2;4;2;10m[38;2;23;2;126m▂▂[48;2;5;3;12m[38;2;24;2;129m▂▂▂▂▂▂[48;2;5;3;11m[38;2;24;3;127m▂▂[48;2;4;2;10m[38;2;23;2;126m▂▂[48;2;6;4;11m[38;2;25;4;128m▂▂[48;2;226;221;227m[38;2;52;42;79m▆[48;2;249;246;246m[38;2;216;209;224m▎[48;2;248;248;250m[38;2;248;248;250m  [48;2;209;203;219m[38;2;54;22;193m▁[48;2;23;17;33m[38;2;32;3;171m▁[48;2;34;32;35m[38;2;39;20;138m▂[48;2;235;233;236m[38;2;120;99;215m▂[48;2;250;250;252m[38;2;250;250;252m  [48;2;252;250;252m[38;2;242;240;243m│[48;2;154;152;155m[38;2;244;242;245m▊[48;2;8;7;12m[38;2;163;156;190m▂[48;2;8;6;22m[38;2;46;23;170m▁[48;2;5;3;12m[38;2;24;2;129m▂▂[48;2;4;2;10m[38;2;23;2;126m▂▂▂▂▂▂▂▂▂▂[0m
[48;2;38;3;183m[38;2;38;3;183m                                  [48;2;63;14;173m[38;2;171;73;132m▂[48;2;230;219;218m[38;2;198;81;109m▆[48;2;239;201;220m[38;2;205;70;89m▅[48;2;219;199;219m[38;2;133;50;118m▅[48;2;39;4;182m[38;2;39;4;182m  [48;2;34;4;170m[38;2;44;6;203m┃[48;2;137;121;186m[38;2;43;12;184m▊[48;2;249;249;251m[38;2;249;249;251m  [48;2;250;250;252m[38;2;250;250;252m  [48;2;161;147;208m[38;2;249;244;249m▊[48;2;40;5;194m[38;2;33;9;161m▌[48;2;38;3;183m[38;2;38;3;183m            [0m
[48;2;38;3;183m[38;2;38;3;183m                                  [48;2;157;53;115m[38;2;49;7;176m▅[48;2;186;70;99m[38;2;61;11;170m▂[48;2;165;65;113m[38;2;51;10;178m▆[48;2;35;0;185m[38;2;58;13;161m▘[48;2;38;3;183m[38;2;38;3;183m  [48;2;31;0;174m[38;2;41;6;184m▚[48;2;40;7;183m[38;2;70;35;213m▝[48;2;226;222;237m[38;2;68;43;184m▆[48;2;246;244;241m[38;2;229;227;228m╵[48;2;250;250;252m[38;2;250;250;252m  [48;2;161;147;208m[38;2;249;244;249m▊[48;2;40;5;194m[38;2;33;9;161m▌[48;2;38;3;183m[38;2;38;3;183m            [0m
[48;2;38;3;185m[38;2;38;3;185m                                          [48;2;89;66;186m[38;2;37;6;181m▊[48;2;238;232;238m[38;2;80;61;185m▂[48;2;250;250;252m[38;2;250;250;252m  [48;2;161;147;208m[38;2;249;244;249m▊[48;2;40;5;194m[38;2;33;9;161m▌[48;2;38;3;185m[38;2;38;3;185m            [0m
[48;2;38;3;185m[38;2;38;3;185m                                          [48;2;38;6;165m[38;2;41;6;189m┃[48;2;116;93;181m[38;2;43;9;191m▊[48;2;239;215;217m[38;2;222;79;99m▂[48;2;228;213;222m[38;2;211;80;108m▆[48;2;210;193;216m[38;2;167;65;116m▆[48;2;35;4;186m[38;2;37;8;174m▊[48;2;38;3;185m[38;2;38;3;185m            [0m
[48;2;38;3;185m[38;2;38;3;185m                                          [48;2;21;4;158m[38;2;39;2;184m▊[48;2;91;24;129m[38;2;51;3;194m▊[48;2;218;74;99m[38;2;218;74;99m  [48;2;73;49;147m[38;2;209;78;97m▊[48;2;23;6;187m[38;2;52;0;185m┃[48;2;38;3;185m[38;2;38;3;185m            [0m
[48;2;38;3;185m[38;2;38;3;185m                                [48;2;38;3;183m[38;2;38;3;183m  [48;2;39;9;168m[38;2;12;1;44m▃[48;2;40;13;154m[38;2;10;4;23m▆[48;2;36;13;140m[38;2;5;3;12m▆▆[48;2;35;12;139m[38;2;5;3;11m▆▆[48;2;36;13;142m[38;2;5;3;13m▆▆[48;2;40;16;143m[38;2;25;6;18m▆[48;2;141;58;108m[38;2;24;6;0m▂[48;2;219;74;98m[38;2;56;13;25m▃[48;2;192;71;87m[38;2;32;12;16m▃[48;2;132;58;90m[38;2;16;3;37m▆[48;2;36;7;169m[38;2;18;14;67m▃[48;2;38;3;185m[38;2;38;3;185m            [0m
[48;2;38;3;185m[38;2;38;3;185m                                  [48;2;32;17;79m[38;2;33;1;178m▅[48;2;16;8;39m[38;2;36;6;166m▂[48;2;8;3;24m[38;2;39;10;180m▂▂[48;2;8;6;11m[38;2;30;5;149m▃▃[48;2;8;3;24m[38;2;39;10;180m▂▂▂▂▂▂[48;2;16;5;51m[38;2;36;5;170m▂[48;2;31;13;102m[38;2;32;1;168m▆[48;2;38;3;185m[38;2;38;3;185m            [0m
[48;2;40;2;185m[38;2;40;2;185m                                                            [0m
[48;2;40;2;185m[38;2;40;2;185m                                                            [0m
