[48;2;1;1;1m[38;2;1;1;1m                                                            [0m
[48;2;1;1;1m[38;2;1;1;1m                                                            [0m
[48;2;1;1;1m[38;2;1;1;1m                                                            [0m
[48;2;1;1;1m[38;2;1;1;1m                                                      [48;2;1;1;3m[38;2;1;1;3m  [48;2;1;1;1m[38;2;1;1;1m    [0m
[48;2;1;1;1m[38;2;1;1;1m                          [48;2;3;1;6m[38;2;3;1;6m  [48;2;1;1;3m[38;2;1;1;3m  [48;2;1;1;1m[38;2;1;1;1m        [38;2;11;11;11m▃▃[48;2;0;0;0m[38;2;5;5;5m▃▃[48;2;2;2;2m[38;2;2;2;2m  [48;2;1;1;1m[38;2;1;1;1m        [48;2;3;1;4m[38;2;3;1;4m  [48;2;3;1;6m[38;2;3;1;6m  [48;2;2;0;3m[38;2;2;0;3m  [48;2;1;1;1m[38;2;1;1;1m  [0m
[48;2;1;1;1m[38;2;1;1;1m                        [48;2;1;1;3m[38;2;1;1;3m  [48;2;3;1;6m[38;2;3;1;6m    [48;2;2;0;3m[38;2;2;0;3m  [48;2;1;1;3m[38;2;1;1;3m  [48;2;2;0;3m[38;2;2;0;3m  [48;2;4;3;3m[38;2;14;12;13m╷[48;2;35;33;34m[38;2;6;4;5m▊[48;2;201;196;200m[38;2;58;53;57m▄[48;2;132;127;131m[38;2;238;235;238m▇[48;2;133;131;134m[38;2;246;244;246m▇▇[48;2;140;135;139m[38;2;232;228;232m▇[48;2;19;15;18m[38;2;188;183;187m▄[48;2;2;2;2m[38;2;2;2;2m  [48;2;1;1;1m[38;2;1;1;1m    [48;2;3;1;6m[38;2;3;1;6m      [48;2;1;1;3m[38;2;1;1;3m  [48;2;1;1;1m[38;2;1;1;1m  [0m
[48;2;1;1;1m[38;2;1;1;1m                    [48;2;3;1;6m[38;2;3;1;6m    [48;2;3;1;4m[38;2;3;1;4m  [48;2;3;1;6m[38;2;3;1;6m    [48;2;2;0;3m[38;2;2;0;3m  [48;2;3;1;6m[38;2;3;1;6m    [48;2;1;1;3m[38;2;1;1;3m  [48;2;74;34;42m[38;2;10;3;9m▊[48;2;176;69;84m[38;2;218;86;108m┃[48;2;213;94;124m[38;2;55;23;25m▄[48;2;239;235;229m[38;2;205;109;131m▄[48;2;252;250;252m[38;2;244;242;245m┃[48;2;152;150;153m[38;2;243;242;244m▊[48;2;4;2;3m[38;2;4;2;3m  [48;2;1;1;3m[38;2;1;1;3m  [48;2;3;1;4m[38;2;3;1;4m  [48;2;3;1;6m[38;2;3;1;6m      [48;2;1;1;3m[38;2;1;1;3m  [48;2;1;1;1m[38;2;1;1;1m  [0m
[48;2;1;1;1m[38;2;1;1;1m                    [48;2;1;1;3m[38;2;1;1;3m  [48;2;3;1;6m[38;2;3;1;6m        [48;2;3;1;4m[38;2;3;1;4m  [48;2;1;1;3m[38;2;1;1;3m  [48;2;3;1;4m[38;2;3;1;4m  [48;2;2;1;3m[38;2;12;10;13m▃▃[48;2;82;39;46m[38;2;7;6;7m▊[48;2;219;71;95m[38;2;166;60;80m▎[48;2;206;71;96m[38;2;210;59;90m▎[48;2;229;157;161m[38;2;218;74;102m▊[48;2;244;242;245m[38;2;255;254;255m┃[48;2;171;169;172m[38;2;238;236;239m▊[48;2;10;8;11m[38;2;1;0;2m━━[48;2;4;2;5m[38;2;4;2;5m  [48;2;3;1;4m[38;2;3;1;4m  [48;2;3;1;6m[38;2;3;1;6m        [48;2;3;1;4m[38;2;3;1;4m  [0m
[48;2;1;1;1m[38;2;1;1;1m                    [48;2;2;2;4m[38;2;2;2;4m  [48;2;3;1;4m[38;2;3;1;4m  [48;2;3;1;6m[38;2;3;1;6m    [48;2;1;1;3m[38;2;1;1;3m  [48;2;1;1;1m[38;2;1;1;1m  [48;2;4;4;4m[38;2;4;4;4m  [48;2;20;16;19m[38;2;0;0;0m [48;2;33;28;32m[38;2;220;216;219m▄[48;2;176;174;177m[38;2;247;245;248m▇▇[48;2;178;169;166m[38;2;241;236;233m▇[48;2;211;89;124m[38;2;240;210;215m▄[48;2;229;80;110m[38;2;206;73;98m┃[48;2;215;140;145m[38;2;215;69;98m▊[48;2;249;249;251m[38;2;249;249;251m  [48;2;255;254;255m[38;2;243;241;244m▄▄[48;2;142;140;143m[38;2;230;228;230m▇[48;2;21;19;22m[38;2;227;225;228m▄[48;2;19;18;20m[38;2;181;179;181m▄[48;2;3;2;4m[38;2;11;9;12m╷[48;2;1;1;3m[38;2;1;1;3m  [48;2;3;1;4m[38;2;3;1;4m  [48;2;3;1;6m[38;2;3;1;6m    [48;2;1;1;3m[38;2;1;1;3m  [0m
[48;2;1;1;1m[38;2;1;1;1m                [48;2;2;0;3m[38;2;2;0;3m  [48;2;3;1;4m[38;2;3;1;4m  [48;2;2;0;3m[38;2;2;0;3m  [48;2;1;1;1m[38;2;1;1;1m  [48;2;1;1;3m[38;2;1;1;3m  [48;2;1;1;1m[38;2;1;1;1m    [48;2;6;4;5m[38;2;1;0;0m▆[38;2;35;33;34m▂[48;2;31;30;32m[38;2;222;220;223m▄[48;2;234;232;235m[38;2;0;0;0m [48;2;241;241;243m[38;2;252;252;253m▄▄[48;2;250;250;252m[38;2;250;250;252m  [48;2;244;238;240m[38;2;254;250;252m┃[48;2;209;203;205m[38;2;251;246;248m▊[48;2;221;127;145m[38;2;214;76;99m▊[48;2;242;250;251m[38;2;237;205;210m▎[48;2;250;250;252m[38;2;250;250;252m      [48;2;227;225;228m[38;2;0;0;0m [48;2;18;17;19m[38;2;187;186;188m▄[48;2;1;1;1m[38;2;1;1;1m    [48;2;2;0;3m[38;2;2;0;3m  [48;2;3;1;6m[38;2;3;1;6m  [48;2;1;1;1m[38;2;1;1;1m  [0m
[48;2;1;1;1m[38;2;1;1;1m            [48;2;1;1;3m[38;2;1;1;3m  [48;2;3;1;6m[38;2;3;1;6m      [48;2;1;1;3m[38;2;1;1;3m  [48;2;1;1;1m[38;2;1;1;1m      [48;2;1;1;3m[38;2;1;1;3m  [48;2;17;13;16m[38;2;97;92;96m▁[48;2;243;239;242m[38;2;166;161;165m▎[48;2;246;246;247m[38;2;229;229;231m╴[48;2;243;243;245m[38;2;164;164;166m▁[48;2;225;224;226m[38;2;26;24;27m▄▄[48;2;246;244;246m[38;2;165;163;166m▁[48;2;234;232;235m[38;2;247;246;248m▇[48;2;250;250;252m[38;2;250;250;252m  [48;2;249;249;251m[38;2;249;249;251m  [48;2;250;250;252m[38;2;250;250;252m      [48;2;247;247;248m[38;2;247;247;248m▄[48;2;80;80;82m[38;2;244;244;246m▊[48;2;9;7;8m[38;2;68;66;67m▁[48;2;1;0;0m[38;2;2;0;1m▄[48;2;1;1;1m[38;2;1;1;1m        [0m
[48;2;1;1;1m[38;2;1;1;1m            [48;2;3;1;6m[38;2;3;1;6m      [48;2;3;1;4m[38;2;3;1;4m  [48;2;1;1;3m[38;2;1;1;3m  [48;2;1;1;1m[38;2;1;1;1m    [48;2;3;1;6m[38;2;3;1;6m  [48;2;4;2;7m[38;2;4;2;7m  [48;2;248;247;251m[38;2;143;142;147m▎[48;2;255;254;255m[38;2;252;251;255m▄[48;2;229;227;230m[38;2;47;45;48m▅[48;2;15;14;16m[38;2;0;0;0m [48;2;1;1;3m[38;2;1;1;3m  [48;2;80;78;81m[38;2;8;7;9m▊[48;2;249;247;250m[38;2;203;201;204m▎[48;2;250;250;252m[38;2;250;250;252m        [48;2;245;245;246m[38;2;0;0;0m [48;2;244;244;246m[38;2;163;163;165m▁[48;2;250;250;252m[38;2;250;250;252m  [48;2;82;80;83m[38;2;233;231;233m▊[48;2;8;7;9m[38;2;85;83;86m▁[48;2;1;1;1m[38;2;1;1;1m        [0m
[48;2;1;1;1m[38;2;1;1;1m            [48;2;1;1;3m[38;2;1;1;3m  [48;2;3;1;6m[38;2;3;1;6m  [48;2;2;0;3m[38;2;2;0;3m  [48;2;1;1;1m[38;2;1;1;1m  [48;2;3;1;6m[38;2;3;1;6m    [48;2;1;1;1m[38;2;1;1;1m    [48;2;3;1;2m[38;2;3;1;2m  [48;2;217;203;207m[38;2;205;64;88m▄[48;2;231;233;234m[38;2;211;84;107m▅[48;2;45;30;31m[38;2;164;58;90m▄[48;2;18;6;5m[38;2;0;0;0m [48;2;1;1;3m[38;2;1;1;3m  [48;2;16;11;15m[38;2;0;0;0m [48;2;229;224;228m[38;2;55;50;54m▅[48;2;243;243;245m[38;2;239;239;241m▌[48;2;254;254;255m[38;2;250;250;252m▌[48;2;250;250;252m      [48;2;106;101;105m[38;2;248;243;247m▊[48;2;3;0;2m[38;2;28;23;27m▝[48;2;192;190;192m[38;2;53;51;54m┓[48;2;248;246;248m[38;2;239;237;240m━[48;2;254;252;254m[38;2;244;242;245m▌[48;2;63;61;64m[38;2;234;232;234m▊[48;2;1;1;1m[38;2;1;1;1m        [0m
[48;2;1;1;1m[38;2;1;1;1m              [48;2;2;0;3m[38;2;2;0;3m  [48;2;1;1;3m[38;2;1;1;3m    [48;2;3;1;6m[38;2;3;1;6m  [48;2;3;1;4m[38;2;3;1;4m  [48;2;1;1;3m[38;2;1;1;3m  [48;2;1;1;1m[38;2;1;1;1m    [48;2;194;69;97m[38;2;30;16;11m▅[48;2;197;58;91m[38;2;65;37;33m▁[48;2;47;20;23m[38;2;151;56;82m▄[48;2;19;7;6m[38;2;0;0;0m [48;2;1;1;3m[38;2;1;1;3m  [48;2;1;0;2m[38;2;14;12;15m▌[48;2;79;77;80m[38;2;8;6;9m▊[48;2;237;235;238m[38;2;125;123;126m▁[48;2;246;244;246m[38;2;0;0;0m [48;2;250;250;252m[38;2;250;250;252m    [38;2;235;235;237m╷[48;2;176;176;178m[38;2;245;245;246m▊[48;2;199;197;200m[38;2;20;19;21m▅[48;2;1;0;2m[38;2;5;3;6m▄[48;2;26;23;23m[38;2;0;0;0m [48;2;190;187;188m[38;2;42;38;39m┓[48;2;247;243;245m[38;2;215;167;183m▁[48;2;67;58;60m[38;2;226;216;220m▊[48;2;1;1;1m[38;2;1;1;1m        [0m
[48;2;1;1;1m[38;2;1;1;1m                [48;2;3;1;4m[38;2;3;1;4m  [48;2;3;1;6m[38;2;3;1;6m  [48;2;2;0;3m[38;2;2;0;3m  [48;2;3;1;6m[38;2;3;1;6m  [48;2;2;0;3m[38;2;2;0;3m  [48;2;1;1;1m[38;2;1;1;1m    [48;2;2;0;5m[38;2;2;0;5m  [48;2;1;1;3m[38;2;1;1;3m    [48;2;50;48;51m[38;2;9;7;10m▊[48;2;23;21;24m[38;2;211;209;212m▅[48;2;51;46;49m[38;2;219;213;217m▅[48;2;226;221;224m[38;2;88;82;86m▅[48;2;242;237;241m[38;2;77;72;76m▁▁[48;2;242;238;242m[38;2;78;73;77m▁▁[48;2;223;219;222m[38;2;96;91;95m▁[48;2;204;199;203m[38;2;61;56;60m▅[48;2;3;1;4m[38;2;3;1;4m  [48;2;32;15;13m[38;2;142;57;75m▁[48;2;55;21;24m[38;2;205;68;104m▅[48;2;110;36;47m[38;2;208;73;105m▊[48;2;147;56;73m[38;2;26;4;3m▅[48;2;1;1;1m[38;2;1;1;1m        [0m
[48;2;1;1;1m[38;2;1;1;1m                    [48;2;0;0;0m[38;2;0;0;0m  [48;2;1;1;3m[38;2;1;1;3m  [48;2;1;1;1m[38;2;1;1;1m    [48;2;2;0;3m[38;2;2;0;3m  [48;2;1;1;3m[38;2;1;1;3m    [48;2;6;5;7m[38;2;0;0;0m [48;2;15;14;16m [48;2;48;46;49m[38;2;226;224;227m▅[48;2;241;239;242m[38;2;0;0;0m [48;2;251;251;253m[38;2;243;243;245m┃[48;2;235;235;237m[38;2;255;255;255m▌[48;2;35;30;33m[38;2;168;162;166m▅[48;2;26;21;24m[38;2;157;151;155m▁[48;2;79;74;78m[38;2;13;9;12m▊[48;2;22;18;21m[38;2;228;224;227m▅[48;2;69;65;66m[38;2;234;230;231m▅[48;2;135;131;132m[38;2;240;237;238m▊[48;2;19;13;17m[38;2;145;139;143m▁[48;2;17;12;15m[38;2;0;0;0m [48;2;210;70;104m[38;2;50;22;19m▅[48;2;187;66;94m[38;2;76;21;26m▂[48;2;149;48;78m[38;2;19;6;5m▅[48;2;4;5;1m[38;2;0;0;0m [48;2;1;1;1m[38;2;1;1;1m        [0m
[48;2;1;1;1m[38;2;1;1;1m                        [48;2;1;1;3m[38;2;1;1;3m  [48;2;3;1;6m[38;2;3;1;6m  [48;2;2;0;3m[38;2;2;0;3m  [48;2;1;1;3m[38;2;1;1;3m  [48;2;1;1;1m[38;2;1;1;1m  [48;2;74;69;73m[38;2;3;0;2m▊[48;2;56;51;55m[38;2;222;218;221m▅[48;2;249;249;251m[38;2;249;249;251m  [48;2;195;190;194m[38;2;245;241;245m▊[48;2;197;193;196m[38;2;59;54;58m▅[48;2;60;54;58m[38;2;203;197;201m▅[48;2;197;191;195m[38;2;58;52;56m▅[48;2;70;68;71m[38;2;232;230;232m▅[48;2;234;232;235m[38;2;251;250;252m┫[48;2;250;250;252m[38;2;250;250;252m  [48;2;111;109;112m[38;2;240;238;240m▊[48;2;1;0;2m[38;2;25;23;26m▎[48;2;1;1;1m[38;2;1;1;1m            [0m
[48;2;1;1;1m[38;2;1;1;1m                    [48;2;2;0;3m[38;2;2;0;3m  [48;2;1;1;1m[38;2;1;1;1m  [48;2;3;1;6m[38;2;3;1;6m    [48;2;1;1;3m[38;2;1;1;3m    [48;2;2;2;2m[38;2;2;2;2m  [48;2;25;20;24m[38;2;136;131;135m▂[48;2;249;245;248m[38;2;205;200;204m▎[48;2;250;250;252m[38;2;250;250;252m  [48;2;179;174;178m[38;2;247;243;246m▊[48;2;51;47;50m[38;2;172;167;171m▁[48;2;215;210;212m[38;2;85;79;81m▁[48;2;64;58;60m[38;2;220;215;217m▅[48;2;225;219;223m[38;2;74;68;72m▅▅[48;2;223;219;222m[38;2;108;104;107m▅[48;2;244;240;243m[38;2;0;0;0m [48;2;111;109;112m[38;2;240;238;240m▊[48;2;1;0;2m[38;2;25;23;26m▎[48;2;2;0;3m[38;2;2;0;3m  [48;2;1;1;1m[38;2;1;1;1m          [0m
[48;2;1;1;1m[38;2;1;1;1m                  [48;2;1;1;3m[38;2;1;1;3m  [48;2;2;0;3m[38;2;2;0;3m  [48;2;1;1;3m[38;2;1;1;3m  [48;2;3;1;6m[38;2;3;1;6m    [48;2;2;0;3m[38;2;2;0;3m  [48;2;1;1;3m[38;2;1;1;3m  [48;2;13;13;15m[38;2;0;0;2m▊[48;2;56;56;58m[38;2;7;7;9m▊[48;2;255;255;255m[38;2;236;236;238m▌[48;2;252;252;253m[38;2;244;244;246m┃[48;2;250;250;252m[38;2;250;250;252m  [48;2;252;252;253m[38;2;244;244;246m┃[48;2;236;236;238m[38;2;255;255;255m▌[48;2;74;69;73m[38;2;191;186;190m▅[48;2;245;242;245m[38;2;0;0;0m [48;2;250;250;252m[38;2;250;250;252m    [48;2;111;109;112m[38;2;240;238;240m▊[48;2;1;0;2m[38;2;25;23;26m▎[48;2;1;1;3m[38;2;1;1;3m  [48;2;1;1;1m[38;2;1;1;1m          [0m
[48;2;1;1;1m[38;2;1;1;1m                  [48;2;2;0;3m[38;2;2;0;3m    [48;2;3;1;6m[38;2;3;1;6m      [48;2;1;1;3m[38;2;1;1;3m  [48;2;1;1;1m[38;2;1;1;1m  [48;2;32;30;31m[38;2;6;4;5m▊[48;2;47;45;46m[38;2;224;222;223m▅[48;2;248;248;250m[38;2;248;248;250m  [48;2;250;250;252m[38;2;250;250;252m  [48;2;242;241;243m[38;2;0;0;0m [48;2;210;208;211m[38;2;42;41;43m▁[48;2;115;110;114m[38;2;20;16;19m▊[48;2;252;247;251m[38;2;210;205;209m▎[48;2;250;250;252m[38;2;250;250;252m    [48;2;236;234;237m[38;2;0;0;0m [48;2;81;79;82m[38;2;231;229;232m┓[48;2;1;1;3m[38;2;1;1;3m  [48;2;1;1;1m[38;2;1;1;1m          [0m
[48;2;4;2;10m[38;2;23;2;126m▂▂▂▂▂▂▂▂▂▂▂▂▂▂▂▂▂▂[48;2;5;3;12m[38;2;24;2;129m▂▂[48;2;4;2;10m[38;2;23;2;126m▂▂[48;2;5;3;12m[38;2;24;2;129m▂▂▂▂▂▂[48;2;5;3;11m[38;2;24;3;127m▂▂[48;2;4;2;10m[38;2;23;2;126m▂▂[48;2;17;16;19m[38;2;34;15;132m▂[48;2;248;246;245m[38;2;178;173;190m▎[48;2;250;250;252m[38;2;250;250;252m    [48;2;178;171;187m[38;2;248;244;243m▊[48;2;18;14;18m[38;2;27;10;123m▂[48;2;22;17;26m[38;2;23;5;124m▂[48;2;202;198;206m[38;2;46;33;87m▅[48;2;249;249;251m[38;2;249;249;251m  [48;2;250;250;252m[38;2;250;250;252m  [48;2;255;255;255m[38;2;253;253;255m▄[48;2;131;131;133m[38;2;238;238;240m▊[48;2;22;19;29m[38;2;200;190;235m▁[48;2;5;3;21m[38;2;49;22;174m▁[48;2;4;2;10m[38;2;23;2;126m▂▂▂▂▂▂▂▂▂▂[0m
[48;2;38;3;183m[38;2;38;3;183m                                [48;2;46;21;186m[38;2;203;194;230m▂[48;2;245;244;238m[38;2;206;197;238m▎[48;2;250;250;252m[38;2;250;250;252m  [48;2;248;248;250m[38;2;248;248;250m  [48;2;226;219;235m[38;2;85;61;184m▂[48;2;34;4;186m[38;2;61;36;175m▎[48;2;31;0;174m[38;2;41;6;184m▚[48;2;40;7;183m[38;2;70;35;213m▝[48;2;227;222;237m[38;2;69;44;185m▆[48;2;246;244;242m[38;2;230;228;229m╵[48;2;250;250;252m[38;2;250;250;252m    [48;2;96;73;187m[38;2;245;240;240m▊[48;2;38;7;189m[38;2;38;7;189m▄[48;2;38;3;183m[38;2;38;3;183m          [0m
[48;2;38;3;183m[38;2;38;3;183m                              [48;2;40;5;183m[38;2;40;5;183m  [48;2;248;247;251m[38;2;205;204;209m▎[48;2;240;239;244m[38;2;252;251;254m┃[48;2;250;250;252m[38;2;250;250;252m  [48;2;244;243;248m[38;2;0;0;0m [48;2;223;221;227m[38;2;67;52;161m▂[48;2;40;5;185m[38;2;40;5;185m  [48;2;38;3;183m[38;2;38;3;183m  [48;2;42;10;189m[38;2;50;26;160m▝[48;2;226;218;241m[38;2;64;39;187m▆[48;2;241;240;240m[38;2;82;67;187m▂[48;2;246;245;247m[38;2;0;0;0m [48;2;249;249;251m[38;2;249;249;251m  [48;2;236;233;241m[38;2;0;0;0m [48;2;51;32;169m[38;2;193;187;218m▆[48;2;38;3;185m[38;2;38;3;185m  [48;2;38;3;183m[38;2;38;3;183m        [0m
[48;2;38;3;185m[38;2;38;3;185m                              [48;2;40;5;183m[38;2;40;5;183m  [48;2;248;247;251m[38;2;205;204;209m▎[48;2;240;239;244m[38;2;252;251;254m┃[48;2;249;249;251m[38;2;249;249;251m  [48;2;222;215;235m[38;2;56;36;158m▂[48;2;41;14;176m[38;2;42;8;207m┏[48;2;38;3;185m[38;2;38;3;185m      [48;2;45;14;184m[38;2;0;0;0m [48;2;219;208;240m[38;2;75;53;181m▆[48;2;250;250;252m[38;2;250;250;252m  [48;2;246;245;243m[38;2;0;0;0m [48;2;140;132;181m[38;2;242;240;248m▊[48;2;41;11;188m[38;2;174;160;215m▂[48;2;41;10;182m[38;2;0;0;0m [48;2;38;3;185m[38;2;38;3;185m        [0m
[48;2;38;3;185m[38;2;38;3;185m                              [48;2;49;8;171m[38;2;175;55;106m▂[48;2;62;23;168m[38;2;189;74;104m▆[48;2;230;206;220m[38;2;204;84;109m▆[48;2;246;227;230m[38;2;206;87;101m▂[48;2;228;224;239m[38;2;57;32;187m▂[48;2;202;197;214m[38;2;48;23;179m▆[48;2;40;5;185m[38;2;40;5;185m  [48;2;38;3;185m[38;2;38;3;185m      [48;2;31;0;174m[38;2;41;6;184m▚[48;2;40;7;183m[38;2;70;35;213m▝[48;2;220;216;222m[38;2;66;41;188m▆[48;2;233;229;238m[38;2;77;63;173m▂[48;2;250;250;252m[38;2;250;250;252m  [48;2;67;44;161m[38;2;241;237;237m▊[48;2;28;0;193m[38;2;43;9;194m▊[48;2;38;3;185m[38;2;38;3;185m        [0m
[48;2;38;3;185m[38;2;38;3;185m                              [48;2;184;59;104m[38;2;76;25;159m▃[48;2;209;75;98m[38;2;0;0;0m [48;2;193;66;100m[38;2;45;8;161m▂[48;2;150;70;102m[38;2;49;10;182m▆[48;2;39;4;184m[38;2;39;4;184m  [48;2;38;3;185m[38;2;38;3;185m          [48;2;43;7;169m[38;2;0;0;0m [48;2;87;59;187m[38;2;196;64;96m▂[48;2;237;232;231m[38;2;197;68;88m▂[48;2;237;213;218m[38;2;222;68;96m▂[48;2;179;160;191m[38;2;165;64;122m▆[48;2;36;6;184m[38;2;0;0;0m [48;2;38;3;185m[38;2;38;3;185m        [0m
[48;2;38;3;185m[38;2;38;3;185m                              [48;2;34;7;165m[38;2;21;12;60m▃[48;2;142;55;76m[38;2;16;7;25m▆[48;2;35;13;138m[38;2;5;3;10m▆▆▆▆[48;2;36;13;140m[38;2;5;3;12m▆▆[48;2;35;12;139m[38;2;5;3;11m▆▆[48;2;36;13;142m[38;2;5;3;13m▆▆[48;2;36;13;140m[38;2;5;3;12m▆▆[48;2;34;9;136m[38;2;6;1;10m▆[48;2;45;20;148m[38;2;15;9;19m▆[48;2;165;56;98m[38;2;13;13;22m▂[48;2;208;68;94m[38;2;53;23;27m▃[48;2;214;79;112m[38;2;46;16;16m▃[48;2;203;67;101m[38;2;38;10;11m▃[48;2;65;22;152m[38;2;2;7;50m▂[48;2;45;4;186m[38;2;45;7;168m╺[48;2;38;3;185m[38;2;38;3;185m        [0m
[48;2;38;3;185m[38;2;38;3;185m                              [48;2;31;19;68m[38;2;32;1;170m▆[48;2;16;8;35m[38;2;36;3;190m▂[48;2;8;6;11m[38;2;30;5;149m▃▃[48;2;8;3;24m[38;2;39;10;180m▂▂▂▂[48;2;8;6;11m[38;2;30;5;149m▃▃[48;2;8;3;24m[38;2;39;10;180m▂▂▂▂▂▂▂▂[48;2;12;8;26m[38;2;34;5;171m▂[48;2;12;6;44m[38;2;34;2;191m▂[48;2;37;16;109m[38;2;37;3;178m▆[48;2;37;1;184m[38;2;37;3;172m▘[48;2;38;3;185m[38;2;38;3;185m        [0m
[48;2;40;2;185m[38;2;40;2;185m                                                            [0m
[48;2;40;2;185m[38;2;40;2;185m                                                            [0m
