[48;2;1;1;1m[38;2;1;1;1m                                                            [0m
[48;2;1;1;1m[38;2;1;1;1m                                                            [0m
[48;2;1;1;1m[38;2;1;1;1m                                                            [0m
[48;2;1;1;1m[38;2;1;1;1m                                                      [48;2;1;1;3m[38;2;1;1;3m  [48;2;1;1;1m[38;2;1;1;1m    [0m
[48;2;1;1;1m[38;2;1;1;1m                          [48;2;3;1;6m[38;2;3;1;6m  [48;2;1;1;3m[38;2;1;1;3m  [48;2;1;1;1m[38;2;1;1;1m                      [48;2;3;1;4m[38;2;3;1;4m  [48;2;3;1;6m[38;2;3;1;6m  [48;2;2;0;3m[38;2;2;0;3m  [48;2;1;1;1m[38;2;1;1;1m  [0m
[48;2;1;1;1m[38;2;1;1;1m                        [48;2;1;1;3m[38;2;1;1;3m  [48;2;3;1;6m[38;2;3;1;6m    [48;2;2;0;3m[38;2;2;0;3m  [48;2;1;1;3m[38;2;1;1;3m  [48;2;2;0;3m[38;2;2;0;3m  [48;2;9;7;8m[38;2;2;1;1m▚[48;2;5;3;4m[38;2;1;0;0m▌[48;2;34;32;35m[38;2;222;220;223m▃[48;2;12;11;13m[38;2;217;215;218m▄[48;2;10;8;11m[38;2;220;218;221m▄▄[48;2;31;30;30m[38;2;205;204;205m▃[48;2;11;9;10m[38;2;0;0;0m [48;2;1;1;1m[38;2;1;1;1m      [48;2;3;1;6m[38;2;3;1;6m      [48;2;1;1;3m[38;2;1;1;3m  [48;2;1;1;1m[38;2;1;1;1m  [0m
[48;2;1;1;1m[38;2;1;1;1m                    [48;2;3;1;6m[38;2;3;1;6m    [48;2;3;1;4m[38;2;3;1;4m  [48;2;3;1;6m[38;2;3;1;6m    [48;2;2;0;3m[38;2;2;0;3m  [48;2;3;1;6m[38;2;3;1;6m    [48;2;1;1;3m[38;2;1;1;3m  [48;2;121;114;112m[38;2;33;21;21m▇[48;2;237;229;230m[38;2;193;88;119m▄[48;2;248;244;242m[38;2;203;105;133m▄[48;2;246;242;240m[38;2;0;0;0m [48;2;251;249;252m[38;2;255;254;255m▃[48;2;206;204;207m[38;2;0;0;0m [48;2;4;2;3m[38;2;4;2;3m  [48;2;1;1;3m[38;2;1;1;3m  [48;2;3;1;4m[38;2;3;1;4m  [48;2;3;1;6m[38;2;3;1;6m      [48;2;1;1;3m[38;2;1;1;3m  [48;2;1;1;1m[38;2;1;1;1m  [0m
[48;2;1;1;1m[38;2;1;1;1m                    [48;2;1;1;3m[38;2;1;1;3m  [48;2;3;1;6m[38;2;3;1;6m        [48;2;3;1;4m[38;2;3;1;4m  [48;2;1;1;3m[38;2;1;1;3m  [48;2;3;1;4m[38;2;3;1;4m  [48;2;1;1;3m[38;2;1;1;3m  [48;2;72;31;37m[38;2;2;2;3m▊[48;2;183;62;80m[38;2;227;77;104m┃[48;2;68;26;25m[38;2;190;68;94m▄[48;2;226;151;161m[38;2;209;78;107m▊[48;2;252;250;252m[38;2;236;234;237m│[48;2;142;140;143m[38;2;245;243;245m▊[48;2;5;3;6m[38;2;5;3;6m  [48;2;3;1;4m[38;2;3;1;4m    [48;2;3;1;6m[38;2;3;1;6m        [48;2;3;1;4m[38;2;3;1;4m  [0m
[48;2;1;1;1m[38;2;1;1;1m                    [48;2;2;2;4m[38;2;2;2;4m  [48;2;3;1;4m[38;2;3;1;4m  [48;2;3;1;6m[38;2;3;1;6m    [48;2;1;1;3m[38;2;1;1;3m  [48;2;1;1;1m[38;2;1;1;1m    [48;2;1;1;3m[38;2;1;1;3m  [48;2;8;6;7m[38;2;37;35;36m▁[48;2;19;18;18m[38;2;0;0;0m [48;2;33;21;24m[38;2;218;207;211m▄[48;2;211;74;97m[38;2;0;0;0m [48;2;228;79;109m[38;2;205;72;97m┃[48;2;214;139;144m[38;2;214;68;97m▊[48;2;252;251;253m[38;2;237;235;238m│[48;2;143;141;144m[38;2;245;244;246m▊[48;2;5;3;4m[38;2;46;44;45m▁▁[48;2;1;1;1m[38;2;1;1;1m  [48;2;1;1;3m[38;2;1;1;3m    [48;2;3;1;4m[38;2;3;1;4m  [48;2;3;1;6m[38;2;3;1;6m    [48;2;1;1;3m[38;2;1;1;3m  [0m
[48;2;1;1;1m[38;2;1;1;1m                [48;2;2;0;3m[38;2;2;0;3m  [48;2;3;1;4m[38;2;3;1;4m  [48;2;2;0;3m[38;2;2;0;3m  [48;2;1;1;1m[38;2;1;1;1m  [48;2;1;1;3m[38;2;1;1;3m  [48;2;1;1;1m[38;2;1;1;1m        [48;2;1;0;2m[38;2;27;25;28m▗[48;2;37;35;38m[38;2;227;226;228m▄[48;2;206;204;207m[38;2;247;245;248m▇▇[48;2;239;235;236m[38;2;247;253;251m▊[48;2;211;184;193m[38;2;251;238;244m▊[48;2;227;117;138m[38;2;204;61;93m▊[48;2;217;104;127m[38;2;240;229;218m▄[48;2;249;249;251m[38;2;249;249;251m  [48;2;205;203;206m[38;2;247;245;247m▇[48;2;242;240;243m[38;2;178;176;179m▝[48;2;21;20;22m[38;2;232;231;233m▄[48;2;19;17;20m[38;2;201;199;201m▄[48;2;2;1;1m[38;2;18;16;17m▃[48;2;4;2;3m[38;2;7;5;6m▖[48;2;1;1;1m[38;2;1;1;1m    [48;2;2;0;3m[38;2;2;0;3m  [48;2;3;1;6m[38;2;3;1;6m  [48;2;1;1;1m[38;2;1;1;1m  [0m
[48;2;1;1;1m[38;2;1;1;1m            [48;2;1;1;3m[38;2;1;1;3m  [48;2;3;1;6m[38;2;3;1;6m      [48;2;1;1;3m[38;2;1;1;3m  [48;2;1;1;1m[38;2;1;1;1m      [48;2;1;1;3m[38;2;1;1;3m  [48;2;1;1;1m[38;2;1;1;1m    [48;2;68;63;67m[38;2;8;3;7m▊[48;2;251;246;250m[38;2;192;187;191m▎[48;2;250;250;252m[38;2;250;250;252m  [48;2;255;254;255m[38;2;252;250;253m▖[48;2;246;244;247m[38;2;225;223;226m▝[48;2;202;104;132m[38;2;248;242;242m▄[48;2;246;243;240m[38;2;0;0;0m [48;2;250;250;252m[38;2;250;250;252m      [48;2;83;81;84m[38;2;233;231;234m▊[48;2;1;0;2m[38;2;15;13;16m│[48;2;1;1;1m[38;2;1;1;1m          [0m
[48;2;1;1;1m[38;2;1;1;1m            [48;2;3;1;6m[38;2;3;1;6m      [48;2;3;1;4m[38;2;3;1;4m  [48;2;1;1;3m[38;2;1;1;3m  [48;2;1;1;1m[38;2;1;1;1m    [48;2;3;1;6m[38;2;3;1;6m  [48;2;3;1;4m[38;2;3;1;4m  [48;2;1;1;1m[38;2;1;1;1m  [48;2;4;2;5m[38;2;13;11;14m╵[48;2;24;22;25m[38;2;1;0;2m▌[48;2;52;50;53m[38;2;233;231;233m▄[48;2;240;238;241m[38;2;0;0;0m [48;2;250;250;252m[38;2;250;250;252m            [48;2;86;84;87m[38;2;238;237;239m▊[48;2;1;0;2m[38;2;9;7;10m│[48;2;1;1;1m[38;2;1;1;1m          [0m
[48;2;1;1;1m[38;2;1;1;1m            [48;2;1;1;3m[38;2;1;1;3m  [48;2;3;1;6m[38;2;3;1;6m  [48;2;2;0;3m[38;2;2;0;3m  [48;2;1;1;1m[38;2;1;1;1m  [48;2;3;1;6m[38;2;3;1;6m    [48;2;1;1;1m[38;2;1;1;1m        [48;2;30;28;31m[38;2;10;9;11m▊[48;2;46;45;47m[38;2;226;224;226m▄[48;2;241;241;243m[38;2;251;251;252m▄[48;2;250;250;251m[38;2;240;240;242m▃[48;2;245;243;245m[38;2;122;120;123m▁▁[48;2;250;250;252m[38;2;250;250;252m          [48;2;107;102;106m[38;2;240;236;239m▊[48;2;12;8;11m[38;2;102;97;101m▁[48;2;1;1;1m[38;2;1;1;1m          [0m
[48;2;1;1;1m[38;2;1;1;1m              [48;2;2;0;3m[38;2;2;0;3m  [48;2;1;1;3m[38;2;1;1;3m    [48;2;3;1;6m[38;2;3;1;6m  [48;2;3;1;4m[38;2;3;1;4m  [48;2;1;1;3m[38;2;1;1;3m  [48;2;1;1;1m[38;2;1;1;1m    [48;2;3;3;3m[38;2;3;3;3m  [48;2;26;21;22m[38;2;198;192;194m▅[48;2;240;236;238m[38;2;0;0;0m [48;2;235;231;234m[38;2;102;97;101m▁[48;2;218;213;217m[38;2;31;27;30m▅[48;2;1;0;2m[38;2;22;20;23m▌[48;2;93;91;94m[38;2;9;7;10m▊[48;2;255;254;255m[38;2;237;235;238m▌[48;2;253;251;253m[38;2;245;243;246m┃[48;2;250;250;252m[38;2;250;250;252m      [48;2;241;240;242m[38;2;0;0;0m [48;2;242;240;243m[38;2;151;149;152m▁[48;2;249;249;251m[38;2;249;249;251m▄[48;2;69;69;71m[38;2;238;238;240m▊[48;2;1;1;1m[38;2;1;1;1m          [0m
[48;2;1;1;1m[38;2;1;1;1m                [48;2;3;1;4m[38;2;3;1;4m  [48;2;3;1;6m[38;2;3;1;6m  [48;2;2;0;3m[38;2;2;0;3m  [48;2;3;1;6m[38;2;3;1;6m  [48;2;2;0;3m[38;2;2;0;3m  [48;2;1;1;1m[38;2;1;1;1m    [48;2;4;2;5m[38;2;4;2;5m  [48;2;210;66;99m[38;2;159;60;78m▎[48;2;229;191;189m[38;2;163;56;77m▄[48;2;9;7;10m[38;2;14;12;15m▌[48;2;1;0;2m[38;2;4;2;5m▎[48;2;3;2;4m[38;2;11;9;12m┏[48;2;36;34;37m[38;2;6;5;7m▊[48;2;224;219;223m[38;2;84;79;83m▅[48;2;236;232;236m[38;2;116;111;115m▁[48;2;250;250;252m[38;2;250;250;252m    [48;2;243;242;244m[38;2;0;0;0m [48;2;220;218;220m[38;2;87;85;88m▁[48;2;191;185;187m[38;2;26;21;22m▅[48;2;162;156;158m[38;2;14;9;10m▊[48;2;237;223;224m[38;2;221;119;148m▁[48;2;148;78;96m[38;2;237;208;213m▘[48;2;1;1;1m[38;2;1;1;1m          [0m
[48;2;1;1;1m[38;2;1;1;1m                    [48;2;0;0;0m[38;2;0;0;0m  [48;2;1;1;3m[38;2;1;1;3m  [48;2;1;1;1m[38;2;1;1;1m    [48;2;2;0;3m[38;2;2;0;3m  [48;2;1;1;3m[38;2;1;1;3m  [48;2;185;55;91m[38;2;29;12;10m▅[48;2;54;28;29m[38;2;153;48;75m┳[48;2;3;1;4m[38;2;3;1;4m  [48;2;1;0;2m[38;2;4;2;5m▄[48;2;50;48;51m[38;2;221;219;222m▅[48;2;236;231;235m[38;2;0;0;0m [48;2;69;64;68m[38;2;218;213;217m▅[48;2;223;219;222m[38;2;63;59;62m▅[48;2;227;223;226m[38;2;25;21;24m▅[48;2;228;224;227m[38;2;30;26;29m▅[48;2;223;219;222m[38;2;70;66;69m▅[48;2;165;159;161m[38;2;93;87;89m▄[48;2;36;31;32m[38;2;199;193;195m▅[48;2;23;15;12m[38;2;0;0;0m [48;2;95;32;47m[38;2;170;49;85m━[48;2;183;60;89m[38;2;45;31;22m▁[48;2;152;57;76m[38;2;14;9;4m▅[48;2;1;1;1m[38;2;1;1;1m          [0m
[48;2;1;1;1m[38;2;1;1;1m                        [48;2;1;1;3m[38;2;1;1;3m  [48;2;3;1;6m[38;2;3;1;6m  [48;2;2;0;3m[38;2;2;0;3m  [48;2;1;1;3m[38;2;1;1;3m  [48;2;1;1;1m[38;2;1;1;1m  [48;2;6;5;7m[38;2;0;0;0m [48;2;15;14;16m [48;2;53;51;54m[38;2;226;224;227m▅[48;2;245;243;245m[38;2;0;0;0m [48;2;243;242;244m [48;2;236;235;237m[38;2;127;125;128m▂[48;2;202;196;200m[38;2;85;79;83m▅[48;2;48;42;46m[38;2;166;160;164m▅[48;2;144;139;143m[38;2;48;43;47m▊[48;2;246;242;246m[38;2;229;224;228m▎[48;2;249;249;250m[38;2;232;232;234m╵[48;2;238;238;239m[38;2;0;0;0m [48;2;74;72;75m[38;2;220;218;221m┓[48;2;11;9;12m[38;2;0;0;0m [48;2;1;1;1m[38;2;1;1;1m            [0m
[48;2;1;1;1m[38;2;1;1;1m                    [48;2;2;0;3m[38;2;2;0;3m  [48;2;1;1;1m[38;2;1;1;1m  [48;2;3;1;6m[38;2;3;1;6m    [48;2;1;1;3m[38;2;1;1;3m    [48;2;1;1;1m[38;2;1;1;1m  [48;2;3;0;2m[38;2;87;82;86m [48;2;52;47;51m[38;2;229;225;228m▅[48;2;249;249;251m[38;2;249;249;251m  [48;2;158;153;157m[38;2;247;243;246m▊[48;2;70;65;69m[38;2;22;17;21m┃[48;2;155;149;153m[38;2;235;229;233m▊[48;2;94;88;92m[38;2;26;21;24m▊[48;2;244;242;245m[38;2;240;238;241m▌[48;2;255;253;255m[38;2;251;249;252m▌[48;2;250;250;252m[38;2;250;250;252m  [48;2;111;109;112m[38;2;240;238;240m▊[48;2;1;0;2m[38;2;25;23;26m▎[48;2;2;0;3m[38;2;2;0;3m  [48;2;1;1;1m[38;2;1;1;1m          [0m
[48;2;1;1;1m[38;2;1;1;1m                  [48;2;1;1;3m[38;2;1;1;3m  [48;2;2;0;3m[38;2;2;0;3m  [48;2;1;1;3m[38;2;1;1;3m  [48;2;3;1;6m[38;2;3;1;6m    [48;2;2;0;3m[38;2;2;0;3m  [48;2;1;1;3m[38;2;1;1;3m  [48;2;2;2;2m[38;2;2;2;2m  [48;2;34;32;35m[38;2;200;198;201m▁[48;2;251;249;251m[38;2;205;203;206m▎[48;2;250;250;252m[38;2;250;250;252m  [48;2;241;239;242m[38;2;0;0;0m [48;2;72;70;73m[38;2;239;237;239m▅[48;2;236;232;236m[38;2;0;0;0m [48;2;75;70;74m[38;2;220;216;219m▅[48;2;218;214;218m[38;2;86;81;85m▅[48;2;223;219;223m[38;2;93;89;92m▅[48;2;249;249;251m[38;2;249;249;251m  [48;2;128;123;127m[38;2;242;238;241m▊[48;2;22;18;21m[38;2;174;169;173m▁[48;2;1;1;3m[38;2;1;1;3m  [48;2;1;1;1m[38;2;1;1;1m          [0m
[48;2;1;1;1m[38;2;1;1;1m                  [48;2;2;0;3m[38;2;2;0;3m    [48;2;3;1;6m[38;2;3;1;6m      [48;2;1;1;3m[38;2;1;1;3m  [48;2;1;1;1m[38;2;1;1;1m  [48;2;0;0;2m[38;2;5;5;7m│[48;2;64;64;66m[38;2;6;6;8m▊[48;2;255;255;255m[38;2;236;236;238m▌[48;2;252;252;253m[38;2;244;244;246m┃[48;2;250;250;252m[38;2;250;250;252m  [48;2;241;241;243m[38;2;251;251;252m▄[48;2;250;250;251m[38;2;240;240;242m▃[48;2;245;243;246m[38;2;104;102;105m▂[48;2;246;245;247m[38;2;0;0;0m [48;2;250;250;252m[38;2;250;250;252m    [48;2;250;248;250m[38;2;250;248;250m▄[48;2;84;82;85m[38;2;247;245;248m▊[48;2;1;1;3m[38;2;1;1;3m  [48;2;1;1;1m[38;2;1;1;1m          [0m
[48;2;4;2;10m[38;2;23;2;126m▂▂▂▂▂▂▂▂▂▂▂▂▂▂▂▂▂▂[48;2;5;3;12m[38;2;24;2;129m▂▂[48;2;4;2;10m[38;2;23;2;126m▂▂[48;2;5;3;12m[38;2;24;2;129m▂▂▂▂▂▂[48;2;5;3;11m[38;2;24;3;127m▂▂[48;2;4;2;10m[38;2;23;2;126m▂▂[48;2;13;12;15m[38;2;38;18;135m▂[48;2;36;38;21m[38;2;208;204;218m▆[48;2;248;248;250m[38;2;248;248;250m  [48;2;250;250;252m[38;2;250;250;252m  [48;2;242;241;241m[38;2;0;0;0m [48;2;209;206;219m[38;2;42;25;148m▁[48;2;32;27;36m[38;2;37;15;138m▂[48;2;203;198;207m[38;2;39;28;80m▅[48;2;249;249;251m[38;2;249;249;251m  [48;2;250;250;252m[38;2;250;250;252m  [48;2;249;249;250m[38;2;235;235;237m┓[48;2;236;236;237m[38;2;0;0;0m [48;2;87;85;98m[38;2;229;225;237m┓[48;2;7;4;23m[38;2;57;31;183m▁[48;2;4;2;10m[38;2;23;2;126m▂▂▂▂▂▂▂▂▂▂[0m
[48;2;38;3;183m[38;2;38;3;183m                                [48;2;46;21;186m[38;2;203;194;230m▂[48;2;245;244;238m[38;2;206;197;238m▎[48;2;250;250;252m[38;2;250;250;252m  [48;2;248;248;250m[38;2;248;248;250m  [48;2;227;220;234m[38;2;86;63;183m▂[48;2;35;4;185m[38;2;62;37;174m▎[48;2;31;0;174m[38;2;41;6;184m▚[48;2;40;7;183m[38;2;70;35;213m▝[48;2;242;239;241m[38;2;62;39;181m▆[48;2;240;236;242m[38;2;100;80;192m▂[48;2;250;250;252m[38;2;250;250;252m    [48;2;232;229;239m[38;2;0;0;0m [48;2;46;26;164m[38;2;193;187;221m▆[48;2;38;3;185m[38;2;38;3;185m  [48;2;38;3;183m[38;2;38;3;183m        [0m
[48;2;38;3;183m[38;2;38;3;183m                              [48;2;40;5;183m[38;2;40;5;183m  [48;2;248;247;251m[38;2;205;204;209m▎[48;2;240;239;244m[38;2;252;251;254m┃[48;2;249;249;251m[38;2;249;249;251m  [48;2;233;229;241m[38;2;66;39;194m▂[48;2;217;213;228m[38;2;49;24;179m▆[48;2;39;4;184m[38;2;39;4;184m  [48;2;38;3;183m[38;2;38;3;183m  [48;2;33;1;176m[38;2;46;11;189m▘[48;2;37;4;180m[38;2;76;41;219m▝[48;2;239;236;235m[38;2;68;44;187m▆[48;2;239;236;242m[38;2;79;63;171m▂[48;2;249;249;251m[38;2;249;249;251m  [48;2;251;250;253m[38;2;241;240;244m┗[48;2;237;236;239m[38;2;0;0;0m [48;2;111;89;209m[38;2;229;224;233m┓[48;2;39;9;204m[38;2;37;7;173m▊[48;2;38;3;183m[38;2;38;3;183m        [0m
[48;2;38;3;185m[38;2;38;3;185m                              [48;2;39;9;185m[38;2;49;18;191m▄[48;2;69;42;182m[38;2;221;214;228m▆[48;2;248;248;250m[38;2;248;248;250m  [48;2;243;241;248m[38;2;0;0;0m [48;2;232;231;235m[38;2;56;43;164m▂[48;2;38;4;179m[38;2;56;22;197m▌[48;2;41;7;182m[38;2;32;0;173m▌[48;2;38;3;185m[38;2;38;3;185m      [48;2;31;0;174m[38;2;41;6;184m▚[48;2;40;7;183m[38;2;70;35;213m▝[48;2;233;229;230m[38;2;65;43;186m▆[48;2;235;232;240m[38;2;84;65;178m▂[48;2;250;250;252m[38;2;250;250;252m  [48;2;125;109;197m[38;2;237;235;238m▊[48;2;45;18;185m[38;2;168;154;228m▂[48;2;38;3;185m[38;2;38;3;185m        [0m
[48;2;38;3;185m[38;2;38;3;185m                              [48;2;68;29;160m[38;2;171;64;109m▆[48;2;239;215;222m[38;2;212;104;106m▂[48;2;245;243;249m[38;2;0;0;0m [48;2;239;237;239m[38;2;63;46;169m▂[48;2;225;216;242m[38;2;53;30;177m▂[48;2;34;4;177m[38;2;68;44;183m▎[48;2;38;3;185m[38;2;38;3;185m          [48;2;39;7;185m[38;2;33;3;161m▃[48;2;134;111;218m[38;2;41;10;185m▊[48;2;236;235;238m[38;2;86;71;176m▂[48;2;249;247;254m[38;2;244;245;230m▗[48;2;248;246;251m[38;2;255;255;248m│[48;2;51;27;173m[38;2;228;225;236m▊[48;2;38;3;185m[38;2;38;3;185m        [0m
[48;2;38;3;185m[38;2;38;3;185m                            [48;2;40;8;176m[38;2;0;0;0m [48;2;64;19;175m[38;2;177;74;113m▆[48;2;210;68;94m[38;2;221;79;105m▄[48;2;221;79;105m[38;2;210;68;94m▄[48;2;201;188;220m[38;2;45;13;171m▆[48;2;45;9;185m[38;2;0;0;0m [48;2;38;3;185m[38;2;38;3;185m              [48;2;172;138;206m[38;2;42;13;184m▊[48;2;235;221;215m[38;2;217;101;129m▃[48;2;237;212;206m[38;2;219;76;106m▆[48;2;190;151;213m[38;2;174;64;107m▆[48;2;42;8;172m[38;2;145;46;116m▂[48;2;45;9;193m[38;2;37;2;181m▄[48;2;38;3;185m[38;2;38;3;185m      [0m
[48;2;38;3;185m[38;2;38;3;185m                            [48;2;35;4;178m[38;2;0;0;0m [48;2;75;30;148m[38;2;27;3;39m▂[48;2;199;63;87m[38;2;48;16;26m▃[48;2;210;75;98m[38;2;58;24;36m▃[48;2;77;34;69m[38;2;190;69;100m━[48;2;24;6;173m[38;2;23;7;28m▇[48;2;35;13;138m[38;2;5;3;10m▆▆[48;2;36;13;140m[38;2;5;3;12m▆▆[48;2;35;12;139m[38;2;5;3;11m▆▆[48;2;36;13;142m[38;2;5;3;13m▆▆[48;2;36;13;140m[38;2;5;3;12m▆▆[48;2;31;6;134m[38;2;12;6;16m▆▆[48;2;37;11;65m[38;2;217;72;105m▂[48;2;34;17;76m[38;2;185;64;93m▃[48;2;113;39;136m[38;2;216;77;99m▆[48;2;218;75;99m[38;2;0;0;0m [48;2;211;76;104m[38;2;154;41;61m▗[48;2;220;73;104m[38;2;59;21;19m▃[48;2;84;28;87m[38;2;219;77;107m▘[48;2;28;5;183m[38;2;49;6;191m▃[48;2;38;3;185m[38;2;38;3;185m      [0m
[48;2;38;3;185m[38;2;38;3;185m                            [48;2;37;1;184m[38;2;37;4;165m▝[48;2;37;21;80m[38;2;37;2;185m▆[48;2;8;6;12m[38;2;31;5;151m▃▃[48;2;8;6;11m[38;2;30;5;149m▃▃[48;2;8;3;24m[38;2;39;10;180m▂▂▂▂[48;2;8;6;11m[38;2;30;5;149m▃▃[48;2;8;3;24m[38;2;39;10;180m▂▂▂▂[48;2;11;4;24m[38;2;42;10;181m▂▂[48;2;168;49;82m[38;2;25;10;82m▆▆[48;2;167;48;81m[38;2;24;10;81m▆▆[48;2;124;39;63m[38;2;23;12;80m▆[48;2;17;10;48m[38;2;33;4;191m▂[48;2;37;15;111m[38;2;37;2;180m▆[48;2;37;1;185m[38;2;37;3;174m▘[48;2;38;3;185m[38;2;38;3;185m      [0m
[48;2;40;2;185m[38;2;40;2;185m                                                            [0m
[48;2;40;2;185m[38;2;40;2;185m                                                            [0m
