[48;2;1;1;1m[38;2;1;1;1m                                                            [0m
[48;2;1;1;1m[38;2;1;1;1m                                                            [0m
[48;2;1;1;1m[38;2;1;1;1m                                                            [0m
[48;2;1;1;1m[38;2;1;1;1m                                                      [48;2;1;1;3m[38;2;1;1;3m  [48;2;1;1;1m[38;2;1;1;1m    [0m
[48;2;1;1;1m[38;2;1;1;1m                          [48;2;3;1;6m[38;2;3;1;6m  [48;2;1;1;3m[38;2;1;1;3m  [48;2;1;1;1m[38;2;1;1;1m                      [48;2;3;1;4m[38;2;3;1;4m  [48;2;3;1;6m[38;2;3;1;6m  [48;2;2;0;3m[38;2;2;0;3m  [48;2;1;1;1m[38;2;1;1;1m  [0m
[48;2;1;1;1m[38;2;1;1;1m                        [48;2;1;1;3m[38;2;1;1;3m  [48;2;3;1;6m[38;2;3;1;6m    [48;2;2;0;3m[38;2;2;0;3m  [48;2;1;1;3m[38;2;1;1;3m  [48;2;2;0;3m[38;2;2;0;3m  [48;2;1;1;1m[38;2;1;1;1m  [48;2;1;0;0m[38;2;34;32;33m▁▁[48;2;0;0;2m[38;2;33;33;35m▁▁[48;2;2;2;2m[38;2;2;2;2m  [48;2;1;1;1m[38;2;1;1;1m      [48;2;3;1;6m[38;2;3;1;6m      [48;2;1;1;3m[38;2;1;1;3m  [48;2;1;1;1m[38;2;1;1;1m  [0m
[48;2;1;1;1m[38;2;1;1;1m                    [48;2;3;1;6m[38;2;3;1;6m    [48;2;3;1;4m[38;2;3;1;4m  [48;2;3;1;6m[38;2;3;1;6m    [48;2;2;0;3m[38;2;2;0;3m  [48;2;3;1;6m[38;2;3;1;6m    [48;2;2;1;3m[38;2;9;7;10m▚[48;2;5;3;6m[38;2;1;0;2m▌[48;2;212;207;211m[38;2;59;54;58m▄[48;2;161;156;160m[38;2;238;234;237m▇[48;2;184;182;185m[38;2;246;244;247m▇▇[48;2;241;237;240m[38;2;167;162;166m▝[48;2;16;12;15m[38;2;201;197;200m▄[48;2;3;1;2m[38;2;3;1;2m  [48;2;1;1;3m[38;2;1;1;3m  [48;2;3;1;4m[38;2;3;1;4m  [48;2;3;1;6m[38;2;3;1;6m      [48;2;1;1;3m[38;2;1;1;3m  [48;2;1;1;1m[38;2;1;1;1m  [0m
[48;2;1;1;1m[38;2;1;1;1m                    [48;2;1;1;3m[38;2;1;1;3m  [48;2;3;1;6m[38;2;3;1;6m        [48;2;3;1;4m[38;2;3;1;4m  [48;2;1;1;3m[38;2;1;1;3m  [48;2;3;1;4m[38;2;3;1;4m  [48;2;1;1;3m[38;2;1;1;3m  [48;2;73;33;41m[38;2;8;1;7m▊[48;2;175;68;83m[38;2;217;85;107m┃[48;2;212;93;123m[38;2;54;23;25m▄[48;2;237;234;227m[38;2;203;108;130m▄[48;2;252;250;252m[38;2;244;242;245m┃[48;2;152;150;153m[38;2;243;242;244m▊[48;2;5;3;6m[38;2;5;3;6m  [48;2;3;1;4m[38;2;3;1;4m    [48;2;3;1;6m[38;2;3;1;6m        [48;2;3;1;4m[38;2;3;1;4m  [0m
[48;2;1;1;1m[38;2;1;1;1m                    [48;2;2;2;4m[38;2;2;2;4m  [48;2;3;1;4m[38;2;3;1;4m  [48;2;3;1;6m[38;2;3;1;6m    [48;2;1;1;3m[38;2;1;1;3m  [48;2;1;1;1m[38;2;1;1;1m    [48;2;1;1;3m[38;2;1;1;3m    [48;2;74;31;38m[38;2;8;7;9m▊[48;2;223;75;99m[38;2;157;51;71m▎[48;2;220;73;103m[38;2;196;66;90m┃[48;2;220;148;152m[38;2;216;72;100m▊[48;2;252;251;253m[38;2;237;235;238m│[48;2;143;141;144m[38;2;245;244;246m▊[48;2;9;7;10m[38;2;14;12;15m▌[48;2;1;0;2m[38;2;4;2;5m▎[48;2;1;1;1m[38;2;1;1;1m  [48;2;1;1;3m[38;2;1;1;3m    [48;2;3;1;4m[38;2;3;1;4m  [48;2;3;1;6m[38;2;3;1;6m    [48;2;1;1;3m[38;2;1;1;3m  [0m
[48;2;1;1;1m[38;2;1;1;1m                [48;2;2;0;3m[38;2;2;0;3m  [48;2;3;1;4m[38;2;3;1;4m  [48;2;2;0;3m[38;2;2;0;3m  [48;2;1;1;1m[38;2;1;1;1m  [48;2;1;1;3m[38;2;1;1;3m  [48;2;1;1;1m[38;2;1;1;1m        [48;2;6;4;7m[38;2;16;14;17m▁[48;2;14;12;15m[38;2;43;41;44m▁[48;2;20;18;21m[38;2;228;226;228m▄[48;2;46;45;47m[38;2;237;235;238m▄[48;2;232;231;228m[38;2;0;0;0m [48;2;211;82;120m[38;2;238;213;217m▄[48;2;220;75;104m[38;2;196;68;91m┃[48;2;220;149;153m[38;2;216;74;101m▊[48;2;249;249;251m[38;2;249;249;251m  [48;2;226;225;227m[38;2;0;0;0m [48;2;28;27;29m[38;2;236;235;237m▄[48;2;20;18;21m[38;2;202;200;203m▄[48;2;10;8;11m[38;2;58;56;59m▁[48;2;1;1;3m[38;2;1;1;3m  [48;2;1;1;1m[38;2;1;1;1m    [48;2;2;0;3m[38;2;2;0;3m  [48;2;3;1;6m[38;2;3;1;6m  [48;2;1;1;1m[38;2;1;1;1m  [0m
[48;2;1;1;1m[38;2;1;1;1m            [48;2;1;1;3m[38;2;1;1;3m  [48;2;3;1;6m[38;2;3;1;6m      [48;2;1;1;3m[38;2;1;1;3m  [48;2;1;1;1m[38;2;1;1;1m      [48;2;1;1;3m[38;2;1;1;3m  [48;2;1;1;1m[38;2;1;1;1m    [48;2;67;62;66m[38;2;7;3;6m▊[48;2;250;245;249m[38;2;191;186;190m▎[48;2;250;250;252m[38;2;250;250;252m  [48;2;239;237;238m[38;2;247;254;253m▊[48;2;212;186;195m[38;2;252;239;245m▊[48;2;223;121;136m[38;2;194;67;90m┃[48;2;247;245;250m[38;2;246;215;222m▎[48;2;250;250;252m[38;2;250;250;252m    [48;2;241;239;242m[38;2;254;253;255m▌[48;2;91;89;92m[38;2;243;241;244m▊[48;2;2;0;3m[38;2;2;0;3m  [48;2;1;1;1m[38;2;1;1;1m          [0m
[48;2;1;1;1m[38;2;1;1;1m            [48;2;3;1;6m[38;2;3;1;6m      [48;2;3;1;4m[38;2;3;1;4m  [48;2;1;1;3m[38;2;1;1;3m  [48;2;1;1;1m[38;2;1;1;1m    [48;2;3;1;6m[38;2;3;1;6m  [48;2;3;1;4m[38;2;3;1;4m  [48;2;1;1;1m[38;2;1;1;1m  [48;2;1;1;3m[38;2;1;1;3m  [48;2;62;57;61m[38;2;10;5;9m▊[48;2;231;227;231m[38;2;150;145;149m▁[48;2;250;250;252m[38;2;250;250;252m          [48;2;248;246;249m[38;2;248;246;249m▄[48;2;113;111;114m[38;2;244;242;245m▊[48;2;8;6;9m[38;2;95;93;96m▁[48;2;5;4;6m[38;2;0;0;0m [48;2;1;1;1m[38;2;1;1;1m          [0m
[48;2;1;1;1m[38;2;1;1;1m            [48;2;1;1;3m[38;2;1;1;3m  [48;2;3;1;6m[38;2;3;1;6m  [48;2;2;0;3m[38;2;2;0;3m  [48;2;1;1;1m[38;2;1;1;1m  [48;2;3;1;6m[38;2;3;1;6m    [48;2;1;1;1m[38;2;1;1;1m        [48;2;1;1;3m[38;2;1;1;3m  [48;2;1;0;0m[38;2;13;11;12m│[48;2;78;76;77m[38;2;7;6;6m▊[48;2;255;255;255m[38;2;236;236;238m▌[48;2;252;252;253m[38;2;244;244;246m┃[48;2;250;250;252m[38;2;250;250;252m    [48;2;249;249;251m[38;2;249;249;251m  [48;2;247;245;248m[38;2;208;161;177m▁▁[48;2;250;250;252m[38;2;250;250;252m  [48;2;86;84;87m[38;2;238;237;239m▊[48;2;1;0;2m[38;2;9;7;10m│[48;2;1;1;1m[38;2;1;1;1m          [0m
[48;2;1;1;1m[38;2;1;1;1m              [48;2;2;0;3m[38;2;2;0;3m  [48;2;1;1;3m[38;2;1;1;3m    [48;2;3;1;6m[38;2;3;1;6m  [48;2;3;1;4m[38;2;3;1;4m  [48;2;1;1;3m[38;2;1;1;3m  [48;2;1;1;1m[38;2;1;1;1m    [48;2;1;1;3m[38;2;1;1;3m  [48;2;1;1;1m[38;2;1;1;1m  [48;2;1;0;0m[38;2;8;6;7m▄[48;2;33;32;32m[38;2;140;138;139m▁[48;2;255;255;255m[38;2;237;237;239m▌[48;2;253;253;254m[38;2;245;245;247m┃[48;2;250;250;252m[38;2;250;250;252m    [48;2;253;252;254m[38;2;247;245;248m▃[48;2;245;243;246m[38;2;232;230;233m▝[48;2;200;84;107m[38;2;240;215;210m▄[48;2;212;82;110m[38;2;0;0;0m [48;2;240;218;222m[38;2;215;101;135m▄[48;2;240;243;238m[38;2;0;0;0m [48;2;72;70;73m[38;2;215;214;216m▊[48;2;1;0;2m[38;2;13;11;14m│[48;2;1;1;1m[38;2;1;1;1m          [0m
[48;2;1;1;1m[38;2;1;1;1m                [48;2;3;1;4m[38;2;3;1;4m  [48;2;3;1;6m[38;2;3;1;6m  [48;2;2;0;3m[38;2;2;0;3m  [48;2;3;1;6m[38;2;3;1;6m  [48;2;2;0;3m[38;2;2;0;3m  [48;2;1;1;1m[38;2;1;1;1m    [48;2;3;1;6m[38;2;3;1;6m  [48;2;1;1;1m[38;2;1;1;1m  [48;2;67;56;60m[38;2;12;3;5m▊[48;2;227;224;227m[38;2;195;150;165m▁[48;2;240;241;243m[38;2;200;158;172m▁[48;2;249;244;247m[38;2;0;0;0m [48;2;250;250;252m[38;2;250;250;252m      [48;2;213;148;164m[38;2;245;241;246m▊[48;2;207;78;100m[38;2;210;125;132m▁[48;2;191;74;94m[38;2;68;15;14m▁[48;2;188;186;190m[38;2;27;17;22m▅[48;2;1;1;1m[38;2;1;1;1m            [0m
[48;2;1;1;1m[38;2;1;1;1m                    [48;2;0;0;0m[38;2;0;0;0m  [48;2;1;1;3m[38;2;1;1;3m  [48;2;1;1;1m[38;2;1;1;1m    [48;2;2;0;3m[38;2;2;0;3m  [48;2;1;1;3m[38;2;1;1;3m  [48;2;3;1;2m[38;2;3;1;2m  [48;2;41;14;11m[38;2;192;67;91m▅[48;2;203;68;96m[38;2;0;0;0m [48;2;200;84;119m[38;2;199;186;186m▅[48;2;240;233;232m[38;2;195;221;208m╺[48;2;232;228;231m[38;2;90;85;89m▅[48;2;233;229;232m[38;2;75;70;74m▁[48;2;241;240;242m[38;2;55;53;56m▁▁[48;2;248;244;248m[38;2;120;115;119m▂[48;2;236;232;236m[38;2;129;124;128m▂[48;2;230;227;230m[38;2;65;61;64m▅[48;2;193;188;192m[38;2;19;15;18m▅[48;2;1;1;3m[38;2;1;1;3m  [48;2;1;1;1m[38;2;1;1;1m            [0m
[48;2;1;1;1m[38;2;1;1;1m                        [48;2;1;1;3m[38;2;1;1;3m  [48;2;3;1;6m[38;2;3;1;6m  [48;2;2;0;3m[38;2;2;0;3m  [48;2;1;1;3m[38;2;1;1;3m  [48;2;2;2;2m[38;2;2;2;2m  [48;2;185;63;84m[38;2;19;6;12m▅▅[48;2;38;33;37m[38;2;166;161;165m▁[48;2;249;246;249m[38;2;207;202;206m▎[48;2;239;238;240m[38;2;0;0;0m [48;2;48;46;49m[38;2;208;206;208m▅[48;2;6;4;7m[38;2;23;21;24m▎[48;2;41;39;42m[38;2;1;0;2m▊[48;2;32;27;31m[38;2;234;231;234m▅[48;2;50;46;49m[38;2;236;231;235m▅[48;2;137;132;136m[38;2;241;237;240m▊[48;2;24;19;23m[38;2;140;135;139m▁[48;2;2;0;3m[38;2;2;0;3m  [48;2;1;1;1m[38;2;1;1;1m            [0m
[48;2;1;1;1m[38;2;1;1;1m                    [48;2;2;0;3m[38;2;2;0;3m  [48;2;1;1;1m[38;2;1;1;1m  [48;2;3;1;6m[38;2;3;1;6m    [48;2;1;1;3m[38;2;1;1;3m    [48;2;1;1;1m[38;2;1;1;1m  [48;2;1;0;2m[38;2;13;11;14m│[48;2;78;76;79m[38;2;7;6;8m▊[48;2;250;250;251m[38;2;232;232;234m▌[48;2;250;250;252m[38;2;255;255;255m▌[48;2;195;190;194m[38;2;246;242;245m▊[48;2;208;203;207m[38;2;51;46;50m▅[48;2;48;42;46m[38;2;205;200;203m▅[48;2;90;84;88m[38;2;20;15;18m▊[48;2;244;242;245m[38;2;240;238;241m▌[48;2;255;253;255m[38;2;251;249;252m▌[48;2;249;249;250m[38;2;232;232;234m╵[48;2;238;238;239m[38;2;0;0;0m [48;2;26;24;27m[38;2;202;200;203m▅[48;2;1;0;2m[38;2;7;5;8m▄[48;2;2;0;3m[38;2;2;0;3m  [48;2;1;1;1m[38;2;1;1;1m          [0m
[48;2;1;1;1m[38;2;1;1;1m                  [48;2;1;1;3m[38;2;1;1;3m  [48;2;2;0;3m[38;2;2;0;3m  [48;2;1;1;3m[38;2;1;1;3m  [48;2;3;1;6m[38;2;3;1;6m    [48;2;2;0;3m[38;2;2;0;3m  [48;2;1;1;3m[38;2;1;1;3m  [48;2;1;1;1m[38;2;1;1;1m  [48;2;45;41;44m[38;2;9;4;8m▊[48;2;52;47;51m[38;2;232;228;231m▅[48;2;245;245;246m[38;2;0;0;0m [48;2;214;214;216m[38;2;243;243;245m▊[48;2;205;201;204m[38;2;96;91;95m▅[48;2;72;68;71m[38;2;230;226;229m▅[48;2;211;206;208m[38;2;54;48;50m▁[48;2;56;50;52m[38;2;214;208;210m▁[48;2;248;248;250m[38;2;248;248;250m  [48;2;250;250;252m[38;2;250;250;252m  [48;2;111;109;112m[38;2;240;238;240m▊[48;2;1;0;2m[38;2;25;23;26m▎[48;2;1;1;3m[38;2;1;1;3m  [48;2;1;1;1m[38;2;1;1;1m          [0m
[48;2;1;1;1m[38;2;1;1;1m                  [48;2;2;0;3m[38;2;2;0;3m    [48;2;3;1;6m[38;2;3;1;6m      [48;2;1;1;3m[38;2;1;1;3m  [48;2;1;1;1m[38;2;1;1;1m  [48;2;2;2;2m[38;2;2;2;2m  [48;2;21;19;22m[38;2;164;162;165m▂[48;2;250;249;251m[38;2;208;206;209m▎[48;2;250;250;252m[38;2;250;250;252m  [48;2;245;245;247m[38;2;245;245;247m▄[48;2;238;238;239m[38;2;0;0;0m [48;2;119;114;118m[38;2;171;166;170m▄[48;2;245;241;245m[38;2;0;0;0m [48;2;250;250;252m[38;2;250;250;252m    [48;2;122;120;123m[38;2;242;240;242m▊[48;2;22;21;23m[38;2;202;200;203m▁[48;2;1;1;3m[38;2;1;1;3m  [48;2;1;1;1m[38;2;1;1;1m          [0m
[48;2;4;2;10m[38;2;23;2;126m▂▂▂▂▂▂▂▂▂▂▂▂▂▂▂▂▂▂[48;2;5;3;12m[38;2;24;2;129m▂▂[48;2;4;2;10m[38;2;23;2;126m▂▂[48;2;5;3;12m[38;2;24;2;129m▂▂▂▂▂▂[48;2;5;3;11m[38;2;24;3;127m▂▂[48;2;4;2;10m[38;2;23;2;126m▂▂[48;2;10;7;22m[38;2;50;25;172m▁[48;2;23;21;22m[38;2;175;168;198m▂[48;2;255;255;255m[38;2;237;237;239m▌[48;2;253;253;254m[38;2;245;245;247m┃[48;2;250;250;252m[38;2;250;250;252m  [48;2;242;241;241m[38;2;0;0;0m [48;2;209;206;219m[38;2;42;25;148m▁[48;2;32;27;36m[38;2;37;15;138m▂[48;2;203;198;207m[38;2;39;28;80m▅[48;2;249;249;251m[38;2;249;249;251m  [48;2;250;250;252m[38;2;250;250;252m  [48;2;255;255;255m[38;2;253;253;255m▄[48;2;131;131;133m[38;2;238;238;240m▊[48;2;22;19;29m[38;2;200;190;235m▁[48;2;5;3;21m[38;2;49;22;174m▁[48;2;4;2;10m[38;2;23;2;126m▂▂▂▂▂▂▂▂▂▂[0m
[48;2;38;3;183m[38;2;38;3;183m                                [48;2;39;12;175m[38;2;48;15;206m│[48;2;251;249;250m[38;2;175;164;222m▎[48;2;250;250;252m[38;2;250;250;252m  [48;2;248;248;250m[38;2;248;248;250m  [48;2;227;220;234m[38;2;86;63;183m▂[48;2;35;4;185m[38;2;62;37;174m▎[48;2;31;0;174m[38;2;41;6;184m▚[48;2;40;7;183m[38;2;70;35;213m▝[48;2;242;239;241m[38;2;62;39;181m▆[48;2;240;236;242m[38;2;100;80;192m▂[48;2;250;250;252m[38;2;250;250;252m    [48;2;131;112;220m[38;2;238;236;234m▊[48;2;38;12;180m[38;2;174;162;222m▂[48;2;38;3;183m[38;2;38;3;183m          [0m
[48;2;38;3;183m[38;2;38;3;183m                              [48;2;39;4;184m[38;2;39;4;184m  [48;2;53;37;174m[38;2;225;221;238m▆[48;2;243;242;244m[38;2;0;0;0m [48;2;250;250;252m[38;2;250;250;252m  [48;2;244;242;247m[38;2;0;0;0m [48;2;222;221;227m[38;2;67;50;161m▂[48;2;40;5;185m[38;2;40;5;185m  [48;2;38;3;183m[38;2;38;3;183m  [48;2;40;7;185m[38;2;29;3;160m│[48;2;114;90;200m[38;2;41;9;187m▊[48;2;242;241;242m[38;2;103;85;191m▂[48;2;243;242;245m[38;2;0;0;0m [48;2;249;249;251m[38;2;249;249;251m  [48;2;248;248;249m[38;2;229;228;236m╵[48;2;140;129;196m[38;2;240;240;237m▊[48;2;57;26;191m[38;2;197;185;224m▁[48;2;41;7;181m[38;2;0;0;0m [48;2;38;3;183m[38;2;38;3;183m        [0m
[48;2;38;3;185m[38;2;38;3;185m                              [48;2;43;10;186m[38;2;0;0;0m [48;2;47;17;177m[38;2;206;195;231m▂[48;2;255;254;255m[38;2;236;235;240m▌[48;2;252;251;254m[38;2;244;243;248m┃[48;2;250;250;252m[38;2;254;254;255m▌[48;2;239;239;241m[38;2;243;243;245m▌[48;2;205;193;228m[38;2;49;21;178m▆[48;2;43;9;187m[38;2;0;0;0m [48;2;38;3;185m[38;2;38;3;185m      [48;2;46;15;184m[38;2;0;0;0m [48;2;220;209;240m[38;2;76;54;181m▆[48;2;250;250;252m[38;2;250;250;252m    [48;2;125;109;197m[38;2;237;235;238m▊[48;2;45;18;185m[38;2;168;154;228m▂[48;2;38;3;185m[38;2;38;3;185m        [0m
[48;2;38;3;185m[38;2;38;3;185m                              [48;2;68;53;164m[38;2;224;222;230m▆[48;2;245;243;249m[38;2;0;0;0m [48;2;250;250;252m[38;2;250;250;252m  [48;2;212;204;242m[38;2;248;246;246m▊[48;2;208;202;225m[38;2;51;27;176m▆[48;2;40;5;185m[38;2;40;5;185m  [48;2;38;3;185m[38;2;38;3;185m      [48;2;33;0;176m[38;2;40;5;183m▝[48;2;57;22;200m[38;2;35;2;178m▄[48;2;226;223;227m[38;2;57;35;179m▆[48;2;236;232;241m[38;2;86;69;182m▂[48;2;250;250;252m[38;2;250;250;252m  [48;2;250;249;249m[38;2;238;242;220m│[48;2;106;87;198m[38;2;232;230;236m▊[48;2;49;22;184m[38;2;176;163;207m▂[48;2;36;5;185m[38;2;0;0;0m [48;2;38;3;185m[38;2;38;3;185m      [0m
[48;2;38;3;185m[38;2;38;3;185m                            [48;2;38;5;189m[38;2;57;15;175m▗[48;2;41;7;168m[38;2;155;57;123m▂[48;2;220;200;214m[38;2;203;75;105m▆[48;2;239;224;226m[38;2;202;79;96m▂[48;2;232;228;240m[38;2;50;24;175m▂▂[48;2;188;176;215m[38;2;51;21;182m▆[48;2;39;8;183m[38;2;41;7;188m▄[48;2;38;3;185m[38;2;38;3;185m          [48;2;30;1;173m[38;2;45;10;188m┛[48;2;36;5;179m[38;2;80;45;221m▝[48;2;222;206;226m[38;2;71;50;171m▆[48;2;237;210;219m[38;2;210;79;109m▂[48;2;238;218;216m[38;2;220;98;129m▆[48;2;235;224;220m[38;2;206;86;117m▁[48;2;63;33;191m[38;2;230;223;242m▊[48;2;32;2;186m[38;2;34;5;162m┃[48;2;38;3;185m[38;2;38;3;185m      [0m
[48;2;38;3;185m[38;2;38;3;185m                            [48;2;38;12;177m[38;2;47;4;174m▄[48;2;179;64;114m[38;2;48;21;44m▃[48;2;217;74;98m[38;2;51;18;26m▃▃[48;2;77;34;69m[38;2;190;69;100m━[48;2;24;6;173m[38;2;23;7;28m▇[48;2;35;13;138m[38;2;5;3;10m▆▆[48;2;36;13;140m[38;2;5;3;12m▆▆[48;2;35;12;139m[38;2;5;3;11m▆▆[48;2;36;13;142m[38;2;5;3;13m▆▆[48;2;36;13;140m[38;2;5;3;12m▆▆[48;2;31;6;134m[38;2;12;6;16m▆▆[48;2;37;11;65m[38;2;217;72;105m▂[48;2;34;17;76m[38;2;185;64;93m▃[48;2;113;39;136m[38;2;216;77;99m▆[48;2;218;75;99m[38;2;0;0;0m [48;2;213;73;99m[38;2;224;84;110m▄[48;2;224;84;110m[38;2;213;73;99m▄[48;2;171;152;179m[38;2;158;57;105m▆[48;2;35;7;163m[38;2;36;18;91m▂[48;2;38;3;185m[38;2;38;3;185m      [0m
[48;2;38;3;185m[38;2;38;3;185m                            [48;2;37;2;182m[38;2;37;5;163m▝[48;2;37;22;78m[38;2;37;2;183m▆[48;2;8;6;12m[38;2;31;5;151m▃▃[48;2;8;6;11m[38;2;30;5;149m▃▃[48;2;8;3;24m[38;2;39;10;180m▂▂▂▂[48;2;8;6;11m[38;2;30;5;149m▃▃[48;2;8;3;24m[38;2;39;10;180m▂▂▂▂[48;2;11;4;24m[38;2;42;10;181m▂▂[48;2;168;49;82m[38;2;25;10;82m▆▆[48;2;167;48;81m[38;2;24;10;81m▆▆[48;2;168;49;82m[38;2;25;10;82m▆▆[48;2;54;17;72m[38;2;42;6;191m▂[48;2;16;15;85m[38;2;41;9;184m▆[48;2;38;3;185m[38;2;38;3;185m      [0m
[48;2;40;2;185m[38;2;40;2;185m                                                            [0m
[48;2;40;2;185m[38;2;40;2;185m                                                            [0m
