[48;2;1;1;1m[38;2;1;1;1m                                                            [0m
[48;2;1;1;1m[38;2;1;1;1m                                                            [0m
[48;2;1;1;1m[38;2;1;1;1m                                                            [0m
[48;2;1;1;1m[38;2;1;1;1m                                                      [48;2;1;1;3m[38;2;1;1;3m  [48;2;1;1;1m[38;2;1;1;1m    [0m
[48;2;1;1;1m[38;2;1;1;1m                          [48;2;3;1;6m[38;2;3;1;6m  [48;2;1;1;3m[38;2;1;1;3m  [48;2;1;1;1m[38;2;1;1;1m                      [48;2;3;1;4m[38;2;3;1;4m  [48;2;3;1;6m[38;2;3;1;6m  [48;2;2;0;3m[38;2;2;0;3m  [48;2;1;1;1m[38;2;1;1;1m  [0m
[48;2;1;1;1m[38;2;1;1;1m                        [48;2;1;1;3m[38;2;1;1;3m  [48;2;3;1;6m[38;2;3;1;6m    [48;2;2;0;3m[38;2;2;0;3m  [48;2;1;1;3m[38;2;1;1;3m  [48;2;2;0;3m[38;2;2;0;3m  [48;2;17;15;18m[38;2;0;0;0m [48;2;10;8;11m[38;2;191;189;192m▄[38;2;220;218;221m▄▄[48;2;11;10;12m[38;2;210;209;211m▄[48;2;33;32;34m[38;2;222;220;222m▃[48;2;3;3;3m[38;2;11;11;11m▂[48;2;10;10;10m[38;2;1;1;1m▅[48;2;1;1;1m      [48;2;3;1;6m[38;2;3;1;6m      [48;2;1;1;3m[38;2;1;1;3m  [48;2;1;1;1m[38;2;1;1;1m  [0m
[48;2;1;1;1m[38;2;1;1;1m                    [48;2;3;1;6m[38;2;3;1;6m    [48;2;3;1;4m[38;2;3;1;4m  [48;2;3;1;6m[38;2;3;1;6m    [48;2;2;0;3m[38;2;2;0;3m  [48;2;3;1;6m[38;2;3;1;6m    [48;2;10;6;9m[38;2;0;0;0m [48;2;36;31;35m [48;2;243;234;238m[38;2;204;90;107m▄[48;2;247;238;242m[38;2;210;96;113m▄[48;2;248;248;250m[38;2;248;248;250m  [48;2;137;135;138m[38;2;229;228;230m▊[48;2;7;5;8m[38;2;19;17;20m▎[48;2;1;1;3m[38;2;1;1;3m    [48;2;3;1;4m[38;2;3;1;4m  [48;2;3;1;6m[38;2;3;1;6m      [48;2;1;1;3m[38;2;1;1;3m  [48;2;1;1;1m[38;2;1;1;1m  [0m
[48;2;1;1;1m[38;2;1;1;1m                    [48;2;1;1;3m[38;2;1;1;3m  [48;2;3;1;6m[38;2;3;1;6m        [48;2;3;1;4m[38;2;3;1;4m  [48;2;1;1;3m[38;2;1;1;3m  [48;2;3;1;4m[38;2;3;1;4m  [48;2;3;0;0m[38;2;11;7;8m│[48;2;36;32;33m[38;2;3;0;0m▊[48;2;201;67;94m[38;2;203;64;92m▄[48;2;47;25;16m[38;2;201;67;94m▄[48;2;233;140;158m[38;2;212;77;98m▊[48;2;240;249;251m[38;2;249;218;223m▎[48;2;146;144;145m[38;2;245;243;244m▊[48;2;1;0;0m[38;2;23;21;22m▄[48;2;2;0;3m[38;2;2;0;3m  [48;2;3;1;4m[38;2;3;1;4m    [48;2;3;1;6m[38;2;3;1;6m        [48;2;3;1;4m[38;2;3;1;4m  [0m
[48;2;1;1;1m[38;2;1;1;1m                    [48;2;2;2;4m[38;2;2;2;4m  [48;2;3;1;4m[38;2;3;1;4m  [48;2;3;1;6m[38;2;3;1;6m    [48;2;1;1;3m[38;2;1;1;3m  [48;2;1;1;1m[38;2;1;1;1m    [48;2;1;1;3m[38;2;1;1;3m  [48;2;4;0;0m[38;2;6;0;2m▄[48;2;16;11;12m[38;2;57;51;53m▁[48;2;214;74;100m[38;2;214;74;100m  [48;2;224;127;146m[38;2;216;76;100m▊[48;2;246;251;254m[38;2;240;205;211m▎[48;2;233;231;234m[38;2;0;0;0m [48;2;25;23;26m[38;2;200;198;201m▄[48;2;5;4;6m[38;2;36;34;37m▁▁[48;2;1;1;3m[38;2;1;1;3m      [48;2;3;1;4m[38;2;3;1;4m  [48;2;3;1;6m[38;2;3;1;6m    [48;2;1;1;3m[38;2;1;1;3m  [0m
[48;2;1;1;1m[38;2;1;1;1m                [48;2;2;0;3m[38;2;2;0;3m  [48;2;3;1;4m[38;2;3;1;4m  [48;2;2;0;3m[38;2;2;0;3m  [48;2;1;1;1m[38;2;1;1;1m  [48;2;1;1;3m[38;2;1;1;3m  [48;2;1;1;1m[38;2;1;1;1m        [48;2;1;0;2m[38;2;10;8;11m│[48;2;89;87;90m[38;2;14;12;15m▊[48;2;195;190;194m[38;2;243;239;243m▇[48;2;211;206;210m[38;2;242;237;241m▇[48;2;238;211;205m[38;2;206;84;110m▄[48;2;211;74;105m[38;2;216;88;115m▘[48;2;203;102;132m[38;2;243;235;233m▄[48;2;250;244;243m[38;2;0;0;0m [48;2;250;250;252m[38;2;250;250;252m  [48;2;196;194;197m[38;2;246;244;246m▇[48;2;243;241;244m[38;2;171;169;172m▝[48;2;27;25;28m[38;2;189;188;190m▄[48;2;1;0;2m[38;2;6;4;7m▄[48;2;1;1;3m[38;2;1;1;3m  [48;2;1;1;1m[38;2;1;1;1m    [48;2;2;0;3m[38;2;2;0;3m  [48;2;3;1;6m[38;2;3;1;6m  [48;2;1;1;1m[38;2;1;1;1m  [0m
[48;2;1;1;1m[38;2;1;1;1m            [48;2;1;1;3m[38;2;1;1;3m  [48;2;3;1;6m[38;2;3;1;6m      [48;2;1;1;3m[38;2;1;1;3m  [48;2;1;1;1m[38;2;1;1;1m      [48;2;1;1;3m[38;2;1;1;3m  [48;2;1;1;1m[38;2;1;1;1m    [48;2;26;21;25m[38;2;97;92;96m▁[48;2;244;240;243m[38;2;195;190;194m▎[48;2;246;243;240m[38;2;0;0;0m [48;2;237;208;213m[38;2;206;86;121m▄[48;2;212;72;98m[38;2;208;68;94m▌[48;2;224;84;110m[38;2;219;79;105m▌[48;2;239;224;225m[38;2;203;96;128m▄[48;2;251;242;242m[38;2;211;194;195m▁[48;2;250;250;252m[38;2;250;250;252m    [48;2;120;116;117m[38;2;242;239;240m▊[48;2;3;0;0m[38;2;22;18;19m▎[48;2;1;1;3m[38;2;1;1;3m  [48;2;1;1;1m[38;2;1;1;1m          [0m
[48;2;1;1;1m[38;2;1;1;1m            [48;2;3;1;6m[38;2;3;1;6m      [48;2;3;1;4m[38;2;3;1;4m  [48;2;1;1;3m[38;2;1;1;3m  [48;2;1;1;1m[38;2;1;1;1m    [48;2;3;1;6m[38;2;3;1;6m  [48;2;3;1;4m[38;2;3;1;4m  [48;2;1;1;1m[38;2;1;1;1m  [48;2;28;27;27m[38;2;9;8;8m▊[48;2;45;43;44m[38;2;224;222;223m▄[48;2;243;243;245m[38;2;230;230;232m▘[48;2;252;252;253m[38;2;245;245;247m▃[48;2;246;240;238m[38;2;0;0;0m [48;2;203;102;131m[38;2;249;242;241m▄[48;2;209;80;102m[38;2;245;245;247m▄[48;2;219;90;112m[38;2;237;237;239m▄[48;2;214;82;114m[38;2;233;160;173m▁[48;2;215;103;127m[38;2;236;239;226m▄[48;2;250;250;252m[38;2;250;250;252m    [48;2;119;115;116m[38;2;242;239;240m▊[48;2;3;0;0m[38;2;21;17;18m▎[48;2;1;1;3m[38;2;1;1;3m  [48;2;1;1;1m[38;2;1;1;1m          [0m
[48;2;1;1;1m[38;2;1;1;1m            [48;2;1;1;3m[38;2;1;1;3m  [48;2;3;1;6m[38;2;3;1;6m  [48;2;2;0;3m[38;2;2;0;3m  [48;2;1;1;1m[38;2;1;1;1m  [48;2;3;1;6m[38;2;3;1;6m    [48;2;1;1;1m[38;2;1;1;1m        [48;2;1;0;2m[38;2;18;16;19m▄[48;2;225;223;226m[38;2;37;35;38m▅[48;2;238;236;238m[38;2;106;104;107m▁▁[48;2;242;240;242m[38;2;57;55;58m▅[48;2;248;246;249m[38;2;212;210;213m▎[48;2;250;250;252m[38;2;250;250;252m      [48;2;240;239;241m[38;2;0;0;0m [48;2;227;225;228m[38;2;119;117;120m▁[48;2;198;196;199m[38;2;24;22;25m▅[48;2;7;5;8m[38;2;0;0;0m [48;2;1;1;1m[38;2;1;1;1m            [0m
[48;2;1;1;1m[38;2;1;1;1m              [48;2;2;0;3m[38;2;2;0;3m  [48;2;1;1;3m[38;2;1;1;3m    [48;2;3;1;6m[38;2;3;1;6m  [48;2;3;1;4m[38;2;3;1;4m  [48;2;1;1;3m[38;2;1;1;3m  [48;2;1;1;1m[38;2;1;1;1m    [48;2;1;1;3m[38;2;1;1;3m  [48;2;1;1;1m[38;2;1;1;1m    [48;2;60;58;61m[38;2;8;6;9m▊[48;2;231;230;232m[38;2;131;129;132m▁[48;2;250;250;252m[38;2;250;250;252m      [48;2;121;119;122m[38;2;243;241;244m▊[48;2;1;0;2m[38;2;23;21;24m▎[48;2;1;1;1m[38;2;1;1;1m              [0m
[48;2;1;1;1m[38;2;1;1;1m                [48;2;3;1;4m[38;2;3;1;4m  [48;2;3;1;6m[38;2;3;1;6m  [48;2;2;0;3m[38;2;2;0;3m  [48;2;3;1;6m[38;2;3;1;6m  [48;2;2;0;3m[38;2;2;0;3m  [48;2;1;1;1m[38;2;1;1;1m    [48;2;3;1;6m[38;2;3;1;6m  [48;2;1;1;1m[38;2;1;1;1m    [48;2;2;0;1m[38;2;10;8;9m│[48;2;99;97;98m[38;2;9;7;8m▊[48;2;255;254;255m[38;2;238;236;239m▌[48;2;253;252;254m[38;2;246;244;247m┃[48;2;244;242;245m[38;2;0;0;0m [48;2;239;237;240m[38;2;107;105;108m▁[48;2;225;222;223m[38;2;97;93;94m▁[48;2;228;226;227m[38;2;80;76;77m▅[48;2;193;188;192m[38;2;71;66;70m▅[48;2;17;13;16m[38;2;149;144;148m▁[48;2;1;1;1m[38;2;1;1;1m              [0m
[48;2;1;1;1m[38;2;1;1;1m                    [48;2;0;0;0m[38;2;0;0;0m  [48;2;1;1;3m[38;2;1;1;3m  [48;2;1;1;1m[38;2;1;1;1m    [48;2;2;0;3m[38;2;2;0;3m  [48;2;1;1;3m[38;2;1;1;3m  [48;2;1;1;1m[38;2;1;1;1m    [48;2;3;2;2m[38;2;11;9;10m┏[48;2;36;34;35m[38;2;6;5;5m▊[48;2;218;215;216m[38;2;64;60;61m▅[48;2;230;227;228m[38;2;32;28;29m▅[48;2;204;200;203m[38;2;89;84;88m▅[48;2;37;33;36m[38;2;225;221;224m▅[48;2;57;55;58m[38;2;238;236;238m▅[48;2;243;241;243m[38;2;0;0;0m [48;2;248;248;249m[38;2;231;231;233m╵[48;2;237;237;238m[38;2;0;0;0m [48;2;77;75;76m[38;2;214;213;214m┓[48;2;1;0;0m[38;2;26;24;25m━[48;2;1;1;1m[38;2;1;1;1m            [0m
[48;2;1;1;1m[38;2;1;1;1m                        [48;2;1;1;3m[38;2;1;1;3m  [48;2;3;1;6m[38;2;3;1;6m  [48;2;2;0;3m[38;2;2;0;3m  [48;2;1;1;3m[38;2;1;1;3m  [48;2;1;1;1m[38;2;1;1;1m  [48;2;2;2;4m[38;2;2;2;4m  [48;2;17;13;16m[38;2;151;146;150m▁[48;2;99;94;98m[38;2;16;12;15m▊[48;2;213;207;209m[38;2;246;240;242m┃[48;2;72;66;68m[38;2;18;13;14m┃[48;2;255;255;255m[38;2;236;236;238m▌[48;2;252;252;253m[38;2;244;244;246m┃[48;2;250;250;252m[38;2;250;250;252m    [48;2;111;109;112m[38;2;240;238;240m▊[48;2;1;0;2m[38;2;25;23;26m▎[48;2;1;1;1m[38;2;1;1;1m            [0m
[48;2;1;1;1m[38;2;1;1;1m                    [48;2;2;0;3m[38;2;2;0;3m  [48;2;1;1;1m[38;2;1;1;1m  [48;2;3;1;6m[38;2;3;1;6m    [48;2;1;1;3m[38;2;1;1;3m    [48;2;1;1;1m[38;2;1;1;1m  [48;2;10;6;9m[38;2;0;0;0m [48;2;36;32;35m[38;2;182;177;181m▁[48;2;234;230;233m[38;2;0;0;0m [48;2;71;66;70m[38;2;218;214;217m▅[48;2;202;196;200m[38;2;46;40;44m▅[48;2;59;53;57m[38;2;211;205;209m▅[48;2;219;214;218m[38;2;63;59;62m▅[48;2;243;238;242m[38;2;0;0;0m [48;2;250;250;252m[38;2;250;250;252m  [48;2;241;241;243m[38;2;251;251;252m▅[48;2;251;251;252m[38;2;241;241;243m▃[48;2;89;87;90m[38;2;203;201;203m▊[48;2;1;0;2m[38;2;2;0;3m▄[48;2;2;0;3m  [48;2;1;1;1m[38;2;1;1;1m          [0m
[48;2;1;1;1m[38;2;1;1;1m                  [48;2;1;1;3m[38;2;1;1;3m  [48;2;2;0;3m[38;2;2;0;3m  [48;2;1;1;3m[38;2;1;1;3m  [48;2;3;1;6m[38;2;3;1;6m    [48;2;2;0;3m[38;2;2;0;3m  [48;2;1;1;3m[38;2;1;1;3m  [48;2;2;2;2m[38;2;2;2;2m  [48;2;36;32;35m[38;2;202;197;201m▁[48;2;252;248;251m[38;2;207;202;206m▎[48;2;250;250;251m[38;2;0;0;0m [48;2;249;249;250m[38;2;211;211;213m▝[48;2;63;61;64m[38;2;241;239;242m▅[48;2;238;236;238m[38;2;0;0;0m [48;2;65;59;63m[38;2;220;215;219m▅[48;2;217;213;216m[38;2;102;96;100m▅[48;2;249;249;251m[38;2;249;249;251m  [48;2;246;244;247m[38;2;246;244;247m▄[48;2;136;134;137m[38;2;249;247;250m▊[48;2;2;0;3m[38;2;2;0;3m  [48;2;1;1;3m[38;2;1;1;3m  [48;2;1;1;1m[38;2;1;1;1m          [0m
[48;2;1;1;1m[38;2;1;1;1m                  [48;2;2;0;3m[38;2;2;0;3m    [48;2;3;1;6m[38;2;3;1;6m      [48;2;1;1;3m[38;2;1;1;3m  [48;2;1;1;1m[38;2;1;1;1m  [48;2;10;8;9m[38;2;0;0;0m [48;2;32;30;31m[38;2;217;215;216m▁[48;2;255;255;255m[38;2;237;237;239m▌[48;2;253;253;254m[38;2;245;245;247m┃[48;2;250;250;252m[38;2;250;250;252m        [48;2;246;244;247m[38;2;246;244;247m▄[48;2;136;134;137m[38;2;249;247;250m▊[48;2;1;1;3m[38;2;1;1;3m    [48;2;1;1;1m[38;2;1;1;1m          [0m
[48;2;4;2;10m[38;2;23;2;126m▂▂▂▂▂▂▂▂▂▂▂▂▂▂▂▂▂▂[48;2;5;3;12m[38;2;24;2;129m▂▂[48;2;4;2;10m[38;2;23;2;126m▂▂[48;2;5;3;12m[38;2;24;2;129m▂▂▂▂▂▂[48;2;5;3;11m[38;2;24;3;127m▂▂[48;2;4;2;10m[38;2;23;2;126m▂▂[48;2;17;16;19m[38;2;34;15;132m▂[48;2;248;246;245m[38;2;178;173;190m▎[48;2;250;250;252m[38;2;250;250;252m    [48;2;241;241;243m[38;2;251;251;252m▅[48;2;251;251;252m[38;2;241;241;243m▃[48;2;244;243;243m[38;2;122;108;194m▂[48;2;245;245;245m[38;2;0;0;0m [48;2;250;250;252m[38;2;250;250;252m  [48;2;249;249;251m[38;2;233;233;235m╵[48;2;238;238;239m[38;2;0;0;0m [48;2;17;18;14m[38;2;190;186;202m▆[48;2;8;5;23m[38;2;57;31;181m▁[48;2;5;3;12m[38;2;24;2;129m▂▂[48;2;4;2;10m[38;2;23;2;126m▂▂▂▂▂▂▂▂▂▂[0m
[48;2;38;3;183m[38;2;38;3;183m                                [48;2;39;12;175m[38;2;48;15;206m│[48;2;251;249;250m[38;2;175;164;222m▎[48;2;250;250;252m[38;2;250;250;252m  [48;2;248;248;250m[38;2;248;248;250m  [48;2;234;231;239m[38;2;70;46;195m▂[48;2;214;211;222m[38;2;56;31;182m▆[48;2;105;85;199m[38;2;39;12;179m▊[48;2;236;233;236m[38;2;91;71;192m▂[48;2;250;250;252m[38;2;250;250;252m    [48;2;178;170;214m[38;2;244;242;241m▊[48;2;42;17;182m[38;2;179;167;223m▂[48;2;38;3;183m[38;2;38;3;183m            [0m
[48;2;38;3;183m[38;2;38;3;183m                              [48;2;39;4;184m[38;2;39;4;184m  [48;2;53;37;174m[38;2;225;221;238m▆[48;2;243;242;244m[38;2;0;0;0m [48;2;250;250;252m[38;2;250;250;252m  [48;2;244;242;247m[38;2;0;0;0m [48;2;222;221;227m[38;2;67;50;161m▂[48;2;40;5;185m[38;2;40;5;185m  [48;2;33;1;174m[38;2;46;12;187m▘[48;2;37;5;178m[38;2;76;42;217m▝[48;2;233;231;235m[38;2;63;39;184m▆[48;2;238;234;244m[38;2;88;67;182m▂[48;2;250;250;252m[38;2;250;250;252m  [48;2;246;246;243m[38;2;0;0;0m [48;2;151;143;191m[38;2;241;239;247m▊[48;2;57;26;189m[38;2;197;186;223m▁[48;2;41;7;180m[38;2;0;0;0m [48;2;38;3;183m[38;2;38;3;183m          [0m
[48;2;38;3;185m[38;2;38;3;185m                              [48;2;40;5;183m[38;2;40;5;183m  [48;2;248;247;251m[38;2;205;204;209m▎[48;2;240;239;244m[38;2;252;251;254m┃[48;2;249;249;251m[38;2;249;249;251m  [48;2;221;215;231m[38;2;55;34;170m▂[48;2;40;7;195m[38;2;41;15;178m▌[48;2;38;3;185m[38;2;38;3;185m    [48;2;39;6;184m[38;2;28;2;159m│[48;2;113;89;199m[38;2;40;8;186m▊[48;2;240;240;239m[38;2;81;66;186m▂[48;2;245;244;247m[38;2;0;0;0m [48;2;250;250;252m[38;2;250;250;252m  [48;2;136;121;208m[38;2;242;238;248m▊[48;2;43;19;172m[38;2;180;170;220m▂[48;2;38;3;185m[38;2;38;3;185m          [0m
[48;2;38;3;185m[38;2;38;3;185m                              [48;2;39;4;184m[38;2;39;4;184m  [48;2;248;247;251m[38;2;205;204;209m▎[48;2;240;239;244m[38;2;252;251;254m┃[48;2;244;242;250m[38;2;0;0;0m [48;2;229;229;232m[38;2;61;47;170m▂[48;2;37;6;178m[38;2;71;37;212m▎[48;2;33;2;174m[38;2;43;10;184m▅[48;2;38;3;185m[38;2;38;3;185m      [48;2;45;14;183m[38;2;0;0;0m [48;2;219;208;239m[38;2;75;53;180m▆[48;2;250;250;252m[38;2;250;250;252m  [48;2;246;245;243m[38;2;0;0;0m [48;2;140;132;181m[38;2;242;240;247m▊[48;2;51;21;186m[38;2;178;166;209m▂[48;2;38;6;187m[38;2;0;0;0m [48;2;38;3;185m[38;2;38;3;185m        [0m
[48;2;38;3;185m[38;2;38;3;185m                              [48;2;34;0;182m[38;2;56;12;171m▗[48;2;49;11;173m[38;2;163;63;127m▂[48;2;231;220;224m[38;2;209;73;99m▂[48;2;241;230;233m[38;2;220;84;110m▂[48;2;228;196;201m[38;2;188;75;106m▆[48;2;43;6;198m[38;2;44;10;163m▌[48;2;38;3;185m[38;2;38;3;185m        [48;2;35;2;178m[38;2;46;11;189m▄[48;2;46;11;189m[38;2;35;2;178m▄[48;2;227;223;229m[38;2;62;39;185m▆[48;2;233;228;239m[38;2;80;62;176m▂[48;2;241;236;235m[38;2;0;0;0m [48;2;234;208;213m[38;2;220;88;128m▂[48;2;174;169;206m[38;2;177;61;105m▆[48;2;61;17;170m[38;2;186;66;118m▁[48;2;38;3;185m[38;2;38;3;185m        [0m
[48;2;38;3;185m[38;2;38;3;185m                              [48;2;128;45;109m[38;2;19;17;32m▂[48;2;198;66;97m[38;2;24;12;6m▂[48;2;215;75;97m[38;2;42;12;20m▃▃[48;2;139;52;70m[38;2;15;4;14m▆[48;2;42;22;127m[38;2;7;4;9m▆[48;2;36;13;140m[38;2;5;3;12m▆▆[48;2;35;12;139m[38;2;5;3;11m▆▆[48;2;36;13;142m[38;2;5;3;13m▆▆[48;2;36;13;140m[38;2;5;3;12m▆▆[48;2;31;6;134m[38;2;12;6;16m▆▆[48;2;34;16;75m[38;2;200;68;87m▂[48;2;54;31;69m[38;2;194;62;90m▃[48;2;240;178;180m[38;2;217;71;100m▆[48;2;201;75;97m[38;2;0;0;0m [48;2;176;66;106m[38;2;42;21;35m▃[48;2;131;38;130m[38;2;31;7;122m▆[48;2;38;3;185m[38;2;38;3;185m        [0m
[48;2;38;3;185m[38;2;38;3;185m                              [48;2;31;19;68m[38;2;32;1;170m▆[48;2;16;8;35m[38;2;36;3;190m▂[48;2;8;6;11m[38;2;30;5;149m▃▃[48;2;8;3;24m[38;2;39;10;180m▂▂▂▂[48;2;8;6;11m[38;2;30;5;149m▃▃[48;2;8;3;24m[38;2;39;10;180m▂▂▂▂[48;2;11;4;24m[38;2;42;10;181m▂▂[48;2;168;49;82m[38;2;25;10;82m▆▆[48;2;151;53;81m[38;2;23;8;78m▆[48;2;59;21;34m[38;2;49;12;156m▃[48;2;14;6;37m[38;2;35;6;162m▃[48;2;32;15;97m[38;2;33;2;173m▆[48;2;38;3;185m[38;2;38;3;185m        [0m
[48;2;40;2;185m[38;2;40;2;185m                                                            [0m
[48;2;40;2;185m[38;2;40;2;185m                                                            [0m
