[48;2;1;1;1m[38;2;1;1;1m                                                            [0m
[48;2;1;1;1m[38;2;1;1;1m                                                            [0m
[48;2;1;1;1m[38;2;1;1;1m                                                            [0m
[48;2;1;1;1m[38;2;1;1;1m                                                      [48;2;1;1;3m[38;2;1;1;3m  [48;2;1;1;1m[38;2;1;1;1m    [0m
[48;2;1;1;1m[38;2;1;1;1m                          [48;2;3;1;6m[38;2;3;1;6m  [48;2;1;1;3m[38;2;1;1;3m  [48;2;1;1;1m[38;2;1;1;1m      [48;2;1;0;0m[38;2;6;4;5m▃▃[38;2;7;5;6m▃▃[48;2;2;2;2m[38;2;2;2;2m  [48;2;1;1;1m[38;2;1;1;1m          [48;2;3;1;4m[38;2;3;1;4m  [48;2;3;1;6m[38;2;3;1;6m  [48;2;2;0;3m[38;2;2;0;3m  [48;2;1;1;1m[38;2;1;1;1m  [0m
[48;2;1;1;1m[38;2;1;1;1m                        [48;2;1;1;3m[38;2;1;1;3m  [48;2;3;1;6m[38;2;3;1;6m    [48;2;2;0;3m[38;2;2;0;3m  [48;2;1;1;3m[38;2;1;1;3m  [48;2;1;0;4m[38;2;6;4;9m▖[48;2;7;6;10m[38;2;29;27;32m▝[48;2;205;200;204m[38;2;56;51;55m▄[48;2;156;151;155m[38;2;237;233;236m▇[48;2;153;151;154m[38;2;245;243;246m▇▇[48;2;138;133;137m[38;2;233;229;232m▇[48;2;22;18;21m[38;2;188;183;187m▄[48;2;2;2;4m[38;2;2;2;4m  [48;2;1;1;1m[38;2;1;1;1m      [48;2;3;1;6m[38;2;3;1;6m      [48;2;1;1;3m[38;2;1;1;3m  [48;2;1;1;1m[38;2;1;1;1m  [0m
[48;2;1;1;1m[38;2;1;1;1m                    [48;2;3;1;6m[38;2;3;1;6m    [48;2;3;1;4m[38;2;3;1;4m  [48;2;3;1;6m[38;2;3;1;6m    [48;2;2;0;3m[38;2;2;0;3m  [48;2;3;1;6m[38;2;3;1;6m    [48;2;69;32;39m[38;2;8;3;8m▊[48;2;172;67;81m[38;2;214;83;105m┃[48;2;208;99;126m[38;2;43;19;20m▄[48;2;243;231;228m[38;2;204;95;121m▄[48;2;252;250;254m[38;2;236;234;239m│[48;2;142;140;145m[38;2;245;243;247m▊[48;2;5;3;6m[38;2;5;3;6m  [48;2;1;1;3m[38;2;1;1;3m    [48;2;3;1;4m[38;2;3;1;4m  [48;2;3;1;6m[38;2;3;1;6m      [48;2;1;1;3m[38;2;1;1;3m  [48;2;1;1;1m[38;2;1;1;1m  [0m
[48;2;1;1;1m[38;2;1;1;1m                    [48;2;1;1;3m[38;2;1;1;3m  [48;2;3;1;6m[38;2;3;1;6m        [48;2;3;1;4m[38;2;3;1;4m  [48;2;1;1;3m[38;2;1;1;3m  [48;2;3;1;4m[38;2;3;1;4m  [48;2;64;21;28m[38;2;5;4;6m▊[48;2;221;73;97m[38;2;161;55;75m▎[48;2;208;63;90m[38;2;220;74;102m▅[48;2;234;138;149m[38;2;202;71;94m▊[48;2;237;237;239m[38;2;248;248;249m┃[48;2;235;235;236m[38;2;0;0;0m [48;2;20;18;21m[38;2;196;194;196m▄[48;2;13;11;14m[38;2;0;0;0m [48;2;2;0;3m[38;2;2;0;3m  [48;2;3;1;4m[38;2;3;1;4m    [48;2;3;1;6m[38;2;3;1;6m        [48;2;3;1;4m[38;2;3;1;4m  [0m
[48;2;1;1;1m[38;2;1;1;1m                    [48;2;2;2;4m[38;2;2;2;4m  [48;2;3;1;4m[38;2;3;1;4m  [48;2;3;1;6m[38;2;3;1;6m    [48;2;1;1;3m[38;2;1;1;3m  [48;2;1;1;1m[38;2;1;1;1m    [48;2;14;5;5m[38;2;0;0;0m [48;2;20;8;9m[38;2;172;67;98m▄[48;2;208;68;94m[38;2;204;64;90m▌[48;2;220;80;106m[38;2;215;75;101m▌[48;2;221;99;124m[38;2;217;65;100m▌[48;2;224;95;123m[38;2;232;226;214m▄[48;2;249;249;251m[38;2;249;249;251m  [48;2;239;237;240m[38;2;248;246;249m▆[48;2;245;243;246m[38;2;179;177;180m▝[48;2;16;14;17m[38;2;197;195;198m▄[48;2;1;0;2m[38;2;28;26;29m▁[48;2;1;1;3m[38;2;1;1;3m      [48;2;3;1;4m[38;2;3;1;4m  [48;2;3;1;6m[38;2;3;1;6m    [48;2;1;1;3m[38;2;1;1;3m  [0m
[48;2;1;1;1m[38;2;1;1;1m                [48;2;2;0;3m[38;2;2;0;3m  [48;2;3;1;4m[38;2;3;1;4m  [48;2;2;0;3m[38;2;2;0;3m  [48;2;1;1;1m[38;2;1;1;1m  [48;2;1;1;3m[38;2;1;1;3m  [48;2;1;1;1m[38;2;1;1;1m      [48;2;7;5;6m[38;2;1;0;0m▆[38;2;36;34;35m▂[48;2;38;24;24m[38;2;236;229;227m▄[48;2;179;74;105m[38;2;243;234;235m▄[48;2;199;96;126m[38;2;250;242;242m▄[48;2;244;236;235m[38;2;0;0;0m [48;2;249;249;251m[38;2;249;249;251m  [48;2;250;250;252m[38;2;250;250;252m    [48;2;253;251;253m[38;2;239;237;240m│[48;2;129;127;130m[38;2;237;235;238m▊[48;2;2;0;3m[38;2;2;0;3m  [48;2;1;1;3m[38;2;1;1;3m  [48;2;1;1;1m[38;2;1;1;1m    [48;2;2;0;3m[38;2;2;0;3m  [48;2;3;1;6m[38;2;3;1;6m  [48;2;1;1;1m[38;2;1;1;1m  [0m
[48;2;1;1;1m[38;2;1;1;1m            [48;2;1;1;3m[38;2;1;1;3m  [48;2;3;1;6m[38;2;3;1;6m      [48;2;1;1;3m[38;2;1;1;3m  [48;2;1;1;1m[38;2;1;1;1m      [48;2;1;1;3m[38;2;1;1;3m  [48;2;1;1;1m[38;2;1;1;1m  [48;2;45;43;44m[38;2;7;5;6m▊[48;2;230;228;229m[38;2;165;163;164m▎[48;2;250;250;252m[38;2;250;250;252m          [48;2;254;254;255m[38;2;255;255;255m│[48;2;231;231;232m[38;2;0;0;0m [48;2;30;28;31m[38;2;192;190;192m▄[48;2;4;3;5m[38;2;14;12;15m━[48;2;1;1;3m[38;2;1;1;3m  [48;2;1;1;1m[38;2;1;1;1m          [0m
[48;2;1;1;1m[38;2;1;1;1m            [48;2;3;1;6m[38;2;3;1;6m      [48;2;3;1;4m[38;2;3;1;4m  [48;2;1;1;3m[38;2;1;1;3m  [48;2;1;1;1m[38;2;1;1;1m    [48;2;3;1;6m[38;2;3;1;6m  [48;2;3;1;4m[38;2;3;1;4m  [48;2;1;1;1m[38;2;1;1;1m  [48;2;1;0;0m[38;2;3;1;2m▝[48;2;24;22;23m[38;2;5;4;4m▅[48;2;206;204;207m[38;2;7;6;8m▄[48;2;225;224;226m[38;2;9;7;10m▄[48;2;216;219;218m[38;2;53;31;38m▄[48;2;239;236;237m[38;2;210;162;178m▁[48;2;249;245;248m[38;2;214;209;213m▂[48;2;253;248;252m[38;2;0;0;0m [48;2;250;250;252m[38;2;250;250;252m    [48;2;249;249;251m[38;2;249;249;251m  [48;2;104;100;101m[38;2;225;221;222m▊[48;2;3;0;0m[38;2;21;17;18m▎[48;2;1;1;3m[38;2;1;1;3m  [48;2;1;1;1m[38;2;1;1;1m          [0m
[48;2;1;1;1m[38;2;1;1;1m            [48;2;1;1;3m[38;2;1;1;3m  [48;2;3;1;6m[38;2;3;1;6m  [48;2;2;0;3m[38;2;2;0;3m  [48;2;1;1;1m[38;2;1;1;1m  [48;2;3;1;6m[38;2;3;1;6m    [48;2;1;1;1m[38;2;1;1;1m          [48;2;3;1;2m[38;2;3;1;2m  [48;2;212;67;92m[38;2;44;28;32m▅[48;2;208;63;88m[38;2;222;208;211m▅[48;2;208;81;110m[38;2;230;168;175m▁[48;2;244;214;211m[38;2;213;103;126m▄[48;2;249;249;251m[38;2;249;249;251m  [48;2;250;250;252m[38;2;250;250;252m  [48;2;189;185;189m[38;2;243;238;242m▊[48;2;205;200;204m[38;2;34;29;33m▅[48;2;1;1;3m[38;2;1;1;3m  [48;2;1;1;1m[38;2;1;1;1m            [0m
[48;2;1;1;1m[38;2;1;1;1m              [48;2;2;0;3m[38;2;2;0;3m  [48;2;1;1;3m[38;2;1;1;3m    [48;2;3;1;6m[38;2;3;1;6m  [48;2;3;1;4m[38;2;3;1;4m  [48;2;1;1;3m[38;2;1;1;3m  [48;2;1;1;1m[38;2;1;1;1m    [48;2;1;1;3m[38;2;1;1;3m  [48;2;1;1;1m[38;2;1;1;1m    [48;2;1;0;2m[38;2;3;1;4m▄[48;2;230;228;230m[38;2;46;44;47m▅[48;2;247;247;249m[38;2;247;247;249m  [48;2;247;247;248m[38;2;0;0;0m [48;2;239;239;241m[38;2;117;117;119m▁[48;2;245;243;246m[38;2;91;89;92m▁▁[48;2;109;107;110m[38;2;215;213;216m▊[48;2;5;3;6m[38;2;32;30;33m▎[48;2;1;1;1m[38;2;1;1;1m              [0m
[48;2;1;1;1m[38;2;1;1;1m                [48;2;3;1;4m[38;2;3;1;4m  [48;2;3;1;6m[38;2;3;1;6m  [48;2;2;0;3m[38;2;2;0;3m  [48;2;3;1;6m[38;2;3;1;6m  [48;2;2;0;3m[38;2;2;0;3m  [48;2;1;1;1m[38;2;1;1;1m    [48;2;3;1;6m[38;2;3;1;6m  [48;2;1;1;1m[38;2;1;1;1m    [48;2;1;0;0m[38;2;14;12;13m▌[48;2;79;77;78m[38;2;8;6;7m▊[48;2;222;216;218m[38;2;83;77;79m▁[48;2;234;229;231m[38;2;77;71;73m▅[48;2;207;202;205m[38;2;67;62;65m▅[48;2;35;30;33m[38;2;185;179;183m▁[48;2;20;18;21m[38;2;230;228;231m▅▅[48;2;16;15;17m[38;2;232;230;232m▅[48;2;17;15;18m[38;2;203;201;204m▅[48;2;12;10;11m[38;2;114;112;113m▁[48;2;1;0;0m[38;2;2;0;1m▄[48;2;1;1;1m[38;2;1;1;1m            [0m
[48;2;1;1;1m[38;2;1;1;1m                    [48;2;0;0;0m[38;2;0;0;0m  [48;2;1;1;3m[38;2;1;1;3m  [48;2;1;1;1m[38;2;1;1;1m    [48;2;2;0;3m[38;2;2;0;3m  [48;2;1;1;3m[38;2;1;1;3m  [48;2;1;1;1m[38;2;1;1;1m      [48;2;81;79;82m[38;2;9;7;10m▊[48;2;250;248;250m[38;2;204;202;205m▎[48;2;250;250;252m[38;2;250;250;252m      [48;2;110;108;109m[38;2;239;237;238m▊[48;2;1;0;0m[38;2;24;22;23m▎[48;2;1;1;1m[38;2;1;1;1m            [0m
[48;2;1;1;1m[38;2;1;1;1m                        [48;2;1;1;3m[38;2;1;1;3m  [48;2;3;1;6m[38;2;3;1;6m  [48;2;2;0;3m[38;2;2;0;3m  [48;2;1;1;3m[38;2;1;1;3m  [48;2;1;1;1m[38;2;1;1;1m  [48;2;1;1;3m[38;2;1;1;3m  [48;2;13;11;14m[38;2;1;0;2m▊[48;2;21;19;22m[38;2;0;0;0m [48;2;48;43;44m[38;2;210;204;206m▅[48;2;216;210;212m[38;2;56;50;52m▅[48;2;243;243;245m[38;2;239;239;241m▌[48;2;254;254;255m[38;2;250;250;252m▌[48;2;250;250;252m  [48;2;241;241;243m[38;2;251;251;252m▅[48;2;251;251;252m[38;2;241;241;243m▃[48;2;91;89;92m[38;2;204;202;205m▊[48;2;6;4;7m[38;2;20;18;21m▎[48;2;1;1;1m[38;2;1;1;1m            [0m
[48;2;1;1;1m[38;2;1;1;1m                    [48;2;2;0;3m[38;2;2;0;3m  [48;2;1;1;1m[38;2;1;1;1m  [48;2;3;1;6m[38;2;3;1;6m    [48;2;1;1;3m[38;2;1;1;3m    [48;2;1;1;1m[38;2;1;1;1m  [48;2;14;12;15m[38;2;4;3;5m▊[48;2;16;14;17m[38;2;0;0;0m [48;2;27;25;28m[38;2;236;234;236m▅[48;2;46;44;47m[38;2;237;236;238m▅[48;2;237;233;236m[38;2;0;0;0m [48;2;66;61;65m[38;2;225;220;224m▅[48;2;218;214;217m[38;2;106;101;105m▅[48;2;243;238;242m[38;2;0;0;0m [48;2;250;250;252m[38;2;250;250;252m  [48;2;255;254;255m[38;2;252;250;253m▄[48;2;126;124;127m[38;2;244;242;245m▊[48;2;2;0;3m[38;2;2;0;3m    [48;2;1;1;1m[38;2;1;1;1m          [0m
[48;2;1;1;1m[38;2;1;1;1m                  [48;2;1;1;3m[38;2;1;1;3m  [48;2;2;0;3m[38;2;2;0;3m  [48;2;1;1;3m[38;2;1;1;3m  [48;2;3;1;6m[38;2;3;1;6m    [48;2;2;0;3m[38;2;2;0;3m  [48;2;1;1;3m[38;2;1;1;3m  [48;2;1;1;1m[38;2;1;1;1m  [48;2;45;41;44m[38;2;9;4;8m▊[48;2;52;47;51m[38;2;232;228;231m▅[48;2;248;248;250m[38;2;248;248;250m  [48;2;250;250;252m[38;2;250;250;252m      [48;2;173;171;174m[38;2;241;240;242m▊[48;2;183;181;183m[38;2;17;15;18m▅[48;2;1;1;3m[38;2;1;1;3m    [48;2;1;1;1m[38;2;1;1;1m          [0m
[48;2;1;1;1m[38;2;1;1;1m                  [48;2;2;0;3m[38;2;2;0;3m    [48;2;3;1;6m[38;2;3;1;6m      [48;2;1;1;3m[38;2;1;1;3m  [48;2;1;1;1m[38;2;1;1;1m  [48;2;3;3;3m[38;2;13;13;13m╵[48;2;34;34;34m[38;2;5;5;5m▊[48;2;56;54;57m[38;2;234;232;235m▅[48;2;242;240;243m[38;2;0;0;0m [48;2;250;250;252m[38;2;250;250;252m        [48;2;121;119;122m[38;2;243;241;244m▊[48;2;1;0;2m[38;2;23;21;24m▎[48;2;1;1;3m[38;2;1;1;3m    [48;2;1;1;1m[38;2;1;1;1m          [0m
[48;2;4;2;10m[38;2;23;2;126m▂▂▂▂▂▂▂▂▂▂▂▂▂▂▂▂▂▂[48;2;5;3;12m[38;2;24;2;129m▂▂[48;2;4;2;10m[38;2;23;2;126m▂▂[48;2;5;3;12m[38;2;24;2;129m▂▂▂▂▂▂[48;2;5;3;11m[38;2;24;3;127m▂▂[48;2;4;2;10m[38;2;23;2;126m▂▂[48;2;10;7;22m[38;2;50;22;186m▁[48;2;38;35;40m[38;2;222;216;243m▁[48;2;249;249;251m[38;2;231;231;233m▌[38;2;255;255;255m▌[48;2;250;250;252m[38;2;250;250;252m  [48;2;243;243;244m[38;2;0;0;0m [48;2;234;231;243m[38;2;73;56;160m▁[48;2;250;250;252m[38;2;250;250;252m    [48;2;133;128;146m[38;2;239;237;239m▊[48;2;13;12;16m[38;2;31;11;131m▂[48;2;4;2;10m[38;2;23;2;126m▂▂[48;2;5;3;12m[38;2;24;2;129m▂▂[48;2;4;2;10m[38;2;23;2;126m▂▂▂▂▂▂▂▂▂▂[0m
[48;2;38;3;183m[38;2;38;3;183m                                [48;2;41;12;175m[38;2;50;15;206m│[48;2;252;248;250m[38;2;177;163;222m▎[48;2;250;250;252m[38;2;250;250;252m  [48;2;248;248;250m[38;2;248;248;250m  [48;2;225;221;233m[38;2;80;55;198m▂[48;2;98;86;153m[38;2;48;23;188m▊[48;2;237;236;238m[38;2;96;79;185m▂[48;2;247;245;247m[38;2;0;0;0m [48;2;250;250;252m[38;2;250;250;252m  [48;2;237;235;243m[38;2;0;0;0m [48;2;38;17;165m[38;2;203;199;223m▆[48;2;38;3;185m[38;2;38;3;185m  [48;2;38;3;183m[38;2;38;3;183m            [0m
[48;2;38;3;183m[38;2;38;3;183m                                [48;2;71;49;176m[38;2;34;5;186m▊[48;2;249;248;248m[38;2;188;177;233m▎[48;2;250;250;252m[38;2;250;250;252m  [48;2;255;254;255m[38;2;246;245;250m▌[48;2;175;174;179m[38;2;246;245;249m▊[48;2;41;6;184m[38;2;41;6;184m  [48;2;41;12;185m[38;2;0;0;0m [48;2;225;218;235m[38;2;76;51;183m▆[48;2;250;250;252m[38;2;250;250;252m  [48;2;250;249;252m[38;2;0;0;0m [48;2;249;248;251m[38;2;211;210;215m▝[48;2;39;18;176m[38;2;219;214;235m▆[48;2;43;18;182m[38;2;187;182;207m▂[48;2;38;3;183m[38;2;38;3;183m            [0m
[48;2;38;3;185m[38;2;38;3;185m                                [48;2;82;60;186m[38;2;32;2;182m▊[48;2;247;246;245m[38;2;198;188;241m▎[48;2;250;250;252m[38;2;250;250;252m  [48;2;206;198;240m[38;2;245;243;247m▊[48;2;204;197;222m[38;2;47;23;175m▆[48;2;39;4;184m[38;2;39;4;184m  [48;2;38;4;181m[38;2;25;0;168m▘[48;2;43;8;186m[38;2;56;21;199m▝[48;2;221;215;239m[38;2;58;34;178m▆[48;2;235;231;239m[38;2;76;53;187m▂[48;2;250;250;252m[38;2;250;250;252m  [48;2;253;253;251m[38;2;238;235;254m│[48;2;124;112;184m[38;2;242;242;240m▊[48;2;37;2;184m[38;2;37;2;184m  [48;2;38;3;185m[38;2;38;3;185m          [0m
[48;2;38;3;185m[38;2;38;3;185m                                [48;2;71;49;176m[38;2;34;5;186m▊[48;2;249;248;248m[38;2;188;177;233m▎[48;2;250;250;252m[38;2;250;250;252m  [48;2;172;161;219m[38;2;248;246;248m▊[48;2;36;11;172m[38;2;45;12;203m│[48;2;38;3;185m[38;2;38;3;185m    [48;2;38;4;181m[38;2;25;0;168m▘[48;2;43;8;186m[38;2;56;21;199m▝[48;2;209;204;222m[38;2;69;47;187m▆[48;2;251;249;246m[38;2;236;233;241m▎[48;2;255;254;255m[38;2;251;250;255m▄[48;2;249;248;252m[38;2;211;210;215m▝[48;2;59;42;195m[38;2;215;195;220m▆[48;2;44;9;171m[38;2;174;55;113m▂[48;2;42;6;174m[38;2;145;46;118m▂[48;2;46;7;188m[38;2;24;0;192m▗[48;2;38;3;185m[38;2;38;3;185m        [0m
[48;2;38;3;185m[38;2;38;3;185m                              [48;2;39;4;189m[38;2;59;14;175m▗[48;2;43;7;168m[38;2;157;56;123m▂[48;2;61;12;173m[38;2;191;64;114m▂[48;2;214;187;204m[38;2;193;72;94m▆[48;2;243;221;214m[38;2;210;74;104m▆▆[48;2;218;200;224m[38;2;123;40;134m▆[48;2;38;10;174m[38;2;56;4;176m━[48;2;38;3;185m[38;2;38;3;185m      [48;2;40;10;179m[38;2;0;0;0m [48;2;207;195;237m[38;2;65;39;187m▆[48;2;237;233;238m[38;2;92;72;180m▂[48;2;242;237;242m[38;2;0;0;0m [48;2;211;130;141m[38;2;239;226;225m┛[48;2;209;70;105m[38;2;0;0;0m [48;2;97;22;159m[38;2;175;76;118m┛[48;2;22;0;188m[38;2;37;10;175m▊[48;2;38;3;185m[38;2;38;3;185m        [0m
[48;2;38;3;185m[38;2;38;3;185m                              [48;2;36;6;163m[38;2;23;12;58m▃[48;2;144;55;74m[38;2;17;7;23m▆[48;2;169;50;86m[38;2;9;6;3m▆▆[48;2;168;51;86m[38;2;8;6;3m▆▆[48;2;36;13;140m[38;2;5;3;12m▆▆[48;2;35;12;139m[38;2;5;3;11m▆▆[48;2;36;13;142m[38;2;5;3;13m▆▆[48;2;36;13;140m[38;2;5;3;12m▆▆[48;2;31;6;134m[38;2;12;6;16m▆▆[48;2;70;30;70m[38;2;211;73;84m▂[48;2;229;171;195m[38;2;195;71;96m▆[48;2;173;52;84m[38;2;20;7;19m▂[48;2;137;53;104m[38;2;18;14;26m▆[48;2;38;5;171m[38;2;28;16;57m▂[48;2;33;2;176m[38;2;43;5;204m▗[48;2;38;3;185m[38;2;38;3;185m        [0m
[48;2;38;3;185m[38;2;38;3;185m                              [48;2;31;19;68m[38;2;32;1;170m▆[48;2;16;8;35m[38;2;36;3;190m▂[48;2;8;6;11m[38;2;30;5;149m▃▃[48;2;8;3;24m[38;2;39;10;180m▂▂▂▂[48;2;8;6;11m[38;2;30;5;149m▃▃[48;2;8;3;24m[38;2;39;10;180m▂▂▂▂[48;2;11;4;24m[38;2;42;10;181m▂▂[48;2;145;47;75m[38;2;26;10;82m▆▆[48;2;12;9;24m[38;2;34;5;169m▂[48;2;9;5;26m[38;2;32;4;165m▃[48;2;37;16;109m[38;2;37;3;178m▆[48;2;37;1;184m[38;2;37;3;172m▘[48;2;38;3;185m[38;2;38;3;185m        [0m
[48;2;40;2;185m[38;2;40;2;185m                                                            [0m
[48;2;40;2;185m[38;2;40;2;185m                                                            [0m
