[48;2;1;1;1m[38;2;1;1;1m                                                            [0m
[48;2;1;1;1m[38;2;1;1;1m                                                            [0m
[48;2;1;1;1m[38;2;1;1;1m                                                            [0m
[48;2;1;1;1m[38;2;1;1;1m                                                      [48;2;1;1;3m[38;2;1;1;3m  [48;2;1;1;1m[38;2;1;1;1m    [0m
[48;2;1;1;1m[38;2;1;1;1m                          [48;2;3;1;6m[38;2;3;1;6m  [48;2;1;1;3m[38;2;1;1;3m  [48;2;1;1;1m[38;2;1;1;1m      [48;2;1;0;0m[38;2;6;4;5m▃▃[38;2;7;5;6m▃▃[48;2;2;2;2m[38;2;2;2;2m  [48;2;1;1;1m[38;2;1;1;1m          [48;2;3;1;4m[38;2;3;1;4m  [48;2;3;1;6m[38;2;3;1;6m  [48;2;2;0;3m[38;2;2;0;3m  [48;2;1;1;1m[38;2;1;1;1m  [0m
[48;2;1;1;1m[38;2;1;1;1m                        [48;2;1;1;3m[38;2;1;1;3m  [48;2;3;1;6m[38;2;3;1;6m    [48;2;2;0;3m[38;2;2;0;3m  [48;2;1;1;3m[38;2;1;1;3m  [48;2;1;0;4m[38;2;6;4;9m▖[48;2;7;6;10m[38;2;29;27;32m▝[48;2;205;200;204m[38;2;56;51;55m▄[48;2;156;151;155m[38;2;237;233;236m▇[48;2;153;151;154m[38;2;245;243;246m▇▇[48;2;138;133;137m[38;2;233;229;232m▇[48;2;22;18;21m[38;2;188;183;187m▄[48;2;2;2;4m[38;2;2;2;4m  [48;2;1;1;1m[38;2;1;1;1m      [48;2;3;1;6m[38;2;3;1;6m      [48;2;1;1;3m[38;2;1;1;3m  [48;2;1;1;1m[38;2;1;1;1m  [0m
[48;2;1;1;1m[38;2;1;1;1m                    [48;2;3;1;6m[38;2;3;1;6m    [48;2;3;1;4m[38;2;3;1;4m  [48;2;3;1;6m[38;2;3;1;6m  [48;2;4;2;5m[38;2;4;2;5m  [48;2;2;0;3m[38;2;2;0;3m  [48;2;3;1;6m[38;2;3;1;6m    [48;2;69;32;39m[38;2;8;3;8m▊[48;2;172;67;81m[38;2;214;83;105m┃[48;2;208;99;126m[38;2;43;19;20m▄[48;2;243;231;228m[38;2;204;95;121m▄[48;2;252;250;254m[38;2;236;234;239m│[48;2;142;140;145m[38;2;245;243;247m▊[48;2;5;3;6m[38;2;5;3;6m  [48;2;1;1;3m[38;2;1;1;3m    [48;2;3;1;4m[38;2;3;1;4m  [48;2;3;1;6m[38;2;3;1;6m      [48;2;1;1;3m[38;2;1;1;3m  [48;2;1;1;1m[38;2;1;1;1m  [0m
[48;2;1;1;1m[38;2;1;1;1m                    [48;2;1;1;3m[38;2;1;1;3m  [48;2;3;1;6m[38;2;3;1;6m      [48;2;203;74;97m[38;2;132;39;50m▎[48;2;180;36;65m[38;2;211;67;95m▇[48;2;22;12;11m[38;2;176;63;96m▄[48;2;24;13;11m[38;2;0;0;0m [48;2;1;1;3m[38;2;1;1;3m  [48;2;3;1;4m[38;2;3;1;4m  [48;2;62;21;27m[38;2;5;4;6m▊[48;2;219;73;96m[38;2;158;55;74m▎[48;2;208;63;90m[38;2;220;74;102m▅[48;2;234;138;149m[38;2;202;71;94m▊[48;2;237;237;239m[38;2;248;248;249m┃[48;2;235;235;236m[38;2;0;0;0m [48;2;20;18;21m[38;2;196;194;196m▄[48;2;13;11;14m[38;2;0;0;0m [48;2;2;0;3m[38;2;2;0;3m  [48;2;3;1;4m[38;2;3;1;4m    [48;2;3;1;6m[38;2;3;1;6m        [48;2;3;1;4m[38;2;3;1;4m  [0m
[48;2;1;1;1m[38;2;1;1;1m                    [48;2;2;2;4m[38;2;2;2;4m  [48;2;3;1;4m[38;2;3;1;4m  [48;2;3;1;6m[38;2;3;1;6m    [48;2;14;5;5m[38;2;0;0;0m [48;2;166;63;93m[38;2;21;8;9m▄[48;2;226;221;223m[38;2;0;0;0m [48;2;187;181;183m[38;2;241;235;237m▇[48;2;33;31;32m[38;2;218;216;217m▄[48;2;19;17;18m[38;2;0;0;0m [48;2;1;1;3m[38;2;1;1;3m  [48;2;81;54;58m[38;2;7;9;5m▊[48;2;206;96;129m[38;2;237;221;223m▃[48;2;223;115;135m[38;2;203;73;101m▊[48;2;234;94;126m[38;2;241;228;217m▄[48;2;249;249;251m[38;2;249;249;251m  [48;2;230;228;231m[38;2;249;247;249m▇[48;2;138;136;139m[38;2;234;233;235m▊[48;2;9;7;8m[38;2;14;12;13m▌[48;2;1;0;0m[38;2;4;2;3m▎[48;2;1;1;1m[38;2;1;1;1m  [48;2;1;1;3m[38;2;1;1;3m    [48;2;3;1;4m[38;2;3;1;4m  [48;2;3;1;6m[38;2;3;1;6m    [48;2;1;1;3m[38;2;1;1;3m  [0m
[48;2;1;1;1m[38;2;1;1;1m                [48;2;2;0;3m[38;2;2;0;3m  [48;2;3;1;4m[38;2;3;1;4m  [48;2;2;0;3m[38;2;2;0;3m  [48;2;1;1;1m[38;2;1;1;1m  [48;2;1;1;3m[38;2;1;1;3m  [48;2;1;1;1m[38;2;1;1;1m    [48;2;37;33;34m[38;2;14;11;11m▆[48;2;239;236;237m[38;2;159;155;156m▎[48;2;251;251;253m[38;2;244;244;246m▝[48;2;227;227;229m[38;2;249;249;250m▄[48;2;39;37;40m[38;2;237;236;238m▄▄[48;2;229;227;230m[38;2;250;248;251m▄[48;2;251;249;252m[38;2;0;0;0m [48;2;249;249;251m[38;2;249;249;251m  [48;2;250;250;252m[38;2;250;250;252m    [48;2;115;113;116m[38;2;233;232;234m▊[48;2;18;16;19m[38;2;2;1;3m┃[48;2;1;1;3m[38;2;1;1;3m    [48;2;1;1;1m[38;2;1;1;1m    [48;2;2;0;3m[38;2;2;0;3m  [48;2;3;1;6m[38;2;3;1;6m  [48;2;1;1;1m[38;2;1;1;1m  [0m
[48;2;1;1;1m[38;2;1;1;1m            [48;2;1;1;3m[38;2;1;1;3m  [48;2;3;1;6m[38;2;3;1;6m      [48;2;1;1;3m[38;2;1;1;3m  [48;2;1;1;1m[38;2;1;1;1m      [48;2;1;1;3m[38;2;1;1;3m  [48;2;7;5;8m[38;2;3;1;4m▚[48;2;18;16;19m[38;2;2;1;3m▅[48;2;217;215;217m[38;2;18;16;19m▄[48;2;235;233;235m[38;2;154;152;155m▁[48;2;246;245;247m[38;2;155;153;156m▁▁[48;2;245;243;246m[38;2;175;173;176m▁[48;2;255;254;255m[38;2;241;239;242m━[48;2;250;250;252m[38;2;250;250;252m      [48;2;232;231;233m[38;2;0;0;0m [48;2;29;27;30m[38;2;204;202;205m▄[48;2;2;0;3m[38;2;2;0;3m  [48;2;1;1;3m[38;2;1;1;3m  [48;2;1;1;1m[38;2;1;1;1m          [0m
[48;2;1;1;1m[38;2;1;1;1m            [48;2;3;1;6m[38;2;3;1;6m      [48;2;3;1;4m[38;2;3;1;4m  [48;2;1;1;3m[38;2;1;1;3m  [48;2;1;1;1m[38;2;1;1;1m    [48;2;3;1;6m[38;2;3;1;6m  [48;2;3;1;4m[38;2;3;1;4m  [48;2;1;1;1m[38;2;1;1;1m  [48;2;2;2;2m[38;2;2;2;2m  [48;2;4;2;3m[38;2;4;2;3m  [48;2;80;78;81m[38;2;8;7;9m▊[48;2;249;247;250m[38;2;203;201;204m▎[48;2;250;250;252m[38;2;250;250;252m      [48;2;246;244;247m[38;2;246;244;247m▄[48;2;136;134;137m[38;2;249;247;250m▊[48;2;2;0;3m[38;2;2;0;3m  [48;2;1;1;3m[38;2;1;1;3m  [48;2;1;1;1m[38;2;1;1;1m          [0m
[48;2;1;1;1m[38;2;1;1;1m            [48;2;1;1;3m[38;2;1;1;3m  [48;2;3;1;6m[38;2;3;1;6m  [48;2;2;0;3m[38;2;2;0;3m  [48;2;1;1;1m[38;2;1;1;1m  [48;2;3;1;6m[38;2;3;1;6m    [48;2;1;1;1m[38;2;1;1;1m            [48;2;13;11;14m[38;2;0;0;0m [48;2;228;227;229m[38;2;51;49;52m▅[48;2;244;242;245m[38;2;240;238;241m▌[48;2;255;253;255m[38;2;251;249;252m▌[48;2;250;250;252m[38;2;250;250;252m    [48;2;246;244;247m[38;2;246;244;247m▄[48;2;136;134;137m[38;2;249;247;250m▊[48;2;1;1;3m[38;2;1;1;3m  [48;2;1;1;1m[38;2;1;1;1m            [0m
[48;2;1;1;1m[38;2;1;1;1m              [48;2;2;0;3m[38;2;2;0;3m  [48;2;1;1;3m[38;2;1;1;3m    [48;2;3;1;6m[38;2;3;1;6m  [48;2;3;1;4m[38;2;3;1;4m  [48;2;1;1;3m[38;2;1;1;3m  [48;2;1;1;1m[38;2;1;1;1m    [48;2;1;1;3m[38;2;1;1;3m  [48;2;1;1;1m[38;2;1;1;1m    [48;2;1;0;2m[38;2;14;12;15m▌[48;2;79;77;80m[38;2;8;6;9m▊[48;2;237;235;238m[38;2;104;102;105m▁[48;2;241;239;241m[38;2;109;107;110m▁[48;2;250;250;252m[38;2;250;250;252m  [48;2;243;243;245m[38;2;251;251;252m▘[48;2;249;249;250m[38;2;204;204;206m▗[48;2;239;235;238m[38;2;65;60;64m▅[48;2;201;196;200m[38;2;59;54;58m▅[48;2;1;1;1m[38;2;1;1;1m              [0m
[48;2;1;1;1m[38;2;1;1;1m                [48;2;3;1;4m[38;2;3;1;4m  [48;2;3;1;6m[38;2;3;1;6m  [48;2;2;0;3m[38;2;2;0;3m  [48;2;3;1;6m[38;2;3;1;6m  [48;2;2;0;3m[38;2;2;0;3m  [48;2;1;1;1m[38;2;1;1;1m    [48;2;3;1;6m[38;2;3;1;6m  [48;2;1;1;1m[38;2;1;1;1m    [48;2;13;11;14m[38;2;1;0;2m▊[48;2;21;19;22m[38;2;0;0;0m [48;2;25;23;24m[38;2;218;215;216m▅[48;2;42;43;42m[38;2;225;182;197m▅[48;2;239;222;224m[38;2;210;103;135m▅[48;2;246;245;242m[38;2;0;0;0m [48;2;250;250;252m[38;2;250;250;252m  [48;2;242;242;244m[38;2;247;247;248m▄[48;2;236;236;237m[38;2;0;0;0m [48;2;72;71;71m[38;2;210;208;209m┓[48;2;7;5;6m[38;2;30;28;29m╸[48;2;1;1;1m[38;2;1;1;1m            [0m
[48;2;1;1;1m[38;2;1;1;1m                    [48;2;0;0;0m[38;2;0;0;0m  [48;2;1;1;3m[38;2;1;1;3m  [48;2;1;1;1m[38;2;1;1;1m    [48;2;2;0;3m[38;2;2;0;3m  [48;2;1;1;3m[38;2;1;1;3m  [48;2;1;1;1m[38;2;1;1;1m    [48;2;1;0;2m[38;2;19;17;20m▄[48;2;37;35;38m[38;2;157;155;158m▁[48;2;228;207;216m[38;2;110;86;96m▁[48;2;210;96;114m[38;2;196;56;81m┃[48;2;199;102;130m[38;2;232;204;209m▅[48;2;247;241;239m[38;2;0;0;0m [48;2;250;250;252m[38;2;250;250;252m    [48;2;111;109;110m[38;2;240;238;239m▊[48;2;1;0;0m[38;2;25;23;24m▎[48;2;1;1;1m[38;2;1;1;1m            [0m
[48;2;1;1;1m[38;2;1;1;1m                        [48;2;1;1;3m[38;2;1;1;3m  [48;2;3;1;6m[38;2;3;1;6m  [48;2;2;0;3m[38;2;2;0;3m  [48;2;1;1;3m[38;2;1;1;3m  [48;2;1;1;1m[38;2;1;1;1m  [48;2;2;2;4m[38;2;2;2;4m  [48;2;40;36;39m[38;2;178;173;177m▁[48;2;240;236;239m[38;2;197;192;196m▎[48;2;59;45;45m[38;2;233;235;231m▅[48;2;193;77;111m[38;2;249;235;236m▅[48;2;211;99;135m[38;2;245;234;236m▅[48;2;247;247;246m[38;2;0;0;0m [48;2;250;250;252m[38;2;250;250;252m  [48;2;250;248;250m[38;2;234;232;235m╷[48;2;175;173;176m[38;2;245;243;245m▊[48;2;187;186;188m[38;2;13;12;14m▅[48;2;19;17;20m[38;2;1;0;2m┛[48;2;1;1;1m[38;2;1;1;1m            [0m
[48;2;1;1;1m[38;2;1;1;1m                    [48;2;2;0;3m[38;2;2;0;3m  [48;2;1;1;1m[38;2;1;1;1m  [48;2;3;1;6m[38;2;3;1;6m    [48;2;1;1;3m[38;2;1;1;3m    [48;2;1;1;1m[38;2;1;1;1m  [48;2;11;7;10m[38;2;26;21;25m╶[48;2;37;33;36m[38;2;187;182;186m▁[48;2;250;250;251m[38;2;232;232;234m▌[48;2;250;250;252m[38;2;255;255;255m▌[38;2;250;250;252m      [48;2;185;180;184m[38;2;243;238;242m▊[48;2;189;185;189m[38;2;24;20;23m▅[48;2;1;1;3m[38;2;1;1;3m  [48;2;2;0;3m[38;2;2;0;3m  [48;2;1;1;1m[38;2;1;1;1m          [0m
[48;2;1;1;1m[38;2;1;1;1m                  [48;2;1;1;3m[38;2;1;1;3m  [48;2;2;0;3m[38;2;2;0;3m  [48;2;1;1;3m[38;2;1;1;3m  [48;2;3;1;6m[38;2;3;1;6m    [48;2;2;0;3m[38;2;2;0;3m  [48;2;1;1;3m[38;2;1;1;3m  [48;2;2;2;2m[38;2;2;2;2m  [48;2;36;32;35m[38;2;202;197;201m▁[48;2;252;248;251m[38;2;207;202;206m▎[48;2;250;250;252m[38;2;250;250;252m      [48;2;249;248;250m[38;2;238;236;239m▎[48;2;183;181;184m[38;2;244;242;244m▊[48;2;178;176;179m[38;2;17;15;18m▅[48;2;9;7;10m[38;2;1;0;2m┫[48;2;1;1;3m[38;2;1;1;3m    [48;2;1;1;1m[38;2;1;1;1m          [0m
[48;2;1;1;1m[38;2;1;1;1m                  [48;2;2;0;3m[38;2;2;0;3m    [48;2;3;1;6m[38;2;3;1;6m      [48;2;1;1;3m[38;2;1;1;3m  [48;2;1;1;1m[38;2;1;1;1m  [48;2;0;0;2m[38;2;5;5;7m│[48;2;64;64;66m[38;2;6;6;8m▊[48;2;255;255;255m[38;2;236;236;238m▌[48;2;252;252;253m[38;2;244;244;246m┃[48;2;250;250;252m[38;2;250;250;252m      [48;2;184;182;185m[38;2;241;239;242m▊[48;2;185;184;186m[38;2;19;17;20m▅[48;2;1;1;3m[38;2;1;1;3m      [48;2;1;1;1m[38;2;1;1;1m          [0m
[48;2;4;2;10m[38;2;23;2;126m▂▂▂▂▂▂▂▂▂▂▂▂▂▂▂▂▂▂[48;2;5;3;12m[38;2;24;2;129m▂▂[48;2;4;2;10m[38;2;23;2;126m▂▂[48;2;5;3;12m[38;2;24;2;129m▂▂▂▂▂▂[48;2;5;3;11m[38;2;24;3;127m▂▂[48;2;4;2;10m[38;2;23;2;126m▂▂[48;2;9;6;14m[38;2;27;6;130m▂[48;2;16;14;21m[38;2;33;15;136m▂[48;2;255;255;255m[38;2;236;236;238m▌[48;2;252;252;253m[38;2;244;244;246m┃[48;2;250;250;252m[38;2;250;250;252m      [48;2;237;235;237m[38;2;0;0;0m [48;2;50;48;51m[38;2;218;216;219m▅[48;2;5;3;11m[38;2;24;3;127m▂▂[48;2;4;2;10m[38;2;23;2;126m▂▂[48;2;5;3;12m[38;2;24;2;129m▂▂[48;2;4;2;10m[38;2;23;2;126m▂▂▂▂▂▂▂▂▂▂[0m
[48;2;38;3;183m[38;2;38;3;183m                                [48;2;39;4;184m[38;2;39;4;184m  [48;2;227;222;239m[38;2;61;40;181m▆[48;2;249;248;243m[38;2;218;211;242m▎[48;2;250;250;252m[38;2;250;250;252m      [48;2;250;249;252m[38;2;0;0;0m [48;2;249;248;251m[38;2;211;210;215m▝[48;2;81;55;193m[38;2;211;203;228m▅[48;2;39;7;189m[38;2;42;15;164m▎[48;2;38;3;183m[38;2;38;3;183m              [0m
[48;2;38;3;183m[38;2;38;3;183m                                  [48;2;40;12;179m[38;2;0;0;0m [48;2;223;215;240m[38;2;57;28;182m▆[48;2;247;247;249m[38;2;247;247;249m  [48;2;250;250;252m[38;2;250;250;252m      [48;2;238;236;244m[38;2;0;0;0m [48;2;46;31;159m[38;2;212;207;231m▆[48;2;38;3;185m[38;2;38;3;185m  [48;2;38;3;183m[38;2;38;3;183m            [0m
[48;2;38;3;185m[38;2;38;3;185m                                  [48;2;40;5;185m[38;2;40;5;185m  [48;2;217;213;228m[38;2;49;24;179m▆[48;2;232;228;241m[38;2;66;39;194m▂[48;2;249;249;251m[38;2;249;249;251m  [48;2;250;250;252m[38;2;250;250;252m    [48;2;252;249;254m[38;2;243;240;247m│[48;2;154;151;158m[38;2;245;242;247m▊[48;2;42;6;172m[38;2;145;46;116m▂[48;2;46;8;186m[38;2;24;0;190m▗[48;2;38;3;185m[38;2;38;3;185m            [0m
[48;2;38;3;185m[38;2;38;3;185m                                    [48;2;40;5;183m[38;2;40;5;183m  [48;2;207;196;223m[38;2;114;53;149m▆[48;2;240;232;231m[38;2;200;78;98m▂[48;2;240;233;234m[38;2;196;81;117m▂[48;2;234;225;227m[38;2;190;75;111m▂[48;2;208;213;237m[38;2;69;35;168m▆[48;2;245;238;238m[38;2;181;72;94m▂[48;2;243;216;216m[38;2;205;69;105m▂[48;2;239;194;201m[38;2;198;79;109m▆[48;2;102;34;147m[38;2;189;77;91m┛[48;2;46;8;197m[38;2;28;2;177m┣[48;2;38;3;185m[38;2;38;3;185m            [0m
[48;2;38;3;185m[38;2;38;3;185m                                  [48;2;39;4;182m[38;2;39;4;182m  [48;2;74;27;153m[38;2;225;67;101m━━[48;2;213;70;96m[38;2;73;9;174m▃[48;2;197;78;96m[38;2;57;15;174m▃[48;2;171;72;101m[38;2;47;9;179m▆[48;2;187;65;95m[38;2;76;13;155m▃[48;2;82;25;150m[38;2;216;75;78m━[48;2;197;66;94m[38;2;66;17;186m▃[48;2;193;76;103m[38;2;47;11;176m▇▇[48;2;38;3;185m[38;2;38;3;185m              [0m
[48;2;38;3;185m[38;2;38;3;185m                                [48;2;38;3;183m[38;2;38;3;183m  [48;2;34;8;158m[38;2;4;1;19m▂[48;2;38;12;161m[38;2;8;5;19m▆[48;2;36;13;140m[38;2;5;3;12m▆▆[48;2;35;12;139m[38;2;5;3;11m▆▆[48;2;36;13;142m[38;2;5;3;13m▆▆[48;2;36;13;140m[38;2;5;3;12m▆▆▆▆[48;2;26;2;124m[38;2;15;8;25m▅[48;2;34;3;171m[38;2;23;9;71m▃[48;2;38;3;185m[38;2;38;3;185m            [0m
[48;2;38;3;185m[38;2;38;3;185m                                [48;2;38;3;183m[38;2;38;3;183m  [48;2;30;19;65m[38;2;31;1;167m▆[48;2;15;7;33m[38;2;35;2;187m▂[48;2;8;3;24m[38;2;39;10;180m▂▂[48;2;8;6;11m[38;2;30;5;149m▃▃[48;2;8;3;24m[38;2;39;10;180m▂▂▂▂▂▂[48;2;16;6;47m[38;2;36;3;182m▂[48;2;31;16;86m[38;2;32;1;171m▆[48;2;38;3;185m[38;2;38;3;185m            [0m
[48;2;40;2;185m[38;2;40;2;185m                                                            [0m
[48;2;40;2;185m[38;2;40;2;185m                                                            [0m
