[48;2;1;1;1m[38;2;1;1;1m                                                            [0m
[48;2;1;1;1m[38;2;1;1;1m                                                            [0m
[48;2;1;1;1m[38;2;1;1;1m                                                            [0m
[48;2;1;1;1m[38;2;1;1;1m                                                      [48;2;1;1;3m[38;2;1;1;3m  [48;2;1;1;1m[38;2;1;1;1m    [0m
[48;2;1;1;1m[38;2;1;1;1m                          [48;2;3;1;6m[38;2;3;1;6m  [48;2;1;1;3m[38;2;1;1;3m  [48;2;1;1;1m[38;2;1;1;1m      [48;2;1;0;0m[38;2;6;4;5m▃▃[38;2;7;5;6m▃▃[48;2;2;2;2m[38;2;2;2;2m  [48;2;1;1;1m[38;2;1;1;1m          [48;2;3;1;4m[38;2;3;1;4m  [48;2;3;1;6m[38;2;3;1;6m  [48;2;2;0;3m[38;2;2;0;3m  [48;2;1;1;1m[38;2;1;1;1m  [0m
[48;2;1;1;1m[38;2;1;1;1m                        [48;2;1;1;3m[38;2;1;1;3m  [48;2;3;1;6m[38;2;3;1;6m    [48;2;2;0;3m[38;2;2;0;3m  [48;2;1;1;3m[38;2;1;1;3m  [48;2;1;0;4m[38;2;6;4;9m▖[48;2;7;6;10m[38;2;29;27;32m▝[48;2;205;200;204m[38;2;56;51;55m▄[48;2;156;151;155m[38;2;237;233;236m▇[48;2;153;151;154m[38;2;245;243;246m▇▇[48;2;138;133;137m[38;2;233;229;232m▇[48;2;22;18;21m[38;2;188;183;187m▄[48;2;2;2;4m[38;2;2;2;4m  [48;2;1;1;1m[38;2;1;1;1m      [48;2;3;1;6m[38;2;3;1;6m      [48;2;1;1;3m[38;2;1;1;3m  [48;2;1;1;1m[38;2;1;1;1m  [0m
[48;2;1;1;1m[38;2;1;1;1m                    [48;2;3;1;6m[38;2;3;1;6m    [48;2;3;1;4m[38;2;3;1;4m  [48;2;3;1;6m[38;2;3;1;6m    [48;2;2;0;3m[38;2;2;0;3m  [48;2;3;1;6m[38;2;3;1;6m    [48;2;69;32;39m[38;2;8;3;8m▊[48;2;172;67;81m[38;2;214;83;105m┃[48;2;208;99;126m[38;2;43;19;20m▄[48;2;243;231;228m[38;2;204;95;121m▄[48;2;252;250;254m[38;2;236;234;239m│[48;2;142;140;145m[38;2;245;243;247m▊[48;2;5;3;6m[38;2;5;3;6m  [48;2;1;1;3m[38;2;1;1;3m    [48;2;3;1;4m[38;2;3;1;4m  [48;2;3;1;6m[38;2;3;1;6m      [48;2;1;1;3m[38;2;1;1;3m  [48;2;1;1;1m[38;2;1;1;1m  [0m
[48;2;1;1;1m[38;2;1;1;1m                    [48;2;1;1;3m[38;2;1;1;3m  [48;2;3;1;6m[38;2;3;1;6m          [48;2;4;2;5m[38;2;4;2;5m  [48;2;3;1;4m[38;2;13;11;14m▃▃[48;2;72;29;36m[38;2;6;5;7m▊[48;2;221;73;97m[38;2;155;49;69m▎[48;2;233;78;110m[38;2;211;72;99m▊[48;2;225;132;143m[38;2;201;72;96m▊[48;2;238;236;239m[38;2;249;247;249m┃[48;2;236;234;236m[38;2;0;0;0m [48;2;20;18;21m[38;2;196;194;196m▄[48;2;13;11;14m[38;2;0;0;0m [48;2;2;0;3m[38;2;2;0;3m  [48;2;3;1;4m[38;2;3;1;4m    [48;2;3;1;6m[38;2;3;1;6m        [48;2;3;1;4m[38;2;3;1;4m  [0m
[48;2;1;1;1m[38;2;1;1;1m                    [48;2;2;2;4m[38;2;2;2;4m  [48;2;3;1;4m[38;2;3;1;4m  [48;2;9;6;5m[38;2;0;0;0m [48;2;43;12;20m[38;2;183;67;104m▗[48;2;15;7;10m[38;2;196;64;87m▄▄[48;2;18;14;17m[38;2;218;213;217m▄[48;2;20;16;19m[38;2;238;234;237m▄[48;2;17;15;18m[38;2;232;230;233m▄▄[48;2;28;26;29m[38;2;232;230;232m▄[48;2;169;167;170m[38;2;239;237;239m▇[48;2;255;254;255m[38;2;243;241;246m▄▄[48;2;167;158;157m[38;2;242;238;236m▇[48;2;208;97;130m[38;2;250;237;241m▄[48;2;241;239;242m[38;2;252;250;253m▄▄[48;2;250;250;252m[38;2;250;250;252m  [48;2;250;248;250m[38;2;0;0;0m [48;2;148;146;149m[38;2;228;226;229m▊[48;2;4;2;3m[38;2;4;2;3m  [48;2;1;1;1m[38;2;1;1;1m  [48;2;1;1;3m[38;2;1;1;3m    [48;2;3;1;4m[38;2;3;1;4m  [48;2;3;1;6m[38;2;3;1;6m    [48;2;1;1;3m[38;2;1;1;3m  [0m
[48;2;1;1;1m[38;2;1;1;1m                [48;2;2;0;3m[38;2;2;0;3m  [48;2;3;1;4m[38;2;3;1;4m  [48;2;2;0;3m[38;2;2;0;3m  [48;2;1;1;1m[38;2;1;1;1m  [48;2;3;1;2m[38;2;3;1;2m  [48;2;14;8;7m[38;2;0;0;0m [48;2;151;53;82m[38;2;17;7;7m▄[48;2;217;213;214m[38;2;18;14;15m▄[48;2;237;234;235m[38;2;20;16;17m▄[48;2;232;230;233m[38;2;17;15;18m▄▄▄▄[48;2;234;233;235m[38;2;38;36;39m▄[48;2;239;237;239m[38;2;179;177;180m▁[48;2;250;250;252m[38;2;250;250;252m      [48;2;249;249;251m[38;2;255;255;255m▌[48;2;245;245;247m[38;2;191;191;193m▝[48;2;31;29;32m[38;2;194;192;195m▄[48;2;1;0;2m[38;2;22;20;23m▎[48;2;1;1;3m[38;2;1;1;3m    [48;2;1;1;1m[38;2;1;1;1m    [48;2;2;0;3m[38;2;2;0;3m  [48;2;3;1;6m[38;2;3;1;6m  [48;2;1;1;1m[38;2;1;1;1m  [0m
[48;2;1;1;1m[38;2;1;1;1m            [48;2;1;1;3m[38;2;1;1;3m  [48;2;3;1;6m[38;2;3;1;6m      [48;2;1;1;3m[38;2;1;1;3m  [48;2;1;1;1m[38;2;1;1;1m      [48;2;1;1;3m[38;2;1;1;3m    [48;2;3;1;6m[38;2;3;1;6m  [48;2;1;0;4m[38;2;7;5;10m▌[48;2;8;7;11m[38;2;36;34;39m▝[48;2;216;214;217m[38;2;37;35;38m▄[48;2;242;240;243m[38;2;0;0;0m [48;2;250;250;252m[38;2;250;250;252m      [48;2;129;127;130m[38;2;239;237;240m▊[48;2;16;14;17m[38;2;76;74;77m▁[48;2;1;1;3m[38;2;1;1;3m    [48;2;1;1;1m[38;2;1;1;1m          [0m
[48;2;1;1;1m[38;2;1;1;1m            [48;2;3;1;6m[38;2;3;1;6m      [48;2;3;1;4m[38;2;3;1;4m  [48;2;1;1;3m[38;2;1;1;3m  [48;2;1;1;1m[38;2;1;1;1m    [48;2;3;1;6m[38;2;3;1;6m  [48;2;3;1;4m[38;2;3;1;4m  [48;2;1;1;1m[38;2;1;1;1m    [48;2;1;1;3m[38;2;1;1;3m  [48;2;15;13;16m[38;2;0;0;0m [48;2;210;208;211m[38;2;34;33;35m▄[48;2;247;247;249m[38;2;247;247;249m  [48;2;250;250;252m[38;2;250;250;252m    [48;2;255;254;255m[38;2;252;250;253m▄[48;2;126;124;127m[38;2;244;242;245m▊[48;2;2;0;3m[38;2;2;0;3m  [48;2;1;1;3m[38;2;1;1;3m  [48;2;1;1;1m[38;2;1;1;1m          [0m
[48;2;1;1;1m[38;2;1;1;1m            [48;2;1;1;3m[38;2;1;1;3m  [48;2;3;1;6m[38;2;3;1;6m  [48;2;2;0;3m[38;2;2;0;3m  [48;2;1;1;1m[38;2;1;1;1m  [48;2;3;1;6m[38;2;3;1;6m    [48;2;1;1;1m[38;2;1;1;1m            [48;2;3;2;4m[38;2;19;17;20m╵[48;2;15;14;16m[38;2;0;0;0m [48;2;209;208;210m[38;2;35;34;36m▄[48;2;248;247;249m[38;2;214;212;215m▎[48;2;250;250;252m[38;2;250;250;252m    [48;2;246;244;247m[38;2;246;244;247m▄[48;2;136;134;137m[38;2;249;247;250m▊[48;2;1;1;3m[38;2;1;1;3m  [48;2;1;1;1m[38;2;1;1;1m            [0m
[48;2;1;1;1m[38;2;1;1;1m              [48;2;2;0;3m[38;2;2;0;3m  [48;2;1;1;3m[38;2;1;1;3m    [48;2;3;1;6m[38;2;3;1;6m  [48;2;3;1;4m[38;2;3;1;4m  [48;2;1;1;3m[38;2;1;1;3m  [48;2;1;1;1m[38;2;1;1;1m    [48;2;1;1;3m[38;2;1;1;3m  [48;2;1;1;1m[38;2;1;1;1m    [48;2;1;1;3m[38;2;1;1;3m  [48;2;94;89;93m[38;2;14;9;13m▊[48;2;219;215;218m[38;2;105;100;104m▁[48;2;234;229;233m[38;2;75;69;73m▅[48;2;237;233;236m[38;2;81;75;79m▅[48;2;249;249;251m[38;2;249;249;251m  [48;2;254;251;254m[38;2;243;239;242m▌[48;2;176;171;175m[38;2;245;241;244m▊[48;2;18;13;5m[38;2;205;87;114m▅[48;2;38;19;16m[38;2;178;52;82m▄[48;2;31;16;16m[38;2;121;42;63m▁[48;2;61;19;27m[38;2;172;64;95m▖[48;2;1;1;1m[38;2;1;1;1m          [0m
[48;2;1;1;1m[38;2;1;1;1m                [48;2;3;1;4m[38;2;3;1;4m  [48;2;3;1;6m[38;2;3;1;6m  [48;2;2;0;3m[38;2;2;0;3m  [48;2;3;1;6m[38;2;3;1;6m  [48;2;2;0;3m[38;2;2;0;3m  [48;2;1;1;1m[38;2;1;1;1m    [48;2;3;1;6m[38;2;3;1;6m  [48;2;1;1;1m[38;2;1;1;1m  [48;2;7;6;6m[38;2;0;0;0m [48;2;13;12;12m[38;2;154;152;153m▁[48;2;16;13;13m[38;2;177;173;174m▁[48;2;27;23;24m[38;2;169;165;166m▁[48;2;28;23;27m[38;2;186;181;185m▅[48;2;46;41;45m[38;2;227;223;227m▅[48;2;248;248;250m[38;2;248;248;250m  [48;2;250;250;252m[38;2;250;250;252m    [48;2;240;234;233m[38;2;0;0;0m [48;2;189;112;134m[38;2;234;217;218m┓[48;2;149;48;80m[38;2;19;6;6m▅[48;2;4;4;1m[38;2;0;0;0m [48;2;1;1;1m[38;2;1;1;1m          [0m
[48;2;1;1;1m[38;2;1;1;1m                    [48;2;0;0;0m[38;2;0;0;0m  [48;2;1;1;3m[38;2;1;1;3m  [48;2;1;1;1m[38;2;1;1;1m    [48;2;2;0;3m[38;2;2;0;3m  [48;2;1;1;3m[38;2;1;1;3m  [48;2;23;19;22m[38;2;157;152;156m▁[48;2;22;18;21m[38;2;224;219;223m▅[48;2;39;37;40m[38;2;235;233;236m▅[48;2;243;242;244m[38;2;0;0;0m [48;2;249;249;250m [48;2;248;248;249m[38;2;210;210;212m▝[48;2;67;65;68m[38;2;233;231;234m▅[48;2;241;239;241m[38;2;0;0;0m [48;2;250;250;252m[38;2;250;250;252m      [48;2;242;240;243m[38;2;0;0;0m [48;2;84;82;85m[38;2;212;210;213m▊[48;2;1;1;3m[38;2;1;1;3m  [48;2;1;1;1m[38;2;1;1;1m          [0m
[48;2;1;1;1m[38;2;1;1;1m                        [48;2;1;1;3m[38;2;1;1;3m  [48;2;3;1;6m[38;2;3;1;6m  [48;2;2;0;3m[38;2;2;0;3m  [48;2;1;0;2m[38;2;13;11;14m▄[48;2;37;35;38m[38;2;211;209;212m▅[48;2;241;241;243m[38;2;251;251;252m▄[48;2;250;250;251m[38;2;240;240;242m▃[48;2;250;250;252m[38;2;250;250;252m          [48;2;241;241;243m[38;2;251;251;252m▅[48;2;251;251;252m[38;2;241;241;243m▃[48;2;92;87;91m[38;2;205;201;204m▊[48;2;3;0;2m[38;2;5;0;4m▄[48;2;1;1;1m[38;2;1;1;1m            [0m
[48;2;1;1;1m[38;2;1;1;1m                    [48;2;2;0;3m[38;2;2;0;3m  [48;2;1;1;1m[38;2;1;1;1m  [48;2;3;1;6m[38;2;3;1;6m    [48;2;1;1;3m[38;2;1;1;3m  [48;2;38;36;39m[38;2;6;5;7m▊[48;2;247;245;248m[38;2;161;159;162m▎[48;2;250;250;252m[38;2;250;250;252m        [48;2;241;241;243m[38;2;251;251;252m▅[48;2;251;251;252m[38;2;241;241;243m▃[48;2;235;233;235m[38;2;47;45;48m▁[48;2;217;215;218m[38;2;34;32;35m▁[48;2;215;210;214m[38;2;26;22;25m▅[48;2;191;186;190m[38;2;17;13;16m▅[48;2;1;1;3m[38;2;1;1;3m  [48;2;2;0;3m[38;2;2;0;3m  [48;2;1;1;1m[38;2;1;1;1m          [0m
[48;2;1;1;1m[38;2;1;1;1m                  [48;2;1;1;3m[38;2;1;1;3m  [48;2;2;0;3m[38;2;2;0;3m  [48;2;1;1;3m[38;2;1;1;3m  [48;2;3;1;6m[38;2;3;1;6m    [48;2;2;0;3m[38;2;2;0;3m  [48;2;10;9;11m[38;2;0;0;0m [48;2;193;191;194m[38;2;16;15;17m▅[48;2;255;255;255m[38;2;237;237;239m▌[48;2;253;253;254m[38;2;245;245;247m┃[48;2;250;250;252m[38;2;250;250;252m      [48;2;189;184;188m[38;2;244;240;244m▊[48;2;191;187;190m[38;2;24;19;23m▅[48;2;3;1;6m[38;2;3;1;6m  [48;2;2;0;3m[38;2;2;0;3m  [48;2;1;1;3m[38;2;1;1;3m    [48;2;1;1;1m[38;2;1;1;1m          [0m
[48;2;1;1;1m[38;2;1;1;1m                  [48;2;2;0;3m[38;2;2;0;3m    [48;2;3;1;6m[38;2;3;1;6m      [48;2;1;1;3m[38;2;1;1;3m  [48;2;2;2;4m[38;2;2;2;4m  [48;2;197;195;196m[38;2;24;23;23m▅[48;2;246;244;245m[38;2;205;203;204m▎[48;2;250;250;252m[38;2;250;250;252m      [48;2;237;235;237m[38;2;0;0;0m [48;2;46;44;47m[38;2;225;223;225m▅[48;2;22;20;25m[38;2;193;191;196m▁[48;2;9;7;12m[38;2;0;0;0m [48;2;1;1;3m[38;2;1;1;3m      [48;2;1;1;1m[38;2;1;1;1m          [0m
[48;2;4;2;10m[38;2;23;2;126m▂▂▂▂▂▂▂▂▂▂▂▂▂▂▂▂▂▂[48;2;5;3;12m[38;2;24;2;129m▂▂[48;2;4;2;10m[38;2;23;2;126m▂▂[48;2;5;3;12m[38;2;24;2;129m▂▂▂▂▂▂[48;2;5;3;11m[38;2;24;3;127m▂▂[48;2;4;2;10m[38;2;23;2;126m▂▂[48;2;16;11;21m[38;2;35;11;137m▂[48;2;184;179;190m[38;2;29;16;72m▅[48;2;227;225;235m[38;2;72;52;176m▁[48;2;243;242;243m[38;2;227;229;218m╴[48;2;250;250;252m[38;2;250;250;252m      [48;2;251;249;252m[38;2;255;254;255m▅[48;2;46;44;47m[38;2;225;223;226m▅[48;2;23;21;29m[38;2;205;196;240m▁[48;2;7;5;21m[38;2;51;27;175m▁[48;2;4;2;10m[38;2;23;2;126m▂▂[48;2;5;3;12m[38;2;24;2;129m▂▂[48;2;4;2;10m[38;2;23;2;126m▂▂▂▂▂▂▂▂▂▂[0m
[48;2;38;3;183m[38;2;38;3;183m                                  [48;2;76;49;187m[38;2;37;6;185m▊[48;2;234;228;241m[38;2;80;57;175m▂[48;2;248;248;250m[38;2;248;248;250m  [48;2;243;238;249m[38;2;186;100;115m▂[48;2;245;243;245m[38;2;75;53;170m▂[48;2;244;243;246m[38;2;104;86;194m▂[48;2;244;242;246m[38;2;0;0;0m [48;2;250;250;252m[38;2;250;250;252m  [48;2;239;237;243m[38;2;0;0;0m [48;2;33;13;158m[38;2;214;210;229m▆[48;2;42;7;178m[38;2;211;177;221m▂[48;2;50;14;174m[38;2;158;83;111m▁[48;2;38;3;183m[38;2;38;3;183m            [0m
[48;2;38;3;183m[38;2;38;3;183m                                  [48;2;38;3;178m[38;2;49;10;172m╸[48;2;54;17;176m[38;2;148;48;110m▂[48;2;248;224;217m[38;2;209;79;107m▆▆[48;2;174;62;106m[38;2;60;9;161m▂[48;2;36;5;187m[38;2;53;9;153m▎[48;2;43;14;180m[38;2;0;0;0m [48;2;230;222;243m[38;2;61;36;185m▆[48;2;239;237;243m[38;2;97;82;173m▂[48;2;246;245;248m[38;2;0;0;0m [48;2;249;247;250m[38;2;249;247;250m  [48;2;237;209;207m[38;2;226;94;126m▂[48;2;206;69;103m[38;2;0;0;0m [48;2;95;31;136m[38;2;188;64;96m┓[48;2;42;0;186m[38;2;32;6;185m▄[48;2;38;3;183m[38;2;38;3;183m          [0m
[48;2;38;3;185m[38;2;38;3;185m                                [48;2;38;3;183m[38;2;38;3;183m  [48;2;141;43;110m[38;2;48;14;157m▂[48;2;191;63;109m[38;2;51;23;171m▂[48;2;188;61;98m[38;2;44;6;183m▆▆[48;2;38;3;183m[38;2;38;3;183m  [48;2;38;3;185m[38;2;38;3;185m  [48;2;41;9;185m[38;2;0;0;0m [48;2;206;192;237m[38;2;54;23;179m▆[48;2;222;209;230m[38;2;119;40;135m▆[48;2;244;215;229m[38;2;206;83;106m▆[48;2;206;68;101m[38;2;0;0;0m [48;2;189;68;99m[38;2;89;29;152m▃[48;2;145;44;126m[38;2;42;5;182m▆[48;2;46;9;177m[38;2;24;1;176m▝[48;2;38;3;185m[38;2;38;3;185m          [0m
[48;2;38;3;185m[38;2;38;3;185m                                          [48;2;41;3;184m[38;2;41;3;184m  [48;2;185;64;97m[38;2;42;9;182m▆▆[48;2;152;55;124m[38;2;38;6;169m▆[48;2;34;3;190m[38;2;54;13;177m▘[48;2;38;3;185m[38;2;38;3;185m            [0m
[48;2;38;3;185m[38;2;38;3;185m                                                            [0m
[48;2;38;3;185m[38;2;38;3;185m                                [48;2;35;1;183m[38;2;32;1;156m▗[48;2;40;8;167m[38;2;19;8;44m▂[48;2;37;14;143m[38;2;6;4;14m▆▆[48;2;36;13;140m[38;2;5;3;12m▆▆[48;2;35;12;139m[38;2;5;3;11m▆▆[48;2;36;13;142m[38;2;5;3;13m▆▆[48;2;36;13;140m[38;2;5;3;12m▆▆▆▆▆▆[48;2;27;3;127m[38;2;16;8;28m▅[48;2;35;4;174m[38;2;24;10;74m▃[48;2;38;3;185m[38;2;38;3;185m          [0m
[48;2;38;3;185m[38;2;38;3;185m                                [48;2;36;1;181m[38;2;36;4;162m▝[48;2;36;21;77m[38;2;36;1;182m▆[48;2;8;6;12m[38;2;30;4;150m▃▃[48;2;8;3;24m[38;2;39;10;180m▂▂[48;2;8;6;11m[38;2;30;5;149m▃▃[48;2;8;3;24m[38;2;39;10;180m▂▂▂▂▂▂[48;2;8;6;11m[38;2;30;5;149m▃▃[48;2;18;6;52m[38;2;38;7;172m▂[48;2;33;15;104m[38;2;34;3;170m▆[48;2;38;3;185m[38;2;38;3;185m          [0m
[48;2;40;2;185m[38;2;40;2;185m                                                            [0m
[48;2;40;2;185m[38;2;40;2;185m                                                            [0m
