[48;2;1;1;1m[38;2;1;1;1m                                                            [0m
[48;2;1;1;1m[38;2;1;1;1m                                                            [0m
[48;2;1;1;1m[38;2;1;1;1m                                                            [0m
[48;2;1;1;1m[38;2;1;1;1m                                                      [48;2;1;1;3m[38;2;1;1;3m  [48;2;1;1;1m[38;2;1;1;1m    [0m
[48;2;1;1;1m[38;2;1;1;1m                          [48;2;3;1;6m[38;2;3;1;6m  [48;2;1;1;3m[38;2;1;1;3m  [48;2;1;1;1m[38;2;1;1;1m      [48;2;1;0;0m[38;2;6;4;5m▃▃[38;2;7;5;6m▃▃[48;2;2;2;2m[38;2;2;2;2m  [48;2;1;1;1m[38;2;1;1;1m          [48;2;3;1;4m[38;2;3;1;4m  [48;2;3;1;6m[38;2;3;1;6m  [48;2;2;0;3m[38;2;2;0;3m  [48;2;1;1;1m[38;2;1;1;1m  [0m
[48;2;1;1;1m[38;2;1;1;1m                        [48;2;1;1;3m[38;2;1;1;3m  [48;2;3;1;6m[38;2;3;1;6m    [48;2;2;0;3m[38;2;2;0;3m  [48;2;1;1;3m[38;2;1;1;3m  [48;2;1;0;4m[38;2;6;4;9m▖[48;2;7;6;10m[38;2;29;27;32m▝[48;2;205;200;204m[38;2;56;51;55m▄[48;2;156;151;155m[38;2;237;233;236m▇[48;2;153;151;154m[38;2;245;243;246m▇▇[48;2;138;133;137m[38;2;233;229;232m▇[48;2;22;18;21m[38;2;188;183;187m▄[48;2;2;2;4m[38;2;2;2;4m  [48;2;1;1;1m[38;2;1;1;1m      [48;2;3;1;6m[38;2;3;1;6m      [48;2;1;1;3m[38;2;1;1;3m  [48;2;1;1;1m[38;2;1;1;1m  [0m
[48;2;1;1;1m[38;2;1;1;1m                    [48;2;3;1;6m[38;2;3;1;6m    [48;2;3;1;4m[38;2;3;1;4m  [48;2;3;1;6m[38;2;3;1;6m    [48;2;2;0;3m[38;2;2;0;3m  [48;2;3;1;6m[38;2;3;1;6m    [48;2;69;32;39m[38;2;8;3;8m▊[48;2;172;67;81m[38;2;214;83;105m┃[48;2;208;99;126m[38;2;43;19;20m▄[48;2;243;231;228m[38;2;204;95;121m▄[48;2;252;250;254m[38;2;236;234;239m│[48;2;142;140;145m[38;2;245;243;247m▊[48;2;5;3;6m[38;2;5;3;6m  [48;2;1;1;3m[38;2;1;1;3m    [48;2;3;1;4m[38;2;3;1;4m  [48;2;3;1;6m[38;2;3;1;6m      [48;2;1;1;3m[38;2;1;1;3m  [48;2;1;1;1m[38;2;1;1;1m  [0m
[48;2;1;1;1m[38;2;1;1;1m                    [48;2;1;1;3m[38;2;1;1;3m  [48;2;3;1;6m[38;2;3;1;6m          [48;2;1;1;3m[38;2;1;1;3m  [48;2;3;1;4m[38;2;3;1;4m  [48;2;64;21;28m[38;2;5;4;6m▊[48;2;221;73;97m[38;2;161;55;75m▎[48;2;234;77;108m[38;2;212;70;97m▊[48;2;226;130;141m[38;2;202;71;94m▊[48;2;239;237;240m[38;2;250;248;250m┏[48;2;235;233;236m[38;2;0;0;0m [48;2;20;18;21m[38;2;196;194;196m▄[48;2;13;11;14m[38;2;0;0;0m [48;2;2;0;3m[38;2;2;0;3m  [48;2;3;1;4m[38;2;3;1;4m    [48;2;3;1;6m[38;2;3;1;6m        [48;2;3;1;4m[38;2;3;1;4m  [0m
[48;2;1;1;1m[38;2;1;1;1m                    [48;2;2;2;4m[38;2;2;2;4m  [48;2;3;1;4m[38;2;3;1;4m  [48;2;3;1;6m[38;2;3;1;6m        [48;2;5;3;6m[38;2;5;3;6m  [48;2;21;19;22m[38;2;0;0;0m [48;2;16;15;17m[38;2;213;211;214m▄[48;2;51;19;24m[38;2;227;232;226m▄[48;2;197;71;109m[38;2;242;241;238m▄[48;2;197;92;123m[38;2;247;236;236m▄[48;2;250;242;241m[38;2;0;0;0m [48;2;250;250;252m[38;2;250;250;252m  [48;2;250;248;250m[38;2;0;0;0m [48;2;148;146;149m[38;2;228;226;229m▊[48;2;4;2;3m[38;2;4;2;3m  [48;2;1;1;1m[38;2;1;1;1m  [48;2;1;1;3m[38;2;1;1;3m    [48;2;3;1;4m[38;2;3;1;4m  [48;2;3;1;6m[38;2;3;1;6m    [48;2;1;1;3m[38;2;1;1;3m  [0m
[48;2;1;1;1m[38;2;1;1;1m                [48;2;2;0;3m[38;2;2;0;3m  [48;2;3;1;4m[38;2;3;1;4m  [48;2;2;0;3m[38;2;2;0;3m  [48;2;1;1;1m[38;2;1;1;1m  [48;2;1;1;3m[38;2;1;1;3m    [48;2;2;0;3m[38;2;2;0;3m  [48;2;11;3;3m[38;2;0;0;0m [48;2;18;13;9m[38;2;166;55;88m▄[48;2;167;63;83m[38;2;46;13;10m▄[48;2;202;70;99m[38;2;150;41;62m▁[48;2;240;236;237m[38;2;181;177;178m▁[48;2;248;246;247m[38;2;192;188;189m▁[48;2;250;250;252m[38;2;250;250;252m      [48;2;249;249;251m[38;2;255;255;255m▌[48;2;245;245;247m[38;2;191;191;193m▝[48;2;31;29;32m[38;2;194;192;195m▄[48;2;1;0;2m[38;2;22;20;23m▎[48;2;1;1;3m[38;2;1;1;3m    [48;2;1;1;1m[38;2;1;1;1m    [48;2;2;0;3m[38;2;2;0;3m  [48;2;3;1;6m[38;2;3;1;6m  [48;2;1;1;1m[38;2;1;1;1m  [0m
[48;2;1;1;1m[38;2;1;1;1m            [48;2;1;1;3m[38;2;1;1;3m  [48;2;3;1;6m[38;2;3;1;6m      [48;2;1;1;3m[38;2;1;1;3m  [48;2;1;1;1m[38;2;1;1;1m      [48;2;1;1;3m[38;2;1;1;3m  [48;2;1;1;1m[38;2;1;1;1m  [48;2;3;1;4m[38;2;3;1;4m  [48;2;3;0;4m[38;2;18;13;19m▁[48;2;9;5;10m[38;2;48;43;49m▝[48;2;216;214;217m[38;2;38;36;39m▄[48;2;255;254;255m[38;2;248;246;249m▄[48;2;250;250;252m[38;2;250;250;252m      [48;2;232;230;232m[38;2;0;0;0m [48;2;28;27;29m[38;2;203;201;204m▄[48;2;2;0;3m[38;2;2;0;3m  [48;2;1;1;3m[38;2;1;1;3m  [48;2;1;1;1m[38;2;1;1;1m          [0m
[48;2;1;1;1m[38;2;1;1;1m            [48;2;3;1;6m[38;2;3;1;6m      [48;2;3;1;4m[38;2;3;1;4m  [48;2;1;1;3m[38;2;1;1;3m  [48;2;1;1;1m[38;2;1;1;1m    [48;2;3;1;6m[38;2;3;1;6m  [48;2;3;1;4m[38;2;3;1;4m  [48;2;1;1;1m[38;2;1;1;1m    [48;2;1;1;3m[38;2;1;1;3m  [48;2;15;13;16m[38;2;0;0;0m [48;2;210;208;211m[38;2;34;33;35m▄[48;2;247;247;249m[38;2;247;247;249m  [48;2;250;250;252m[38;2;250;250;252m    [48;2;238;238;240m[38;2;251;251;252m▊[48;2;231;231;233m[38;2;0;0;0m [48;2;33;31;34m[38;2;195;193;195m▄[48;2;7;6;8m[38;2;0;0;0m [48;2;1;1;3m[38;2;1;1;3m  [48;2;1;1;1m[38;2;1;1;1m          [0m
[48;2;1;1;1m[38;2;1;1;1m            [48;2;1;1;3m[38;2;1;1;3m  [48;2;3;1;6m[38;2;3;1;6m  [48;2;2;0;3m[38;2;2;0;3m  [48;2;1;1;1m[38;2;1;1;1m  [48;2;3;1;6m[38;2;3;1;6m    [48;2;1;1;1m[38;2;1;1;1m            [48;2;2;1;3m[38;2;11;9;12m│[48;2;100;98;101m[38;2;9;8;10m▊[48;2;255;254;255m[38;2;237;235;238m▌[48;2;253;251;253m[38;2;245;243;246m┃[48;2;250;250;252m[38;2;250;250;252m      [48;2;232;231;233m[38;2;0;0;0m [48;2;39;37;40m[38;2;196;195;197m▄[48;2;3;0;0m[38;2;9;5;6m▃▃[48;2;1;1;1m[38;2;1;1;1m          [0m
[48;2;1;1;1m[38;2;1;1;1m              [48;2;2;0;3m[38;2;2;0;3m  [48;2;1;1;3m[38;2;1;1;3m    [48;2;3;1;6m[38;2;3;1;6m  [48;2;3;1;4m[38;2;3;1;4m  [48;2;1;1;3m[38;2;1;1;3m  [48;2;1;1;1m[38;2;1;1;1m    [48;2;1;1;3m[38;2;1;1;3m  [48;2;1;1;1m[38;2;1;1;1m    [48;2;1;0;2m[38;2;14;12;15m▌[48;2;79;77;80m[38;2;8;6;9m▊[48;2;226;221;223m[38;2;87;81;83m▁[48;2;228;223;225m[38;2;76;70;72m▅[48;2;239;235;238m[38;2;66;60;64m▅[48;2;231;226;229m[38;2;83;77;81m▅[48;2;249;249;251m[38;2;249;249;251m  [48;2;253;249;252m[38;2;247;242;246m┃[48;2;249;245;248m[38;2;216;211;215m▗[48;2;228;232;233m[38;2;215;80;105m▅[48;2;201;205;206m[38;2;220;85;110m▅[48;2;53;14;15m[38;2;186;66;93m▅[48;2;54;21;19m[38;2;187;63;91m▊[48;2;1;1;1m[38;2;1;1;1m          [0m
[48;2;1;1;1m[38;2;1;1;1m                [48;2;3;1;4m[38;2;3;1;4m  [48;2;3;1;6m[38;2;3;1;6m  [48;2;2;0;3m[38;2;2;0;3m  [48;2;3;1;6m[38;2;3;1;6m  [48;2;2;0;3m[38;2;2;0;3m  [48;2;1;1;1m[38;2;1;1;1m    [48;2;3;1;6m[38;2;3;1;6m  [48;2;1;1;1m[38;2;1;1;1m  [48;2;17;13;14m[38;2;160;156;157m▁[48;2;20;16;17m[38;2;182;178;179m▁[48;2;18;17;19m[38;2;228;226;229m▅▅[48;2;48;46;49m[38;2;231;229;232m▅[48;2;244;242;244m[38;2;0;0;0m [48;2;250;250;252m[38;2;250;250;252m    [48;2;253;251;253m[38;2;246;244;247m▎[48;2;247;245;247m[38;2;219;217;220m▝[48;2;207;84;104m[38;2;245;237;240m▅[48;2;182;104;118m[38;2;231;221;223m┓[48;2;149;48;80m[38;2;19;6;6m▅[48;2;4;4;1m[38;2;0;0;0m [48;2;1;1;1m[38;2;1;1;1m          [0m
[48;2;1;1;1m[38;2;1;1;1m                    [48;2;0;0;0m[38;2;0;0;0m  [48;2;1;1;3m[38;2;1;1;3m  [48;2;1;1;1m[38;2;1;1;1m    [48;2;2;0;3m[38;2;2;0;3m  [48;2;2;2;4m[38;2;0;0;2m▊[48;2;12;12;14m[38;2;7;7;9m▌[48;2;27;26;28m[38;2;224;222;224m▅[48;2;35;33;36m[38;2;230;228;231m▅[48;2;247;247;249m[38;2;247;247;249m  [48;2;250;250;252m[38;2;250;250;252m          [48;2;166;164;167m[38;2;240;239;241m▊[48;2;189;187;190m[38;2;25;23;26m▅[48;2;1;1;1m[38;2;1;1;1m            [0m
[48;2;1;1;1m[38;2;1;1;1m                        [48;2;1;1;3m[38;2;1;1;3m  [48;2;3;1;6m[38;2;3;1;6m  [48;2;2;0;3m[38;2;2;0;3m  [48;2;1;0;2m[38;2;13;11;14m▄[48;2;37;35;38m[38;2;211;209;212m▅[48;2;247;247;249m[38;2;247;247;249m  [48;2;250;250;252m[38;2;250;250;252m          [48;2;240;239;241m[38;2;0;0;0m [48;2;217;215;217m[38;2;67;65;68m▁[48;2;187;186;188m[38;2;13;12;14m▅[48;2;19;17;20m[38;2;1;0;2m┛[48;2;1;1;1m[38;2;1;1;1m            [0m
[48;2;1;1;1m[38;2;1;1;1m                    [48;2;2;0;3m[38;2;2;0;3m  [48;2;1;1;1m[38;2;1;1;1m  [48;2;3;1;6m[38;2;3;1;6m    [48;2;1;1;3m[38;2;1;1;3m  [48;2;49;47;50m[38;2;1;0;2m▊[48;2;214;213;215m[38;2;67;65;68m▁[48;2;249;249;251m[38;2;249;249;251m  [48;2;250;250;252m[38;2;250;250;252m      [48;2;241;241;243m[38;2;251;251;252m▅[48;2;251;251;252m[38;2;241;241;243m▃[48;2;219;215;219m[38;2;26;21;25m▁[48;2;225;220;224m[38;2;28;24;27m▅[48;2;192;190;193m[38;2;14;12;15m▅[48;2;8;7;9m[38;2;0;0;0m [48;2;1;1;3m[38;2;1;1;3m  [48;2;2;0;3m[38;2;2;0;3m  [48;2;1;1;1m[38;2;1;1;1m          [0m
[48;2;1;1;1m[38;2;1;1;1m                  [48;2;1;1;3m[38;2;1;1;3m  [48;2;2;0;3m[38;2;2;0;3m  [48;2;1;1;3m[38;2;1;1;3m  [48;2;3;1;6m[38;2;3;1;6m    [48;2;2;0;3m[38;2;2;0;3m  [48;2;1;0;2m[38;2;8;6;9m┃[48;2;35;33;36m[38;2;1;0;2m▊[48;2;248;248;250m[38;2;205;205;207m▎[48;2;240;240;242m[38;2;252;252;253m┃[48;2;250;250;252m[38;2;250;250;252m      [48;2;233;229;232m[38;2;0;0;0m [48;2;187;183;187m[38;2;77;72;76m▅[48;2;4;2;7m[38;2;4;2;7m  [48;2;2;0;3m[38;2;2;0;3m  [48;2;1;1;3m[38;2;1;1;3m    [48;2;1;1;1m[38;2;1;1;1m          [0m
[48;2;1;1;1m[38;2;1;1;1m                  [48;2;2;0;3m[38;2;2;0;3m    [48;2;3;1;6m[38;2;3;1;6m      [48;2;1;1;3m[38;2;1;1;3m  [48;2;2;2;4m[38;2;2;2;4m  [48;2;197;195;196m[38;2;24;23;23m▅[48;2;246;244;245m[38;2;205;203;204m▎[48;2;250;250;252m[38;2;250;250;252m      [48;2;250;250;251m[38;2;0;0;0m [48;2;249;249;250m[38;2;211;211;213m▝[48;2;41;37;40m[38;2;220;215;219m▅[48;2;27;22;26m[38;2;209;204;208m▁[48;2;1;1;3m[38;2;1;1;3m      [48;2;1;1;1m[38;2;1;1;1m          [0m
[48;2;4;2;10m[38;2;23;2;126m▂▂▂▂▂▂▂▂▂▂▂▂▂▂▂▂▂▂[48;2;5;3;12m[38;2;24;2;129m▂▂[48;2;4;2;10m[38;2;23;2;126m▂▂[48;2;5;3;12m[38;2;24;2;129m▂▂▂▂▂▂[48;2;5;3;11m[38;2;24;3;127m▂▂[48;2;4;2;10m[38;2;23;2;126m▂▂[48;2;18;14;31m[38;2;32;5;173m▁[48;2;215;211;226m[38;2;54;25;195m▁[48;2;249;249;251m[38;2;249;249;251m  [48;2;250;250;252m[38;2;250;250;252m      [48;2;249;249;251m[38;2;233;233;235m╵[48;2;238;238;239m[38;2;0;0;0m [48;2;48;46;51m[38;2;219;217;221m▅[48;2;27;25;30m[38;2;219;217;222m▁[48;2;4;2;10m[38;2;23;2;126m▂▂[48;2;5;3;12m[38;2;24;2;129m▂▂[48;2;4;2;10m[38;2;23;2;126m▂▂▂▂▂▂▂▂▂▂[0m
[48;2;38;3;183m[38;2;38;3;183m                                [48;2;41;6;184m[38;2;41;6;184m  [48;2;235;234;238m[38;2;81;63;173m▂[48;2;243;242;246m[38;2;0;0;0m [48;2;249;249;251m[38;2;249;249;251m  [48;2;234;230;237m[38;2;173;82;123m▂[48;2;236;230;249m[38;2;57;31;177m▆[48;2;241;238;239m[38;2;63;40;182m▆[48;2;238;234;243m[38;2;97;77;189m▂[48;2;250;250;252m[38;2;250;250;252m  [48;2;255;254;255m[38;2;248;247;252m▌[48;2;237;236;240m[38;2;0;0;0m [48;2;36;11;189m[38;2;216;208;233m▆[48;2;41;13;178m[38;2;184;172;220m▂[48;2;38;3;183m[38;2;38;3;183m            [0m
[48;2;38;3;183m[38;2;38;3;183m                                  [48;2;81;46;169m[38;2;40;8;181m▊[48;2;228;222;230m[38;2;201;88;132m▂[48;2;241;232;219m[38;2;216;79;109m▆▆[48;2;116;31;125m[38;2;208;79;100m▊[48;2;46;1;165m[38;2;35;5;199m┃[48;2;33;0;176m[38;2;40;5;183m▝[48;2;57;22;200m[38;2;35;2;178m▄[48;2;243;239;244m[38;2;55;34;178m▆[48;2;237;235;239m[38;2;69;44;191m▂[48;2;242;240;243m[38;2;89;70;176m▂[48;2;244;242;243m[38;2;0;0;0m [48;2;231;223;231m[38;2;226;93;126m▂[48;2;208;202;215m[38;2;195;67;98m▆[48;2;41;3;188m[38;2;135;36;114m▂[48;2;33;3;183m[38;2;49;9;168m▖[48;2;38;3;183m[38;2;38;3;183m          [0m
[48;2;38;3;185m[38;2;38;3;185m                                [48;2;38;3;183m[38;2;38;3;183m  [48;2;133;45;120m[38;2;39;16;166m▂[48;2;199;61;99m[38;2;59;21;160m▂[48;2;216;73;98m[38;2;73;22;153m▃▃[48;2;156;55;123m[38;2;42;6;169m▆[48;2;38;3;190m[38;2;58;12;176m▘[48;2;38;3;185m[38;2;38;3;185m    [48;2;52;22;167m[38;2;0;0;0m [48;2;233;206;206m[38;2;218;79;115m▆[48;2;206;66;93m[38;2;217;77;104m▄[48;2;217;77;104m[38;2;206;66;93m▄[48;2;102;32;134m[38;2;186;69;94m┛[48;2;42;5;183m[38;2;39;3;185m▄[48;2;38;3;185m[38;2;38;3;185m          [0m
[48;2;38;3;185m[38;2;38;3;185m                                          [48;2;41;4;181m[38;2;90;14;161m╺[48;2;118;45;128m[38;2;118;45;128m▄[48;2;151;52;112m[38;2;71;18;161m▂[48;2;176;59;104m[38;2;52;13;169m▂[48;2;176;74;119m[38;2;38;9;177m▆[48;2;162;54;130m[38;2;43;10;173m▆[48;2;38;3;185m[38;2;38;3;185m            [0m
[48;2;38;3;185m[38;2;38;3;185m                                                            [0m
[48;2;38;3;185m[38;2;38;3;185m                                [48;2;35;1;183m[38;2;32;1;156m▗[48;2;40;8;167m[38;2;19;8;44m▂[48;2;37;14;143m[38;2;6;4;14m▆▆[48;2;36;13;140m[38;2;5;3;12m▆▆[48;2;35;12;139m[38;2;5;3;11m▆▆[48;2;36;13;142m[38;2;5;3;13m▆▆[48;2;36;13;140m[38;2;5;3;12m▆▆▆▆▆▆[48;2;27;3;127m[38;2;16;8;28m▅[48;2;35;4;174m[38;2;24;10;74m▃[48;2;38;3;185m[38;2;38;3;185m          [0m
[48;2;38;3;185m[38;2;38;3;185m                                [48;2;36;1;181m[38;2;36;4;162m▝[48;2;36;21;77m[38;2;36;1;182m▆[48;2;8;6;12m[38;2;30;4;150m▃▃[48;2;8;3;24m[38;2;39;10;180m▂▂[48;2;8;6;11m[38;2;30;5;149m▃▃[48;2;8;3;24m[38;2;39;10;180m▂▂▂▂▂▂[48;2;8;6;11m[38;2;30;5;149m▃▃[48;2;18;6;52m[38;2;38;7;172m▂[48;2;33;15;104m[38;2;34;3;170m▆[48;2;38;3;185m[38;2;38;3;185m          [0m
[48;2;40;2;185m[38;2;40;2;185m                                                            [0m
[48;2;40;2;185m[38;2;40;2;185m                                                            [0m
