[48;2;1;1;1m[38;2;1;1;1m                                                            [0m
[48;2;1;1;1m[38;2;1;1;1m                                                            [0m
[48;2;1;1;1m[38;2;1;1;1m                                                            [0m
[48;2;1;1;1m[38;2;1;1;1m                                                      [48;2;1;1;3m[38;2;1;1;3m  [48;2;1;1;1m[38;2;1;1;1m    [0m
[48;2;1;1;1m[38;2;1;1;1m                          [48;2;3;1;6m[38;2;3;1;6m  [48;2;1;1;3m[38;2;1;1;3m  [48;2;1;1;1m[38;2;1;1;1m      [48;2;1;0;0m[38;2;6;4;5m▃▃[38;2;7;5;6m▃▃[48;2;2;2;2m[38;2;2;2;2m  [48;2;1;1;1m[38;2;1;1;1m          [48;2;3;1;4m[38;2;3;1;4m  [48;2;3;1;6m[38;2;3;1;6m  [48;2;2;0;3m[38;2;2;0;3m  [48;2;1;1;1m[38;2;1;1;1m  [0m
[48;2;1;1;1m[38;2;1;1;1m                        [48;2;1;1;3m[38;2;1;1;3m  [48;2;3;1;6m[38;2;3;1;6m    [48;2;2;0;3m[38;2;2;0;3m  [48;2;1;1;3m[38;2;1;1;3m  [48;2;1;0;4m[38;2;6;4;9m▖[48;2;7;6;10m[38;2;29;27;32m▝[48;2;205;200;204m[38;2;56;51;55m▄[48;2;156;151;155m[38;2;237;233;236m▇[48;2;153;151;154m[38;2;245;243;246m▇▇[48;2;138;133;137m[38;2;233;229;232m▇[48;2;22;18;21m[38;2;188;183;187m▄[48;2;2;2;4m[38;2;2;2;4m  [48;2;1;1;1m[38;2;1;1;1m      [48;2;3;1;6m[38;2;3;1;6m      [48;2;1;1;3m[38;2;1;1;3m  [48;2;1;1;1m[38;2;1;1;1m  [0m
[48;2;1;1;1m[38;2;1;1;1m                    [48;2;3;1;6m[38;2;3;1;6m    [48;2;3;1;4m[38;2;3;1;4m  [48;2;3;1;6m[38;2;3;1;6m    [48;2;2;0;3m[38;2;2;0;3m  [48;2;3;1;6m[38;2;3;1;6m    [48;2;69;32;39m[38;2;8;3;8m▊[48;2;172;67;81m[38;2;214;83;105m┃[48;2;208;99;126m[38;2;43;19;20m▄[48;2;243;231;228m[38;2;204;95;121m▄[48;2;252;250;254m[38;2;236;234;239m│[48;2;142;140;145m[38;2;245;243;247m▊[48;2;5;3;6m[38;2;5;3;6m  [48;2;1;1;3m[38;2;1;1;3m    [48;2;3;1;4m[38;2;3;1;4m  [48;2;3;1;6m[38;2;3;1;6m      [48;2;1;1;3m[38;2;1;1;3m  [48;2;1;1;1m[38;2;1;1;1m  [0m
[48;2;1;1;1m[38;2;1;1;1m                    [48;2;1;1;3m[38;2;1;1;3m  [48;2;3;1;6m[38;2;3;1;6m          [48;2;1;1;3m[38;2;1;1;3m  [48;2;3;1;4m[38;2;3;1;4m  [48;2;64;21;28m[38;2;5;4;6m▊[48;2;221;73;97m[38;2;161;55;75m▎[48;2;233;76;107m[38;2;211;70;96m▊[48;2;225;129;140m[38;2;201;70;93m▊[48;2;237;237;239m[38;2;248;248;249m┃[48;2;235;235;236m[38;2;0;0;0m [48;2;23;21;24m[38;2;188;186;189m▄[48;2;10;9;11m[38;2;0;0;0m [48;2;2;0;3m[38;2;2;0;3m  [48;2;3;1;4m[38;2;3;1;4m    [48;2;3;1;6m[38;2;3;1;6m        [48;2;3;1;4m[38;2;3;1;4m  [0m
[48;2;1;1;1m[38;2;1;1;1m                    [48;2;2;2;4m[38;2;2;2;4m  [48;2;3;1;4m[38;2;3;1;4m  [48;2;3;1;6m[38;2;3;1;6m            [48;2;20;12;9m[38;2;0;0;0m [48;2;189;60;99m[38;2;31;7;11m▄[48;2;208;71;102m[38;2;202;119;131m▗[48;2;209;88;113m[38;2;251;231;225m▄[48;2;249;249;251m[38;2;249;249;251m  [48;2;232;230;233m[38;2;0;0;0m [48;2;23;21;24m[38;2;202;200;203m▄[48;2;5;3;4m[38;2;23;21;22m▃[48;2;1;0;0m[38;2;2;0;1m▖[48;2;1;1;1m[38;2;1;1;1m  [48;2;1;1;3m[38;2;1;1;3m    [48;2;3;1;4m[38;2;3;1;4m  [48;2;3;1;6m[38;2;3;1;6m    [48;2;1;1;3m[38;2;1;1;3m  [0m
[48;2;1;1;1m[38;2;1;1;1m                [48;2;2;0;3m[38;2;2;0;3m  [48;2;3;1;4m[38;2;3;1;4m  [48;2;2;0;3m[38;2;2;0;3m  [48;2;1;1;1m[38;2;1;1;1m  [48;2;1;1;3m[38;2;1;1;3m    [48;2;2;0;3m[38;2;2;0;3m  [48;2;3;1;6m[38;2;3;1;6m      [48;2;19;15;18m[38;2;0;0;0m [48;2;46;41;45m[38;2;227;222;226m▄[48;2;247;247;249m[38;2;247;247;249m  [48;2;250;250;252m[38;2;250;250;252m    [48;2;129;127;130m[38;2;234;233;235m▊[48;2;11;9;12m[38;2;41;39;42m▁[48;2;1;1;3m[38;2;1;1;3m    [48;2;1;1;1m[38;2;1;1;1m    [48;2;2;0;3m[38;2;2;0;3m  [48;2;3;1;6m[38;2;3;1;6m  [48;2;1;1;1m[38;2;1;1;1m  [0m
[48;2;1;1;1m[38;2;1;1;1m            [48;2;1;1;3m[38;2;1;1;3m  [48;2;3;1;6m[38;2;3;1;6m      [48;2;1;1;3m[38;2;1;1;3m  [48;2;1;1;1m[38;2;1;1;1m      [48;2;1;1;3m[38;2;1;1;3m    [48;2;3;1;6m[38;2;3;1;6m    [48;2;79;77;80m[38;2;8;6;9m▊[48;2;248;247;249m[38;2;202;200;203m▎[48;2;250;250;252m[38;2;250;250;252m      [48;2;236;236;238m[38;2;250;250;251m▊[48;2;229;229;230m[38;2;0;0;0m [48;2;27;25;28m[38;2;198;197;199m▄[48;2;10;8;11m[38;2;91;89;92m▁[48;2;1;1;3m[38;2;1;1;3m  [48;2;1;1;1m[38;2;1;1;1m          [0m
[48;2;1;1;1m[38;2;1;1;1m            [48;2;3;1;6m[38;2;3;1;6m      [48;2;3;1;4m[38;2;3;1;4m  [48;2;1;1;3m[38;2;1;1;3m  [48;2;1;1;1m[38;2;1;1;1m    [48;2;3;1;6m[38;2;3;1;6m  [48;2;3;1;4m[38;2;3;1;4m  [48;2;1;1;1m[38;2;1;1;1m    [48;2;1;1;3m[38;2;1;1;3m  [48;2;15;13;16m[38;2;0;0;0m [48;2;210;208;211m[38;2;34;33;35m▄[48;2;247;247;249m[38;2;247;247;249m  [48;2;250;250;252m[38;2;250;250;252m      [48;2;249;247;250m[38;2;249;247;250m▄[48;2;83;81;84m[38;2;246;245;247m▊[48;2;1;1;3m[38;2;1;1;3m  [48;2;1;1;1m[38;2;1;1;1m          [0m
[48;2;1;1;1m[38;2;1;1;1m            [48;2;1;1;3m[38;2;1;1;3m  [48;2;3;1;6m[38;2;3;1;6m  [48;2;2;0;3m[38;2;2;0;3m  [48;2;1;1;1m[38;2;1;1;1m  [48;2;3;1;6m[38;2;3;1;6m    [48;2;1;1;1m[38;2;1;1;1m            [48;2;2;1;3m[38;2;11;9;12m│[48;2;100;98;101m[38;2;9;8;10m▊[48;2;255;254;255m[38;2;237;235;238m▌[48;2;253;251;253m[38;2;245;243;246m┃[48;2;250;250;252m[38;2;250;250;252m      [48;2;173;168;172m[38;2;247;243;246m▊[48;2;195;190;194m[38;2;33;28;32m▅[48;2;1;1;3m[38;2;1;1;3m  [48;2;1;1;1m[38;2;1;1;1m          [0m
[48;2;1;1;1m[38;2;1;1;1m              [48;2;2;0;3m[38;2;2;0;3m  [48;2;1;1;3m[38;2;1;1;3m    [48;2;3;1;6m[38;2;3;1;6m  [48;2;3;1;4m[38;2;3;1;4m  [48;2;1;1;3m[38;2;1;1;3m  [48;2;1;1;1m[38;2;1;1;1m    [48;2;1;1;3m[38;2;1;1;3m  [48;2;1;1;1m[38;2;1;1;1m    [48;2;1;0;2m[38;2;14;12;15m▌[48;2;79;77;80m[38;2;8;6;9m▊[48;2;226;221;223m[38;2;87;81;83m▁[48;2;228;223;225m[38;2;76;70;72m▅[48;2;239;234;238m[38;2;63;57;61m▅▅[48;2;238;235;236m[38;2;61;57;58m▅▅[48;2;194;190;194m[38;2;72;68;71m┓[48;2;192;188;191m[38;2;239;234;238m▊[48;2;201;196;200m[38;2;20;16;19m▅[48;2;3;0;2m[38;2;47;42;46m [48;2;3;1;6m[38;2;3;1;6m  [48;2;1;1;1m[38;2;1;1;1m          [0m
[48;2;1;1;1m[38;2;1;1;1m                [48;2;3;1;4m[38;2;3;1;4m  [48;2;3;1;6m[38;2;3;1;6m  [48;2;2;0;3m[38;2;2;0;3m  [48;2;3;1;6m[38;2;3;1;6m  [48;2;2;0;3m[38;2;2;0;3m  [48;2;1;1;1m[38;2;1;1;1m    [48;2;3;1;6m[38;2;3;1;6m  [48;2;1;1;1m[38;2;1;1;1m  [48;2;2;2;4m[38;2;2;2;4m  [48;2;30;25;29m[38;2;168;163;167m▁[48;2;17;13;16m[38;2;220;215;219m▅[48;2;48;46;49m[38;2;231;229;232m▅[48;2;244;242;244m[38;2;0;0;0m [48;2;249;249;251m[38;2;249;249;251m    [48;2;246;246;247m[38;2;244;244;246m▄[48;2;251;251;252m[38;2;193;193;195m▝[48;2;74;70;73m[38;2;212;207;211m┓[48;2;9;5;8m[38;2;32;27;31m╸[48;2;1;1;3m[38;2;1;1;3m  [48;2;1;1;1m[38;2;1;1;1m          [0m
[48;2;1;1;1m[38;2;1;1;1m                    [48;2;0;0;0m[38;2;0;0;0m  [48;2;1;1;3m[38;2;1;1;3m  [48;2;1;1;1m[38;2;1;1;1m    [48;2;2;0;3m[38;2;2;0;3m  [48;2;1;1;3m[38;2;1;1;3m  [48;2;3;1;4m[38;2;3;1;4m  [48;2;28;24;27m[38;2;164;159;163m▁[48;2;46;41;45m[38;2;220;215;219m▅[48;2;248;248;250m[38;2;248;248;250m  [48;2;250;250;252m[38;2;250;250;252m        [48;2;111;109;112m[38;2;240;238;240m▊[48;2;1;0;2m[38;2;25;23;26m▎[48;2;1;1;1m[38;2;1;1;1m            [0m
[48;2;1;1;1m[38;2;1;1;1m                        [48;2;1;1;3m[38;2;1;1;3m  [48;2;3;1;6m[38;2;3;1;6m  [48;2;2;0;3m[38;2;2;0;3m    [48;2;30;25;29m[38;2;12;8;11m▊[48;2;42;37;41m[38;2;217;212;216m▅[48;2;248;248;250m[38;2;248;248;250m  [48;2;250;250;252m[38;2;250;250;252m        [48;2;241;241;243m[38;2;251;251;252m▅[48;2;251;251;252m[38;2;241;241;243m▃[48;2;90;88;91m[38;2;203;202;204m▊[48;2;1;0;2m[38;2;3;1;4m▄[48;2;1;1;1m[38;2;1;1;1m            [0m
[48;2;1;1;1m[38;2;1;1;1m                    [48;2;2;0;3m[38;2;2;0;3m  [48;2;1;1;1m[38;2;1;1;1m  [48;2;3;1;6m[38;2;3;1;6m    [48;2;1;1;3m[38;2;1;1;3m  [48;2;4;2;7m[38;2;1;0;4m▊[48;2;14;12;17m[38;2;9;7;12m▌[48;2;46;44;47m[38;2;223;222;224m▅[48;2;239;237;240m[38;2;0;0;0m [48;2;250;250;252m[38;2;250;250;252m          [48;2;255;254;255m[38;2;244;242;245m▄[48;2;200;198;200m[38;2;38;36;39m▁[48;2;2;0;3m[38;2;2;0;3m    [48;2;1;1;1m[38;2;1;1;1m          [0m
[48;2;1;1;1m[38;2;1;1;1m                  [48;2;1;1;3m[38;2;1;1;3m  [48;2;2;0;3m[38;2;2;0;3m  [48;2;1;1;3m[38;2;1;1;3m  [48;2;3;1;6m[38;2;3;1;6m    [48;2;2;0;3m[38;2;2;0;3m  [48;2;1;0;2m[38;2;7;5;8m▎[48;2;20;18;21m[38;2;4;2;5m▌[48;2;220;219;221m[38;2;37;35;38m▁[48;2;245;244;246m[38;2;0;0;0m [48;2;250;250;252m[38;2;250;250;252m        [48;2;240;238;241m[38;2;0;0;0m [48;2;217;216;218m[38;2;42;40;43m▁[48;2;185;183;186m[38;2;14;13;15m▅[48;2;1;0;2m[38;2;42;40;43m [48;2;1;1;3m[38;2;1;1;3m    [48;2;1;1;1m[38;2;1;1;1m          [0m
[48;2;1;1;1m[38;2;1;1;1m                  [48;2;2;0;3m[38;2;2;0;3m    [48;2;3;1;6m[38;2;3;1;6m      [48;2;1;1;3m[38;2;1;1;3m  [48;2;1;1;1m[38;2;1;1;1m  [48;2;52;50;53m[38;2;6;4;7m▊[48;2;246;245;247m[38;2;175;173;176m▎[48;2;250;250;252m[38;2;250;250;252m        [48;2;168;163;167m[38;2;246;242;245m▊[48;2;27;22;26m[38;2;197;192;196m▁[48;2;1;1;3m[38;2;1;1;3m      [48;2;1;1;1m[38;2;1;1;1m          [0m
[48;2;4;2;10m[38;2;23;2;126m▂▂▂▂▂▂▂▂▂▂▂▂▂▂▂▂▂▂[48;2;5;3;12m[38;2;24;2;129m▂▂[48;2;4;2;10m[38;2;23;2;126m▂▂[48;2;5;3;12m[38;2;24;2;129m▂▂▂▂▂▂[48;2;5;3;11m[38;2;24;3;127m▂▂[48;2;4;2;10m[38;2;23;2;126m▂▂[48;2;16;10;29m[38;2;46;17;171m▁[48;2;222;218;224m[38;2;44;34;80m▆[48;2;249;249;251m[38;2;231;231;233m▌[38;2;255;255;255m▌[48;2;250;250;252m[38;2;250;250;252m      [48;2;255;254;255m[38;2;244;242;245m│[48;2;164;162;165m[38;2;239;237;240m▊[48;2;12;10;14m[38;2;157;150;185m▂[48;2;8;5;21m[38;2;56;30;180m▁[48;2;4;2;10m[38;2;23;2;126m▂▂[48;2;5;3;12m[38;2;24;2;129m▂▂[48;2;4;2;10m[38;2;23;2;126m▂▂▂▂▂▂▂▂▂▂[0m
[48;2;38;3;183m[38;2;38;3;183m                                [48;2;39;4;184m[38;2;39;4;184m  [48;2;228;224;240m[38;2;61;38;181m▆[48;2;249;248;244m[38;2;217;211;242m▎[48;2;250;250;252m[38;2;250;250;252m  [48;2;192;185;216m[38;2;244;241;243m▊[48;2;214;207;237m[38;2;58;37;169m▅[48;2;241;239;243m[38;2;89;72;180m▂[48;2;247;245;247m[38;2;0;0;0m [48;2;250;250;252m[38;2;250;250;252m  [48;2;139;127;189m[38;2;243;241;248m▊[48;2;31;0;188m[38;2;60;37;171m▎[48;2;38;3;183m[38;2;38;3;183m              [0m
[48;2;38;3;183m[38;2;38;3;183m                                  [48;2;35;8;174m[38;2;51;18;199m│[48;2;222;213;241m[38;2;56;27;183m▆[48;2;248;248;250m[38;2;248;248;250m  [48;2;206;198;237m[38;2;245;242;245m▊[48;2;46;23;172m[38;2;203;197;220m▂[48;2;90;72;186m[38;2;38;9;180m▊[48;2;238;234;240m[38;2;84;65;181m▂[48;2;250;250;252m[38;2;250;250;252m  [48;2;139;127;189m[38;2;243;241;248m▊[48;2;31;0;188m[38;2;60;37;171m▎[48;2;38;3;183m[38;2;38;3;183m              [0m
[48;2;38;3;185m[38;2;38;3;185m                                  [48;2;32;0;173m[38;2;41;7;182m▌[48;2;56;22;197m[38;2;38;4;179m▌[48;2;231;230;231m[38;2;66;51;173m▂[48;2;246;244;250m[38;2;0;0;0m [48;2;244;241;245m [48;2;220;218;221m[38;2;201;93;132m▂[48;2;37;3;189m[38;2;52;23;165m▎[48;2;106;83;189m[38;2;42;11;178m▊[48;2;240;233;230m[38;2;223;77;120m▂▂[48;2;211;190;212m[38;2;209;79;94m▆[48;2;43;13;161m[38;2;180;54;116m▆[48;2;38;3;185m[38;2;38;3;185m              [0m
[48;2;38;3;185m[38;2;38;3;185m                                    [48;2;105;71;171m[38;2;38;5;180m▊[48;2;225;219;224m[38;2;211;81;126m▂[48;2;237;193;192m[38;2;211;78;105m▆[48;2;178;75;91m[38;2;224;77;108m▆[48;2;59;23;164m[38;2;210;72;97m▆▆[48;2;210;68;94m[38;2;221;79;105m▄[48;2;221;79;105m[38;2;210;68;94m▄[48;2;191;65;101m[38;2;36;6;170m▂[48;2;152;68;99m[38;2;44;10;186m▆[48;2;38;3;185m[38;2;38;3;185m              [0m
[48;2;38;3;185m[38;2;38;3;185m                                  [48;2;40;9;189m[38;2;83;15;168m╺[48;2;73;20;156m[38;2;180;65;92m━[48;2;84;31;148m[38;2;237;71;97m━[48;2;205;68;99m[38;2;57;13;172m▃[48;2;192;63;106m[38;2;37;3;183m▂[48;2;203;78;111m[38;2;53;16;168m▇[48;2;204;86;108m[38;2;49;12;175m▇▇[48;2;185;69;90m[38;2;49;16;177m▇▇[48;2;38;3;185m[38;2;38;3;185m                [0m
[48;2;38;3;185m[38;2;38;3;185m                                [48;2;38;3;183m[38;2;38;3;183m  [48;2;36;7;160m[38;2;6;1;20m▂[48;2;40;11;163m[38;2;10;4;20m▆[48;2;36;13;140m[38;2;5;3;12m▆▆[48;2;35;12;139m[38;2;5;3;11m▆▆[48;2;36;13;142m[38;2;5;3;13m▆▆[48;2;36;13;140m[38;2;5;3;12m▆▆[48;2;38;15;146m[38;2;7;4;17m▆▆[48;2;38;6;169m[38;2;28;16;55m▂[48;2;33;2;174m[38;2;43;5;202m▗[48;2;38;3;185m[38;2;38;3;185m            [0m
[48;2;38;3;185m[38;2;38;3;185m                                [48;2;38;3;183m[38;2;38;3;183m  [48;2;31;23;49m[38;2;32;2;169m▆[48;2;16;8;34m[38;2;36;5;172m▂[48;2;8;3;24m[38;2;39;10;180m▂▂[48;2;8;6;11m[38;2;30;5;149m▃▃[48;2;8;3;24m[38;2;39;10;180m▂▂▂▂[48;2;9;7;15m[38;2;32;6;156m▃▃[48;2;37;16;109m[38;2;37;3;178m▆[48;2;37;1;184m[38;2;37;3;172m▘[48;2;38;3;185m[38;2;38;3;185m            [0m
[48;2;40;2;185m[38;2;40;2;185m                                                            [0m
[48;2;40;2;185m[38;2;40;2;185m                                                            [0m
