[48;2;1;1;1m[38;2;1;1;1m                                                            [0m
[48;2;1;1;1m[38;2;1;1;1m                                                            [0m
[48;2;1;1;1m[38;2;1;1;1m                                                            [0m
[48;2;1;1;1m[38;2;1;1;1m                                                      [48;2;1;1;3m[38;2;1;1;3m  [48;2;1;1;1m[38;2;1;1;1m    [0m
[48;2;1;1;1m[38;2;1;1;1m                          [48;2;3;1;6m[38;2;3;1;6m  [48;2;1;1;3m[38;2;1;1;3m  [48;2;1;1;1m[38;2;1;1;1m                      [48;2;3;1;4m[38;2;3;1;4m  [48;2;3;1;6m[38;2;3;1;6m  [48;2;2;0;3m[38;2;2;0;3m  [48;2;1;1;1m[38;2;1;1;1m  [0m
[48;2;1;1;1m[38;2;1;1;1m                        [48;2;1;1;3m[38;2;1;1;3m  [48;2;3;1;6m[38;2;3;1;6m    [48;2;2;0;3m[38;2;2;0;3m  [48;2;1;1;3m[38;2;1;1;3m  [48;2;2;0;3m[38;2;2;0;3m  [48;2;18;16;19m[38;2;0;0;0m [48;2;10;9;11m[38;2;192;190;193m▄[48;2;11;10;12m[38;2;216;214;217m▄▄[48;2;37;33;36m[38;2;239;234;238m▃[48;2;35;31;34m[38;2;223;219;222m▃[48;2;4;2;5m[38;2;4;2;5m  [48;2;1;1;1m[38;2;1;1;1m      [48;2;3;1;6m[38;2;3;1;6m      [48;2;1;1;3m[38;2;1;1;3m  [48;2;1;1;1m[38;2;1;1;1m  [0m
[48;2;1;1;1m[38;2;1;1;1m                    [48;2;3;1;6m[38;2;3;1;6m    [48;2;3;1;4m[38;2;3;1;4m  [48;2;3;1;6m[38;2;3;1;6m    [48;2;2;0;3m[38;2;2;0;3m  [48;2;3;1;6m[38;2;3;1;6m    [48;2;1;0;2m[38;2;23;21;24m╺[48;2;33;31;34m[38;2;0;0;0m [48;2;240;233;232m[38;2;203;104;133m▄[48;2;247;243;240m[38;2;0;0;0m [48;2;249;249;251m[38;2;249;249;251m  [48;2;139;134;138m[38;2;231;227;230m▊[48;2;9;4;8m[38;2;21;16;20m▎[48;2;1;1;3m[38;2;1;1;3m    [48;2;3;1;4m[38;2;3;1;4m  [48;2;3;1;6m[38;2;3;1;6m      [48;2;1;1;3m[38;2;1;1;3m  [48;2;1;1;1m[38;2;1;1;1m  [0m
[48;2;1;1;1m[38;2;1;1;1m                    [48;2;1;1;3m[38;2;1;1;3m  [48;2;3;1;6m[38;2;3;1;6m          [48;2;1;1;3m[38;2;1;1;3m  [48;2;3;1;4m[38;2;3;1;4m  [48;2;4;0;0m[38;2;12;6;8m│[48;2;37;31;33m[38;2;4;0;0m▊[48;2;237;144;162m[38;2;212;76;98m▊[48;2;239;250;251m[38;2;240;209;214m▎[48;2;250;250;252m[38;2;250;250;252m  [48;2;145;143;144m[38;2;244;242;243m▊[48;2;1;0;0m[38;2;22;20;21m▄[48;2;2;0;3m[38;2;2;0;3m  [48;2;3;1;4m[38;2;3;1;4m    [48;2;3;1;6m[38;2;3;1;6m        [48;2;3;1;4m[38;2;3;1;4m  [0m
[48;2;1;1;1m[38;2;1;1;1m                    [48;2;2;2;4m[38;2;2;2;4m  [48;2;3;1;4m[38;2;3;1;4m  [48;2;3;1;6m[38;2;3;1;6m            [48;2;3;0;2m[38;2;10;5;9m▎[48;2;23;18;22m[38;2;6;2;5m▌[48;2;213;72;106m[38;2;210;111;131m▝[48;2;235;229;219m[38;2;213;104;127m▄[48;2;249;249;251m[38;2;249;249;251m  [48;2;232;230;233m[38;2;0;0;0m [48;2;23;21;24m[38;2;202;200;203m▄[48;2;5;3;4m[38;2;46;44;45m▁▁[48;2;2;2;2m[38;2;10;10;10m▂[48;2;9;9;9m[38;2;1;1;1m▅[48;2;1;1;3m[38;2;1;1;3m    [48;2;3;1;4m[38;2;3;1;4m  [48;2;3;1;6m[38;2;3;1;6m    [48;2;1;1;3m[38;2;1;1;3m  [0m
[48;2;1;1;1m[38;2;1;1;1m                [48;2;2;0;3m[38;2;2;0;3m  [48;2;3;1;4m[38;2;3;1;4m  [48;2;2;0;3m[38;2;2;0;3m  [48;2;1;1;1m[38;2;1;1;1m  [48;2;1;1;3m[38;2;1;1;3m    [48;2;2;0;3m[38;2;2;0;3m  [48;2;3;1;6m[38;2;3;1;6m      [48;2;19;15;18m[38;2;0;0;0m [48;2;46;41;45m[38;2;227;222;226m▄[48;2;241;239;242m[38;2;252;250;253m▄▄[48;2;250;250;252m[38;2;250;250;252m    [48;2;207;205;208m[38;2;248;246;249m▇▇[48;2;223;221;224m[38;2;0;0;0m [48;2;22;21;23m[38;2;238;236;238m▄[48;2;21;19;22m[38;2;235;234;236m▄[48;2;15;14;16m[38;2;191;189;192m▄[48;2;5;3;4m[38;2;46;44;45m▁▁[48;2;1;1;1m[38;2;1;1;1m  [48;2;2;0;3m[38;2;2;0;3m  [48;2;3;1;6m[38;2;3;1;6m  [48;2;1;1;1m[38;2;1;1;1m  [0m
[48;2;1;1;1m[38;2;1;1;1m            [48;2;1;1;3m[38;2;1;1;3m  [48;2;3;1;6m[38;2;3;1;6m      [48;2;1;1;3m[38;2;1;1;3m  [48;2;1;1;1m[38;2;1;1;1m      [48;2;1;1;3m[38;2;1;1;3m    [48;2;3;1;6m[38;2;3;1;6m  [48;2;10;8;13m▚[48;2;6;4;9m[38;2;1;0;4m▌[48;2;48;47;49m[38;2;224;222;225m▄[48;2;245;243;245m[38;2;0;0;0m [48;2;250;250;252m[38;2;250;250;252m            [48;2;245;243;246m[38;2;0;0;0m [48;2;217;215;218m [48;2;18;17;17m[38;2;183;181;182m▄[48;2;1;0;0m[38;2;15;13;14m▂[48;2;1;1;1m[38;2;1;1;1m      [0m
[48;2;1;1;1m[38;2;1;1;1m            [48;2;3;1;6m[38;2;3;1;6m      [48;2;3;1;4m[38;2;3;1;4m  [48;2;1;1;3m[38;2;1;1;3m  [48;2;1;1;1m[38;2;1;1;1m    [48;2;3;1;6m[38;2;3;1;6m  [48;2;3;1;4m[38;2;3;1;4m  [48;2;1;1;1m[38;2;1;1;1m    [48;2;1;0;2m[38;2;10;8;11m▄[48;2;25;23;26m[38;2;144;142;145m▁[48;2;249;249;251m[38;2;231;231;233m▌[38;2;255;255;255m▌[48;2;250;250;252m[38;2;250;250;252m      [48;2;248;248;249m[38;2;0;0;0m [48;2;230;230;231m [48;2;219;217;220m[38;2;9;8;10m▄▄[48;2;226;224;227m[38;2;49;48;50m▄[48;2;244;242;245m[38;2;133;131;134m▁[48;2;244;244;246m[38;2;174;174;176m▁[48;2;255;255;255m[38;2;240;240;242m━[48;2;247;245;248m[38;2;0;0;0m [48;2;217;215;218m [48;2;29;27;28m[38;2;174;172;173m▄[48;2;1;0;0m[38;2;3;1;2m┓[48;2;1;1;1m[38;2;1;1;1m    [0m
[48;2;1;1;1m[38;2;1;1;1m            [48;2;1;1;3m[38;2;1;1;3m  [48;2;3;1;6m[38;2;3;1;6m  [48;2;2;0;3m[38;2;2;0;3m  [48;2;1;1;1m[38;2;1;1;1m  [48;2;3;1;6m[38;2;3;1;6m    [48;2;1;1;1m[38;2;1;1;1m      [48;2;19;6;6m[38;2;98;40;54m▁[48;2;24;19;16m[38;2;194;65;103m▄[48;2;41;12;16m[38;2;205;80;117m▄[48;2;30;26;22m[38;2;219;211;209m▅[48;2;241;241;243m[38;2;251;251;252m▄[48;2;250;250;251m[38;2;240;240;242m▃[48;2;250;250;252m[38;2;250;250;252m        [48;2;246;244;247m[38;2;246;244;247m▄[48;2;136;134;137m[38;2;249;247;250m▊[48;2;2;0;3m[38;2;2;0;3m  [48;2;1;1;3m[38;2;1;1;3m  [48;2;33;31;32m[38;2;0;0;0m [48;2;214;212;213m[38;2;55;53;54m▄[48;2;245;245;246m[38;2;156;156;158m▁[48;2;246;246;248m[38;2;0;0;0m [48;2;218;213;215m [48;2;53;48;49m[38;2;215;209;211m▖[48;2;1;1;1m[38;2;1;1;1m    [0m
[48;2;1;1;1m[38;2;1;1;1m              [48;2;2;0;3m[38;2;2;0;3m  [48;2;1;1;3m[38;2;1;1;3m    [48;2;3;1;6m[38;2;3;1;6m  [48;2;3;1;4m[38;2;3;1;4m  [48;2;1;1;3m[38;2;1;1;3m  [48;2;1;1;1m[38;2;1;1;1m    [48;2;185;66;93m[38;2;59;49;39m▁[48;2;211;67;102m[38;2;38;13;12m▅[48;2;194;81;114m[38;2;30;8;10m▅[48;2;226;215;215m[38;2;23;17;16m▅[48;2;231;229;232m[38;2;20;18;21m▅▅[48;2;236;234;237m[38;2;44;42;45m▅[48;2;249;247;249m[38;2;208;207;209m▎[48;2;247;247;248m[38;2;0;0;0m [48;2;240;240;241m[38;2;118;118;120m▁[48;2;245;243;246m[38;2;91;89;92m▁▁▁▁[48;2;225;221;224m[38;2;82;77;81m▁[48;2;201;197;201m[38;2;28;24;27m▅[48;2;3;1;6m[38;2;3;1;6m    [48;2;1;1;1m[38;2;1;1;1m  [48;2;34;35;33m[38;2;0;0;0m [48;2;181;161;168m[38;2;57;32;39m┓[48;2;238;189;190m[38;2;206;74;103m▅[48;2;35;19;11m[38;2;170;57;79m▊[48;2;1;1;1m[38;2;1;1;1m    [0m
[48;2;1;1;1m[38;2;1;1;1m                [48;2;3;1;4m[38;2;3;1;4m  [48;2;3;1;6m[38;2;3;1;6m  [48;2;2;0;3m[38;2;2;0;3m  [48;2;3;1;6m[38;2;3;1;6m  [48;2;2;0;3m[38;2;2;0;3m  [48;2;1;1;1m[38;2;1;1;1m    [48;2;2;0;5m[38;2;2;0;5m  [48;2;1;1;1m[38;2;1;1;1m  [48;2;1;1;3m[38;2;1;1;3m  [48;2;3;0;2m[38;2;6;1;5m▄[48;2;216;212;215m[38;2;70;65;69m▅[48;2;210;204;208m[38;2;69;63;67m▅[48;2;36;31;34m[38;2;187;181;185m▁[48;2;19;17;20m[38;2;229;227;230m▅▅[48;2;20;18;21m[38;2;230;228;231m▅▅[48;2;19;14;18m[38;2;206;201;205m▅[48;2;18;14;17m[38;2;146;141;145m▁[48;2;2;0;3m[38;2;2;0;3m  [48;2;1;1;3m[38;2;1;1;3m  [48;2;1;1;1m[38;2;1;1;1m  [48;2;0;12;4m[38;2;8;5;4m▅[48;2;10;1;2m[38;2;71;32;43m▝[48;2;153;45;73m[38;2;65;27;31m▆[48;2;41;18;17m[38;2;176;64;92m▖[48;2;1;1;1m[38;2;1;1;1m    [0m
[48;2;1;1;1m[38;2;1;1;1m                    [48;2;0;0;0m[38;2;0;0;0m  [48;2;1;1;3m[38;2;1;1;3m  [48;2;1;1;1m[38;2;1;1;1m    [48;2;2;0;3m[38;2;2;0;3m  [48;2;1;1;3m[38;2;1;1;3m  [48;2;3;1;4m[38;2;3;1;4m  [48;2;6;5;7m[38;2;0;0;0m [48;2;15;14;16m [48;2;46;44;47m[38;2;223;221;224m▅[48;2;243;241;243m[38;2;0;0;0m [48;2;250;250;252m[38;2;250;250;252m      [48;2;255;254;255m[38;2;252;250;253m▄[48;2;126;124;127m[38;2;244;242;245m▊[48;2;2;0;3m[38;2;2;0;3m  [48;2;1;1;1m[38;2;1;1;1m            [0m
[48;2;1;1;1m[38;2;1;1;1m                        [48;2;1;1;3m[38;2;1;1;3m  [48;2;3;1;6m[38;2;3;1;6m  [48;2;2;0;3m[38;2;2;0;3m    [48;2;3;1;6m[38;2;3;1;6m  [48;2;1;0;0m[38;2;12;10;11m│[48;2;77;75;76m[38;2;7;5;6m▊[48;2;255;254;255m[38;2;237;235;238m▌[48;2;253;251;253m[38;2;245;243;246m┃[48;2;250;250;252m[38;2;250;250;252m      [48;2;246;244;247m[38;2;246;244;247m▄[48;2;136;134;137m[38;2;249;247;250m▊[48;2;2;0;3m[38;2;2;0;3m  [48;2;1;1;1m[38;2;1;1;1m            [0m
[48;2;1;1;1m[38;2;1;1;1m                    [48;2;2;0;3m[38;2;2;0;3m  [48;2;1;1;1m[38;2;1;1;1m  [48;2;3;1;6m[38;2;3;1;6m    [48;2;1;1;3m[38;2;1;1;3m  [48;2;2;0;3m[38;2;2;0;3m  [48;2;1;1;3m[38;2;1;1;3m  [48;2;1;0;0m[38;2;12;10;11m│[48;2;77;75;76m[38;2;7;5;6m▊[48;2;255;254;255m[38;2;237;235;238m▌[48;2;253;251;253m[38;2;245;243;246m┃[48;2;250;250;252m[38;2;250;250;252m      [48;2;255;254;255m[38;2;254;252;255m▄[48;2;210;208;211m[38;2;86;84;87m▂[48;2;2;0;3m[38;2;2;0;3m    [48;2;1;1;1m[38;2;1;1;1m          [0m
[48;2;1;1;1m[38;2;1;1;1m                  [48;2;1;1;3m[38;2;1;1;3m  [48;2;2;0;3m[38;2;2;0;3m  [48;2;1;1;3m[38;2;1;1;3m  [48;2;3;1;6m[38;2;3;1;6m    [48;2;2;0;3m[38;2;2;0;3m  [48;2;1;1;3m[38;2;1;1;3m  [48;2;1;1;1m[38;2;1;1;1m  [48;2;1;0;0m[38;2;13;11;12m│[48;2;78;76;77m[38;2;7;6;6m▊[48;2;255;254;255m[38;2;237;235;238m▌[48;2;253;251;253m[38;2;245;243;246m┃[48;2;250;250;252m[38;2;250;250;252m      [48;2;121;119;122m[38;2;243;241;244m▊[48;2;1;0;2m[38;2;23;21;24m▎[48;2;1;1;3m[38;2;1;1;3m    [48;2;1;1;1m[38;2;1;1;1m          [0m
[48;2;1;1;1m[38;2;1;1;1m                  [48;2;2;0;3m[38;2;2;0;3m    [48;2;3;1;6m[38;2;3;1;6m      [48;2;1;1;3m[38;2;1;1;3m  [48;2;1;1;1m[38;2;1;1;1m    [48;2;1;0;0m[38;2;12;10;11m│[48;2;77;75;76m[38;2;7;5;6m▊[48;2;255;254;255m[38;2;237;235;238m▌[48;2;253;251;253m[38;2;245;243;246m┃[48;2;250;250;252m[38;2;250;250;252m    [48;2;251;250;252m[38;2;239;237;240m▎[48;2;184;182;185m[38;2;245;244;246m▊[48;2;178;176;179m[38;2;18;16;19m▅[48;2;9;7;10m[38;2;1;0;2m┫[48;2;1;1;3m[38;2;1;1;3m    [48;2;1;1;1m[38;2;1;1;1m          [0m
[48;2;4;2;10m[38;2;23;2;126m▂▂▂▂▂▂▂▂▂▂▂▂▂▂▂▂▂▂[48;2;5;3;12m[38;2;24;2;129m▂▂[48;2;4;2;10m[38;2;23;2;126m▂▂[48;2;5;3;12m[38;2;24;2;129m▂▂▂▂▂▂[48;2;5;3;11m[38;2;24;3;127m▂▂[48;2;4;2;10m[38;2;23;2;126m▂▂▂▂[48;2;3;1;9m[38;2;28;7;131m▂[48;2;15;12;19m[38;2;25;3;128m▂[48;2;226;220;239m[38;2;52;45;78m▆[48;2;247;245;247m[38;2;225;221;234m▎[48;2;250;250;252m[38;2;250;250;252m    [48;2;242;240;241m[38;2;0;0;0m [48;2;219;217;221m[38;2;86;70;167m▂[48;2;6;3;13m[38;2;25;3;130m▂▂[48;2;4;2;10m[38;2;23;2;126m▂▂[48;2;5;3;12m[38;2;24;2;129m▂▂[48;2;4;2;10m[38;2;23;2;126m▂▂▂▂▂▂▂▂▂▂[0m
[48;2;38;3;183m[38;2;38;3;183m                                    [48;2;88;70;169m[38;2;38;7;188m▊[48;2;252;251;247m[38;2;204;198;224m▎[48;2;250;250;252m[38;2;250;250;252m    [48;2;162;148;209m[38;2;250;245;250m▊[48;2;41;6;195m[38;2;34;9;162m▌[48;2;38;3;183m[38;2;38;3;183m                [0m
[48;2;38;3;183m[38;2;38;3;183m                                    [48;2;98;80;179m[38;2;36;6;186m▊[48;2;249;247;246m[38;2;215;209;235m▎[48;2;250;250;252m[38;2;250;250;252m    [48;2;183;174;217m[38;2;248;245;252m▊[48;2;42;18;172m[38;2;198;191;218m▂[48;2;38;3;183m[38;2;38;3;183m                [0m
[48;2;38;3;185m[38;2;38;3;185m                                    [48;2;88;70;169m[38;2;38;7;188m▊[48;2;252;251;247m[38;2;204;198;224m▎[48;2;250;250;252m[38;2;250;250;252m    [48;2;251;251;249m[38;2;242;243;237m│[48;2;153;149;176m[38;2;244;241;254m▊[48;2;38;3;183m[38;2;38;3;183m  [48;2;38;3;185m[38;2;38;3;185m              [0m
[48;2;38;3;185m[38;2;38;3;185m                                  [48;2;32;0;175m[38;2;41;6;184m▌[48;2;56;21;199m[38;2;38;4;181m▌[48;2;86;71;164m[38;2;236;234;241m▆[48;2;245;244;249m[38;2;0;0;0m [48;2;241;241;243m[38;2;251;251;252m▄[48;2;250;250;251m[38;2;240;240;242m▃[48;2;232;231;236m[38;2;52;30;174m▂[48;2;238;237;242m[38;2;78;55;200m▂[48;2;250;250;251m[38;2;240;240;242m▃[48;2;241;241;243m[38;2;251;251;252m▄[48;2;69;45;173m[38;2;210;202;225m▆[48;2;44;10;199m[38;2;33;10;157m▖[48;2;38;3;185m[38;2;38;3;185m              [0m
[48;2;38;3;185m[38;2;38;3;185m                                  [48;2;49;11;208m[38;2;38;3;184m▊[48;2;82;54;190m[38;2;35;5;172m▊[48;2;250;250;251m[38;2;232;232;234m▌[48;2;250;250;252m[38;2;255;255;255m▌[48;2;242;241;244m[38;2;0;0;0m [48;2;213;209;229m[38;2;51;32;173m▂[48;2;43;6;198m[38;2;39;6;181m▊[48;2;105;78;209m[38;2;41;10;174m▊[48;2;244;235;237m[38;2;201;66;89m▂▂[48;2;206;198;216m[38;2;196;85;138m▂[48;2;37;5;188m[38;2;57;23;155m▎[48;2;38;3;185m[38;2;38;3;185m              [0m
[48;2;38;3;185m[38;2;38;3;185m                                [48;2;38;3;183m[38;2;38;3;183m  [48;2;41;11;171m[38;2;14;4;38m▃[48;2;48;26;136m[38;2;18;12;30m▆[48;2;235;214;203m[38;2;213;74;103m▆▆[48;2;215;186;204m[38;2;196;73;90m▆[48;2;47;12;62m[38;2;197;68;114m▂[48;2;43;11;148m[38;2;14;12;11m▆[48;2;46;22;159m[38;2;97;30;50m▆[48;2;210;68;94m[38;2;221;79;105m▄[48;2;221;79;105m[38;2;210;68;94m▄[48;2;189;68;100m[38;2;42;25;28m▃[48;2;41;8;168m[38;2;16;3;28m▂[48;2;38;3;185m[38;2;38;3;185m              [0m
[48;2;38;3;185m[38;2;38;3;185m                                [48;2;38;3;183m[38;2;38;3;183m  [48;2;24;16;42m[38;2;35;4;172m▆[48;2;18;10;36m[38;2;29;1;164m▂[48;2;148;47;76m[38;2;28;10;82m▆▆[48;2;147;46;75m[38;2;27;9;82m▆▆[48;2;19;10;27m[38;2;44;14;179m▂[48;2;135;45;70m[38;2;26;7;80m▆[48;2;147;47;73m[38;2;27;9;80m▆▆[48;2;17;7;45m[38;2;37;4;180m▂[48;2;32;18;83m[38;2;33;2;168m▆[48;2;38;3;185m[38;2;38;3;185m              [0m
[48;2;40;2;185m[38;2;40;2;185m                                                            [0m
[48;2;40;2;185m[38;2;40;2;185m                                                            [0m
