[48;2;1;1;1m[38;2;1;1;1m                                                            [0m
[48;2;1;1;1m[38;2;1;1;1m                                                            [0m
[48;2;1;1;1m[38;2;1;1;1m                                                            [0m
[48;2;1;1;1m[38;2;1;1;1m                                                      [48;2;1;1;3m[38;2;1;1;3m  [48;2;1;1;1m[38;2;1;1;1m    [0m
[48;2;1;1;1m[38;2;1;1;1m                          [48;2;3;1;6m[38;2;3;1;6m  [48;2;1;1;3m[38;2;1;1;3m  [48;2;1;1;1m[38;2;1;1;1m                      [48;2;3;1;4m[38;2;3;1;4m  [48;2;3;1;6m[38;2;3;1;6m  [48;2;2;0;3m[38;2;2;0;3m  [48;2;1;1;1m[38;2;1;1;1m  [0m
[48;2;1;1;1m[38;2;1;1;1m                        [48;2;1;1;3m[38;2;1;1;3m  [48;2;3;1;6m[38;2;3;1;6m    [48;2;2;0;3m[38;2;2;0;3m  [48;2;1;1;3m[38;2;1;1;3m  [48;2;2;0;3m[38;2;2;0;3m  [48;2;1;1;3m[38;2;1;1;3m  [48;2;15;13;16m[38;2;0;0;0m [48;2;16;14;17m[38;2;201;199;201m▄[48;2;37;33;36m[38;2;239;234;238m▃[48;2;35;31;34m[38;2;223;219;222m▃[48;2;4;2;5m[38;2;4;2;5m  [48;2;1;1;1m[38;2;1;1;1m      [48;2;3;1;6m[38;2;3;1;6m      [48;2;1;1;3m[38;2;1;1;3m  [48;2;1;1;1m[38;2;1;1;1m  [0m
[48;2;1;1;1m[38;2;1;1;1m                    [48;2;3;1;6m[38;2;3;1;6m    [48;2;3;1;4m[38;2;3;1;4m  [48;2;3;1;6m[38;2;3;1;6m    [48;2;2;0;3m[38;2;2;0;3m  [48;2;3;1;6m[38;2;3;1;6m    [48;2;1;0;2m[38;2;7;5;8m│[48;2;88;86;89m[38;2;11;9;12m▊[48;2;163;161;164m[38;2;236;234;236m▇[48;2;250;248;250m[38;2;235;233;236m╺[48;2;249;249;251m[38;2;249;249;251m  [48;2;139;134;138m[38;2;231;227;230m▊[48;2;9;4;8m[38;2;21;16;20m▎[48;2;1;1;3m[38;2;1;1;3m    [48;2;3;1;4m[38;2;3;1;4m  [48;2;3;1;6m[38;2;3;1;6m      [48;2;1;1;3m[38;2;1;1;3m  [48;2;1;1;1m[38;2;1;1;1m  [0m
[48;2;1;1;1m[38;2;1;1;1m                    [48;2;1;1;3m[38;2;1;1;3m  [48;2;3;1;6m[38;2;3;1;6m          [48;2;1;1;3m[38;2;1;1;3m  [48;2;3;1;4m[38;2;3;1;4m  [48;2;2;0;1m[38;2;10;8;9m│[48;2;99;97;98m[38;2;9;7;8m▊[48;2;255;254;255m[38;2;237;235;238m▌[48;2;253;251;253m[38;2;245;243;246m┃[48;2;250;250;252m[38;2;250;250;252m  [48;2;145;143;144m[38;2;244;242;243m▊[48;2;1;0;0m[38;2;22;20;21m▄[48;2;2;0;3m[38;2;2;0;3m  [48;2;3;1;4m[38;2;3;1;4m    [48;2;3;1;6m[38;2;3;1;6m        [48;2;3;1;4m[38;2;3;1;4m  [0m
[48;2;1;1;1m[38;2;1;1;1m                    [48;2;2;2;4m[38;2;2;2;4m  [48;2;3;1;4m[38;2;3;1;4m  [48;2;3;1;6m[38;2;3;1;6m            [48;2;3;0;2m[38;2;12;7;11m▌[48;2;25;20;24m[38;2;7;3;6m▌[48;2;220;113;134m[38;2;197;79;95m▌[48;2;245;247;250m[38;2;253;222;228m▎[48;2;250;250;252m[38;2;250;250;252m  [48;2;233;232;234m[38;2;0;0;0m [48;2;29;27;30m[38;2;224;222;225m▄[48;2;13;11;14m[38;2;198;196;199m▄[48;2;1;0;2m[38;2;67;65;68m [48;2;1;0;0m[38;2;44;42;43m▁▁[48;2;1;1;3m[38;2;1;1;3m    [48;2;3;1;4m[38;2;3;1;4m  [48;2;3;1;6m[38;2;3;1;6m    [48;2;1;1;3m[38;2;1;1;3m  [0m
[48;2;1;1;1m[38;2;1;1;1m                [48;2;2;0;3m[38;2;2;0;3m  [48;2;3;1;4m[38;2;3;1;4m  [48;2;2;0;3m[38;2;2;0;3m  [48;2;1;1;1m[38;2;1;1;1m  [48;2;1;1;3m[38;2;1;1;3m    [48;2;2;0;3m[38;2;2;0;3m  [48;2;3;1;6m[38;2;3;1;6m    [48;2;8;6;11m[38;2;0;0;0m [48;2;14;12;17m[38;2;51;49;54m▁[48;2;46;44;47m[38;2;233;231;234m▄[48;2;183;181;184m[38;2;240;239;241m▇[48;2;249;249;251m[38;2;249;249;251m  [48;2;250;250;252m[38;2;250;250;252m    [48;2;241;241;243m[38;2;252;252;253m▄▄[48;2;202;200;203m[38;2;245;243;245m▇[48;2;222;220;223m[38;2;0;0;0m [48;2;21;19;22m[38;2;235;234;236m▄[48;2;15;14;16m[38;2;191;189;192m▄[48;2;1;1;1m[38;2;17;17;17m▃[48;2;3;3;3m[38;2;6;6;6m▖[48;2;1;1;1m[38;2;1;1;1m  [48;2;2;0;3m[38;2;2;0;3m  [48;2;3;1;6m[38;2;3;1;6m  [48;2;1;1;1m[38;2;1;1;1m  [0m
[48;2;1;1;1m[38;2;1;1;1m            [48;2;1;1;3m[38;2;1;1;3m  [48;2;3;1;6m[38;2;3;1;6m      [48;2;1;1;3m[38;2;1;1;3m  [48;2;1;1;1m[38;2;1;1;1m      [48;2;7;2;6m[38;2;7;2;6m  [48;2;7;3;4m[38;2;7;3;4m  [48;2;3;1;6m[38;2;3;1;6m  [48;2;26;21;25m[38;2;107;102;106m▁[48;2;245;241;245m[38;2;196;191;195m▎[48;2;250;250;252m[38;2;250;250;252m              [48;2;219;217;219m[38;2;0;0;0m [48;2;25;23;26m[38;2;242;240;242m▄[48;2;18;17;17m[38;2;183;181;182m▄[48;2;1;0;0m[38;2;15;13;14m▂[48;2;1;1;1m[38;2;1;1;1m      [0m
[48;2;1;1;1m[38;2;1;1;1m            [48;2;3;1;6m[38;2;3;1;6m      [48;2;3;1;4m[38;2;3;1;4m  [48;2;1;1;3m[38;2;1;1;3m  [48;2;1;1;1m[38;2;1;1;1m    [48;2;3;1;6m[38;2;3;1;6m  [48;2;29;9;18m[38;2;0;2;3m┃[48;2;189;63;84m[38;2;105;37;48m▎[48;2;192;87;118m[38;2;243;233;233m▄[48;2;54;40;41m[38;2;241;235;234m▄[48;2;28;26;29m[38;2;245;243;245m▄[48;2;46;44;47m[38;2;246;245;247m▄[48;2;229;229;231m[38;2;250;250;251m▄[48;2;251;251;252m[38;2;0;0;0m [48;2;250;250;252m[38;2;250;250;252m        [48;2;249;249;251m[38;2;249;249;251m  [48;2;223;222;224m[38;2;105;103;106m▁[48;2;221;219;222m[38;2;10;9;11m▄[48;2;224;220;223m[38;2;13;9;12m▄[48;2;229;224;228m[38;2;56;52;55m▄[48;2;247;245;248m[38;2;147;145;148m▁[48;2;246;244;246m[38;2;163;161;164m▁[48;2;247;245;248m[38;2;0;0;0m [48;2;217;215;218m [48;2;29;27;28m[38;2;174;172;173m▄[48;2;1;0;0m[38;2;3;1;2m┓[48;2;1;1;1m[38;2;1;1;1m    [0m
[48;2;1;1;1m[38;2;1;1;1m            [48;2;1;1;3m[38;2;1;1;3m  [48;2;3;1;6m[38;2;3;1;6m  [48;2;2;0;3m[38;2;2;0;3m  [48;2;1;1;1m[38;2;1;1;1m  [48;2;3;1;6m[38;2;3;1;6m    [48;2;1;1;1m[38;2;1;1;1m      [48;2;214;209;213m[38;2;37;32;36m▅[48;2;237;233;236m[38;2;105;100;104m▁[48;2;249;249;251m[38;2;249;249;251m  [48;2;245;244;246m[38;2;0;0;0m [48;2;236;235;237m[38;2;126;124;127m▁[48;2;242;240;242m[38;2;57;55;58m▅[48;2;248;246;249m[38;2;212;210;213m▎[48;2;250;250;252m[38;2;250;250;252m      [48;2;246;244;247m[38;2;246;244;247m▄[48;2;136;134;137m[38;2;249;247;250m▊[48;2;2;0;3m[38;2;2;0;3m  [48;2;1;1;3m[38;2;1;1;3m  [48;2;5;4;6m[38;2;0;0;0m [48;2;32;31;33m [48;2;221;219;222m[38;2;65;63;66m▄[48;2;242;240;242m[38;2;157;155;158m▁[48;2;218;213;215m[38;2;0;0;0m [48;2;53;48;49m[38;2;215;209;211m▖[48;2;1;1;1m[38;2;1;1;1m    [0m
[48;2;1;1;1m[38;2;1;1;1m              [48;2;2;0;3m[38;2;2;0;3m  [48;2;1;1;3m[38;2;1;1;3m    [48;2;3;1;6m[38;2;3;1;6m  [48;2;3;1;4m[38;2;3;1;4m  [48;2;1;1;3m[38;2;1;1;3m  [48;2;1;1;1m[38;2;1;1;1m    [48;2;5;3;8m[38;2;5;3;8m  [48;2;223;221;224m[38;2;21;19;22m▅[48;2;255;254;255m[38;2;1;0;2m▅[48;2;212;210;213m[38;2;20;18;21m▅[48;2;1;0;2m[38;2;12;10;13m▘[48;2;60;58;61m[38;2;8;6;9m▊[48;2;231;230;232m[38;2;131;129;132m▁[48;2;250;250;252m[38;2;250;250;252m    [48;2;248;248;250m[38;2;248;248;250m  [48;2;224;220;223m[38;2;81;76;80m▁[48;2;201;197;200m[38;2;28;23;27m▅[48;2;3;1;6m[38;2;3;1;6m    [48;2;1;1;1m[38;2;1;1;1m  [48;2;7;6;4m[38;2;0;0;0m [48;2;170;121;138m[38;2;32;18;22m▊[48;2;217;97;121m[38;2;244;216;210m▘[48;2;100;33;40m[38;2;216;64;99m▌[48;2;8;4;5m[38;2;42;38;39m▂[48;2;3;0;0m[38;2;4;0;1m▄[48;2;1;1;1m[38;2;1;1;1m  [0m
[48;2;1;1;1m[38;2;1;1;1m                [48;2;3;1;4m[38;2;3;1;4m  [48;2;3;1;6m[38;2;3;1;6m  [48;2;2;0;3m[38;2;2;0;3m  [48;2;3;1;6m[38;2;3;1;6m  [48;2;2;0;3m[38;2;2;0;3m  [48;2;1;1;1m[38;2;1;1;1m    [48;2;3;1;6m[38;2;3;1;6m  [48;2;1;1;1m[38;2;1;1;1m  [48;2;1;1;3m[38;2;1;1;3m  [48;2;22;18;21m[38;2;0;0;0m [48;2;48;43;47m[38;2;202;197;201m▅[48;2;227;221;223m[38;2;75;69;71m▅▅[48;2;231;228;229m[38;2;68;64;65m▅▅[48;2;230;225;227m[38;2;72;67;68m▅[48;2;207;201;203m[38;2;87;81;83m▅[48;2;20;16;19m[38;2;203;199;203m▅[48;2;20;15;19m[38;2;136;131;135m▁[48;2;2;0;3m[38;2;2;0;3m  [48;2;1;1;3m[38;2;1;1;3m  [48;2;1;1;1m[38;2;1;1;1m  [48;2;0;12;4m[38;2;8;5;4m▅[48;2;10;1;2m[38;2;71;32;43m▝[48;2;194;69;96m[38;2;68;24;26m▅[48;2;199;65;94m[38;2;63;27;23m▗[48;2;26;11;11m[38;2;168;45;82m▘[48;2;3;4;0m[38;2;0;0;0m [48;2;1;1;1m[38;2;1;1;1m  [0m
[48;2;1;1;1m[38;2;1;1;1m                    [48;2;0;0;0m[38;2;0;0;0m  [48;2;1;1;3m[38;2;1;1;3m  [48;2;1;1;1m[38;2;1;1;1m    [48;2;2;0;3m[38;2;2;0;3m  [48;2;1;1;3m[38;2;1;1;3m  [48;2;3;1;4m[38;2;3;1;4m    [48;2;35;33;36m[38;2;166;164;167m▁[48;2;245;244;246m[38;2;212;210;213m▎[48;2;249;249;251m[38;2;249;249;251m    [48;2;250;250;252m[38;2;250;250;252m  [48;2;255;254;255m[38;2;252;250;253m▄[48;2;126;124;127m[38;2;244;242;245m▊[48;2;2;0;3m[38;2;2;0;3m  [48;2;1;1;1m[38;2;1;1;1m            [0m
[48;2;1;1;1m[38;2;1;1;1m                        [48;2;1;1;3m[38;2;1;1;3m  [48;2;3;1;6m[38;2;3;1;6m  [48;2;2;0;3m[38;2;2;0;3m    [48;2;3;1;6m[38;2;3;1;6m  [48;2;1;0;0m[38;2;12;10;11m│[48;2;77;75;76m[38;2;7;5;6m▊[48;2;255;254;255m[38;2;237;235;238m▌[48;2;253;251;253m[38;2;245;243;246m┃[48;2;250;250;252m[38;2;250;250;252m      [48;2;246;244;247m[38;2;246;244;247m▄[48;2;136;134;137m[38;2;249;247;250m▊[48;2;2;0;3m[38;2;2;0;3m  [48;2;1;1;1m[38;2;1;1;1m            [0m
[48;2;1;1;1m[38;2;1;1;1m                    [48;2;2;0;3m[38;2;2;0;3m  [48;2;1;1;1m[38;2;1;1;1m  [48;2;3;1;6m[38;2;3;1;6m    [48;2;1;1;3m[38;2;1;1;3m  [48;2;2;0;3m[38;2;2;0;3m  [48;2;1;1;3m[38;2;1;1;3m  [48;2;1;0;0m[38;2;12;10;11m│[48;2;77;75;76m[38;2;7;5;6m▊[48;2;255;254;255m[38;2;237;235;238m▌[48;2;253;251;253m[38;2;245;243;246m┃[48;2;250;250;252m[38;2;250;250;252m      [48;2;177;172;176m[38;2;244;240;244m▊[48;2;190;185;189m[38;2;25;20;24m▅[48;2;1;1;3m[38;2;1;1;3m  [48;2;2;0;3m[38;2;2;0;3m  [48;2;1;1;1m[38;2;1;1;1m          [0m
[48;2;1;1;1m[38;2;1;1;1m                  [48;2;1;1;3m[38;2;1;1;3m  [48;2;2;0;3m[38;2;2;0;3m  [48;2;1;1;3m[38;2;1;1;3m  [48;2;3;1;6m[38;2;3;1;6m    [48;2;2;0;3m[38;2;2;0;3m  [48;2;1;1;3m[38;2;1;1;3m  [48;2;1;1;1m[38;2;1;1;1m  [48;2;1;0;0m[38;2;13;11;12m│[48;2;78;76;77m[38;2;7;6;6m▊[48;2;255;254;255m[38;2;237;235;238m▌[48;2;253;251;253m[38;2;245;243;246m┃[48;2;250;250;252m[38;2;250;250;252m    [48;2;241;241;243m[38;2;251;251;252m▄[48;2;250;250;251m[38;2;240;240;242m▃[48;2;198;194;195m[38;2;41;37;38m▁[48;2;7;3;4m[38;2;30;26;27m▎[48;2;1;1;3m[38;2;1;1;3m    [48;2;1;1;1m[38;2;1;1;1m          [0m
[48;2;1;1;1m[38;2;1;1;1m                  [48;2;2;0;3m[38;2;2;0;3m    [48;2;3;1;6m[38;2;3;1;6m      [48;2;1;1;3m[38;2;1;1;3m  [48;2;1;1;1m[38;2;1;1;1m    [48;2;0;0;2m[38;2;5;5;7m▂[48;2;6;6;8m[38;2;19;19;21m▝[48;2;203;201;204m[38;2;31;29;32m▅[48;2;248;246;248m[38;2;221;219;221m▎[48;2;250;250;252m[38;2;250;250;252m    [48;2;252;250;252m[38;2;244;242;245m┃[48;2;152;150;153m[38;2;243;242;244m▊[48;2;5;3;6m[38;2;5;3;6m  [48;2;1;1;3m[38;2;1;1;3m    [48;2;1;1;1m[38;2;1;1;1m          [0m
[48;2;4;2;10m[38;2;23;2;126m▂▂▂▂▂▂▂▂▂▂▂▂▂▂▂▂▂▂[48;2;5;3;12m[38;2;24;2;129m▂▂[48;2;4;2;10m[38;2;23;2;126m▂▂[48;2;5;3;12m[38;2;24;2;129m▂▂▂▂▂▂[48;2;5;3;11m[38;2;24;3;127m▂▂[48;2;4;2;10m[38;2;23;2;126m▂▂▂▂▂▂[48;2;25;23;35m[38;2;42;26;119m▂[48;2;250;248;250m[38;2;205;201;217m▎[48;2;250;250;252m[38;2;250;250;252m    [48;2;186;179;198m[38;2;242;237;241m▊[48;2;208;203;210m[38;2;45;35;79m▆[48;2;5;3;12m[38;2;24;2;129m▂▂[48;2;4;2;10m[38;2;23;2;126m▂▂[48;2;5;3;12m[38;2;24;2;129m▂▂[48;2;4;2;10m[38;2;23;2;126m▂▂▂▂▂▂▂▂▂▂[0m
[48;2;38;3;183m[38;2;38;3;183m                                    [48;2;88;70;169m[38;2;38;7;188m▊[48;2;252;251;247m[38;2;204;198;224m▎[48;2;250;250;252m[38;2;250;250;252m    [48;2;162;148;209m[38;2;250;245;250m▊[48;2;41;6;195m[38;2;34;9;162m▌[48;2;38;3;183m[38;2;38;3;183m                [0m
[48;2;38;3;183m[38;2;38;3;183m                                    [48;2;98;80;179m[38;2;36;6;186m▊[48;2;249;247;246m[38;2;215;209;235m▎[48;2;250;250;252m[38;2;250;250;252m    [48;2;241;240;245m[38;2;0;0;0m [48;2;45;29;170m[38;2;212;208;230m▆[48;2;38;3;183m[38;2;38;3;183m                [0m
[48;2;38;3;185m[38;2;38;3;185m                                    [48;2;88;70;169m[38;2;38;7;188m▊[48;2;252;251;247m[38;2;204;198;224m▎[48;2;250;250;252m[38;2;250;250;252m    [48;2;237;236;242m[38;2;251;250;253m▊[48;2;193;192;198m[38;2;243;242;247m▊[48;2;46;15;178m[38;2;203;191;229m▂[48;2;34;5;174m[38;2;44;9;203m▗[48;2;38;3;185m[38;2;38;3;185m              [0m
[48;2;38;3;185m[38;2;38;3;185m                                  [48;2;39;4;184m[38;2;39;4;184m  [48;2;67;43;185m[38;2;224;220;235m▂[48;2;247;247;241m[38;2;227;221;248m▎[48;2;241;241;243m[38;2;251;251;252m▄[48;2;250;250;251m[38;2;240;240;242m▃[48;2;237;237;237m[38;2;75;56;180m▂[48;2;246;244;248m[38;2;0;0;0m [48;2;250;250;252m[38;2;250;250;252m  [48;2;138;126;188m[38;2;243;240;247m▊[48;2;30;0;187m[38;2;59;36;170m▎[48;2;38;3;185m[38;2;38;3;185m              [0m
[48;2;38;3;185m[38;2;38;3;185m                                  [48;2;49;11;208m[38;2;38;3;184m▊[48;2;82;54;190m[38;2;35;5;172m▊[48;2;250;250;251m[38;2;232;232;234m▌[48;2;250;250;252m[38;2;255;255;255m▌[48;2;242;241;244m[38;2;0;0;0m [48;2;213;209;229m[38;2;51;32;173m▂[48;2;47;15;186m[38;2;0;0;0m [48;2;196;185;227m[38;2;57;32;179m▆[48;2;239;231;241m[38;2;65;34;154m▂[48;2;235;234;229m[38;2;196;72;92m▂[48;2;206;198;216m[38;2;196;85;138m▂[48;2;37;5;188m[38;2;57;23;155m▎[48;2;38;3;185m[38;2;38;3;185m              [0m
[48;2;38;3;185m[38;2;38;3;185m                                [48;2;38;3;183m[38;2;38;3;183m  [48;2;41;11;171m[38;2;14;4;38m▃[48;2;48;26;136m[38;2;18;12;30m▆[48;2;235;214;203m[38;2;213;74;103m▆▆[48;2;215;186;204m[38;2;196;73;90m▆[48;2;47;12;62m[38;2;197;68;114m▂[48;2;39;3;145m[38;2;17;13;14m▆[48;2;48;14;73m[38;2;194;67;99m▂[48;2;115;42;141m[38;2;213;75;99m▆[48;2;215;74;100m[38;2;0;0;0m [48;2;166;59;78m[38;2;210;68;102m▊[48;2;117;45;116m[38;2;98;31;67m▄[48;2;38;3;185m[38;2;38;3;185m              [0m
[48;2;38;3;185m[38;2;38;3;185m                                [48;2;38;3;183m[38;2;38;3;183m  [48;2;24;16;42m[38;2;35;4;172m▆[48;2;18;10;36m[38;2;29;1;164m▂[48;2;148;47;76m[38;2;28;10;82m▆▆[48;2;147;46;75m[38;2;27;9;82m▆▆[48;2;19;10;27m[38;2;44;14;179m▂[48;2;135;45;70m[38;2;26;7;80m▆[48;2;168;49;82m[38;2;25;10;82m▆▆[48;2;56;21;61m[38;2;47;1;174m▂[48;2;36;20;83m[38;2;39;8;171m▆[48;2;38;3;185m[38;2;38;3;185m              [0m
[48;2;40;2;185m[38;2;40;2;185m                                                            [0m
[48;2;40;2;185m[38;2;40;2;185m                                                            [0m
