[48;2;1;1;1m[38;2;1;1;1m                                                            [0m
[48;2;1;1;1m[38;2;1;1;1m                                                            [0m
[48;2;1;1;1m[38;2;1;1;1m                                                            [0m
[48;2;1;1;1m[38;2;1;1;1m                                                      [48;2;1;1;3m[38;2;1;1;3m  [48;2;1;1;1m[38;2;1;1;1m    [0m
[48;2;1;1;1m[38;2;1;1;1m                          [48;2;3;1;6m[38;2;3;1;6m  [48;2;1;1;3m[38;2;1;1;3m  [48;2;1;1;1m[38;2;1;1;1m                      [48;2;3;1;4m[38;2;3;1;4m  [48;2;3;1;6m[38;2;3;1;6m  [48;2;2;0;3m[38;2;2;0;3m  [48;2;1;1;1m[38;2;1;1;1m  [0m
[48;2;1;1;1m[38;2;1;1;1m                        [48;2;1;1;3m[38;2;1;1;3m  [48;2;3;1;6m[38;2;3;1;6m    [48;2;2;0;3m[38;2;2;0;3m  [48;2;1;1;3m[38;2;1;1;3m  [48;2;2;0;3m[38;2;2;0;3m  [48;2;1;1;3m[38;2;1;1;3m  [48;2;4;2;5m[38;2;20;18;21m╷[48;2;16;14;17m[38;2;0;0;0m [48;2;10;9;11m[38;2;215;213;215m▄▄[48;2;35;33;34m[38;2;204;202;203m▃[48;2;11;10;10m[38;2;0;0;0m [48;2;2;2;2m[38;2;2;2;2m  [48;2;1;1;1m[38;2;1;1;1m    [48;2;3;1;6m[38;2;3;1;6m      [48;2;1;1;3m[38;2;1;1;3m  [48;2;1;1;1m[38;2;1;1;1m  [0m
[48;2;1;1;1m[38;2;1;1;1m                    [48;2;3;1;6m[38;2;3;1;6m    [48;2;3;1;4m[38;2;3;1;4m  [48;2;3;1;6m[38;2;3;1;6m    [48;2;2;0;3m[38;2;2;0;3m  [48;2;3;1;6m[38;2;3;1;6m    [48;2;1;1;3m[38;2;1;1;3m  [48;2;86;84;87m[38;2;8;6;9m▊[48;2;164;162;165m[38;2;235;233;235m▇[48;2;250;250;252m[38;2;250;250;252m  [48;2;255;254;255m[38;2;243;241;244m▄[48;2;159;157;160m[38;2;226;225;227m▇[48;2;180;178;179m[38;2;26;25;25m▄[48;2;10;8;9m[38;2;0;0;0m [48;2;1;1;3m[38;2;1;1;3m  [48;2;3;1;4m[38;2;3;1;4m  [48;2;3;1;6m[38;2;3;1;6m      [48;2;1;1;3m[38;2;1;1;3m  [48;2;1;1;1m[38;2;1;1;1m  [0m
[48;2;1;1;1m[38;2;1;1;1m                    [48;2;1;1;3m[38;2;1;1;3m  [48;2;3;1;6m[38;2;3;1;6m          [48;2;1;1;3m[38;2;1;1;3m  [48;2;3;1;4m[38;2;3;1;4m  [48;2;1;1;3m[38;2;1;1;3m  [48;2;82;80;83m[38;2;10;8;11m▊[48;2;250;249;251m[38;2;205;203;206m▎[48;2;250;250;252m[38;2;250;250;252m  [48;2;229;168;183m[38;2;241;238;242m▊[48;2;131;35;39m[38;2;212;84;108m▊[48;2;2;2;4m[38;2;2;2;4m  [48;2;3;1;4m[38;2;3;1;4m    [48;2;3;1;6m[38;2;3;1;6m        [48;2;3;1;4m[38;2;3;1;4m  [0m
[48;2;1;1;1m[38;2;1;1;1m                    [48;2;2;2;4m[38;2;2;2;4m  [48;2;3;1;4m[38;2;3;1;4m  [48;2;3;1;6m[38;2;3;1;6m            [48;2;4;3;5m[38;2;45;43;46m▁▁[48;2;85;83;86m[38;2;12;10;13m▊[48;2;252;251;253m[38;2;208;206;209m▎[48;2;250;250;252m[38;2;250;250;252m  [48;2;239;235;234m[38;2;0;0;0m [48;2;184;68;103m[38;2;243;232;232m▄[48;2;13;11;14m[38;2;198;196;199m▄[48;2;1;0;2m[38;2;67;65;68m [48;2;1;0;0m[38;2;44;42;43m▁▁[48;2;1;1;3m[38;2;1;1;3m    [48;2;3;1;4m[38;2;3;1;4m  [48;2;3;1;6m[38;2;3;1;6m    [48;2;1;1;3m[38;2;1;1;3m  [0m
[48;2;1;1;1m[38;2;1;1;1m                [48;2;2;0;3m[38;2;2;0;3m  [48;2;3;1;4m[38;2;3;1;4m  [48;2;2;0;3m[38;2;2;0;3m  [48;2;1;1;1m[38;2;1;1;1m  [48;2;1;1;3m[38;2;1;1;3m    [48;2;2;0;3m[38;2;2;0;3m  [48;2;3;1;6m[38;2;3;1;6m    [48;2;18;14;17m[38;2;71;66;70m▁[48;2;38;34;37m[38;2;227;223;227m▄[48;2;198;196;199m[38;2;248;246;249m▇▇[48;2;248;248;250m[38;2;248;248;250m  [48;2;250;250;252m[38;2;250;250;252m    [48;2;241;241;243m[38;2;252;252;253m▄▄[48;2;202;200;203m[38;2;245;243;245m▇[48;2;222;220;223m[38;2;0;0;0m [48;2;17;16;18m[38;2;196;194;197m▄[48;2;8;7;9m[38;2;44;42;45m▁[48;2;1;1;1m[38;2;1;1;1m    [48;2;2;0;3m[38;2;2;0;3m  [48;2;3;1;6m[38;2;3;1;6m  [48;2;1;1;1m[38;2;1;1;1m  [0m
[48;2;1;1;1m[38;2;1;1;1m            [48;2;1;1;3m[38;2;1;1;3m  [48;2;3;1;6m[38;2;3;1;6m      [48;2;1;1;3m[38;2;1;1;3m  [48;2;1;1;1m[38;2;1;1;1m      [48;2;1;1;3m[38;2;1;1;3m    [48;2;9;8;10m[38;2;0;0;0m [48;2;27;26;28m [48;2;254;254;255m[38;2;224;224;226m▌[48;2;250;250;252m[38;2;242;242;244m┃[38;2;250;250;252m            [48;2;249;247;250m[38;2;249;247;250m▄[48;2;69;67;70m[38;2;238;236;239m▊[48;2;1;1;3m[38;2;1;1;3m  [48;2;1;1;1m[38;2;1;1;1m        [0m
[48;2;1;1;1m[38;2;1;1;1m            [48;2;3;1;6m[38;2;3;1;6m      [48;2;3;1;4m[38;2;3;1;4m  [48;2;1;1;3m[38;2;1;1;3m  [48;2;1;1;1m[38;2;1;1;1m    [48;2;3;1;6m[38;2;3;1;6m  [48;2;1;1;3m[38;2;1;1;3m  [48;2;4;4;4m[38;2;4;4;4m  [48;2;43;41;44m[38;2;223;221;224m▄[48;2;241;239;242m[38;2;0;0;0m [48;2;250;250;252m[38;2;250;250;252m          [48;2;249;249;251m[38;2;249;249;251m  [48;2;246;244;247m[38;2;144;142;145m▁▁[48;2;246;246;248m[38;2;0;0;0m [48;2;227;227;228m [48;2;31;29;32m[38;2;190;188;191m▄[48;2;1;0;2m[38;2;11;9;12m━[48;2;1;1;1m[38;2;1;1;1m        [0m
[48;2;1;1;1m[38;2;1;1;1m            [48;2;1;1;3m[38;2;1;1;3m  [48;2;3;1;6m[38;2;3;1;6m  [48;2;2;0;3m[38;2;2;0;3m  [48;2;1;1;1m[38;2;1;1;1m  [48;2;3;1;6m[38;2;3;1;6m    [48;2;1;1;1m[38;2;1;1;1m      [48;2;3;3;5m[38;2;3;3;5m  [48;2;226;224;227m[38;2;40;38;41m▅[48;2;233;231;233m[38;2;113;111;114m▁[48;2;245;243;245m[38;2;122;120;123m▁▁[48;2;244;244;245m[38;2;135;135;137m▁[48;2;245;245;246m[38;2;0;0;0m [48;2;250;250;252m[38;2;250;250;252m      [48;2;246;244;247m[38;2;246;244;247m▄[48;2;136;134;137m[38;2;249;247;250m▊[48;2;1;0;2m[38;2;2;0;3m▄[48;2;24;22;25m[38;2;0;0;0m [48;2;218;216;219m[38;2;50;49;51m▄[48;2;247;245;247m[38;2;143;141;144m▁[48;2;222;220;223m[38;2;0;0;0m [48;2;34;32;35m[38;2;195;194;196m▄[48;2;0;0;0m[38;2;7;7;7m▅[48;2;4;4;4m[38;2;0;0;0m [48;2;1;1;1m[38;2;1;1;1m      [0m
[48;2;1;1;1m[38;2;1;1;1m              [48;2;2;0;3m[38;2;2;0;3m  [48;2;1;1;3m[38;2;1;1;3m    [48;2;3;1;6m[38;2;3;1;6m  [48;2;3;1;4m[38;2;3;1;4m  [48;2;1;1;3m[38;2;1;1;3m  [48;2;1;1;1m[38;2;1;1;1m    [48;2;3;1;6m[38;2;3;1;6m  [48;2;1;1;1m[38;2;1;1;1m  [48;2;1;1;3m[38;2;1;1;3m  [48;2;62;57;61m[38;2;9;4;8m▊[48;2;232;228;231m[38;2;124;119;123m▁[48;2;250;250;252m[38;2;250;250;252m    [48;2;248;248;250m[38;2;248;248;250m  [48;2;224;220;223m[38;2;81;76;80m▁[48;2;201;197;200m[38;2;28;23;27m▅[48;2;3;1;6m[38;2;3;1;6m  [48;2;1;0;2m[38;2;12;10;13m▎[48;2;26;24;27m[38;2;0;0;0m [48;2;235;233;236m[38;2;63;61;64m▅[48;2;242;240;243m[38;2;146;144;147m▁[48;2;223;219;222m[38;2;0;0;0m [48;2;63;59;62m[38;2;186;181;185m┓[48;2;8;4;5m[38;2;42;38;39m▂[48;2;3;0;0m[38;2;4;0;1m▄[48;2;1;1;1m[38;2;1;1;1m    [0m
[48;2;1;1;1m[38;2;1;1;1m                [48;2;3;1;4m[38;2;3;1;4m  [48;2;3;1;6m[38;2;3;1;6m  [48;2;2;0;3m[38;2;2;0;3m  [48;2;3;1;6m[38;2;3;1;6m  [48;2;2;0;3m[38;2;2;0;3m  [48;2;1;1;1m[38;2;1;1;1m    [48;2;3;1;6m[38;2;3;1;6m  [48;2;1;1;1m[38;2;1;1;1m  [48;2;1;1;3m[38;2;1;1;3m  [48;2;22;18;21m[38;2;0;0;0m [48;2;48;43;47m[38;2;202;197;201m▅[48;2;227;221;223m[38;2;75;69;71m▅▅[48;2;231;228;229m[38;2;68;64;65m▅▅[48;2;230;225;227m[38;2;72;67;68m▅[48;2;207;201;203m[38;2;87;81;83m▅[48;2;20;16;19m[38;2;203;199;203m▅[48;2;20;15;19m[38;2;136;131;135m▁[48;2;2;0;3m[38;2;2;0;3m  [48;2;1;1;3m[38;2;1;1;3m  [48;2;6;4;5m[38;2;1;0;0m┣[48;2;31;30;30m[38;2;0;0;0m [48;2;231;229;226m[38;2;70;37;42m▅[48;2;222;183;191m[38;2;142;54;78m▅[48;2;87;31;43m[38;2;0;0;0m [48;2;43;18;20m[38;2;180;68;98m▖[48;2;1;1;1m[38;2;1;1;1m    [0m
[48;2;1;1;1m[38;2;1;1;1m                    [48;2;0;0;0m[38;2;0;0;0m  [48;2;1;1;3m[38;2;1;1;3m  [48;2;1;1;1m[38;2;1;1;1m    [48;2;2;0;3m[38;2;2;0;3m  [48;2;1;1;3m[38;2;1;1;3m  [48;2;3;1;4m[38;2;3;1;4m  [48;2;2;0;3m[38;2;2;0;3m  [48;2;79;77;80m[38;2;8;6;9m▊[48;2;248;247;249m[38;2;202;200;203m▎[48;2;249;249;251m[38;2;249;249;251m    [48;2;250;250;252m[38;2;250;250;252m  [48;2;255;254;255m[38;2;252;250;253m▄[48;2;126;124;127m[38;2;244;242;245m▊[48;2;2;0;3m[38;2;2;0;3m  [48;2;1;1;1m[38;2;1;1;1m            [0m
[48;2;1;1;1m[38;2;1;1;1m                        [48;2;1;1;3m[38;2;1;1;3m  [48;2;3;1;6m[38;2;3;1;6m  [48;2;2;0;3m[38;2;2;0;3m    [48;2;3;1;6m[38;2;3;1;6m  [48;2;6;5;5m[38;2;0;0;0m [48;2;15;14;14m [48;2;58;56;59m[38;2;224;222;225m▅[48;2;243;241;244m[38;2;0;0;0m [48;2;250;250;252m[38;2;250;250;252m      [48;2;246;244;247m[38;2;246;244;247m▄[48;2;136;134;137m[38;2;249;247;250m▊[48;2;2;0;3m[38;2;2;0;3m  [48;2;1;1;1m[38;2;1;1;1m            [0m
[48;2;1;1;1m[38;2;1;1;1m                    [48;2;2;0;3m[38;2;2;0;3m  [48;2;1;1;1m[38;2;1;1;1m  [48;2;3;1;6m[38;2;3;1;6m    [48;2;1;1;3m[38;2;1;1;3m  [48;2;2;0;3m[38;2;2;0;3m  [48;2;1;1;3m[38;2;1;1;3m  [48;2;1;0;0m[38;2;12;10;11m│[48;2;77;75;76m[38;2;7;5;6m▊[48;2;255;254;255m[38;2;237;235;238m▌[48;2;253;251;253m[38;2;245;243;246m┃[48;2;250;250;252m[38;2;250;250;252m      [48;2;245;243;245m[38;2;0;0;0m [48;2;211;210;212m[38;2;78;76;79m▂[48;2;2;0;3m[38;2;2;0;3m    [48;2;1;1;1m[38;2;1;1;1m          [0m
[48;2;1;1;1m[38;2;1;1;1m                  [48;2;1;1;3m[38;2;1;1;3m  [48;2;2;0;3m[38;2;2;0;3m  [48;2;1;1;3m[38;2;1;1;3m  [48;2;3;1;6m[38;2;3;1;6m    [48;2;2;0;3m[38;2;2;0;3m  [48;2;1;1;3m[38;2;1;1;3m  [48;2;1;1;1m[38;2;1;1;1m  [48;2;1;0;0m[38;2;7;5;6m│[48;2;66;64;65m[38;2;8;6;7m▊[48;2;224;222;225m[38;2;57;55;58m▁[48;2;247;246;248m[38;2;0;0;0m [48;2;250;250;252m[38;2;250;250;252m    [48;2;250;248;251m[38;2;239;237;240m▎[48;2;184;182;185m[38;2;244;243;245m▊[48;2;180;178;181m[38;2;18;16;19m▅[48;2;8;7;9m[38;2;0;0;0m [48;2;1;1;3m[38;2;1;1;3m    [48;2;1;1;1m[38;2;1;1;1m          [0m
[48;2;1;1;1m[38;2;1;1;1m                  [48;2;2;0;3m[38;2;2;0;3m    [48;2;3;1;6m[38;2;3;1;6m      [48;2;1;1;3m[38;2;1;1;3m  [48;2;1;1;1m[38;2;1;1;1m    [48;2;1;1;3m[38;2;1;1;3m  [48;2;79;77;80m[38;2;8;6;9m▊[48;2;248;247;249m[38;2;202;200;203m▎[48;2;250;250;252m[38;2;250;250;252m    [48;2;244;242;244m[38;2;0;0;0m [48;2;213;211;214m[38;2;74;72;75m▂[48;2;4;2;5m[38;2;4;2;5m  [48;2;1;1;3m[38;2;1;1;3m    [48;2;1;1;1m[38;2;1;1;1m          [0m
[48;2;4;2;10m[38;2;23;2;126m▂▂▂▂▂▂▂▂▂▂▂▂▂▂▂▂▂▂[48;2;5;3;12m[38;2;24;2;129m▂▂[48;2;4;2;10m[38;2;23;2;126m▂▂[48;2;5;3;12m[38;2;24;2;129m▂▂▂▂▂▂[48;2;5;3;11m[38;2;24;3;127m▂▂[48;2;4;2;10m[38;2;23;2;126m▂▂▂▂▂▂[48;2;23;20;36m[38;2;39;10;180m▁[48;2;221;217;232m[38;2;61;32;202m▁[48;2;249;249;251m[38;2;249;249;251m  [48;2;250;250;252m[38;2;250;250;252m  [48;2;148;144;162m[38;2;242;239;242m▊[48;2;14;12;17m[38;2;32;11;132m▂[48;2;5;3;12m[38;2;24;2;129m▂▂[48;2;4;2;10m[38;2;23;2;126m▂▂[48;2;5;3;12m[38;2;24;2;129m▂▂[48;2;4;2;10m[38;2;23;2;126m▂▂▂▂▂▂▂▂▂▂[0m
[48;2;38;3;183m[38;2;38;3;183m                                    [48;2;44;10;188m[38;2;0;0;0m [48;2;50;21;179m[38;2;206;194;229m▂[48;2;255;255;255m[38;2;237;237;239m▌[48;2;253;253;254m[38;2;245;245;247m┃[48;2;250;250;252m[38;2;250;250;252m  [48;2;181;172;217m[38;2;246;244;242m▊[48;2;42;17;182m[38;2;190;178;232m▂[48;2;38;3;183m[38;2;38;3;183m                [0m
[48;2;38;3;183m[38;2;38;3;183m                                    [48;2;98;80;179m[38;2;36;6;186m▊[48;2;249;247;246m[38;2;215;209;235m▎[48;2;250;250;252m[38;2;250;250;252m    [48;2;251;251;249m[38;2;242;243;237m│[48;2;153;149;176m[38;2;244;241;254m▊[48;2;38;3;183m[38;2;38;3;183m                [0m
[48;2;38;3;185m[38;2;38;3;185m                                  [48;2;40;5;185m[38;2;40;5;185m  [48;2;63;39;181m[38;2;223;219;233m▂[48;2;246;246;240m[38;2;225;218;247m▎[48;2;250;250;252m[38;2;250;250;252m    [48;2;252;251;254m[38;2;0;0;0m [48;2;230;229;234m[38;2;251;250;253m▄[48;2;60;34;188m[38;2;211;202;231m▆[48;2;35;7;176m[38;2;44;13;181m▄[48;2;38;3;185m[38;2;38;3;185m              [0m
[48;2;38;3;185m[38;2;38;3;185m                                  [48;2;35;1;176m[38;2;43;9;184m┃[48;2;60;26;201m[38;2;29;0;170m▌[48;2;243;243;245m[38;2;239;239;241m▌[48;2;254;254;255m[38;2;250;250;252m▌[48;2;238;237;242m[38;2;251;250;253m▊[48;2;195;194;199m[38;2;244;243;247m▊[48;2;222;217;239m[38;2;60;36;178m▆[48;2;235;232;239m[38;2;74;52;183m▂[48;2;250;250;252m[38;2;250;250;252m  [48;2;174;166;204m[38;2;244;242;243m▊[48;2;44;20;175m[38;2;201;196;218m▂[48;2;38;3;185m[38;2;38;3;185m              [0m
[48;2;38;3;185m[38;2;38;3;185m                                  [48;2;49;11;208m[38;2;38;3;184m▊[48;2;82;54;190m[38;2;35;5;172m▊[48;2;250;250;251m[38;2;232;232;234m▌[48;2;250;250;252m[38;2;255;255;255m▌[48;2;195;186;228m[38;2;246;243;247m▊[48;2;194;187;214m[38;2;46;22;174m▆[48;2;41;6;184m[38;2;41;6;184m  [48;2;223;212;240m[38;2;62;31;166m▆[48;2;235;229;232m[38;2;204;76;108m▂[48;2;239;231;225m[38;2;195;79;109m▂[48;2;219;206;223m[38;2;193;76;127m▂[48;2;38;3;185m[38;2;38;3;185m              [0m
[48;2;38;3;185m[38;2;38;3;185m                                [48;2;38;3;183m[38;2;38;3;183m  [48;2;35;9;166m[38;2;18;9;42m▃[48;2;53;31;141m[38;2;13;7;26m▆[48;2;232;206;202m[38;2;142;45;65m▆[48;2;224;205;198m[38;2;210;80;110m▆[48;2;216;187;204m[38;2;197;74;91m▆[48;2;48;13;63m[38;2;198;69;115m▂[48;2;45;13;154m[38;2;23;9;14m▆[48;2;28;11;63m[38;2;193;65;97m▂[48;2;59;25;69m[38;2;210;59;98m▂[48;2;200;72;93m[38;2;229;78;103m┃[48;2;187;68;87m[38;2;227;72;108m▊[48;2;84;45;102m[38;2;207;71;93m▊[48;2;37;4;170m[38;2;27;15;56m▂[48;2;32;2;175m[38;2;42;4;203m▗[48;2;38;3;185m[38;2;38;3;185m            [0m
[48;2;38;3;185m[38;2;38;3;185m                                [48;2;38;3;183m[38;2;38;3;183m  [48;2;31;23;49m[38;2;32;2;169m▆[48;2;16;8;34m[38;2;36;5;172m▂[48;2;15;5;25m[38;2;38;8;176m▂[48;2;141;50;78m[38;2;30;11;85m▆[48;2;147;46;75m[38;2;27;9;82m▆▆[48;2;19;10;27m[38;2;44;14;179m▂[48;2;135;45;70m[38;2;26;7;80m▆[48;2;167;48;81m[38;2;24;10;81m▆▆[48;2;154;59;68m[38;2;27;10;81m▆[48;2;140;42;74m[38;2;29;11;103m▆[48;2;37;16;109m[38;2;37;3;178m▆[48;2;37;1;184m[38;2;37;3;172m▘[48;2;38;3;185m[38;2;38;3;185m            [0m
[48;2;40;2;185m[38;2;40;2;185m                                                            [0m
[48;2;40;2;185m[38;2;40;2;185m                                                            [0m
