[48;2;1;1;1m[38;2;1;1;1m                                                            [0m
[48;2;1;1;1m[38;2;1;1;1m                                                            [0m
[48;2;1;1;1m[38;2;1;1;1m                                                            [0m
[48;2;1;1;1m[38;2;1;1;1m                                                      [48;2;1;1;3m[38;2;1;1;3m  [48;2;1;1;1m[38;2;1;1;1m    [0m
[48;2;1;1;1m[38;2;1;1;1m                          [48;2;3;1;6m[38;2;3;1;6m  [48;2;1;1;3m[38;2;1;1;3m  [48;2;1;1;1m[38;2;1;1;1m          [48;2;20;18;19m[38;2;0;0;0m [48;2;33;31;32m[38;2;224;222;223m▃[48;2;32;31;33m[38;2;233;231;234m▃[48;2;30;29;31m[38;2;216;215;217m▃[48;2;3;1;2m[38;2;13;11;12m▃▃[48;2;1;1;1m[38;2;1;1;1m      [48;2;3;1;4m[38;2;3;1;4m  [48;2;3;1;6m[38;2;3;1;6m  [48;2;2;0;3m[38;2;2;0;3m  [48;2;1;1;1m[38;2;1;1;1m  [0m
[48;2;1;1;1m[38;2;1;1;1m                        [48;2;1;1;3m[38;2;1;1;3m  [48;2;3;1;6m[38;2;3;1;6m    [48;2;2;0;3m[38;2;2;0;3m  [48;2;1;1;3m[38;2;1;1;3m  [48;2;2;0;3m[38;2;2;0;3m  [48;2;1;1;3m[38;2;1;1;3m  [48;2;1;0;2m[38;2;14;12;15m▌[48;2;79;77;80m[38;2;8;6;9m▊[48;2;172;170;173m[38;2;234;233;235m▇[48;2;249;247;250m[38;2;0;0;0m [48;2;249;249;251m[38;2;249;249;251m  [48;2;136;132;133m[38;2;225;222;223m▇[48;2;183;180;181m[38;2;36;32;33m▄[48;2;1;1;1m[38;2;1;1;1m    [48;2;3;1;6m[38;2;3;1;6m      [48;2;1;1;3m[38;2;1;1;3m  [48;2;1;1;1m[38;2;1;1;1m  [0m
[48;2;1;1;1m[38;2;1;1;1m                    [48;2;3;1;6m[38;2;3;1;6m    [48;2;3;1;4m[38;2;3;1;4m  [48;2;3;1;6m[38;2;3;1;6m    [48;2;2;0;3m[38;2;2;0;3m  [48;2;3;1;6m[38;2;3;1;6m    [48;2;1;1;3m[38;2;1;1;3m  [48;2;1;0;0m[38;2;8;6;7m│[48;2;89;87;88m[38;2;12;10;11m▊[48;2;255;255;255m[38;2;236;236;238m▌[48;2;252;252;253m[38;2;244;244;246m┃[48;2;253;248;250m[38;2;246;240;242m┃[48;2;228;222;224m[38;2;255;252;254m▌[48;2;82;40;42m[38;2;205;75;97m▊[48;2;10;2;9m[38;2;5;17;8m▎[48;2;1;1;3m[38;2;1;1;3m  [48;2;3;1;4m[38;2;3;1;4m  [48;2;3;1;6m[38;2;3;1;6m      [48;2;1;1;3m[38;2;1;1;3m  [48;2;1;1;1m[38;2;1;1;1m  [0m
[48;2;1;1;1m[38;2;1;1;1m                    [48;2;1;1;3m[38;2;1;1;3m  [48;2;3;1;6m[38;2;3;1;6m          [48;2;1;1;3m[38;2;1;1;3m  [48;2;3;1;4m[38;2;3;1;4m  [48;2;1;1;3m[38;2;1;1;3m  [48;2;1;0;2m[38;2;11;9;12m▄[48;2;44;43;45m[38;2;222;220;222m▄[48;2;248;248;250m[38;2;248;248;250m  [48;2;239;237;238m[38;2;247;254;253m▊[48;2;212;186;195m[38;2;252;239;245m▊[48;2;85;39;42m[38;2;206;73;96m▊[48;2;13;1;9m[38;2;6;16;8m▎[48;2;2;0;3m[38;2;2;0;3m  [48;2;3;1;4m[38;2;3;1;4m  [48;2;3;1;6m[38;2;3;1;6m        [48;2;3;1;4m[38;2;3;1;4m  [0m
[48;2;1;1;1m[38;2;1;1;1m                    [48;2;2;2;4m[38;2;2;2;4m  [48;2;3;1;4m[38;2;3;1;4m  [48;2;3;1;6m[38;2;3;1;6m            [48;2;4;2;5m[38;2;20;18;21m╷[48;2;16;14;17m[38;2;0;0;0m [48;2;48;46;49m[38;2;223;221;224m▄[48;2;242;240;243m[38;2;0;0;0m [48;2;250;250;252m[38;2;250;250;252m    [48;2;193;191;194m[38;2;248;246;248m▇[48;2;224;222;224m[38;2;0;0;0m [48;2;20;18;21m[38;2;183;181;184m▄[48;2;7;5;8m[38;2;0;0;0m [48;2;1;1;3m[38;2;1;1;3m    [48;2;3;1;4m[38;2;3;1;4m  [48;2;3;1;6m[38;2;3;1;6m    [48;2;1;1;3m[38;2;1;1;3m  [0m
[48;2;1;1;1m[38;2;1;1;1m                [48;2;2;0;3m[38;2;2;0;3m  [48;2;3;1;4m[38;2;3;1;4m  [48;2;2;0;3m[38;2;2;0;3m  [48;2;1;1;1m[38;2;1;1;1m  [48;2;1;1;3m[38;2;1;1;3m    [48;2;2;0;3m[38;2;2;0;3m  [48;2;3;1;6m[38;2;3;1;6m      [48;2;15;14;16m[38;2;0;0;0m [48;2;46;44;47m[38;2;223;221;224m▄[48;2;248;248;250m[38;2;248;248;250m  [48;2;250;250;252m[38;2;250;250;252m      [48;2;111;109;110m[38;2;240;238;239m▊[48;2;1;0;0m[38;2;25;23;24m▎[48;2;1;1;1m[38;2;1;1;1m      [48;2;2;0;3m[38;2;2;0;3m  [48;2;3;1;6m[38;2;3;1;6m  [48;2;1;1;1m[38;2;1;1;1m  [0m
[48;2;1;1;1m[38;2;1;1;1m            [48;2;1;1;3m[38;2;1;1;3m  [48;2;3;1;6m[38;2;3;1;6m      [48;2;1;1;3m[38;2;1;1;3m  [48;2;1;1;1m[38;2;1;1;1m      [48;2;1;1;3m[38;2;1;1;3m    [48;2;2;0;3m[38;2;2;0;3m  [48;2;1;1;1m[38;2;1;1;1m  [48;2;79;77;80m[38;2;8;6;9m▊[48;2;248;247;249m[38;2;202;200;203m▎[48;2;250;250;252m[38;2;250;250;252m      [48;2;247;247;248m[38;2;0;0;0m [48;2;230;230;231m [48;2;180;178;181m[38;2;16;15;17m▄[48;2;17;15;18m[38;2;1;0;2m▆[48;2;1;1;1m[38;2;1;1;1m  [48;2;1;1;3m[38;2;1;1;3m  [48;2;1;1;1m[38;2;1;1;1m        [0m
[48;2;1;1;1m[38;2;1;1;1m            [48;2;3;1;6m[38;2;3;1;6m      [48;2;3;1;4m[38;2;3;1;4m  [48;2;1;1;3m[38;2;1;1;3m  [48;2;1;1;1m[38;2;1;1;1m    [48;2;3;1;6m[38;2;3;1;6m  [48;2;1;1;3m[38;2;1;1;3m  [48;2;1;1;1m[38;2;1;1;1m      [48;2;79;77;80m[38;2;8;6;9m▊[48;2;248;247;249m[38;2;202;200;203m▎[48;2;250;250;252m[38;2;250;250;252m      [48;2;247;245;248m[38;2;247;245;248m▄[48;2;137;135;138m[38;2;250;248;250m▊[48;2;1;0;0m[38;2;7;5;6m▅▄[48;2;1;1;1m[38;2;1;1;1m            [0m
[48;2;1;1;1m[38;2;1;1;1m            [48;2;1;1;3m[38;2;1;1;3m  [48;2;3;1;6m[38;2;3;1;6m  [48;2;2;0;3m[38;2;2;0;3m  [48;2;1;1;1m[38;2;1;1;1m  [48;2;3;1;6m[38;2;3;1;6m    [48;2;1;1;1m[38;2;1;1;1m      [48;2;1;1;3m[38;2;1;1;3m  [48;2;1;1;1m[38;2;1;1;1m    [48;2;79;77;80m[38;2;8;6;9m▊[48;2;248;247;249m[38;2;202;200;203m▎[48;2;250;250;252m[38;2;250;250;252m    [48;2;249;249;251m[38;2;249;249;251m  [48;2;244;244;245m[38;2;145;145;147m▁[48;2;246;246;247m[38;2;0;0;0m [48;2;111;109;112m[38;2;240;238;240m▊[48;2;1;0;2m[38;2;25;23;26m▎[48;2;1;1;1m[38;2;1;1;1m            [0m
[48;2;1;1;1m[38;2;1;1;1m              [48;2;2;0;3m[38;2;2;0;3m  [48;2;1;1;3m[38;2;1;1;3m    [48;2;3;1;6m[38;2;3;1;6m  [48;2;3;1;4m[38;2;3;1;4m  [48;2;1;1;3m[38;2;1;1;3m  [48;2;1;1;1m[38;2;1;1;1m    [48;2;3;1;6m[38;2;3;1;6m  [48;2;1;1;1m[38;2;1;1;1m  [48;2;1;1;3m[38;2;1;1;3m  [48;2;69;67;70m[38;2;5;3;6m▊[48;2;231;229;232m[38;2;121;119;122m▁[48;2;244;243;245m[38;2;102;100;103m▁▁[48;2;250;250;252m[38;2;250;250;252m  [48;2;248;246;249m[38;2;218;216;219m▁[48;2;216;214;217m[38;2;104;102;105m▁[48;2;29;25;28m[38;2;0;0;0m [48;2;232;228;232m[38;2;54;49;53m▅[48;2;109;100;103m[38;2;231;223;226m▊[48;2;8;0;2m[38;2;6;0;0m┣[48;2;3;1;6m[38;2;3;1;6m  [48;2;1;1;1m[38;2;1;1;1m          [0m
[48;2;1;1;1m[38;2;1;1;1m                [48;2;3;1;4m[38;2;3;1;4m  [48;2;3;1;6m[38;2;3;1;6m  [48;2;2;0;3m[38;2;2;0;3m  [48;2;3;1;6m[38;2;3;1;6m  [48;2;2;0;3m[38;2;2;0;3m  [48;2;1;1;1m[38;2;1;1;1m    [48;2;3;1;6m[38;2;3;1;6m  [48;2;1;1;1m[38;2;1;1;1m  [48;2;2;2;4m[38;2;2;2;4m  [48;2;30;25;29m[38;2;168;163;167m▁[48;2;17;13;16m[38;2;220;215;219m▅[48;2;17;15;18m[38;2;233;231;234m▅[48;2;37;35;38m[38;2;235;234;236m▅[48;2;248;248;250m[38;2;248;248;250m  [48;2;238;235;238m[38;2;0;0;0m [48;2;22;18;21m[38;2;201;197;200m▅[48;2;23;14;11m[38;2;0;0;0m [48;2;37;11;15m[38;2;136;45;70m▅[48;2;154;49;82m[38;2;22;6;8m▅[48;2;9;5;4m[38;2;0;0;0m [48;2;1;1;3m[38;2;1;1;3m  [48;2;1;1;1m[38;2;1;1;1m          [0m
[48;2;1;1;1m[38;2;1;1;1m                    [48;2;0;0;0m[38;2;0;0;0m  [48;2;1;1;3m[38;2;1;1;3m  [48;2;1;1;1m[38;2;1;1;1m    [48;2;2;0;3m[38;2;2;0;3m  [48;2;1;1;3m[38;2;1;1;3m  [48;2;3;1;4m[38;2;3;1;4m  [48;2;42;38;41m[38;2;10;7;9m▊[48;2;46;41;45m[38;2;217;213;216m▅[48;2;249;249;251m[38;2;249;249;251m    [48;2;238;230;227m[38;2;215;140;160m▁[48;2;243;215;222m[38;2;211;89;125m▄[48;2;252;252;252m[38;2;245;245;246m▌[48;2;246;246;248m[38;2;205;205;207m▝[48;2;27;25;28m[38;2;200;198;200m▅[48;2;1;0;2m[38;2;25;23;26m━[48;2;2;0;3m[38;2;2;0;3m  [48;2;1;1;1m[38;2;1;1;1m            [0m
[48;2;1;1;1m[38;2;1;1;1m                        [48;2;1;1;3m[38;2;1;1;3m  [48;2;3;1;6m[38;2;3;1;6m  [48;2;2;0;3m[38;2;2;0;3m    [48;2;3;1;6m[38;2;3;1;6m  [48;2;55;51;52m[38;2;10;6;7m▊[48;2;235;231;232m[38;2;124;120;121m▂[48;2;249;249;251m[38;2;249;249;251m  [48;2;244;238;240m[38;2;254;250;252m┃[48;2;209;203;205m[38;2;251;246;248m▊[48;2;217;78;106m[38;2;246;220;212m▁[48;2;207;92;112m[38;2;235;228;214m▁[48;2;249;249;251m[38;2;249;249;251m  [48;2;234;233;235m[38;2;0;0;0m [48;2;36;34;37m[38;2;201;199;202m▅[48;2;2;0;3m[38;2;2;0;3m  [48;2;1;1;1m[38;2;1;1;1m            [0m
[48;2;1;1;1m[38;2;1;1;1m                    [48;2;2;0;3m[38;2;2;0;3m  [48;2;1;1;1m[38;2;1;1;1m  [48;2;3;1;6m[38;2;3;1;6m    [48;2;1;1;3m[38;2;1;1;3m  [48;2;2;0;3m[38;2;2;0;3m  [48;2;1;1;3m[38;2;1;1;3m  [48;2;1;0;0m[38;2;12;10;11m│[48;2;77;75;76m[38;2;7;5;6m▊[48;2;255;254;255m[38;2;237;235;238m▌[48;2;253;251;253m[38;2;245;243;246m┃[48;2;250;250;252m[38;2;250;250;252m      [48;2;246;244;247m[38;2;246;244;247m▄[48;2;136;134;137m[38;2;249;247;250m▊[48;2;2;0;3m[38;2;2;0;3m    [48;2;1;1;1m[38;2;1;1;1m          [0m
[48;2;1;1;1m[38;2;1;1;1m                  [48;2;1;1;3m[38;2;1;1;3m  [48;2;2;0;3m[38;2;2;0;3m  [48;2;1;1;3m[38;2;1;1;3m  [48;2;3;1;6m[38;2;3;1;6m    [48;2;2;0;3m[38;2;2;0;3m  [48;2;1;1;3m[38;2;1;1;3m  [48;2;1;1;1m[38;2;1;1;1m  [48;2;0;0;0m[38;2;5;5;5m▂[48;2;6;6;6m[38;2;19;19;19m▝[48;2;204;202;205m[38;2;33;32;34m▅[48;2;250;248;250m[38;2;223;221;224m▎[48;2;250;250;252m[38;2;250;250;252m      [48;2;173;171;174m[38;2;245;244;246m▊[48;2;177;175;178m[38;2;12;11;13m▅[48;2;1;1;3m[38;2;1;1;3m    [48;2;1;1;1m[38;2;1;1;1m          [0m
[48;2;1;1;1m[38;2;1;1;1m                  [48;2;2;0;3m[38;2;2;0;3m    [48;2;3;1;6m[38;2;3;1;6m      [48;2;1;1;3m[38;2;1;1;3m  [48;2;1;1;1m[38;2;1;1;1m    [48;2;1;1;3m[38;2;1;1;3m  [48;2;79;77;80m[38;2;8;6;9m▊[48;2;248;247;249m[38;2;202;200;203m▎[48;2;250;250;252m[38;2;250;250;252m    [48;2;241;241;243m[38;2;251;251;252m▄[48;2;250;250;251m[38;2;240;240;242m▃[48;2;195;193;196m[38;2;32;30;33m▁[48;2;5;4;6m[38;2;27;26;28m▎[48;2;1;1;3m[38;2;1;1;3m    [48;2;1;1;1m[38;2;1;1;1m          [0m
[48;2;4;2;10m[38;2;23;2;126m▂▂▂▂▂▂▂▂▂▂▂▂▂▂▂▂▂▂[48;2;5;3;12m[38;2;24;2;129m▂▂[48;2;4;2;10m[38;2;23;2;126m▂▂[48;2;5;3;12m[38;2;24;2;129m▂▂▂▂▂▂[48;2;5;3;11m[38;2;24;3;127m▂▂[48;2;4;2;10m[38;2;23;2;126m▂▂▂▂▂▂[48;2;26;24;36m[38;2;36;22;113m▂[48;2;250;248;251m[38;2;206;202;218m▎[48;2;250;250;252m[38;2;250;250;252m    [48;2;252;250;253m[38;2;244;242;247m┃[48;2;152;150;155m[38;2;243;242;245m▊[48;2;6;3;13m[38;2;25;3;130m▂▂[48;2;4;2;10m[38;2;23;2;126m▂▂[48;2;5;3;12m[38;2;24;2;129m▂▂[48;2;4;2;10m[38;2;23;2;126m▂▂▂▂▂▂▂▂▂▂[0m
[48;2;38;3;183m[38;2;38;3;183m                                  [48;2;37;2;180m[38;2;33;0;176m▌[48;2;49;14;192m[38;2;44;9;187m▌[48;2;62;47;170m[38;2;228;227;230m▆[48;2;243;241;249m[38;2;0;0;0m [48;2;250;250;252m[38;2;250;250;252m    [48;2;255;254;255m[38;2;253;252;255m▌[48;2;175;174;180m[38;2;246;245;249m▊[48;2;40;9;185m[38;2;182;168;222m▂[48;2;37;6;174m[38;2;56;21;200m▘[48;2;38;3;183m[38;2;38;3;183m              [0m
[48;2;38;3;183m[38;2;38;3;183m                                  [48;2;38;9;177m[38;2;57;23;204m│[48;2;53;25;180m[38;2;209;200;229m▂[48;2;247;247;249m[38;2;247;247;249m  [48;2;250;250;252m[38;2;250;250;252m      [48;2;174;165;210m[38;2;243;240;247m▊[48;2;44;19;176m[38;2;190;183;212m▂[48;2;38;3;183m[38;2;38;3;183m              [0m
[48;2;38;3;185m[38;2;38;3;185m                                [48;2;39;4;184m[38;2;39;4;184m  [48;2;62;37;184m[38;2;217;212;230m▂[48;2;247;246;243m[38;2;216;209;242m▎[48;2;250;250;252m[38;2;250;250;252m  [48;2;242;242;243m[38;2;0;0;0m [48;2;227;224;239m[38;2;54;40;174m▂[48;2;225;222;229m[38;2;60;35;182m▆[48;2;235;231;242m[38;2;79;61;175m▂[48;2;250;250;252m[38;2;250;250;252m  [48;2;253;252;254m[38;2;241;240;246m▌[48;2;174;173;179m[38;2;243;242;247m▊[48;2;45;15;178m[38;2;204;192;231m▂[48;2;35;6;182m[38;2;0;0;0m [48;2;38;3;185m[38;2;38;3;185m            [0m
[48;2;38;3;185m[38;2;38;3;185m                                [48;2;32;0;175m[38;2;41;6;184m▌[48;2;56;21;199m[38;2;38;4;181m▌[48;2;255;255;255m[38;2;236;236;238m▌[48;2;252;252;253m[38;2;244;244;246m┃[48;2;248;248;250m[38;2;248;248;250m  [48;2;219;210;237m[38;2;56;31;183m▂[48;2;38;11;174m[38;2;39;10;178m▄[48;2;39;6;184m[38;2;28;2;159m│[48;2;113;89;199m[38;2;40;8;186m▊[48;2;237;237;237m[38;2;75;58;180m▂[48;2;245;244;248m[38;2;0;0;0m [48;2;250;250;252m[38;2;250;250;252m  [48;2;162;148;209m[38;2;250;245;250m▊[48;2;41;6;195m[38;2;34;9;162m▌[48;2;38;3;185m[38;2;38;3;185m            [0m
[48;2;38;3;185m[38;2;38;3;185m                                [48;2;39;4;182m[38;2;39;4;182m  [48;2;229;206;206m[38;2;203;80;114m▆[48;2;240;227;224m[38;2;197;85;114m▂[48;2;195;186;228m[38;2;246;243;247m▊[48;2;194;187;214m[38;2;46;22;174m▆[48;2;39;4;184m[38;2;39;4;184m  [48;2;38;3;185m[38;2;38;3;185m  [48;2;115;80;178m[38;2;42;6;182m▊[48;2;231;226;227m[38;2;212;82;125m▂[48;2;245;236;229m[38;2;191;76;104m▂[48;2;223;211;226m[38;2;188;69;121m▂[48;2;176;161;217m[38;2;42;10;189m▆[48;2;37;7;176m[38;2;56;20;202m▖[48;2;38;3;185m[38;2;38;3;185m            [0m
[48;2;38;3;185m[38;2;38;3;185m                                [48;2;39;4;182m[38;2;39;4;182m  [48;2;195;68;98m[38;2;36;20;14m▃[48;2;222;71;110m[38;2;58;23;23m▃[48;2;211;187;204m[38;2;208;72;96m▆[48;2;70;32;136m[38;2;210;73;101m▆[48;2;32;19;70m[38;2;182;55;86m▂[48;2;36;7;148m[38;2;18;5;10m▆[48;2;36;13;140m[38;2;5;3;12m▆▆[48;2;60;29;135m[38;2;7;9;11m▆[48;2;144;52;71m[38;2;40;8;23m▆[48;2;215;73;99m[38;2;215;73;99m  [48;2;61;37;139m[38;2;201;64;94m▆[48;2;67;23;165m[38;2;113;39;83m▆[48;2;38;3;185m[38;2;38;3;185m            [0m
[48;2;38;3;185m[38;2;38;3;185m                                [48;2;38;3;183m[38;2;38;3;183m  [48;2;24;16;42m[38;2;35;4;172m▆[48;2;18;10;36m[38;2;29;1;164m▂[48;2;148;47;76m[38;2;28;10;82m▆▆[48;2;132;44;70m[38;2;23;7;80m▆[48;2;16;9;27m[38;2;40;12;179m▂[48;2;8;3;24m[38;2;39;10;180m▂▂[48;2;11;4;23m[38;2;42;10;179m▂▂[48;2;167;48;81m[38;2;24;10;81m▆▆[48;2;55;20;62m[38;2;46;0;174m▂[48;2;35;18;84m[38;2;38;7;172m▆[48;2;38;3;185m[38;2;38;3;185m            [0m
[48;2;40;2;185m[38;2;40;2;185m                                                            [0m
[48;2;40;2;185m[38;2;40;2;185m                                                            [0m
