[48;2;1;1;1m[38;2;1;1;1m                                                            [0m
[48;2;1;1;1m[38;2;1;1;1m                                                            [0m
[48;2;1;1;1m[38;2;1;1;1m                                                            [0m
[48;2;1;1;1m[38;2;1;1;1m                                                      [48;2;1;1;3m[38;2;1;1;3m  [48;2;1;1;1m[38;2;1;1;1m    [0m
[48;2;1;1;1m[38;2;1;1;1m                          [48;2;3;1;6m[38;2;3;1;6m  [48;2;1;1;3m[38;2;1;1;3m  [48;2;1;1;1m[38;2;1;1;1m          [48;2;20;18;19m[38;2;0;0;0m [48;2;33;31;32m[38;2;224;222;223m▃[48;2;10;8;11m[38;2;214;212;215m▄▄[48;2;30;29;29m[38;2;204;202;203m▃[48;2;1;0;0m[38;2;6;4;5m▄[48;2;1;1;1m[38;2;1;1;1m      [48;2;3;1;4m[38;2;3;1;4m  [48;2;3;1;6m[38;2;3;1;6m  [48;2;2;0;3m[38;2;2;0;3m  [48;2;1;1;1m[38;2;1;1;1m  [0m
[48;2;1;1;1m[38;2;1;1;1m                        [48;2;1;1;3m[38;2;1;1;3m  [48;2;3;1;6m[38;2;3;1;6m    [48;2;2;0;3m[38;2;2;0;3m  [48;2;1;1;3m[38;2;1;1;3m  [48;2;2;0;3m[38;2;2;0;3m  [48;2;1;1;3m[38;2;1;1;3m  [48;2;1;0;2m[38;2;14;12;15m▌[48;2;79;77;80m[38;2;8;6;9m▊[48;2;172;170;173m[38;2;234;233;235m▇[48;2;249;247;250m[38;2;0;0;0m [48;2;252;250;252m [48;2;248;246;249m[38;2;228;226;229m▃[48;2;242;238;236m[38;2;177;79;107m▄[48;2;182;180;176m[38;2;39;32;29m▄[48;2;1;1;1m[38;2;1;1;1m    [48;2;3;1;6m[38;2;3;1;6m      [48;2;1;1;3m[38;2;1;1;3m  [48;2;1;1;1m[38;2;1;1;1m  [0m
[48;2;1;1;1m[38;2;1;1;1m                    [48;2;3;1;6m[38;2;3;1;6m    [48;2;3;1;4m[38;2;3;1;4m  [48;2;3;1;6m[38;2;3;1;6m    [48;2;2;0;3m[38;2;2;0;3m  [48;2;3;1;6m[38;2;3;1;6m    [48;2;1;1;3m[38;2;1;1;3m  [48;2;1;0;0m[38;2;8;6;7m│[48;2;89;87;88m[38;2;12;10;11m▊[48;2;255;255;255m[38;2;236;236;238m▌[48;2;252;252;253m[38;2;244;244;246m┃[48;2;198;155;162m[38;2;245;244;246m▊[48;2;219;82;105m[38;2;214;76;99m▄[48;2;85;34;39m[38;2;213;65;93m▊[48;2;3;2;7m[38;2;1;14;5m▎[48;2;1;1;3m[38;2;1;1;3m  [48;2;3;1;4m[38;2;3;1;4m  [48;2;3;1;6m[38;2;3;1;6m      [48;2;1;1;3m[38;2;1;1;3m  [48;2;1;1;1m[38;2;1;1;1m  [0m
[48;2;1;1;1m[38;2;1;1;1m                    [48;2;1;1;3m[38;2;1;1;3m  [48;2;3;1;6m[38;2;3;1;6m          [48;2;1;1;3m[38;2;1;1;3m  [48;2;3;1;4m[38;2;3;1;4m  [48;2;1;0;0m[38;2;6;4;5m▃▃[48;2;20;19;21m[38;2;0;0;0m [48;2;36;34;37m[38;2;222;220;223m▄[48;2;243;242;244m[38;2;0;0;0m  [48;2;240;214;208m[38;2;201;83;107m▄[48;2;231;73;111m[38;2;206;75;103m▌[48;2;187;76;94m[38;2;0;0;0m [48;2;24;16;21m[38;2;197;188;195m▄[48;2;2;0;3m[38;2;2;0;3m  [48;2;3;1;4m[38;2;3;1;4m  [48;2;3;1;6m[38;2;3;1;6m        [48;2;3;1;4m[38;2;3;1;4m  [0m
[48;2;1;1;1m[38;2;1;1;1m                    [48;2;2;2;4m[38;2;2;2;4m  [48;2;3;1;4m[38;2;3;1;4m  [48;2;3;1;6m[38;2;3;1;6m          [48;2;3;0;2m[38;2;30;25;29m▄[48;2;30;26;29m[38;2;221;216;220m▄[48;2;176;174;177m[38;2;247;245;248m▇▇[48;2;184;184;186m[38;2;244;244;245m▇[48;2;250;250;251m[38;2;0;0;0m [48;2;250;250;252m[38;2;250;250;252m  [48;2;240;235;233m[38;2;0;0;0m [48;2;209;98;131m[38;2;242;231;234m▄[48;2;240;238;241m[38;2;247;245;248m▄[48;2;234;232;235m[38;2;0;0;0m [48;2;20;18;21m[38;2;183;181;184m▄[48;2;7;5;8m[38;2;0;0;0m [48;2;1;1;3m[38;2;1;1;3m    [48;2;3;1;4m[38;2;3;1;4m  [48;2;3;1;6m[38;2;3;1;6m    [48;2;1;1;3m[38;2;1;1;3m  [0m
[48;2;1;1;1m[38;2;1;1;1m                [48;2;2;0;3m[38;2;2;0;3m  [48;2;3;1;4m[38;2;3;1;4m  [48;2;2;0;3m[38;2;2;0;3m  [48;2;1;1;1m[38;2;1;1;1m  [48;2;1;1;3m[38;2;1;1;3m    [48;2;2;0;3m[38;2;2;0;3m  [48;2;3;1;6m[38;2;3;1;6m    [48;2;72;67;71m[38;2;14;10;13m▊[48;2;253;249;253m[38;2;195;190;194m▎[48;2;250;250;252m[38;2;250;250;252m          [48;2;230;229;231m[38;2;0;0;0m [48;2;21;19;22m[38;2;191;189;192m▄[48;2;1;1;3m[38;2;1;1;3m  [48;2;1;1;1m[38;2;1;1;1m    [48;2;2;0;3m[38;2;2;0;3m  [48;2;3;1;6m[38;2;3;1;6m  [48;2;1;1;1m[38;2;1;1;1m  [0m
[48;2;1;1;1m[38;2;1;1;1m            [48;2;1;1;3m[38;2;1;1;3m  [48;2;3;1;6m[38;2;3;1;6m      [48;2;1;1;3m[38;2;1;1;3m  [48;2;1;1;1m[38;2;1;1;1m      [48;2;1;1;3m[38;2;1;1;3m    [48;2;14;12;17m[38;2;1;0;4m▊[48;2;57;55;60m[38;2;8;6;11m▊[48;2;255;253;255m[38;2;225;223;226m▌[48;2;251;249;252m[38;2;243;241;244m┃[48;2;250;250;252m[38;2;250;250;252m          [48;2;248;246;249m[38;2;248;246;249m▄[48;2;113;111;114m[38;2;244;242;245m▊[48;2;6;6;8m[38;2;75;75;77m▁[48;2;0;0;2m[38;2;10;10;12m━[48;2;1;1;3m[38;2;1;1;3m  [48;2;1;1;1m[38;2;1;1;1m        [0m
[48;2;1;1;1m[38;2;1;1;1m            [48;2;3;1;6m[38;2;3;1;6m      [48;2;3;1;4m[38;2;3;1;4m  [48;2;1;1;3m[38;2;1;1;3m  [48;2;1;1;1m[38;2;1;1;1m    [48;2;3;1;6m[38;2;3;1;6m  [48;2;1;1;3m[38;2;1;1;3m  [48;2;1;1;1m[38;2;1;1;1m  [48;2;13;13;15m[38;2;0;0;2m▊[48;2;56;56;58m[38;2;7;7;9m▊[48;2;255;255;255m[38;2;236;236;238m▌[48;2;252;252;253m[38;2;244;244;246m┃[48;2;250;250;252m[38;2;250;250;252m        [48;2;245;245;247m[38;2;0;0;0m [48;2;245;245;246m[38;2;164;164;166m▁[48;2;250;250;252m[38;2;250;250;252m  [48;2;83;81;84m[38;2;233;231;234m▊[48;2;1;0;2m[38;2;15;13;16m│[48;2;1;1;1m[38;2;1;1;1m          [0m
[48;2;1;1;1m[38;2;1;1;1m            [48;2;1;1;3m[38;2;1;1;3m  [48;2;3;1;6m[38;2;3;1;6m  [48;2;2;0;3m[38;2;2;0;3m  [48;2;1;1;1m[38;2;1;1;1m  [48;2;3;1;6m[38;2;3;1;6m    [48;2;1;1;1m[38;2;1;1;1m      [48;2;1;1;3m[38;2;1;1;3m  [48;2;0;0;0m[38;2;5;5;5m▂[48;2;6;6;6m[38;2;19;19;19m▝[48;2;228;226;229m[38;2;45;43;46m▅[48;2;247;245;247m[38;2;218;216;219m▎[48;2;250;250;252m[38;2;250;250;252m      [48;2;249;249;251m[38;2;249;249;251m  [48;2;101;96;100m[38;2;229;224;228m▊[48;2;26;22;25m[38;2;0;0;0m [48;2;186;184;187m[38;2;41;39;42m┓[48;2;248;246;249m[38;2;0;0;0m [48;2;87;85;88m[38;2;239;237;240m▊[48;2;1;0;2m[38;2;10;8;11m│[48;2;1;1;1m[38;2;1;1;1m          [0m
[48;2;1;1;1m[38;2;1;1;1m              [48;2;2;0;3m[38;2;2;0;3m  [48;2;1;1;3m[38;2;1;1;3m    [48;2;3;1;6m[38;2;3;1;6m  [48;2;3;1;4m[38;2;3;1;4m  [48;2;1;1;3m[38;2;1;1;3m  [48;2;1;1;1m[38;2;1;1;1m    [48;2;3;1;6m[38;2;3;1;6m  [48;2;1;1;1m[38;2;1;1;1m  [48;2;56;54;57m[38;2;4;3;5m▊[48;2;228;226;229m[38;2;118;116;119m▁[48;2;248;248;250m[38;2;248;248;250m  [48;2;245;243;246m[38;2;91;89;92m▁▁▁▁[48;2;246;242;245m[38;2;105;100;104m▁[48;2;217;212;216m[38;2;72;67;71m▁[48;2;5;3;6m[38;2;5;3;6m  [48;2;153;151;154m[38;2;7;5;8m▊[48;2;252;250;253m[38;2;243;241;244m│[48;2;89;84;88m[38;2;240;236;240m▊[48;2;3;0;2m[38;2;12;7;11m│[48;2;1;1;1m[38;2;1;1;1m          [0m
[48;2;1;1;1m[38;2;1;1;1m                [48;2;3;1;4m[38;2;3;1;4m  [48;2;3;1;6m[38;2;3;1;6m  [48;2;2;0;3m[38;2;2;0;3m  [48;2;3;1;6m[38;2;3;1;6m  [48;2;2;0;3m[38;2;2;0;3m  [48;2;1;1;1m[38;2;1;1;1m    [48;2;3;1;6m[38;2;3;1;6m  [48;2;1;1;1m[38;2;1;1;1m  [48;2;1;0;0m[38;2;12;10;11m│[48;2;77;75;76m[38;2;7;5;6m▊[48;2;238;235;234m[38;2;201;108;137m▁[48;2;235;232;232m[38;2;208;115;144m▁[48;2;21;19;22m[38;2;232;230;233m▅▅[48;2;17;13;16m[38;2;229;225;228m▅[48;2;23;19;22m[38;2;217;212;216m▅[48;2;18;14;17m[38;2;181;176;180m▁[48;2;11;7;10m[38;2;154;149;153m▁[48;2;3;1;4m[38;2;3;1;4m  [48;2;122;83;91m[38;2;18;13;9m▊[48;2;244;230;230m[38;2;210;82;120m▅[48;2;186;178;177m[38;2;169;67;97m▅[48;2;5;6;2m[38;2;0;0;0m [48;2;1;1;1m[38;2;1;1;1m          [0m
[48;2;1;1;1m[38;2;1;1;1m                    [48;2;0;0;0m[38;2;0;0;0m  [48;2;1;1;3m[38;2;1;1;3m  [48;2;1;1;1m[38;2;1;1;1m    [48;2;2;0;3m[38;2;2;0;3m  [48;2;1;1;3m[38;2;1;1;3m  [48;2;3;1;4m[38;2;3;1;4m  [48;2;51;45;49m[38;2;12;7;10m▊[48;2;29;24;27m[38;2;210;204;208m▅[48;2;208;77;103m[38;2;221;199;188m▁[48;2;214;83;109m[38;2;225;204;193m▁[48;2;249;249;251m[38;2;249;249;251m  [48;2;250;250;252m[38;2;250;250;252m  [48;2;252;251;253m[38;2;245;243;246m┃[48;2;153;151;154m[38;2;244;242;245m▊[48;2;23;18;21m[38;2;140;134;138m▁[48;2;4;0;2m[38;2;11;5;9m━[48;2;56;26;24m[38;2;155;48;70m▅[48;2;187;64;92m[38;2;39;2;5m▁[48;2;149;48;78m[38;2;19;6;5m▅[48;2;4;5;1m[38;2;0;0;0m [48;2;1;1;1m[38;2;1;1;1m          [0m
[48;2;1;1;1m[38;2;1;1;1m                        [48;2;1;1;3m[38;2;1;1;3m  [48;2;3;1;6m[38;2;3;1;6m  [48;2;2;0;3m[38;2;2;0;3m    [48;2;3;1;6m[38;2;3;1;6m  [48;2;55;51;52m[38;2;10;6;7m▊[48;2;235;231;232m[38;2;124;120;121m▂[48;2;250;250;252m[38;2;250;250;252m        [48;2;131;129;132m[38;2;241;240;242m▊[48;2;1;0;2m[38;2;32;30;33m▎[48;2;2;0;3m[38;2;2;0;3m  [48;2;1;1;1m[38;2;1;1;1m            [0m
[48;2;1;1;1m[38;2;1;1;1m                    [48;2;2;0;3m[38;2;2;0;3m  [48;2;1;1;1m[38;2;1;1;1m  [48;2;3;1;6m[38;2;3;1;6m    [48;2;1;1;3m[38;2;1;1;3m  [48;2;2;0;3m[38;2;2;0;3m  [48;2;1;1;3m[38;2;1;1;3m  [48;2;0;0;0m[38;2;3;3;3m▖[48;2;5;5;5m[38;2;26;26;26m▝[48;2;208;206;209m[38;2;39;37;40m▅[48;2;245;244;246m[38;2;223;221;224m▎[48;2;250;250;252m[38;2;250;250;252m      [48;2;122;120;125m[38;2;244;242;246m▊[48;2;18;16;21m[38;2;1;0;4m┃[48;2;1;1;3m[38;2;1;1;3m  [48;2;2;0;3m[38;2;2;0;3m  [48;2;1;1;1m[38;2;1;1;1m          [0m
[48;2;1;1;1m[38;2;1;1;1m                  [48;2;1;1;3m[38;2;1;1;3m  [48;2;2;0;3m[38;2;2;0;3m  [48;2;1;1;3m[38;2;1;1;3m  [48;2;3;1;6m[38;2;3;1;6m    [48;2;2;0;3m[38;2;2;0;3m  [48;2;1;1;3m[38;2;1;1;3m  [48;2;1;1;1m[38;2;1;1;1m  [48;2;1;1;3m[38;2;1;1;3m  [48;2;13;9;14m[38;2;0;0;0m [48;2;212;208;213m[38;2;41;37;42m▅[48;2;243;243;245m[38;2;239;239;241m▌[48;2;254;254;255m[38;2;250;250;252m▌[48;2;250;250;252m    [48;2;152;150;153m[38;2;243;241;243m▊[48;2;21;19;22m[38;2;190;188;191m▁[48;2;1;1;3m[38;2;1;1;3m    [48;2;1;1;1m[38;2;1;1;1m          [0m
[48;2;1;1;1m[38;2;1;1;1m                  [48;2;2;0;3m[38;2;2;0;3m    [48;2;3;1;6m[38;2;3;1;6m      [48;2;1;1;3m[38;2;1;1;3m  [48;2;1;1;1m[38;2;1;1;1m    [48;2;1;1;3m[38;2;1;1;3m  [48;2;4;0;3m[38;2;13;8;12m│[48;2;102;97;101m[38;2;11;7;10m▊[48;2;255;255;255m[38;2;236;236;238m▌[48;2;252;252;253m[38;2;244;244;246m┃[48;2;250;250;252m[38;2;250;250;252m    [48;2;252;250;252m[38;2;236;234;237m│[48;2;142;140;143m[38;2;245;243;245m▊[48;2;1;1;3m[38;2;1;1;3m    [48;2;1;1;1m[38;2;1;1;1m          [0m
[48;2;4;2;10m[38;2;23;2;126m▂▂▂▂▂▂▂▂▂▂▂▂▂▂▂▂▂▂[48;2;5;3;12m[38;2;24;2;129m▂▂[48;2;4;2;10m[38;2;23;2;126m▂▂[48;2;5;3;12m[38;2;24;2;129m▂▂▂▂▂▂[48;2;5;3;11m[38;2;24;3;127m▂▂[48;2;4;2;10m[38;2;23;2;126m▂▂▂▂▂▂[48;2;22;17;29m[38;2;48;30;122m▂[48;2;74;69;76m[38;2;236;231;239m▅[48;2;248;248;250m[38;2;248;248;250m  [48;2;250;250;252m[38;2;250;250;252m    [48;2;246;244;248m[38;2;246;244;248m▄[48;2;136;134;139m[38;2;249;247;251m▊[48;2;4;2;10m[38;2;23;2;126m▂▂[48;2;5;3;12m[38;2;24;2;129m▂▂[48;2;4;2;10m[38;2;23;2;126m▂▂▂▂▂▂▂▂▂▂[0m
[48;2;38;3;183m[38;2;38;3;183m                                  [48;2;37;2;180m[38;2;33;0;176m▌[48;2;49;14;192m[38;2;44;9;187m▌[48;2;62;47;170m[38;2;228;227;230m▆[48;2;243;241;249m[38;2;0;0;0m [48;2;250;250;252m[38;2;250;250;252m      [48;2;250;249;251m[38;2;236;237;229m│[48;2;136;128;177m[38;2;249;246;253m▊[48;2;37;2;184m[38;2;37;2;184m  [48;2;38;3;183m[38;2;38;3;183m            [0m
[48;2;38;3;183m[38;2;38;3;183m                                  [48;2;73;46;185m[38;2;39;7;189m▊[48;2;62;39;172m[38;2;228;222;233m▆[48;2;249;249;251m[38;2;249;249;251m  [48;2;250;250;252m[38;2;250;250;252m      [48;2;250;249;251m[38;2;236;237;229m│[48;2;136;128;177m[38;2;249;246;253m▊[48;2;38;3;185m[38;2;38;3;185m  [48;2;38;3;183m[38;2;38;3;183m            [0m
[48;2;38;3;185m[38;2;38;3;185m                                [48;2;41;6;184m[38;2;41;6;184m  [48;2;79;59;186m[38;2;233;232;234m▆[48;2;242;240;247m[38;2;0;0;0m [48;2;250;250;252m[38;2;250;250;252m  [48;2;242;242;243m[38;2;0;0;0m [48;2;227;224;239m[38;2;54;40;174m▂[48;2;225;222;229m[38;2;60;35;182m▆[48;2;235;231;242m[38;2;79;61;175m▂[48;2;250;250;252m[38;2;250;250;252m  [48;2;250;249;251m[38;2;236;237;229m│[48;2;136;128;177m[38;2;249;246;253m▊[48;2;38;3;185m[38;2;38;3;185m              [0m
[48;2;38;3;185m[38;2;38;3;185m                                [48;2;32;0;175m[38;2;41;6;184m▌[48;2;56;21;199m[38;2;38;4;181m▌[48;2;255;255;255m[38;2;236;236;238m▌[48;2;252;252;253m[38;2;244;244;246m┃[48;2;237;236;241m[38;2;247;246;250m▊[48;2;204;203;208m[38;2;248;247;251m▊[48;2;191;179;219m[38;2;49;18;182m▆[48;2;39;6;186m[38;2;0;0;0m [48;2;39;6;184m[38;2;28;2;159m│[48;2;113;89;199m[38;2;40;8;186m▊[48;2;237;237;237m[38;2;75;58;180m▂[48;2;245;244;248m[38;2;0;0;0m [48;2;250;249;251m[38;2;236;237;229m│[48;2;136;128;177m[38;2;249;246;253m▊[48;2;37;2;184m[38;2;37;2;184m  [48;2;38;3;185m[38;2;38;3;185m            [0m
[48;2;38;3;185m[38;2;38;3;185m                                [48;2;39;4;182m[38;2;39;4;182m  [48;2;229;206;206m[38;2;203;80;114m▆[48;2;240;227;224m[38;2;197;85;114m▂[48;2;194;185;227m[38;2;245;242;247m▊[48;2;193;186;213m[38;2;45;21;173m▆[48;2;39;4;184m[38;2;39;4;184m  [48;2;38;3;185m[38;2;38;3;185m  [48;2;114;79;177m[38;2;41;5;181m▊[48;2;230;225;226m[38;2;211;81;124m▂[48;2;242;231;236m[38;2;217;81;111m▂[48;2;217;206;212m[38;2;202;66;96m▂[48;2;40;6;169m[38;2;154;56;123m▂[48;2;37;3;190m[38;2;56;13;176m▖[48;2;38;3;185m[38;2;38;3;185m            [0m
[48;2;38;3;185m[38;2;38;3;185m                                [48;2;39;4;182m[38;2;39;4;182m  [48;2;189;67;93m[38;2;67;25;25m▃[48;2;209;69;101m[38;2;0;0;0m [48;2;212;186;205m[38;2;209;71;96m▆[48;2;71;31;136m[38;2;211;72;101m▆[48;2;32;19;70m[38;2;182;55;86m▂[48;2;36;7;148m[38;2;18;5;10m▆[48;2;36;13;140m[38;2;5;3;12m▆▆[48;2;47;18;111m[38;2;30;15;27m▆[48;2;227;75;101m[38;2;174;63;95m▎[48;2;214;74;100m[38;2;227;87;113m▖[48;2;209;69;95m[38;2;196;56;82m▗[48;2;180;60;88m[38;2;33;13;21m▂[48;2;153;52;100m[38;2;19;12;21m▂[48;2;139;61;131m[38;2;101;30;40m▄[48;2;54;16;168m[38;2;104;46;81m▆[48;2;38;3;185m[38;2;38;3;185m          [0m
[48;2;38;3;185m[38;2;38;3;185m                                [48;2;38;3;183m[38;2;38;3;183m  [48;2;33;18;73m[38;2;40;11;166m▆[48;2;138;51;62m[38;2;28;8;90m▆[48;2;168;49;84m[38;2;25;10;83m▆▆[48;2;132;44;70m[38;2;23;7;80m▆[48;2;16;9;27m[38;2;40;12;179m▂[48;2;8;3;24m[38;2;39;10;180m▂▂[48;2;19;10;27m[38;2;44;14;179m▂[48;2;135;45;70m[38;2;26;7;80m▆[48;2;144;46;74m[38;2;26;9;81m▆▆[48;2;8;3;24m[38;2;39;10;180m▂▂[48;2;17;6;49m[38;2;37;3;185m▂[48;2;32;17;88m[38;2;33;2;173m▆[48;2;38;3;185m[38;2;38;3;185m          [0m
[48;2;40;2;185m[38;2;40;2;185m                                                            [0m
[48;2;40;2;185m[38;2;40;2;185m                                                            [0m
