[48;2;1;1;1m[38;2;1;1;1m                                                            [0m
[48;2;1;1;1m[38;2;1;1;1m                                                            [0m
[48;2;1;1;1m[38;2;1;1;1m                                                            [0m
[48;2;1;1;1m[38;2;1;1;1m                                                      [48;2;1;1;3m[38;2;1;1;3m  [48;2;1;1;1m[38;2;1;1;1m    [0m
[48;2;1;1;1m[38;2;1;1;1m                          [48;2;3;1;6m[38;2;3;1;6m  [48;2;1;1;3m[38;2;1;1;3m  [48;2;1;1;1m[38;2;1;1;1m        [48;2;10;10;10m[38;2;3;3;3m▚[48;2;6;6;6m[38;2;0;0;0m▌[48;2;32;31;33m[38;2;238;236;239m▃▃[48;2;9;8;10m[38;2;213;211;214m▄▄[48;2;26;24;25m[38;2;198;196;197m▃[48;2;9;7;8m[38;2;0;0;0m [48;2;1;1;1m[38;2;1;1;1m      [48;2;3;1;4m[38;2;3;1;4m  [48;2;3;1;6m[38;2;3;1;6m  [48;2;2;0;3m[38;2;2;0;3m  [48;2;1;1;1m[38;2;1;1;1m  [0m
[48;2;1;1;1m[38;2;1;1;1m                        [48;2;1;1;3m[38;2;1;1;3m  [48;2;3;1;6m[38;2;3;1;6m    [48;2;2;0;3m[38;2;2;0;3m  [48;2;1;1;3m[38;2;1;1;3m  [48;2;2;0;3m[38;2;2;0;3m  [48;2;1;1;3m[38;2;1;1;3m  [48;2;86;84;87m[38;2;7;6;8m▊[48;2;154;152;155m[38;2;235;233;236m▇[48;2;246;244;247m[38;2;253;251;253m▅[48;2;244;242;245m[38;2;231;229;232m▗[48;2;238;223;228m[38;2;202;78;98m▃[48;2;218;201;207m[38;2;180;57;76m▃[48;2;11;9;10m[38;2;1;0;0m▆[48;2;1;0;0m[38;2;14;12;13m━[48;2;1;1;1m[38;2;1;1;1m    [48;2;3;1;6m[38;2;3;1;6m      [48;2;1;1;3m[38;2;1;1;3m  [48;2;1;1;1m[38;2;1;1;1m  [0m
[48;2;1;1;1m[38;2;1;1;1m                    [48;2;3;1;6m[38;2;3;1;6m    [48;2;3;1;4m[38;2;3;1;4m  [48;2;3;1;6m[38;2;3;1;6m    [48;2;2;0;3m[38;2;2;0;3m  [48;2;3;1;6m[38;2;3;1;6m    [48;2;1;1;3m[38;2;1;1;3m  [48;2;82;80;83m[38;2;10;8;11m▊[48;2;250;249;251m[38;2;205;203;206m▎[48;2;239;196;205m[38;2;248;239;246m▊[48;2;208;87;106m[38;2;197;60;86m│[48;2;155;45;66m[38;2;216;73;106m▊[48;2;29;14;7m[38;2;171;57;80m▄[48;2;1;1;3m[38;2;1;1;3m    [48;2;3;1;4m[38;2;3;1;4m  [48;2;3;1;6m[38;2;3;1;6m      [48;2;1;1;3m[38;2;1;1;3m  [48;2;1;1;1m[38;2;1;1;1m  [0m
[48;2;1;1;1m[38;2;1;1;1m                    [48;2;1;1;3m[38;2;1;1;3m  [48;2;3;1;6m[38;2;3;1;6m          [48;2;4;2;5m[38;2;4;2;5m  [48;2;18;16;19m[38;2;0;0;0m [38;2;213;212;214m▄[48;2;16;14;17m[38;2;228;226;229m▄▄[48;2;39;37;40m[38;2;229;227;230m▄[48;2;255;254;255m[38;2;250;248;251m▄[48;2;225;180;187m[38;2;245;243;245m▊[48;2;217;92;111m[38;2;210;56;84m┃[48;2;222;72;101m[38;2;208;64;91m▗[48;2;212;87;108m[38;2;172;53;71m▝[48;2;17;16;18m[38;2;190;188;191m▄[48;2;1;0;2m[38;2;12;10;13m▂[48;2;2;0;3m[38;2;2;0;3m  [48;2;3;1;4m[38;2;3;1;4m  [48;2;3;1;6m[38;2;3;1;6m        [48;2;3;1;4m[38;2;3;1;4m  [0m
[48;2;1;1;1m[38;2;1;1;1m                    [48;2;2;2;4m[38;2;2;2;4m  [48;2;3;1;4m[38;2;3;1;4m  [48;2;3;1;6m[38;2;3;1;6m      [48;2;5;3;8m[38;2;5;3;8m  [48;2;28;23;27m[38;2;218;214;218m▄[48;2;178;173;177m[38;2;239;235;239m▇[48;2;175;175;177m[38;2;245;245;247m▇[48;2;255;255;255m[38;2;241;241;243m━[48;2;250;250;252m[38;2;250;250;252m    [48;2;254;252;253m[38;2;248;244;245m▌[48;2;247;243;244m[38;2;219;215;216m▝[48;2;199;96;127m[38;2;244;235;234m▄[48;2;248;241;240m[38;2;0;0;0m [48;2;244;242;245m [48;2;227;225;227m [48;2;12;10;13m[38;2;193;192;194m▄[48;2;7;6;8m[38;2;42;40;43m▁[48;2;1;1;3m[38;2;1;1;3m    [48;2;3;1;4m[38;2;3;1;4m  [48;2;3;1;6m[38;2;3;1;6m    [48;2;1;1;3m[38;2;1;1;3m  [0m
[48;2;1;1;1m[38;2;1;1;1m                [48;2;2;0;3m[38;2;2;0;3m  [48;2;3;1;4m[38;2;3;1;4m  [48;2;2;0;3m[38;2;2;0;3m  [48;2;1;1;1m[38;2;1;1;1m  [48;2;1;1;3m[38;2;1;1;3m    [48;2;2;0;3m[38;2;2;0;3m  [48;2;3;1;6m[38;2;11;9;14m▎[48;2;9;7;12m[38;2;37;35;40m▗[48;2;248;248;250m[38;2;205;205;207m▎[48;2;240;240;242m[38;2;252;252;253m┃[48;2;250;250;252m[38;2;250;250;252m            [48;2;248;246;249m[38;2;249;248;250m▄[48;2;100;98;101m[38;2;235;233;236m▊[48;2;1;1;3m[38;2;17;17;19m▃[48;2;3;3;5m[38;2;6;6;8m▖[48;2;1;1;1m[38;2;1;1;1m    [48;2;2;0;3m[38;2;2;0;3m  [48;2;3;1;6m[38;2;3;1;6m  [48;2;1;1;1m[38;2;1;1;1m  [0m
[48;2;1;1;1m[38;2;1;1;1m            [48;2;1;1;3m[38;2;1;1;3m  [48;2;3;1;6m[38;2;3;1;6m      [48;2;1;1;3m[38;2;1;1;3m  [48;2;1;1;1m[38;2;1;1;1m      [48;2;1;1;3m[38;2;1;1;3m  [48;2;36;34;37m[38;2;1;0;2m▊[48;2;245;243;246m[38;2;159;157;160m▎[48;2;250;250;252m[38;2;250;250;252m  [48;2;244;244;246m[38;2;174;174;176m▁[48;2;255;255;255m[38;2;240;240;242m━[48;2;250;250;252m[38;2;250;250;252m        [48;2;247;247;248m[38;2;231;231;233m╴[48;2;244;244;246m[38;2;182;182;184m▁[48;2;250;250;252m[38;2;250;250;252m  [48;2;99;94;98m[38;2;234;230;233m▊[48;2;9;5;8m[38;2;67;62;66m▁[48;2;1;1;3m[38;2;1;1;3m  [48;2;1;1;1m[38;2;1;1;1m        [0m
[48;2;1;1;1m[38;2;1;1;1m            [48;2;3;1;6m[38;2;3;1;6m      [48;2;3;1;4m[38;2;3;1;4m  [48;2;1;1;3m[38;2;1;1;3m  [48;2;1;1;1m[38;2;1;1;1m    [48;2;3;1;6m[38;2;3;1;6m  [48;2;1;1;3m[38;2;1;1;3m  [48;2;38;36;37m[38;2;6;5;5m▊[48;2;247;245;246m[38;2;161;159;160m▎[48;2;241;241;243m[38;2;253;253;254m┃[48;2;206;206;208m[38;2;249;249;250m▊[48;2;95;90;94m[38;2;39;35;38m▊[48;2;253;249;252m[38;2;200;195;199m▎[48;2;250;250;252m[38;2;250;250;252m        [48;2;120;115;119m[38;2;249;245;248m▊[48;2;27;23;26m[38;2;0;0;0m [48;2;192;190;192m[38;2;53;51;54m┓[48;2;248;246;248m[38;2;239;237;240m━[48;2;245;245;247m[38;2;245;245;247m▄[48;2;78;78;80m[38;2;242;242;244m▊[48;2;0;0;0m[38;2;0;0;0m  [48;2;1;1;1m[38;2;1;1;1m        [0m
[48;2;1;1;1m[38;2;1;1;1m            [48;2;1;1;3m[38;2;1;1;3m  [48;2;3;1;6m[38;2;3;1;6m  [48;2;2;0;3m[38;2;2;0;3m  [48;2;1;1;1m[38;2;1;1;1m  [48;2;3;1;6m[38;2;3;1;6m    [48;2;1;1;1m[38;2;1;1;1m      [48;2;1;0;2m[38;2;22;20;23m╷[48;2;217;216;218m[38;2;37;35;38m▅[48;2;245;245;247m[38;2;224;224;226m▖[48;2;255;255;255m[38;2;251;251;253m▝[48;2;210;205;209m[38;2;247;243;246m▊[48;2;220;216;219m[38;2;77;72;76m▄[48;2;248;248;250m[38;2;248;248;250m  [48;2;250;250;252m[38;2;250;250;252m    [48;2;249;249;251m[38;2;249;249;251m  [48;2;111;109;112m[38;2;217;215;217m▊[48;2;5;3;6m[38;2;33;31;34m▎[48;2;165;163;166m[38;2;14;12;15m▊[48;2;252;250;253m[38;2;242;240;243m│[48;2;246;246;248m[38;2;246;246;248m▄[48;2;79;79;81m[38;2;243;243;245m▊[48;2;1;1;1m[38;2;1;1;1m          [0m
[48;2;1;1;1m[38;2;1;1;1m              [48;2;2;0;3m[38;2;2;0;3m  [48;2;1;1;3m[38;2;1;1;3m    [48;2;3;1;6m[38;2;3;1;6m  [48;2;3;1;4m[38;2;3;1;4m  [48;2;1;1;3m[38;2;1;1;3m  [48;2;1;1;1m[38;2;1;1;1m    [48;2;5;3;8m[38;2;5;3;8m  [48;2;222;218;221m[38;2;34;30;33m▅[48;2;231;227;230m[38;2;96;91;95m▁[48;2;245;244;246m[38;2;221;151;175m▁[48;2;236;235;236m[38;2;209;139;163m▁[48;2;234;230;234m[38;2;89;84;88m▅[48;2;237;234;237m[38;2;88;83;87m▁[48;2;245;243;246m[38;2;91;89;92m▁▁▁▁[48;2;246;242;245m[38;2;105;100;104m▁[48;2;217;212;216m[38;2;72;67;71m▁[48;2;5;3;6m[38;2;5;3;6m  [48;2;153;151;154m[38;2;7;5;8m▊[48;2;252;250;253m[38;2;243;241;244m│[48;2;242;241;243m[38;2;0;0;0m [48;2;65;63;66m[38;2;213;211;213m▊[48;2;1;1;1m[38;2;1;1;1m          [0m
[48;2;1;1;1m[38;2;1;1;1m                [48;2;3;1;4m[38;2;3;1;4m  [48;2;3;1;6m[38;2;3;1;6m  [48;2;2;0;3m[38;2;2;0;3m  [48;2;3;1;6m[38;2;3;1;6m  [48;2;2;0;3m[38;2;2;0;3m  [48;2;1;1;1m[38;2;1;1;1m    [48;2;3;1;6m[38;2;3;1;6m  [48;2;2;2;2m[38;2;2;2;2m  [48;2;173;57;80m[38;2;66;22;23m▅[48;2;211;73;104m[38;2;199;75;101m▄[48;2;235;230;234m[38;2;0;0;0m [48;2;32;28;31m[38;2;231;227;230m▅[48;2;17;13;16m[38;2;229;225;228m▅[48;2;23;19;22m[38;2;217;212;216m▅[48;2;17;15;18m[38;2;128;126;129m▁[48;2;7;5;8m[38;2;36;34;37m▁[48;2;31;26;29m[38;2;170;164;168m▁[48;2;24;18;22m[38;2;163;157;161m▅[48;2;3;1;4m[38;2;3;1;4m  [48;2;122;83;91m[38;2;18;13;9m▊[48;2;244;230;230m[38;2;210;82;120m▅[48;2;186;178;177m[38;2;169;67;97m▅[48;2;5;6;2m[38;2;0;0;0m [48;2;1;1;1m[38;2;1;1;1m          [0m
[48;2;1;1;1m[38;2;1;1;1m                    [48;2;0;0;0m[38;2;0;0;0m  [48;2;1;1;3m[38;2;1;1;3m  [48;2;1;1;1m[38;2;1;1;1m    [48;2;2;0;3m[38;2;2;0;3m  [48;2;1;1;3m[38;2;1;1;3m  [48;2;7;2;6m[38;2;7;2;6m  [48;2;196;64;91m[38;2;48;26;19m▁[48;2;215;84;110m[38;2;218;197;186m▁[48;2;249;247;250m[38;2;249;247;250m  [48;2;250;250;252m[38;2;250;250;252m  [48;2;240;236;239m[38;2;0;0;0m [48;2;59;55;58m[38;2;217;212;216m▅[48;2;199;194;198m[38;2;93;88;92m▅[48;2;29;24;28m[38;2;232;228;231m▅[48;2;17;15;18m[38;2;199;197;200m▅[48;2;10;8;11m[38;2;0;0;0m [48;2;102;39;55m[38;2;12;8;10m▊[48;2;202;69;92m[38;2;61;15;11m▁[48;2;191;70;97m[38;2;74;24;28m▂[48;2;50;13;14m[38;2;120;46;58m▄[48;2;1;1;1m[38;2;1;1;1m          [0m
[48;2;1;1;1m[38;2;1;1;1m                        [48;2;1;1;3m[38;2;1;1;3m  [48;2;3;1;6m[38;2;3;1;6m  [48;2;2;0;3m[38;2;2;0;3m    [48;2;3;1;6m[38;2;3;1;6m  [48;2;66;64;65m[38;2;6;4;5m▊[48;2;249;247;248m[38;2;190;188;189m▎[48;2;250;250;252m[38;2;250;250;252m        [48;2;238;236;238m[38;2;0;0;0m [48;2;30;28;31m[38;2;195;193;196m▅[48;2;2;0;3m[38;2;2;0;3m  [48;2;1;1;1m[38;2;1;1;1m            [0m
[48;2;1;1;1m[38;2;1;1;1m                    [48;2;2;0;3m[38;2;2;0;3m  [48;2;1;1;1m[38;2;1;1;1m  [48;2;3;1;6m[38;2;3;1;6m    [48;2;1;1;3m[38;2;1;1;3m  [48;2;2;0;3m[38;2;2;0;3m  [48;2;1;1;3m[38;2;1;1;3m  [48;2;3;0;0m[38;2;10;6;7m┃[48;2;209;205;206m[38;2;40;36;37m▅[48;2;247;247;249m[38;2;247;247;249m  [48;2;250;250;252m[38;2;250;250;252m      [48;2;250;249;251m[38;2;235;233;236m╷[48;2;153;151;154m[38;2;244;242;245m▊[48;2;13;11;14m[38;2;153;151;154m▁[48;2;7;5;8m[38;2;0;0;0m [48;2;2;0;3m[38;2;2;0;3m  [48;2;1;1;1m[38;2;1;1;1m          [0m
[48;2;1;1;1m[38;2;1;1;1m                  [48;2;1;1;3m[38;2;1;1;3m  [48;2;2;0;3m[38;2;2;0;3m  [48;2;1;1;3m[38;2;1;1;3m  [48;2;3;1;6m[38;2;3;1;6m    [48;2;2;0;3m[38;2;2;0;3m  [48;2;1;1;3m[38;2;1;1;3m  [48;2;1;1;1m[38;2;1;1;1m  [48;2;1;0;2m[38;2;6;4;7m│[48;2;65;63;66m[38;2;7;6;8m▊[48;2;237;235;238m[38;2;97;95;98m▂[48;2;255;254;255m[38;2;239;237;240m▄[48;2;250;250;252m[38;2;250;250;252m        [48;2;111;109;112m[38;2;240;238;240m▊[48;2;1;0;2m[38;2;25;23;26m▎[48;2;1;1;3m[38;2;1;1;3m  [48;2;1;1;1m[38;2;1;1;1m          [0m
[48;2;1;1;1m[38;2;1;1;1m                  [48;2;2;0;3m[38;2;2;0;3m    [48;2;3;1;6m[38;2;3;1;6m      [48;2;1;1;3m[38;2;1;1;3m  [48;2;1;1;1m[38;2;1;1;1m    [48;2;1;1;3m[38;2;1;1;3m  [48;2;79;77;80m[38;2;8;6;9m▊[48;2;248;247;249m[38;2;202;200;203m▎[48;2;250;250;252m[38;2;250;250;252m        [48;2;111;109;110m[38;2;240;238;239m▊[48;2;1;0;0m[38;2;25;23;24m▎[48;2;1;1;3m[38;2;1;1;3m  [48;2;1;1;1m[38;2;1;1;1m          [0m
[48;2;4;2;10m[38;2;23;2;126m▂▂▂▂▂▂▂▂▂▂▂▂▂▂▂▂▂▂[48;2;5;3;12m[38;2;24;2;129m▂▂[48;2;4;2;10m[38;2;23;2;126m▂▂[48;2;5;3;12m[38;2;24;2;129m▂▂▂▂▂▂[48;2;5;3;11m[38;2;24;3;127m▂▂[48;2;4;2;10m[38;2;23;2;126m▂▂▂▂▂▂[48;2;26;24;35m[38;2;43;27;120m▂[48;2;251;249;251m[38;2;206;202;218m▎[48;2;250;250;252m[38;2;250;250;252m      [48;2;248;247;250m[38;2;234;233;238m▁[48;2;174;173;178m[38;2;243;242;245m▊[48;2;173;168;177m[38;2;18;6;61m▅[48;2;12;8;15m[38;2;33;11;134m▂[48;2;5;3;12m[38;2;24;2;129m▂▂[48;2;4;2;10m[38;2;23;2;126m▂▂▂▂▂▂▂▂▂▂[0m
[48;2;38;3;183m[38;2;38;3;183m                                  [48;2;37;2;180m[38;2;33;0;176m▌[48;2;49;14;192m[38;2;44;9;187m▌[48;2;62;47;170m[38;2;228;227;230m▆[48;2;243;241;249m[38;2;0;0;0m [48;2;250;250;252m[38;2;250;250;252m      [48;2;250;249;251m[38;2;236;237;229m│[48;2;136;128;177m[38;2;249;246;253m▊[48;2;37;2;184m[38;2;37;2;184m  [48;2;38;3;183m[38;2;38;3;183m            [0m
[48;2;38;3;183m[38;2;38;3;183m                                  [48;2;36;2;177m[38;2;44;10;185m┃[48;2;61;27;202m[38;2;30;0;171m▌[48;2;250;250;251m[38;2;232;232;234m▌[48;2;250;250;252m[38;2;255;255;255m▌[38;2;250;250;252m  [48;2;244;242;242m[38;2;0;0;0m [48;2;240;238;240m[38;2;95;80;178m▂[48;2;250;250;252m[38;2;250;250;252m  [48;2;250;249;251m[38;2;236;237;229m│[48;2;136;128;177m[38;2;249;246;253m▊[48;2;38;3;185m[38;2;38;3;185m  [48;2;38;3;183m[38;2;38;3;183m            [0m
[48;2;38;3;185m[38;2;38;3;185m                                  [48;2;35;7;174m[38;2;51;18;199m│[48;2;58;29;185m[38;2;217;208;237m▂[48;2;247;247;249m[38;2;247;247;249m  [48;2;239;238;243m[38;2;253;252;254m▊[48;2;195;194;199m[38;2;244;243;247m▊[48;2;197;186;222m[38;2;45;18;178m▆[48;2;143;129;185m[38;2;49;18;191m▊[48;2;249;249;251m[38;2;249;249;251m  [48;2;250;249;251m[38;2;236;237;229m│[48;2;136;128;177m[38;2;249;246;253m▊[48;2;38;3;185m[38;2;38;3;185m              [0m
[48;2;38;3;185m[38;2;38;3;185m                                  [48;2;87;66;187m[38;2;37;7;183m▊[48;2;252;251;245m[38;2;203;193;243m▎[48;2;250;250;252m[38;2;250;250;252m  [48;2;206;199;238m[38;2;245;243;245m▊[48;2;204;198;221m[38;2;47;23;173m▆[48;2;35;2;169m[38;2;45;8;203m┃[48;2;147;131;194m[38;2;41;11;179m▊[48;2;249;249;251m[38;2;249;249;251m  [48;2;250;249;251m[38;2;236;237;229m│[48;2;136;128;177m[38;2;249;246;253m▊[48;2;37;2;184m[38;2;37;2;184m  [48;2;38;3;185m[38;2;38;3;185m            [0m
[48;2;38;3;185m[38;2;38;3;185m                                  [48;2;87;50;175m[38;2;35;5;177m▊[48;2;231;223;233m[38;2;201;88;131m▂[48;2;249;249;250m[38;2;234;234;236m▖▗[48;2;216;207;236m[38;2;66;36;190m▂[48;2;35;6;178m[38;2;56;32;171m▎[48;2;40;5;185m[38;2;40;5;185m  [48;2;221;211;239m[38;2;60;28;164m▆[48;2;236;230;234m[38;2;199;71;103m▂[48;2;242;233;235m[38;2;200;83;121m▂[48;2;214;201;215m[38;2;187;72;118m▂[48;2;38;3;185m[38;2;38;3;185m              [0m
[48;2;38;3;185m[38;2;38;3;185m                                [48;2;38;3;183m[38;2;38;3;183m  [48;2;44;12;173m[38;2;23;9;57m▃[48;2;213;69;93m[38;2;145;38;92m▎[48;2;234;210;203m[38;2;212;71;103m▆▆[48;2;79;33;142m[38;2;193;61;88m▆[48;2;33;23;188m[38;2;21;13;29m▇[48;2;36;13;140m[38;2;5;3;12m▆▆[48;2;47;18;111m[38;2;30;15;27m▆[48;2;227;75;101m[38;2;174;63;95m▎[48;2;225;79;108m[38;2;222;67;99m▌[48;2;184;63;83m[38;2;208;77;101m▌[48;2;88;28;78m[38;2;218;81;130m━[48;2;42;8;166m[38;2;101;38;80m▇[48;2;38;3;185m[38;2;38;3;185m            [0m
[48;2;38;3;185m[38;2;38;3;185m                                [48;2;38;3;183m[38;2;38;3;183m  [48;2;33;18;73m[38;2;40;11;166m▆[48;2;138;51;62m[38;2;28;8;90m▆[48;2;168;49;84m[38;2;25;10;83m▆▆[48;2;132;44;70m[38;2;23;7;80m▆[48;2;16;9;27m[38;2;40;12;179m▂[48;2;8;3;24m[38;2;39;10;180m▂▂[48;2;19;10;27m[38;2;44;14;179m▂[48;2;135;45;70m[38;2;26;7;80m▆[48;2;144;46;74m[38;2;26;9;81m▆▆[48;2;17;6;49m[38;2;37;3;185m▂[48;2;32;17;88m[38;2;33;2;173m▆[48;2;38;3;185m[38;2;38;3;185m            [0m
[48;2;40;2;185m[38;2;40;2;185m                                                            [0m
[48;2;40;2;185m[38;2;40;2;185m                                                            [0m
