[48;2;1;1;1m[38;2;1;1;1m                                                            [0m
[48;2;1;1;1m[38;2;1;1;1m                                                            [0m
[48;2;1;1;1m[38;2;1;1;1m                                                            [0m
[48;2;1;1;1m[38;2;1;1;1m                                      [48;2;2;2;2m[38;2;2;2;2m  [48;2;3;3;3m[38;2;3;3;3m  [48;2;1;1;1m[38;2;1;1;1m            [48;2;1;1;3m[38;2;1;1;3m  [48;2;1;1;1m[38;2;1;1;1m    [0m
[48;2;1;1;1m[38;2;1;1;1m                          [48;2;3;1;6m[38;2;3;1;6m  [48;2;1;1;3m[38;2;1;1;3m  [48;2;1;1;1m[38;2;1;1;1m      [48;2;2;0;1m[38;2;1;0;0m▗[48;2;5;4;4m[38;2;42;40;41m▗[48;2;56;51;55m[38;2;230;226;229m▃[48;2;147;142;146m[38;2;238;233;237m▇[48;2;147;145;148m[38;2;240;238;241m▇[48;2;125;123;126m[38;2;235;234;236m▇[48;2;36;34;37m[38;2;203;202;204m▃[48;2;7;5;8m[38;2;1;0;2m┃[48;2;1;1;3m[38;2;1;1;3m  [48;2;1;1;1m[38;2;1;1;1m      [48;2;3;1;4m[38;2;3;1;4m  [48;2;3;1;6m[38;2;3;1;6m  [48;2;2;0;3m[38;2;2;0;3m  [48;2;1;1;1m[38;2;1;1;1m  [0m
[48;2;1;1;1m[38;2;1;1;1m                        [48;2;1;1;3m[38;2;1;1;3m  [48;2;3;1;6m[38;2;3;1;6m    [48;2;2;0;3m[38;2;2;0;3m  [48;2;1;1;3m[38;2;1;1;3m  [48;2;2;0;3m[38;2;2;0;3m  [48;2;15;11;14m[38;2;0;0;0m [48;2;195;190;194m[38;2;51;46;50m▄[48;2;240;221;228m[38;2;201;75;96m▃[48;2;244;226;232m[38;2;207;81;102m▃[48;2;249;249;251m[38;2;249;249;251m  [48;2;146;144;147m[38;2;245;243;246m▊[48;2;1;0;2m[38;2;23;21;24m▄[48;2;1;1;3m[38;2;1;1;3m  [48;2;1;1;1m[38;2;1;1;1m    [48;2;3;1;6m[38;2;3;1;6m      [48;2;1;1;3m[38;2;1;1;3m  [48;2;1;1;1m[38;2;1;1;1m  [0m
[48;2;1;1;1m[38;2;1;1;1m                    [48;2;3;1;6m[38;2;3;1;6m    [48;2;3;1;4m[38;2;3;1;4m  [48;2;3;1;6m[38;2;3;1;6m    [48;2;2;0;3m[38;2;2;0;3m  [48;2;3;1;6m[38;2;3;1;6m    [48;2;3;0;0m[38;2;10;6;7m┃[48;2;37;33;34m[38;2;3;0;0m▊[48;2;202;65;95m[38;2;0;0;0m [48;2;59;26;22m[38;2;188;65;91m▄[48;2;232;141;159m[38;2;204;82;101m▊[48;2;249;246;251m[38;2;249;217;224m▎[48;2;135;130;134m[38;2;244;240;243m▊[48;2;3;0;2m[38;2;36;31;35m▎[48;2;1;1;3m[38;2;1;1;3m    [48;2;3;1;4m[38;2;3;1;4m  [48;2;3;1;6m[38;2;3;1;6m      [48;2;1;1;3m[38;2;1;1;3m  [48;2;1;1;1m[38;2;1;1;1m  [0m
[48;2;1;1;1m[38;2;1;1;1m                    [48;2;1;1;3m[38;2;1;1;3m  [48;2;3;1;6m[38;2;3;1;6m          [48;2;1;1;3m[38;2;1;1;3m  [48;2;3;1;4m[38;2;3;1;4m  [48;2;19;16;16m[38;2;0;0;0m [48;2;26;23;23m[38;2;215;212;213m▄[48;2;199;96;126m[38;2;238;226;227m▄[48;2;247;246;242m[38;2;241;213;219m▘[48;2;248;246;249m[38;2;248;246;249m  [48;2;243;242;244m[38;2;241;239;241m▄[48;2;226;224;227m[38;2;0;0;0m [48;2;19;17;20m[38;2;223;222;224m▄[48;2;10;9;11m[38;2;199;197;200m▄[48;2;4;2;5m[38;2;4;2;5m  [48;2;3;1;4m[38;2;3;1;4m  [48;2;3;1;6m[38;2;3;1;6m        [48;2;3;1;4m[38;2;3;1;4m  [0m
[48;2;1;1;1m[38;2;1;1;1m                    [48;2;2;2;4m[38;2;2;2;4m  [48;2;3;1;4m[38;2;3;1;4m  [48;2;3;1;6m[38;2;3;1;6m          [48;2;1;0;2m[38;2;12;10;13m│[48;2;77;75;78m[38;2;7;5;8m▊[48;2;207;207;209m[38;2;244;244;246m▆[48;2;243;243;245m[38;2;251;251;252m▌[48;2;250;250;252m[38;2;250;250;252m      [48;2;249;249;251m[38;2;249;249;251m  [48;2;149;144;148m[38;2;230;225;229m▇[48;2;21;16;20m[38;2;189;185;189m▄[48;2;1;1;3m[38;2;1;1;3m    [48;2;3;1;4m[38;2;3;1;4m  [48;2;3;1;6m[38;2;3;1;6m    [48;2;1;1;3m[38;2;1;1;3m  [0m
[48;2;1;1;1m[38;2;1;1;1m                [48;2;2;0;3m[38;2;2;0;3m  [48;2;3;1;4m[38;2;3;1;4m  [48;2;2;0;3m[38;2;2;0;3m  [48;2;1;1;1m[38;2;1;1;1m  [48;2;1;1;3m[38;2;1;1;3m    [48;2;2;0;3m[38;2;2;0;3m  [48;2;3;1;6m[38;2;3;1;6m    [48;2;14;12;15m[38;2;0;0;0m [48;2;40;38;41m[38;2;224;222;224m▄[48;2;248;248;250m[38;2;248;248;250m  [48;2;250;250;252m[38;2;250;250;252m        [48;2;250;248;250m[38;2;250;248;250m▄[48;2;84;82;85m[38;2;247;245;248m▊[48;2;1;1;3m[38;2;1;1;3m  [48;2;1;1;1m[38;2;1;1;1m    [48;2;2;0;3m[38;2;2;0;3m  [48;2;3;1;6m[38;2;3;1;6m  [48;2;1;1;1m[38;2;1;1;1m  [0m
[48;2;1;1;1m[38;2;1;1;1m            [48;2;1;1;3m[38;2;1;1;3m  [48;2;3;1;6m[38;2;3;1;6m      [48;2;1;1;3m[38;2;1;1;3m  [48;2;1;1;1m[38;2;1;1;1m      [48;2;1;1;3m[38;2;1;1;3m  [48;2;3;1;6m[38;2;3;1;6m    [48;2;67;65;66m[38;2;7;5;6m▊[48;2;250;248;249m[38;2;191;189;190m▎[48;2;250;250;252m[38;2;250;250;252m          [48;2;226;224;227m[38;2;0;0;0m [48;2;182;180;183m[38;2;20;18;21m▄[48;2;2;0;3m[38;2;2;0;3m  [48;2;1;1;3m[38;2;1;1;3m  [48;2;1;1;1m[38;2;1;1;1m        [0m
[48;2;1;1;1m[38;2;1;1;1m            [48;2;3;1;6m[38;2;3;1;6m      [48;2;3;1;4m[38;2;3;1;4m  [48;2;1;1;3m[38;2;1;1;3m  [48;2;1;1;1m[38;2;1;1;1m    [48;2;3;1;6m[38;2;3;1;6m  [48;2;1;1;3m[38;2;1;1;3m  [48;2;2;0;3m[38;2;2;0;3m  [48;2;3;1;6m[38;2;3;1;6m  [48;2;78;76;77m[38;2;7;5;6m▊[48;2;248;246;247m[38;2;201;199;200m▎[48;2;250;250;252m[38;2;250;250;252m        [48;2;249;249;251m[38;2;249;249;251m  [48;2;102;100;103m[38;2;223;221;224m▊[48;2;1;0;2m[38;2;19;17;20m▎[48;2;3;1;6m[38;2;3;1;6m  [48;2;1;1;1m[38;2;1;1;1m          [0m
[48;2;1;1;1m[38;2;1;1;1m            [48;2;1;1;3m[38;2;1;1;3m  [48;2;3;1;6m[38;2;3;1;6m  [48;2;2;0;3m[38;2;2;0;3m  [48;2;1;1;1m[38;2;1;1;1m  [48;2;3;1;6m[38;2;3;1;6m    [48;2;1;1;1m[38;2;1;1;1m      [48;2;1;1;3m[38;2;1;1;3m  [48;2;3;1;6m[38;2;3;1;6m  [48;2;68;66;67m[38;2;8;6;7m▊[48;2;251;249;250m[38;2;192;190;191m▎[48;2;250;250;252m[38;2;250;250;252m        [48;2;244;243;245m[38;2;0;0;0m [48;2;197;195;198m [48;2;3;1;6m[38;2;3;1;6m    [48;2;1;1;1m[38;2;1;1;1m          [0m
[48;2;1;1;1m[38;2;1;1;1m              [48;2;2;0;3m[38;2;2;0;3m  [48;2;1;1;3m[38;2;1;1;3m    [48;2;3;1;6m[38;2;3;1;6m  [48;2;3;1;4m[38;2;3;1;4m  [48;2;1;1;3m[38;2;1;1;3m  [48;2;1;1;1m[38;2;1;1;1m    [48;2;3;1;6m[38;2;3;1;6m  [48;2;2;0;3m[38;2;2;0;3m  [48;2;1;0;2m[38;2;18;16;19m▝[48;2;223;221;223m[38;2;40;38;41m▅[48;2;241;236;239m[38;2;117;90;99m▁[48;2;237;231;234m[38;2;171;144;153m▁[48;2;229;233;232m[38;2;82;62;69m▅[48;2;239;232;235m[38;2;118;88;98m▁[48;2;245;243;246m[38;2;91;89;92m▁▁▁▁[48;2;109;107;110m[38;2;215;213;216m▊[48;2;5;3;6m[38;2;32;30;33m▎[48;2;3;1;6m[38;2;3;1;6m    [48;2;1;1;1m[38;2;1;1;1m          [0m
[48;2;1;1;1m[38;2;1;1;1m                [48;2;3;1;4m[38;2;3;1;4m  [48;2;3;1;6m[38;2;3;1;6m  [48;2;2;0;3m[38;2;2;0;3m  [48;2;3;1;6m[38;2;3;1;6m  [48;2;2;0;3m[38;2;2;0;3m  [48;2;1;1;1m[38;2;1;1;1m    [48;2;3;1;6m[38;2;3;1;6m  [48;2;1;1;1m[38;2;1;1;1m  [48;2;1;1;3m[38;2;1;1;3m  [48;2;62;23;31m[38;2;11;5;10m▊[48;2;195;67;89m[38;2;123;37;45m▂[48;2;207;73;102m[38;2;0;0;0m [48;2;62;22;21m[38;2;209;78;106m▄[48;2;22;13;15m[38;2;202;192;196m▅[48;2;29;19;22m[38;2;196;186;190m▅[48;2;22;18;19m[38;2;232;228;229m▅▅[48;2;23;18;22m[38;2;202;198;202m▅[48;2;19;15;18m[38;2;128;123;127m▁[48;2;3;1;6m[38;2;3;1;6m  [48;2;1;1;3m[38;2;1;1;3m  [48;2;1;1;1m[38;2;1;1;1m          [0m
[48;2;1;1;1m[38;2;1;1;1m                    [48;2;0;0;0m[38;2;0;0;0m  [48;2;1;1;3m[38;2;1;1;3m  [48;2;1;1;1m[38;2;1;1;1m    [48;2;2;0;3m[38;2;2;0;3m  [48;2;1;1;3m[38;2;1;1;3m  [48;2;3;1;4m[38;2;3;1;4m  [48;2;2;0;3m[38;2;2;0;3m  [48;2;3;0;2m[38;2;13;8;12m▄[48;2;37;32;36m[38;2;163;158;162m▁[48;2;204;78;99m[38;2;223;210;214m▅[48;2;168;80;97m[38;2;76;61;64m┳[48;2;183;69;106m[38;2;198;185;187m▅[48;2;56;44;45m[38;2;228;232;230m▅[48;2;249;249;251m[38;2;249;249;251m  [48;2;248;248;249m[38;2;231;231;233m╵[48;2;237;237;238m[38;2;0;0;0m [48;2;73;69;72m[38;2;220;216;220m┓[48;2;12;8;11m[38;2;0;0;0m [48;2;3;1;6m[38;2;3;1;6m  [48;2;1;1;1m[38;2;1;1;1m          [0m
[48;2;1;1;1m[38;2;1;1;1m                        [48;2;1;1;3m[38;2;1;1;3m  [48;2;3;1;6m[38;2;3;1;6m  [48;2;2;0;3m[38;2;2;0;3m    [48;2;3;1;6m[38;2;3;1;6m  [48;2;1;1;3m[38;2;1;1;3m  [48;2;79;77;80m[38;2;8;6;9m▊[48;2;248;247;249m[38;2;202;200;203m▎[48;2;250;250;251m[38;2;0;0;0m [48;2;249;249;250m[38;2;211;211;213m▝[48;2;68;66;69m[38;2;233;232;234m▅[48;2;245;243;246m[38;2;0;0;0m [48;2;250;250;252m[38;2;250;250;252m    [48;2;111;109;112m[38;2;240;238;240m▊[48;2;1;0;2m[38;2;25;23;26m▎[48;2;1;1;1m[38;2;1;1;1m            [0m
[48;2;1;1;1m[38;2;1;1;1m                    [48;2;2;0;3m[38;2;2;0;3m  [48;2;1;1;1m[38;2;1;1;1m  [48;2;3;1;6m[38;2;3;1;6m    [48;2;1;1;3m[38;2;1;1;3m  [48;2;2;0;3m[38;2;2;0;3m  [48;2;1;1;3m[38;2;1;1;3m  [48;2;1;1;1m[38;2;1;1;1m  [48;2;79;77;80m[38;2;8;6;9m▊[48;2;248;247;249m[38;2;202;200;203m▎[48;2;250;250;252m[38;2;250;250;252m      [48;2;239;237;240m[38;2;0;0;0m [48;2;216;214;216m[38;2;65;63;66m▁[48;2;180;178;181m[38;2;14;12;15m▅[48;2;22;20;23m[38;2;1;0;2m┻[48;2;2;0;3m[38;2;2;0;3m  [48;2;1;1;1m[38;2;1;1;1m          [0m
[48;2;1;1;1m[38;2;1;1;1m                  [48;2;1;1;3m[38;2;1;1;3m  [48;2;2;0;3m[38;2;2;0;3m  [48;2;1;1;3m[38;2;1;1;3m  [48;2;3;1;6m[38;2;3;1;6m    [48;2;2;0;3m[38;2;2;0;3m  [48;2;1;1;3m[38;2;1;1;3m  [48;2;1;1;1m[38;2;1;1;1m    [48;2;79;77;80m[38;2;8;6;9m▊[48;2;248;247;249m[38;2;202;200;203m▎[48;2;250;250;252m[38;2;250;250;252m    [48;2;241;241;243m[38;2;251;251;252m▄[48;2;250;250;251m[38;2;240;240;242m▃[48;2;102;100;103m[38;2;203;201;204m▊[48;2;5;4;6m[38;2;29;27;30m▎[48;2;1;1;3m[38;2;1;1;3m    [48;2;1;1;1m[38;2;1;1;1m          [0m
[48;2;1;1;1m[38;2;1;1;1m                  [48;2;2;0;3m[38;2;2;0;3m    [48;2;3;1;6m[38;2;3;1;6m      [48;2;1;1;3m[38;2;1;1;3m  [48;2;1;1;1m[38;2;1;1;1m      [48;2;79;77;80m[38;2;8;6;9m▊[48;2;248;247;249m[38;2;202;200;203m▎[48;2;250;250;252m[38;2;250;250;252m    [48;2;244;242;244m[38;2;0;0;0m [48;2;201;199;202m[38;2;38;36;39m▁[48;2;4;2;5m[38;2;4;2;5m  [48;2;1;1;3m[38;2;1;1;3m    [48;2;1;1;1m[38;2;1;1;1m          [0m
[48;2;4;2;10m[38;2;23;2;126m▂▂▂▂▂▂▂▂▂▂▂▂▂▂▂▂▂▂[48;2;5;3;12m[38;2;24;2;129m▂▂[48;2;4;2;10m[38;2;23;2;126m▂▂[48;2;5;3;12m[38;2;24;2;129m▂▂▂▂▂▂[48;2;5;3;11m[38;2;24;3;127m▂▂[48;2;4;2;10m[38;2;23;2;126m▂▂▂▂▂▂[48;2;24;22;28m[38;2;40;21;141m▂[48;2;219;215;230m[38;2;59;30;200m▁[48;2;249;249;251m[38;2;249;249;251m  [48;2;250;250;252m[38;2;250;250;252m  [48;2;147;143;159m[38;2;241;239;240m▊[48;2;15;12;27m[38;2;32;8;154m▁[48;2;5;3;12m[38;2;24;2;129m▂▂▂▂▂▂[48;2;4;2;10m[38;2;23;2;126m▂▂▂▂▂▂▂▂▂▂[0m
[48;2;38;3;183m[38;2;38;3;183m                                    [48;2;47;11;198m[38;2;35;0;187m┃[48;2;82;51;207m[38;2;35;5;168m▊[48;2;249;249;250m[38;2;206;206;208m▎[48;2;241;241;243m[38;2;253;253;254m┃[48;2;250;250;252m[38;2;250;250;252m  [48;2;182;174;216m[38;2;247;245;242m▊[48;2;43;18;181m[38;2;191;179;231m▂[48;2;38;3;183m[38;2;38;3;183m                [0m
[48;2;38;3;183m[38;2;38;3;183m                                    [48;2;47;11;198m[38;2;35;0;187m┃[48;2;82;51;207m[38;2;35;5;168m▊[48;2;249;249;250m[38;2;206;206;208m▎[48;2;241;241;243m[38;2;253;253;254m┃[48;2;250;250;252m[38;2;250;250;252m  [48;2;251;251;249m[38;2;242;243;237m│[48;2;153;149;176m[38;2;244;241;254m▊[48;2;38;3;183m[38;2;38;3;183m                [0m
[48;2;38;3;185m[38;2;38;3;185m                                    [48;2;47;11;198m[38;2;35;0;187m┃[48;2;82;51;207m[38;2;35;5;168m▊[48;2;249;249;250m[38;2;206;206;208m▎[48;2;241;241;243m[38;2;253;253;254m┃[48;2;250;250;252m[38;2;250;250;252m  [48;2;237;236;242m[38;2;251;250;253m▊[48;2;193;192;198m[38;2;243;242;247m▊[48;2;46;16;178m[38;2;204;193;230m▂[48;2;36;6;182m[38;2;0;0;0m [48;2;38;3;185m[38;2;38;3;185m              [0m
[48;2;38;3;185m[38;2;38;3;185m                                    [48;2;32;0;175m[38;2;41;6;184m▌[48;2;56;21;199m[38;2;38;4;181m▌[48;2;228;227;229m[38;2;75;59;182m▂[48;2;246;244;249m[38;2;0;0;0m [48;2;250;250;252m[38;2;250;250;252m    [48;2;139;127;189m[38;2;243;241;248m▊[48;2;31;0;188m[38;2;60;37;171m▎[48;2;38;3;185m[38;2;38;3;185m              [0m
[48;2;38;3;185m[38;2;38;3;185m                                      [48;2;50;15;137m[38;2;48;5;188m▌[48;2;229;208;211m[38;2;203;77;114m▆[48;2;247;216;219m[38;2;211;85;118m▆[48;2;239;228;223m[38;2;203;105;128m▂[48;2;248;240;241m[38;2;0;0;0m [48;2;237;231;232m[38;2;221;92;133m▂[48;2;210;198;218m[38;2;179;83;131m▂[48;2;42;10;180m[38;2;0;0;0m [48;2;38;3;185m[38;2;38;3;185m              [0m
[48;2;38;3;185m[38;2;38;3;185m                                  [48;2;36;1;182m[38;2;36;5;158m▗[48;2;36;4;162m[38;2;36;25;57m▂[48;2;40;17;69m[38;2;203;63;94m▂▂[48;2;102;32;132m[38;2;211;75;100m▆[48;2;202;63;91m[38;2;220;80;107m▄[48;2;220;78;102m[38;2;220;78;102m  [48;2;237;189;190m[38;2;198;71;98m▆[48;2;218;71;105m[38;2;60;19;21m▃[48;2;182;62;94m[38;2;37;20;24m▃[48;2;46;11;173m[38;2;19;6;31m▂[48;2;38;3;185m[38;2;38;3;185m              [0m
[48;2;38;3;185m[38;2;38;3;185m                                  [48;2;37;0;190m[38;2;37;5;166m▝[48;2;37;24;65m[38;2;37;4;170m▆[48;2;148;47;76m[38;2;28;10;82m▆▆[48;2;167;48;81m[38;2;24;10;81m▆▆[48;2;160;41;74m[38;2;25;10;81m▆▆[48;2;132;44;70m[38;2;23;7;80m▆[48;2;16;9;27m[38;2;40;12;179m▂[48;2;17;7;45m[38;2;37;4;180m▂[48;2;32;18;83m[38;2;33;2;168m▆[48;2;38;3;185m[38;2;38;3;185m              [0m
[48;2;40;2;185m[38;2;40;2;185m                                                            [0m
[48;2;40;2;185m[38;2;40;2;185m                                                            [0m
