[48;2;1;1;1m[38;2;1;1;1m                                                            [0m
[48;2;1;1;1m[38;2;1;1;1m                                                            [0m
[48;2;1;1;1m[38;2;1;1;1m                                                            [0m
[48;2;1;1;1m[38;2;1;1;1m                                        [48;2;2;2;2m[38;2;2;2;2m  [48;2;3;3;3m[38;2;3;3;3m  [48;2;1;1;1m[38;2;1;1;1m          [48;2;1;1;3m[38;2;1;1;3m  [48;2;1;1;1m[38;2;1;1;1m    [0m
[48;2;1;1;1m[38;2;1;1;1m                          [48;2;3;1;6m[38;2;3;1;6m  [48;2;1;1;3m[38;2;1;1;3m  [48;2;1;1;1m[38;2;1;1;1m        [48;2;11;9;12m[38;2;4;2;5m▚[48;2;7;5;8m[38;2;1;0;2m▌[48;2;59;54;58m[38;2;233;228;232m▃[48;2;150;145;149m[38;2;240;236;239m▇[48;2;147;145;148m[38;2;244;242;245m▇[48;2;216;214;217m[38;2;0;0;0m [48;2;31;30;30m[38;2;197;196;197m▃[48;2;9;8;8m[38;2;0;0;0m [48;2;1;1;1m[38;2;1;1;1m      [48;2;3;1;4m[38;2;3;1;4m  [48;2;3;1;6m[38;2;3;1;6m  [48;2;2;0;3m[38;2;2;0;3m  [48;2;1;1;1m[38;2;1;1;1m  [0m
[48;2;1;1;1m[38;2;1;1;1m                        [48;2;1;1;3m[38;2;1;1;3m  [48;2;3;1;6m[38;2;3;1;6m    [48;2;2;0;3m[38;2;2;0;3m  [48;2;1;1;3m[38;2;1;1;3m  [48;2;2;0;3m[38;2;2;0;3m    [48;2;19;15;18m[38;2;0;0;0m [48;2;200;195;199m[38;2;57;52;56m▄[48;2;248;248;250m[38;2;248;248;250m  [48;2;250;250;252m[38;2;250;250;252m  [48;2;121;119;120m[38;2;243;241;242m▊[48;2;1;0;0m[38;2;23;21;22m▎[48;2;1;1;1m[38;2;1;1;1m    [48;2;3;1;6m[38;2;3;1;6m      [48;2;1;1;3m[38;2;1;1;3m  [48;2;1;1;1m[38;2;1;1;1m  [0m
[48;2;1;1;1m[38;2;1;1;1m                    [48;2;3;1;6m[38;2;3;1;6m    [48;2;3;1;4m[38;2;3;1;4m  [48;2;3;1;6m[38;2;3;1;6m    [48;2;2;0;3m[38;2;2;0;3m  [48;2;3;1;6m[38;2;3;1;6m    [48;2;1;1;3m[38;2;1;1;3m  [48;2;1;0;4m[38;2;8;6;11m│[48;2;67;65;70m[38;2;9;7;12m▊[48;2;255;255;255m[38;2;236;236;238m▌[48;2;252;252;253m[38;2;244;244;246m┃[48;2;250;250;252m[38;2;250;250;252m  [48;2;122;120;123m[38;2;244;242;244m▊[48;2;18;16;19m[38;2;1;0;2m┃[48;2;1;1;3m[38;2;1;1;3m  [48;2;3;1;4m[38;2;3;1;4m  [48;2;3;1;6m[38;2;3;1;6m      [48;2;1;1;3m[38;2;1;1;3m  [48;2;1;1;1m[38;2;1;1;1m  [0m
[48;2;1;1;1m[38;2;1;1;1m                    [48;2;1;1;3m[38;2;1;1;3m  [48;2;3;1;6m[38;2;3;1;6m          [48;2;1;1;3m[38;2;1;1;3m  [48;2;3;1;4m[38;2;3;1;4m  [48;2;4;2;5m[38;2;4;2;5m  [48;2;23;19;22m[38;2;0;0;0m [48;2;27;22;26m[38;2;222;217;221m▄[48;2;213;103;135m[38;2;229;235;231m▄[48;2;249;244;243m[38;2;0;0;0m [48;2;250;250;252m[38;2;250;250;252m  [48;2;217;217;219m[38;2;248;248;249m▇[48;2;216;216;218m[38;2;0;0;0m [48;2;15;14;16m[38;2;226;224;226m▄[48;2;13;11;14m[38;2;193;191;194m▄[48;2;4;2;5m[38;2;4;2;5m  [48;2;3;1;6m[38;2;3;1;6m        [48;2;3;1;4m[38;2;3;1;4m  [0m
[48;2;1;1;1m[38;2;1;1;1m                    [48;2;2;2;4m[38;2;2;2;4m  [48;2;3;1;4m[38;2;3;1;4m  [48;2;3;1;6m[38;2;3;1;6m            [48;2;80;75;79m[38;2;16;11;15m▊[48;2;240;236;239m[38;2;200;195;199m▎[48;2;184;184;186m[38;2;244;244;245m▇[48;2;250;250;251m[38;2;0;0;0m [48;2;250;250;252m[38;2;250;250;252m      [48;2;249;249;251m[38;2;249;249;251m  [48;2;85;80;84m[38;2;232;228;231m▊[48;2;8;4;7m[38;2;28;23;27m▁[48;2;3;1;4m[38;2;3;1;4m    [48;2;3;1;6m[38;2;3;1;6m    [48;2;1;1;3m[38;2;1;1;3m  [0m
[48;2;1;1;1m[38;2;1;1;1m                [48;2;2;0;3m[38;2;2;0;3m  [48;2;3;1;4m[38;2;3;1;4m  [48;2;2;0;3m[38;2;2;0;3m  [48;2;1;1;1m[38;2;1;1;1m  [48;2;1;1;3m[38;2;1;1;3m    [48;2;2;0;3m[38;2;2;0;3m  [48;2;3;1;6m[38;2;3;1;6m    [48;2;5;1;6m[38;2;14;9;15m│[48;2;73;68;74m[38;2;16;12;17m▊[48;2;244;244;246m[38;2;216;216;218m▘[48;2;243;243;245m[38;2;251;251;252m▊[48;2;250;250;252m[38;2;250;250;252m          [48;2;243;241;244m[38;2;252;250;252m▊[48;2;72;70;73m[38;2;231;229;232m▊[48;2;2;1;3m[38;2;18;16;19m▃[48;2;4;2;5m[38;2;7;5;8m▖[48;2;1;1;1m[38;2;1;1;1m  [48;2;2;0;3m[38;2;2;0;3m  [48;2;3;1;6m[38;2;3;1;6m  [48;2;1;1;1m[38;2;1;1;1m  [0m
[48;2;1;1;1m[38;2;1;1;1m            [48;2;1;1;3m[38;2;1;1;3m  [48;2;3;1;6m[38;2;3;1;6m      [48;2;1;1;3m[38;2;1;1;3m  [48;2;1;1;1m[38;2;1;1;1m      [48;2;1;1;3m[38;2;1;1;3m  [48;2;3;1;6m[38;2;3;1;6m    [48;2;69;64;68m[38;2;9;4;8m▊[48;2;252;247;251m[38;2;193;188;192m▎[48;2;250;250;252m[38;2;250;250;252m              [48;2;81;79;82m[38;2;232;230;232m▊[48;2;1;0;2m[38;2;13;11;14m│[48;2;1;1;1m[38;2;1;1;1m        [0m
[48;2;1;1;1m[38;2;1;1;1m            [48;2;3;1;6m[38;2;3;1;6m      [48;2;3;1;4m[38;2;3;1;4m  [48;2;1;1;3m[38;2;1;1;3m  [48;2;1;1;1m[38;2;1;1;1m    [48;2;3;1;6m[38;2;3;1;6m  [48;2;1;1;3m[38;2;1;1;3m  [48;2;2;0;3m[38;2;2;0;3m  [48;2;3;1;6m[38;2;3;1;6m  [48;2;70;65;69m[38;2;10;5;9m▊[48;2;252;248;252m[38;2;194;189;193m▎[48;2;250;250;252m[38;2;250;250;252m        [48;2;249;249;251m[38;2;249;249;251m  [48;2;225;221;224m[38;2;115;110;114m▁[48;2;227;222;226m[38;2;58;54;57m▄[48;2;250;250;252m[38;2;250;250;252m  [48;2;82;80;83m[38;2;232;231;233m▊[48;2;1;0;2m[38;2;14;12;15m│[48;2;1;1;1m[38;2;1;1;1m        [0m
[48;2;1;1;1m[38;2;1;1;1m            [48;2;1;1;3m[38;2;1;1;3m  [48;2;3;1;6m[38;2;3;1;6m  [48;2;2;0;3m[38;2;2;0;3m  [48;2;1;1;1m[38;2;1;1;1m  [48;2;3;1;6m[38;2;3;1;6m    [48;2;1;1;1m[38;2;1;1;1m      [48;2;1;1;3m[38;2;1;1;3m  [48;2;3;1;6m[38;2;3;1;6m  [48;2;70;65;69m[38;2;10;5;9m▊[48;2;252;248;252m[38;2;194;189;193m▎[48;2;250;250;252m[38;2;250;250;252m        [48;2;228;226;229m[38;2;0;0;0m [48;2;200;198;201m[38;2;34;32;35m▅[48;2;17;12;16m[38;2;3;0;2m▌[48;2;164;159;163m[38;2;11;7;10m▊[48;2;248;245;246m[38;2;209;205;206m▁▁[48;2;71;69;72m[38;2;215;213;215m▊[48;2;1;0;2m[38;2;12;10;13m│[48;2;1;1;1m[38;2;1;1;1m        [0m
[48;2;1;1;1m[38;2;1;1;1m              [48;2;2;0;3m[38;2;2;0;3m  [48;2;1;1;3m[38;2;1;1;3m    [48;2;3;1;6m[38;2;3;1;6m  [48;2;3;1;4m[38;2;3;1;4m  [48;2;1;1;3m[38;2;1;1;3m  [48;2;1;1;1m[38;2;1;1;1m    [48;2;3;1;6m[38;2;3;1;6m    [48;2;16;12;15m[38;2;0;0;0m [48;2;225;221;224m[38;2;42;37;41m▅[48;2;243;241;244m[38;2;0;0;0m [48;2;239;238;240m[38;2;115;113;116m▁[48;2;244;242;245m[38;2;90;88;91m▁▁[48;2;245;243;246m[38;2;91;89;92m▁▁[48;2;239;237;240m[38;2;95;93;96m▁[48;2;230;228;230m[38;2;112;110;113m▁[48;2;197;192;196m[38;2;58;54;57m▅[48;2;14;9;13m[38;2;18;13;17m▄[48;2;29;13;12m[38;2;137;53;73m▁[48;2;51;19;22m[38;2;199;64;102m▅[48;2;211;71;104m[38;2;221;135;151m▝[48;2;61;46;38m[38;2;193;126;136m▊[48;2;1;1;1m[38;2;1;1;1m          [0m
[48;2;1;1;1m[38;2;1;1;1m                [48;2;3;1;4m[38;2;3;1;4m  [48;2;3;1;6m[38;2;3;1;6m  [48;2;2;0;3m[38;2;2;0;3m  [48;2;3;1;6m[38;2;3;1;6m  [48;2;2;0;3m[38;2;2;0;3m  [48;2;1;1;1m[38;2;1;1;1m    [48;2;3;1;6m[38;2;3;1;6m  [48;2;1;1;1m[38;2;1;1;1m  [48;2;4;0;5m[38;2;12;7;13m┃[48;2;39;34;40m[38;2;3;0;4m▊[48;2;217;186;192m[38;2;195;72;109m▄[48;2;40;37;35m[38;2;226;220;219m▅[48;2;22;17;21m[38;2;232;227;231m▅▅[48;2;19;17;20m[38;2;229;227;230m▅▅[48;2;29;25;26m[38;2;234;230;231m▅[48;2;44;41;41m[38;2;234;231;232m▅[48;2;123;118;122m[38;2;241;236;240m▊[48;2;26;21;25m[38;2;8;4;7m┃[48;2;211;63;97m[38;2;47;16;15m▅[48;2;207;70;101m[38;2;72;45;38m▁[48;2;58;37;31m[38;2;182;62;81m▊[48;2;3;7;6m[38;2;17;0;7m┃[48;2;1;1;1m[38;2;1;1;1m          [0m
[48;2;1;1;1m[38;2;1;1;1m                    [48;2;0;0;0m[38;2;0;0;0m  [48;2;1;1;3m[38;2;1;1;3m  [48;2;1;1;1m[38;2;1;1;1m    [48;2;2;0;3m[38;2;2;0;3m  [48;2;1;1;3m[38;2;1;1;3m  [48;2;3;1;4m[38;2;3;1;4m  [48;2;17;12;18m[38;2;8;4;9m▊[48;2;50;45;51m[38;2;7;3;8m▊[48;2;208;98;133m[38;2;239;230;231m▅[48;2;241;243;241m[38;2;0;0;0m [48;2;250;250;252m[38;2;250;250;252m      [48;2;234;233;235m[38;2;0;0;0m [48;2;26;24;27m[38;2;196;194;197m▅[48;2;3;1;6m[38;2;3;1;6m    [48;2;1;1;1m[38;2;1;1;1m          [0m
[48;2;1;1;1m[38;2;1;1;1m                        [48;2;1;1;3m[38;2;1;1;3m  [48;2;3;1;6m[38;2;3;1;6m  [48;2;2;0;3m[38;2;2;0;3m    [48;2;3;1;6m[38;2;3;1;6m  [48;2;1;0;0m[38;2;13;11;12m│[48;2;78;76;77m[38;2;7;6;6m▊[48;2;249;249;251m[38;2;231;231;233m▌[38;2;255;255;255m▌[48;2;250;250;252m[38;2;250;250;252m      [48;2;249;249;250m[38;2;232;232;234m╵[48;2;238;238;239m[38;2;0;0;0m [48;2;76;72;75m[38;2;221;217;221m┓[48;2;13;8;12m[38;2;0;0;0m [48;2;1;1;1m[38;2;1;1;1m            [0m
[48;2;1;1;1m[38;2;1;1;1m                    [48;2;2;0;3m[38;2;2;0;3m  [48;2;1;1;1m[38;2;1;1;1m  [48;2;3;1;6m[38;2;3;1;6m    [48;2;1;1;3m[38;2;1;1;3m  [48;2;2;0;3m[38;2;2;0;3m  [48;2;1;1;3m[38;2;1;1;3m  [48;2;1;0;0m[38;2;13;11;12m│[48;2;78;76;77m[38;2;7;6;6m▊[48;2;249;249;251m[38;2;231;231;233m▌[38;2;255;255;255m▌[48;2;250;250;252m[38;2;250;250;252m        [48;2;234;232;235m[38;2;0;0;0m [48;2;31;30;32m[38;2;196;194;197m▅[48;2;2;0;3m[38;2;2;0;3m  [48;2;1;1;1m[38;2;1;1;1m          [0m
[48;2;1;1;1m[38;2;1;1;1m                  [48;2;1;1;3m[38;2;1;1;3m  [48;2;2;0;3m[38;2;2;0;3m  [48;2;1;1;3m[38;2;1;1;3m  [48;2;3;1;6m[38;2;3;1;6m    [48;2;2;0;3m[38;2;2;0;3m  [48;2;1;1;3m[38;2;1;1;3m  [48;2;1;1;1m[38;2;1;1;1m  [48;2;0;0;2m[38;2;3;3;5m▖[48;2;5;5;7m[38;2;26;26;28m▝[48;2;204;202;205m[38;2;33;32;34m▅[48;2;250;248;250m[38;2;223;221;224m▎[48;2;250;250;252m[38;2;250;250;252m        [48;2;246;244;247m[38;2;246;244;247m▄[48;2;92;90;93m[38;2;250;248;250m▊[48;2;2;0;3m[38;2;2;0;3m  [48;2;1;1;1m[38;2;1;1;1m          [0m
[48;2;1;1;1m[38;2;1;1;1m                  [48;2;2;0;3m[38;2;2;0;3m    [48;2;3;1;6m[38;2;3;1;6m      [48;2;1;1;3m[38;2;1;1;3m  [48;2;1;1;1m[38;2;1;1;1m      [48;2;3;0;2m[38;2;19;14;18m⎺[48;2;207;203;206m[38;2;41;37;40m▅[48;2;250;250;251m[38;2;232;232;234m▌[48;2;250;250;252m[38;2;255;255;255m▌[38;2;250;250;252m      [48;2;250;248;250m[38;2;250;248;250m▄[48;2;84;82;85m[38;2;247;245;248m▊[48;2;1;1;3m[38;2;1;1;3m  [48;2;1;1;1m[38;2;1;1;1m          [0m
[48;2;4;2;10m[38;2;23;2;126m▂▂▂▂▂▂▂▂▂▂▂▂▂▂▂▂▂▂[48;2;5;3;12m[38;2;24;2;129m▂▂[48;2;4;2;10m[38;2;23;2;126m▂▂[48;2;5;3;12m[38;2;24;2;129m▂▂▂▂▂▂[48;2;5;3;11m[38;2;24;3;127m▂▂[48;2;4;2;10m[38;2;23;2;126m▂▂▂▂▂▂[48;2;5;3;12m[38;2;30;8;135m▂[48;2;18;15;25m[38;2;27;5;131m▂[48;2;233;227;246m[38;2;52;46;77m▆[48;2;247;246;246m[38;2;226;222;234m▎[48;2;250;250;252m[38;2;250;250;252m      [48;2;171;167;185m[38;2;243;241;243m▊[48;2;201;199;205m[38;2;30;22;66m▆[48;2;5;3;12m[38;2;24;2;129m▂▂[48;2;4;2;10m[38;2;23;2;126m▂▂▂▂▂▂▂▂▂▂[0m
[48;2;38;3;183m[38;2;38;3;183m                                      [48;2;125;112;182m[38;2;35;9;187m▊[48;2;253;252;249m[38;2;217;216;214m▎[48;2;250;250;252m[38;2;250;250;252m      [48;2;161;147;208m[38;2;249;244;249m▊[48;2;40;5;194m[38;2;33;9;161m▌[48;2;38;3;183m[38;2;38;3;183m            [0m
[48;2;38;3;183m[38;2;38;3;183m                                      [48;2;125;112;182m[38;2;35;9;187m▊[48;2;253;252;249m[38;2;217;216;214m▎[48;2;250;250;252m[38;2;250;250;252m    [48;2;249;248;252m[38;2;233;232;238m╷[48;2;174;173;179m[38;2;244;243;247m▊[48;2;205;194;232m[38;2;47;16;180m▆[48;2;37;7;184m[38;2;0;0;0m [48;2;38;3;183m[38;2;38;3;183m            [0m
[48;2;38;3;185m[38;2;38;3;185m                                      [48;2;125;112;182m[38;2;35;9;187m▊[48;2;253;252;249m[38;2;217;216;214m▎[48;2;250;250;252m[38;2;250;250;252m    [48;2;252;251;247m[38;2;236;235;240m│[48;2;142;134;183m[38;2;245;242;251m▊[48;2;38;3;185m[38;2;38;3;185m              [0m
[48;2;38;3;185m[38;2;38;3;185m                                      [48;2;125;112;182m[38;2;35;9;187m▊[48;2;253;252;249m[38;2;217;216;214m▎[48;2;250;250;252m[38;2;250;250;252m    [48;2;173;164;208m[38;2;242;241;239m▊[48;2;189;178;227m[38;2;43;18;182m▆[48;2;38;3;185m[38;2;38;3;185m              [0m
[48;2;38;3;185m[38;2;38;3;185m                                      [48;2;44;9;182m[38;2;0;0;0m [48;2;202;190;223m[38;2;51;17;175m▆[48;2;238;219;209m[38;2;205;71;98m▆[48;2;235;219;206m[38;2;221;87;114m▆[48;2;246;235;238m[38;2;205;70;93m▂▂[48;2;210;198;218m[38;2;179;83;131m▂[48;2;42;10;180m[38;2;0;0;0m [48;2;38;3;185m[38;2;38;3;185m              [0m
[48;2;38;3;185m[38;2;38;3;185m                                    [48;2;39;4;184m[38;2;39;4;184m  [48;2;34;4;154m[38;2;23;16;25m▂[48;2;34;12;127m[38;2;23;15;33m▆[48;2;218;76;100m[38;2;218;76;100m  [48;2;219;75;100m[38;2;219;75;100m  [48;2;209;74;98m[38;2;137;61;85m▝[48;2;44;14;66m[38;2;193;65;96m▂[48;2;35;14;87m[38;2;159;51;77m▂[48;2;45;10;164m[38;2;17;14;43m▂[48;2;38;3;185m[38;2;38;3;185m            [0m
[48;2;38;3;185m[38;2;38;3;185m                                    [48;2;38;3;183m[38;2;38;3;183m  [48;2;17;9;34m[38;2;37;6;172m▆[48;2;16;8;33m[38;2;36;5;169m▂[48;2;148;48;74m[38;2;28;10;81m▆▆[48;2;167;48;81m[38;2;24;10;81m▆▆[48;2;155;54;83m[38;2;27;8;82m▆▆[48;2;53;17;63m[38;2;54;3;186m▂[48;2;28;10;80m[38;2;40;8;179m▆[48;2;38;3;185m[38;2;38;3;185m            [0m
[48;2;40;2;185m[38;2;40;2;185m                                                            [0m
[48;2;40;2;185m[38;2;40;2;185m                                                            [0m
