[48;2;1;1;1m[38;2;1;1;1m                                                            [0m
[48;2;1;1;1m[38;2;1;1;1m                                                            [0m
[48;2;1;1;1m[38;2;1;1;1m                                                            [0m
[48;2;1;1;1m[38;2;1;1;1m                                        [48;2;2;2;2m[38;2;2;2;2m  [48;2;3;3;3m[38;2;3;3;3m  [48;2;1;1;1m[38;2;1;1;1m          [48;2;1;1;3m[38;2;1;1;3m  [48;2;1;1;1m[38;2;1;1;1m    [0m
[48;2;1;1;1m[38;2;1;1;1m                          [48;2;3;1;6m[38;2;3;1;6m  [48;2;1;1;3m[38;2;1;1;3m  [48;2;1;1;1m[38;2;1;1;1m        [48;2;3;2;4m[38;2;19;17;20m╷[48;2;15;14;16m[38;2;0;0;0m [48;2;59;54;58m[38;2;233;228;232m▃[48;2;150;145;149m[38;2;240;236;239m▇[48;2;147;145;148m[38;2;244;242;245m▇[48;2;216;214;217m[38;2;0;0;0m [48;2;31;30;30m[38;2;197;196;197m▃[48;2;9;8;8m[38;2;0;0;0m [48;2;1;1;1m[38;2;1;1;1m      [48;2;3;1;4m[38;2;3;1;4m  [48;2;3;1;6m[38;2;3;1;6m  [48;2;2;0;3m[38;2;2;0;3m  [48;2;1;1;1m[38;2;1;1;1m  [0m
[48;2;1;1;1m[38;2;1;1;1m                        [48;2;1;1;3m[38;2;1;1;3m  [48;2;3;1;6m[38;2;3;1;6m    [48;2;2;0;3m[38;2;2;0;3m  [48;2;1;1;3m[38;2;1;1;3m  [48;2;2;0;3m[38;2;2;0;3m    [48;2;1;0;4m[38;2;15;13;18m▌[48;2;80;78;83m[38;2;9;7;12m▊[48;2;255;255;255m[38;2;236;236;238m▌[48;2;252;252;253m[38;2;244;244;246m┃[48;2;250;250;252m[38;2;250;250;252m  [48;2;121;119;120m[38;2;243;241;242m▊[48;2;1;0;0m[38;2;23;21;22m▎[48;2;1;1;1m[38;2;1;1;1m    [48;2;3;1;6m[38;2;3;1;6m      [48;2;1;1;3m[38;2;1;1;3m  [48;2;1;1;1m[38;2;1;1;1m  [0m
[48;2;1;1;1m[38;2;1;1;1m                    [48;2;3;1;6m[38;2;3;1;6m    [48;2;3;1;4m[38;2;3;1;4m  [48;2;3;1;6m[38;2;3;1;6m    [48;2;2;0;3m[38;2;2;0;3m  [48;2;3;1;6m[38;2;3;1;6m    [48;2;1;1;3m[38;2;1;1;3m  [48;2;1;0;4m[38;2;8;6;11m│[48;2;67;65;70m[38;2;9;7;12m▊[48;2;255;255;255m[38;2;236;236;238m▌[48;2;252;252;253m[38;2;244;244;246m┃[48;2;250;250;252m[38;2;250;250;252m  [48;2;121;119;122m[38;2;243;241;244m▊[48;2;1;0;2m[38;2;23;21;24m▎[48;2;1;1;3m[38;2;1;1;3m  [48;2;3;1;4m[38;2;3;1;4m  [48;2;3;1;6m[38;2;3;1;6m      [48;2;1;1;3m[38;2;1;1;3m  [48;2;1;1;1m[38;2;1;1;1m  [0m
[48;2;1;1;1m[38;2;1;1;1m                    [48;2;1;1;3m[38;2;1;1;3m  [48;2;3;1;6m[38;2;3;1;6m          [48;2;1;1;3m[38;2;1;1;3m  [48;2;3;1;4m[38;2;3;1;4m  [48;2;2;0;3m[38;2;2;0;3m  [48;2;17;15;20m[38;2;0;0;0m [48;2;39;37;42m[38;2;216;214;219m▄[48;2;248;248;250m[38;2;248;248;250m  [48;2;250;250;252m[38;2;250;250;252m  [48;2;231;229;232m[38;2;0;0;0m [48;2;20;18;21m[38;2;193;191;194m▄[48;2;4;2;7m[38;2;4;2;7m  [48;2;3;1;4m[38;2;3;1;4m  [48;2;3;1;6m[38;2;3;1;6m        [48;2;3;1;4m[38;2;3;1;4m  [0m
[48;2;1;1;1m[38;2;1;1;1m                    [48;2;2;2;4m[38;2;2;2;4m  [48;2;3;1;4m[38;2;3;1;4m  [48;2;3;1;6m[38;2;3;1;6m              [48;2;85;83;86m[38;2;12;10;13m▊[48;2;252;251;253m[38;2;208;206;209m▎[48;2;250;250;252m[38;2;250;250;252m    [48;2;249;249;251m[38;2;249;249;251m  [48;2;150;145;149m[38;2;231;226;230m▇[48;2;22;17;21m[38;2;190;186;189m▄[48;2;3;1;6m[38;2;3;1;6m  [48;2;3;1;4m[38;2;3;1;4m    [48;2;3;1;6m[38;2;3;1;6m    [48;2;1;1;3m[38;2;1;1;3m  [0m
[48;2;1;1;1m[38;2;1;1;1m                [48;2;2;0;3m[38;2;2;0;3m  [48;2;3;1;4m[38;2;3;1;4m  [48;2;2;0;3m[38;2;2;0;3m  [48;2;1;1;1m[38;2;1;1;1m  [48;2;1;1;3m[38;2;1;1;3m    [48;2;2;0;3m[38;2;2;0;3m  [48;2;3;1;6m[38;2;3;1;6m      [48;2;2;0;5m[38;2;10;8;13m│[48;2;99;97;102m[38;2;9;7;12m▊[48;2;255;253;255m[38;2;225;223;226m▌[48;2;251;249;252m[38;2;243;241;244m┃[48;2;250;250;252m[38;2;250;250;252m      [48;2;246;244;247m[38;2;246;244;247m▄[48;2;92;90;93m[38;2;250;248;250m▊[48;2;3;1;6m[38;2;3;1;6m  [48;2;2;0;3m[38;2;2;0;3m  [48;2;1;1;1m[38;2;1;1;1m  [48;2;2;0;3m[38;2;2;0;3m  [48;2;3;1;6m[38;2;3;1;6m  [48;2;1;1;1m[38;2;1;1;1m  [0m
[48;2;1;1;1m[38;2;1;1;1m            [48;2;1;1;3m[38;2;1;1;3m  [48;2;3;1;6m[38;2;3;1;6m      [48;2;1;1;3m[38;2;1;1;3m  [48;2;1;1;1m[38;2;1;1;1m      [48;2;1;1;3m[38;2;1;1;3m  [48;2;3;1;6m[38;2;3;1;6m      [48;2;2;0;5m[38;2;10;8;13m│[48;2;99;97;102m[38;2;9;7;12m▊[48;2;250;248;250m[38;2;207;205;208m▎[48;2;242;240;243m[38;2;253;252;254m┃[48;2;250;250;252m[38;2;250;250;252m      [48;2;246;244;247m[38;2;246;244;247m▄[48;2;92;90;93m[38;2;250;248;250m▊[48;2;3;1;6m[38;2;3;1;6m    [48;2;1;1;1m[38;2;1;1;1m        [0m
[48;2;1;1;1m[38;2;1;1;1m            [48;2;3;1;6m[38;2;3;1;6m      [48;2;3;1;4m[38;2;3;1;4m  [48;2;1;1;3m[38;2;1;1;3m  [48;2;1;1;1m[38;2;1;1;1m    [48;2;3;1;6m[38;2;3;1;6m  [48;2;1;1;3m[38;2;1;1;3m  [48;2;2;0;3m[38;2;2;0;3m  [48;2;3;1;6m[38;2;3;1;6m    [48;2;2;0;5m[38;2;10;8;13m│[48;2;99;97;102m[38;2;9;7;12m▊[48;2;250;248;250m[38;2;207;205;208m▎[48;2;242;240;243m[38;2;253;252;254m┃[48;2;250;250;252m[38;2;250;250;252m      [48;2;248;246;249m[38;2;248;246;249m▄[48;2;113;111;114m[38;2;244;242;245m▊[48;2;9;7;12m[38;2;96;94;99m▁[48;2;6;4;9m[38;2;0;0;0m [48;2;3;1;6m[38;2;3;1;6m  [48;2;1;1;1m[38;2;1;1;1m        [0m
[48;2;1;1;1m[38;2;1;1;1m            [48;2;1;1;3m[38;2;1;1;3m  [48;2;3;1;6m[38;2;3;1;6m  [48;2;2;0;3m[38;2;2;0;3m  [48;2;1;1;1m[38;2;1;1;1m  [48;2;3;1;6m[38;2;3;1;6m    [48;2;1;1;1m[38;2;1;1;1m      [48;2;1;1;3m[38;2;1;1;3m  [48;2;3;1;6m[38;2;3;1;6m    [48;2;2;0;5m[38;2;10;8;13m│[48;2;99;97;102m[38;2;9;7;12m▊[48;2;250;248;250m[38;2;207;205;208m▎[48;2;242;240;243m[38;2;253;252;254m┃[48;2;250;250;252m[38;2;250;250;252m    [48;2;184;179;183m[38;2;248;244;247m▊[48;2;212;209;212m[38;2;41;36;40m▄[48;2;244;244;245m[38;2;145;145;147m▁[48;2;246;246;247m[38;2;0;0;0m [48;2;86;81;85m[38;2;235;231;234m▊[48;2;4;0;3m[38;2;18;13;17m│[48;2;2;0;3m[38;2;2;0;3m  [48;2;1;1;1m[38;2;1;1;1m        [0m
[48;2;1;1;1m[38;2;1;1;1m              [48;2;2;0;3m[38;2;2;0;3m  [48;2;1;1;3m[38;2;1;1;3m    [48;2;3;1;6m[38;2;3;1;6m  [48;2;3;1;4m[38;2;3;1;4m  [48;2;1;1;3m[38;2;1;1;3m  [48;2;1;1;1m[38;2;1;1;1m    [48;2;3;1;6m[38;2;3;1;6m      [48;2;1;0;4m[38;2;14;12;17m▌[48;2;79;77;82m[38;2;8;6;11m▊[48;2;236;235;237m[38;2;83;81;84m▁[48;2;243;241;244m[38;2;89;87;90m▁[48;2;245;243;246m[38;2;91;89;92m▁▁[48;2;225;220;224m[38;2;95;90;94m▁[48;2;234;230;234m[38;2;36;32;35m▅[48;2;198;196;199m[38;2;51;49;52m▅[48;2;12;10;13m[38;2;0;0;0m [48;2;122;82;90m[38;2;15;10;7m▊[48;2;249;237;237m[38;2;215;88;125m▅[48;2;150;82;103m[38;2;238;212;219m▘[48;2;17;4;6m[38;2;0;6;2m▘[48;2;1;1;1m[38;2;1;1;1m          [0m
[48;2;1;1;1m[38;2;1;1;1m                [48;2;3;1;4m[38;2;3;1;4m  [48;2;3;1;6m[38;2;3;1;6m  [48;2;2;0;3m[38;2;2;0;3m  [48;2;3;1;6m[38;2;3;1;6m  [48;2;2;0;3m[38;2;2;0;3m  [48;2;1;1;1m[38;2;1;1;1m    [48;2;3;1;6m[38;2;3;1;6m  [48;2;1;1;1m[38;2;1;1;1m  [48;2;3;1;6m[38;2;3;1;6m  [48;2;12;8;13m[38;2;0;0;0m [48;2;27;22;28m[38;2;171;166;172m▁[48;2;22;18;21m[38;2;228;223;227m▅▅[48;2;19;17;20m[38;2;229;227;230m▅▅[48;2;29;25;26m[38;2;234;230;231m▅[48;2;44;41;41m[38;2;234;231;232m▅[48;2;146;140;144m[38;2;244;239;243m▊[48;2;25;20;23m[38;2;144;138;142m▁[48;2;77;23;26m[38;2;175;54;77m▄[48;2;206;73;100m[38;2;211;74;102m▄[48;2;58;36;31m[38;2;182;62;81m▊[48;2;7;4;7m[38;2;23;0;4m╷[48;2;1;1;1m[38;2;1;1;1m          [0m
[48;2;1;1;1m[38;2;1;1;1m                    [48;2;0;0;0m[38;2;0;0;0m  [48;2;1;1;3m[38;2;1;1;3m  [48;2;1;1;1m[38;2;1;1;1m    [48;2;2;0;3m[38;2;2;0;3m  [48;2;1;1;3m[38;2;1;1;3m  [48;2;3;1;4m[38;2;3;1;4m  [48;2;4;2;7m[38;2;4;2;7m  [48;2;37;33;36m[38;2;158;153;157m▁[48;2;247;243;246m[38;2;213;209;212m▎[48;2;250;250;252m[38;2;250;250;252m      [48;2;252;250;252m[38;2;244;242;245m┃[48;2;152;150;153m[38;2;243;242;244m▊[48;2;29;17;18m[38;2;150;129;134m▁[48;2;159;56;89m[38;2;22;9;10m▅[48;2;3;1;6m[38;2;3;1;6m  [48;2;1;1;1m[38;2;1;1;1m          [0m
[48;2;1;1;1m[38;2;1;1;1m                        [48;2;1;1;3m[38;2;1;1;3m  [48;2;3;1;6m[38;2;3;1;6m  [48;2;2;0;3m[38;2;2;0;3m    [48;2;3;1;6m[38;2;3;1;6m  [48;2;1;0;2m[38;2;12;10;13m│[48;2;77;75;78m[38;2;7;5;8m▊[48;2;249;249;251m[38;2;231;231;233m▌[38;2;255;255;255m▌[48;2;250;250;252m[38;2;250;250;252m        [48;2;135;130;134m[38;2;240;235;239m▊[48;2;22;18;21m[38;2;138;133;137m▁[48;2;1;1;1m[38;2;1;1;1m            [0m
[48;2;1;1;1m[38;2;1;1;1m                    [48;2;2;0;3m[38;2;2;0;3m  [48;2;1;1;1m[38;2;1;1;1m  [48;2;3;1;6m[38;2;3;1;6m    [48;2;1;1;3m[38;2;1;1;3m  [48;2;2;0;3m[38;2;2;0;3m  [48;2;1;1;3m[38;2;1;1;3m  [48;2;0;0;0m[38;2;5;5;5m▂[48;2;6;6;6m[38;2;19;19;19m▝[48;2;208;206;209m[38;2;39;37;40m▅[48;2;245;244;246m[38;2;223;221;224m▎[48;2;250;250;252m[38;2;250;250;252m        [48;2;249;249;250m[38;2;249;249;250m▄[48;2;83;83;85m[38;2;246;246;248m▊[48;2;2;0;5m[38;2;2;0;5m  [48;2;1;1;1m[38;2;1;1;1m          [0m
[48;2;1;1;1m[38;2;1;1;1m                  [48;2;1;1;3m[38;2;1;1;3m  [48;2;2;0;3m[38;2;2;0;3m  [48;2;1;1;3m[38;2;1;1;3m  [48;2;3;1;6m[38;2;3;1;6m    [48;2;2;0;3m[38;2;2;0;3m  [48;2;1;1;3m[38;2;1;1;3m  [48;2;1;1;1m[38;2;1;1;1m  [48;2;1;1;3m[38;2;1;1;3m  [48;2;18;13;19m[38;2;0;0;0m [48;2;209;205;210m[38;2;30;26;31m▅[48;2;230;229;231m[38;2;66;64;67m▁[48;2;244;242;245m[38;2;0;0;0m [48;2;250;250;252m[38;2;250;250;252m      [48;2;244;244;246m[38;2;0;0;0m [48;2;235;235;237m [48;2;81;77;80m[38;2;221;217;221m┓[48;2;3;0;2m[38;2;10;5;9m▄[48;2;1;1;1m[38;2;1;1;1m          [0m
[48;2;1;1;1m[38;2;1;1;1m                  [48;2;2;0;3m[38;2;2;0;3m    [48;2;3;1;6m[38;2;3;1;6m      [48;2;1;1;3m[38;2;1;1;3m  [48;2;1;1;1m[38;2;1;1;1m      [48;2;3;1;6m[38;2;3;1;6m  [48;2;84;79;83m[38;2;8;5;7m▊[48;2;240;236;239m[38;2;102;97;101m▂[48;2;249;249;251m[38;2;249;249;251m  [48;2;250;250;252m[38;2;250;250;252m      [48;2;80;75;79m[38;2;240;235;239m▊[48;2;3;0;2m[38;2;21;16;20m│[48;2;1;1;1m[38;2;1;1;1m          [0m
[48;2;4;2;10m[38;2;23;2;126m▂▂▂▂▂▂▂▂▂▂▂▂▂▂▂▂▂▂[48;2;5;3;12m[38;2;24;2;129m▂▂[48;2;4;2;10m[38;2;23;2;126m▂▂[48;2;5;3;12m[38;2;24;2;129m▂▂▂▂▂▂[48;2;5;3;11m[38;2;24;3;127m▂▂[48;2;4;2;10m[38;2;23;2;126m▂▂▂▂▂▂[48;2;5;3;12m[38;2;24;2;129m▂▂[48;2;4;2;9m[38;2;20;2;123m▂[48;2;36;31;51m[38;2;56;30;183m▁[48;2;255;255;255m[38;2;237;237;239m▌[48;2;253;253;254m[38;2;245;245;247m┃[48;2;250;250;252m[38;2;250;250;252m    [48;2;249;248;251m[38;2;235;234;239m╷[48;2;152;151;156m[38;2;240;239;242m▊[48;2;161;156;165m[38;2;20;10;63m▅[48;2;10;5;24m[38;2;45;16;170m▁[48;2;4;2;10m[38;2;23;2;126m▂▂▂▂▂▂▂▂▂▂[0m
[48;2;38;3;183m[38;2;38;3;183m                                      [48;2;33;0;176m[38;2;40;5;183m▝[48;2;57;22;200m[38;2;35;2;178m▄[48;2;227;223;237m[38;2;75;53;189m▆[48;2;251;249;246m[38;2;221;218;224m▎[48;2;250;250;252m[38;2;250;250;252m    [48;2;239;238;244m[38;2;0;0;0m [48;2;207;202;228m[38;2;62;43;175m▂[48;2;38;3;185m[38;2;38;3;185m  [48;2;38;3;183m[38;2;38;3;183m          [0m
[48;2;38;3;183m[38;2;38;3;183m                                        [48;2;127;110;202m[38;2;37;10;182m▊[48;2;254;253;246m[38;2;219;214;234m▎[48;2;250;250;252m[38;2;250;250;252m    [48;2;161;147;208m[38;2;249;244;249m▊[48;2;40;5;194m[38;2;33;9;161m▌[48;2;38;3;183m[38;2;38;3;183m            [0m
[48;2;38;3;185m[38;2;38;3;185m                                      [48;2;46;11;189m[38;2;35;2;178m▄[48;2;35;2;178m[38;2;46;11;189m▄[48;2;69;45;185m[38;2;227;223;237m▂[48;2;249;248;246m[38;2;218;214;222m▎[48;2;250;250;252m[38;2;250;250;252m  [48;2;249;248;252m[38;2;233;232;238m╷[48;2;174;173;179m[38;2;244;243;247m▊[48;2;202;188;237m[38;2;39;11;185m▆[48;2;41;9;180m[38;2;0;0;0m [48;2;38;3;185m[38;2;38;3;185m            [0m
[48;2;38;3;185m[38;2;38;3;185m                                      [48;2;31;3;158m[38;2;41;6;190m┃[48;2;134;114;199m[38;2;40;9;188m▊[48;2;248;248;250m[38;2;248;248;250m  [48;2;250;250;252m[38;2;250;250;252m  [48;2;173;164;208m[38;2;242;241;239m▊[48;2;189;178;227m[38;2;43;18;182m▆[48;2;38;3;185m[38;2;38;3;185m              [0m
[48;2;38;3;185m[38;2;38;3;185m                                      [48;2;39;6;165m[38;2;47;8;195m┃[48;2;74;51;139m[38;2;40;6;187m▊[48;2;235;214;206m[38;2;211;74;104m▆[48;2;239;219;210m[38;2;217;80;110m▆[48;2;239;229;233m[38;2;194;77;116m▂[48;2;232;222;226m[38;2;188;71;110m▂[48;2;170;156;211m[38;2;43;10;189m▆[48;2;42;8;181m[38;2;0;0;0m [48;2;38;3;185m[38;2;38;3;185m              [0m
[48;2;38;3;185m[38;2;38;3;185m                                    [48;2;39;4;184m[38;2;39;4;184m  [48;2;57;10;184m[38;2;20;6;39m▃[48;2;81;34;74m[38;2;189;63;99m━[48;2;220;76;101m[38;2;220;76;101m  [48;2;216;74;100m[38;2;216;74;100m  [48;2;86;40;145m[38;2;200;65;95m▅[48;2;43;15;65m[38;2;192;63;86m▂[48;2;35;14;87m[38;2;159;51;77m▂[48;2;45;10;164m[38;2;17;14;43m▂[48;2;38;3;185m[38;2;38;3;185m            [0m
[48;2;38;3;185m[38;2;38;3;185m                                    [48;2;38;3;183m[38;2;38;3;183m  [48;2;17;9;34m[38;2;37;6;172m▆[48;2;16;8;33m[38;2;36;5;169m▂[48;2;148;48;74m[38;2;28;10;81m▆▆[48;2;167;48;81m[38;2;24;10;81m▆▆[48;2;155;54;83m[38;2;27;8;82m▆▆[48;2;53;17;63m[38;2;54;3;186m▂[48;2;28;10;80m[38;2;40;8;179m▆[48;2;38;3;185m[38;2;38;3;185m            [0m
[48;2;40;2;185m[38;2;40;2;185m                                                            [0m
[48;2;40;2;185m[38;2;40;2;185m                                                            [0m
