[48;2;1;1;1m[38;2;1;1;1m                                                            [0m
[48;2;1;1;1m[38;2;1;1;1m                                                            [0m
[48;2;1;1;1m[38;2;1;1;1m                                                            [0m
[48;2;1;1;1m[38;2;1;1;1m                                                      [48;2;1;1;3m[38;2;1;1;3m  [48;2;1;1;1m[38;2;1;1;1m    [0m
[48;2;1;1;1m[38;2;1;1;1m                          [48;2;3;1;6m[38;2;3;1;6m  [48;2;1;1;3m[38;2;1;1;3m  [48;2;1;1;1m[38;2;1;1;1m        [48;2;3;1;4m[38;2;3;1;4m  [48;2;25;20;24m[38;2;0;0;0m [48;2;32;27;31m[38;2;228;225;228m▃[48;2;32;30;33m[38;2;242;241;243m▃▃[48;2;30;28;29m[38;2;203;201;202m▃[48;2;5;3;4m[38;2;1;0;0m┃[48;2;1;1;1m[38;2;1;1;1m      [48;2;3;1;4m[38;2;3;1;4m  [48;2;3;1;6m[38;2;3;1;6m  [48;2;2;0;3m[38;2;2;0;3m  [48;2;1;1;1m[38;2;1;1;1m  [0m
[48;2;1;1;1m[38;2;1;1;1m                        [48;2;1;1;3m[38;2;1;1;3m  [48;2;3;1;6m[38;2;3;1;6m    [48;2;2;0;3m[38;2;2;0;3m  [48;2;1;1;3m[38;2;1;1;3m  [48;2;2;0;3m[38;2;2;0;3m    [48;2;1;0;4m[38;2;16;14;19m▎[48;2;71;69;74m[38;2;9;7;12m▊[48;2;163;161;164m[38;2;236;234;236m▇[48;2;250;248;250m[38;2;235;233;236m╺[48;2;246;235;235m[38;2;0;0;0m [48;2;240;240;237m[38;2;213;96;131m▄[48;2;238;233;233m[38;2;183;84;115m▄[48;2;176;173;172m[38;2;43;35;34m▄[48;2;1;1;1m[38;2;1;1;1m    [48;2;3;1;6m[38;2;3;1;6m      [48;2;1;1;3m[38;2;1;1;3m  [48;2;1;1;1m[38;2;1;1;1m  [0m
[48;2;1;1;1m[38;2;1;1;1m                    [48;2;3;1;6m[38;2;3;1;6m    [48;2;3;1;4m[38;2;3;1;4m  [48;2;3;1;6m[38;2;3;1;6m    [48;2;2;0;3m[38;2;2;0;3m  [48;2;3;1;6m[38;2;3;1;6m    [48;2;1;1;3m[38;2;1;1;3m  [48;2;1;0;4m[38;2;8;6;11m│[48;2;67;65;70m[38;2;9;7;12m▊[48;2;250;246;249m[38;2;213;208;212m▎[48;2;213;208;212m[38;2;250;246;249m▊[48;2;221;101;121m[38;2;212;70;97m▆[48;2;187;62;84m[38;2;218;70;100m▄[48;2;37;20;21m[38;2;175;66;98m▃[48;2;11;5;4m[38;2;0;0;0m [48;2;1;1;3m[38;2;1;1;3m  [48;2;3;1;4m[38;2;3;1;4m  [48;2;3;1;6m[38;2;3;1;6m      [48;2;1;1;3m[38;2;1;1;3m  [48;2;1;1;1m[38;2;1;1;1m  [0m
[48;2;1;1;1m[38;2;1;1;1m                    [48;2;1;1;3m[38;2;1;1;3m  [48;2;3;1;6m[38;2;3;1;6m          [48;2;1;1;3m[38;2;1;1;3m  [48;2;3;1;4m[38;2;3;1;4m  [48;2;12;10;13m[38;2;4;3;5m▚[48;2;8;6;9m[38;2;1;0;2m▌[48;2;12;11;13m[38;2;222;220;223m▄[48;2;39;37;40m[38;2;228;226;228m▄[48;2;239;234;238m[38;2;255;252;255m┃[48;2;216;211;215m[38;2;246;241;245m▊[48;2;210;68;94m[38;2;206;64;90m▌[48;2;222;80;106m[38;2;217;75;101m▌[48;2;117;43;56m[38;2;213;70;97m▊[48;2;4;3;7m[38;2;33;23;22m▎[48;2;3;1;6m[38;2;3;1;6m  [48;2;3;1;4m[38;2;3;1;4m  [48;2;3;1;6m[38;2;3;1;6m        [48;2;3;1;4m[38;2;3;1;4m  [0m
[48;2;1;1;1m[38;2;1;1;1m                    [48;2;2;2;4m[38;2;2;2;4m  [48;2;3;1;4m[38;2;3;1;4m  [48;2;3;1;6m[38;2;3;1;6m          [48;2;10;8;13m▚[48;2;6;4;9m[38;2;1;0;4m▌[48;2;33;31;34m[38;2;220;218;221m▄[48;2;176;174;177m[38;2;243;241;243m▇[48;2;250;250;252m[38;2;250;250;252m    [48;2;241;236;234m[38;2;0;0;0m [48;2;210;99;132m[38;2;243;232;235m▄[48;2;192;190;193m[38;2;247;245;248m▇[48;2;223;221;224m[38;2;0;0;0m [48;2;22;17;21m[38;2;185;180;184m▄[48;2;9;4;8m[38;2;0;0;0m [48;2;3;1;6m[38;2;3;1;6m  [48;2;3;1;4m[38;2;3;1;4m    [48;2;3;1;6m[38;2;3;1;6m    [48;2;1;1;3m[38;2;1;1;3m  [0m
[48;2;1;1;1m[38;2;1;1;1m                [48;2;2;0;3m[38;2;2;0;3m  [48;2;3;1;4m[38;2;3;1;4m  [48;2;2;0;3m[38;2;2;0;3m  [48;2;1;1;1m[38;2;1;1;1m  [48;2;1;1;3m[38;2;1;1;3m    [48;2;2;0;3m[38;2;2;0;3m  [48;2;3;1;6m[38;2;3;1;6m    [48;2;1;0;4m[38;2;13;11;16m│[48;2;78;76;81m[38;2;7;6;10m▊[48;2;250;250;251m[38;2;232;232;234m▌[48;2;250;250;252m[38;2;255;255;255m▌[38;2;250;250;252m        [48;2;111;109;112m[38;2;240;238;240m▊[48;2;1;0;2m[38;2;25;23;26m▎[48;2;3;1;6m[38;2;3;1;6m  [48;2;2;0;3m[38;2;2;0;3m  [48;2;1;1;1m[38;2;1;1;1m  [48;2;2;0;3m[38;2;2;0;3m  [48;2;3;1;6m[38;2;3;1;6m  [48;2;1;1;1m[38;2;1;1;1m  [0m
[48;2;1;1;1m[38;2;1;1;1m            [48;2;1;1;3m[38;2;1;1;3m  [48;2;3;1;6m[38;2;3;1;6m      [48;2;1;1;3m[38;2;1;1;3m  [48;2;1;1;1m[38;2;1;1;1m      [48;2;1;1;3m[38;2;1;1;3m  [48;2;3;1;6m[38;2;3;1;6m    [48;2;1;0;4m[38;2;12;10;15m│[48;2;77;75;80m[38;2;7;5;10m▊[48;2;237;235;238m[38;2;165;163;166m▁[48;2;255;254;255m[38;2;253;251;254m▄[48;2;250;250;252m[38;2;250;250;252m      [48;2;241;231;231m[38;2;218;155;171m▁[48;2;240;233;230m[38;2;210;78;118m▄[48;2;210;190;199m[38;2;199;73;94m▄[48;2;33;12;20m[38;2;190;64;85m▄[48;2;44;17;23m[38;2;203;71;114m▖[48;2;7;3;2m[38;2;0;0;0m [48;2;3;1;6m[38;2;3;1;6m  [48;2;1;1;1m[38;2;1;1;1m        [0m
[48;2;1;1;1m[38;2;1;1;1m            [48;2;3;1;6m[38;2;3;1;6m      [48;2;3;1;4m[38;2;3;1;4m  [48;2;1;1;3m[38;2;1;1;3m  [48;2;1;1;1m[38;2;1;1;1m    [48;2;3;1;6m[38;2;3;1;6m  [48;2;1;1;3m[38;2;1;1;3m  [48;2;2;0;3m[38;2;2;0;3m  [48;2;3;1;6m[38;2;3;1;6m    [48;2;80;78;81m[38;2;8;7;9m▊[48;2;249;247;250m[38;2;203;201;204m▎[48;2;250;250;252m[38;2;250;250;252m    [48;2;253;252;254m[38;2;247;245;248m▃[48;2;245;243;246m[38;2;232;230;233m▝[48;2;214;69;94m[38;2;242;227;230m▅[48;2;194;104;120m[38;2;235;216;219m┓[48;2;46;14;22m[38;2;178;60;97m▘[48;2;12;6;6m[38;2;0;0;0m [48;2;3;1;6m[38;2;3;1;6m    [48;2;1;1;1m[38;2;1;1;1m        [0m
[48;2;1;1;1m[38;2;1;1;1m            [48;2;1;1;3m[38;2;1;1;3m  [48;2;3;1;6m[38;2;3;1;6m  [48;2;2;0;3m[38;2;2;0;3m  [48;2;1;1;1m[38;2;1;1;1m  [48;2;3;1;6m[38;2;3;1;6m    [48;2;1;1;1m[38;2;1;1;1m      [48;2;1;1;3m[38;2;1;1;3m  [48;2;3;1;6m[38;2;3;1;6m    [48;2;16;11;17m[38;2;0;0;0m [48;2;229;224;230m[38;2;55;50;56m▅[48;2;244;242;245m[38;2;240;238;241m▌[48;2;255;253;255m[38;2;251;249;252m▌[48;2;250;250;252m[38;2;250;250;252m    [48;2;245;243;246m[38;2;0;0;0m [48;2;198;196;199m [48;2;3;1;6m[38;2;3;1;6m    [48;2;2;0;3m[38;2;2;0;3m  [48;2;1;1;1m[38;2;1;1;1m        [0m
[48;2;1;1;1m[38;2;1;1;1m              [48;2;2;0;3m[38;2;2;0;3m  [48;2;1;1;3m[38;2;1;1;3m    [48;2;3;1;6m[38;2;3;1;6m  [48;2;3;1;4m[38;2;3;1;4m  [48;2;1;1;3m[38;2;1;1;3m  [48;2;1;1;1m[38;2;1;1;1m    [48;2;3;1;6m[38;2;3;1;6m      [38;2;9;7;12m┃[48;2;7;5;10m[38;2;40;38;43m▝[48;2;232;226;230m[38;2;65;59;63m▅▅[48;2;239;236;237m[38;2;63;59;60m▅▅[48;2;235;230;234m[38;2;71;66;70m▅[48;2;236;232;236m[38;2;80;75;79m▅[48;2;110;105;109m[38;2;216;211;215m▊[48;2;5;1;4m[38;2;32;27;31m▎[48;2;3;1;6m[38;2;3;1;6m    [48;2;1;1;1m[38;2;1;1;1m          [0m
[48;2;1;1;1m[38;2;1;1;1m                [48;2;3;1;4m[38;2;3;1;4m  [48;2;3;1;6m[38;2;3;1;6m  [48;2;2;0;3m[38;2;2;0;3m  [48;2;3;1;6m[38;2;3;1;6m  [48;2;2;0;3m[38;2;2;0;3m  [48;2;1;1;1m[38;2;1;1;1m    [48;2;3;1;6m[38;2;3;1;6m  [48;2;1;1;1m[38;2;1;1;1m  [48;2;3;1;6m[38;2;3;1;6m  [48;2;9;5;10m[38;2;30;25;31m▁[48;2;40;35;41m[38;2;160;155;161m▁[48;2;255;254;255m[38;2;238;236;239m▌[48;2;253;252;254m[38;2;246;244;247m┃[48;2;250;250;252m[38;2;250;250;252m  [48;2;248;248;249m[38;2;231;231;233m╵[48;2;237;237;238m[38;2;0;0;0m [48;2;21;16;20m[38;2;204;200;203m▅[48;2;20;16;19m[38;2;137;132;136m▁[48;2;3;1;6m[38;2;3;1;6m  [48;2;1;1;3m[38;2;1;1;3m  [48;2;1;1;1m[38;2;1;1;1m          [0m
[48;2;1;1;1m[38;2;1;1;1m                    [48;2;0;0;0m[38;2;0;0;0m  [48;2;1;1;3m[38;2;1;1;3m  [48;2;1;1;1m[38;2;1;1;1m    [48;2;2;0;3m[38;2;2;0;3m  [48;2;1;1;3m[38;2;1;1;3m  [48;2;3;1;4m[38;2;3;1;4m  [48;2;3;1;6m[38;2;3;1;6m  [48;2;79;77;80m[38;2;8;6;9m▊[48;2;248;247;249m[38;2;202;200;203m▎[48;2;250;250;252m[38;2;250;250;252m      [48;2;248;248;249m[38;2;231;231;233m╵[48;2;237;237;238m[38;2;0;0;0m [48;2;73;69;72m[38;2;220;216;220m┓[48;2;12;8;11m[38;2;0;0;0m [48;2;3;1;6m[38;2;3;1;6m  [48;2;1;1;1m[38;2;1;1;1m          [0m
[48;2;1;1;1m[38;2;1;1;1m                        [48;2;1;1;3m[38;2;1;1;3m  [48;2;3;1;6m[38;2;3;1;6m  [48;2;2;0;3m[38;2;2;0;3m    [48;2;3;1;6m[38;2;3;1;6m  [48;2;2;0;3m[38;2;2;0;3m  [48;2;59;54;58m[38;2;13;8;12m▊[48;2;237;233;237m[38;2;124;119;123m▂[48;2;250;250;252m[38;2;250;250;252m        [48;2;232;231;233m[38;2;0;0;0m [48;2;80;78;81m[38;2;222;221;223m┓[48;2;1;1;3m[38;2;1;1;3m  [48;2;1;1;1m[38;2;1;1;1m          [0m
[48;2;1;1;1m[38;2;1;1;1m                    [48;2;2;0;3m[38;2;2;0;3m  [48;2;1;1;1m[38;2;1;1;1m  [48;2;3;1;6m[38;2;3;1;6m    [48;2;1;1;3m[38;2;1;1;3m  [48;2;2;0;3m[38;2;2;0;3m  [48;2;1;1;3m[38;2;1;1;3m    [48;2;1;0;4m[38;2;3;1;6m▘[48;2;5;3;8m[38;2;41;39;44m▝[48;2;210;208;211m[38;2;41;39;42m▅[48;2;247;245;248m[38;2;225;223;225m▎[48;2;250;250;252m[38;2;250;250;252m      [48;2;244;244;246m[38;2;0;0;0m [48;2;235;235;237m [48;2;73;71;74m[38;2;225;223;226m┓[48;2;1;0;2m[38;2;2;0;3m▄[48;2;1;1;1m[38;2;1;1;1m          [0m
[48;2;1;1;1m[38;2;1;1;1m                  [48;2;1;1;3m[38;2;1;1;3m  [48;2;2;0;3m[38;2;2;0;3m  [48;2;1;1;3m[38;2;1;1;3m  [48;2;3;1;6m[38;2;3;1;6m    [48;2;2;0;3m[38;2;2;0;3m  [48;2;1;1;3m[38;2;1;1;3m  [48;2;1;1;1m[38;2;1;1;1m  [48;2;1;1;3m[38;2;1;1;3m  [48;2;3;1;6m[38;2;3;1;6m  [48;2;18;14;19m[38;2;0;0;0m [48;2;211;206;212m[38;2;32;28;33m▅[48;2;231;229;232m[38;2;71;69;72m▁[48;2;245;244;246m[38;2;0;0;0m [48;2;250;250;252m[38;2;250;250;252m      [48;2;89;84;88m[38;2;240;236;240m▊[48;2;3;0;2m[38;2;12;7;11m│[48;2;1;1;1m[38;2;1;1;1m          [0m
[48;2;1;1;1m[38;2;1;1;1m                  [48;2;2;0;3m[38;2;2;0;3m    [48;2;3;1;6m[38;2;3;1;6m      [48;2;1;1;3m[38;2;1;1;3m  [48;2;1;1;1m[38;2;1;1;1m      [48;2;3;1;6m[38;2;3;1;6m    [48;2;86;81;85m[38;2;9;5;8m▊[48;2;241;237;241m[38;2;104;99;103m▂[48;2;250;250;252m[38;2;250;250;252m    [48;2;255;255;255m[38;2;241;241;243m━[48;2;239;239;241m[38;2;0;0;0m [48;2;75;71;74m[38;2;199;195;199m▊[48;2;3;0;2m[38;2;10;5;9m╏[48;2;1;1;1m[38;2;1;1;1m          [0m
[48;2;4;2;10m[38;2;23;2;126m▂▂▂▂▂▂▂▂▂▂▂▂▂▂▂▂▂▂[48;2;5;3;12m[38;2;24;2;129m▂▂[48;2;4;2;10m[38;2;23;2;126m▂▂[48;2;5;3;12m[38;2;24;2;129m▂▂▂▂▂▂[48;2;5;3;11m[38;2;24;3;127m▂▂[48;2;4;2;10m[38;2;23;2;126m▂▂▂▂▂▂[48;2;5;3;12m[38;2;24;2;129m▂▂▂▂[48;2;9;4;12m[38;2;26;4;127m▂[48;2;38;31;51m[38;2;58;31;183m▁[48;2;244;242;245m[38;2;240;238;241m▌[48;2;255;253;255m[38;2;251;249;252m▌[48;2;250;250;252m[38;2;250;250;252m  [48;2;242;239;241m[38;2;0;0;0m [48;2;82;77;112m[38;2;201;195;223m▊[48;2;5;3;12m[38;2;24;2;129m▂▂[48;2;4;2;10m[38;2;23;2;126m▂▂▂▂▂▂▂▂▂▂[0m
[48;2;38;3;183m[38;2;38;3;183m                                        [48;2;95;72;189m[38;2;42;14;174m▊[48;2;98;75;187m[38;2;240;233;248m▅[48;2;250;250;252m[38;2;250;250;252m    [48;2;161;147;208m[38;2;249;244;249m▊[48;2;40;5;194m[38;2;33;9;161m▌[48;2;38;3;183m[38;2;38;3;183m            [0m
[48;2;38;3;183m[38;2;38;3;183m                                        [48;2;127;110;202m[38;2;37;10;182m▊[48;2;254;253;246m[38;2;219;214;234m▎[48;2;250;250;252m[38;2;250;250;252m  [48;2;249;248;252m[38;2;233;232;238m╷[48;2;174;173;179m[38;2;244;243;247m▊[48;2;203;192;230m[38;2;47;15;179m▆[48;2;35;6;175m[38;2;45;9;204m▝[48;2;38;3;183m[38;2;38;3;183m            [0m
[48;2;38;3;185m[38;2;38;3;185m                                      [48;2;29;0;167m[38;2;44;10;189m▌[48;2;113;89;199m[38;2;40;8;186m▊[48;2;86;67;191m[38;2;236;236;236m▆[48;2;245;244;248m[38;2;0;0;0m [48;2;250;250;252m[38;2;250;250;252m  [48;2;174;165;207m[38;2;243;242;239m▊[48;2;190;179;227m[38;2;44;19;182m▆[48;2;38;3;185m[38;2;38;3;185m              [0m
[48;2;38;3;185m[38;2;38;3;185m                                      [48;2;36;4;164m[38;2;47;11;198m┃[48;2;125;105;192m[38;2;35;6;185m▊[48;2;248;248;250m[38;2;248;248;250m  [48;2;246;245;250m[38;2;253;252;254m▅[48;2;244;243;248m[38;2;231;230;235m▗[48;2;210;201;232m[38;2;50;27;181m▂[48;2;35;8;175m[38;2;37;8;180m▄[48;2;38;3;185m[38;2;38;3;185m              [0m
[48;2;38;3;185m[38;2;38;3;185m                                      [48;2;38;3;164m[38;2;46;7;194m┃[48;2;51;25;153m[38;2;44;9;195m┃[48;2;235;214;206m[38;2;211;74;104m▆[48;2;239;219;210m[38;2;217;80;110m▆[48;2;242;231;235m[38;2;212;77;104m▂[48;2;222;211;216m[38;2;210;74;102m▂[48;2;41;7;168m[38;2;155;57;123m▂[48;2;38;5;189m[38;2;57;15;175m▖[48;2;38;3;185m[38;2;38;3;185m              [0m
[48;2;38;3;185m[38;2;38;3;185m                                    [48;2;35;2;180m[38;2;32;2;153m▗[48;2;43;10;172m[38;2;21;5;67m▃[48;2;23;15;134m[38;2;29;17;26m▆[48;2;83;33;144m[38;2;201;65;94m▆[48;2;220;76;101m[38;2;220;76;101m  [48;2;218;74;99m[38;2;218;74;99m  [48;2;184;71;105m[38;2;224;69;105m▆[48;2;97;36;129m[38;2;197;74;86m▅[48;2;34;11;69m[38;2;198;80;109m▂[48;2;39;17;73m[38;2;169;51;80m▂[48;2;36;3;169m[38;2;36;23;64m▂[48;2;36;0;189m[38;2;36;4;165m▖[48;2;38;3;185m[38;2;38;3;185m          [0m
[48;2;38;3;185m[38;2;38;3;185m                                    [48;2;37;2;178m[38;2;37;6;160m▝[48;2;37;22;75m[38;2;37;2;180m▆[48;2;20;11;29m[38;2;45;14;182m▂[48;2;136;46;73m[38;2;26;8;82m▆[48;2;160;41;74m[38;2;25;10;81m▆▆[48;2;167;48;81m[38;2;24;10;81m▆▆[48;2;155;55;81m[38;2;27;8;81m▆▆[48;2;148;47;80m[38;2;28;9;85m▆▆[48;2;37;18;95m[38;2;37;2;180m▆[48;2;37;3;172m[38;2;37;0;199m▝[48;2;38;3;185m[38;2;38;3;185m          [0m
[48;2;40;2;185m[38;2;40;2;185m                                                            [0m
[48;2;40;2;185m[38;2;40;2;185m                                                            [0m
