[48;2;1;1;1m[38;2;1;1;1m                                                            [0m
[48;2;1;1;1m[38;2;1;1;1m                                                            [0m
[48;2;1;1;1m[38;2;1;1;1m                                                            [0m
[48;2;1;1;1m[38;2;1;1;1m                                                      [48;2;1;1;3m[38;2;1;1;3m  [48;2;1;1;1m[38;2;1;1;1m    [0m
[48;2;1;1;1m[38;2;1;1;1m                          [48;2;3;1;6m[38;2;3;1;6m  [48;2;1;1;3m[38;2;1;1;3m  [48;2;1;1;1m[38;2;1;1;1m        [48;2;3;1;4m[38;2;3;1;4m  [48;2;25;20;24m[38;2;0;0;0m [48;2;32;27;31m[38;2;228;225;228m▃[48;2;32;30;33m[38;2;242;241;243m▃▃[48;2;36;32;33m[38;2;233;230;231m▃[48;2;30;26;27m[38;2;198;195;196m▃[48;2;1;1;1m[38;2;1;1;1m      [48;2;3;1;4m[38;2;3;1;4m  [48;2;3;1;6m[38;2;3;1;6m  [48;2;2;0;3m[38;2;2;0;3m  [48;2;1;1;1m[38;2;1;1;1m  [0m
[48;2;1;1;1m[38;2;1;1;1m                        [48;2;1;1;3m[38;2;1;1;3m  [48;2;3;1;6m[38;2;3;1;6m    [48;2;2;0;3m[38;2;2;0;3m  [48;2;1;1;3m[38;2;1;1;3m  [48;2;2;0;3m[38;2;2;0;3m    [48;2;1;0;4m[38;2;16;14;19m▎[48;2;71;69;74m[38;2;9;7;12m▊[48;2;163;161;164m[38;2;236;234;236m▇[48;2;250;248;250m[38;2;235;233;236m╺[48;2;245;235;235m[38;2;0;0;0m [48;2;243;242;239m[38;2;209;93;127m▄[48;2;213;194;199m[38;2;171;62;97m▃[48;2;84;83;81m[38;2;15;11;9m▇[48;2;1;1;1m[38;2;1;1;1m    [48;2;3;1;6m[38;2;3;1;6m      [48;2;1;1;3m[38;2;1;1;3m  [48;2;1;1;1m[38;2;1;1;1m  [0m
[48;2;1;1;1m[38;2;1;1;1m                    [48;2;3;1;6m[38;2;3;1;6m    [48;2;3;1;4m[38;2;3;1;4m  [48;2;3;1;6m[38;2;3;1;6m    [48;2;2;0;3m[38;2;2;0;3m  [48;2;3;1;6m[38;2;3;1;6m    [48;2;1;1;3m[38;2;1;1;3m  [48;2;1;0;4m[38;2;8;6;11m│[48;2;67;65;70m[38;2;9;7;12m▊[48;2;250;246;249m[38;2;213;208;212m▎[48;2;213;208;212m[38;2;250;246;249m▊[48;2;192;110;122m[38;2;197;60;90m▆[48;2;72;24;25m[38;2;194;66;94m▄[48;2;102;28;41m[38;2;211;69;95m▊[48;2;2;6;8m[38;2;18;8;7m▎[48;2;1;1;3m[38;2;1;1;3m  [48;2;3;1;4m[38;2;3;1;4m  [48;2;3;1;6m[38;2;3;1;6m      [48;2;1;1;3m[38;2;1;1;3m  [48;2;1;1;1m[38;2;1;1;1m  [0m
[48;2;1;1;1m[38;2;1;1;1m                    [48;2;1;1;3m[38;2;1;1;3m  [48;2;3;1;6m[38;2;3;1;6m          [48;2;1;1;3m[38;2;1;1;3m  [48;2;3;1;4m[38;2;3;1;4m  [48;2;20;18;21m[38;2;0;0;0m [48;2;15;13;16m[38;2;211;210;212m▄[48;2;19;17;20m[38;2;228;226;229m▄[48;2;35;33;36m[38;2;225;223;226m▄[48;2;239;234;238m[38;2;255;252;255m┃[48;2;216;211;215m[38;2;246;241;245m▊[48;2;209;67;93m[38;2;205;63;89m▌[48;2;221;79;105m[38;2;216;74;100m▌[48;2;106;32;45m[38;2;215;73;99m▊[48;2;3;9;11m[38;2;22;12;11m▎[48;2;3;1;6m[38;2;3;1;6m  [48;2;3;1;4m[38;2;3;1;4m  [48;2;3;1;6m[38;2;3;1;6m        [48;2;3;1;4m[38;2;3;1;4m  [0m
[48;2;1;1;1m[38;2;1;1;1m                    [48;2;2;2;4m[38;2;2;2;4m  [48;2;3;1;4m[38;2;3;1;4m  [48;2;3;1;6m[38;2;3;1;6m          [48;2;16;11;15m[38;2;0;0;0m [48;2;38;34;37m[38;2;216;211;215m▄[48;2;215;215;217m[38;2;244;244;246m▆[48;2;248;248;250m[38;2;239;239;241m▁[48;2;250;250;252m[38;2;250;250;252m  [48;2;253;251;253m[38;2;246;244;247m▃[48;2;244;242;245m[38;2;231;229;232m▝[48;2;202;82;101m[38;2;249;234;240m▄[48;2;212;92;111m[38;2;243;227;234m▄[48;2;217;212;216m[38;2;247;243;246m▇[48;2;119;114;118m[38;2;236;231;235m▊[48;2;5;3;8m[38;2;5;3;8m  [48;2;3;1;6m[38;2;3;1;6m  [48;2;3;1;4m[38;2;3;1;4m    [48;2;3;1;6m[38;2;3;1;6m    [48;2;1;1;3m[38;2;1;1;3m  [0m
[48;2;1;1;1m[38;2;1;1;1m                [48;2;2;0;3m[38;2;2;0;3m  [48;2;3;1;4m[38;2;3;1;4m  [48;2;2;0;3m[38;2;2;0;3m  [48;2;1;1;1m[38;2;1;1;1m  [48;2;1;1;3m[38;2;1;1;3m    [48;2;2;0;3m[38;2;2;0;3m  [48;2;3;1;6m[38;2;3;1;6m    [48;2;70;65;69m[38;2;10;5;9m▊[48;2;252;248;252m[38;2;194;189;193m▎[48;2;250;250;252m[38;2;250;250;252m    [48;2;253;249;253m[38;2;247;242;246m▗[48;2;248;244;247m[38;2;228;223;227m▃[48;2;246;210;206m[38;2;210;77;104m▄[48;2;231;83;114m[38;2;206;75;101m▊[48;2;228;162;172m[38;2;204;80;100m▊[48;2;249;247;254m[38;2;248;238;237m▎[48;2;113;108;112m[38;2;235;231;234m▊[48;2;12;8;11m[38;2;43;38;42m▁[48;2;3;1;6m[38;2;3;1;6m  [48;2;2;0;3m[38;2;2;0;3m  [48;2;1;1;1m[38;2;1;1;1m  [48;2;2;0;3m[38;2;2;0;3m  [48;2;3;1;6m[38;2;3;1;6m  [48;2;1;1;1m[38;2;1;1;1m  [0m
[48;2;1;1;1m[38;2;1;1;1m            [48;2;1;1;3m[38;2;1;1;3m  [48;2;3;1;6m[38;2;3;1;6m      [48;2;1;1;3m[38;2;1;1;3m  [48;2;1;1;1m[38;2;1;1;1m      [48;2;1;1;3m[38;2;1;1;3m  [48;2;3;1;6m[38;2;3;1;6m    [48;2;65;60;64m[38;2;12;8;11m▊[48;2;237;232;236m[38;2;186;181;185m▎[48;2;250;250;252m[38;2;250;250;252m    [48;2;247;238;237m[38;2;0;0;0m [48;2;203;98;129m[38;2;250;240;240m▄[48;2;210;84;107m[38;2;238;241;244m▄[48;2;221;96;118m[38;2;244;249;250m▄[48;2;249;249;251m[38;2;249;249;251m  [48;2;241;239;242m[38;2;254;253;255m▌[48;2;91;89;92m[38;2;243;241;244m▊[48;2;3;1;6m[38;2;3;1;6m    [48;2;1;1;1m[38;2;1;1;1m        [0m
[48;2;1;1;1m[38;2;1;1;1m            [48;2;3;1;6m[38;2;3;1;6m      [48;2;3;1;4m[38;2;3;1;4m  [48;2;1;1;3m[38;2;1;1;3m  [48;2;1;1;1m[38;2;1;1;1m    [48;2;3;1;6m[38;2;3;1;6m  [48;2;1;1;3m[38;2;1;1;3m  [48;2;2;0;3m[38;2;2;0;3m  [48;2;3;1;6m[38;2;3;1;6m  [48;2;1;0;4m[38;2;13;11;16m│[48;2;78;76;81m[38;2;7;6;10m▊[48;2;237;236;238m[38;2;146;144;147m▁[48;2;248;246;249m[38;2;0;0;0m [48;2;250;250;252m[38;2;250;250;252m        [48;2;246;244;247m[38;2;246;244;247m▄[48;2;92;90;93m[38;2;250;248;250m▊[48;2;3;1;6m[38;2;3;1;6m    [48;2;1;1;1m[38;2;1;1;1m        [0m
[48;2;1;1;1m[38;2;1;1;1m            [48;2;1;1;3m[38;2;1;1;3m  [48;2;3;1;6m[38;2;3;1;6m  [48;2;2;0;3m[38;2;2;0;3m  [48;2;1;1;1m[38;2;1;1;1m  [48;2;3;1;6m[38;2;3;1;6m    [48;2;1;1;1m[38;2;1;1;1m      [48;2;1;1;3m[38;2;1;1;3m  [48;2;3;1;6m[38;2;3;1;6m    [48;2;3;0;4m[38;2;7;2;8m▄[48;2;232;228;233m[38;2;50;45;51m▅[48;2;244;242;245m[38;2;240;238;241m▌[48;2;255;253;255m[38;2;251;249;252m▌[48;2;250;250;252m[38;2;250;250;252m    [48;2;186;181;185m[38;2;244;239;243m▊[48;2;220;215;219m[38;2;53;48;52m▄[48;2;250;248;250m[38;2;250;248;250m▄[48;2;84;82;85m[38;2;247;245;248m▊[48;2;3;1;6m[38;2;3;1;6m  [48;2;2;0;3m[38;2;2;0;3m  [48;2;1;1;1m[38;2;1;1;1m        [0m
[48;2;1;1;1m[38;2;1;1;1m              [48;2;2;0;3m[38;2;2;0;3m  [48;2;1;1;3m[38;2;1;1;3m    [48;2;3;1;6m[38;2;3;1;6m  [48;2;3;1;4m[38;2;3;1;4m  [48;2;1;1;3m[38;2;1;1;3m  [48;2;1;1;1m[38;2;1;1;1m    [48;2;3;1;6m[38;2;3;1;6m      [38;2;9;7;12m┃[48;2;7;5;10m[38;2;40;38;43m▝[48;2;232;226;230m[38;2;65;59;63m▅▅[48;2;234;231;232m[38;2;69;65;66m▅[48;2;234;230;231m[38;2;79;75;76m▅[48;2;243;242;244m[38;2;89;87;90m▁▁[48;2;112;106;108m[38;2;224;219;221m▊[48;2;109;103;105m[38;2;19;13;15m▊[48;2;247;242;244m[38;2;157;151;153m▁[48;2;89;83;85m[38;2;224;218;220m▊[48;2;3;1;6m[38;2;3;1;6m  [48;2;1;1;1m[38;2;1;1;1m          [0m
[48;2;1;1;1m[38;2;1;1;1m                [48;2;3;1;4m[38;2;3;1;4m  [48;2;3;1;6m[38;2;3;1;6m  [48;2;2;0;3m[38;2;2;0;3m  [48;2;3;1;6m[38;2;3;1;6m  [48;2;2;0;3m[38;2;2;0;3m  [48;2;1;1;1m[38;2;1;1;1m    [48;2;3;1;6m[38;2;3;1;6m  [48;2;1;1;1m[38;2;1;1;1m  [48;2;3;1;6m[38;2;3;1;6m  [48;2;59;54;60m[38;2;10;6;11m▊[48;2;46;41;47m[38;2;217;213;218m▅[48;2;248;248;250m[38;2;248;248;250m  [48;2;249;249;250m[38;2;232;232;234m╵[48;2;238;238;239m[38;2;0;0;0m [48;2;24;20;23m[38;2;232;228;231m▅[48;2;52;47;51m[38;2;220;216;220m▄[48;2;31;19;18m[38;2;153;164;155m▁[48;2;51;18;23m[38;2;196;89;120m▅[48;2;181;60;81m[38;2;113;36;42m▂[48;2;24;8;14m[38;2;0;2;3m┃[48;2;1;1;3m[38;2;1;1;3m  [48;2;1;1;1m[38;2;1;1;1m          [0m
[48;2;1;1;1m[38;2;1;1;1m                    [48;2;0;0;0m[38;2;0;0;0m  [48;2;1;1;3m[38;2;1;1;3m  [48;2;1;1;1m[38;2;1;1;1m    [48;2;2;0;3m[38;2;2;0;3m  [48;2;1;1;3m[38;2;1;1;3m  [48;2;3;1;4m[38;2;3;1;4m  [48;2;3;1;6m[38;2;3;1;6m  [48;2;79;77;80m[38;2;8;6;9m▊[48;2;248;247;249m[38;2;202;200;203m▎[48;2;250;250;252m[38;2;250;250;252m      [48;2;249;249;250m[38;2;232;232;234m╵[48;2;238;238;239m[38;2;0;0;0m [48;2;73;71;74m[38;2;219;218;220m┓[48;2;12;10;13m[38;2;10;9;11m▄[48;2;3;1;6m[38;2;3;1;6m  [48;2;1;1;1m[38;2;1;1;1m          [0m
[48;2;1;1;1m[38;2;1;1;1m                        [48;2;1;1;3m[38;2;1;1;3m  [48;2;3;1;6m[38;2;3;1;6m  [48;2;2;0;3m[38;2;2;0;3m    [48;2;3;1;6m[38;2;3;1;6m  [48;2;2;0;3m[38;2;2;0;3m  [48;2;15;11;16m[38;2;0;0;0m [48;2;211;207;212m[38;2;39;35;40m▅[48;2;233;231;233m[38;2;90;88;91m▁[48;2;248;246;248m[38;2;0;0;0m [48;2;250;250;252m[38;2;250;250;252m      [48;2;232;231;233m[38;2;0;0;0m [48;2;80;78;81m[38;2;222;221;223m┓[48;2;1;1;3m[38;2;1;1;3m  [48;2;1;1;1m[38;2;1;1;1m          [0m
[48;2;1;1;1m[38;2;1;1;1m                    [48;2;2;0;3m[38;2;2;0;3m  [48;2;1;1;1m[38;2;1;1;1m  [48;2;3;1;6m[38;2;3;1;6m    [48;2;1;1;3m[38;2;1;1;3m  [48;2;2;0;3m[38;2;2;0;3m  [48;2;1;1;3m[38;2;1;1;3m    [48;2;3;1;6m[38;2;3;1;6m  [48;2;85;83;88m[38;2;9;7;12m▊[48;2;238;237;240m[38;2;113;111;116m▂[48;2;250;250;252m[38;2;250;250;252m      [48;2;250;248;250m[38;2;250;248;250m▄[48;2;84;82;85m[38;2;247;245;248m▊[48;2;2;0;5m[38;2;2;0;5m  [48;2;1;1;1m[38;2;1;1;1m          [0m
[48;2;1;1;1m[38;2;1;1;1m                  [48;2;1;1;3m[38;2;1;1;3m  [48;2;2;0;3m[38;2;2;0;3m  [48;2;1;1;3m[38;2;1;1;3m  [48;2;3;1;6m[38;2;3;1;6m    [48;2;2;0;3m[38;2;2;0;3m  [48;2;1;1;3m[38;2;1;1;3m  [48;2;1;1;1m[38;2;1;1;1m  [48;2;1;1;3m[38;2;1;1;3m  [48;2;3;1;6m[38;2;3;1;6m  [48;2;1;0;4m[38;2;8;6;11m│[48;2;89;87;92m[38;2;12;10;15m▊[48;2;255;255;255m[38;2;236;236;238m▌[48;2;252;252;253m[38;2;244;244;246m┃[48;2;250;250;252m[38;2;250;250;252m    [48;2;242;240;242m[38;2;0;0;0m [48;2;83;81;84m[38;2;200;198;201m▊[48;2;2;0;5m[38;2;2;0;5m  [48;2;1;1;1m[38;2;1;1;1m          [0m
[48;2;1;1;1m[38;2;1;1;1m                  [48;2;2;0;3m[38;2;2;0;3m    [48;2;3;1;6m[38;2;3;1;6m      [48;2;1;1;3m[38;2;1;1;3m  [48;2;1;1;1m[38;2;1;1;1m      [48;2;3;1;6m[38;2;3;1;6m  [48;2;6;5;9m[38;2;0;0;0m [48;2;69;67;72m[38;2;8;7;11m▊[48;2;223;221;224m[38;2;56;54;57m▁[48;2;247;245;247m[38;2;0;0;0m [48;2;250;250;252m[38;2;250;250;252m    [48;2;111;109;112m[38;2;240;238;240m▊[48;2;1;0;2m[38;2;25;23;26m▎[48;2;3;1;6m[38;2;3;1;6m  [48;2;1;1;1m[38;2;1;1;1m          [0m
[48;2;4;2;10m[38;2;23;2;126m▂▂▂▂▂▂▂▂▂▂▂▂▂▂▂▂▂▂[48;2;5;3;12m[38;2;24;2;129m▂▂[48;2;4;2;10m[38;2;23;2;126m▂▂[48;2;5;3;12m[38;2;24;2;129m▂▂▂▂▂▂[48;2;5;3;11m[38;2;24;3;127m▂▂[48;2;4;2;10m[38;2;23;2;126m▂▂▂▂▂▂[48;2;5;3;12m[38;2;24;2;129m▂▂▂▂[48;2;120;115;135m[38;2;11;6;38m▊[48;2;250;249;250m[38;2;218;214;228m▎[48;2;250;250;252m[38;2;250;250;252m    [48;2;114;109;127m[38;2;237;234;236m▊[48;2;11;9;15m[38;2;30;9;130m▂[48;2;5;3;12m[38;2;24;2;129m▂▂[48;2;4;2;10m[38;2;23;2;126m▂▂▂▂▂▂▂▂▂▂[0m
[48;2;38;3;183m[38;2;38;3;183m                                      [48;2;40;5;183m[38;2;40;5;183m  [48;2;65;42;184m[38;2;206;202;221m▂[48;2;250;248;246m[38;2;225;221;233m▎[48;2;250;250;252m[38;2;250;250;252m  [48;2;249;248;253m[38;2;233;232;240m╷[48;2;174;173;181m[38;2;244;243;248m▊[48;2;204;193;230m[38;2;48;16;180m▆[48;2;36;6;176m[38;2;46;10;205m▝[48;2;38;3;183m[38;2;38;3;183m            [0m
[48;2;38;3;183m[38;2;38;3;183m                                      [48;2;32;3;160m[38;2;42;6;193m┃[48;2;135;115;202m[38;2;41;10;191m▊[48;2;248;248;250m[38;2;248;248;250m  [48;2;250;250;252m[38;2;250;250;252m  [48;2;252;251;247m[38;2;236;235;240m│[48;2;142;134;183m[38;2;245;242;251m▊[48;2;38;3;185m[38;2;38;3;185m  [48;2;38;3;183m[38;2;38;3;183m            [0m
[48;2;38;3;185m[38;2;38;3;185m                                      [48;2;32;3;160m[38;2;42;6;193m┃[48;2;135;115;202m[38;2;41;10;191m▊[48;2;248;248;250m[38;2;248;248;250m  [48;2;250;250;252m[38;2;250;250;252m  [48;2;250;249;251m[38;2;236;237;229m│[48;2;136;128;177m[38;2;249;246;253m▊[48;2;38;3;185m[38;2;38;3;185m              [0m
[48;2;38;3;185m[38;2;38;3;185m                                      [48;2;102;77;206m[38;2;37;6;177m▊[48;2;86;64;174m[38;2;240;235;237m▆[48;2;249;249;251m[38;2;249;249;251m  [48;2;250;250;252m[38;2;250;250;252m  [48;2;173;164;206m[38;2;242;241;238m▊[48;2;189;178;227m[38;2;43;18;181m▆[48;2;38;3;185m[38;2;38;3;185m              [0m
[48;2;38;3;185m[38;2;38;3;185m                                      [48;2;135;122;192m[38;2;33;8;185m▊[48;2;235;235;227m[38;2;253;251;255m┃[48;2;250;250;252m[38;2;250;250;252m  [48;2;248;240;241m[38;2;0;0;0m [48;2;237;231;232m[38;2;221;92;133m▂[48;2;207;198;209m[38;2;214;84;107m▂[48;2;50;12;171m[38;2;164;58;111m▂[48;2;38;3;185m[38;2;38;3;185m              [0m
[48;2;38;3;185m[38;2;38;3;185m                                    [48;2;35;2;180m[38;2;32;2;153m▗[48;2;43;10;172m[38;2;21;5;67m▃[48;2;62;40;150m[38;2;23;15;24m▆[48;2;235;190;208m[38;2;206;76;98m▆[48;2;234;211;200m[38;2;220;80;109m▆▆[48;2;239;184;182m[38;2;216;78;104m▆[48;2;215;74;101m[38;2;0;0;0m [48;2;213;73;99m[38;2;213;73;99m  [48;2;84;41;124m[38;2;203;70;87m▅[48;2;44;14;70m[38;2;193;62;93m▂[48;2;50;20;87m[38;2;178;54;97m▁[48;2;43;9;163m[38;2;13;14;52m▂[48;2;38;3;185m[38;2;38;3;185m          [0m
[48;2;38;3;185m[38;2;38;3;185m                                    [48;2;37;2;178m[38;2;37;6;160m▝[48;2;37;22;75m[38;2;37;2;180m▆[48;2;20;11;29m[38;2;45;14;182m▂[48;2;136;46;73m[38;2;26;8;82m▆[48;2;160;41;74m[38;2;25;10;81m▆▆[48;2;167;48;81m[38;2;24;10;81m▆▆[48;2;155;55;81m[38;2;27;8;81m▆▆[48;2;160;41;74m[38;2;25;10;81m▆▆[48;2;52;18;64m[38;2;54;4;187m▂[48;2;27;11;81m[38;2;40;10;180m▆[48;2;38;3;185m[38;2;38;3;185m          [0m
[48;2;40;2;185m[38;2;40;2;185m                                                            [0m
[48;2;40;2;185m[38;2;40;2;185m                                                            [0m
