[48;2;1;1;1m[38;2;1;1;1m                                                            [0m
[48;2;1;1;1m[38;2;1;1;1m                                                            [0m
[48;2;1;1;1m[38;2;1;1;1m                                                            [0m
[48;2;1;1;1m[38;2;1;1;1m                                                      [48;2;1;1;3m[38;2;1;1;3m  [48;2;1;1;1m[38;2;1;1;1m    [0m
[48;2;1;1;1m[38;2;1;1;1m                          [48;2;3;1;6m[38;2;3;1;6m  [48;2;1;1;3m[38;2;1;1;3m  [48;2;1;1;1m[38;2;1;1;1m        [48;2;3;1;4m[38;2;3;1;4m  [48;2;25;20;24m[38;2;0;0;0m [48;2;32;27;31m[38;2;228;225;228m▃[48;2;32;30;33m[38;2;242;241;243m▃▃[48;2;36;32;33m[38;2;233;230;231m▃[48;2;30;26;27m[38;2;198;195;196m▃[48;2;1;1;1m[38;2;1;1;1m      [48;2;3;1;4m[38;2;3;1;4m  [48;2;3;1;6m[38;2;3;1;6m  [48;2;2;0;3m[38;2;2;0;3m  [48;2;1;1;1m[38;2;1;1;1m  [0m
[48;2;1;1;1m[38;2;1;1;1m                        [48;2;1;1;3m[38;2;1;1;3m  [48;2;3;1;6m[38;2;3;1;6m    [48;2;2;0;3m[38;2;2;0;3m  [48;2;1;1;3m[38;2;1;1;3m  [48;2;2;0;3m[38;2;2;0;3m    [48;2;1;0;4m[38;2;16;14;19m▎[48;2;71;69;74m[38;2;9;7;12m▊[48;2;159;154;158m[38;2;239;235;239m▇[48;2;225;220;224m[38;2;245;241;244m▊[48;2;243;228;232m[38;2;208;63;90m▃▃[48;2;213;195;200m[38;2;170;63;97m▃[48;2;83;84;81m[38;2;16;11;10m▇[48;2;1;1;1m[38;2;1;1;1m    [48;2;3;1;6m[38;2;3;1;6m      [48;2;1;1;3m[38;2;1;1;3m  [48;2;1;1;1m[38;2;1;1;1m  [0m
[48;2;1;1;1m[38;2;1;1;1m                    [48;2;3;1;6m[38;2;3;1;6m    [48;2;3;1;4m[38;2;3;1;4m  [48;2;3;1;6m[38;2;3;1;6m    [48;2;2;0;3m[38;2;2;0;3m  [48;2;3;1;6m[38;2;3;1;6m    [48;2;1;1;3m[38;2;1;1;3m  [48;2;1;0;4m[38;2;8;6;11m│[48;2;67;65;70m[38;2;9;7;12m▊[48;2;220;189;201m[38;2;245;241;246m┃[48;2;205;75;95m[38;2;201;103;122m▎[48;2;56;25;21m[38;2;188;64;90m▄[48;2;210;65;98m[38;2;172;61;82m▝[48;2;37;19;20m[38;2;174;65;97m▃[48;2;10;5;4m[38;2;0;0;0m [48;2;1;1;3m[38;2;1;1;3m  [48;2;3;1;4m[38;2;3;1;4m  [48;2;3;1;6m[38;2;3;1;6m      [48;2;1;1;3m[38;2;1;1;3m  [48;2;1;1;1m[38;2;1;1;1m  [0m
[48;2;1;1;1m[38;2;1;1;1m                    [48;2;1;1;3m[38;2;1;1;3m  [48;2;3;1;6m[38;2;3;1;6m          [48;2;1;1;3m[38;2;1;1;3m  [48;2;3;1;4m[38;2;3;1;4m  [48;2;5;4;6m[38;2;23;21;24m▂[48;2;5;3;6m[38;2;55;53;56m▗[48;2;12;11;13m[38;2;222;220;223m▄[48;2;39;37;40m[38;2;228;226;228m▄[48;2;214;167;175m[38;2;247;242;245m▊[48;2;217;65;90m[38;2;198;89;110m▎[48;2;209;67;93m[38;2;205;63;89m▌[48;2;221;79;105m[38;2;216;74;100m▌[48;2;222;90;114m[38;2;149;50;68m▝[48;2;18;18;20m[38;2;224;226;229m▄[48;2;17;13;16m[38;2;191;187;190m▄[48;2;3;0;2m[38;2;34;29;33m▂[48;2;3;1;4m[38;2;3;1;4m  [48;2;3;1;6m[38;2;3;1;6m        [48;2;3;1;4m[38;2;3;1;4m  [0m
[48;2;1;1;1m[38;2;1;1;1m                    [48;2;2;2;4m[38;2;2;2;4m  [48;2;3;1;4m[38;2;3;1;4m  [48;2;3;1;6m[38;2;3;1;6m          [48;2;16;11;15m[38;2;0;0;0m [48;2;38;34;37m[38;2;216;211;215m▄[48;2;176;174;177m[38;2;247;245;248m▇▇[48;2;252;248;252m[38;2;0;0;0m [48;2;249;245;248m[38;2;229;224;228m▃[48;2;238;217;211m[38;2;210;78;106m▄[48;2;214;79;109m[38;2;0;0;0m [48;2;214;80;110m[38;2;241;211;206m▄[48;2;216;138;149m[38;2;205;73;101m▊[48;2;248;248;250m[38;2;248;248;250m  [48;2;229;227;230m[38;2;248;247;249m▇[48;2;98;96;99m[38;2;233;231;234m▊[48;2;5;3;8m[38;2;5;3;8m  [48;2;3;1;4m[38;2;3;1;4m    [48;2;3;1;6m[38;2;3;1;6m    [48;2;1;1;3m[38;2;1;1;3m  [0m
[48;2;1;1;1m[38;2;1;1;1m                [48;2;2;0;3m[38;2;2;0;3m  [48;2;3;1;4m[38;2;3;1;4m  [48;2;2;0;3m[38;2;2;0;3m  [48;2;1;1;1m[38;2;1;1;1m  [48;2;1;1;3m[38;2;1;1;3m    [48;2;2;0;3m[38;2;2;0;3m  [48;2;3;1;6m[38;2;3;1;6m    [48;2;70;65;69m[38;2;10;5;9m▊[48;2;252;248;252m[38;2;194;189;193m▎[48;2;250;250;252m[38;2;250;250;252m  [48;2;239;237;234m[38;2;0;0;0m [48;2;210;91;127m[38;2;246;222;227m▄[48;2;230;122;145m[38;2;212;71;105m▊[48;2;212;98;123m[38;2;239;231;221m▄[48;2;248;248;250m[38;2;248;248;250m  [48;2;250;250;252m[38;2;250;250;252m    [48;2;225;221;224m[38;2;0;0;0m [48;2;23;19;22m[38;2;184;179;183m▄[48;2;2;0;3m[38;2;2;0;3m  [48;2;1;1;1m[38;2;1;1;1m  [48;2;2;0;3m[38;2;2;0;3m  [48;2;3;1;6m[38;2;3;1;6m  [48;2;1;1;1m[38;2;1;1;1m  [0m
[48;2;1;1;1m[38;2;1;1;1m            [48;2;1;1;3m[38;2;1;1;3m  [48;2;3;1;6m[38;2;3;1;6m      [48;2;1;1;3m[38;2;1;1;3m  [48;2;1;1;1m[38;2;1;1;1m      [48;2;1;1;3m[38;2;1;1;3m  [48;2;3;1;6m[38;2;3;1;6m    [48;2;4;0;3m[38;2;3;0;2m┛[48;2;217;213;217m[38;2;35;31;34m▄[48;2;248;248;250m[38;2;248;248;250m  [48;2;250;250;252m[38;2;250;250;252m  [48;2;249;249;251m[38;2;249;249;251m  [48;2;250;250;252m[38;2;250;250;252m    [48;2;248;248;249m[38;2;232;232;234m╴[48;2;245;245;247m[38;2;183;183;185m▁[48;2;249;249;251m[38;2;255;255;255m┃[48;2;222;222;223m[38;2;0;0;0m [48;2;24;22;27m[38;2;187;185;189m▄[48;2;1;0;4m[38;2;5;3;8m╷[48;2;1;1;1m[38;2;1;1;1m        [0m
[48;2;1;1;1m[38;2;1;1;1m            [48;2;3;1;6m[38;2;3;1;6m      [48;2;3;1;4m[38;2;3;1;4m  [48;2;1;1;3m[38;2;1;1;3m  [48;2;1;1;1m[38;2;1;1;1m    [48;2;3;1;6m[38;2;3;1;6m  [48;2;1;1;3m[38;2;1;1;3m  [48;2;2;0;3m[38;2;2;0;3m  [48;2;3;1;6m[38;2;3;1;6m  [48;2;1;0;4m▘[48;2;5;3;8m[38;2;41;39;44m▝[48;2;211;207;210m[38;2;9;5;8m▄[48;2;226;221;225m[38;2;36;31;35m▄[48;2;247;247;249m[38;2;247;247;249m  [48;2;250;250;252m[38;2;250;250;252m    [48;2;249;249;251m[38;2;249;249;251m  [48;2;99;94;98m[38;2;224;220;223m▊[48;2;32;27;31m[38;2;0;0;0m [48;2;193;191;194m[38;2;55;53;56m┓[48;2;248;246;249m[38;2;235;233;236m╴[48;2;82;80;83m[38;2;232;231;233m▊[48;2;1;0;2m[38;2;14;12;15m│[48;2;1;1;1m[38;2;1;1;1m        [0m
[48;2;1;1;1m[38;2;1;1;1m            [48;2;1;1;3m[38;2;1;1;3m  [48;2;3;1;6m[38;2;3;1;6m  [48;2;2;0;3m[38;2;2;0;3m  [48;2;1;1;1m[38;2;1;1;1m  [48;2;3;1;6m[38;2;3;1;6m    [48;2;1;1;1m[38;2;1;1;1m      [48;2;1;1;3m[38;2;1;1;3m  [48;2;3;1;6m[38;2;3;1;6m    [48;2;2;0;5m[38;2;10;8;13m│[48;2;99;97;102m[38;2;9;7;12m▊[48;2;250;248;250m[38;2;207;205;208m▎[48;2;242;240;243m[38;2;253;252;254m┃[48;2;250;250;252m[38;2;250;250;252m    [48;2;255;255;255m[38;2;251;251;253m▄[48;2;125;125;127m[38;2;243;243;245m▊[48;2;2;0;1m[38;2;2;0;1m  [48;2;172;170;173m[38;2;1;0;2m▊[48;2;255;254;255m[38;2;253;251;254m▄[48;2;81;79;82m[38;2;232;230;232m▊[48;2;1;0;2m[38;2;13;11;14m│[48;2;1;1;1m[38;2;1;1;1m        [0m
[48;2;1;1;1m[38;2;1;1;1m              [48;2;2;0;3m[38;2;2;0;3m  [48;2;1;1;3m[38;2;1;1;3m    [48;2;3;1;6m[38;2;3;1;6m  [48;2;3;1;4m[38;2;3;1;4m  [48;2;1;1;3m[38;2;1;1;3m  [48;2;1;1;1m[38;2;1;1;1m    [48;2;3;1;6m[38;2;3;1;6m      [38;2;9;7;12m┃[48;2;7;5;10m[38;2;40;38;43m▝[48;2;223;218;222m[38;2;63;58;62m▅[48;2;240;235;239m[38;2;80;75;79m▅[48;2;242;240;243m[38;2;98;96;99m▁▁[48;2;244;242;245m[38;2;90;88;91m▁▁[48;2;224;220;223m[38;2;81;76;80m▁[48;2;201;197;200m[38;2;28;23;27m▅[48;2;3;1;2m[38;2;3;1;2m  [48;2;152;104;114m[38;2;38;17;19m▊[48;2;231;164;182m[38;2;98;45;57m▗[48;2;186;184;185m[38;2;23;21;22m▅[48;2;1;0;0m[38;2;6;4;5m▗[48;2;1;1;1m[38;2;1;1;1m        [0m
[48;2;1;1;1m[38;2;1;1;1m                [48;2;3;1;4m[38;2;3;1;4m  [48;2;3;1;6m[38;2;3;1;6m  [48;2;2;0;3m[38;2;2;0;3m  [48;2;3;1;6m[38;2;3;1;6m  [48;2;2;0;3m[38;2;2;0;3m  [48;2;1;1;1m[38;2;1;1;1m    [48;2;3;1;6m[38;2;3;1;6m  [48;2;1;1;1m[38;2;1;1;1m  [48;2;3;1;6m[38;2;3;1;6m  [48;2;59;54;60m[38;2;10;6;11m▊[48;2;46;41;47m[38;2;217;213;218m▅[48;2;246;245;247m[38;2;0;0;0m [48;2;236;235;237m [48;2;31;29;32m[38;2;226;224;227m▅[48;2;16;14;17m[38;2;208;207;209m▅[48;2;19;15;18m[38;2;172;167;171m▁[48;2;30;26;29m[38;2;163;158;162m▁[48;2;25;20;21m[38;2;181;175;177m▅[48;2;22;16;18m[38;2;169;164;166m▅[48;2;18;12;16m[38;2;147;124;134m▁[48;2;17;11;14m[38;2;0;0;0m [48;2;210;65;94m[38;2;19;6;11m▅[48;2;153;59;70m[38;2;11;6;9m▅[48;2;1;1;1m[38;2;1;1;1m          [0m
[48;2;1;1;1m[38;2;1;1;1m                    [48;2;0;0;0m[38;2;0;0;0m  [48;2;1;1;3m[38;2;1;1;3m  [48;2;1;1;1m[38;2;1;1;1m    [48;2;2;0;3m[38;2;2;0;3m  [48;2;1;1;3m[38;2;1;1;3m  [48;2;3;1;4m[38;2;3;1;4m  [48;2;3;1;6m[38;2;3;1;6m  [48;2;79;77;80m[38;2;8;6;9m▊[48;2;248;247;249m[38;2;202;200;203m▎[48;2;250;250;252m[38;2;250;250;252m    [48;2;249;249;250m[38;2;232;232;234m╵[48;2;238;238;239m[38;2;0;0;0m [48;2;32;30;33m[38;2;235;233;235m▅[48;2;48;47;49m[38;2;236;234;237m▅[48;2;229;228;230m[38;2;0;0;0m [48;2;75;74;76m[38;2;220;219;221m┓[48;2;2;0;5m[38;2;2;0;5m  [48;2;1;1;1m[38;2;1;1;1m          [0m
[48;2;1;1;1m[38;2;1;1;1m                        [48;2;1;1;3m[38;2;1;1;3m  [48;2;3;1;6m[38;2;3;1;6m  [48;2;2;0;3m[38;2;2;0;3m    [48;2;3;1;6m[38;2;3;1;6m  [48;2;2;0;3m[38;2;2;0;3m  [48;2;79;77;80m[38;2;8;6;9m▊[48;2;248;247;249m[38;2;202;200;203m▎[48;2;250;250;252m[38;2;250;250;252m        [48;2;248;248;249m[38;2;0;0;0m [48;2;230;230;232m [48;2;68;67;67m[38;2;219;217;218m┓[48;2;8;6;7m[38;2;0;0;0m [48;2;1;1;1m[38;2;1;1;1m          [0m
[48;2;1;1;1m[38;2;1;1;1m                    [48;2;2;0;3m[38;2;2;0;3m  [48;2;1;1;1m[38;2;1;1;1m  [48;2;3;1;6m[38;2;3;1;6m    [48;2;1;1;3m[38;2;1;1;3m  [48;2;2;0;3m[38;2;2;0;3m  [48;2;1;1;3m[38;2;1;1;3m    [48;2;15;11;14m[38;2;0;0;0m [48;2;213;209;212m[38;2;44;40;43m▅[48;2;243;243;245m[38;2;239;239;241m▌[48;2;254;254;255m[38;2;250;250;252m▌[48;2;250;250;252m        [48;2;230;229;231m[38;2;0;0;0m [48;2;77;75;78m[38;2;221;220;222m┓[48;2;1;1;1m[38;2;1;1;1m          [0m
[48;2;1;1;1m[38;2;1;1;1m                  [48;2;1;1;3m[38;2;1;1;3m  [48;2;2;0;3m[38;2;2;0;3m  [48;2;1;1;3m[38;2;1;1;3m  [48;2;3;1;6m[38;2;3;1;6m    [48;2;2;0;3m[38;2;2;0;3m  [48;2;1;1;3m[38;2;1;1;3m  [48;2;1;1;1m[38;2;1;1;1m  [48;2;1;1;3m[38;2;1;1;3m  [48;2;1;0;4m[38;2;13;11;16m│[48;2;78;76;81m[38;2;7;6;10m▊[48;2;222;221;223m[38;2;66;64;67m▁[48;2;248;246;249m[38;2;0;0;0m [48;2;250;250;252m[38;2;250;250;252m        [48;2;246;246;248m[38;2;246;246;248m▄[48;2;79;79;81m[38;2;243;243;245m▊[48;2;1;1;1m[38;2;1;1;1m          [0m
[48;2;1;1;1m[38;2;1;1;1m                  [48;2;2;0;3m[38;2;2;0;3m    [48;2;3;1;6m[38;2;3;1;6m      [48;2;1;1;3m[38;2;1;1;3m  [48;2;1;1;1m[38;2;1;1;1m      [48;2;3;1;6m[38;2;3;1;6m  [48;2;82;80;83m[38;2;10;8;11m▊[48;2;250;249;251m[38;2;205;203;206m▎[48;2;250;250;252m[38;2;250;250;252m        [48;2;237;236;238m[38;2;0;0;0m [48;2;66;64;67m[38;2;196;194;197m▊[48;2;1;1;1m[38;2;1;1;1m          [0m
[48;2;4;2;10m[38;2;23;2;126m▂▂▂▂▂▂▂▂▂▂▂▂▂▂▂▂▂▂[48;2;5;3;12m[38;2;24;2;129m▂▂[48;2;4;2;10m[38;2;23;2;126m▂▂[48;2;5;3;12m[38;2;24;2;129m▂▂▂▂▂▂[48;2;5;3;11m[38;2;24;3;127m▂▂[48;2;4;2;10m[38;2;23;2;126m▂▂▂▂▂▂[48;2;5;3;12m[38;2;24;2;129m▂▂[48;2;21;16;22m[38;2;30;6;129m▂[48;2;200;195;202m[38;2;45;33;84m▅[48;2;243;243;245m[38;2;239;239;241m▌[48;2;254;254;255m[38;2;250;250;252m▌[48;2;250;250;252m      [48;2;81;76;96m[38;2;241;237;242m▊[48;2;7;6;12m[38;2;24;5;125m▂[48;2;4;2;10m[38;2;23;2;126m▂▂▂▂▂▂▂▂▂▂[0m
[48;2;38;3;183m[38;2;38;3;183m                                      [48;2;30;0;166m[38;2;46;11;189m▌[48;2;114;91;199m[38;2;42;8;186m▊[48;2;248;248;250m[38;2;248;248;250m  [48;2;250;250;252m[38;2;250;250;252m    [48;2;250;249;252m[38;2;0;0;0m [48;2;249;248;251m[38;2;211;210;215m▗[48;2;196;185;227m[38;2;71;49;176m▂[48;2;27;1;159m[38;2;48;13;202m┃[48;2;38;3;183m[38;2;38;3;183m          [0m
[48;2;38;3;183m[38;2;38;3;183m                                      [48;2;85;66;185m[38;2;33;5;179m▊[48;2;71;52;171m[38;2;236;232;243m▆[48;2;249;249;251m[38;2;249;249;251m  [48;2;250;250;252m[38;2;250;250;252m    [48;2;240;239;243m[38;2;0;0;0m [48;2;208;203;229m[38;2;63;45;174m▂[48;2;38;3;185m[38;2;38;3;185m  [48;2;38;3;183m[38;2;38;3;183m          [0m
[48;2;38;3;185m[38;2;38;3;185m                                      [48;2;123;110;180m[38;2;34;4;186m▊[48;2;245;244;243m[38;2;245;244;243m▄[48;2;250;250;252m[38;2;250;250;252m      [48;2;161;147;208m[38;2;249;244;249m▊[48;2;40;5;194m[38;2;33;9;161m▌[48;2;38;3;185m[38;2;38;3;185m            [0m
[48;2;38;3;185m[38;2;38;3;185m                                      [48;2;135;122;192m[38;2;33;8;185m▊[48;2;235;235;227m[38;2;253;251;255m┃[48;2;250;250;252m[38;2;250;250;252m    [48;2;253;252;254m[38;2;241;240;247m▌[48;2;173;172;180m[38;2;243;242;247m▊[48;2;182;167;224m[38;2;40;9;187m▆[48;2;37;6;176m[38;2;56;20;202m▖[48;2;38;3;185m[38;2;38;3;185m            [0m
[48;2;38;3;185m[38;2;38;3;185m                                      [48;2;135;122;192m[38;2;33;8;185m▊[48;2;235;235;227m[38;2;253;251;255m┃[48;2;250;250;252m[38;2;250;250;252m  [48;2;248;240;241m[38;2;0;0;0m [48;2;237;231;232m[38;2;221;92;133m▂[48;2;239;229;231m[38;2;195;78;116m▂[48;2;219;206;220m[38;2;193;77;124m▂[48;2;38;3;185m[38;2;38;3;185m              [0m
[48;2;38;3;185m[38;2;38;3;185m                                    [48;2;35;2;180m[38;2;32;2;153m▗[48;2;43;10;172m[38;2;21;5;67m▃[48;2;62;40;150m[38;2;23;15;24m▆[48;2;235;190;208m[38;2;206;76;98m▆[48;2;234;211;200m[38;2;220;80;109m▆▆[48;2;239;184;182m[38;2;216;78;104m▆[48;2;215;74;101m[38;2;0;0;0m [48;2;210;68;101m [48;2;185;65;90m[38;2;30;11;5m▂[48;2;130;52;122m[38;2;102;32;43m▄▄[48;2;64;19;168m[38;2;98;37;61m▆[48;2;36;8;174m[38;2;27;17;45m▂[48;2;38;3;185m[38;2;38;3;185m          [0m
[48;2;38;3;185m[38;2;38;3;185m                                    [48;2;37;2;178m[38;2;37;6;160m▝[48;2;37;22;75m[38;2;37;2;180m▆[48;2;20;11;29m[38;2;45;14;182m▂[48;2;136;46;73m[38;2;26;8;82m▆[48;2;160;41;74m[38;2;25;10;81m▆▆[48;2;167;48;81m[38;2;24;10;81m▆▆[48;2;132;44;70m[38;2;23;7;80m▆[48;2;16;9;27m[38;2;40;12;179m▂[48;2;8;6;11m[38;2;30;5;149m▃▃[48;2;18;7;50m[38;2;38;4;186m▂[48;2;33;18;89m[38;2;34;2;174m▆[48;2;38;3;185m[38;2;38;3;185m          [0m
[48;2;40;2;185m[38;2;40;2;185m                                                            [0m
[48;2;40;2;185m[38;2;40;2;185m                                                            [0m
