[48;2;1;1;1m[38;2;1;1;1m                                                            [0m
[48;2;1;1;1m[38;2;1;1;1m                                                            [0m
[48;2;1;1;1m[38;2;1;1;1m                                                            [0m
[48;2;1;1;1m[38;2;1;1;1m                                                      [48;2;1;1;3m[38;2;1;1;3m  [48;2;1;1;1m[38;2;1;1;1m    [0m
[48;2;1;1;1m[38;2;1;1;1m                          [48;2;3;1;6m[38;2;3;1;6m  [48;2;1;1;3m[38;2;1;1;3m  [48;2;1;1;1m[38;2;1;1;1m        [48;2;17;15;18m[38;2;0;0;0m [48;2;30;28;31m[38;2;222;220;223m▃[48;2;32;31;33m[38;2;243;241;244m▃▃[48;2;34;30;33m[38;2;234;230;234m▃[48;2;32;28;31m[38;2;218;214;217m▃[48;2;4;2;5m[38;2;4;2;5m  [48;2;1;1;1m[38;2;1;1;1m      [48;2;3;1;4m[38;2;3;1;4m  [48;2;3;1;6m[38;2;3;1;6m  [48;2;2;0;3m[38;2;2;0;3m  [48;2;1;1;1m[38;2;1;1;1m  [0m
[48;2;1;1;1m[38;2;1;1;1m                        [48;2;1;1;3m[38;2;1;1;3m  [48;2;3;1;6m[38;2;3;1;6m    [48;2;2;0;3m[38;2;2;0;3m  [48;2;1;1;3m[38;2;1;1;3m  [48;2;2;0;3m[38;2;2;0;3m    [48;2;20;15;19m[38;2;3;0;2m▊[48;2;38;34;37m[38;2;0;0;0m [48;2;240;242;245m[38;2;215;89;112m▄▄[48;2;239;224;225m[38;2;208;101;132m▃[48;2;245;242;239m[38;2;0;0;0m [48;2;114;112;115m[38;2;224;222;225m▊[48;2;1;0;2m[38;2;11;9;12m▄[48;2;1;1;1m[38;2;1;1;1m    [48;2;3;1;6m[38;2;3;1;6m      [48;2;1;1;3m[38;2;1;1;3m  [48;2;1;1;1m[38;2;1;1;1m  [0m
[48;2;1;1;1m[38;2;1;1;1m                    [48;2;3;1;6m[38;2;3;1;6m    [48;2;3;1;4m[38;2;3;1;4m  [48;2;3;1;6m[38;2;3;1;6m    [48;2;2;0;3m[38;2;2;0;3m  [48;2;3;1;6m[38;2;3;1;6m    [48;2;1;1;3m[38;2;1;1;3m  [48;2;8;3;7m[38;2;8;3;7m  [48;2;50;26;20m[38;2;189;62;89m▄[48;2;176;55;80m[38;2;206;66;98m▊[48;2;54;24;20m[38;2;191;60;88m▄[48;2;236;160;170m[38;2;213;83;111m▊[48;2;131;129;132m[38;2;241;240;242m▊[48;2;1;0;2m[38;2;32;30;33m▎[48;2;1;1;3m[38;2;1;1;3m  [48;2;3;1;4m[38;2;3;1;4m  [48;2;3;1;6m[38;2;3;1;6m      [48;2;1;1;3m[38;2;1;1;3m  [48;2;1;1;1m[38;2;1;1;1m  [0m
[48;2;1;1;1m[38;2;1;1;1m                    [48;2;1;1;3m[38;2;1;1;3m  [48;2;3;1;6m[38;2;3;1;6m          [48;2;1;1;3m[38;2;1;1;3m  [48;2;4;2;5m[38;2;4;2;5m  [48;2;20;18;21m[38;2;0;0;0m [48;2;15;13;16m[38;2;211;210;212m▄[48;2;26;14;14m[38;2;223;205;207m▄[48;2;27;10;11m[38;2;187;78;111m▄[48;2;223;79;106m[38;2;206;62;89m▎[48;2;226;82;109m[38;2;209;65;92m▊[48;2;213;73;100m[38;2;174;40;65m│[48;2;236;164;168m[38;2;220;76;104m▊[48;2;228;226;229m[38;2;0;0;0m [48;2;20;18;21m[38;2;225;223;226m▄[48;2;15;14;16m[38;2;226;224;226m▄[48;2;13;11;14m[38;2;193;191;194m▄[48;2;4;2;5m[38;2;4;2;5m  [48;2;3;1;6m[38;2;3;1;6m        [48;2;3;1;4m[38;2;3;1;4m  [0m
[48;2;1;1;1m[38;2;1;1;1m                    [48;2;2;2;4m[38;2;2;2;4m  [48;2;3;1;4m[38;2;3;1;4m  [48;2;3;1;6m[38;2;3;1;6m          [48;2;69;64;68m[38;2;16;12;15m▊[48;2;241;237;240m[38;2;188;183;187m▎[48;2;212;206;208m[38;2;252;248;250m▆[48;2;214;208;210m[38;2;245;240;242m▊[48;2;213;75;100m[38;2;213;75;100m  [48;2;219;84;114m[38;2;0;0;0m [48;2;205;72;102m[38;2;231;213;204m▄[48;2;216;83;114m[38;2;0;0;0m [48;2;205;96;119m[38;2;243;230;222m▄[48;2;250;250;252m[38;2;250;250;252m  [48;2;249;249;251m[38;2;249;249;251m  [48;2;218;214;217m[38;2;0;0;0m [48;2;22;17;21m[38;2;185;180;184m▄[48;2;5;3;6m[38;2;5;3;6m  [48;2;3;1;4m[38;2;3;1;4m  [48;2;3;1;6m[38;2;3;1;6m    [48;2;1;1;3m[38;2;1;1;3m  [0m
[48;2;1;1;1m[38;2;1;1;1m                [48;2;2;0;3m[38;2;2;0;3m  [48;2;3;1;4m[38;2;3;1;4m  [48;2;2;0;3m[38;2;2;0;3m  [48;2;1;1;1m[38;2;1;1;1m  [48;2;1;1;3m[38;2;1;1;3m    [48;2;2;0;3m[38;2;2;0;3m  [48;2;3;1;6m[38;2;3;1;6m  [48;2;1;0;4m[38;2;7;5;10m│[48;2;66;64;69m[38;2;8;6;11m▊[48;2;246;244;246m[38;2;214;212;215m▎[48;2;240;238;241m[38;2;250;249;251m▄[48;2;250;250;252m[38;2;250;250;252m  [48;2;239;238;234m[38;2;0;0;0m [48;2;210;101;134m[38;2;248;234;236m▄[48;2;248;248;250m[38;2;248;248;250m  [48;2;249;249;251m[38;2;249;249;251m  [48;2;250;250;252m[38;2;250;250;252m    [48;2;249;249;251m[38;2;249;249;251m  [48;2;216;214;217m[38;2;0;0;0m [48;2;18;16;19m[38;2;181;179;182m▄[48;2;1;1;1m[38;2;17;17;17m▃[48;2;3;3;3m[38;2;6;6;6m▖[48;2;2;0;3m[38;2;2;0;3m  [48;2;3;1;6m[38;2;3;1;6m  [48;2;1;1;1m[38;2;1;1;1m  [0m
[48;2;1;1;1m[38;2;1;1;1m            [48;2;1;1;3m[38;2;1;1;3m  [48;2;3;1;6m[38;2;3;1;6m      [48;2;1;1;3m[38;2;1;1;3m  [48;2;1;1;1m[38;2;1;1;1m      [48;2;1;1;3m[38;2;1;1;3m  [48;2;3;1;6m[38;2;3;1;6m  [48;2;1;0;4m[38;2;6;4;9m▖[48;2;7;6;10m[38;2;29;27;32m▝[48;2;215;213;216m[38;2;29;27;30m▄[48;2;239;237;240m[38;2;171;169;172m▁[48;2;247;245;248m[38;2;156;154;157m▁▁[48;2;250;250;252m[38;2;250;250;252m        [48;2;224;222;225m[38;2;0;0;0m [48;2;226;224;226m[38;2;17;16;18m▄[48;2;232;230;232m[38;2;55;53;56m▄[48;2;247;245;247m[38;2;157;155;158m▁[48;2;244;244;246m[38;2;174;174;176m▁[48;2;255;255;255m[38;2;240;240;242m━[48;2;213;209;213m[38;2;0;0;0m [48;2;23;19;22m[38;2;174;170;173m▄[48;2;1;1;1m[38;2;1;1;1m      [0m
[48;2;1;1;1m[38;2;1;1;1m            [48;2;3;1;6m[38;2;3;1;6m      [48;2;3;1;4m[38;2;3;1;4m  [48;2;1;1;3m[38;2;1;1;3m  [48;2;1;1;1m[38;2;1;1;1m    [48;2;3;1;6m[38;2;3;1;6m  [48;2;1;1;3m[38;2;1;1;3m  [48;2;2;0;3m[38;2;2;0;3m  [48;2;3;1;6m[38;2;3;1;6m  [48;2;4;2;7m[38;2;4;2;7m  [48;2;3;1;4m[38;2;12;10;13m│[48;2;101;99;102m[38;2;10;8;11m▊[48;2;255;254;255m[38;2;237;235;238m▌[48;2;253;251;253m[38;2;245;243;246m┃[48;2;250;250;252m[38;2;250;250;252m    [48;2;249;249;251m[38;2;249;249;251m  [48;2;102;100;103m[38;2;223;221;224m▊[48;2;1;0;2m[38;2;19;17;20m▎[48;2;4;2;7m[38;2;4;2;7m  [48;2;36;32;37m[38;2;0;0;0m [48;2;221;217;222m[38;2;61;57;62m▄[48;2;239;238;240m[38;2;179;177;180m▁[48;2;218;216;219m[38;2;0;0;0m [48;2;29;27;28m[38;2;174;172;173m▄[48;2;1;0;0m[38;2;3;1;2m┓[48;2;1;1;1m[38;2;1;1;1m    [0m
[48;2;1;1;1m[38;2;1;1;1m            [48;2;1;1;3m[38;2;1;1;3m  [48;2;3;1;6m[38;2;3;1;6m  [48;2;2;0;3m[38;2;2;0;3m  [48;2;1;1;1m[38;2;1;1;1m  [48;2;3;1;6m[38;2;3;1;6m    [48;2;1;1;1m[38;2;1;1;1m      [48;2;1;1;3m[38;2;1;1;3m  [48;2;3;1;6m[38;2;3;1;6m    [48;2;2;0;5m[38;2;10;8;13m│[48;2;99;97;102m[38;2;9;7;12m▊[48;2;250;248;250m[38;2;207;205;208m▎[48;2;242;240;243m[38;2;253;252;254m┃[48;2;250;250;252m[38;2;250;250;252m    [48;2;255;255;255m[38;2;251;251;253m▄[48;2;125;125;127m[38;2;243;243;245m▊[48;2;2;0;1m[38;2;2;0;1m  [48;2;3;1;6m[38;2;3;1;6m  [48;2;2;0;3m[38;2;2;0;3m  [48;2;54;17;23m[38;2;144;134;130m▝[48;2;239;224;222m[38;2;215;74;113m▄[48;2;129;68;85m[38;2;237;220;222m▘[48;2;12;0;0m[38;2;4;5;1m▅[48;2;1;1;1m[38;2;1;1;1m    [0m
[48;2;1;1;1m[38;2;1;1;1m              [48;2;2;0;3m[38;2;2;0;3m  [48;2;1;1;3m[38;2;1;1;3m    [48;2;3;1;6m[38;2;3;1;6m  [48;2;3;1;4m[38;2;3;1;4m  [48;2;1;1;3m[38;2;1;1;3m  [48;2;1;1;1m[38;2;1;1;1m    [48;2;3;1;6m[38;2;3;1;6m      [38;2;9;7;12m┃[48;2;7;5;10m[38;2;40;38;43m▝[48;2;223;218;222m[38;2;63;58;62m▅[48;2;240;235;239m[38;2;80;75;79m▅[48;2;242;240;243m[38;2;98;96;99m▁▁[48;2;244;242;245m[38;2;90;88;91m▁▁[48;2;230;226;229m[38;2;87;82;86m▁[48;2;201;196;200m[38;2;56;52;55m▅[48;2;1;1;3m[38;2;1;1;3m  [48;2;3;1;6m[38;2;3;1;6m  [48;2;1;1;3m[38;2;1;1;3m  [48;2;8;8;3m[38;2;110;32;53m▝[48;2;204;63;105m[38;2;26;8;10m▅[48;2;31;13;17m[38;2;179;52;92m▘[48;2;4;1;0m[38;2;0;10;1m▘[48;2;1;1;1m[38;2;1;1;1m    [0m
[48;2;1;1;1m[38;2;1;1;1m                [48;2;3;1;4m[38;2;3;1;4m  [48;2;3;1;6m[38;2;3;1;6m  [48;2;2;0;3m[38;2;2;0;3m  [48;2;3;1;6m[38;2;3;1;6m  [48;2;2;0;3m[38;2;2;0;3m  [48;2;1;1;1m[38;2;1;1;1m    [48;2;3;1;6m[38;2;3;1;6m  [48;2;1;1;1m[38;2;1;1;1m  [48;2;3;1;6m[38;2;3;1;6m  [48;2;9;5;10m[38;2;33;28;34m▁[48;2;40;35;41m[38;2;156;151;157m▁[48;2;247;246;248m[38;2;222;220;223m▎[48;2;239;238;240m[38;2;0;0;0m [48;2;28;24;27m[38;2;229;225;229m▅[48;2;23;18;22m[38;2;206;201;205m▅[48;2;16;12;17m[38;2;0;0;0m [48;2;33;29;34m[38;2;147;142;148m▁[48;2;60;55;56m[38;2;185;180;182m▅[48;2;220;215;217m[38;2;91;85;87m▁[48;2;55;51;54m[38;2;180;176;179m┓[48;2;10;5;9m[38;2;0;0;0m [48;2;2;0;3m[38;2;2;0;3m  [48;2;1;1;1m[38;2;1;1;1m          [0m
[48;2;1;1;1m[38;2;1;1;1m                    [48;2;0;0;0m[38;2;0;0;0m  [48;2;1;1;3m[38;2;1;1;3m  [48;2;1;1;1m[38;2;1;1;1m    [48;2;2;0;3m[38;2;2;0;3m  [48;2;1;1;3m[38;2;1;1;3m  [48;2;3;1;4m[38;2;3;1;4m  [48;2;4;2;7m[38;2;4;2;7m  [48;2;37;33;36m[38;2;154;149;153m▁[48;2;247;243;246m[38;2;214;209;213m▎[48;2;250;250;252m[38;2;250;250;252m  [48;2;249;249;250m[38;2;232;232;234m╵[48;2;238;238;239m[38;2;0;0;0m [48;2;55;49;53m[38;2;212;206;210m▅[48;2;174;169;173m[38;2;88;83;86m▄[48;2;28;23;26m[38;2;184;178;182m▅▅[48;2;24;20;23m[38;2;194;190;193m▅[48;2;74;70;73m[38;2;217;213;217m┓[48;2;2;0;5m[38;2;2;0;5m  [48;2;1;1;1m[38;2;1;1;1m          [0m
[48;2;1;1;1m[38;2;1;1;1m                        [48;2;1;1;3m[38;2;1;1;3m  [48;2;3;1;6m[38;2;3;1;6m  [48;2;2;0;3m[38;2;2;0;3m    [48;2;3;1;6m[38;2;3;1;6m  [48;2;1;0;0m[38;2;13;11;12m│[48;2;78;76;77m[38;2;7;6;6m▊[48;2;249;249;251m[38;2;231;231;233m▌[38;2;255;255;255m▌[48;2;250;250;252m[38;2;250;250;252m    [48;2;249;249;250m[38;2;232;232;234m╵[48;2;238;238;239m[38;2;0;0;0m [48;2;27;23;26m[38;2;240;236;240m▅▅[48;2;73;71;74m[38;2;235;234;236m▅[48;2;118;116;119m[38;2;240;238;241m▊[48;2;1;0;2m[38;2;6;4;7m▃[38;2;8;6;9m━[48;2;1;1;1m[38;2;1;1;1m          [0m
[48;2;1;1;1m[38;2;1;1;1m                    [48;2;2;0;3m[38;2;2;0;3m  [48;2;1;1;1m[38;2;1;1;1m  [48;2;3;1;6m[38;2;3;1;6m    [48;2;1;1;3m[38;2;1;1;3m  [48;2;2;0;3m[38;2;2;0;3m  [48;2;1;1;3m[38;2;1;1;3m  [48;2;1;0;0m[38;2;13;11;12m│[48;2;78;76;77m[38;2;7;6;6m▊[48;2;250;250;251m[38;2;232;232;234m▌[48;2;250;250;252m[38;2;255;255;255m▌[38;2;250;250;252m          [48;2;87;85;88m[38;2;239;237;240m▊[48;2;1;0;2m[38;2;10;8;11m│[48;2;1;1;1m[38;2;1;1;1m          [0m
[48;2;1;1;1m[38;2;1;1;1m                  [48;2;1;1;3m[38;2;1;1;3m  [48;2;2;0;3m[38;2;2;0;3m  [48;2;1;1;3m[38;2;1;1;3m  [48;2;3;1;6m[38;2;3;1;6m    [48;2;2;0;3m[38;2;2;0;3m  [48;2;1;1;3m[38;2;1;1;3m  [48;2;1;1;1m[38;2;1;1;1m  [48;2;1;0;0m[38;2;13;11;12m│[48;2;78;76;77m[38;2;7;6;6m▊[48;2;243;243;245m[38;2;239;239;241m▌[48;2;254;254;255m[38;2;250;250;252m▌[48;2;250;250;252m  [48;2;236;236;238m[38;2;250;250;251m▊[48;2;230;230;231m[38;2;0;0;0m [48;2;216;214;216m[38;2;53;52;54m▅[48;2;250;249;251m[38;2;230;229;231m▎[48;2;250;250;252m[38;2;250;250;252m    [48;2;89;84;88m[38;2;240;236;240m▊[48;2;3;0;2m[38;2;12;7;11m│[48;2;1;1;1m[38;2;1;1;1m          [0m
[48;2;1;1;1m[38;2;1;1;1m                  [48;2;2;0;3m[38;2;2;0;3m    [48;2;3;1;6m[38;2;3;1;6m      [48;2;1;1;3m[38;2;1;1;3m  [48;2;1;1;1m[38;2;1;1;1m    [48;2;0;0;0m[38;2;5;5;5m▂[48;2;6;6;6m[38;2;19;19;19m▝[48;2;206;204;207m[38;2;30;29;31m▅[48;2;249;247;250m[38;2;221;219;221m▎[48;2;250;250;252m[38;2;250;250;252m  [48;2;251;250;253m[38;2;243;242;247m┃[48;2;151;150;155m[38;2;243;242;245m▊[48;2;107;102;108m[38;2;20;15;21m▊[48;2;229;225;229m[38;2;47;42;48m▁[48;2;250;250;252m[38;2;250;250;252m    [48;2;88;83;87m[38;2;240;236;239m▊[48;2;3;0;2m[38;2;11;6;10m│[48;2;1;1;1m[38;2;1;1;1m          [0m
[48;2;4;2;10m[38;2;23;2;126m▂▂▂▂▂▂▂▂▂▂▂▂▂▂▂▂▂▂[48;2;5;3;12m[38;2;24;2;129m▂▂[48;2;4;2;10m[38;2;23;2;126m▂▂[48;2;5;3;12m[38;2;24;2;129m▂▂▂▂▂▂[48;2;5;3;11m[38;2;24;3;127m▂▂[48;2;4;2;10m[38;2;23;2;126m▂▂▂▂▂▂[48;2;25;23;35m[38;2;42;26;119m▂[48;2;250;248;250m[38;2;205;201;217m▎[48;2;250;250;252m[38;2;250;250;252m  [48;2;252;252;253m[38;2;233;233;235m▖[48;2;173;173;175m[38;2;244;244;246m▊[48;2;31;26;32m[38;2;209;200;231m▁[48;2;37;29;53m[38;2;84;65;153m▁[48;2;248;248;250m[38;2;248;248;250m  [48;2;250;250;252m[38;2;250;250;252m  [48;2;81;76;96m[38;2;239;236;240m▊[48;2;6;4;12m[38;2;23;4;125m▂[48;2;4;2;10m[38;2;23;2;126m▂▂▂▂▂▂▂▂▂▂[0m
[48;2;38;3;183m[38;2;38;3;183m                                    [48;2;60;29;195m[38;2;36;9;175m▆[48;2;230;222;247m[38;2;59;31;182m▆[48;2;249;249;251m[38;2;231;231;233m▌[38;2;255;255;255m▌[48;2;250;250;252m[38;2;250;250;252m  [48;2;144;133;193m[38;2;244;243;240m▊[48;2;121;101;216m[38;2;42;14;183m▊[48;2;242;241;243m[38;2;104;86;192m▂[48;2;243;242;246m[38;2;0;0;0m [48;2;250;250;252m[38;2;250;250;252m  [48;2;131;112;220m[38;2;238;236;234m▊[48;2;38;12;180m[38;2;174;162;222m▂[48;2;38;3;183m[38;2;38;3;183m          [0m
[48;2;38;3;183m[38;2;38;3;183m                                    [48;2;35;1;176m[38;2;43;9;184m┃[48;2;60;26;201m[38;2;29;0;170m▌[48;2;232;231;231m[38;2;88;68;193m▂[48;2;242;241;246m[38;2;0;0;0m [48;2;250;250;252m[38;2;250;250;252m  [48;2;181;172;217m[38;2;246;243;252m▊[48;2;40;17;172m[38;2;196;189;218m▂[48;2;126;113;183m[38;2;37;6;189m▊[48;2;248;247;245m[38;2;248;247;245m▄[48;2;250;250;252m[38;2;250;250;252m  [48;2;248;247;250m[38;2;248;247;250m▄[48;2;82;67;162m[38;2;246;245;242m▊[48;2;38;3;185m[38;2;38;3;185m  [48;2;38;3;183m[38;2;38;3;183m        [0m
[48;2;38;3;185m[38;2;38;3;185m                                      [48;2;93;76;171m[38;2;35;6;183m▊[48;2;233;228;237m[38;2;70;53;166m▂[48;2;250;250;252m[38;2;250;250;252m  [48;2;250;250;251m[38;2;249;249;242m▌[48;2;154;150;177m[38;2;245;242;254m▊[48;2;126;113;183m[38;2;37;6;189m▊[48;2;248;247;245m[38;2;248;247;245m▄[48;2;250;250;252m[38;2;250;250;252m  [48;2;248;247;250m[38;2;248;247;250m▄[48;2;82;67;162m[38;2;246;245;242m▊[48;2;38;3;185m[38;2;38;3;185m          [0m
[48;2;38;3;185m[38;2;38;3;185m                                      [48;2;42;7;191m[38;2;29;2;160m┏[48;2;54;24;187m[38;2;0;0;0m [48;2;236;235;237m[38;2;76;60;183m▂[48;2;243;241;248m[38;2;0;0;0m [48;2;250;250;251m[38;2;249;249;242m▌[48;2;154;150;177m[38;2;245;242;254m▊[48;2;106;92;183m[38;2;36;11;182m▊[48;2;235;231;240m[38;2;85;70;167m▂[48;2;250;250;252m[38;2;250;250;252m  [48;2;236;233;240m[38;2;0;0;0m [48;2;193;188;221m[38;2;51;32;168m▂[48;2;38;3;185m[38;2;38;3;185m          [0m
[48;2;38;3;185m[38;2;38;3;185m                                        [48;2;126;109;201m[38;2;36;10;181m▊[48;2;254;253;245m[38;2;218;213;233m▎[48;2;248;240;245m[38;2;0;0;0m [48;2;215;211;214m[38;2;206;76;122m▂[48;2;45;9;178m[38;2;157;61;115m▂[48;2;121;109;183m[38;2;42;11;175m▊[48;2;247;237;239m[38;2;199;82;119m▂[48;2;241;231;233m[38;2;173;56;94m▂[48;2;112;91;198m[38;2;229;224;236m┛[48;2;30;5;158m[38;2;41;8;193m▊[48;2;38;3;185m[38;2;38;3;185m          [0m
[48;2;38;3;185m[38;2;38;3;185m                                    [48;2;35;2;180m[38;2;32;2;153m▗[48;2;43;10;172m[38;2;21;5;67m▃[48;2;40;14;144m[38;2;9;4;15m▆▆[48;2;64;28;64m[38;2;199;69;93m▂[48;2;237;203;230m[38;2;206;78;101m▆[48;2;226;204;196m[38;2;204;69;98m▆[48;2;202;67;97m[38;2;37;12;9m▂[48;2;202;66;105m[38;2;54;25;33m▂[48;2;79;45;102m[38;2;208;75;97m▆[48;2;210;63;95m[38;2;212;82;108m┃[48;2;102;29;36m[38;2;214;70;100m▊[48;2;26;2;126m[38;2;15;7;27m▅[48;2;34;3;173m[38;2;23;9;73m▃[48;2;38;3;185m[38;2;38;3;185m          [0m
[48;2;38;3;185m[38;2;38;3;185m                                    [48;2;37;2;178m[38;2;37;6;160m▝[48;2;37;22;75m[38;2;37;2;180m▆[48;2;12;4;26m[38;2;43;11;183m▂▂[48;2;148;48;74m[38;2;28;10;81m▆▆[48;2;132;44;70m[38;2;23;7;80m▆[48;2;16;9;27m[38;2;40;12;179m▂[48;2;21;10;29m[38;2;46;13;182m▂[48;2;137;45;73m[38;2;27;7;82m▆[48;2;146;45;74m[38;2;27;8;81m▆▆[48;2;18;7;50m[38;2;38;4;186m▂[48;2;33;18;89m[38;2;34;2;174m▆[48;2;38;3;185m[38;2;38;3;185m          [0m
[48;2;40;2;185m[38;2;40;2;185m                                                            [0m
[48;2;40;2;185m[38;2;40;2;185m                                                            [0m
