[48;2;1;1;1m[38;2;1;1;1m                                                            [0m
[48;2;1;1;1m[38;2;1;1;1m                                                            [0m
[48;2;1;1;1m[38;2;1;1;1m                                                            [0m
[48;2;1;1;1m[38;2;1;1;1m                                                      [48;2;1;1;3m[38;2;1;1;3m  [48;2;1;1;1m[38;2;1;1;1m    [0m
[48;2;1;1;1m[38;2;1;1;1m                          [48;2;3;1;6m[38;2;3;1;6m  [48;2;1;1;3m[38;2;1;1;3m  [48;2;1;1;1m[38;2;1;1;1m        [48;2;17;15;18m[38;2;0;0;0m [48;2;30;28;31m[38;2;222;220;223m▃[48;2;32;31;33m[38;2;243;241;244m▃▃[48;2;34;30;33m[38;2;234;230;234m▃[48;2;32;28;31m[38;2;218;214;217m▃[48;2;4;2;5m[38;2;4;2;5m  [48;2;1;1;1m[38;2;1;1;1m      [48;2;3;1;4m[38;2;3;1;4m  [48;2;3;1;6m[38;2;3;1;6m  [48;2;2;0;3m[38;2;2;0;3m  [48;2;1;1;1m[38;2;1;1;1m  [0m
[48;2;1;1;1m[38;2;1;1;1m                        [48;2;1;1;3m[38;2;1;1;3m  [48;2;3;1;6m[38;2;3;1;6m    [48;2;2;0;3m[38;2;2;0;3m  [48;2;1;1;3m[38;2;1;1;3m  [48;2;2;0;3m[38;2;2;0;3m    [48;2;20;15;19m[38;2;3;0;2m▊[48;2;38;34;37m[38;2;0;0;0m [48;2;234;219;224m[38;2;199;75;95m▃[48;2;242;227;232m[38;2;209;85;105m▃[48;2;248;248;250m[38;2;248;248;250m  [48;2;114;112;115m[38;2;224;222;225m▊[48;2;1;0;2m[38;2;11;9;12m▄[48;2;1;1;1m[38;2;1;1;1m    [48;2;3;1;6m[38;2;3;1;6m      [48;2;1;1;3m[38;2;1;1;3m  [48;2;1;1;1m[38;2;1;1;1m  [0m
[48;2;1;1;1m[38;2;1;1;1m                    [48;2;3;1;6m[38;2;3;1;6m    [48;2;3;1;4m[38;2;3;1;4m  [48;2;3;1;6m[38;2;3;1;6m    [48;2;2;0;3m[38;2;2;0;3m  [48;2;3;1;6m[38;2;3;1;6m    [48;2;1;1;3m[38;2;1;1;3m  [48;2;5;0;3m[38;2;12;6;10m┃[48;2;39;33;37m[38;2;4;0;2m▊[48;2;187;63;89m[38;2;221;76;109m┃[48;2;57;26;23m[38;2;186;64;89m▄[48;2;216;150;160m[38;2;206;82;102m▊[48;2;251;245;252m[38;2;236;226;225m▎[48;2;131;129;132m[38;2;241;240;242m▊[48;2;1;0;2m[38;2;32;30;33m▎[48;2;1;1;3m[38;2;1;1;3m  [48;2;3;1;4m[38;2;3;1;4m  [48;2;3;1;6m[38;2;3;1;6m      [48;2;1;1;3m[38;2;1;1;3m  [48;2;1;1;1m[38;2;1;1;1m  [0m
[48;2;1;1;1m[38;2;1;1;1m                    [48;2;1;1;3m[38;2;1;1;3m  [48;2;3;1;6m[38;2;3;1;6m          [48;2;1;1;3m[38;2;1;1;3m  [48;2;3;1;4m[38;2;3;1;4m  [48;2;1;1;3m[38;2;1;1;3m  [48;2;7;2;3m[38;2;25;19;21m▂[48;2;42;36;38m[38;2;12;7;8m▊[48;2;223;81;107m[38;2;206;64;90m▎[48;2;226;84;110m[38;2;209;67;93m▊[48;2;224;150;163m[38;2;203;60;86m▊[48;2;245;251;254m[38;2;242;232;231m▎[48;2;133;131;134m[38;2;243;241;243m▊[48;2;1;0;2m[38;2;34;32;35m▎[48;2;3;1;4m[38;2;13;11;14m▃▃[38;2;3;1;4m  [48;2;3;1;6m[38;2;3;1;6m        [48;2;3;1;4m[38;2;3;1;4m  [0m
[48;2;1;1;1m[38;2;1;1;1m                    [48;2;2;2;4m[38;2;2;2;4m  [48;2;3;1;4m[38;2;3;1;4m  [48;2;3;1;6m[38;2;3;1;6m          [48;2;3;1;4m[38;2;11;9;12m▎[48;2;9;7;10m[38;2;37;35;38m▗[48;2;20;15;19m[38;2;223;219;222m▄[48;2;36;31;35m[38;2;221;216;220m▄[48;2;166;161;165m[38;2;243;238;242m▇[48;2;177;172;176m[38;2;251;248;251m▇[48;2;224;181;188m[38;2;244;243;245m▊[48;2;217;93;112m[38;2;209;58;85m┃[48;2;210;81;110m[38;2;0;0;0m [48;2;214;112;133m[38;2;239;232;223m▄[48;2;255;255;255m[38;2;240;240;242m━[48;2;174;174;176m[38;2;244;244;246m▇[48;2;179;177;180m[38;2;245;244;246m▇[48;2;220;218;220m[38;2;0;0;0m [48;2;14;10;13m[38;2;194;189;193m▄[48;2;8;4;7m[38;2;43;38;42m▁[48;2;4;2;5m[38;2;4;2;5m  [48;2;3;1;4m[38;2;3;1;4m  [48;2;3;1;6m[38;2;3;1;6m    [48;2;1;1;3m[38;2;1;1;3m  [0m
[48;2;1;1;1m[38;2;1;1;1m                [48;2;2;0;3m[38;2;2;0;3m  [48;2;3;1;4m[38;2;3;1;4m  [48;2;2;0;3m[38;2;2;0;3m  [48;2;1;1;1m[38;2;1;1;1m  [48;2;1;1;3m[38;2;1;1;3m    [48;2;2;0;3m[38;2;2;0;3m  [48;2;3;1;6m[38;2;3;1;6m  [48;2;1;0;4m[38;2;8;6;11m▄[48;2;8;6;11m[38;2;37;35;40m▂[48;2;43;35;34m[38;2;232;221;222m▄[48;2;203;199;196m[38;2;208;92;127m▄[48;2;213;88;109m[38;2;217;71;98m▄[48;2;217;71;98m[38;2;213;88;109m▄[48;2;202;101;131m[38;2;242;234;232m▄[48;2;249;244;242m[38;2;0;0;0m [48;2;249;249;251m[38;2;249;249;251m    [48;2;250;250;252m[38;2;250;250;252m    [48;2;241;241;243m[38;2;252;252;253m▄▄[48;2;216;214;217m[38;2;0;0;0m [48;2;22;20;23m[38;2;240;238;241m▄[48;2;17;15;16m[38;2;179;177;178m▄[48;2;9;8;8m[38;2;28;26;27m▁[48;2;2;0;3m[38;2;2;0;3m  [48;2;3;1;6m[38;2;3;1;6m  [48;2;1;1;1m[38;2;1;1;1m  [0m
[48;2;1;1;1m[38;2;1;1;1m            [48;2;1;1;3m[38;2;1;1;3m  [48;2;3;1;6m[38;2;3;1;6m      [48;2;1;1;3m[38;2;1;1;3m  [48;2;1;1;1m[38;2;1;1;1m      [48;2;1;1;3m[38;2;1;1;3m  [48;2;3;1;6m[38;2;3;1;6m  [48;2;51;49;52m[38;2;5;3;6m▊[48;2;246;244;246m[38;2;174;172;175m▎[48;2;253;252;254m[38;2;247;245;248m▃[48;2;245;243;246m[38;2;232;230;233m▝[48;2;204;103;132m[38;2;250;242;242m▄[48;2;247;242;240m[38;2;0;0;0m [48;2;250;250;252m[38;2;250;250;252m        [48;2;249;249;251m[38;2;249;249;251m  [48;2;246;245;247m[38;2;155;153;156m▁▁[48;2;244;244;245m[38;2;184;184;186m▁[48;2;250;250;251m[38;2;0;0;0m [48;2;247;246;248m [48;2;211;209;212m [48;2;22;20;21m[38;2;176;174;175m▄[48;2;5;3;4m[38;2;76;74;75m▁[48;2;1;1;1m[38;2;1;1;1m    [0m
[48;2;1;1;1m[38;2;1;1;1m            [48;2;3;1;6m[38;2;3;1;6m      [48;2;3;1;4m[38;2;3;1;4m  [48;2;1;1;3m[38;2;1;1;3m  [48;2;1;1;1m[38;2;1;1;1m    [48;2;3;1;6m[38;2;3;1;6m  [48;2;1;1;3m[38;2;1;1;3m  [48;2;2;0;3m[38;2;2;0;3m  [48;2;14;10;13m[38;2;0;0;0m [48;2;229;224;228m[38;2;41;37;40m▅[48;2;239;237;239m[38;2;128;126;129m▁▁[48;2;218;217;219m[38;2;37;36;38m▄[48;2;240;239;241m[38;2;131;129;132m▁[48;2;250;250;252m[38;2;250;250;252m        [48;2;181;179;182m[38;2;237;235;238m▊[48;2;58;56;59m[38;2;211;210;212m▘[48;2;5;3;8m[38;2;5;3;8m  [48;2;1;0;2m[38;2;17;15;18m▄[48;2;246;245;247m[38;2;29;27;30m▅[48;2;229;227;229m[38;2;66;64;67m▄[48;2;243;241;244m[38;2;170;168;171m▁[48;2;247;245;248m[38;2;0;0;0m [48;2;210;208;211m [48;2;24;22;23m[38;2;182;180;181m▄[48;2;1;0;0m[38;2;21;19;20m▁[48;2;1;1;1m[38;2;1;1;1m  [0m
[48;2;1;1;1m[38;2;1;1;1m            [48;2;1;1;3m[38;2;1;1;3m  [48;2;3;1;6m[38;2;3;1;6m  [48;2;2;0;3m[38;2;2;0;3m  [48;2;1;1;1m[38;2;1;1;1m  [48;2;3;1;6m[38;2;3;1;6m    [48;2;1;1;1m[38;2;1;1;1m      [48;2;1;1;3m[38;2;1;1;3m  [48;2;3;1;6m[38;2;3;1;6m  [48;2;4;2;7m[38;2;4;2;7m  [48;2;1;0;4m[38;2;8;6;11m│[48;2;89;87;92m[38;2;12;10;15m▊[48;2;250;248;250m[38;2;207;205;208m▎[48;2;242;240;243m[38;2;253;252;254m┃[48;2;250;250;252m[38;2;250;250;252m      [48;2;111;109;110m[38;2;240;238;239m▊[48;2;1;0;0m[38;2;25;23;24m▎[48;2;3;1;6m[38;2;3;1;6m  [48;2;2;0;3m[38;2;2;0;3m  [48;2;1;0;0m[38;2;23;21;22m▄[48;2;35;33;34m[38;2;0;0;0m [48;2;222;218;221m[38;2;70;65;69m▄[48;2;247;243;246m[38;2;133;128;132m▁[48;2;244;240;242m[38;2;202;154;170m▁[48;2;37;29;30m[38;2;206;196;200m▊[48;2;3;0;0m[38;2;9;5;6m▃▃[0m
[48;2;1;1;1m[38;2;1;1;1m              [48;2;2;0;3m[38;2;2;0;3m  [48;2;1;1;3m[38;2;1;1;3m    [48;2;3;1;6m[38;2;3;1;6m  [48;2;3;1;4m[38;2;3;1;4m  [48;2;1;1;3m[38;2;1;1;3m  [48;2;1;1;1m[38;2;1;1;1m    [48;2;3;1;6m[38;2;3;1;6m      [48;2;1;0;4m[38;2;14;12;17m▌[48;2;79;77;82m[38;2;8;6;11m▊[48;2;231;229;232m[38;2;119;117;120m▁[48;2;255;254;255m[38;2;248;246;249m▄[48;2;250;250;252m[38;2;250;250;252m    [48;2;248;248;250m[38;2;248;248;250m  [48;2;97;95;96m[38;2;215;213;214m▊[48;2;4;2;3m[38;2;1;0;0m│[48;2;3;1;6m[38;2;3;1;6m  [48;2;1;1;3m[38;2;1;1;3m  [48;2;1;1;1m[38;2;1;1;1m  [48;2;10;2;2m[38;2;0;17;9m▎[48;2;149;50;81m[38;2;28;9;13m▊[48;2;208;65;95m[38;2;65;30;24m▁[48;2;175;61;82m[38;2;76;32;29m▁[48;2;74;24;32m[38;2;166;58;87m▖[48;2;24;11;9m[38;2;174;60;91m▘[0m
[48;2;1;1;1m[38;2;1;1;1m                [48;2;3;1;4m[38;2;3;1;4m  [48;2;3;1;6m[38;2;3;1;6m  [48;2;2;0;3m[38;2;2;0;3m  [48;2;3;1;6m[38;2;3;1;6m  [48;2;2;0;3m[38;2;2;0;3m  [48;2;1;1;1m[38;2;1;1;1m    [48;2;3;1;6m[38;2;3;1;6m  [48;2;1;1;1m[38;2;1;1;1m  [48;2;3;1;6m[38;2;3;1;6m  [48;2;14;12;17m[38;2;1;0;4m▊[48;2;22;20;25m[38;2;0;0;0m [48;2;51;45;49m[38;2;211;205;209m▅[48;2;218;212;216m[38;2;84;78;82m▅[48;2;228;224;227m[38;2;65;61;64m▅[48;2;233;229;232m[38;2;27;23;26m▅[48;2;235;231;232m[38;2;28;24;25m▅▅[48;2;228;223;227m[38;2;74;68;72m▅[48;2;202;196;200m[38;2;92;86;90m▅[48;2;75;71;74m[38;2;208;203;207m┓[48;2;3;0;2m[38;2;27;22;26m╸[48;2;2;0;3m[38;2;2;0;3m  [48;2;1;1;1m[38;2;1;1;1m          [0m
[48;2;1;1;1m[38;2;1;1;1m                    [48;2;0;0;0m[38;2;0;0;0m  [48;2;1;1;3m[38;2;1;1;3m  [48;2;1;1;1m[38;2;1;1;1m    [48;2;2;0;3m[38;2;2;0;3m  [48;2;1;1;3m[38;2;1;1;3m  [48;2;3;1;4m[38;2;3;1;4m  [48;2;3;1;6m[38;2;3;1;6m  [48;2;3;0;2m[38;2;6;1;5m▄[48;2;52;47;51m[38;2;223;218;222m▅[48;2;248;248;250m[38;2;248;248;250m  [48;2;165;160;164m[38;2;243;239;243m▊[48;2;32;28;31m[38;2;127;122;126m▂[48;2;28;22;24m[38;2;168;162;164m▅[48;2;46;40;42m[38;2;159;153;155m▁[48;2;239;237;240m[38;2;107;105;108m▁[48;2;244;242;245m[38;2;0;0;0m [48;2;230;228;231m [48;2;76;74;77m[38;2;221;219;222m┓[48;2;2;0;5m[38;2;2;0;5m  [48;2;1;1;1m[38;2;1;1;1m          [0m
[48;2;1;1;1m[38;2;1;1;1m                        [48;2;1;1;3m[38;2;1;1;3m  [48;2;3;1;6m[38;2;3;1;6m  [48;2;2;0;3m[38;2;2;0;3m    [48;2;3;1;6m[38;2;3;1;6m  [48;2;1;1;3m[38;2;1;1;3m  [48;2;79;77;80m[38;2;8;6;9m▊[48;2;248;247;249m[38;2;202;200;203m▎[48;2;250;250;252m[38;2;250;250;252m  [48;2;249;249;251m[38;2;233;233;235m╵[48;2;238;238;239m[38;2;0;0;0m [48;2;57;51;55m[38;2;215;210;214m▅[48;2;200;195;198m[38;2;94;89;92m▅[48;2;93;87;91m[38;2;190;185;189m┓[48;2;215;210;213m[38;2;76;70;74m▅[48;2;199;195;198m[38;2;75;70;74m┓[48;2;115;110;114m[38;2;241;237;240m▊[48;2;1;0;2m[38;2;5;3;6m▃[38;2;7;5;8m━[48;2;1;1;1m[38;2;1;1;1m          [0m
[48;2;1;1;1m[38;2;1;1;1m                    [48;2;2;0;3m[38;2;2;0;3m  [48;2;1;1;1m[38;2;1;1;1m  [48;2;3;1;6m[38;2;3;1;6m    [48;2;1;1;3m[38;2;1;1;3m  [48;2;2;0;3m[38;2;2;0;3m  [48;2;1;1;3m[38;2;1;1;3m  [48;2;1;1;1m[38;2;1;1;1m  [48;2;79;77;80m[38;2;8;6;9m▊[48;2;248;247;249m[38;2;202;200;203m▎[48;2;250;250;252m[38;2;250;250;252m    [48;2;249;249;251m[38;2;233;233;235m╵[48;2;238;238;239m[38;2;0;0;0m [48;2;68;67;69m[38;2;239;238;240m▅[48;2;246;244;247m[38;2;0;0;0m [48;2;250;250;252m[38;2;250;250;252m  [48;2;87;85;88m[38;2;239;237;240m▊[48;2;1;0;2m[38;2;10;8;11m│[48;2;1;1;1m[38;2;1;1;1m          [0m
[48;2;1;1;1m[38;2;1;1;1m                  [48;2;1;1;3m[38;2;1;1;3m  [48;2;2;0;3m[38;2;2;0;3m  [48;2;1;1;3m[38;2;1;1;3m  [48;2;3;1;6m[38;2;3;1;6m    [48;2;2;0;3m[38;2;2;0;3m  [48;2;1;1;3m[38;2;1;1;3m  [48;2;1;1;1m[38;2;1;1;1m    [48;2;79;77;80m[38;2;8;6;9m▊[48;2;248;247;249m[38;2;202;200;203m▎[48;2;250;250;252m[38;2;250;250;252m          [48;2;89;84;88m[38;2;240;236;240m▊[48;2;3;0;2m[38;2;12;7;11m│[48;2;1;1;1m[38;2;1;1;1m          [0m
[48;2;1;1;1m[38;2;1;1;1m                  [48;2;2;0;3m[38;2;2;0;3m    [48;2;3;1;6m[38;2;3;1;6m      [48;2;1;1;3m[38;2;1;1;3m  [48;2;1;1;1m[38;2;1;1;1m      [48;2;1;0;2m[38;2;8;6;9m▄[48;2;206;205;207m[38;2;38;36;39m▅[48;2;243;243;245m[38;2;239;239;241m▌[48;2;254;254;255m[38;2;250;250;252m▌[48;2;250;250;252m        [48;2;89;84;88m[38;2;240;236;240m▊[48;2;3;0;2m[38;2;12;7;11m│[48;2;1;1;1m[38;2;1;1;1m          [0m
[48;2;4;2;10m[38;2;23;2;126m▂▂▂▂▂▂▂▂▂▂▂▂▂▂▂▂▂▂[48;2;5;3;12m[38;2;24;2;129m▂▂[48;2;4;2;10m[38;2;23;2;126m▂▂[48;2;5;3;12m[38;2;24;2;129m▂▂▂▂▂▂[48;2;5;3;11m[38;2;24;3;127m▂▂[48;2;4;2;10m[38;2;23;2;126m▂▂▂▂▂▂[48;2;9;4;12m[38;2;26;5;127m▂[48;2;32;25;45m[38;2;52;24;177m▁[48;2;255;255;255m[38;2;236;236;238m▌[48;2;252;252;253m[38;2;244;244;246m┃[48;2;250;250;252m[38;2;250;250;252m        [48;2;119;117;122m[38;2;236;235;238m▊[48;2;24;22;27m[38;2;203;201;204m▁[48;2;4;2;10m[38;2;23;2;126m▂▂▂▂▂▂▂▂▂▂[0m
[48;2;38;3;183m[38;2;38;3;183m                                    [48;2;40;5;183m[38;2;40;5;183m  [48;2;233;229;242m[38;2;70;47;185m▆[48;2;239;237;236m[38;2;0;0;0m [48;2;250;250;252m[38;2;250;250;252m        [48;2;248;247;250m[38;2;248;247;250m▄[48;2;82;67;162m[38;2;246;245;242m▊[48;2;37;2;184m[38;2;37;2;184m  [48;2;38;3;183m[38;2;38;3;183m        [0m
[48;2;38;3;183m[38;2;38;3;183m                                      [48;2;41;11;185m[38;2;0;0;0m [48;2;226;219;237m[38;2;76;51;183m▆[48;2;249;249;251m[38;2;249;249;251m  [48;2;250;250;252m[38;2;250;250;252m      [48;2;248;247;250m[38;2;248;247;250m▄[48;2;82;67;162m[38;2;246;245;242m▊[48;2;38;3;185m[38;2;38;3;185m  [48;2;38;3;183m[38;2;38;3;183m        [0m
[48;2;38;3;185m[38;2;38;3;185m                                      [48;2;35;2;178m[38;2;46;11;189m▄[48;2;46;11;189m[38;2;35;2;178m▄[48;2;219;215;233m[38;2;70;46;188m▆[48;2;247;245;243m[38;2;224;220;230m▎[48;2;250;250;252m[38;2;250;250;252m      [48;2;248;247;250m[38;2;248;247;250m▄[48;2;82;67;162m[38;2;246;245;242m▊[48;2;38;3;185m[38;2;38;3;185m          [0m
[48;2;38;3;185m[38;2;38;3;185m                                        [48;2;42;12;186m[38;2;0;0;0m [48;2;217;207;237m[38;2;72;51;174m▆[48;2;249;249;251m[38;2;249;249;251m  [48;2;250;250;252m[38;2;250;250;252m    [48;2;248;247;250m[38;2;248;247;250m▄[48;2;82;67;162m[38;2;246;245;242m▊[48;2;37;2;184m[38;2;37;2;184m  [48;2;38;3;185m[38;2;38;3;185m        [0m
[48;2;38;3;185m[38;2;38;3;185m                                        [48;2;40;5;185m[38;2;40;5;185m  [48;2;217;206;237m[38;2;62;31;166m▆[48;2;239;233;237m[38;2;192;65;96m▂[48;2;221;215;227m[38;2;189;79;115m▂[48;2;199;205;226m[38;2;73;43;174m▆[48;2;248;236;239m[38;2;207;72;95m▂▂[48;2;214;205;228m[38;2;149;57;103m▂[48;2;170;156;226m[38;2;39;12;173m▆[48;2;38;3;185m[38;2;38;3;185m          [0m
[48;2;38;3;185m[38;2;38;3;185m                                    [48;2;39;4;184m[38;2;39;4;184m  [48;2;35;9;149m[38;2;15;6;36m▂[48;2;29;7;115m[38;2;13;8;15m▅[48;2;36;12;64m[38;2;208;66;98m▂[48;2;30;15;74m[38;2;187;68;96m▃[48;2;108;36;134m[38;2;212;74;98m▆[48;2;213;72;98m[38;2;0;0;0m [48;2;220;75;103m[38;2;186;70;94m▝[48;2;95;45;131m[38;2;214;74;103m▆[48;2;218;74;99m[38;2;218;74;99m  [48;2;73;30;109m[38;2;205;74;104m▊[48;2;34;3;152m[38;2;34;15;72m▂[48;2;38;3;185m[38;2;38;3;185m          [0m
[48;2;38;3;185m[38;2;38;3;185m                                    [48;2;38;3;183m[38;2;38;3;183m  [48;2;17;9;34m[38;2;37;6;172m▆[48;2;16;8;33m[38;2;36;5;169m▂[48;2;148;48;74m[38;2;28;10;81m▆▆[48;2;167;48;81m[38;2;24;10;81m▆▆▆▆▆▆[48;2;52;19;62m[38;2;54;5;185m▂[48;2;27;11;79m[38;2;40;10;178m▆[48;2;38;3;185m[38;2;38;3;185m          [0m
[48;2;40;2;185m[38;2;40;2;185m                                                            [0m
[48;2;40;2;185m[38;2;40;2;185m                                                            [0m
