[48;2;1;1;1m[38;2;1;1;1m                                                            [0m
[48;2;1;1;1m[38;2;1;1;1m                                                            [0m
[48;2;1;1;1m[38;2;1;1;1m                                                            [0m
[48;2;1;1;1m[38;2;1;1;1m                                                      [48;2;1;1;3m[38;2;1;1;3m  [48;2;1;1;1m[38;2;1;1;1m    [0m
[48;2;1;1;1m[38;2;1;1;1m                          [48;2;3;1;6m[38;2;3;1;6m  [48;2;1;1;3m[38;2;1;1;3m  [48;2;1;1;1m[38;2;1;1;1m        [48;2;17;15;18m[38;2;0;0;0m [48;2;30;28;31m[38;2;222;220;223m▃[48;2;32;31;33m[38;2;243;241;244m▃▃[48;2;34;30;33m[38;2;234;230;234m▃[48;2;32;28;31m[38;2;218;214;217m▃[48;2;4;2;5m[38;2;4;2;5m  [48;2;1;1;1m[38;2;1;1;1m      [48;2;3;1;4m[38;2;3;1;4m  [48;2;3;1;6m[38;2;3;1;6m  [48;2;2;0;3m[38;2;2;0;3m  [48;2;1;1;1m[38;2;1;1;1m  [0m
[48;2;1;1;1m[38;2;1;1;1m                        [48;2;1;1;3m[38;2;1;1;3m  [48;2;3;1;6m[38;2;3;1;6m    [48;2;2;0;3m[38;2;2;0;3m  [48;2;1;1;3m[38;2;1;1;3m  [48;2;2;0;3m[38;2;2;0;3m    [48;2;20;15;19m[38;2;3;0;2m▊[48;2;38;34;37m[38;2;0;0;0m [48;2;236;220;225m[38;2;201;77;97m▃[48;2;242;227;232m[38;2;207;83;103m▃[48;2;249;249;251m[38;2;249;249;251m  [48;2;114;112;115m[38;2;224;222;225m▊[48;2;1;0;2m[38;2;11;9;12m▄[48;2;1;1;1m[38;2;1;1;1m    [48;2;3;1;6m[38;2;3;1;6m      [48;2;1;1;3m[38;2;1;1;3m  [48;2;1;1;1m[38;2;1;1;1m  [0m
[48;2;1;1;1m[38;2;1;1;1m                    [48;2;3;1;6m[38;2;3;1;6m    [48;2;3;1;4m[38;2;3;1;4m  [48;2;3;1;6m[38;2;3;1;6m    [48;2;2;0;3m[38;2;2;0;3m  [48;2;3;1;6m[38;2;3;1;6m    [48;2;1;1;3m[38;2;1;1;3m  [48;2;8;3;7m[38;2;8;3;7m  [48;2;54;19;17m[38;2;180;64;88m▄[48;2;202;86;109m[38;2;230;77;113m▄[48;2;243;237;235m[38;2;203;105;134m▄[48;2;250;246;244m[38;2;0;0;0m [48;2;131;129;132m[38;2;241;240;242m▊[48;2;1;0;2m[38;2;32;30;33m▎[48;2;1;1;3m[38;2;1;1;3m  [48;2;3;1;4m[38;2;3;1;4m  [48;2;3;1;6m[38;2;3;1;6m      [48;2;1;1;3m[38;2;1;1;3m  [48;2;1;1;1m[38;2;1;1;1m  [0m
[48;2;1;1;1m[38;2;1;1;1m                    [48;2;1;1;3m[38;2;1;1;3m  [48;2;3;1;6m[38;2;3;1;6m          [48;2;1;1;3m[38;2;1;1;3m  [48;2;3;1;4m[38;2;3;1;4m  [48;2;1;1;3m[38;2;1;1;3m  [48;2;6;1;2m[38;2;14;8;10m┃[48;2;41;35;37m[38;2;4;0;0m▊[48;2;223;81;107m[38;2;206;64;90m▎[48;2;226;84;110m[38;2;209;67;93m▊[48;2;224;150;163m[38;2;203;60;86m▊[48;2;245;251;254m[38;2;242;232;231m▎[48;2;133;131;134m[38;2;243;241;243m▊[48;2;1;0;2m[38;2;34;32;35m▎[48;2;3;1;4m[38;2;13;11;14m▃▃[38;2;3;1;4m  [48;2;3;1;6m[38;2;3;1;6m        [48;2;3;1;4m[38;2;3;1;4m  [0m
[48;2;1;1;1m[38;2;1;1;1m                    [48;2;2;2;4m[38;2;2;2;4m  [48;2;3;1;4m[38;2;3;1;4m  [48;2;3;1;6m[38;2;3;1;6m          [48;2;3;1;4m[38;2;3;1;4m  [48;2;6;4;7m[38;2;0;0;0m [48;2;7;6;8m[38;2;45;43;46m▗[48;2;39;35;38m[38;2;225;220;224m▄[48;2;178;173;177m[38;2;244;241;244m▇[48;2;224;181;188m[38;2;244;243;245m▊[48;2;217;93;112m[38;2;209;58;85m┃[48;2;210;81;110m[38;2;0;0;0m [48;2;214;112;133m[38;2;239;232;223m▄[48;2;255;255;255m[38;2;240;240;242m━[48;2;174;174;176m[38;2;244;244;246m▇[48;2;179;177;180m[38;2;245;244;246m▇[48;2;220;218;220m[38;2;0;0;0m [48;2;17;12;16m[38;2;188;184;188m▄[48;2;3;0;2m[38;2;33;28;32m▁[48;2;1;1;3m[38;2;1;1;3m  [48;2;3;1;4m[38;2;3;1;4m  [48;2;3;1;6m[38;2;3;1;6m    [48;2;1;1;3m[38;2;1;1;3m  [0m
[48;2;1;1;1m[38;2;1;1;1m                [48;2;2;0;3m[38;2;2;0;3m  [48;2;3;1;4m[38;2;3;1;4m  [48;2;2;0;3m[38;2;2;0;3m  [48;2;1;1;1m[38;2;1;1;1m  [48;2;1;1;3m[38;2;1;1;3m    [48;2;2;0;3m[38;2;2;0;3m  [48;2;3;1;6m[38;2;3;1;6m      [48;2;83;78;82m[38;2;18;13;17m▊[48;2;242;238;241m[38;2;203;198;202m▎[48;2;250;250;252m[38;2;250;250;252m  [48;2;249;249;251m[38;2;249;249;251m    [48;2;250;250;252m[38;2;250;250;252m    [48;2;246;244;246m[38;2;247;245;248m▄[48;2;220;218;220m[38;2;0;0;0m [48;2;20;19;21m[38;2;186;184;187m▄[48;2;9;7;10m[38;2;31;29;32m▁[48;2;1;1;1m[38;2;1;1;1m  [48;2;2;0;3m[38;2;2;0;3m  [48;2;3;1;6m[38;2;3;1;6m  [48;2;1;1;1m[38;2;1;1;1m  [0m
[48;2;1;1;1m[38;2;1;1;1m            [48;2;1;1;3m[38;2;1;1;3m  [48;2;3;1;6m[38;2;3;1;6m      [48;2;1;1;3m[38;2;1;1;3m  [48;2;1;1;1m[38;2;1;1;1m      [48;2;1;1;3m[38;2;1;1;3m  [48;2;3;1;6m[38;2;3;1;6m    [48;2;1;0;2m[38;2;19;17;20m╸[48;2;36;34;37m[38;2;0;0;0m [48;2;255;254;255m[38;2;236;234;237m▌[48;2;252;250;253m[38;2;244;242;245m┃[48;2;250;250;252m[38;2;250;250;252m            [48;2;241;241;243m[38;2;247;247;249m▊[48;2;218;218;220m[38;2;0;0;0m [48;2;18;17;19m[38;2;183;181;184m▄[48;2;1;0;2m[38;2;15;13;16m▂[48;2;1;1;3m[38;2;1;1;3m  [48;2;1;1;1m[38;2;1;1;1m    [0m
[48;2;1;1;1m[38;2;1;1;1m            [48;2;3;1;6m[38;2;3;1;6m      [48;2;3;1;4m[38;2;3;1;4m  [48;2;1;1;3m[38;2;1;1;3m  [48;2;1;1;1m[38;2;1;1;1m    [48;2;3;1;6m[38;2;3;1;6m  [48;2;1;1;3m[38;2;1;1;3m  [48;2;2;0;3m[38;2;2;0;3m  [48;2;1;0;4m[38;2;8;6;11m▎[48;2;15;13;18m[38;2;114;112;117m▁[48;2;32;30;33m[38;2;210;208;210m▅[48;2;241;239;241m[38;2;0;0;0m [48;2;245;245;247m [48;2;235;235;237m[38;2;134;134;136m▁[48;2;245;243;246m[38;2;61;59;62m▅[48;2;253;251;254m[38;2;255;254;255m┣[48;2;250;250;252m[38;2;250;250;252m      [48;2;255;255;255m[38;2;253;253;255m▌[48;2;220;220;222m[38;2;0;0;0m [48;2;246;242;246m[38;2;33;29;34m▅[48;2;225;221;225m[38;2;59;54;60m▄[48;2;245;245;247m[38;2;145;145;147m▁[48;2;244;244;246m[38;2;161;161;163m▁[48;2;247;245;248m[38;2;0;0;0m [48;2;217;215;218m [48;2;26;24;27m[38;2;170;168;171m▄[48;2;6;5;7m[38;2;18;16;19m╷[48;2;1;1;3m[38;2;1;1;3m  [48;2;1;1;1m[38;2;1;1;1m  [0m
[48;2;1;1;1m[38;2;1;1;1m            [48;2;1;1;3m[38;2;1;1;3m  [48;2;3;1;6m[38;2;3;1;6m  [48;2;2;0;3m[38;2;2;0;3m  [48;2;1;1;1m[38;2;1;1;1m  [48;2;3;1;6m[38;2;3;1;6m    [48;2;1;1;1m[38;2;1;1;1m      [48;2;1;1;3m[38;2;1;1;3m  [48;2;25;21;24m[38;2;134;129;133m▁[48;2;248;244;248m[38;2;196;191;195m▎[48;2;245;244;246m[38;2;0;0;0m [48;2;236;234;237m[38;2;118;116;119m▁[48;2;220;215;219m[38;2;36;31;35m▅[48;2;3;0;2m[38;2;5;0;4m▄[48;2;17;12;16m[38;2;0;0;0m [48;2;232;228;231m[38;2;53;48;52m▅[48;2;247;247;249m[38;2;247;247;249m  [48;2;250;250;252m[38;2;250;250;252m    [48;2;249;247;250m[38;2;249;247;250m▄[48;2;83;81;84m[38;2;246;245;247m▊[48;2;3;1;6m[38;2;3;1;6m  [48;2;6;4;7m[38;2;0;0;0m [48;2;33;31;34m [48;2;221;219;222m[38;2;65;63;66m▄[48;2;242;240;242m[38;2;157;155;158m▁[48;2;217;215;217m[38;2;0;0;0m [48;2;48;46;49m[38;2;238;237;239m▖[48;2;3;1;6m[38;2;3;1;6m  [48;2;1;1;1m[38;2;1;1;1m  [0m
[48;2;1;1;1m[38;2;1;1;1m              [48;2;2;0;3m[38;2;2;0;3m  [48;2;1;1;3m[38;2;1;1;3m    [48;2;3;1;6m[38;2;3;1;6m  [48;2;3;1;4m[38;2;3;1;4m  [48;2;1;1;3m[38;2;1;1;3m  [48;2;1;1;1m[38;2;1;1;1m    [48;2;8;4;7m[38;2;23;4;10m▘[48;2;13;8;11m[38;2;77;52;62m▁[48;2;219;202;203m[38;2;199;67;106m▄[48;2;243;235;234m[38;2;189;151;158m▁[48;2;227;223;228m[38;2;117;112;118m▁[48;2;5;1;6m[38;2;55;50;56m▎[48;2;3;1;6m[38;2;3;1;6m  [48;2;1;0;4m[38;2;14;12;17m▌[48;2;79;77;82m[38;2;8;6;11m▊[48;2;255;255;255m[38;2;236;236;238m▌[48;2;252;252;253m[38;2;244;244;246m┃[48;2;250;250;252m[38;2;250;250;252m    [48;2;241;240;242m[38;2;0;0;0m [48;2;109;107;110m[38;2;219;217;219m▊[48;2;12;11;15m[38;2;123;121;126m▁[48;2;1;0;4m[38;2;20;18;23m [48;2;1;1;3m[38;2;1;1;3m  [48;2;3;3;1m[38;2;5;18;11m▝[48;2;158;112;125m[38;2;30;18;20m▊[48;2;232;217;221m[38;2;182;64;80m▄[48;2;184;75;96m[38;2;227;195;205m▘[48;2;51;24;30m[38;2;170;54;89m▃[48;2;18;8;8m[38;2;0;0;0m [48;2;2;0;3m[38;2;2;0;3m  [0m
[48;2;1;1;1m[38;2;1;1;1m                [48;2;3;1;4m[38;2;3;1;4m  [48;2;3;1;6m[38;2;3;1;6m  [48;2;2;0;3m[38;2;2;0;3m  [48;2;3;1;6m[38;2;3;1;6m  [48;2;2;0;3m[38;2;2;0;3m  [48;2;1;1;1m[38;2;1;1;1m  [48;2;1;1;3m[38;2;1;1;3m  [48;2;35;18;12m[38;2;142;51;66m▅[48;2;219;76;109m[38;2;158;48;69m▎[48;2;204;64;98m[38;2;82;31;35m▁[48;2;193;65;94m[38;2;32;15;11m▅[48;2;4;2;7m[38;2;4;2;7m  [48;2;3;1;6m[38;2;3;1;6m  [48;2;2;0;5m[38;2;9;7;12m┃[48;2;36;34;39m[38;2;1;0;4m▊[48;2;226;221;225m[38;2;68;63;67m▅[48;2;230;226;230m[38;2;23;19;22m▅[48;2;235;231;232m[38;2;28;24;25m▅▅[48;2;231;227;231m[38;2;69;64;68m▅▅[48;2;175;170;174m[38;2;78;73;77m┓[48;2;65;60;64m[38;2;229;224;228m▅[48;2;229;228;230m[38;2;0;0;0m [48;2;66;65;67m[38;2;209;207;210m┓[48;2;1;1;1m[38;2;1;1;1m    [48;2;5;6;1m[38;2;80;38;47m▝[48;2;198;64;104m[38;2;18;8;6m▅[48;2;208;68;107m[38;2;17;10;7m▅[48;2;22;13;9m[38;2;148;41;69m▘[48;2;1;1;1m[38;2;1;1;1m  [0m
[48;2;1;1;1m[38;2;1;1;1m                    [48;2;0;0;0m[38;2;0;0;0m  [48;2;1;1;3m[38;2;1;1;3m  [48;2;1;1;1m[38;2;1;1;1m    [48;2;2;0;3m[38;2;2;0;3m  [48;2;9;6;2m[38;2;0;0;0m [48;2;165;54;87m[38;2;19;8;8m▅[48;2;4;2;5m[38;2;4;2;5m  [48;2;3;1;6m[38;2;3;1;6m    [48;2;3;0;2m[38;2;19;14;18m▄[48;2;49;44;48m[38;2;227;223;226m▅[48;2;162;156;160m[38;2;237;232;236m▊[48;2;45;39;43m[38;2;150;144;148m▁[48;2;23;18;19m[38;2;162;156;158m▅[48;2;43;37;39m[38;2;132;126;128m▂[48;2;238;236;239m[38;2;117;115;118m▁[48;2;244;243;245m[38;2;0;0;0m [48;2;250;250;252m[38;2;250;250;252m  [48;2;246;246;248m[38;2;246;246;248m▄[48;2;79;79;81m[38;2;243;243;245m▊[48;2;1;1;1m[38;2;1;1;1m          [0m
[48;2;1;1;1m[38;2;1;1;1m                        [48;2;1;1;3m[38;2;1;1;3m  [48;2;3;1;6m[38;2;3;1;6m  [48;2;2;0;3m[38;2;2;0;3m    [48;2;3;1;6m[38;2;3;1;6m  [48;2;1;1;3m[38;2;1;1;3m  [48;2;13;11;14m[38;2;1;0;2m▊[48;2;21;19;22m[38;2;0;0;0m [48;2;54;52;55m[38;2;227;225;228m▅[48;2;245;244;246m[38;2;0;0;0m [48;2;255;254;255m[38;2;253;252;255m▌[48;2;164;163;168m[38;2;240;239;244m▊[48;2;129;123;127m[38;2;49;43;47m▊[48;2;222;217;221m[38;2;94;88;92m▁[48;2;66;60;64m[38;2;208;202;206m▅[48;2;217;212;216m[38;2;78;72;76m▅[48;2;197;195;198m[38;2;77;75;78m┓[48;2;245;244;246m[38;2;231;229;232m╺[48;2;241;239;241m[38;2;0;0;0m [48;2;70;68;71m[38;2;202;200;203m▊[48;2;1;1;1m[38;2;1;1;1m          [0m
[48;2;1;1;1m[38;2;1;1;1m                    [48;2;2;0;3m[38;2;2;0;3m  [48;2;1;1;1m[38;2;1;1;1m  [48;2;3;1;6m[38;2;3;1;6m    [48;2;1;1;3m[38;2;1;1;3m  [48;2;2;0;3m[38;2;2;0;3m  [48;2;1;1;3m[38;2;1;1;3m  [48;2;1;1;1m[38;2;1;1;1m  [48;2;2;1;3m[38;2;11;9;12m│[48;2;100;98;101m[38;2;9;8;10m▊[48;2;255;255;255m[38;2;236;236;238m▌[48;2;252;252;253m[38;2;244;244;246m┃[48;2;250;250;252m[38;2;250;250;252m  [48;2;235;233;236m[38;2;0;0;0m [48;2;64;62;65m[38;2;222;220;222m▅[48;2;222;217;220m[38;2;72;66;70m▅[48;2;225;221;224m[38;2;97;91;95m▅[48;2;247;247;249m[38;2;253;253;254m▅[48;2;245;245;247m[38;2;232;232;234m▗[48;2;77;72;76m[38;2;203;199;202m▊[48;2;8;3;7m[38;2;0;0;0m [48;2;1;1;1m[38;2;1;1;1m          [0m
[48;2;1;1;1m[38;2;1;1;1m                  [48;2;1;1;3m[38;2;1;1;3m  [48;2;2;0;3m[38;2;2;0;3m  [48;2;1;1;3m[38;2;1;1;3m  [48;2;3;1;6m[38;2;3;1;6m    [48;2;2;0;3m[38;2;2;0;3m  [48;2;1;1;3m[38;2;1;1;3m  [48;2;1;1;1m[38;2;1;1;1m    [48;2;2;1;3m[38;2;11;9;12m│[48;2;100;98;101m[38;2;9;8;10m▊[48;2;255;254;255m[38;2;237;235;238m▌[48;2;253;251;253m[38;2;245;243;246m┃[48;2;250;250;252m[38;2;250;250;252m      [48;2;242;240;242m[38;2;0;0;0m [48;2;83;81;84m[38;2;200;198;201m▊[48;2;2;0;5m[38;2;2;0;5m  [48;2;1;1;1m[38;2;1;1;1m          [0m
[48;2;1;1;1m[38;2;1;1;1m                  [48;2;2;0;3m[38;2;2;0;3m    [48;2;3;1;6m[38;2;3;1;6m      [48;2;1;1;3m[38;2;1;1;3m  [48;2;1;1;1m[38;2;1;1;1m      [48;2;1;0;2m[38;2;2;0;3m▘[48;2;4;3;5m[38;2;40;38;41m▝[48;2;208;206;209m[38;2;32;30;33m▅[48;2;250;249;251m[38;2;222;220;223m▎[48;2;250;250;252m[38;2;250;250;252m      [48;2;111;109;112m[38;2;240;238;240m▊[48;2;1;0;2m[38;2;25;23;26m▎[48;2;3;1;6m[38;2;3;1;6m  [48;2;1;1;1m[38;2;1;1;1m          [0m
[48;2;4;2;10m[38;2;23;2;126m▂▂▂▂▂▂▂▂▂▂▂▂▂▂▂▂▂▂[48;2;5;3;12m[38;2;24;2;129m▂▂[48;2;4;2;10m[38;2;23;2;126m▂▂[48;2;5;3;12m[38;2;24;2;129m▂▂▂▂▂▂[48;2;5;3;11m[38;2;24;3;127m▂▂[48;2;4;2;10m[38;2;23;2;126m▂▂▂▂▂▂[48;2;5;3;12m[38;2;24;2;129m▂▂[48;2;29;26;33m[38;2;42;22;143m▂[48;2;222;218;233m[38;2;62;33;203m▁[48;2;249;249;251m[38;2;249;249;251m  [48;2;250;250;252m[38;2;250;250;252m    [48;2;234;232;236m[38;2;0;0;0m [48;2;88;86;91m[38;2;238;236;240m┓[48;2;5;3;12m[38;2;24;2;129m▂▂[48;2;4;2;10m[38;2;23;2;126m▂▂▂▂▂▂▂▂▂▂[0m
[48;2;38;3;183m[38;2;38;3;183m                                      [48;2;31;0;167m[38;2;47;12;190m▌[48;2;115;92;200m[38;2;43;9;187m▊[48;2;248;248;250m[38;2;248;248;250m  [48;2;250;250;252m[38;2;250;250;252m    [48;2;252;250;255m[38;2;240;241;235m▎[48;2;114;102;174m[38;2;245;245;240m▊[48;2;37;2;184m[38;2;37;2;184m  [48;2;38;3;183m[38;2;38;3;183m          [0m
[48;2;38;3;183m[38;2;38;3;183m                                      [48;2;37;4;182m[38;2;32;0;163m│[48;2;102;78;188m[38;2;43;11;189m▊[48;2;237;236;238m[38;2;96;79;185m▂[48;2;247;245;247m[38;2;0;0;0m [48;2;250;250;252m[38;2;250;250;252m    [48;2;251;250;253m[38;2;236;235;240m┛[48;2;239;238;241m[38;2;0;0;0m [48;2;55;28;190m[38;2;191;180;220m▆[48;2;39;11;168m[38;2;38;5;190m▊[48;2;38;3;183m[38;2;38;3;183m          [0m
[48;2;38;3;185m[38;2;38;3;185m                                        [48;2;126;109;201m[38;2;36;10;181m▊[48;2;254;253;245m[38;2;218;213;233m▎[48;2;250;250;252m[38;2;250;250;252m      [48;2;95;72;186m[38;2;244;239;239m▊[48;2;37;6;188m[38;2;37;6;188m▄[48;2;38;3;185m[38;2;38;3;185m          [0m
[48;2;38;3;185m[38;2;38;3;185m                                        [48;2;115;85;178m[38;2;36;8;178m▊[48;2;245;233;234m[38;2;183;106;129m▂[48;2;250;250;252m[38;2;250;250;252m      [48;2;94;71;187m[38;2;243;238;240m▊[48;2;36;5;189m[38;2;36;5;189m▄[48;2;38;3;185m[38;2;38;3;185m          [0m
[48;2;38;3;185m[38;2;38;3;185m                                    [48;2;39;4;184m[38;2;39;4;184m  [48;2;44;10;173m[38;2;187;62;104m▂▂[48;2;82;22;145m[38;2;203;74;95m▆[48;2;220;81;111m[38;2;185;73;107m▘[48;2;227;219;211m[38;2;207;66;108m▆[48;2;242;218;228m[38;2;129;47;125m▆[48;2;210;203;228m[38;2;44;15;178m▆[48;2;219;213;224m[38;2;64;39;188m▆[48;2;248;236;239m[38;2;207;72;95m▂▂[48;2;197;185;211m[38;2;168;71;127m▂[48;2;28;1;178m[38;2;45;9;186m▌[48;2;38;3;185m[38;2;38;3;185m          [0m
[48;2;38;3;185m[38;2;38;3;185m                                    [48;2;39;4;182m[38;2;39;4;182m  [48;2;95;36;128m[38;2;27;11;75m▄[48;2;217;77;105m[38;2;25;16;25m▇[48;2;170;56;92m[38;2;5;5;2m▆▆[48;2;138;50;73m[38;2;14;3;16m▆[48;2;41;20;129m[38;2;6;3;11m▆[48;2;39;14;145m[38;2;23;13;26m▆[48;2;70;27;167m[38;2;93;33;55m▇[48;2;218;74;99m[38;2;218;74;99m  [48;2;73;30;109m[38;2;205;74;104m▊[48;2;34;3;152m[38;2;34;15;72m▂[48;2;38;3;185m[38;2;38;3;185m          [0m
[48;2;38;3;185m[38;2;38;3;185m                                    [48;2;38;3;183m[38;2;38;3;183m  [48;2;30;22;47m[38;2;31;1;166m▆[48;2;15;8;31m[38;2;35;4;169m▂[48;2;8;3;24m[38;2;39;10;180m▂▂▂▂[48;2;20;11;29m[38;2;45;14;182m▂[48;2;136;46;73m[38;2;26;8;82m▆[48;2;167;48;81m[38;2;24;10;81m▆▆[48;2;52;19;62m[38;2;54;5;185m▂[48;2;27;11;79m[38;2;40;10;178m▆[48;2;38;3;185m[38;2;38;3;185m          [0m
[48;2;40;2;185m[38;2;40;2;185m                                                            [0m
[48;2;40;2;185m[38;2;40;2;185m                                                            [0m
