[48;2;1;1;1m[38;2;1;1;1m                                                            [0m
[48;2;1;1;1m[38;2;1;1;1m                                                            [0m
[48;2;1;1;1m[38;2;1;1;1m                                                            [0m
[48;2;1;1;1m[38;2;1;1;1m                                                      [48;2;1;1;3m[38;2;1;1;3m  [48;2;1;1;1m[38;2;1;1;1m    [0m
[48;2;1;1;1m[38;2;1;1;1m                          [48;2;3;1;6m[38;2;3;1;6m  [48;2;1;1;3m[38;2;1;1;3m  [48;2;1;1;1m[38;2;1;1;1m        [48;2;17;15;18m[38;2;0;0;0m [48;2;30;28;31m[38;2;222;220;223m▃[48;2;32;31;33m[38;2;243;241;244m▃▃[48;2;34;30;33m[38;2;234;230;234m▃[48;2;32;28;31m[38;2;218;214;217m▃[48;2;4;2;5m[38;2;4;2;5m  [48;2;1;1;1m[38;2;1;1;1m      [48;2;3;1;4m[38;2;3;1;4m  [48;2;3;1;6m[38;2;3;1;6m  [48;2;2;0;3m[38;2;2;0;3m  [48;2;1;1;1m[38;2;1;1;1m  [0m
[48;2;1;1;1m[38;2;1;1;1m                        [48;2;1;1;3m[38;2;1;1;3m  [48;2;3;1;6m[38;2;3;1;6m    [48;2;2;0;3m[38;2;2;0;3m  [48;2;1;1;3m[38;2;1;1;3m  [48;2;2;0;3m[38;2;2;0;3m    [48;2;20;15;19m[38;2;3;0;2m▊[48;2;38;34;37m[38;2;0;0;0m [48;2;236;220;225m[38;2;201;77;97m▃[48;2;242;227;232m[38;2;207;83;103m▃[48;2;249;249;251m[38;2;249;249;251m  [48;2;114;112;115m[38;2;224;222;225m▊[48;2;1;0;2m[38;2;11;9;12m▄[48;2;1;1;1m[38;2;1;1;1m    [48;2;3;1;6m[38;2;3;1;6m      [48;2;1;1;3m[38;2;1;1;3m  [48;2;1;1;1m[38;2;1;1;1m  [0m
[48;2;1;1;1m[38;2;1;1;1m                    [48;2;3;1;6m[38;2;3;1;6m    [48;2;3;1;4m[38;2;3;1;4m  [48;2;3;1;6m[38;2;3;1;6m    [48;2;2;0;3m[38;2;2;0;3m  [48;2;3;1;6m[38;2;3;1;6m    [48;2;1;1;3m[38;2;1;1;3m  [48;2;8;3;7m[38;2;8;3;7m  [48;2;54;19;17m[38;2;180;64;88m▄[48;2;202;86;109m[38;2;230;77;113m▄[48;2;243;237;235m[38;2;203;105;134m▄[48;2;250;246;244m[38;2;0;0;0m [48;2;131;129;132m[38;2;241;240;242m▊[48;2;1;0;2m[38;2;32;30;33m▎[48;2;1;1;3m[38;2;1;1;3m  [48;2;3;1;4m[38;2;3;1;4m  [48;2;3;1;6m[38;2;3;1;6m      [48;2;1;1;3m[38;2;1;1;3m  [48;2;1;1;1m[38;2;1;1;1m  [0m
[48;2;1;1;1m[38;2;1;1;1m                    [48;2;1;1;3m[38;2;1;1;3m  [48;2;3;1;6m[38;2;3;1;6m          [48;2;1;1;3m[38;2;1;1;3m  [48;2;3;1;4m[38;2;3;1;4m  [48;2;1;1;3m[38;2;1;1;3m  [48;2;6;1;2m[38;2;14;8;10m┃[48;2;41;35;37m[38;2;4;0;0m▊[48;2;223;81;107m[38;2;206;64;90m▎[48;2;226;84;110m[38;2;209;67;93m▊[48;2;224;150;163m[38;2;203;60;86m▊[48;2;245;251;254m[38;2;242;232;231m▎[48;2;133;131;134m[38;2;243;241;243m▊[48;2;1;0;2m[38;2;34;32;35m▎[48;2;4;2;5m[38;2;4;2;5m  [48;2;3;1;4m[38;2;3;1;4m  [48;2;3;1;6m[38;2;3;1;6m        [48;2;3;1;4m[38;2;3;1;4m  [0m
[48;2;1;1;1m[38;2;1;1;1m                    [48;2;2;2;4m[38;2;2;2;4m  [48;2;3;1;4m[38;2;3;1;4m  [48;2;3;1;6m[38;2;3;1;6m          [48;2;3;1;4m[38;2;3;1;4m  [48;2;6;4;7m[38;2;0;0;0m [48;2;7;6;8m[38;2;45;43;46m▗[48;2;39;35;38m[38;2;225;220;224m▄[48;2;178;173;177m[38;2;244;241;244m▇[48;2;224;181;188m[38;2;244;243;245m▊[48;2;217;93;112m[38;2;209;58;85m┃[48;2;210;81;110m[38;2;0;0;0m [48;2;214;112;133m[38;2;239;232;223m▄[48;2;255;255;255m[38;2;240;240;242m━[48;2;174;174;176m[38;2;244;244;246m▇[48;2;150;145;149m[38;2;230;226;230m▇[48;2;21;16;20m[38;2;192;187;191m▄[48;2;5;3;8m[38;2;5;3;8m  [48;2;1;1;3m[38;2;1;1;3m  [48;2;3;1;4m[38;2;3;1;4m  [48;2;3;1;6m[38;2;3;1;6m    [48;2;1;1;3m[38;2;1;1;3m  [0m
[48;2;1;1;1m[38;2;1;1;1m                [48;2;2;0;3m[38;2;2;0;3m  [48;2;3;1;4m[38;2;3;1;4m  [48;2;2;0;3m[38;2;2;0;3m  [48;2;1;1;1m[38;2;1;1;1m  [48;2;1;1;3m[38;2;1;1;3m    [48;2;2;0;3m[38;2;2;0;3m  [48;2;3;1;6m[38;2;3;1;6m      [48;2;76;74;77m[38;2;6;4;7m▊[48;2;245;243;246m[38;2;199;197;200m▎[48;2;250;250;252m[38;2;250;250;252m  [48;2;249;249;251m[38;2;249;249;251m    [48;2;250;250;252m[38;2;250;250;252m    [48;2;219;218;220m[38;2;0;0;0m [48;2;25;23;26m[38;2;187;185;188m▄[48;2;3;1;4m[38;2;3;1;4m  [48;2;1;1;1m[38;2;1;1;1m  [48;2;2;0;3m[38;2;2;0;3m  [48;2;3;1;6m[38;2;3;1;6m  [48;2;1;1;1m[38;2;1;1;1m  [0m
[48;2;1;1;1m[38;2;1;1;1m            [48;2;1;1;3m[38;2;1;1;3m  [48;2;3;1;6m[38;2;3;1;6m      [48;2;1;1;3m[38;2;1;1;3m  [48;2;1;1;1m[38;2;1;1;1m      [48;2;1;1;3m[38;2;1;1;3m  [48;2;3;1;6m[38;2;3;1;6m    [48;2;10;8;11m[38;2;3;1;4m▚[48;2;6;4;7m[38;2;1;0;2m▌[48;2;42;40;43m[38;2;227;225;228m▄[48;2;243;241;243m[38;2;0;0;0m [48;2;250;250;252m[38;2;250;250;252m          [48;2;246;246;247m[38;2;0;0;0m [48;2;226;226;227m [48;2;24;19;23m[38;2;188;183;187m▄[48;2;9;5;8m[38;2;93;88;92m▁[48;2;3;1;6m[38;2;3;1;6m  [48;2;1;1;3m[38;2;1;1;3m  [48;2;1;1;1m[38;2;1;1;1m    [0m
[48;2;1;1;1m[38;2;1;1;1m            [48;2;3;1;6m[38;2;3;1;6m      [48;2;3;1;4m[38;2;3;1;4m  [48;2;1;1;3m[38;2;1;1;3m  [48;2;1;1;1m[38;2;1;1;1m    [48;2;3;1;6m[38;2;3;1;6m  [48;2;1;1;3m[38;2;1;1;3m  [48;2;2;0;3m[38;2;2;0;3m  [48;2;3;1;6m[38;2;3;1;6m  [48;2;1;0;2m[38;2;23;21;24m╸[48;2;38;36;39m[38;2;0;0;0m [48;2;255;254;255m[38;2;238;236;239m▌[48;2;253;252;254m[38;2;246;244;247m┃[48;2;245;245;247m[38;2;0;0;0m [48;2;245;245;246m[38;2;164;164;166m▁[48;2;250;250;252m[38;2;250;250;252m      [48;2;249;249;250m[38;2;227;227;229m╵[48;2;225;225;227m[38;2;0;0;0m [48;2;220;218;221m[38;2;52;50;53m▄[48;2;249;247;249m[38;2;155;153;156m▁[48;2;250;249;251m[38;2;250;249;251m▄[48;2;74;72;75m[38;2;233;231;233m▊[48;2;8;6;11m[38;2;87;85;90m▁[48;2;4;3;7m[38;2;0;0;0m [48;2;3;1;6m[38;2;3;1;6m  [48;2;1;1;3m[38;2;1;1;3m  [48;2;1;1;1m[38;2;1;1;1m  [0m
[48;2;1;1;1m[38;2;1;1;1m            [48;2;1;1;3m[38;2;1;1;3m  [48;2;3;1;6m[38;2;3;1;6m  [48;2;2;0;3m[38;2;2;0;3m  [48;2;1;1;1m[38;2;1;1;1m  [48;2;3;1;6m[38;2;3;1;6m    [48;2;1;1;1m[38;2;1;1;1m      [48;2;1;1;3m[38;2;1;1;3m  [48;2;3;1;6m[38;2;3;1;6m  [48;2;69;64;68m[38;2;9;4;8m▊[48;2;252;247;251m[38;2;193;188;192m▎[48;2;249;248;250m[38;2;0;0;0m [48;2;231;229;232m[38;2;112;110;113m▁[48;2;218;214;218m[38;2;29;25;28m▅[48;2;83;78;82m[38;2;20;16;19m▊[48;2;255;255;255m[38;2;236;236;238m▌[48;2;252;252;253m[38;2;244;244;246m┃[48;2;250;250;252m[38;2;250;250;252m    [48;2;249;247;250m[38;2;249;247;250m▄[48;2;83;81;84m[38;2;246;245;247m▊[48;2;4;3;7m[38;2;8;6;11m╷[48;2;167;165;170m[38;2;16;14;19m▊[48;2;245;245;246m[38;2;146;146;148m▁[48;2;246;246;248m[38;2;0;0;0m [48;2;80;75;79m[38;2;230;225;229m▊[48;2;13;9;12m[38;2;92;87;91m▁[48;2;3;1;6m[38;2;3;1;6m    [48;2;1;1;1m[38;2;1;1;1m  [0m
[48;2;1;1;1m[38;2;1;1;1m              [48;2;2;0;3m[38;2;2;0;3m  [48;2;1;1;3m[38;2;1;1;3m    [48;2;3;1;6m[38;2;3;1;6m  [48;2;3;1;4m[38;2;3;1;4m  [48;2;1;1;3m[38;2;1;1;3m  [48;2;1;1;1m[38;2;1;1;1m    [48;2;3;1;6m[38;2;3;1;6m  [48;2;1;0;4m[38;2;6;4;9m▘[48;2;7;6;10m[38;2;29;27;32m▗[48;2;32;30;33m[38;2;217;215;218m▅[48;2;243;241;243m[38;2;0;0;0m [48;2;188;183;187m[38;2;247;242;246m▊[48;2;5;1;4m[38;2;64;59;63m▎[48;2;1;0;4m[38;2;16;14;19m▎[48;2;71;69;74m[38;2;9;7;12m▊[48;2;255;255;255m[38;2;236;236;238m▌[48;2;252;252;253m[38;2;244;244;246m┃[48;2;250;250;252m[38;2;250;250;252m  [48;2;248;248;250m[38;2;248;248;250m  [48;2;243;241;243m[38;2;106;104;107m▁[48;2;108;106;109m[38;2;215;213;216m▊[48;2;12;11;15m[38;2;123;121;126m▁[48;2;1;0;4m[38;2;20;18;23m [48;2;26;27;27m[38;2;0;0;0m [48;2;243;226;234m[38;2;59;37;43m▅[48;2;227;212;216m[38;2;184;66;82m▄[48;2;191;81;102m[38;2;243;211;221m▘[48;2;51;23;29m[38;2;173;56;91m▃[48;2;20;8;9m[38;2;0;0;0m [48;2;3;1;6m[38;2;3;1;6m  [48;2;2;0;3m[38;2;2;0;3m  [0m
[48;2;1;1;1m[38;2;1;1;1m                [48;2;3;1;4m[38;2;3;1;4m  [48;2;3;1;6m[38;2;3;1;6m  [48;2;2;0;3m[38;2;2;0;3m  [48;2;3;1;6m[38;2;3;1;6m  [48;2;2;0;3m[38;2;2;0;3m  [48;2;1;1;1m[38;2;1;1;1m    [48;2;3;1;6m[38;2;3;1;6m  [48;2;1;0;2m[38;2;8;6;9m┃[48;2;35;33;36m[38;2;1;0;2m▊[48;2;243;230;236m[38;2;201;80;101m▅▅[48;2;205;200;205m[38;2;29;25;30m▅[48;2;15;11;16m[38;2;0;0;0m [48;2;63;58;62m[38;2;10;6;9m▊[48;2;52;48;51m[38;2;203;198;202m▅[48;2;224;220;224m[38;2;67;62;66m▅[48;2;235;231;234m[38;2;25;21;24m▅[48;2;235;231;232m[38;2;28;24;25m▅▅[48;2;230;225;228m[38;2;73;68;71m▅[48;2;205;200;204m[38;2;91;85;89m▅[48;2;27;23;26m[38;2;229;225;229m▅[48;2;63;58;62m[38;2;233;230;233m▅[48;2;229;228;230m[38;2;0;0;0m [48;2;66;65;67m[38;2;209;207;210m┓[48;2;1;1;1m[38;2;1;1;1m  [48;2;8;7;2m[38;2;92;34;48m▝[48;2;198;61;102m[38;2;26;11;11m▅[48;2;195;62;85m[38;2;17;5;8m▅[48;2;138;55;61m[38;2;15;12;14m▅[48;2;1;1;3m[38;2;1;1;3m  [48;2;1;1;1m[38;2;1;1;1m  [0m
[48;2;1;1;1m[38;2;1;1;1m                    [48;2;0;0;0m[38;2;0;0;0m  [48;2;1;1;3m[38;2;1;1;3m  [48;2;1;1;1m[38;2;1;1;1m    [48;2;2;0;3m[38;2;2;0;3m  [48;2;1;1;3m[38;2;1;1;3m  [48;2;3;1;4m[38;2;3;1;4m  [48;2;195;59;92m[38;2;30;9;7m▅[48;2;189;65;94m[38;2;42;27;20m▁[48;2;47;21;25m[38;2;141;48;75m▄[48;2;33;24;23m[38;2;0;0;0m [48;2;57;55;58m[38;2;224;222;224m▅[48;2;242;240;242m[38;2;0;0;0m [48;2;151;146;150m[38;2;245;241;245m▊[48;2;34;30;33m[38;2;0;0;0m [48;2;34;29;30m[38;2;201;195;197m▅[48;2;95;89;91m[38;2;23;18;19m▊[48;2;247;247;249m[38;2;247;247;249m  [48;2;250;250;252m[38;2;250;250;252m  [48;2;246;246;248m[38;2;246;246;248m▄[48;2;79;79;81m[38;2;243;243;245m▊[48;2;1;1;1m[38;2;1;1;1m          [0m
[48;2;1;1;1m[38;2;1;1;1m                        [48;2;1;1;3m[38;2;1;1;3m  [48;2;3;1;6m[38;2;3;1;6m  [48;2;2;0;3m[38;2;2;0;3m    [48;2;3;1;6m[38;2;3;1;6m  [48;2;1;1;3m[38;2;1;1;3m  [48;2;60;55;59m[38;2;8;4;7m▊[48;2;57;53;56m[38;2;224;220;223m▅[48;2;248;248;250m[38;2;248;248;250m  [48;2;239;235;238m[38;2;0;0;0m [48;2;65;60;64m[38;2;213;208;212m▅[48;2;191;185;189m[38;2;57;51;55m▅[48;2;62;56;60m[38;2;213;208;212m▅[48;2;225;220;224m[38;2;95;90;94m▅[48;2;237;233;236m[38;2;50;45;49m▁[48;2;240;238;240m[38;2;99;97;100m▁[48;2;245;244;246m[38;2;0;0;0m [48;2;140;138;141m[38;2;242;241;243m▊[48;2;171;169;172m[38;2;18;16;19m▅[48;2;1;1;1m[38;2;1;1;1m          [0m
[48;2;1;1;1m[38;2;1;1;1m                    [48;2;2;0;3m[38;2;2;0;3m  [48;2;1;1;1m[38;2;1;1;1m  [48;2;3;1;6m[38;2;3;1;6m    [48;2;1;1;3m[38;2;1;1;3m  [48;2;2;0;3m[38;2;2;0;3m  [48;2;1;1;3m[38;2;1;1;3m  [48;2;1;1;1m[38;2;1;1;1m  [48;2;79;77;80m[38;2;8;6;9m▊[48;2;248;247;249m[38;2;202;200;203m▎[48;2;250;250;252m[38;2;250;250;252m  [48;2;249;249;250m[38;2;0;0;0m [48;2;248;248;249m[38;2;210;210;212m▝[48;2;71;65;69m[38;2;217;212;215m▅[48;2;223;219;222m[38;2;99;93;97m▅[48;2;236;234;237m[38;2;0;0;0m [48;2;36;35;37m[38;2;238;237;239m▅[48;2;73;71;74m[38;2;236;234;237m▅[48;2;152;150;153m[38;2;243;241;244m▊[48;2;181;179;182m[38;2;14;12;15m▅[48;2;1;0;2m[38;2;4;2;5m▄[48;2;1;1;1m[38;2;1;1;1m          [0m
[48;2;1;1;1m[38;2;1;1;1m                  [48;2;1;1;3m[38;2;1;1;3m  [48;2;2;0;3m[38;2;2;0;3m  [48;2;1;1;3m[38;2;1;1;3m  [48;2;3;1;6m[38;2;3;1;6m    [48;2;2;0;3m[38;2;2;0;3m  [48;2;1;1;3m[38;2;1;1;3m  [48;2;1;1;1m[38;2;1;1;1m    [48;2;59;57;60m[38;2;9;7;10m▊[48;2;222;220;223m[38;2;50;48;51m▁[48;2;249;249;251m[38;2;249;249;251m  [48;2;250;250;252m[38;2;250;250;252m      [48;2;242;240;242m[38;2;0;0;0m [48;2;83;81;84m[38;2;200;198;201m▊[48;2;3;1;6m[38;2;3;1;6m  [48;2;1;1;1m[38;2;1;1;1m          [0m
[48;2;1;1;1m[38;2;1;1;1m                  [48;2;2;0;3m[38;2;2;0;3m    [48;2;3;1;6m[38;2;3;1;6m      [48;2;1;1;3m[38;2;1;1;3m  [48;2;1;1;1m[38;2;1;1;1m      [48;2;2;0;3m[38;2;10;8;11m│[48;2;99;97;100m[38;2;9;7;10m▊[48;2;255;254;255m[38;2;237;235;238m▌[48;2;253;251;253m[38;2;245;243;246m┃[48;2;250;250;252m[38;2;250;250;252m      [48;2;139;134;138m[38;2;242;239;242m▊[48;2;22;18;21m[38;2;193;188;192m▁[48;2;3;1;6m[38;2;3;1;6m  [48;2;1;1;1m[38;2;1;1;1m          [0m
[48;2;4;2;10m[38;2;23;2;126m▂▂▂▂▂▂▂▂▂▂▂▂▂▂▂▂▂▂[48;2;5;3;12m[38;2;24;2;129m▂▂[48;2;4;2;10m[38;2;23;2;126m▂▂[48;2;5;3;12m[38;2;24;2;129m▂▂▂▂▂▂[48;2;5;3;11m[38;2;24;3;127m▂▂[48;2;4;2;10m[38;2;23;2;126m▂▂▂▂▂▂[48;2;5;2;11m[38;2;29;7;134m▂[48;2;17;15;24m[38;2;26;4;130m▂[48;2;230;224;241m[38;2;57;51;82m▆[48;2;249;247;248m[38;2;216;212;225m▎[48;2;250;250;252m[38;2;250;250;252m      [48;2;238;237;242m[38;2;251;250;253m▌[48;2;101;100;105m[38;2;248;247;250m▊[48;2;4;2;11m[38;2;23;1;128m▂▂[48;2;4;2;10m[38;2;23;2;126m▂▂▂▂▂▂▂▂▂▂[0m
[48;2;38;3;183m[38;2;38;3;183m                                      [48;2;92;73;166m[38;2;40;8;184m▊[48;2;238;232;237m[38;2;94;70;193m▂[48;2;250;250;252m[38;2;250;250;252m      [48;2;251;250;253m[38;2;236;235;240m┛[48;2;239;238;241m[38;2;0;0;0m [48;2;109;89;195m[38;2;229;223;235m┓[48;2;32;7;180m[38;2;42;11;187m▄[48;2;38;3;183m[38;2;38;3;183m          [0m
[48;2;38;3;183m[38;2;38;3;183m                                      [48;2;31;3;159m[38;2;41;5;192m┃[48;2;134;114;201m[38;2;40;9;190m▊[48;2;248;248;250m[38;2;248;248;250m  [48;2;250;250;252m[38;2;250;250;252m      [48;2;132;114;220m[38;2;240;238;234m▊[48;2;39;14;180m[38;2;176;164;225m▂[48;2;38;3;185m[38;2;38;3;185m  [48;2;38;3;183m[38;2;38;3;183m        [0m
[48;2;38;3;185m[38;2;38;3;185m                                      [48;2;45;10;195m[38;2;31;2;167m┃[48;2;94;70;182m[38;2;42;9;190m▊[48;2;237;237;237m[38;2;78;61;183m▂[48;2;244;243;248m[38;2;0;0;0m [48;2;252;251;254m[38;2;244;243;248m▝[48;2;245;244;248m[38;2;217;216;221m▗[48;2;241;240;241m[38;2;82;69;170m▂[48;2;246;245;246m[38;2;0;0;0m [48;2;250;250;252m[38;2;250;250;252m  [48;2;248;247;250m[38;2;248;247;250m▄[48;2;82;67;162m[38;2;246;245;242m▊[48;2;38;3;185m[38;2;38;3;185m          [0m
[48;2;38;3;185m[38;2;38;3;185m                                      [48;2;35;0;183m[38;2;58;13;160m▗[48;2;51;10;176m[38;2;165;65;111m▂[48;2;76;48;155m[38;2;204;84;112m▆[48;2;244;226;232m[38;2;204;81;89m▂[48;2;226;221;226m[38;2;175;64;109m▂[48;2;181;186;220m[38;2;56;19;187m▆[48;2;108;94;184m[38;2;37;10;183m▊[48;2;234;230;239m[38;2;93;77;175m▂[48;2;250;250;252m[38;2;250;250;252m  [48;2;248;247;250m[38;2;248;247;250m▄[48;2;82;67;162m[38;2;246;245;242m▊[48;2;37;2;184m[38;2;37;2;184m  [48;2;38;3;185m[38;2;38;3;185m        [0m
[48;2;38;3;185m[38;2;38;3;185m                                    [48;2;39;4;182m[38;2;39;4;182m  [48;2;69;27;148m[38;2;221;72;77m━[48;2;216;68;110m[38;2;68;15;172m▃[48;2;207;72;95m[38;2;67;11;173m▃▃[48;2;135;38;120m[38;2;42;7;187m▆[48;2;34;6;182m[38;2;50;11;170m▘[48;2;31;3;159m[38;2;42;8;190m┃[48;2;134;114;199m[38;2;41;10;189m▊[48;2;248;236;239m[38;2;207;72;95m▂▂[48;2;239;234;236m[38;2;209;81;110m▂[48;2;112;66;164m[38;2;220;188;189m▊[48;2;38;3;185m[38;2;38;3;185m          [0m
[48;2;38;3;185m[38;2;38;3;185m                                    [48;2;35;1;183m[38;2;32;4;142m▗[48;2;43;9;180m[38;2;21;8;54m▃[48;2;36;13;142m[38;2;5;3;13m▆▆▆▆▆▆[48;2;39;14;145m[38;2;23;13;26m▆[48;2;70;27;167m[38;2;93;33;55m▇[48;2;218;74;99m[38;2;218;74;99m  [48;2;206;66;92m[38;2;0;0;0m [48;2;172;68;116m[38;2;46;22;47m▃[48;2;38;3;185m[38;2;38;3;185m          [0m
[48;2;38;3;185m[38;2;38;3;185m                                    [48;2;37;2;178m[38;2;37;6;160m▝[48;2;37;22;75m[38;2;37;2;180m▆[48;2;8;6;12m[38;2;31;5;151m▃▃[48;2;8;3;24m[38;2;39;10;180m▂▂▂▂[48;2;20;11;29m[38;2;45;14;182m▂[48;2;136;46;73m[38;2;26;8;82m▆[48;2;167;48;81m[38;2;24;10;81m▆▆[48;2;54;20;63m[38;2;54;5;185m▂[48;2;26;12;79m[38;2;40;12;178m▆[48;2;38;3;185m[38;2;38;3;185m          [0m
[48;2;40;2;185m[38;2;40;2;185m                                                            [0m
[48;2;40;2;185m[38;2;40;2;185m                                                            [0m
