[48;2;1;1;1m[38;2;1;1;1m                                                            [0m
[48;2;1;1;1m[38;2;1;1;1m                                                            [0m
[48;2;1;1;1m[38;2;1;1;1m                                                            [0m
[48;2;1;1;1m[38;2;1;1;1m                                                      [48;2;1;1;3m[38;2;1;1;3m  [48;2;1;1;1m[38;2;1;1;1m    [0m
[48;2;1;1;1m[38;2;1;1;1m                          [48;2;3;1;6m[38;2;3;1;6m  [48;2;1;1;3m[38;2;1;1;3m  [48;2;1;1;1m[38;2;1;1;1m        [48;2;17;15;18m[38;2;0;0;0m [48;2;30;28;31m[38;2;222;220;223m▃[48;2;32;31;33m[38;2;243;241;244m▃▃[48;2;34;30;33m[38;2;234;230;234m▃[48;2;32;28;31m[38;2;218;214;217m▃[48;2;4;2;5m[38;2;4;2;5m  [48;2;1;1;1m[38;2;1;1;1m      [48;2;3;1;4m[38;2;3;1;4m  [48;2;3;1;6m[38;2;3;1;6m  [48;2;2;0;3m[38;2;2;0;3m  [48;2;1;1;1m[38;2;1;1;1m  [0m
[48;2;1;1;1m[38;2;1;1;1m                        [48;2;1;1;3m[38;2;1;1;3m  [48;2;3;1;6m[38;2;3;1;6m    [48;2;2;0;3m[38;2;2;0;3m  [48;2;1;1;3m[38;2;1;1;3m  [48;2;2;0;3m[38;2;2;0;3m    [48;2;20;15;19m[38;2;3;0;2m▊[48;2;38;34;37m[38;2;0;0;0m [48;2;236;220;225m[38;2;201;77;97m▃[48;2;242;227;232m[38;2;207;83;103m▃[48;2;249;249;251m[38;2;249;249;251m  [48;2;114;112;115m[38;2;224;222;225m▊[48;2;1;0;2m[38;2;11;9;12m▄[48;2;1;1;1m[38;2;1;1;1m    [48;2;3;1;6m[38;2;3;1;6m      [48;2;1;1;3m[38;2;1;1;3m  [48;2;1;1;1m[38;2;1;1;1m  [0m
[48;2;1;1;1m[38;2;1;1;1m                    [48;2;3;1;6m[38;2;3;1;6m    [48;2;3;1;4m[38;2;3;1;4m  [48;2;3;1;6m[38;2;3;1;6m    [48;2;2;0;3m[38;2;2;0;3m  [48;2;3;1;6m[38;2;3;1;6m    [48;2;1;1;3m[38;2;1;1;3m  [48;2;8;3;7m[38;2;8;3;7m  [48;2;54;19;17m[38;2;180;64;88m▄[48;2;202;86;109m[38;2;230;77;113m▄[48;2;243;237;235m[38;2;203;105;134m▄[48;2;250;246;244m[38;2;0;0;0m [48;2;131;129;132m[38;2;241;240;242m▊[48;2;1;0;2m[38;2;32;30;33m▎[48;2;1;1;3m[38;2;1;1;3m  [48;2;3;1;4m[38;2;3;1;4m  [48;2;3;1;6m[38;2;3;1;6m      [48;2;1;1;3m[38;2;1;1;3m  [48;2;1;1;1m[38;2;1;1;1m  [0m
[48;2;1;1;1m[38;2;1;1;1m                    [48;2;1;1;3m[38;2;1;1;3m  [48;2;3;1;6m[38;2;3;1;6m          [48;2;1;1;3m[38;2;1;1;3m  [48;2;3;1;4m[38;2;3;1;4m  [48;2;1;1;3m[38;2;1;1;3m  [48;2;6;1;2m[38;2;14;8;10m┃[48;2;41;35;37m[38;2;4;0;0m▊[48;2;223;81;107m[38;2;206;64;90m▎[48;2;226;84;110m[38;2;209;67;93m▊[48;2;224;150;163m[38;2;203;60;86m▊[48;2;245;251;254m[38;2;242;232;231m▎[48;2;232;230;232m[38;2;0;0;0m [48;2;21;19;22m[38;2;194;192;195m▄[48;2;3;1;4m[38;2;13;11;14m▃▃[38;2;3;1;4m  [48;2;3;1;6m[38;2;3;1;6m        [48;2;3;1;4m[38;2;3;1;4m  [0m
[48;2;1;1;1m[38;2;1;1;1m                    [48;2;2;2;4m[38;2;2;2;4m  [48;2;3;1;4m[38;2;3;1;4m  [48;2;3;1;6m[38;2;3;1;6m          [48;2;3;1;4m[38;2;3;1;4m  [48;2;6;4;7m[38;2;0;0;0m [48;2;7;6;8m[38;2;45;43;46m▗[48;2;39;35;38m[38;2;225;220;224m▄[48;2;178;173;177m[38;2;244;241;244m▇[48;2;224;181;188m[38;2;244;243;245m▊[48;2;217;93;112m[38;2;209;58;85m┃[48;2;210;81;110m[38;2;0;0;0m [48;2;214;112;133m[38;2;239;232;223m▄[48;2;249;249;251m[38;2;249;249;251m  [48;2;176;174;177m[38;2;246;244;246m▇[48;2;101;99;102m[38;2;233;231;234m▊[48;2;5;3;8m[38;2;5;3;8m  [48;2;1;1;3m[38;2;1;1;3m  [48;2;3;1;4m[38;2;3;1;4m  [48;2;3;1;6m[38;2;3;1;6m    [48;2;1;1;3m[38;2;1;1;3m  [0m
[48;2;1;1;1m[38;2;1;1;1m                [48;2;2;0;3m[38;2;2;0;3m  [48;2;3;1;4m[38;2;3;1;4m  [48;2;2;0;3m[38;2;2;0;3m  [48;2;1;1;1m[38;2;1;1;1m  [48;2;1;1;3m[38;2;1;1;3m    [48;2;2;0;3m[38;2;2;0;3m  [48;2;3;1;6m[38;2;3;1;6m      [48;2;76;74;77m[38;2;6;4;7m▊[48;2;245;243;246m[38;2;199;197;200m▎[48;2;250;250;252m[38;2;250;250;252m  [48;2;249;249;251m[38;2;249;249;251m    [48;2;250;250;252m[38;2;250;250;252m    [48;2;84;79;83m[38;2;233;229;233m▊[48;2;5;1;4m[38;2;22;17;21m╵[48;2;3;1;4m[38;2;3;1;4m  [48;2;1;1;1m[38;2;1;1;1m  [48;2;2;0;3m[38;2;2;0;3m  [48;2;3;1;6m[38;2;3;1;6m  [48;2;1;1;1m[38;2;1;1;1m  [0m
[48;2;1;1;1m[38;2;1;1;1m            [48;2;1;1;3m[38;2;1;1;3m  [48;2;3;1;6m[38;2;3;1;6m      [48;2;1;1;3m[38;2;1;1;3m  [48;2;1;1;1m[38;2;1;1;1m      [48;2;1;1;3m[38;2;1;1;3m  [48;2;3;1;6m[38;2;3;1;6m    [48;2;3;1;4m[38;2;3;1;4m  [48;2;86;84;87m[38;2;21;20;22m▊[48;2;246;244;246m[38;2;206;204;207m▎[48;2;250;250;252m[38;2;250;250;252m          [48;2;87;85;88m[38;2;239;237;240m▊[48;2;1;0;2m[38;2;10;8;11m│[48;2;2;0;3m[38;2;2;0;3m  [48;2;3;1;6m[38;2;3;1;6m  [48;2;1;1;3m[38;2;1;1;3m  [48;2;1;1;1m[38;2;1;1;1m    [0m
[48;2;1;1;1m[38;2;1;1;1m            [48;2;3;1;6m[38;2;3;1;6m      [48;2;3;1;4m[38;2;3;1;4m  [48;2;1;1;3m[38;2;1;1;3m  [48;2;1;1;1m[38;2;1;1;1m    [48;2;3;1;6m[38;2;3;1;6m  [48;2;1;1;3m[38;2;1;1;3m  [48;2;2;0;3m[38;2;2;0;3m  [48;2;3;1;6m[38;2;3;1;6m  [48;2;1;0;2m[38;2;13;11;14m│[48;2;78;76;79m[38;2;7;6;8m▊[48;2;255;254;255m[38;2;237;235;238m▌[48;2;253;251;253m[38;2;245;243;246m┃[48;2;201;196;200m[38;2;249;245;248m▊[48;2;218;214;217m[38;2;49;45;48m▄[48;2;247;247;249m[38;2;247;247;249m  [48;2;250;250;252m[38;2;250;250;252m      [48;2;89;84;88m[38;2;240;236;240m▊[48;2;3;0;2m[38;2;12;7;11m│[48;2;1;1;1m[38;2;1;1;1m  [48;2;3;1;6m[38;2;3;1;6m    [48;2;1;1;3m[38;2;1;1;3m  [48;2;1;1;1m[38;2;1;1;1m  [0m
[48;2;1;1;1m[38;2;1;1;1m            [48;2;1;1;3m[38;2;1;1;3m  [48;2;3;1;6m[38;2;3;1;6m  [48;2;2;0;3m[38;2;2;0;3m  [48;2;1;1;1m[38;2;1;1;1m  [48;2;3;1;6m[38;2;3;1;6m    [48;2;1;1;1m[38;2;1;1;1m      [48;2;1;1;3m[38;2;1;1;3m  [48;2;3;1;6m[38;2;3;1;6m  [48;2;3;0;2m[38;2;19;14;18m▄[48;2;63;58;62m[38;2;232;228;231m▄[48;2;241;241;243m[38;2;251;251;252m▄[48;2;250;250;251m[38;2;240;240;242m▃[48;2;145;140;144m[38;2;226;222;226m▊[48;2;64;59;63m[38;2;19;14;18m┃[48;2;255;255;255m[38;2;236;236;238m▌[48;2;252;252;253m[38;2;244;244;246m┃[48;2;250;250;252m[38;2;250;250;252m    [48;2;248;248;250m[38;2;248;248;250m  [48;2;84;82;85m[38;2;215;213;216m▊[48;2;7;5;8m[38;2;0;0;0m [48;2;1;1;1m[38;2;1;1;1m  [48;2;1;1;3m[38;2;1;1;3m  [48;2;3;1;6m[38;2;3;1;6m    [48;2;1;1;1m[38;2;1;1;1m  [0m
[48;2;1;1;1m[38;2;1;1;1m              [48;2;2;0;3m[38;2;2;0;3m  [48;2;1;1;3m[38;2;1;1;3m    [48;2;3;1;6m[38;2;3;1;6m  [48;2;3;1;4m[38;2;3;1;4m  [48;2;1;1;3m[38;2;1;1;3m  [48;2;1;1;1m[38;2;1;1;1m    [48;2;3;1;6m[38;2;3;1;6m    [48;2;69;64;68m[38;2;9;4;8m▊[48;2;252;247;251m[38;2;193;188;192m▎[48;2;255;255;255m[38;2;245;245;247m▌[48;2;174;174;176m▊[48;2;11;6;12m[38;2;30;25;31m▎[48;2;67;62;68m[38;2;10;5;11m▊[48;2;232;230;233m[38;2;120;118;121m▁[48;2;255;254;255m[38;2;249;247;250m▄[48;2;250;250;252m[38;2;250;250;252m  [48;2;245;240;242m[38;2;0;0;0m [48;2;238;234;236m[38;2;118;112;114m▁[48;2;244;235;240m[38;2;209;93;112m▅[48;2;177;84;100m[38;2;243;220;226m▘[48;2;9;4;7m[38;2;44;38;42m▂[48;2;4;0;2m[38;2;6;0;4m▄[48;2;1;1;3m[38;2;1;1;3m  [48;2;1;1;1m[38;2;1;1;1m  [48;2;2;0;3m[38;2;2;0;3m  [48;2;3;1;6m[38;2;3;1;6m  [48;2;2;0;3m[38;2;2;0;3m  [0m
[48;2;1;1;1m[38;2;1;1;1m                [48;2;3;1;4m[38;2;3;1;4m  [48;2;3;1;6m[38;2;3;1;6m  [48;2;2;0;3m[38;2;2;0;3m  [48;2;3;1;6m[38;2;3;1;6m  [48;2;2;0;3m[38;2;2;0;3m  [48;2;1;1;1m[38;2;1;1;1m    [48;2;3;1;6m[38;2;3;1;6m    [48;2;67;56;60m[38;2;14;5;7m▊[48;2;231;226;230m[38;2;170;125;140m▁[48;2;229;224;228m[38;2;93;88;92m▁[48;2;211;206;210m[38;2;37;32;36m▅[48;2;30;25;29m[38;2;165;160;164m▁[48;2;27;23;26m[38;2;208;203;207m▅[48;2;33;28;32m[38;2;145;140;144m▁[48;2;222;218;222m[38;2;24;20;23m▅[48;2;235;231;232m[38;2;33;29;30m▅[48;2;226;223;224m[38;2;72;68;69m▅[48;2;185;179;183m[38;2;90;84;88m▄[48;2;42;36;40m[38;2;227;223;226m▅[48;2;216;73;108m[38;2;241;213;209m▅[48;2;210;80;111m[38;2;228;187;187m▁[48;2;200;80;108m[38;2;0;0;0m [48;2;62;33;33m[38;2;175;88;105m┓[48;2;1;1;1m[38;2;1;1;1m      [48;2;1;1;3m[38;2;1;1;3m  [48;2;1;1;1m[38;2;1;1;1m  [0m
[48;2;1;1;1m[38;2;1;1;1m                    [48;2;0;0;0m[38;2;0;0;0m  [48;2;1;1;3m[38;2;1;1;3m  [48;2;1;1;1m[38;2;1;1;1m    [48;2;2;0;3m[38;2;2;0;3m  [48;2;1;1;3m[38;2;1;1;3m  [48;2;3;1;4m[38;2;3;1;4m  [48;2;54;17;24m[38;2;2;4;6m▊[48;2;211;69;93m[38;2;150;51;71m▎[48;2;64;24;32m[38;2;202;69;109m▄[48;2;44;39;36m[38;2;164;157;153m▁[48;2;250;248;251m[38;2;218;216;219m▎[48;2;232;230;233m[38;2;0;0;0m [48;2;207;201;205m[38;2;56;50;54m▅[48;2;33;28;31m[38;2;197;192;196m▅[48;2;126;124;127m[38;2;18;16;19m▊[48;2;250;248;250m[38;2;221;219;222m▎[48;2;250;250;252m[38;2;250;250;252m    [48;2;246;246;248m[38;2;246;246;248m▄[48;2;79;79;81m[38;2;243;243;245m▊[48;2;1;1;1m[38;2;1;1;1m          [0m
[48;2;1;1;1m[38;2;1;1;1m                        [48;2;1;1;3m[38;2;1;1;3m  [48;2;3;1;6m[38;2;3;1;6m  [48;2;2;0;3m[38;2;2;0;3m    [48;2;3;1;6m[38;2;3;1;6m  [48;2;13;8;5m[38;2;0;0;0m [48;2;173;60;93m[38;2;19;6;8m▅[48;2;199;81;102m[38;2;121;46;52m▂[48;2;247;251;253m[38;2;239;212;217m▎[48;2;252;251;253m[38;2;245;243;246m┃[48;2;153;151;154m[38;2;244;242;245m▊[48;2;102;95;102m[38;2;21;14;21m▊[48;2;163;156;163m[38;2;231;225;231m▊[48;2;129;124;128m[38;2;51;46;50m▊[48;2;232;228;231m[38;2;99;94;98m▁[48;2;250;250;252m[38;2;250;250;252m    [48;2;140;138;141m[38;2;242;241;243m▊[48;2;171;169;172m[38;2;18;16;19m▅[48;2;1;1;1m[38;2;1;1;1m          [0m
[48;2;1;1;1m[38;2;1;1;1m                    [48;2;2;0;3m[38;2;2;0;3m  [48;2;1;1;1m[38;2;1;1;1m  [48;2;3;1;6m[38;2;3;1;6m    [48;2;1;1;3m[38;2;1;1;3m  [48;2;2;0;3m[38;2;2;0;3m  [48;2;1;1;3m[38;2;1;1;3m  [48;2;1;1;1m[38;2;1;1;1m  [48;2;79;77;80m[38;2;8;6;9m▊[48;2;248;247;249m[38;2;202;200;203m▎[48;2;249;249;250m[38;2;0;0;0m [48;2;248;248;249m[38;2;210;210;212m▝[48;2;60;54;56m[38;2;221;215;217m▅[48;2;217;211;213m[38;2;104;98;100m▅[48;2;155;149;151m[38;2;240;234;236m▊[48;2;60;54;56m[38;2;181;175;177m▁[48;2;248;248;250m[38;2;248;248;250m  [48;2;246;246;248m[38;2;253;253;254m▅[48;2;244;244;246m[38;2;231;231;233m▗[48;2;87;82;86m[38;2;200;195;199m▊[48;2;3;0;2m[38;2;14;9;13m▎[48;2;1;1;1m[38;2;1;1;1m          [0m
[48;2;1;1;1m[38;2;1;1;1m                  [48;2;1;1;3m[38;2;1;1;3m  [48;2;2;0;3m[38;2;2;0;3m  [48;2;1;1;3m[38;2;1;1;3m  [48;2;3;1;6m[38;2;3;1;6m    [48;2;2;0;3m[38;2;2;0;3m  [48;2;1;1;3m[38;2;1;1;3m  [48;2;1;1;1m[38;2;1;1;1m    [48;2;1;0;2m[38;2;7;5;8m▄[48;2;210;208;211m[38;2;39;37;40m▅[48;2;243;243;245m[38;2;239;239;241m▌[48;2;254;254;255m[38;2;250;250;252m▌[48;2;250;250;252m      [48;2;250;248;250m[38;2;250;248;250m▄[48;2;84;82;85m[38;2;247;245;248m▊[48;2;2;0;5m[38;2;2;0;5m  [48;2;1;1;1m[38;2;1;1;1m          [0m
[48;2;1;1;1m[38;2;1;1;1m                  [48;2;2;0;3m[38;2;2;0;3m    [48;2;3;1;6m[38;2;3;1;6m      [48;2;1;1;3m[38;2;1;1;3m  [48;2;1;1;1m[38;2;1;1;1m      [48;2;1;0;2m[38;2;18;16;19m▖[48;2;77;75;78m[38;2;7;5;8m▊[48;2;226;224;227m[38;2;38;37;39m▁[48;2;246;244;246m[38;2;0;0;0m [48;2;250;250;252m[38;2;250;250;252m      [48;2;255;255;255m▚[48;2;131;131;133m[38;2;239;239;241m▊[48;2;21;19;24m[38;2;179;177;182m▁[48;2;1;0;4m[38;2;7;5;10m▄[48;2;1;1;1m[38;2;1;1;1m          [0m
[48;2;4;2;10m[38;2;23;2;126m▂▂▂▂▂▂▂▂▂▂▂▂▂▂▂▂▂▂[48;2;5;3;12m[38;2;24;2;129m▂▂[48;2;4;2;10m[38;2;23;2;126m▂▂[48;2;5;3;12m[38;2;24;2;129m▂▂▂▂▂▂[48;2;5;3;11m[38;2;24;3;127m▂▂[48;2;4;2;10m[38;2;23;2;126m▂▂▂▂▂▂[48;2;5;3;12m[38;2;24;2;129m▂▂[48;2;28;26;36m[38;2;46;30;121m▂[48;2;253;251;251m[38;2;209;205;219m▎[48;2;250;250;252m[38;2;250;250;252m        [48;2;91;83;104m[38;2;238;233;238m▊[48;2;10;6;13m[38;2;21;1;120m▂[48;2;4;2;10m[38;2;23;2;126m▂▂▂▂▂▂▂▂▂▂[0m
[48;2;38;3;183m[38;2;38;3;183m                                      [48;2;42;14;185m[38;2;0;0;0m [48;2;238;232;240m[38;2;73;48;181m▆[48;2;249;249;251m[38;2;249;249;251m  [48;2;250;250;252m[38;2;250;250;252m      [48;2;234;231;240m[38;2;0;0;0m [48;2;49;31;167m[38;2;192;186;220m▆[48;2;38;3;185m[38;2;38;3;185m  [48;2;38;3;183m[38;2;38;3;183m        [0m
[48;2;38;3;183m[38;2;38;3;183m                                      [48;2;31;3;159m[38;2;41;5;192m┃[48;2;134;114;201m[38;2;40;9;190m▊[48;2;248;248;250m[38;2;248;248;250m  [48;2;246;245;250m[38;2;253;252;254m▅[48;2;244;243;248m[38;2;231;230;235m▗[48;2;242;240;244m[38;2;101;86;177m▂[48;2;245;244;248m[38;2;0;0;0m [48;2;250;250;252m[38;2;250;250;252m  [48;2;251;250;252m[38;2;235;234;242m╵[48;2;131;120;187m[38;2;237;236;233m▊[48;2;56;27;190m[38;2;195;184;220m▁[48;2;44;11;185m[38;2;32;2;172m┗[48;2;38;3;183m[38;2;38;3;183m        [0m
[48;2;38;3;185m[38;2;38;3;185m                                      [48;2;35;2;178m[38;2;46;11;189m▄[48;2;46;11;189m[38;2;35;2;178m▄[48;2;228;217;243m[38;2;119;59;154m▆[48;2;239;232;232m[38;2;198;76;96m▂[48;2;241;239;230m[38;2;214;94;125m▂[48;2;220;214;228m[38;2;192;70;123m▂[48;2;45;14;183m[38;2;0;0;0m [48;2;219;208;239m[38;2;75;53;180m▆[48;2;250;250;252m[38;2;250;250;252m    [48;2;67;44;161m[38;2;241;237;237m▊[48;2;28;0;193m[38;2;43;9;194m▊[48;2;38;3;185m[38;2;38;3;185m        [0m
[48;2;38;3;185m[38;2;38;3;185m                                    [48;2;39;4;184m[38;2;39;4;184m  [48;2;51;11;170m[38;2;184;71;101m▂[48;2;72;18;138m[38;2;205;70;104m▆[48;2;216;74;100m[38;2;216;74;100m  [48;2;183;67;111m[38;2;31;7;179m▂[48;2;160;65;89m[38;2;51;9;176m▆[48;2;33;1;176m[38;2;46;11;189m▘[48;2;37;4;180m[38;2;76;41;219m▝[48;2;207;202;224m[38;2;81;59;186m▆[48;2;247;244;253m[38;2;246;247;229m▗[48;2;250;250;252m[38;2;250;250;252m  [48;2;86;63;179m[38;2;240;236;235m▊[48;2;31;1;184m[38;2;58;24;207m│[48;2;38;3;185m[38;2;38;3;185m        [0m
[48;2;38;3;185m[38;2;38;3;185m                                    [48;2;39;4;184m[38;2;39;4;184m  [48;2;194;81;87m[38;2;48;11;179m▇▇[48;2;192;75;104m[38;2;46;10;177m▇▇[48;2;38;3;185m[38;2;38;3;185m    [48;2;146;118;166m[38;2;47;13;189m▊[48;2;239;233;224m[38;2;215;85;117m▂[48;2;246;235;238m[38;2;205;70;93m▂▂[48;2;192;175;210m[38;2;155;74;130m▂[48;2;31;7;189m[38;2;50;12;191m┗[48;2;38;3;185m[38;2;38;3;185m        [0m
[48;2;38;3;185m[38;2;38;3;185m                                    [48;2;35;1;183m[38;2;32;4;142m▗[48;2;43;9;180m[38;2;21;8;54m▃[48;2;36;13;142m[38;2;5;3;13m▆▆▆▆▆▆[48;2;41;3;146m[38;2;18;14;15m▆[48;2;50;15;74m[38;2;197;67;100m▂[48;2;118;47;136m[38;2;212;73;98m▆[48;2;219;75;97m[38;2;203;71;105m▘[48;2;209;66;94m[38;2;220;77;105m▄[48;2;220;77;105m[38;2;209;66;94m▄[48;2;92;24;158m[38;2;187;72;117m┛[48;2;23;0;187m[38;2;38;11;174m▊[48;2;38;3;185m[38;2;38;3;185m        [0m
[48;2;38;3;185m[38;2;38;3;185m                                    [48;2;36;1;179m[38;2;36;4;161m▝[48;2;36;21;75m[38;2;36;2;181m▆[48;2;23;14;45m[38;2;34;3;173m▆[48;2;17;10;28m[38;2;28;1;157m▂[48;2;8;3;24m[38;2;39;10;180m▂▂▂▂[48;2;20;11;29m[38;2;45;14;182m▂[48;2;136;46;73m[38;2;26;8;82m▆[48;2;167;48;81m[38;2;24;10;81m▆▆[48;2;70;23;72m[38;2;33;20;191m▂[48;2;115;35;125m[38;2;43;6;174m▆[48;2;38;3;185m[38;2;38;3;185m          [0m
[48;2;40;2;185m[38;2;40;2;185m                                                            [0m
[48;2;40;2;185m[38;2;40;2;185m                                                            [0m
