[48;2;1;1;1m[38;2;1;1;1m                                                            [0m
[48;2;1;1;1m[38;2;1;1;1m                                                            [0m
[48;2;1;1;1m[38;2;1;1;1m                                                            [0m
[48;2;1;1;1m[38;2;1;1;1m                                                      [48;2;1;1;3m[38;2;1;1;3m  [48;2;1;1;1m[38;2;1;1;1m    [0m
[48;2;1;1;1m[38;2;1;1;1m                          [48;2;3;1;6m[38;2;3;1;6m  [48;2;1;1;3m[38;2;1;1;3m  [48;2;1;1;1m[38;2;1;1;1m        [48;2;17;15;18m[38;2;0;0;0m [48;2;30;28;31m[38;2;222;220;223m▃[48;2;32;31;33m[38;2;243;241;244m▃▃[48;2;34;30;33m[38;2;234;230;234m▃[48;2;32;28;31m[38;2;218;214;217m▃[48;2;4;2;5m[38;2;4;2;5m  [48;2;1;1;1m[38;2;1;1;1m      [48;2;3;1;4m[38;2;3;1;4m  [48;2;3;1;6m[38;2;3;1;6m  [48;2;2;0;3m[38;2;2;0;3m  [48;2;1;1;1m[38;2;1;1;1m  [0m
[48;2;1;1;1m[38;2;1;1;1m                        [48;2;1;1;3m[38;2;1;1;3m  [48;2;3;1;6m[38;2;3;1;6m    [48;2;2;0;3m[38;2;2;0;3m  [48;2;1;1;3m[38;2;1;1;3m  [48;2;2;0;3m[38;2;2;0;3m    [48;2;21;15;19m[38;2;4;0;2m▊[48;2;39;34;37m[38;2;0;0;0m [48;2;236;220;225m[38;2;201;77;97m▃[48;2;242;227;232m[38;2;207;83;103m▃[48;2;248;248;250m[38;2;248;248;250m  [48;2;114;112;115m[38;2;224;222;225m▊[48;2;1;0;2m[38;2;11;9;12m▄[48;2;1;1;1m[38;2;1;1;1m    [48;2;3;1;6m[38;2;3;1;6m      [48;2;1;1;3m[38;2;1;1;3m  [48;2;1;1;1m[38;2;1;1;1m  [0m
[48;2;1;1;1m[38;2;1;1;1m                    [48;2;3;1;6m[38;2;3;1;6m    [48;2;3;1;4m[38;2;3;1;4m  [48;2;3;1;6m[38;2;3;1;6m    [48;2;2;0;3m[38;2;2;0;3m  [48;2;3;1;6m[38;2;3;1;6m    [48;2;1;1;3m[38;2;1;1;3m  [48;2;5;0;3m[38;2;12;6;10m┃[48;2;39;33;37m[38;2;4;0;2m▊[48;2;202;65;95m[38;2;0;0;0m [48;2;56;28;23m[38;2;192;63;91m▄[48;2;216;150;160m[38;2;206;82;102m▊[48;2;251;245;252m[38;2;236;226;225m▎[48;2;131;129;132m[38;2;241;240;242m▊[48;2;1;0;2m[38;2;32;30;33m▎[48;2;1;1;3m[38;2;1;1;3m  [48;2;3;1;4m[38;2;3;1;4m  [48;2;3;1;6m[38;2;3;1;6m      [48;2;1;1;3m[38;2;1;1;3m  [48;2;1;1;1m[38;2;1;1;1m  [0m
[48;2;1;1;1m[38;2;1;1;1m                    [48;2;1;1;3m[38;2;1;1;3m  [48;2;3;1;6m[38;2;3;1;6m          [48;2;1;1;3m[38;2;1;1;3m  [48;2;3;1;4m[38;2;3;1;4m  [48;2;1;1;3m[38;2;1;1;3m  [48;2;6;1;2m[38;2;14;8;10m┃[48;2;41;35;37m[38;2;4;0;0m▊[48;2;223;81;107m[38;2;206;64;90m▎[48;2;226;84;110m[38;2;209;67;93m▊[48;2;227;121;143m[38;2;204;65;98m▊[48;2;240;233;222m[38;2;217;108;132m▄[48;2;232;230;232m[38;2;0;0;0m [48;2;21;19;22m[38;2;194;192;195m▄[48;2;3;1;4m[38;2;13;11;14m▃▃[38;2;3;1;4m  [48;2;3;1;6m[38;2;3;1;6m        [48;2;3;1;4m[38;2;3;1;4m  [0m
[48;2;1;1;1m[38;2;1;1;1m                    [48;2;2;2;4m[38;2;2;2;4m  [48;2;3;1;4m[38;2;3;1;4m  [48;2;3;1;6m[38;2;3;1;6m          [48;2;3;1;4m[38;2;3;1;4m  [48;2;4;2;5m[38;2;20;18;21m╷[48;2;16;14;17m[38;2;0;0;0m [48;2;39;35;38m[38;2;225;220;224m▄[48;2;178;173;177m[38;2;244;241;244m▇[48;2;224;181;188m[38;2;244;243;245m▊[48;2;217;93;112m[38;2;209;58;85m┃[48;2;214;84;114m[38;2;0;0;0m [48;2;195;101;119m[38;2;248;227;222m▄[48;2;249;249;251m[38;2;249;249;251m  [48;2;176;174;177m[38;2;246;244;246m▇[48;2;101;99;102m[38;2;233;231;234m▊[48;2;5;3;8m[38;2;5;3;8m  [48;2;1;1;3m[38;2;1;1;3m  [48;2;3;1;4m[38;2;3;1;4m  [48;2;3;1;6m[38;2;3;1;6m    [48;2;1;1;3m[38;2;1;1;3m  [0m
[48;2;1;1;1m[38;2;1;1;1m                [48;2;2;0;3m[38;2;2;0;3m  [48;2;3;1;4m[38;2;3;1;4m  [48;2;2;0;3m[38;2;2;0;3m  [48;2;1;1;1m[38;2;1;1;1m  [48;2;1;1;3m[38;2;1;1;3m    [48;2;2;0;3m[38;2;2;0;3m  [48;2;3;1;6m[38;2;3;1;6m      [48;2;1;0;2m[38;2;4;2;5m▄[48;2;92;90;93m[38;2;16;14;17m▊[48;2;255;254;255m[38;2;238;236;239m▌[48;2;253;252;254m[38;2;246;244;247m┃[48;2;249;249;251m[38;2;249;249;251m    [48;2;250;250;252m[38;2;250;250;252m    [48;2;84;79;83m[38;2;233;229;233m▊[48;2;5;1;4m[38;2;22;17;21m╵[48;2;3;1;4m[38;2;3;1;4m  [48;2;1;1;1m[38;2;1;1;1m  [48;2;2;0;3m[38;2;2;0;3m  [48;2;3;1;6m[38;2;3;1;6m  [48;2;1;1;1m[38;2;1;1;1m  [0m
[48;2;1;1;1m[38;2;1;1;1m            [48;2;1;1;3m[38;2;1;1;3m  [48;2;3;1;6m[38;2;3;1;6m      [48;2;1;1;3m[38;2;1;1;3m  [48;2;1;1;1m[38;2;1;1;1m      [48;2;1;1;3m[38;2;1;1;3m  [48;2;3;1;6m[38;2;3;1;6m    [48;2;3;1;4m[38;2;3;1;4m  [48;2;77;75;78m[38;2;6;5;7m▊[48;2;247;245;248m[38;2;200;198;201m▎[48;2;250;250;252m[38;2;250;250;252m          [48;2;87;85;88m[38;2;239;237;240m▊[48;2;1;0;2m[38;2;10;8;11m│[48;2;2;0;3m[38;2;2;0;3m  [48;2;3;1;6m[38;2;3;1;6m  [48;2;1;1;3m[38;2;1;1;3m  [48;2;1;1;1m[38;2;1;1;1m    [0m
[48;2;1;1;1m[38;2;1;1;1m            [48;2;3;1;6m[38;2;3;1;6m      [48;2;3;1;4m[38;2;3;1;4m  [48;2;1;1;3m[38;2;1;1;3m  [48;2;1;1;1m[38;2;1;1;1m    [48;2;3;1;6m[38;2;3;1;6m  [48;2;1;1;3m[38;2;1;1;3m  [48;2;2;0;3m[38;2;2;0;3m  [48;2;3;1;6m[38;2;3;1;6m    [48;2;79;77;80m[38;2;8;6;9m▊[48;2;248;247;249m[38;2;202;200;203m▎[48;2;253;234;241m[38;2;246;248;248m▆[48;2;244;243;243m[38;2;228;207;214m▂[48;2;243;225;232m[38;2;196;72;92m▄[48;2;244;226;234m[38;2;218;93;114m▄[48;2;249;249;251m[38;2;249;249;251m  [48;2;250;250;252m[38;2;250;250;252m    [48;2;89;84;88m[38;2;240;236;240m▊[48;2;3;0;2m[38;2;12;7;11m│[48;2;1;1;1m[38;2;1;1;1m  [48;2;3;1;6m[38;2;3;1;6m    [48;2;1;1;3m[38;2;1;1;3m  [48;2;1;1;1m[38;2;1;1;1m  [0m
[48;2;1;1;1m[38;2;1;1;1m            [48;2;1;1;3m[38;2;1;1;3m  [48;2;3;1;6m[38;2;3;1;6m  [48;2;2;0;3m[38;2;2;0;3m  [48;2;1;1;1m[38;2;1;1;1m  [48;2;3;1;6m[38;2;3;1;6m    [48;2;1;1;1m[38;2;1;1;1m      [48;2;1;1;3m[38;2;1;1;3m  [48;2;3;1;6m[38;2;3;1;6m  [48;2;1;1;3m[38;2;1;1;3m  [48;2;79;77;80m[38;2;8;6;9m▊[48;2;248;247;249m[38;2;202;200;203m▎[48;2;224;181;190m[38;2;245;244;248m▊[48;2;217;93;114m[38;2;209;58;87m┃[48;2;220;85;117m[38;2;211;164;167m▁[48;2;211;87;115m[38;2;237;227;218m▅[48;2;250;250;252m[38;2;250;250;252m    [48;2;248;248;250m[38;2;248;248;250m  [48;2;84;82;85m[38;2;215;213;216m▊[48;2;7;5;8m[38;2;0;0;0m [48;2;1;1;1m[38;2;1;1;1m  [48;2;1;1;3m[38;2;1;1;3m  [48;2;3;1;6m[38;2;3;1;6m    [48;2;1;1;1m[38;2;1;1;1m  [0m
[48;2;1;1;1m[38;2;1;1;1m              [48;2;2;0;3m[38;2;2;0;3m  [48;2;1;1;3m[38;2;1;1;3m    [48;2;3;1;6m[38;2;3;1;6m  [48;2;3;1;4m[38;2;3;1;4m  [48;2;1;1;3m[38;2;1;1;3m  [48;2;1;1;1m[38;2;1;1;1m    [48;2;3;1;6m[38;2;3;1;6m    [48;2;1;1;3m[38;2;1;1;3m  [48;2;79;77;80m[38;2;8;6;9m▊[48;2;248;247;249m[38;2;202;200;203m▎[48;2;185;178;176m[38;2;243;244;241m▊[48;2;184;74;107m[38;2;44;34;33m▄[48;2;238;236;239m[38;2;126;124;127m▁[48;2;246;245;247m[38;2;0;0;0m [48;2;250;250;252m[38;2;250;250;252m  [48;2;247;247;248m[38;2;0;0;0m [48;2;239;239;241m[38;2;117;117;119m▁[48;2;226;222;225m[38;2;113;108;112m▁[48;2;189;184;188m[38;2;59;54;58m▅[48;2;3;1;6m[38;2;3;1;6m  [48;2;1;1;3m[38;2;1;1;3m  [48;2;1;1;1m[38;2;1;1;1m  [48;2;2;0;3m[38;2;2;0;3m  [48;2;3;1;6m[38;2;3;1;6m  [48;2;2;0;3m[38;2;2;0;3m  [0m
[48;2;1;1;1m[38;2;1;1;1m                [48;2;3;1;4m[38;2;3;1;4m  [48;2;3;1;6m[38;2;3;1;6m  [48;2;2;0;3m[38;2;2;0;3m  [48;2;3;1;6m[38;2;3;1;6m  [48;2;2;0;3m[38;2;2;0;3m  [48;2;1;1;1m[38;2;1;1;1m    [48;2;3;1;6m[38;2;3;1;6m    [48;2;1;1;3m[38;2;1;1;3m  [48;2;79;77;80m[38;2;8;6;9m▊[48;2;248;247;249m[38;2;202;200;203m▎[48;2;238;237;239m[38;2;0;0;0m [48;2;33;31;34m[38;2;230;228;230m▅[48;2;49;43;47m[38;2;214;209;212m▅[48;2;220;214;218m[38;2;75;69;73m▅[48;2;235;231;232m[38;2;28;24;25m▅▅[48;2;181;176;180m[38;2;95;90;94m▄[48;2;25;21;24m[38;2;224;219;223m▅[48;2;57;55;58m[38;2;231;229;232m▅[48;2;229;228;230m[38;2;0;0;0m [48;2;66;65;67m[38;2;212;210;213m┓[48;2;5;3;6m[38;2;0;0;0m [48;2;1;1;1m[38;2;1;1;1m      [48;2;1;1;3m[38;2;1;1;3m  [48;2;1;1;1m[38;2;1;1;1m  [0m
[48;2;1;1;1m[38;2;1;1;1m                    [48;2;0;0;0m[38;2;0;0;0m  [48;2;1;1;3m[38;2;1;1;3m  [48;2;1;1;1m[38;2;1;1;1m    [48;2;2;0;3m[38;2;2;0;3m  [48;2;1;1;3m[38;2;1;1;3m  [48;2;3;1;4m[38;2;3;1;4m  [48;2;10;8;11m▚[48;2;6;4;7m[38;2;1;0;2m▌[48;2;46;44;47m[38;2;228;226;229m▅[48;2;242;240;243m[38;2;0;0;0m [48;2;250;250;252m[38;2;250;250;252m  [48;2;190;187;188m[38;2;245;242;243m▊[48;2;198;195;196m[38;2;53;49;50m▅[48;2;36;30;32m[38;2;198;192;194m▅[48;2;96;90;92m[38;2;23;17;19m▊[48;2;248;248;250m[38;2;248;248;250m  [48;2;250;250;252m[38;2;250;250;252m  [48;2;231;229;231m[38;2;0;0;0m [48;2;69;67;70m[38;2;211;209;211m┓[48;2;1;1;1m[38;2;1;1;1m          [0m
[48;2;1;1;1m[38;2;1;1;1m                        [48;2;1;1;3m[38;2;1;1;3m  [48;2;3;1;6m[38;2;3;1;6m  [48;2;2;0;3m[38;2;2;0;3m    [48;2;3;1;6m[38;2;3;1;6m  [48;2;74;70;71m[38;2;3;0;0m▊[48;2;56;52;53m[38;2;222;219;220m▅[48;2;241;241;243m[38;2;251;251;252m▄[48;2;250;250;251m[38;2;240;240;242m▃[48;2;236;234;236m[38;2;58;56;59m▁[48;2;225;224;226m[38;2;72;70;73m▁[48;2;199;190;195m[38;2;91;82;87m▅[48;2;65;56;61m[38;2;171;163;167m▅[48;2;167;161;165m[38;2;86;80;84m┓[48;2;65;59;63m[38;2;232;227;231m▅[48;2;249;249;251m[38;2;249;249;251m  [48;2;250;250;252m[38;2;250;250;252m  [48;2;246;246;248m[38;2;246;246;248m▄[48;2;79;79;81m[38;2;243;243;245m▊[48;2;1;1;1m[38;2;1;1;1m          [0m
[48;2;1;1;1m[38;2;1;1;1m                    [48;2;2;0;3m[38;2;2;0;3m  [48;2;1;1;1m[38;2;1;1;1m  [48;2;3;1;6m[38;2;3;1;6m    [48;2;1;1;3m[38;2;1;1;3m  [48;2;2;0;3m[38;2;2;0;3m  [48;2;1;1;3m[38;2;1;1;3m  [48;2;66;64;65m[38;2;6;4;5m▊[48;2;249;247;248m[38;2;190;188;189m▎[48;2;250;250;251m[38;2;0;0;0m [48;2;249;249;250m[38;2;211;211;213m▝[48;2;38;36;39m[38;2;242;240;243m▅[48;2;49;47;50m[38;2;238;236;238m▅[48;2;237;233;236m[38;2;0;0;0m [48;2;68;63;67m[38;2;234;230;234m▅[48;2;244;242;245m[38;2;132;130;133m▂[48;2;246;244;247m[38;2;0;0;0m [48;2;250;250;252m[38;2;250;250;252m    [48;2;246;246;248m[38;2;246;246;248m▄[48;2;79;79;81m[38;2;243;243;245m▊[48;2;1;1;1m[38;2;1;1;1m          [0m
[48;2;1;1;1m[38;2;1;1;1m                  [48;2;1;1;3m[38;2;1;1;3m  [48;2;2;0;3m[38;2;2;0;3m  [48;2;1;1;3m[38;2;1;1;3m  [48;2;3;1;6m[38;2;3;1;6m    [48;2;2;0;3m[38;2;2;0;3m  [48;2;1;1;3m[38;2;1;1;3m  [48;2;1;1;1m[38;2;1;1;1m  [48;2;13;11;12m[38;2;0;0;0m [48;2;202;200;201m[38;2;33;31;32m▅[48;2;243;243;245m[38;2;239;239;241m▌[48;2;254;254;255m[38;2;250;250;252m▌[48;2;250;250;252m  [48;2;190;185;189m[38;2;246;242;245m▊[48;2;191;186;190m[38;2;29;24;28m▅[48;2;123;121;124m[38;2;13;11;14m▊[48;2;251;249;252m[38;2;255;254;255m┃[48;2;250;250;252m[38;2;250;250;252m    [48;2;246;246;248m[38;2;246;246;248m▄[48;2;79;79;81m[38;2;243;243;245m▊[48;2;1;1;1m[38;2;1;1;1m          [0m
[48;2;1;1;1m[38;2;1;1;1m                  [48;2;2;0;3m[38;2;2;0;3m    [48;2;3;1;6m[38;2;3;1;6m      [48;2;1;1;3m[38;2;1;1;3m  [48;2;1;1;1m[38;2;1;1;1m    [48;2;0;0;0m[38;2;5;5;5m▂[48;2;6;6;6m[38;2;19;19;19m▝[48;2;206;204;207m[38;2;30;29;31m▅[48;2;249;247;250m[38;2;221;219;221m▎[48;2;250;250;252m[38;2;250;250;252m  [48;2;157;152;156m[38;2;242;238;242m▊[48;2;35;30;34m[38;2;208;203;207m▁[48;2;18;14;17m[38;2;0;0;0m [48;2;210;206;209m[38;2;46;41;45m▅[48;2;249;249;251m[38;2;249;249;251m  [48;2;250;250;252m[38;2;250;250;252m  [48;2;246;246;248m[38;2;246;246;248m▄[48;2;79;79;81m[38;2;243;243;245m▊[48;2;1;1;1m[38;2;1;1;1m          [0m
[48;2;4;2;10m[38;2;23;2;126m▂▂▂▂▂▂▂▂▂▂▂▂▂▂▂▂▂▂[48;2;5;3;12m[38;2;24;2;129m▂▂[48;2;4;2;10m[38;2;23;2;126m▂▂[48;2;5;3;12m[38;2;24;2;129m▂▂▂▂▂▂[48;2;5;3;11m[38;2;24;3;127m▂▂[48;2;4;2;10m[38;2;23;2;126m▂▂▂▂▂▂[48;2;25;22;37m[38;2;41;16;182m▁[48;2;218;215;229m[38;2;58;29;199m▁[48;2;249;249;251m[38;2;249;249;251m  [48;2;250;248;250m[38;2;238;236;239m▎[48;2;183;181;184m[38;2;245;243;246m▊[48;2;29;27;33m[38;2;208;205;212m▁[48;2;35;31;50m[38;2;83;64;170m▁[48;2;248;248;250m[38;2;248;248;250m  [48;2;250;250;252m[38;2;250;250;252m  [48;2;248;248;249m[38;2;0;0;0m [48;2;230;230;231m [48;2;46;45;48m[38;2;189;185;201m▅[48;2;7;4;21m[38;2;40;17;164m▁[48;2;4;2;10m[38;2;23;2;126m▂▂▂▂▂▂▂▂[0m
[48;2;38;3;183m[38;2;38;3;183m                                    [48;2;47;11;198m[38;2;35;0;187m┃[48;2;82;51;207m[38;2;35;5;168m▊[48;2;249;249;250m[38;2;206;206;208m▎[48;2;241;241;243m[38;2;253;253;254m┃[48;2;250;250;252m[38;2;250;250;252m  [48;2;140;126;205m[38;2;245;243;250m▊[48;2;38;12;169m[38;2;74;47;202m▝[48;2;227;224;237m[38;2;76;55;191m▆[48;2;246;245;241m[38;2;0;0;0m [48;2;250;250;252m[38;2;250;250;252m    [48;2;122;102;215m[38;2;238;235;237m▊[48;2;48;25;180m[38;2;189;176;231m▁[48;2;38;3;183m[38;2;38;3;183m        [0m
[48;2;38;3;183m[38;2;38;3;183m                                    [48;2;40;5;183m[38;2;40;5;183m  [48;2;227;223;237m[38;2;69;45;185m▆[48;2;249;248;246m[38;2;218;214;222m▎[48;2;246;241;241m[38;2;0;0;0m [48;2;245;243;242m[38;2;219;109;144m▂[48;2;220;211;230m[38;2;186;92;139m▂[48;2;34;7;186m[38;2;46;17;145m▎[48;2;43;13;184m[38;2;0;0;0m [48;2;231;223;245m[38;2;83;61;184m▆[48;2;250;250;252m[38;2;250;250;252m    [48;2;248;246;251m[38;2;255;255;248m│[48;2;51;27;173m[38;2;228;225;236m▊[48;2;38;3;183m[38;2;38;3;183m        [0m
[48;2;38;3;185m[38;2;38;3;185m                                    [48;2;39;4;182m[38;2;39;4;182m  [48;2;66;14;156m[38;2;199;81;107m▂[48;2;227;179;201m[38;2;206;76;99m▅[48;2;240;196;195m[38;2;208;76;102m▆[48;2;220;80;109m[38;2;183;61;84m▗[48;2;108;36;137m[38;2;195;76;100m┛[48;2;52;12;175m[38;2;35;2;188m┣[48;2;39;7;185m[38;2;33;3;161m▃[48;2;134;111;218m[38;2;41;10;185m▊[48;2;222;219;232m[38;2;65;51;167m▁[48;2;247;246;247m[38;2;0;0;0m [48;2;250;250;252m[38;2;250;250;252m  [48;2;253;254;241m[38;2;249;246;255m▌[48;2;52;26;188m[38;2;229;226;234m▊[48;2;38;3;185m[38;2;38;3;185m        [0m
[48;2;38;3;185m[38;2;38;3;185m                                    [48;2;43;6;183m[38;2;89;15;146m╺[48;2;87;26;149m[38;2;195;73;85m━[48;2;202;67;96m[38;2;58;12;182m▂▂[48;2;171;70;96m[38;2;43;7;181m▆▆[48;2;38;3;185m[38;2;38;3;185m    [48;2;125;114;180m[38;2;41;14;189m▊[48;2;237;234;240m[38;2;95;80;173m▂[48;2;250;250;252m[38;2;250;250;252m  [48;2;250;246;255m[38;2;252;252;246m┃[48;2;52;28;174m[38;2;229;226;237m▊[48;2;38;3;185m[38;2;38;3;185m        [0m
[48;2;38;3;185m[38;2;38;3;185m                                              [48;2;35;3;168m[38;2;46;6;201m┃[48;2;138;119;183m[38;2;45;12;181m▊[48;2;246;235;238m[38;2;205;70;93m▂▂[48;2;213;197;226m[38;2;149;68;124m▂[48;2;148;146;218m[38;2;47;14;179m▆[48;2;38;3;185m[38;2;38;3;185m        [0m
[48;2;38;3;185m[38;2;38;3;185m                                    [48;2;35;1;183m[38;2;32;4;142m▗[48;2;43;9;180m[38;2;21;8;54m▃[48;2;37;14;143m[38;2;6;4;14m▆▆[48;2;36;13;142m[38;2;5;3;13m▆▆▆▆[48;2;36;13;140m[38;2;5;3;12m▆▆[48;2;37;6;155m[38;2;9;2;12m▆[48;2;67;31;131m[38;2;42;18;23m▆[48;2;219;75;100m[38;2;219;75;100m  [48;2;207;66;100m[38;2;0;0;0m [48;2;103;49;124m[38;2;191;69;91m▅[48;2;51;19;94m[38;2;157;52;79m▁[48;2;38;8;162m[38;2;29;11;77m▂[48;2;38;3;185m[38;2;38;3;185m      [0m
[48;2;38;3;185m[38;2;38;3;185m                                    [48;2;37;2;178m[38;2;37;6;160m▝[48;2;37;22;75m[38;2;37;2;180m▆[48;2;8;6;12m[38;2;31;5;151m▃▃[48;2;8;3;24m[38;2;39;10;180m▂▂▂▂[48;2;8;6;11m[38;2;30;5;149m▃▃[48;2;12;5;25m[38;2;43;11;182m▂▂[48;2;168;49;82m[38;2;25;10;82m▆▆[48;2;160;41;74m[38;2;25;10;81m▆▆[48;2;53;17;70m[38;2;53;3;191m▂[48;2;25;9;85m[38;2;39;9;183m▆[48;2;38;3;185m[38;2;38;3;185m      [0m
[48;2;40;2;185m[38;2;40;2;185m                                                            [0m
[48;2;40;2;185m[38;2;40;2;185m                                                            [0m
