[48;2;1;1;1m[38;2;1;1;1m                                                            [0m
[48;2;1;1;1m[38;2;1;1;1m                                                            [0m
[48;2;1;1;1m[38;2;1;1;1m                                                            [0m
[48;2;1;1;1m[38;2;1;1;1m                                                      [48;2;1;1;3m[38;2;1;1;3m  [48;2;1;1;1m[38;2;1;1;1m    [0m
[48;2;1;1;1m[38;2;1;1;1m                          [48;2;3;1;6m[38;2;3;1;6m  [48;2;1;1;3m[38;2;1;1;3m  [48;2;1;1;1m[38;2;1;1;1m        [48;2;3;1;4m[38;2;1;0;2m▗[48;2;6;4;7m[38;2;43;41;44m▗[48;2;11;10;12m[38;2;207;205;208m▄▄[48;2;34;30;33m[38;2;234;230;234m▃[48;2;32;28;31m[38;2;218;214;217m▃[48;2;4;2;5m[38;2;4;2;5m  [48;2;1;1;1m[38;2;1;1;1m      [48;2;3;1;4m[38;2;3;1;4m  [48;2;3;1;6m[38;2;3;1;6m  [48;2;2;0;3m[38;2;2;0;3m  [48;2;1;1;1m[38;2;1;1;1m  [0m
[48;2;1;1;1m[38;2;1;1;1m                        [48;2;1;1;3m[38;2;1;1;3m  [48;2;3;1;6m[38;2;3;1;6m    [48;2;2;0;3m[38;2;2;0;3m  [48;2;1;1;3m[38;2;1;1;3m  [48;2;2;0;3m[38;2;2;0;3m    [48;2;20;14;18m[38;2;0;0;0m [48;2;205;199;203m[38;2;51;46;49m▄[48;2;243;242;244m[38;2;217;90;111m▄▄[48;2;244;239;237m[38;2;212;113;142m▄[48;2;245;241;239m[38;2;0;0;0m [48;2;114;112;115m[38;2;224;222;225m▊[48;2;1;0;2m[38;2;11;9;12m▄[48;2;1;1;1m[38;2;1;1;1m    [48;2;3;1;6m[38;2;3;1;6m      [48;2;1;1;3m[38;2;1;1;3m  [48;2;1;1;1m[38;2;1;1;1m  [0m
[48;2;1;1;1m[38;2;1;1;1m                    [48;2;3;1;6m[38;2;3;1;6m    [48;2;3;1;4m[38;2;3;1;4m  [48;2;3;1;6m[38;2;3;1;6m    [48;2;2;0;3m[38;2;2;0;3m  [48;2;3;1;6m[38;2;3;1;6m    [48;2;1;1;3m[38;2;1;1;3m  [48;2;7;2;6m[38;2;7;2;6m  [48;2;59;25;22m[38;2;197;61;91m▄[48;2;192;65;92m[38;2;223;68;104m▖[48;2;61;22;22m[38;2;183;64;88m▄[48;2;234;161;170m[38;2;212;83;111m▊[48;2;131;129;132m[38;2;241;240;242m▊[48;2;1;0;2m[38;2;32;30;33m▎[48;2;1;1;3m[38;2;1;1;3m  [48;2;3;1;4m[38;2;3;1;4m  [48;2;3;1;6m[38;2;3;1;6m      [48;2;1;1;3m[38;2;1;1;3m  [48;2;1;1;1m[38;2;1;1;1m  [0m
[48;2;1;1;1m[38;2;1;1;1m                    [48;2;1;1;3m[38;2;1;1;3m  [48;2;3;1;6m[38;2;3;1;6m          [48;2;1;1;3m[38;2;1;1;3m  [48;2;3;1;4m[38;2;3;1;4m  [48;2;1;1;3m[38;2;1;1;3m  [48;2;5;0;1m[38;2;12;6;8m┃[48;2;39;33;35m[38;2;4;0;0m▊[48;2;223;81;107m[38;2;206;64;90m▎[48;2;226;84;110m[38;2;209;67;93m▊[48;2;232;74;107m[38;2;204;63;90m▊[48;2;234;138;150m[38;2;206;74;98m▊[48;2;231;229;232m[38;2;0;0;0m [48;2;20;18;21m[38;2;193;191;194m▄[48;2;3;1;4m[38;2;13;11;14m▃▃[38;2;3;1;4m  [48;2;3;1;6m[38;2;3;1;6m        [48;2;3;1;4m[38;2;3;1;4m  [0m
[48;2;1;1;1m[38;2;1;1;1m                    [48;2;2;2;4m[38;2;2;2;4m  [48;2;3;1;4m[38;2;3;1;4m  [48;2;3;1;6m[38;2;3;1;6m          [48;2;3;1;4m[38;2;3;1;4m  [48;2;4;2;5m[38;2;20;18;21m╷[48;2;16;14;17m[38;2;0;0;0m [48;2;25;20;24m[38;2;225;221;224m▄[48;2;32;28;31m[38;2;232;227;231m▄[48;2;213;166;174m[38;2;247;232;240m▊[48;2;215;79;99m[38;2;199;93;113m▎[48;2;214;84;114m[38;2;0;0;0m [48;2;195;101;119m[38;2;248;227;222m▄[48;2;249;249;251m[38;2;249;249;251m  [48;2;176;174;177m[38;2;246;244;246m▇[48;2;101;99;102m[38;2;233;231;234m▊[48;2;5;3;8m[38;2;5;3;8m  [48;2;1;1;3m[38;2;1;1;3m  [48;2;3;1;4m[38;2;3;1;4m  [48;2;3;1;6m[38;2;3;1;6m    [48;2;1;1;3m[38;2;1;1;3m  [0m
[48;2;1;1;1m[38;2;1;1;1m                [48;2;2;0;3m[38;2;2;0;3m  [48;2;3;1;4m[38;2;3;1;4m  [48;2;2;0;3m[38;2;2;0;3m  [48;2;1;1;1m[38;2;1;1;1m  [48;2;1;1;3m[38;2;1;1;3m    [48;2;2;0;3m[38;2;2;0;3m  [48;2;3;1;6m[38;2;3;1;6m      [48;2;15;13;16m[38;2;0;0;0m [48;2;47;45;48m[38;2;222;220;223m▄[48;2;248;248;250m[38;2;248;248;250m  [48;2;249;249;251m[38;2;249;249;251m    [48;2;250;250;252m[38;2;250;250;252m    [48;2;84;79;83m[38;2;233;229;233m▊[48;2;5;1;4m[38;2;22;17;21m╵[48;2;3;1;4m[38;2;3;1;4m  [48;2;1;1;1m[38;2;1;1;1m  [48;2;2;0;3m[38;2;2;0;3m  [48;2;3;1;6m[38;2;3;1;6m  [48;2;1;1;1m[38;2;1;1;1m  [0m
[48;2;1;1;1m[38;2;1;1;1m            [48;2;1;1;3m[38;2;1;1;3m  [48;2;3;1;6m[38;2;3;1;6m      [48;2;1;1;3m[38;2;1;1;3m  [48;2;1;1;1m[38;2;1;1;1m      [48;2;1;1;3m[38;2;1;1;3m  [48;2;3;1;6m[38;2;3;1;6m    [48;2;3;1;4m[38;2;3;1;4m  [48;2;84;75;78m[38;2;19;11;13m▊[48;2;244;236;239m[38;2;204;195;198m▎[48;2;250;247;248m[38;2;210;206;207m▁▁[48;2;250;250;252m[38;2;250;250;252m        [48;2;87;85;88m[38;2;239;237;240m▊[48;2;1;0;2m[38;2;10;8;11m│[48;2;2;0;3m[38;2;2;0;3m  [48;2;3;1;6m[38;2;3;1;6m  [48;2;1;1;3m[38;2;1;1;3m  [48;2;1;1;1m[38;2;1;1;1m    [0m
[48;2;1;1;1m[38;2;1;1;1m            [48;2;3;1;6m[38;2;3;1;6m      [48;2;3;1;4m[38;2;3;1;4m  [48;2;1;1;3m[38;2;1;1;3m  [48;2;1;1;1m[38;2;1;1;1m    [48;2;3;1;6m[38;2;3;1;6m  [48;2;1;1;3m[38;2;1;1;3m  [48;2;2;0;3m[38;2;2;0;3m  [48;2;3;1;6m[38;2;3;1;6m  [48;2;14;7;6m[38;2;0;0;0m [48;2;44;13;19m[38;2;191;68;105m▄[48;2;214;71;99m[38;2;114;60;58m▁[48;2;215;72;100m[38;2;197;143;141m▁[48;2;216;79;112m[38;2;223;151;162m▁[48;2;211;103;126m[38;2;239;235;223m▄[48;2;249;249;251m[38;2;249;249;251m  [48;2;250;250;252m[38;2;250;250;252m      [48;2;89;84;88m[38;2;240;236;240m▊[48;2;3;0;2m[38;2;12;7;11m│[48;2;1;1;1m[38;2;1;1;1m  [48;2;3;1;6m[38;2;3;1;6m    [48;2;1;1;3m[38;2;1;1;3m  [48;2;1;1;1m[38;2;1;1;1m  [0m
[48;2;1;1;1m[38;2;1;1;1m            [48;2;1;1;3m[38;2;1;1;3m  [48;2;3;1;6m[38;2;3;1;6m  [48;2;2;0;3m[38;2;2;0;3m  [48;2;1;1;1m[38;2;1;1;1m  [48;2;3;1;6m[38;2;3;1;6m    [48;2;1;1;1m[38;2;1;1;1m      [48;2;1;1;3m[38;2;1;1;3m  [48;2;3;1;6m[38;2;3;1;6m  [48;2;11;8;7m[38;2;0;0;0m [48;2;169;62;96m[38;2;28;9;12m▅[48;2;70;68;71m[38;2;10;8;11m▊[48;2;252;251;253m[38;2;194;192;195m▎[48;2;250;250;252m[38;2;250;250;252m        [48;2;249;249;251m[38;2;249;249;251m  [48;2;89;84;88m[38;2;240;236;240m▊[48;2;3;0;2m[38;2;12;7;11m│[48;2;1;1;1m[38;2;1;1;1m  [48;2;1;1;3m[38;2;1;1;3m  [48;2;3;1;6m[38;2;3;1;6m    [48;2;1;1;1m[38;2;1;1;1m  [0m
[48;2;1;1;1m[38;2;1;1;1m              [48;2;2;0;3m[38;2;2;0;3m  [48;2;1;1;3m[38;2;1;1;3m    [48;2;3;1;6m[38;2;3;1;6m  [48;2;3;1;4m[38;2;3;1;4m  [48;2;1;1;3m[38;2;1;1;3m  [48;2;1;1;1m[38;2;1;1;1m    [48;2;3;1;6m[38;2;3;1;6m    [48;2;1;1;3m[38;2;1;1;3m  [48;2;59;57;60m[38;2;7;6;8m▊[48;2;231;229;231m[38;2;130;128;131m▁[48;2;249;249;251m[38;2;249;249;251m  [48;2;240;240;242m[38;2;128;128;130m▁[48;2;248;248;249m[38;2;0;0;0m [48;2;250;250;252m[38;2;250;250;252m    [48;2;243;242;244m[38;2;0;0;0m [48;2;217;215;218m[38;2;84;82;85m▁[48;2;196;191;197m[38;2;23;19;24m▅[48;2;3;0;4m[38;2;9;4;10m▄[48;2;1;1;3m[38;2;1;1;3m  [48;2;1;1;1m[38;2;1;1;1m  [48;2;2;0;3m[38;2;2;0;3m  [48;2;3;1;6m[38;2;3;1;6m  [48;2;2;0;3m[38;2;2;0;3m  [0m
[48;2;1;1;1m[38;2;1;1;1m                [48;2;3;1;4m[38;2;3;1;4m  [48;2;3;1;6m[38;2;3;1;6m  [48;2;2;0;3m[38;2;2;0;3m  [48;2;3;1;6m[38;2;3;1;6m  [48;2;2;0;3m[38;2;2;0;3m  [48;2;1;1;1m[38;2;1;1;1m    [48;2;3;1;6m[38;2;3;1;6m    [48;2;1;1;3m[38;2;1;1;3m  [48;2;2;1;3m[38;2;11;9;12m│[48;2;100;98;101m[38;2;9;8;10m▊[48;2;248;246;249m[38;2;211;209;212m▎[48;2;238;236;238m[38;2;0;0;0m [48;2;62;56;60m[38;2;208;202;206m▅[48;2;219;214;217m[38;2;76;70;74m▅[48;2;235;231;232m[38;2;28;24;25m▅▅[48;2;232;228;231m[38;2;70;65;69m▅▅[48;2;177;172;175m[38;2;97;91;95m▄[48;2;24;18;22m[38;2;195;189;193m▅[48;2;13;11;14m[38;2;124;122;125m▁[48;2;1;0;2m[38;2;21;19;22m [48;2;1;1;1m[38;2;1;1;1m      [48;2;1;1;3m[38;2;1;1;3m  [48;2;1;1;1m[38;2;1;1;1m  [0m
[48;2;1;1;1m[38;2;1;1;1m                    [48;2;0;0;0m[38;2;0;0;0m  [48;2;1;1;3m[38;2;1;1;3m  [48;2;1;1;1m[38;2;1;1;1m    [48;2;2;0;3m[38;2;2;0;3m  [48;2;1;1;3m[38;2;1;1;3m  [48;2;3;1;4m[38;2;3;1;4m  [48;2;2;2;4m[38;2;2;2;4m  [48;2;26;22;25m[38;2;169;164;168m▁[48;2;51;46;50m[38;2;228;223;227m▅[48;2;240;240;242m[38;2;250;250;252m▄[48;2;249;249;251m[38;2;239;239;241m▃[48;2;223;217;219m[38;2;91;85;87m▁[48;2;213;209;211m[38;2;88;82;84m▅[48;2;32;26;30m[38;2;164;158;162m▅[48;2;53;48;51m[38;2;173;167;171m▁[48;2;248;248;250m[38;2;248;248;250m  [48;2;250;250;252m[38;2;250;250;252m  [48;2;102;97;101m[38;2;236;232;236m▊[48;2;19;15;18m[38;2;126;121;125m▁[48;2;1;1;1m[38;2;1;1;1m          [0m
[48;2;1;1;1m[38;2;1;1;1m                        [48;2;1;1;3m[38;2;1;1;3m  [48;2;3;1;6m[38;2;3;1;6m  [48;2;2;0;3m[38;2;2;0;3m    [48;2;3;1;6m[38;2;3;1;6m  [48;2;1;0;2m[38;2;4;2;5m▄[48;2;35;33;36m[38;2;151;149;152m▁[48;2;246;246;248m[38;2;221;221;223m▎[48;2;221;221;223m[38;2;246;246;248m▊[48;2;221;217;222m[38;2;74;69;75m▅[48;2;205;200;206m[38;2;85;80;86m▅[48;2;67;58;63m[38;2;171;163;167m▅[48;2;197;188;193m[38;2;94;85;90m▅[48;2;71;70;72m[38;2;232;230;233m▅[48;2;243;242;244m[38;2;0;0;0m [48;2;250;250;252m[38;2;250;250;252m    [48;2;246;246;248m[38;2;246;246;248m▄[48;2;79;79;81m[38;2;243;243;245m▊[48;2;1;1;1m[38;2;1;1;1m          [0m
[48;2;1;1;1m[38;2;1;1;1m                    [48;2;2;0;3m[38;2;2;0;3m  [48;2;1;1;1m[38;2;1;1;1m  [48;2;3;1;6m[38;2;3;1;6m    [48;2;1;1;3m[38;2;1;1;3m  [48;2;2;0;3m[38;2;2;0;3m  [48;2;1;1;3m[38;2;1;1;3m  [48;2;66;64;65m[38;2;6;4;5m▊[48;2;249;247;248m[38;2;190;188;189m▎[48;2;250;250;252m[38;2;250;250;252m  [48;2;250;250;251m[38;2;0;0;0m [48;2;249;249;250m[38;2;211;211;213m▝[48;2;69;67;70m[38;2;238;236;239m▅[48;2;244;243;245m[38;2;0;0;0m [48;2;250;250;252m[38;2;250;250;252m      [48;2;248;248;249m[38;2;0;0;0m [48;2;87;87;89m[38;2;239;239;240m▊[48;2;13;11;12m[38;2;152;150;151m▁[48;2;6;4;5m[38;2;0;0;0m [48;2;1;1;1m[38;2;1;1;1m        [0m
[48;2;1;1;1m[38;2;1;1;1m                  [48;2;1;1;3m[38;2;1;1;3m  [48;2;2;0;3m[38;2;2;0;3m  [48;2;1;1;3m[38;2;1;1;3m  [48;2;3;1;6m[38;2;3;1;6m    [48;2;2;0;3m[38;2;2;0;3m  [48;2;1;1;3m[38;2;1;1;3m  [48;2;1;1;1m[38;2;1;1;1m  [48;2;68;66;67m[38;2;8;6;7m▊[48;2;251;249;250m[38;2;192;190;191m▎[48;2;250;250;252m[38;2;250;250;252m    [48;2;249;249;251m[38;2;238;238;240m▎[48;2;183;183;185m[38;2;244;244;245m▊[48;2;219;215;219m[38;2;41;37;40m▅[48;2;234;230;234m[38;2;54;49;53m▁[48;2;250;250;252m[38;2;250;250;252m      [48;2;81;79;82m[38;2;232;230;232m▊[48;2;1;0;2m[38;2;13;11;14m│[48;2;1;1;1m[38;2;1;1;1m        [0m
[48;2;1;1;1m[38;2;1;1;1m                  [48;2;2;0;3m[38;2;2;0;3m    [48;2;3;1;6m[38;2;3;1;6m      [48;2;1;1;3m[38;2;1;1;3m  [48;2;1;1;1m[38;2;1;1;1m    [48;2;52;48;49m[38;2;8;5;5m▊[48;2;237;233;234m[38;2;98;94;95m▂[48;2;249;249;251m[38;2;249;249;251m  [48;2;250;250;252m[38;2;250;250;252m  [48;2;188;183;187m[38;2;244;240;243m▊[48;2;191;186;190m[38;2;25;21;24m▅[48;2;5;3;6m[38;2;17;15;18m▎[48;2;71;69;72m[38;2;10;8;11m▊[48;2;244;243;245m[38;2;106;104;107m▂[38;2;0;0;0m [48;2;250;250;252m[38;2;250;250;252m    [48;2;63;61;64m[38;2;232;230;233m▊[48;2;1;0;2m[38;2;17;15;18m│[48;2;1;1;1m[38;2;1;1;1m        [0m
[48;2;4;2;10m[38;2;23;2;126m▂▂▂▂▂▂▂▂▂▂▂▂▂▂▂▂▂▂[48;2;5;3;12m[38;2;24;2;129m▂▂[48;2;4;2;10m[38;2;23;2;126m▂▂[48;2;5;3;12m[38;2;24;2;129m▂▂▂▂▂▂[48;2;5;3;11m[38;2;24;3;127m▂▂[48;2;4;2;10m[38;2;23;2;126m▂▂▂▂[48;2;5;3;11m[38;2;30;8;133m▂[48;2;24;21;29m[38;2;33;14;136m▂[48;2;228;225;236m[38;2;71;51;175m▁[48;2;242;241;241m[38;2;0;0;0m [48;2;250;250;252m[38;2;250;250;252m  [48;2;173;168;172m[38;2;245;241;245m▊[48;2;17;13;16m[38;2;177;172;176m▂[48;2;4;2;10m[38;2;23;2;126m▂▂[48;2;46;45;44m[38;2;40;19;152m▂[48;2;229;225;237m[38;2;79;53;204m▁[48;2;250;250;252m[38;2;250;250;252m    [48;2;232;230;235m[38;2;0;0;0m [48;2;70;68;74m[38;2;224;222;227m┓[48;2;4;2;10m[38;2;23;2;126m▂▂▂▂▂▂▂▂[0m
[48;2;38;3;183m[38;2;38;3;183m                                    [48;2;88;70;169m[38;2;38;7;188m▊[48;2;252;251;247m[38;2;204;198;224m▎[48;2;250;250;252m[38;2;250;250;252m  [48;2;238;237;242m[38;2;251;250;253m▊[48;2;195;194;199m[38;2;244;243;247m▊[48;2;40;9;185m[38;2;182;167;222m▂[48;2;35;7;167m[38;2;48;13;195m▚[48;2;34;5;168m[38;2;46;10;200m│[48;2;134;114;201m[38;2;41;11;190m▊[48;2;229;226;238m[38;2;88;71;174m▁[48;2;246;245;248m[38;2;0;0;0m [48;2;250;250;252m[38;2;250;250;252m  [48;2;253;254;240m[38;2;242;239;253m▌[48;2;61;35;196m[38;2;232;230;236m▊[48;2;38;3;183m[38;2;38;3;183m        [0m
[48;2;38;3;183m[38;2;38;3;183m                                    [48;2;41;12;180m[38;2;0;0;0m [48;2;227;219;239m[38;2;58;31;183m▆[48;2;255;255;255m[38;2;237;237;239m▌[48;2;253;253;254m[38;2;245;245;247m┃[48;2;250;250;252m[38;2;250;250;252m  [48;2;160;146;208m[38;2;248;243;250m▊[48;2;39;5;195m[38;2;32;8;162m▌[48;2;38;3;183m[38;2;38;3;183m  [48;2;129;116;183m[38;2;45;17;191m▊[48;2;224;220;235m[38;2;74;56;159m▁[48;2;250;250;252m[38;2;250;250;252m  [48;2;251;250;249m[38;2;240;237;251m┏[48;2;231;230;234m[38;2;0;0;0m [48;2;103;84;191m[38;2;215;207;235m┓[48;2;36;5;175m[38;2;40;7;195m▃[48;2;38;3;183m[38;2;38;3;183m      [0m
[48;2;38;3;185m[38;2;38;3;185m                                    [48;2;42;5;195m[38;2;34;0;172m▎[48;2;61;32;175m[38;2;30;0;176m▌[48;2;235;228;231m[38;2;204;82;103m▂[48;2;244;238;239m[38;2;215;93;114m▂[48;2;242;240;240m[38;2;197;89;128m▂[48;2;219;217;231m[38;2;72;27;175m▂[48;2;199;187;228m[38;2;43;14;177m▆[48;2;43;8;197m[38;2;35;6;174m▚[48;2;38;3;185m[38;2;38;3;185m  [48;2;26;0;148m[38;2;41;6;192m▊[48;2;165;149;211m[38;2;47;13;183m▊[48;2;251;251;253m[38;2;251;251;253m  [48;2;250;250;252m[38;2;250;250;252m  [48;2;56;26;184m[38;2;229;223;242m▊[48;2;36;5;182m[38;2;36;7;161m│[48;2;38;3;185m[38;2;38;3;185m      [0m
[48;2;38;3;185m[38;2;38;3;185m                                    [48;2;64;14;162m[38;2;31;2;174m┫[48;2;66;25;162m[38;2;195;71;107m▆[48;2;216;74;100m[38;2;216;74;100m  [48;2;180;56;112m[38;2;39;19;158m▂[48;2;55;8;176m[38;2;26;2;188m┣[48;2;38;3;185m[38;2;38;3;185m    [48;2;49;14;201m[38;2;33;4;168m▆[48;2;134;111;219m[38;2;41;11;185m▊[48;2;236;235;238m[38;2;86;71;176m▂[48;2;249;247;254m[38;2;244;245;230m▗[48;2;251;250;248m[38;2;240;238;250m┗[48;2;231;230;234m[38;2;0;0;0m [48;2;102;83;191m[38;2;218;209;237m┛[48;2;29;2;179m[38;2;46;13;186m▌[48;2;38;3;185m[38;2;38;3;185m      [0m
[48;2;38;3;185m[38;2;38;3;185m                                  [48;2;39;8;188m[38;2;82;14;167m╺[48;2;72;19;155m[38;2;179;64;91m━[48;2;83;29;149m[38;2;236;70;98m━[48;2;204;67;99m[38;2;56;12;175m▃[48;2;202;65;106m[38;2;63;14;170m▃[48;2;200;77;106m[38;2;50;16;163m▇[48;2;39;4;184m[38;2;39;4;184m  [48;2;38;3;185m[38;2;38;3;185m      [48;2;173;145;193m[38;2;40;7;182m▊[48;2;239;232;224m[38;2;216;86;118m▂[48;2;240;235;231m[38;2;194;64;102m▂[48;2;66;13;171m[38;2;217;183;197m▊[48;2;38;3;185m[38;2;38;3;185m        [0m
[48;2;38;3;185m[38;2;38;3;185m                                  [48;2;35;1;181m[38;2;32;2;154m▗[48;2;43;10;174m[38;2;21;5;69m▃[48;2;36;13;142m[38;2;5;3;13m▆▆▆▆▆▆▆▆[48;2;36;13;140m[38;2;5;3;12m▆▆▆▆[48;2;64;29;121m[38;2;45;23;35m▆[48;2;221;69;92m[38;2;218;79;119m▎[48;2;211;71;98m[38;2;216;76;103m▚[48;2;203;63;90m[38;2;224;84;111m▄[48;2;55;20;187m[38;2;190;62;106m▆[48;2;64;19;142m[38;2;0;0;0m [48;2;36;5;158m[38;2;36;26;58m▁[48;2;36;0;186m[38;2;36;1;182m▄[48;2;38;3;185m[38;2;38;3;185m    [0m
[48;2;38;3;185m[38;2;38;3;185m                                  [48;2;37;2;180m[38;2;37;5;162m▝[48;2;37;22;76m[38;2;37;2;182m▆[48;2;15;6;41m[38;2;36;6;179m▆[48;2;15;8;29m[38;2;36;6;168m▂[48;2;8;6;11m[38;2;30;5;149m▃▃[48;2;8;3;24m[38;2;39;10;180m▂▂▂▂[48;2;8;6;11m[38;2;30;5;149m▃▃[48;2;8;3;24m[38;2;39;10;180m▂▂[48;2;22;11;30m[38;2;47;14;183m▂[48;2;138;46;74m[38;2;28;8;82m▆[48;2;160;41;74m[38;2;25;10;81m▆▆[48;2;64;26;46m[38;2;36;12;182m▂[48;2;117;40;47m[38;2;35;12;117m▆[48;2;37;16;109m[38;2;37;3;178m▆[48;2;37;1;184m[38;2;37;3;172m▘[48;2;38;3;185m[38;2;38;3;185m    [0m
[48;2;40;2;185m[38;2;40;2;185m                                                            [0m
[48;2;40;2;185m[38;2;40;2;185m                                                            [0m
