[48;2;1;1;1m[38;2;1;1;1m                                                            [0m
[48;2;1;1;1m[38;2;1;1;1m                                                            [0m
[48;2;1;1;1m[38;2;1;1;1m                                                            [0m
[48;2;1;1;1m[38;2;1;1;1m                                                      [48;2;1;1;3m[38;2;1;1;3m  [48;2;1;1;1m[38;2;1;1;1m    [0m
[48;2;1;1;1m[38;2;1;1;1m                          [48;2;3;1;6m[38;2;3;1;6m  [48;2;1;1;3m[38;2;1;1;3m  [48;2;1;1;1m[38;2;1;1;1m        [48;2;3;1;4m[38;2;3;1;4m  [48;2;23;21;24m[38;2;0;0;0m [48;2;29;28;30m[38;2;228;226;228m▃[48;2;32;31;33m[38;2;243;241;244m▃▃[48;2;30;29;31m[38;2;204;202;205m▃[48;2;1;0;2m[38;2;6;4;7m▄[48;2;1;1;1m[38;2;1;1;1m      [48;2;3;1;4m[38;2;3;1;4m  [48;2;3;1;6m[38;2;3;1;6m  [48;2;2;0;3m[38;2;2;0;3m  [48;2;1;1;1m[38;2;1;1;1m  [0m
[48;2;1;1;1m[38;2;1;1;1m                        [48;2;1;1;3m[38;2;1;1;3m  [48;2;3;1;6m[38;2;3;1;6m    [48;2;2;0;3m[38;2;2;0;3m  [48;2;1;1;3m[38;2;1;1;3m  [48;2;2;0;3m[38;2;2;0;3m    [48;2;3;2;6m[38;2;11;9;14m┏[48;2;36;34;39m[38;2;6;5;9m▊[48;2;208;200;198m[38;2;57;43;44m▄[48;2;242;222;226m[38;2;184;68;103m▃[48;2;243;225;231m[38;2;194;68;89m▃[48;2;247;228;236m[38;2;218;92;113m▃[48;2;242;241;243m[38;2;0;0;0m [48;2;204;202;204m [48;2;1;1;1m[38;2;1;1;1m    [48;2;3;1;6m[38;2;3;1;6m      [48;2;1;1;3m[38;2;1;1;3m  [48;2;1;1;1m[38;2;1;1;1m  [0m
[48;2;1;1;1m[38;2;1;1;1m                    [48;2;3;1;6m[38;2;3;1;6m    [48;2;3;1;4m[38;2;3;1;4m  [48;2;3;1;6m[38;2;3;1;6m    [48;2;2;0;3m[38;2;2;0;3m  [48;2;3;1;6m[38;2;3;1;6m    [48;2;1;1;3m[38;2;1;1;3m  [48;2;3;1;6m[38;2;3;1;6m  [48;2;49;18;23m[38;2;9;8;4m▊[48;2;51;20;25m[38;2;182;59;95m▄[48;2;164;56;77m[38;2;213;66;100m▊[48;2;61;24;22m[38;2;184;66;90m▄[48;2;244;176;187m[38;2;206;80;101m▊[48;2;147;115;136m[38;2;243;241;243m▊[48;2;2;0;3m[38;2;2;0;3m  [48;2;3;1;4m[38;2;3;1;4m  [48;2;3;1;6m[38;2;3;1;6m      [48;2;1;1;3m[38;2;1;1;3m  [48;2;1;1;1m[38;2;1;1;1m  [0m
[48;2;1;1;1m[38;2;1;1;1m                    [48;2;1;1;3m[38;2;1;1;3m  [48;2;3;1;6m[38;2;3;1;6m          [48;2;1;1;3m[38;2;1;1;3m  [48;2;3;1;4m[38;2;3;1;4m  [48;2;1;1;3m[38;2;1;1;3m  [48;2;2;0;3m[38;2;2;0;3m  [48;2;88;41;49m[38;2;10;7;9m▊[48;2;225;72;98m[38;2;171;62;83m▎[48;2;211;69;95m[38;2;211;69;95m  [48;2;241;171;182m[38;2;197;69;90m▊[48;2;153;120;141m[38;2;245;242;244m▊[48;2;2;1;3m[38;2;12;10;13m▃▃[48;2;3;1;4m[38;2;3;1;4m  [48;2;3;1;6m[38;2;3;1;6m        [48;2;3;1;4m[38;2;3;1;4m  [0m
[48;2;1;1;1m[38;2;1;1;1m                    [48;2;2;2;4m[38;2;2;2;4m  [48;2;3;1;4m[38;2;3;1;4m  [48;2;3;1;6m[38;2;3;1;6m          [48;2;3;1;4m[38;2;3;1;4m    [48;2;23;19;22m[38;2;0;0;0m [48;2;39;34;38m[38;2;224;220;224m▄[48;2;183;177;179m[38;2;242;237;239m▇[48;2;209;203;205m[38;2;246;242;244m▊[48;2;217;81;107m[38;2;196;60;85m┃[48;2;220;72;102m[38;2;216;91;113m▄[48;2;203;102;132m[38;2;242;234;233m▄[48;2;249;244;242m[38;2;0;0;0m [48;2;160;158;161m[38;2;246;245;247m▇[48;2;218;217;219m[38;2;0;0;0m [48;2;19;18;22m[38;2;181;179;183m▄[48;2;3;2;6m[38;2;11;9;14m╷[48;2;1;1;3m[38;2;1;1;3m  [48;2;3;1;4m[38;2;3;1;4m  [48;2;3;1;6m[38;2;3;1;6m    [48;2;1;1;3m[38;2;1;1;3m  [0m
[48;2;1;1;1m[38;2;1;1;1m                [48;2;2;0;3m[38;2;2;0;3m  [48;2;3;1;4m[38;2;3;1;4m  [48;2;2;0;3m[38;2;2;0;3m  [48;2;1;1;1m[38;2;1;1;1m  [48;2;1;1;3m[38;2;1;1;3m    [48;2;2;0;3m[38;2;2;0;3m  [48;2;3;1;6m[38;2;3;1;6m      [48;2;8;4;7m[38;2;66;61;65m▁[48;2;89;84;88m[38;2;18;13;17m▊[48;2;248;246;249m[38;2;230;228;231m▌[48;2;246;244;247m[38;2;254;253;255m▌[48;2;250;250;252m[38;2;250;250;252m  [48;2;248;248;250m[38;2;248;248;250m  [48;2;250;250;252m[38;2;250;250;252m    [48;2;89;84;88m[38;2;240;236;240m▊[48;2;3;0;2m[38;2;12;7;11m│[48;2;3;1;4m[38;2;3;1;4m  [48;2;1;1;1m[38;2;1;1;1m  [48;2;2;0;3m[38;2;2;0;3m  [48;2;3;1;6m[38;2;3;1;6m  [48;2;1;1;1m[38;2;1;1;1m  [0m
[48;2;1;1;1m[38;2;1;1;1m            [48;2;1;1;3m[38;2;1;1;3m  [48;2;3;1;6m[38;2;3;1;6m      [48;2;1;1;3m[38;2;1;1;3m  [48;2;1;1;1m[38;2;1;1;1m      [48;2;1;1;3m[38;2;1;1;3m  [48;2;3;1;6m[38;2;3;1;6m  [48;2;13;6;3m[38;2;46;15;21m▗[48;2;24;13;12m[38;2;175;63;96m▄[48;2;30;12;19m[38;2;191;69;89m▄[48;2;37;20;27m[38;2;197;75;95m▄[48;2;233;231;234m[38;2;172;170;173m▁[48;2;255;254;255m[38;2;252;250;253m▄[48;2;250;250;252m[38;2;250;250;252m          [48;2;87;85;88m[38;2;239;237;240m▊[48;2;1;0;2m[38;2;10;8;11m│[48;2;2;0;3m[38;2;2;0;3m  [48;2;3;1;6m[38;2;3;1;6m  [48;2;1;1;3m[38;2;1;1;3m  [48;2;1;1;1m[38;2;1;1;1m    [0m
[48;2;1;1;1m[38;2;1;1;1m            [48;2;3;1;6m[38;2;3;1;6m      [48;2;3;1;4m[38;2;3;1;4m  [48;2;1;1;3m[38;2;1;1;3m  [48;2;1;1;1m[38;2;1;1;1m    [48;2;3;1;6m[38;2;3;1;6m  [48;2;1;1;3m[38;2;1;1;3m  [48;2;3;1;4m[38;2;3;1;4m  [48;2;165;56;90m[38;2;20;3;5m▄[48;2;12;7;6m[38;2;0;0;0m [48;2;12;6;5m [48;2;158;58;87m[38;2;14;4;4m▄[48;2;21;17;18m[38;2;0;0;0m [48;2;226;223;224m[38;2;32;28;29m▅[48;2;212;210;213m[38;2;36;34;37m▄[48;2;243;241;243m[38;2;0;0;0m [48;2;250;250;252m[38;2;250;250;252m        [48;2;89;84;88m[38;2;240;236;240m▊[48;2;3;0;2m[38;2;12;7;11m│[48;2;1;1;1m[38;2;1;1;1m  [48;2;3;1;6m[38;2;3;1;6m    [48;2;1;1;3m[38;2;1;1;3m  [48;2;1;1;1m[38;2;1;1;1m  [0m
[48;2;1;1;1m[38;2;1;1;1m            [48;2;1;1;3m[38;2;1;1;3m  [48;2;3;1;6m[38;2;3;1;6m  [48;2;2;0;3m[38;2;2;0;3m  [48;2;1;1;1m[38;2;1;1;1m  [48;2;3;1;6m[38;2;3;1;6m    [48;2;1;1;1m[38;2;1;1;1m      [48;2;1;1;3m[38;2;1;1;3m  [48;2;3;1;6m[38;2;3;1;6m  [48;2;1;1;3m[38;2;1;1;3m  [48;2;1;1;1m[38;2;1;1;1m  [48;2;82;80;83m[38;2;10;8;11m▊[48;2;250;249;251m[38;2;205;203;206m▎[48;2;250;250;252m[38;2;250;250;252m      [48;2;252;252;253m[38;2;233;233;235m╵[48;2;219;219;221m[38;2;0;0;0m [48;2;196;194;197m[38;2;23;21;24m▅[48;2;1;0;2m[38;2;9;7;10m┗[48;2;1;1;1m[38;2;1;1;1m  [48;2;1;1;3m[38;2;1;1;3m  [48;2;3;1;6m[38;2;3;1;6m    [48;2;1;1;1m[38;2;1;1;1m  [0m
[48;2;1;1;1m[38;2;1;1;1m              [48;2;2;0;3m[38;2;2;0;3m  [48;2;1;1;3m[38;2;1;1;3m    [48;2;3;1;6m[38;2;3;1;6m  [48;2;3;1;4m[38;2;3;1;4m  [48;2;1;1;3m[38;2;1;1;3m  [48;2;1;1;1m[38;2;1;1;1m    [48;2;3;1;6m[38;2;3;1;6m    [48;2;1;1;3m[38;2;1;1;3m  [48;2;1;1;1m[38;2;1;1;1m  [48;2;18;13;17m[38;2;0;0;0m [48;2;223;218;222m[38;2;86;81;85m▅[48;2;239;237;240m[38;2;138;136;139m▁[48;2;248;247;249m[38;2;0;0;0m [48;2;250;250;252m[38;2;250;250;252m  [48;2;247;245;247m[38;2;0;0;0m [48;2;239;238;240m[38;2;117;115;118m▁[48;2;241;240;242m[38;2;110;108;111m▁[48;2;93;91;94m[38;2;221;219;222m▊[48;2;3;1;6m[38;2;3;1;6m  [48;2;1;1;3m[38;2;1;1;3m  [48;2;1;1;1m[38;2;1;1;1m  [48;2;2;0;3m[38;2;2;0;3m  [48;2;3;1;6m[38;2;3;1;6m  [48;2;2;0;3m[38;2;2;0;3m  [0m
[48;2;1;1;1m[38;2;1;1;1m                [48;2;3;1;4m[38;2;3;1;4m  [48;2;3;1;6m[38;2;3;1;6m  [48;2;2;0;3m[38;2;2;0;3m  [48;2;3;1;6m[38;2;3;1;6m  [48;2;2;0;3m[38;2;2;0;3m  [48;2;1;1;1m[38;2;1;1;1m    [48;2;3;1;6m[38;2;3;1;6m    [48;2;1;1;3m[38;2;1;1;3m  [48;2;13;11;14m[38;2;1;0;2m▊[48;2;21;19;22m[38;2;0;0;0m [48;2;52;50;53m[38;2;223;221;224m▅[48;2;208;206;209m[38;2;245;244;246m▅[48;2;59;54;57m[38;2;211;205;209m▅[48;2;218;213;217m[38;2;78;72;76m▅[48;2;235;231;232m[38;2;28;24;25m▅▅[48;2;181;176;180m[38;2;95;90;94m▄[48;2;25;21;24m[38;2;224;219;223m▅[48;2;22;20;25m[38;2;226;224;228m▅[48;2;48;47;51m[38;2;214;212;216m▄[48;2;13;11;14m[38;2;124;122;125m▁[48;2;1;0;2m[38;2;21;19;22m [48;2;1;1;1m[38;2;1;1;1m      [48;2;1;1;3m[38;2;1;1;3m  [48;2;1;1;1m[38;2;1;1;1m  [0m
[48;2;1;1;1m[38;2;1;1;1m                    [48;2;0;0;0m[38;2;0;0;0m  [48;2;1;1;3m[38;2;1;1;3m  [48;2;1;1;1m[38;2;1;1;1m    [48;2;2;0;3m[38;2;2;0;3m  [48;2;1;1;3m[38;2;1;1;3m  [48;2;3;1;4m[38;2;3;1;4m  [48;2;1;1;3m[38;2;1;1;3m  [48;2;49;44;48m[38;2;11;7;10m▊[48;2;52;47;51m[38;2;222;218;221m▅[48;2;240;240;242m[38;2;250;250;252m▄[48;2;249;249;251m[38;2;239;239;241m▃[48;2;223;217;219m[38;2;91;85;87m▁[48;2;213;209;211m[38;2;88;82;84m▅[48;2;32;26;30m[38;2;164;158;162m▅[48;2;53;48;51m[38;2;173;167;171m▁[48;2;248;248;250m[38;2;248;248;250m  [48;2;250;250;252m[38;2;250;250;252m  [48;2;86;84;87m[38;2;238;237;239m▊[48;2;1;0;2m[38;2;9;7;10m│[48;2;1;1;1m[38;2;1;1;1m          [0m
[48;2;1;1;1m[38;2;1;1;1m                        [48;2;1;1;3m[38;2;1;1;3m  [48;2;3;1;6m[38;2;3;1;6m  [48;2;2;0;3m[38;2;2;0;3m    [48;2;3;1;6m[38;2;3;1;6m  [48;2;2;2;4m[38;2;2;2;4m  [48;2;40;36;39m[38;2;176;171;175m▁[48;2;238;234;237m[38;2;196;191;195m▎[48;2;218;213;219m[38;2;81;76;82m▅[48;2;209;205;210m[38;2;85;80;86m▅[48;2;66;57;62m[38;2;201;192;197m▅[48;2;194;185;190m[38;2;60;52;56m▅[48;2;77;75;78m[38;2;228;226;229m▅[48;2;232;230;233m[38;2;250;248;250m╋[48;2;250;250;252m[38;2;250;250;252m    [48;2;233;231;233m[38;2;0;0;0m [48;2;72;70;73m[38;2;212;210;213m┓[48;2;1;1;1m[38;2;1;1;1m          [0m
[48;2;1;1;1m[38;2;1;1;1m                    [48;2;2;0;3m[38;2;2;0;3m  [48;2;1;1;1m[38;2;1;1;1m  [48;2;3;1;6m[38;2;3;1;6m    [48;2;1;1;3m[38;2;1;1;3m  [48;2;2;0;3m[38;2;2;0;3m  [48;2;1;1;3m[38;2;1;1;3m  [48;2;1;0;0m[38;2;12;10;11m│[48;2;77;75;76m[38;2;7;5;6m▊[48;2;249;249;251m[38;2;231;231;233m▌[38;2;255;255;255m▌[48;2;250;250;252m[38;2;250;250;252m  [48;2;239;237;240m[38;2;0;0;0m [48;2;74;72;75m[38;2;232;230;233m▅[48;2;243;241;243m[38;2;0;0;0m [48;2;235;233;236m[38;2;94;92;95m▁[48;2;250;250;252m[38;2;250;250;252m    [48;2;246;246;248m[38;2;246;246;248m▄[48;2;79;79;81m[38;2;243;243;245m▊[48;2;1;1;1m[38;2;1;1;1m          [0m
[48;2;1;1;1m[38;2;1;1;1m                  [48;2;1;1;3m[38;2;1;1;3m  [48;2;2;0;3m[38;2;2;0;3m  [48;2;1;1;3m[38;2;1;1;3m  [48;2;3;1;6m[38;2;3;1;6m    [48;2;2;0;3m[38;2;2;0;3m  [48;2;1;1;3m[38;2;1;1;3m  [48;2;1;1;1m[38;2;1;1;1m  [48;2;16;14;15m[38;2;0;0;0m [48;2;51;49;50m[38;2;229;227;228m▅[48;2;249;249;251m[38;2;249;249;251m  [48;2;250;250;252m[38;2;250;250;252m  [48;2;248;248;250m[38;2;248;248;250m  [48;2;206;200;202m[38;2;35;29;31m▁[48;2;103;97;99m[38;2;22;17;18m▊[48;2;248;248;250m[38;2;248;248;250m  [48;2;250;250;252m[38;2;250;250;252m  [48;2;237;237;239m[38;2;249;249;250m▊[48;2;230;230;231m[38;2;0;0;0m [48;2;73;71;74m[38;2;217;215;218m┓[48;2;1;0;2m[38;2;26;24;27m╷[48;2;1;1;1m[38;2;1;1;1m        [0m
[48;2;1;1;1m[38;2;1;1;1m                  [48;2;2;0;3m[38;2;2;0;3m    [48;2;3;1;6m[38;2;3;1;6m      [48;2;1;1;3m[38;2;1;1;3m  [48;2;1;1;1m[38;2;1;1;1m    [48;2;68;66;67m[38;2;8;6;7m▊[48;2;251;249;250m[38;2;192;190;191m▎[48;2;250;250;252m[38;2;250;250;252m    [48;2;251;251;252m[38;2;243;243;245m┃[48;2;151;151;153m[38;2;243;243;244m▊[48;2;6;4;7m[38;2;29;27;30m▎[48;2;1;0;2m[38;2;25;23;26m▝[48;2;167;165;168m[38;2;25;24;26m┓[48;2;246;244;246m[38;2;0;0;0m [48;2;250;250;252m[38;2;250;250;252m    [48;2;63;61;64m[38;2;232;230;233m▊[48;2;1;0;2m[38;2;17;15;18m│[48;2;1;1;1m[38;2;1;1;1m        [0m
[48;2;4;2;10m[38;2;23;2;126m▂▂▂▂▂▂▂▂▂▂▂▂▂▂▂▂▂▂[48;2;5;3;12m[38;2;24;2;129m▂▂[48;2;4;2;10m[38;2;23;2;126m▂▂[48;2;5;3;12m[38;2;24;2;129m▂▂▂▂▂▂[48;2;5;3;11m[38;2;24;3;127m▂▂[48;2;4;2;10m[38;2;23;2;126m▂▂▂▂[48;2;14;9;26m[38;2;44;15;167m▁[48;2;227;222;226m[38;2;53;43;87m▆[48;2;247;247;249m[38;2;247;247;249m  [48;2;250;250;252m[38;2;250;250;252m  [48;2;189;182;199m[38;2;244;239;241m▊[48;2;211;206;211m[38;2;47;37;80m▆[48;2;5;3;11m[38;2;24;3;127m▂▂[48;2;26;21;28m[38;2;25;5;124m▂[48;2;171;162;194m[38;2;38;30;65m┳[48;2;250;250;252m[38;2;250;250;252m    [48;2;104;101;108m[38;2;234;231;237m▊[48;2;22;20;26m[38;2;192;189;196m▁[48;2;4;2;10m[38;2;23;2;126m▂▂▂▂▂▂▂▂[0m
[48;2;38;3;183m[38;2;38;3;183m                                  [48;2;32;0;173m[38;2;41;7;182m▌[48;2;56;22;197m[38;2;38;4;179m▌[48;2;235;233;241m[38;2;92;77;170m▂[48;2;246;244;249m[38;2;0;0;0m [48;2;250;250;252m[38;2;250;250;252m  [48;2;194;186;225m[38;2;245;245;237m▊[48;2;45;20;184m[38;2;193;184;221m▂[48;2;38;3;183m[38;2;38;3;183m  [48;2;31;3;160m[38;2;42;7;192m┃[48;2;134;114;201m[38;2;41;10;190m▊[48;2;244;242;243m[38;2;113;98;187m▂[48;2;246;246;247m[38;2;239;239;241m▘[48;2;250;250;252m[38;2;250;250;252m  [48;2;253;254;240m[38;2;242;239;253m▌[48;2;61;35;196m[38;2;232;230;236m▊[48;2;38;3;183m[38;2;38;3;183m        [0m
[48;2;38;3;183m[38;2;38;3;183m                                    [48;2;99;82;178m[38;2;37;7;185m▊[48;2;249;248;245m[38;2;216;211;234m▎[48;2;250;250;252m[38;2;250;250;252m  [48;2;255;254;255m[38;2;246;245;251m▌[48;2;175;174;180m[38;2;246;245;249m▊[48;2;39;4;184m[38;2;39;4;184m  [48;2;38;3;183m[38;2;38;3;183m  [48;2;164;158;184m[38;2;48;20;185m▊[48;2;242;241;235m[38;2;251;245;255m┃[48;2;250;250;252m[38;2;250;250;252m  [48;2;251;249;248m[38;2;238;239;221m│[48;2;106;87;197m[38;2;232;230;238m▊[48;2;56;25;190m[38;2;184;173;212m▁[48;2;40;5;185m[38;2;35;5;162m▖[48;2;38;3;183m[38;2;38;3;183m      [0m
[48;2;38;3;185m[38;2;38;3;185m                                    [48;2;39;11;170m[38;2;41;8;188m▌[48;2;219;210;236m[38;2;59;32;185m▆[48;2;249;249;251m[38;2;231;231;233m▌[38;2;255;255;255m▌[48;2;243;243;245m[38;2;0;0;0m [48;2;216;212;231m[38;2;49;34;171m▂[48;2;39;4;184m[38;2;39;4;184m  [48;2;38;3;185m[38;2;38;3;185m  [48;2;43;15;179m[38;2;0;0;0m [48;2;221;211;240m[38;2;88;64;191m▆[48;2;250;250;252m[38;2;250;250;252m    [48;2;56;26;184m[38;2;229;223;242m▊[48;2;36;5;182m[38;2;36;7;161m│[48;2;38;3;185m[38;2;38;3;185m      [0m
[48;2;38;3;185m[38;2;38;3;185m                                    [48;2;37;6;181m[38;2;60;7;165m▃[48;2;52;16;175m[38;2;177;59;106m▂[48;2;224;221;222m[38;2;220;81;106m▆▆[48;2;222;190;215m[38;2;183;68;120m▆[48;2;49;7;163m[38;2;37;10;192m┃[48;2;38;3;185m[38;2;38;3;185m    [48;2;26;0;150m[38;2;41;6;194m▊[48;2;165;149;212m[38;2;47;13;185m▊[48;2;250;250;252m[38;2;250;250;252m    [48;2;56;26;184m[38;2;229;223;242m▊[48;2;36;5;182m[38;2;36;7;161m│[48;2;38;3;185m[38;2;38;3;185m      [0m
[48;2;38;3;185m[38;2;38;3;185m                                [48;2;38;3;183m[38;2;38;3;183m  [48;2;43;11;172m[38;2;187;64;103m▂▂[48;2;67;29;146m[38;2;210;68;91m▆[48;2;220;79;108m[38;2;192;70;106m▘[48;2;214;78;99m[38;2;179;57;115m▗[48;2;205;63;107m[38;2;53;13;161m▂[48;2;175;57;113m[38;2;33;19;159m▂[48;2;35;5;193m[38;2;61;2;158m▎[48;2;38;3;185m[38;2;38;3;185m    [48;2;36;6;179m[38;2;35;4;178m▄[48;2;37;3;180m[38;2;76;41;219m▝[48;2;226;215;235m[38;2;81;50;174m▆[48;2;238;229;233m[38;2;199;69;101m▂[48;2;234;230;226m[38;2;206;79;99m▂[48;2;208;191;220m[38;2;165;59;136m▂[48;2;158;140;214m[38;2;42;10;186m▆[48;2;39;7;175m[38;2;33;0;195m▝[48;2;38;3;185m[38;2;38;3;185m      [0m
[48;2;38;3;185m[38;2;38;3;185m                                [48;2;38;3;183m[38;2;38;3;183m  [48;2;83;33;135m[38;2;22;2;46m▃[48;2;159;62;89m[38;2;14;8;20m▆[48;2;153;56;87m[38;2;7;6;4m▆▆[48;2;136;48;89m[38;2;14;4;13m▆[48;2;40;18;146m[38;2;5;4;10m▆[48;2;36;13;142m[38;2;5;3;13m▆▆▆▆[48;2;36;13;140m[38;2;5;3;12m▆▆▆▆[48;2;64;29;121m[38;2;45;23;35m▆[48;2;221;69;92m[38;2;218;79;119m▎[48;2;211;71;98m[38;2;216;76;103m▚[48;2;203;63;90m[38;2;224;84;111m▄[48;2;55;20;187m[38;2;190;62;106m▆[48;2;64;19;142m[38;2;0;0;0m [48;2;36;5;158m[38;2;36;26;58m▁[48;2;36;0;186m[38;2;36;1;182m▄[48;2;38;3;185m[38;2;38;3;185m    [0m
[48;2;38;3;185m[38;2;38;3;185m                                [48;2;38;3;183m[38;2;38;3;183m  [48;2;31;23;51m[38;2;32;1;171m▆[48;2;16;8;35m[38;2;36;5;173m▂[48;2;8;3;24m[38;2;39;10;180m▂▂[48;2;8;6;11m[38;2;30;5;149m▃▃[48;2;8;3;24m[38;2;39;10;180m▂▂▂▂[48;2;8;6;11m[38;2;30;5;149m▃▃[48;2;8;3;24m[38;2;39;10;180m▂▂[48;2;22;11;30m[38;2;47;14;183m▂[48;2;138;46;74m[38;2;28;8;82m▆[48;2;160;41;74m[38;2;25;10;81m▆▆[48;2;64;26;46m[38;2;36;12;182m▂[48;2;117;40;47m[38;2;35;12;117m▆[48;2;37;16;109m[38;2;37;3;178m▆[48;2;37;1;184m[38;2;37;3;172m▘[48;2;38;3;185m[38;2;38;3;185m    [0m
[48;2;40;2;185m[38;2;40;2;185m                                                            [0m
[48;2;40;2;185m[38;2;40;2;185m                                                            [0m
