[48;2;1;1;1m[38;2;1;1;1m                                                            [0m
[48;2;1;1;1m[38;2;1;1;1m                                                            [0m
[48;2;1;1;1m[38;2;1;1;1m                                                            [0m
[48;2;1;1;1m[38;2;1;1;1m                                                      [48;2;1;1;3m[38;2;1;1;3m  [48;2;1;1;1m[38;2;1;1;1m    [0m
[48;2;1;1;1m[38;2;1;1;1m                          [48;2;3;1;6m[38;2;3;1;6m  [48;2;1;1;3m[38;2;1;1;3m  [48;2;1;1;1m[38;2;1;1;1m        [48;2;3;1;4m[38;2;3;1;4m  [48;2;12;10;15m[38;2;4;3;7m▚[48;2;8;6;11m[38;2;1;0;4m▌[48;2;9;8;10m[38;2;213;211;214m▄▄[48;2;38;36;39m[38;2;237;235;238m▃[48;2;28;26;29m[38;2;211;209;212m▃[48;2;2;2;2m[38;2;2;2;2m  [48;2;1;1;1m[38;2;1;1;1m    [48;2;3;1;4m[38;2;3;1;4m  [48;2;3;1;6m[38;2;3;1;6m  [48;2;2;0;3m[38;2;2;0;3m  [48;2;1;1;1m[38;2;1;1;1m  [0m
[48;2;1;1;1m[38;2;1;1;1m                        [48;2;1;1;3m[38;2;1;1;3m  [48;2;3;1;6m[38;2;3;1;6m    [48;2;2;0;3m[38;2;2;0;3m  [48;2;1;1;3m[38;2;1;1;3m  [48;2;2;0;3m[38;2;2;0;3m    [48;2;3;1;6m[38;2;3;1;6m  [48;2;102;97;101m[38;2;12;8;11m▊[48;2;156;151;155m[38;2;236;232;236m▇[48;2;245;235;234m[38;2;0;0;0m [48;2;240;239;236m[38;2;212;95;130m▄[48;2;242;226;232m[38;2;193;69;89m▃[48;2;233;216;222m[38;2;182;58;78m▃[48;2;67;65;66m[38;2;199;197;198m▘[48;2;1;0;0m[38;2;9;7;8m▄[48;2;1;1;1m[38;2;1;1;1m  [48;2;3;1;6m[38;2;3;1;6m      [48;2;1;1;3m[38;2;1;1;3m  [48;2;1;1;1m[38;2;1;1;1m  [0m
[48;2;1;1;1m[38;2;1;1;1m                    [48;2;3;1;6m[38;2;3;1;6m    [48;2;3;1;4m[38;2;3;1;4m  [48;2;3;1;6m[38;2;3;1;6m    [48;2;2;0;3m[38;2;2;0;3m  [48;2;3;1;6m[38;2;3;1;6m    [48;2;1;1;3m[38;2;1;1;3m  [48;2;3;1;6m[38;2;3;1;6m  [48;2;108;102;104m[38;2;13;8;9m▊[48;2;203;197;199m[38;2;247;243;245m┃[48;2;191;109;121m[38;2;195;59;89m▆[48;2;71;23;24m[38;2;193;66;93m▄[48;2;211;70;104m[38;2;152;57;75m▝[48;2;56;27;25m[38;2;204;61;95m▖[48;2;2;0;3m[38;2;2;0;3m  [48;2;3;1;4m[38;2;3;1;4m  [48;2;3;1;6m[38;2;3;1;6m      [48;2;1;1;3m[38;2;1;1;3m  [48;2;1;1;1m[38;2;1;1;1m  [0m
[48;2;1;1;1m[38;2;1;1;1m                    [48;2;1;1;3m[38;2;1;1;3m  [48;2;3;1;6m[38;2;3;1;6m          [48;2;1;1;3m[38;2;1;1;3m  [48;2;3;1;4m[38;2;3;1;4m  [48;2;1;1;3m[38;2;1;1;3m  [48;2;2;0;3m[38;2;2;0;3m  [48;2;107;101;103m[38;2;4;0;0m▊[48;2;208;202;204m[38;2;251;247;249m┃[48;2;213;71;97m[38;2;213;71;97m  [48;2;217;87;111m[38;2;213;55;88m┃[48;2;72;45;34m[38;2;202;67;92m▊[48;2;3;1;4m[38;2;13;11;14m▃▃[38;2;3;1;4m  [48;2;3;1;6m[38;2;3;1;6m        [48;2;3;1;4m[38;2;3;1;4m  [0m
[48;2;1;1;1m[38;2;1;1;1m                    [48;2;2;2;4m[38;2;2;2;4m  [48;2;3;1;4m[38;2;3;1;4m  [48;2;3;1;6m[38;2;3;1;6m          [48;2;3;1;4m[38;2;3;1;4m    [48;2;16;14;17m[38;2;74;72;75m▁[48;2;14;12;15m[38;2;218;216;218m▄[48;2;53;51;54m[38;2;227;225;228m▄[48;2;244;242;245m[38;2;0;0;0m [48;2;227;161;176m[38;2;245;236;241m▊[48;2;214;101;116m[38;2;206;67;90m┃[48;2;209;108;137m[38;2;243;233;233m▄[48;2;243;237;235m[38;2;0;0;0m [48;2;160;158;161m[38;2;246;245;247m▇[48;2;218;217;219m[38;2;0;0;0m [48;2;19;18;22m[38;2;181;179;183m▄[48;2;3;2;6m[38;2;11;9;14m╷[48;2;1;1;3m[38;2;1;1;3m  [48;2;3;1;4m[38;2;3;1;4m  [48;2;3;1;6m[38;2;3;1;6m    [48;2;1;1;3m[38;2;1;1;3m  [0m
[48;2;1;1;1m[38;2;1;1;1m                [48;2;2;0;3m[38;2;2;0;3m  [48;2;3;1;4m[38;2;3;1;4m  [48;2;2;0;3m[38;2;2;0;3m  [48;2;1;1;1m[38;2;1;1;1m  [48;2;1;1;3m[38;2;1;1;3m    [48;2;2;0;3m[38;2;2;0;3m  [48;2;3;1;6m[38;2;3;1;6m  [48;2;4;2;7m[38;2;4;2;7m  [48;2;13;7;10m[38;2;202;71;93m▄▄[48;2;10;6;7m[38;2;40;36;37m▁[48;2;87;83;84m[38;2;17;13;14m▊[48;2;248;246;249m[38;2;230;228;231m▌[48;2;246;244;247m[38;2;254;253;255m▌[48;2;250;250;252m[38;2;250;250;252m  [48;2;249;249;251m[38;2;249;249;251m  [48;2;250;250;252m[38;2;250;250;252m    [48;2;89;84;88m[38;2;240;236;240m▊[48;2;3;0;2m[38;2;12;7;11m│[48;2;3;1;4m[38;2;3;1;4m  [48;2;1;1;1m[38;2;1;1;1m  [48;2;2;0;3m[38;2;2;0;3m  [48;2;3;1;6m[38;2;3;1;6m  [48;2;1;1;1m[38;2;1;1;1m  [0m
[48;2;1;1;1m[38;2;1;1;1m            [48;2;1;1;3m[38;2;1;1;3m  [48;2;3;1;6m[38;2;3;1;6m      [48;2;1;1;3m[38;2;1;1;3m  [48;2;1;1;1m[38;2;1;1;1m      [48;2;1;1;3m[38;2;1;1;3m  [48;2;3;1;6m[38;2;3;1;6m  [48;2;4;2;7m[38;2;4;2;7m  [48;2;187;58;80m[38;2;9;4;6m▄[48;2;198;69;91m[38;2;16;13;16m▄[48;2;199;85;104m[38;2;151;37;56m▁[48;2;243;234;239m[38;2;176;166;173m▁[48;2;250;250;252m[38;2;250;250;252m          [48;2;87;85;88m[38;2;239;237;240m▊[48;2;1;0;2m[38;2;10;8;11m│[48;2;2;0;3m[38;2;2;0;3m  [48;2;3;1;6m[38;2;3;1;6m  [48;2;1;1;3m[38;2;1;1;3m  [48;2;1;1;1m[38;2;1;1;1m    [0m
[48;2;1;1;1m[38;2;1;1;1m            [48;2;3;1;6m[38;2;3;1;6m      [48;2;3;1;4m[38;2;3;1;4m  [48;2;1;1;3m[38;2;1;1;3m  [48;2;1;1;1m[38;2;1;1;1m    [48;2;3;1;6m[38;2;3;1;6m  [48;2;1;1;3m[38;2;1;1;3m  [48;2;2;0;3m[38;2;2;0;3m  [48;2;3;1;6m[38;2;3;1;6m    [48;2;3;1;4m[38;2;10;8;11m▚[48;2;6;4;7m[38;2;1;0;2m▌[48;2;213;211;213m[38;2;38;36;39m▄[48;2;249;248;250m[38;2;216;215;217m▎[48;2;250;250;252m[38;2;250;250;252m        [48;2;89;84;88m[38;2;240;236;240m▊[48;2;3;0;2m[38;2;12;7;11m│[48;2;1;1;1m[38;2;1;1;1m  [48;2;3;1;6m[38;2;3;1;6m    [48;2;1;1;3m[38;2;1;1;3m  [48;2;1;1;1m[38;2;1;1;1m  [0m
[48;2;1;1;1m[38;2;1;1;1m            [48;2;1;1;3m[38;2;1;1;3m  [48;2;3;1;6m[38;2;3;1;6m  [48;2;2;0;3m[38;2;2;0;3m  [48;2;1;1;1m[38;2;1;1;1m  [48;2;3;1;6m[38;2;3;1;6m    [48;2;1;1;1m[38;2;1;1;1m      [48;2;1;1;3m[38;2;1;1;3m  [48;2;3;1;6m[38;2;3;1;6m  [48;2;1;1;3m[38;2;1;1;3m  [48;2;1;1;1m[38;2;1;1;1m  [48;2;31;30;32m[38;2;142;140;143m▁[48;2;251;249;251m[38;2;213;211;214m▎[48;2;250;250;252m[38;2;250;250;252m      [48;2;248;248;250m[38;2;248;248;250m  [48;2;76;71;75m[38;2;218;214;218m▊[48;2;5;1;4m[38;2;17;12;16m│[48;2;1;1;1m[38;2;1;1;1m  [48;2;1;1;3m[38;2;1;1;3m  [48;2;3;1;6m[38;2;3;1;6m    [48;2;1;1;1m[38;2;1;1;1m  [0m
[48;2;1;1;1m[38;2;1;1;1m              [48;2;2;0;3m[38;2;2;0;3m  [48;2;1;1;3m[38;2;1;1;3m    [48;2;3;1;6m[38;2;3;1;6m  [48;2;3;1;4m[38;2;3;1;4m  [48;2;1;1;3m[38;2;1;1;3m  [48;2;1;1;1m[38;2;1;1;1m    [48;2;3;1;6m[38;2;3;1;6m    [48;2;1;1;3m[38;2;1;1;3m  [48;2;1;0;0m[38;2;13;11;12m│[48;2;78;76;77m[38;2;7;6;6m▊[48;2;237;235;238m[38;2;125;123;126m▁[48;2;246;244;246m[38;2;0;0;0m [48;2;250;250;252m[38;2;250;250;252m      [48;2;255;254;255m[38;2;248;246;249m▄[48;2;90;88;91m[38;2;217;215;218m▊[48;2;3;1;6m[38;2;3;1;6m  [48;2;1;1;3m[38;2;1;1;3m  [48;2;1;1;1m[38;2;1;1;1m  [48;2;2;0;3m[38;2;2;0;3m  [48;2;3;1;6m[38;2;3;1;6m  [48;2;2;0;3m[38;2;2;0;3m  [0m
[48;2;1;1;1m[38;2;1;1;1m                [48;2;3;1;4m[38;2;3;1;4m  [48;2;3;1;6m[38;2;3;1;6m  [48;2;2;0;3m[38;2;2;0;3m  [48;2;3;1;6m[38;2;3;1;6m  [48;2;2;0;3m[38;2;2;0;3m  [48;2;1;1;1m[38;2;1;1;1m    [48;2;3;1;6m[38;2;3;1;6m    [48;2;1;1;3m[38;2;1;1;3m  [48;2;13;11;14m[38;2;1;0;2m▊[48;2;21;19;22m[38;2;0;0;0m [48;2;49;44;47m[38;2;213;207;211m▅[48;2;217;212;216m[38;2;82;76;80m▅[48;2;231;227;230m[38;2;68;63;67m▅▅[48;2;233;229;230m[38;2;26;23;23m▅▅[48;2;236;232;235m[38;2;31;26;30m▅[48;2;226;222;226m[38;2;74;69;73m▅[48;2;190;186;189m[38;2;70;65;69m▅[48;2;16;12;15m[38;2;148;143;147m▁[48;2;3;1;4m[38;2;3;1;4m  [48;2;1;1;1m[38;2;1;1;1m      [48;2;1;1;3m[38;2;1;1;3m  [48;2;1;1;1m[38;2;1;1;1m  [0m
[48;2;1;1;1m[38;2;1;1;1m                    [48;2;0;0;0m[38;2;0;0;0m  [48;2;1;1;3m[38;2;1;1;3m  [48;2;1;1;1m[38;2;1;1;1m    [48;2;2;0;3m[38;2;2;0;3m  [48;2;1;1;3m[38;2;1;1;3m  [48;2;3;1;4m[38;2;3;1;4m  [48;2;1;1;3m[38;2;1;1;3m  [48;2;49;44;48m[38;2;11;7;10m▊[48;2;52;47;51m[38;2;222;218;221m▅[48;2;248;248;250m[38;2;248;248;250m  [48;2;245;243;246m[38;2;215;213;216m▁[48;2;140;138;141m[38;2;217;215;218m▊[48;2;27;22;25m[38;2;137;131;135m▂[48;2;21;16;19m[38;2;164;158;162m▅[48;2;150;145;149m[38;2;45;40;44m▊[48;2;253;249;252m[38;2;226;222;225m▎[48;2;251;250;252m[38;2;239;237;240m▎[48;2;113;111;114m[38;2;243;242;244m▊[48;2;12;10;15m[38;2;133;131;136m▁[48;2;1;0;4m[38;2;16;14;19m▄[48;2;1;1;1m[38;2;1;1;1m          [0m
[48;2;1;1;1m[38;2;1;1;1m                        [48;2;1;1;3m[38;2;1;1;3m  [48;2;3;1;6m[38;2;3;1;6m  [48;2;2;0;3m[38;2;2;0;3m    [48;2;3;1;6m[38;2;3;1;6m  [48;2;1;1;3m[38;2;1;1;3m  [48;2;79;77;80m[38;2;8;6;9m▊[48;2;248;247;249m[38;2;202;200;203m▎[48;2;248;248;250m[38;2;248;248;250m  [48;2;139;133;137m[38;2;212;207;211m▊[48;2;43;37;41m[38;2;139;133;137m▂[48;2;215;210;212m[38;2;119;113;115m▂[48;2;54;49;50m[38;2;177;171;173m▁[48;2;248;248;250m[38;2;248;248;250m  [48;2;250;250;252m[38;2;250;250;252m  [48;2;104;99;103m[38;2;238;234;237m▊[48;2;21;16;20m[38;2;136;131;135m▁[48;2;1;1;1m[38;2;1;1;1m          [0m
[48;2;1;1;1m[38;2;1;1;1m                    [48;2;2;0;3m[38;2;2;0;3m  [48;2;1;1;1m[38;2;1;1;1m  [48;2;3;1;6m[38;2;3;1;6m    [48;2;1;1;3m[38;2;1;1;3m  [48;2;2;0;3m[38;2;2;0;3m  [48;2;1;1;3m[38;2;1;1;3m  [48;2;3;1;4m[38;2;3;1;4m  [48;2;25;23;26m[38;2;136;134;137m▂[48;2;246;244;246m[38;2;214;212;215m▎[48;2;250;250;251m[38;2;0;0;0m [48;2;249;249;250m[38;2;211;211;213m▝[48;2;66;64;67m[38;2;238;236;239m▅[48;2;176;174;177m[38;2;236;235;237m▊[48;2;59;54;58m[38;2;196;191;195m▁[48;2;248;244;247m[38;2;234;229;233m▎[48;2;250;250;252m[38;2;250;250;252m    [48;2;246;246;248m[38;2;246;246;248m▄[48;2;79;79;81m[38;2;243;243;245m▊[48;2;1;1;1m[38;2;1;1;1m          [0m
[48;2;1;1;1m[38;2;1;1;1m                  [48;2;1;1;3m[38;2;1;1;3m  [48;2;2;0;3m[38;2;2;0;3m  [48;2;1;1;3m[38;2;1;1;3m  [48;2;3;1;6m[38;2;3;1;6m    [48;2;2;0;3m[38;2;2;0;3m  [48;2;1;1;3m[38;2;1;1;3m  [48;2;1;1;1m[38;2;1;1;1m  [48;2;1;0;2m[38;2;12;10;13m│[48;2;77;75;78m[38;2;7;5;8m▊[48;2;249;249;251m[38;2;231;231;233m▌[38;2;255;255;255m▌[48;2;250;250;252m[38;2;250;250;252m          [48;2;239;237;240m[38;2;252;251;253m▊[48;2;99;97;100m[38;2;237;235;238m▊[48;2;15;13;14m[38;2;154;152;153m▁[48;2;7;5;6m[38;2;0;0;0m [48;2;1;1;1m[38;2;1;1;1m        [0m
[48;2;1;1;1m[38;2;1;1;1m                  [48;2;2;0;3m[38;2;2;0;3m    [48;2;3;1;6m[38;2;3;1;6m      [48;2;1;1;3m[38;2;1;1;3m  [48;2;1;1;1m[38;2;1;1;1m    [48;2;1;0;2m[38;2;13;11;14m│[48;2;78;76;79m[38;2;7;6;8m▊[48;2;249;249;251m[38;2;231;231;233m▌[38;2;255;255;255m▌[48;2;250;250;252m[38;2;250;250;252m  [48;2;241;241;243m[38;2;251;251;252m▄[48;2;250;250;251m[38;2;240;240;242m▃[48;2;215;211;214m[38;2;26;21;25m▁[48;2;215;210;214m[38;2;39;34;38m▅[48;2;231;229;232m[38;2;71;69;72m▁[48;2;245;244;246m[38;2;0;0;0m [48;2;250;250;252m[38;2;250;250;252m    [48;2;63;61;64m[38;2;232;230;233m▊[48;2;1;0;2m[38;2;17;15;18m│[48;2;1;1;1m[38;2;1;1;1m        [0m
[48;2;4;2;10m[38;2;23;2;126m▂▂▂▂▂▂▂▂▂▂▂▂▂▂▂▂▂▂[48;2;5;3;12m[38;2;24;2;129m▂▂[48;2;4;2;10m[38;2;23;2;126m▂▂[48;2;5;3;12m[38;2;24;2;129m▂▂▂▂▂▂[48;2;5;3;11m[38;2;24;3;127m▂▂[48;2;4;2;10m[38;2;23;2;126m▂▂▂▂[48;2;6;4;11m[38;2;22;4;125m▂[48;2;28;24;43m[38;2;48;23;175m▁[48;2;255;255;255m[38;2;237;237;239m▌[48;2;253;253;254m[38;2;245;245;247m┃[48;2;250;250;252m[38;2;250;250;252m  [48;2;251;251;252m[38;2;243;243;245m┃[48;2;151;151;153m[38;2;243;243;244m▊[48;2;6;3;13m[38;2;25;3;130m▂▂[48;2;46;45;44m[38;2;40;19;152m▂[48;2;229;225;237m[38;2;79;53;204m▁[48;2;250;250;252m[38;2;250;250;252m    [48;2;104;101;108m[38;2;234;231;237m▊[48;2;22;20;26m[38;2;192;189;196m▁[48;2;4;2;10m[38;2;23;2;126m▂▂▂▂▂▂▂▂[0m
[48;2;38;3;183m[38;2;38;3;183m                                  [48;2;43;7;197m[38;2;41;10;174m▄[48;2;50;23;176m[38;2;197;183;231m▂[48;2;248;248;250m[38;2;248;248;250m  [48;2;250;250;252m[38;2;250;250;252m  [48;2;192;185;221m[38;2;244;243;242m▊[48;2;215;209;227m[38;2;57;33;181m▆[48;2;38;3;183m[38;2;38;3;183m  [48;2;35;4;159m[38;2;37;5;190m▊[48;2;174;158;221m[38;2;42;9;180m▊[48;2;250;250;252m[38;2;250;250;252m    [48;2;253;254;240m[38;2;242;239;253m▌[48;2;61;35;196m[38;2;232;230;236m▊[48;2;38;3;183m[38;2;38;3;183m        [0m
[48;2;38;3;183m[38;2;38;3;183m                                  [48;2;86;65;186m[38;2;36;6;182m▊[48;2;251;251;245m[38;2;202;192;242m▎[48;2;250;250;252m[38;2;250;250;252m    [48;2;184;173;229m[38;2;246;244;245m▊[48;2;30;3;182m[38;2;67;45;172m▎[48;2;38;3;183m[38;2;38;3;183m  [48;2;30;0;171m[38;2;38;6;179m▊[48;2;36;6;177m[38;2;80;46;221m▝[48;2;230;228;233m[38;2;81;61;189m▆[48;2;251;250;247m[38;2;236;231;245m▎[48;2;250;250;252m[38;2;250;250;252m  [48;2;251;249;248m[38;2;238;239;221m│[48;2;106;87;197m[38;2;232;230;238m▊[48;2;56;25;190m[38;2;184;173;212m▁[48;2;40;5;185m[38;2;35;5;162m▖[48;2;38;3;183m[38;2;38;3;183m      [0m
[48;2;38;3;185m[38;2;38;3;185m                                  [48;2;87;66;187m[38;2;37;7;183m▊[48;2;252;251;245m[38;2;203;193;243m▎[48;2;250;250;252m[38;2;250;250;252m  [48;2;237;236;241m[38;2;247;246;250m▊[48;2;204;203;208m[38;2;248;247;251m▊[48;2;200;189;227m[38;2;48;17;179m▆[48;2;41;8;186m[38;2;0;0;0m [48;2;38;3;185m[38;2;38;3;185m    [48;2;126;114;181m[38;2;42;14;190m▊[48;2;239;235;241m[38;2;93;79;171m▂[48;2;250;250;252m[38;2;250;250;252m    [48;2;56;26;184m[38;2;229;223;242m▊[48;2;36;5;182m[38;2;36;7;161m│[48;2;38;3;185m[38;2;38;3;185m      [0m
[48;2;38;3;185m[38;2;38;3;185m                                  [48;2;86;65;186m[38;2;36;6;182m▊[48;2;251;251;245m[38;2;202;192;242m▎[48;2;250;250;252m[38;2;250;250;252m  [48;2;243;243;245m[38;2;0;0;0m [48;2;216;212;231m[38;2;49;34;171m▂[48;2;39;4;184m[38;2;39;4;184m  [48;2;38;3;185m[38;2;38;3;185m    [48;2;26;0;150m[38;2;41;6;194m▊[48;2;165;149;212m[38;2;47;13;185m▊[48;2;250;250;252m[38;2;250;250;252m    [48;2;56;26;184m[38;2;229;223;242m▊[48;2;36;5;182m[38;2;36;7;161m│[48;2;38;3;185m[38;2;38;3;185m      [0m
[48;2;38;3;185m[38;2;38;3;185m                                  [48;2;70;46;181m[38;2;36;6;175m▊[48;2;226;219;240m[38;2;54;32;176m▂[48;2;248;246;249m[38;2;214;102;120m▃▃[48;2;217;207;222m[38;2;197;85;134m▂[48;2;47;14;185m[38;2;44;11;161m▖[48;2;38;3;185m[38;2;38;3;185m      [48;2;50;14;202m[38;2;34;4;169m▆[48;2;135;112;220m[38;2;42;11;186m▊[48;2;234;233;236m[38;2;99;83;187m▂[48;2;247;246;247m[38;2;0;0;0m [48;2;249;248;247m[38;2;236;239;219m│[48;2;96;77;193m[38;2;236;233;241m▊[48;2;158;140;214m[38;2;42;10;186m▆[48;2;39;7;175m[38;2;33;0;195m▝[48;2;38;3;185m[38;2;38;3;185m      [0m
[48;2;38;3;185m[38;2;38;3;185m                                [48;2;36;0;183m[38;2;36;5;160m▗[48;2;36;4;163m[38;2;36;24;59m▂[48;2;38;17;68m[38;2;200;62;93m▂▂[48;2;214;72;98m[38;2;214;72;98m  [48;2;192;63;89m[38;2;47;23;31m▃[48;2;40;10;127m[38;2;16;8;22m▆[48;2;36;13;142m[38;2;5;3;13m▆▆▆▆[48;2;36;13;140m[38;2;5;3;12m▆▆▆▆[48;2;86;54;166m[38;2;54;16;33m▆[48;2;234;209;216m[38;2;207;81;99m▆[48;2;237;210;221m[38;2;212;72;100m▆[48;2;212;100;124m[38;2;0;0;0m [48;2;55;20;187m[38;2;190;62;106m▆[48;2;64;19;142m[38;2;0;0;0m [48;2;36;5;158m[38;2;36;26;58m▁[48;2;36;0;186m[38;2;36;1;182m▄[48;2;38;3;185m[38;2;38;3;185m    [0m
[48;2;38;3;185m[38;2;38;3;185m                                [48;2;37;2;182m[38;2;37;5;163m▝[48;2;37;22;78m[38;2;37;2;183m▆[48;2;148;47;76m[38;2;28;10;82m▆▆[48;2;148;48;74m[38;2;28;10;81m▆▆[48;2;8;3;24m[38;2;39;10;180m▂▂▂▂▂▂[48;2;8;6;11m[38;2;30;5;149m▃▃[48;2;8;3;24m[38;2;39;10;180m▂▂[48;2;22;11;30m[38;2;47;14;183m▂[48;2;138;46;74m[38;2;28;8;82m▆[48;2;160;41;74m[38;2;25;10;81m▆▆[48;2;64;26;46m[38;2;36;12;182m▂[48;2;117;40;47m[38;2;35;12;117m▆[48;2;37;16;109m[38;2;37;3;178m▆[48;2;37;1;184m[38;2;37;3;172m▘[48;2;38;3;185m[38;2;38;3;185m    [0m
[48;2;40;2;185m[38;2;40;2;185m                                                            [0m
[48;2;40;2;185m[38;2;40;2;185m                                                            [0m
