[48;2;1;1;1m[38;2;1;1;1m                                                            [0m
[48;2;1;1;1m[38;2;1;1;1m                                                            [0m
[48;2;1;1;1m[38;2;1;1;1m                                                            [0m
[48;2;1;1;1m[38;2;1;1;1m                                                      [48;2;1;1;3m[38;2;1;1;3m  [48;2;1;1;1m[38;2;1;1;1m    [0m
[48;2;1;1;1m[38;2;1;1;1m                          [48;2;3;1;6m[38;2;3;1;6m  [48;2;1;1;3m[38;2;1;1;3m  [48;2;1;1;1m[38;2;1;1;1m        [48;2;3;1;4m[38;2;3;1;4m  [48;2;12;10;15m[38;2;4;3;7m▚[48;2;8;6;11m[38;2;1;0;4m▌[48;2;9;8;10m[38;2;213;211;214m▄▄[48;2;38;36;39m[38;2;237;235;238m▃[48;2;28;26;29m[38;2;211;209;212m▃[48;2;2;2;2m[38;2;2;2;2m  [48;2;1;1;1m[38;2;1;1;1m    [48;2;3;1;4m[38;2;3;1;4m  [48;2;3;1;6m[38;2;3;1;6m  [48;2;2;0;3m[38;2;2;0;3m  [48;2;1;1;1m[38;2;1;1;1m  [0m
[48;2;1;1;1m[38;2;1;1;1m                        [48;2;1;1;3m[38;2;1;1;3m  [48;2;3;1;6m[38;2;3;1;6m    [48;2;2;0;3m[38;2;2;0;3m  [48;2;1;1;3m[38;2;1;1;3m  [48;2;2;0;3m[38;2;2;0;3m    [48;2;3;1;6m[38;2;3;1;6m  [48;2;102;97;101m[38;2;12;8;11m▊[48;2;156;151;155m[38;2;236;232;236m▇[48;2;245;235;234m[38;2;0;0;0m [48;2;240;239;236m[38;2;212;95;130m▄[48;2;242;226;232m[38;2;193;69;89m▃[48;2;233;216;222m[38;2;182;58;78m▃[48;2;67;65;66m[38;2;199;197;198m▘[48;2;1;0;0m[38;2;9;7;8m▄[48;2;1;1;1m[38;2;1;1;1m  [48;2;3;1;6m[38;2;3;1;6m      [48;2;1;1;3m[38;2;1;1;3m  [48;2;1;1;1m[38;2;1;1;1m  [0m
[48;2;1;1;1m[38;2;1;1;1m                    [48;2;3;1;6m[38;2;3;1;6m    [48;2;3;1;4m[38;2;3;1;4m  [48;2;3;1;6m[38;2;3;1;6m    [48;2;2;0;3m[38;2;2;0;3m  [48;2;3;1;6m[38;2;3;1;6m    [48;2;1;1;3m[38;2;1;1;3m  [48;2;3;1;6m[38;2;3;1;6m  [48;2;108;102;104m[38;2;13;8;9m▊[48;2;203;197;199m[38;2;247;243;245m┃[48;2;191;109;121m[38;2;195;59;89m▆[48;2;71;23;24m[38;2;193;66;93m▄[48;2;211;70;104m[38;2;152;57;75m▝[48;2;56;27;25m[38;2;204;61;95m▖[48;2;2;0;3m[38;2;2;0;3m  [48;2;3;1;4m[38;2;3;1;4m  [48;2;3;1;6m[38;2;3;1;6m      [48;2;1;1;3m[38;2;1;1;3m  [48;2;1;1;1m[38;2;1;1;1m  [0m
[48;2;1;1;1m[38;2;1;1;1m                    [48;2;1;1;3m[38;2;1;1;3m  [48;2;3;1;6m[38;2;3;1;6m          [48;2;1;1;3m[38;2;1;1;3m  [48;2;3;1;4m[38;2;3;1;4m  [48;2;1;1;3m[38;2;1;1;3m  [48;2;2;0;3m[38;2;2;0;3m  [48;2;107;101;103m[38;2;4;0;0m▊[48;2;208;202;204m[38;2;251;247;249m┃[48;2;213;71;97m[38;2;213;71;97m  [48;2;217;87;111m[38;2;213;55;88m┃[48;2;72;45;34m[38;2;202;67;92m▊[48;2;4;2;5m[38;2;4;2;5m  [48;2;3;1;4m[38;2;3;1;4m  [48;2;3;1;6m[38;2;3;1;6m        [48;2;3;1;4m[38;2;3;1;4m  [0m
[48;2;1;1;1m[38;2;1;1;1m                    [48;2;2;2;4m[38;2;2;2;4m  [48;2;3;1;4m[38;2;3;1;4m  [48;2;3;1;6m[38;2;3;1;6m          [48;2;3;1;4m[38;2;3;1;4m    [48;2;16;14;17m[38;2;74;72;75m▁[48;2;14;12;15m[38;2;218;216;218m▄[48;2;53;51;54m[38;2;227;225;228m▄[48;2;244;242;245m[38;2;0;0;0m [48;2;227;161;176m[38;2;245;236;241m▊[48;2;214;101;116m[38;2;206;67;90m┃[48;2;209;108;137m[38;2;243;233;233m▄[48;2;243;237;235m[38;2;0;0;0m [48;2;160;155;159m[38;2;230;225;229m▇[48;2;23;18;22m[38;2;189;185;188m▄[48;2;5;3;8m[38;2;5;3;8m  [48;2;1;1;3m[38;2;1;1;3m  [48;2;3;1;4m[38;2;3;1;4m  [48;2;3;1;6m[38;2;3;1;6m    [48;2;1;1;3m[38;2;1;1;3m  [0m
[48;2;1;1;1m[38;2;1;1;1m                [48;2;2;0;3m[38;2;2;0;3m  [48;2;3;1;4m[38;2;3;1;4m  [48;2;2;0;3m[38;2;2;0;3m  [48;2;1;1;1m[38;2;1;1;1m  [48;2;1;1;3m[38;2;1;1;3m    [48;2;2;0;3m[38;2;2;0;3m  [48;2;3;1;6m[38;2;3;1;6m      [48;2;18;13;17m[38;2;3;0;2m▊[48;2;59;54;58m[38;2;10;5;9m▊[48;2;235;225;225m[38;2;206;103;133m▄[48;2;245;237;236m[38;2;0;0;0m [48;2;250;250;252m[38;2;250;250;252m  [48;2;249;249;251m[38;2;249;249;251m  [48;2;250;250;252m[38;2;250;250;252m    [48;2;85;80;84m[38;2;234;230;234m▊[48;2;3;0;2m[38;2;17;12;16m│[48;2;3;1;4m[38;2;3;1;4m  [48;2;1;1;1m[38;2;1;1;1m  [48;2;2;0;3m[38;2;2;0;3m  [48;2;3;1;6m[38;2;3;1;6m  [48;2;1;1;1m[38;2;1;1;1m  [0m
[48;2;1;1;1m[38;2;1;1;1m            [48;2;1;1;3m[38;2;1;1;3m  [48;2;3;1;6m[38;2;3;1;6m      [48;2;1;1;3m[38;2;1;1;3m  [48;2;1;1;1m[38;2;1;1;1m      [48;2;1;1;3m[38;2;1;1;3m  [48;2;3;1;6m[38;2;3;1;6m      [48;2;4;0;2m[38;2;11;5;9m▎[48;2;24;18;22m[38;2;7;2;5m▌[48;2;209;68;95m[38;2;173;56;75m▁[48;2;227;140;149m[38;2;205;82;103m▊[48;2;248;248;250m[38;2;248;248;250m  [48;2;250;250;252m[38;2;250;250;252m      [48;2;87;85;88m[38;2;239;237;240m▊[48;2;1;0;2m[38;2;10;8;11m│[48;2;2;0;3m[38;2;2;0;3m  [48;2;3;1;6m[38;2;3;1;6m  [48;2;1;1;3m[38;2;1;1;3m  [48;2;1;1;1m[38;2;1;1;1m    [0m
[48;2;1;1;1m[38;2;1;1;1m            [48;2;3;1;6m[38;2;3;1;6m      [48;2;3;1;4m[38;2;3;1;4m  [48;2;1;1;3m[38;2;1;1;3m  [48;2;1;1;1m[38;2;1;1;1m    [48;2;3;1;6m[38;2;3;1;6m  [48;2;1;1;3m[38;2;1;1;3m  [48;2;2;0;3m[38;2;2;0;3m  [48;2;3;1;6m[38;2;3;1;6m  [48;2;3;1;4m[38;2;3;1;4m  [48;2;1;1;3m[38;2;1;1;3m  [48;2;82;80;83m[38;2;10;8;11m▊[48;2;250;249;251m[38;2;205;203;206m▎[48;2;250;250;252m[38;2;250;250;252m        [48;2;89;84;88m[38;2;240;236;240m▊[48;2;3;0;2m[38;2;12;7;11m│[48;2;1;1;1m[38;2;1;1;1m  [48;2;3;1;6m[38;2;3;1;6m    [48;2;1;1;3m[38;2;1;1;3m  [48;2;1;1;1m[38;2;1;1;1m  [0m
[48;2;1;1;1m[38;2;1;1;1m            [48;2;1;1;3m[38;2;1;1;3m  [48;2;3;1;6m[38;2;3;1;6m  [48;2;2;0;3m[38;2;2;0;3m  [48;2;1;1;1m[38;2;1;1;1m  [48;2;3;1;6m[38;2;3;1;6m    [48;2;1;1;1m[38;2;1;1;1m      [48;2;1;1;3m[38;2;1;1;3m  [48;2;3;1;6m[38;2;3;1;6m  [48;2;1;1;3m[38;2;1;1;3m  [48;2;12;10;11m[38;2;4;2;3m┃[48;2;1;0;0m▄[48;2;63;61;64m[38;2;238;236;238m▄[48;2;243;241;243m[38;2;0;0;0m [48;2;250;250;252m[38;2;250;250;252m      [48;2;248;248;250m[38;2;248;248;250m  [48;2;76;71;75m[38;2;218;214;218m▊[48;2;5;1;4m[38;2;17;12;16m│[48;2;1;1;1m[38;2;1;1;1m  [48;2;1;1;3m[38;2;1;1;3m  [48;2;3;1;6m[38;2;3;1;6m    [48;2;1;1;1m[38;2;1;1;1m  [0m
[48;2;1;1;1m[38;2;1;1;1m              [48;2;2;0;3m[38;2;2;0;3m  [48;2;1;1;3m[38;2;1;1;3m    [48;2;3;1;6m[38;2;3;1;6m  [48;2;3;1;4m[38;2;3;1;4m  [48;2;1;1;3m[38;2;1;1;3m  [48;2;1;1;1m[38;2;1;1;1m    [48;2;3;1;6m[38;2;3;1;6m    [48;2;1;1;3m[38;2;1;1;3m  [48;2;11;6;7m[38;2;87;81;83m▁[48;2;107;101;103m[38;2;35;29;31m▊[48;2;236;235;237m[38;2;134;132;135m▁[48;2;245;244;246m[38;2;0;0;0m [48;2;250;250;252m[38;2;250;250;252m      [48;2;255;254;255m[38;2;248;246;249m▄[48;2;90;88;91m[38;2;217;215;218m▊[48;2;3;1;6m[38;2;3;1;6m  [48;2;1;1;3m[38;2;1;1;3m  [48;2;1;1;1m[38;2;1;1;1m  [48;2;2;0;3m[38;2;2;0;3m  [48;2;3;1;6m[38;2;3;1;6m  [48;2;2;0;3m[38;2;2;0;3m  [0m
[48;2;1;1;1m[38;2;1;1;1m                [48;2;3;1;4m[38;2;3;1;4m  [48;2;3;1;6m[38;2;3;1;6m  [48;2;2;0;3m[38;2;2;0;3m  [48;2;3;1;6m[38;2;3;1;6m  [48;2;2;0;3m[38;2;2;0;3m  [48;2;1;1;1m[38;2;1;1;1m    [48;2;3;1;6m[38;2;3;1;6m  [48;2;4;2;5m[38;2;4;2;5m  [48;2;12;9;5m[38;2;147;43;68m▅[48;2;22;19;10m[38;2;159;54;79m▅[48;2;209;74;106m[38;2;107;38;48m▂[48;2;219;189;186m[38;2;182;71;95m▄[48;2;48;43;46m[38;2;210;205;208m▅[48;2;222;217;221m[38;2;88;82;86m▅[48;2;226;221;227m[38;2;67;63;68m▅[48;2;236;232;237m[38;2;26;22;27m▅[48;2;235;231;232m[38;2;28;24;25m▅▅[48;2;233;229;232m[38;2;71;66;70m▅▅[48;2;188;184;187m[38;2;66;61;65m▅[48;2;3;0;2m[38;2;21;16;20m╺[48;2;3;1;4m[38;2;3;1;4m  [48;2;1;1;1m[38;2;1;1;1m      [48;2;1;1;3m[38;2;1;1;3m  [48;2;1;1;1m[38;2;1;1;1m  [0m
[48;2;1;1;1m[38;2;1;1;1m                    [48;2;0;0;0m[38;2;0;0;0m  [48;2;1;1;3m[38;2;1;1;3m  [48;2;1;1;1m[38;2;1;1;1m    [48;2;2;0;3m[38;2;2;0;3m  [48;2;1;1;3m[38;2;1;1;3m  [48;2;3;1;4m[38;2;3;1;4m  [48;2;1;1;3m[38;2;1;1;3m  [48;2;1;0;2m[38;2;19;17;20m╹[48;2;44;42;45m[38;2;165;163;166m▁[48;2;250;248;251m[38;2;232;230;233m▌[38;2;255;254;255m▌[48;2;167;161;165m[38;2;245;240;243m▊[48;2;43;37;41m[38;2;155;149;153m▁[48;2;29;23;27m[38;2;169;163;167m▅[48;2;47;41;45m[38;2;160;154;158m▁[48;2;239;237;240m[38;2;107;105;108m▁[48;2;244;242;245m[38;2;0;0;0m [48;2;229;228;230m [48;2;75;74;76m[38;2;220;219;221m┓[48;2;3;1;6m[38;2;3;1;6m  [48;2;1;1;1m[38;2;1;1;1m          [0m
[48;2;1;1;1m[38;2;1;1;1m                        [48;2;1;1;3m[38;2;1;1;3m  [48;2;3;1;6m[38;2;3;1;6m  [48;2;2;0;3m[38;2;2;0;3m    [48;2;3;1;6m[38;2;3;1;6m  [48;2;1;1;3m[38;2;1;1;3m  [48;2;79;77;80m[38;2;8;6;9m▊[48;2;248;247;249m[38;2;202;200;203m▎[48;2;250;250;252m[38;2;250;250;252m  [48;2;252;252;253m[38;2;244;244;246m┃[48;2;152;152;154m[38;2;243;243;245m▊[48;2;130;125;129m[38;2;16;11;15m▊[48;2;140;135;139m[38;2;243;239;243m▊[48;2;141;136;140m[38;2;21;16;20m▊[48;2;238;233;237m[38;2;254;250;253m┃[48;2;248;248;249m[38;2;0;0;0m [48;2;230;230;232m [48;2;71;67;70m[38;2;222;217;221m┓[48;2;11;6;10m[38;2;0;0;0m [48;2;1;1;1m[38;2;1;1;1m          [0m
[48;2;1;1;1m[38;2;1;1;1m                    [48;2;2;0;3m[38;2;2;0;3m  [48;2;1;1;1m[38;2;1;1;1m  [48;2;3;1;6m[38;2;3;1;6m    [48;2;1;1;3m[38;2;1;1;3m  [48;2;2;0;3m[38;2;2;0;3m  [48;2;1;1;3m[38;2;1;1;3m    [48;2;79;77;80m[38;2;8;6;9m▊[48;2;248;247;249m[38;2;202;200;203m▎[48;2;250;250;252m[38;2;250;250;252m  [48;2;249;249;250m[38;2;0;0;0m [48;2;172;172;174m[38;2;240;240;241m▊[48;2;60;55;59m[38;2;192;187;191m▁[48;2;167;162;166m[38;2;237;233;236m▊[48;2;131;126;130m[38;2;53;48;52m▊[48;2;232;228;232m[38;2;101;96;100m▁[48;2;250;250;252m[38;2;250;250;252m  [48;2;230;228;230m[38;2;0;0;0m [48;2;76;75;77m[38;2;221;219;221m┓[48;2;1;1;1m[38;2;1;1;1m          [0m
[48;2;1;1;1m[38;2;1;1;1m                  [48;2;1;1;3m[38;2;1;1;3m  [48;2;2;0;3m[38;2;2;0;3m  [48;2;1;1;3m[38;2;1;1;3m  [48;2;3;1;6m[38;2;3;1;6m    [48;2;2;0;3m[38;2;2;0;3m  [48;2;1;1;3m[38;2;1;1;3m  [48;2;1;1;1m[38;2;1;1;1m  [48;2;2;2;4m[38;2;2;2;4m  [48;2;34;32;35m[38;2;212;210;213m▁[48;2;248;246;249m[38;2;213;211;214m▎[48;2;250;250;252m[38;2;250;250;252m      [48;2;233;232;234m[38;2;0;0;0m [48;2;77;75;78m[38;2;243;241;244m▅[48;2;250;250;252m[38;2;250;250;252m  [48;2;250;248;251m[38;2;250;248;251m▄[48;2;70;68;71m[38;2;239;237;240m▊[48;2;1;1;1m[38;2;1;1;1m          [0m
[48;2;1;1;1m[38;2;1;1;1m                  [48;2;2;0;3m[38;2;2;0;3m    [48;2;3;1;6m[38;2;3;1;6m      [48;2;1;1;3m[38;2;1;1;3m  [48;2;1;1;1m[38;2;1;1;1m    [48;2;1;0;2m[38;2;13;11;14m│[48;2;78;76;79m[38;2;7;6;8m▊[48;2;249;249;251m[38;2;231;231;233m▌[38;2;255;255;255m▌[48;2;250;250;252m[38;2;250;250;252m    [48;2;242;240;242m[38;2;0;0;0m [48;2;234;232;234m[38;2;62;60;63m▁[48;2;250;250;252m[38;2;250;250;252m    [48;2;238;238;240m[38;2;249;249;250m▊[48;2;231;231;232m[38;2;0;0;0m [48;2;73;71;74m[38;2;220;218;220m┓[48;2;1;0;2m[38;2;3;1;4m▄[48;2;1;1;1m[38;2;1;1;1m        [0m
[48;2;4;2;10m[38;2;23;2;126m▂▂▂▂▂▂▂▂▂▂▂▂▂▂▂▂▂▂[48;2;5;3;12m[38;2;24;2;129m▂▂[48;2;4;2;10m[38;2;23;2;126m▂▂[48;2;5;3;12m[38;2;24;2;129m▂▂▂▂▂▂[48;2;5;3;11m[38;2;24;3;127m▂▂[48;2;4;2;10m[38;2;23;2;126m▂▂▂▂[48;2;6;4;11m[38;2;22;4;125m▂[48;2;28;24;43m[38;2;48;23;175m▁[48;2;255;255;255m[38;2;237;237;239m▌[48;2;253;253;254m[38;2;245;245;247m┃[48;2;250;250;252m[38;2;250;250;252m  [48;2;246;246;247m[38;2;0;0;0m [48;2;183;183;185m[38;2;244;244;245m▊[48;2;173;167;176m[38;2;24;11;66m▅[48;2;41;35;44m[38;2;31;11;132m▂[48;2;240;239;242m[38;2;120;105;194m▂[48;2;244;244;246m[38;2;0;0;0m [48;2;250;250;252m[38;2;250;250;252m    [48;2;85;80;100m[38;2;234;231;236m▊[48;2;5;4;10m[38;2;22;2;123m▂[48;2;4;2;10m[38;2;23;2;126m▂▂▂▂▂▂▂▂[0m
[48;2;38;3;183m[38;2;38;3;183m                                  [48;2;49;11;208m[38;2;38;3;184m▊[48;2;82;54;190m[38;2;35;5;172m▊[48;2;243;243;245m[38;2;239;239;241m▌[48;2;254;254;255m[38;2;250;250;252m▌[48;2;250;250;252m  [48;2;255;254;255m[38;2;246;245;251m▌[48;2;175;174;180m[38;2;246;245;249m▊[48;2;38;3;183m[38;2;38;3;183m  [48;2;44;17;183m[38;2;0;0;0m [48;2;242;234;250m[38;2;81;59;179m▆[48;2;250;250;252m[38;2;250;250;252m    [48;2;233;229;243m[38;2;0;0;0m [48;2;32;18;149m[38;2;178;167;223m▆[48;2;38;3;183m[38;2;38;3;183m        [0m
[48;2;38;3;183m[38;2;38;3;183m                                  [48;2;38;9;177m[38;2;0;0;0m [48;2;60;33;183m[38;2;213;204;236m▂[48;2;247;247;249m[38;2;247;247;249m  [48;2;250;250;252m[38;2;250;250;252m  [48;2;192;184;222m[38;2;248;246;247m▊[48;2;204;199;220m[38;2;50;27;176m▆[48;2;38;3;183m[38;2;38;3;183m  [48;2;41;10;181m[38;2;34;3;174m▄[48;2;135;112;220m[38;2;42;11;186m▊[48;2;229;226;240m[38;2;77;61;180m▁[48;2;244;244;246m[38;2;0;0;0m [48;2;250;250;252m[38;2;250;250;252m  [48;2;253;254;240m[38;2;242;239;253m▌[48;2;61;35;196m[38;2;232;230;236m▊[48;2;38;3;183m[38;2;38;3;183m        [0m
[48;2;38;3;185m[38;2;38;3;185m                                  [48;2;87;66;187m[38;2;37;7;183m▊[48;2;252;251;245m[38;2;203;193;243m▎[48;2;250;250;252m[38;2;250;250;252m  [48;2;246;246;248m[38;2;253;253;254m▅[48;2;244;244;246m[38;2;231;231;233m▗[48;2;220;211;237m[38;2;57;32;182m▂[48;2;39;12;174m[38;2;40;11;178m▄[48;2;38;3;185m[38;2;38;3;185m    [48;2;164;158;184m[38;2;48;20;185m▊[48;2;242;241;235m[38;2;251;245;255m┃[48;2;250;250;252m[38;2;250;250;252m  [48;2;246;245;249m[38;2;235;234;240m╺[48;2;236;235;239m[38;2;0;0;0m [48;2;105;86;186m[38;2;217;207;237m┓[48;2;37;5;182m[38;2;41;9;183m▄[48;2;38;3;185m[38;2;38;3;185m      [0m
[48;2;38;3;185m[38;2;38;3;185m                                  [48;2;86;65;186m[38;2;36;6;182m▊[48;2;251;251;245m[38;2;202;192;242m▎[48;2;250;250;252m[38;2;250;250;252m  [48;2;255;254;255m[38;2;246;245;251m▌[48;2;175;174;180m[38;2;246;245;249m▊[48;2;39;4;182m[38;2;39;4;182m  [48;2;38;3;185m[38;2;38;3;185m    [48;2;46;16;184m[38;2;0;0;0m [48;2;216;204;238m[38;2;78;55;183m▆[48;2;250;250;252m[38;2;250;250;252m    [48;2;56;26;184m[38;2;229;223;242m▊[48;2;36;5;182m[38;2;36;7;161m│[48;2;38;3;185m[38;2;38;3;185m      [0m
[48;2;38;3;185m[38;2;38;3;185m                                  [48;2;70;46;181m[38;2;36;6;175m▊[48;2;226;219;240m[38;2;54;32;176m▂[48;2;248;246;249m[38;2;214;102;120m▃▃[48;2;223;220;221m[38;2;181;71;113m▂[48;2;181;187;218m[38;2;56;17;185m▆[48;2;39;4;184m[38;2;39;4;184m  [48;2;38;3;185m[38;2;38;3;185m    [48;2;36;5;158m[38;2;38;6;189m▊[48;2;175;159;221m[38;2;43;10;179m▊[48;2;250;250;252m[38;2;250;250;252m  [48;2;249;248;247m[38;2;236;239;219m│[48;2;96;77;193m[38;2;236;233;241m▊[48;2;158;140;214m[38;2;42;10;186m▆[48;2;39;7;175m[38;2;33;0;195m▝[48;2;38;3;185m[38;2;38;3;185m      [0m
[48;2;38;3;185m[38;2;38;3;185m                                [48;2;36;0;183m[38;2;36;5;160m▗[48;2;36;4;163m[38;2;36;24;59m▂[48;2;38;17;68m[38;2;200;62;93m▂▂[48;2;214;72;98m[38;2;214;72;98m  [48;2;192;63;89m[38;2;47;23;31m▃[48;2;40;10;127m[38;2;16;8;22m▆[48;2;36;13;142m[38;2;5;3;13m▆▆▆▆[48;2;36;13;140m[38;2;5;3;12m▆▆[48;2;33;12;136m[38;2;5;3;11m▆[48;2;59;38;162m[38;2;12;9;16m▆[48;2;197;188;182m[38;2;58;23;25m▆[48;2;231;212;209m[38;2;206;78;111m▆[48;2;237;210;221m[38;2;212;72;100m▆[48;2;212;100;124m[38;2;0;0;0m [48;2;55;20;187m[38;2;190;62;106m▆[48;2;64;19;142m[38;2;0;0;0m [48;2;36;5;158m[38;2;36;26;58m▁[48;2;36;0;186m[38;2;36;1;182m▄[48;2;38;3;185m[38;2;38;3;185m    [0m
[48;2;38;3;185m[38;2;38;3;185m                                [48;2;37;2;182m[38;2;37;5;163m▝[48;2;37;22;78m[38;2;37;2;183m▆[48;2;148;47;76m[38;2;28;10;82m▆▆[48;2;148;48;74m[38;2;28;10;81m▆▆[48;2;8;3;24m[38;2;39;10;180m▂▂▂▂▂▂[48;2;8;6;11m[38;2;30;5;149m▃▃[48;2;8;3;24m[38;2;39;10;180m▂▂[48;2;22;11;30m[38;2;47;14;183m▂[48;2;138;46;74m[38;2;28;8;82m▆[48;2;160;41;74m[38;2;25;10;81m▆▆[48;2;64;26;46m[38;2;36;12;182m▂[48;2;117;40;47m[38;2;35;12;117m▆[48;2;37;16;109m[38;2;37;3;178m▆[48;2;37;1;184m[38;2;37;3;172m▘[48;2;38;3;185m[38;2;38;3;185m    [0m
[48;2;40;2;185m[38;2;40;2;185m                                                            [0m
[48;2;40;2;185m[38;2;40;2;185m                                                            [0m
