[48;2;1;1;1m[38;2;1;1;1m                                                            [0m
[48;2;1;1;1m[38;2;1;1;1m                                                            [0m
[48;2;1;1;1m[38;2;1;1;1m                                                            [0m
[48;2;1;1;1m[38;2;1;1;1m                                                      [48;2;1;1;3m[38;2;1;1;3m  [48;2;1;1;1m[38;2;1;1;1m    [0m
[48;2;1;1;1m[38;2;1;1;1m                          [48;2;3;1;6m[38;2;3;1;6m  [48;2;1;1;3m[38;2;1;1;3m  [48;2;1;1;1m[38;2;1;1;1m        [48;2;3;1;4m[38;2;3;1;4m  [48;2;22;18;21m[38;2;0;0;0m [48;2;35;31;34m[38;2;225;221;225m▃[48;2;32;31;33m[38;2;243;241;244m▃▃[48;2;30;29;31m[38;2;204;202;205m▃[48;2;1;0;2m[38;2;6;4;7m▄[48;2;1;1;1m[38;2;1;1;1m      [48;2;3;1;4m[38;2;3;1;4m  [48;2;3;1;6m[38;2;3;1;6m  [48;2;2;0;3m[38;2;2;0;3m  [48;2;1;1;1m[38;2;1;1;1m  [0m
[48;2;1;1;1m[38;2;1;1;1m                        [48;2;1;1;3m[38;2;1;1;3m  [48;2;3;1;6m[38;2;3;1;6m    [48;2;2;0;3m[38;2;2;0;3m  [48;2;1;1;3m[38;2;1;1;3m  [48;2;2;0;3m[38;2;2;0;3m    [48;2;1;0;4m[38;2;14;12;17m▌[48;2;79;77;82m[38;2;8;6;11m▊[48;2;158;153;157m[38;2;239;234;238m▇[48;2;224;219;223m[38;2;244;240;244m▊[48;2;244;243;245m[38;2;218;91;112m▄▄[48;2;233;215;217m[38;2;174;65;98m▃[48;2;176;174;170m[38;2;41;35;31m▄[48;2;1;1;1m[38;2;1;1;1m    [48;2;3;1;6m[38;2;3;1;6m      [48;2;1;1;3m[38;2;1;1;3m  [48;2;1;1;1m[38;2;1;1;1m  [0m
[48;2;1;1;1m[38;2;1;1;1m                    [48;2;3;1;6m[38;2;3;1;6m    [48;2;3;1;4m[38;2;3;1;4m  [48;2;3;1;6m[38;2;3;1;6m    [48;2;2;0;3m[38;2;2;0;3m  [48;2;3;1;6m[38;2;3;1;6m    [48;2;1;1;3m[38;2;1;1;3m  [48;2;1;0;4m[38;2;9;7;12m│[48;2;90;88;93m[38;2;13;11;16m▊[48;2;219;187;199m[38;2;244;240;245m┃[48;2;203;73;93m[38;2;199;101;120m▎[48;2;60;23;19m[38;2;184;66;88m▄[48;2;184;66;88m[38;2;217;62;96m▄[48;2;53;21;27m[38;2;191;71;107m▖[48;2;14;6;5m[38;2;0;0;0m [48;2;1;1;3m[38;2;1;1;3m  [48;2;3;1;4m[38;2;3;1;4m  [48;2;3;1;6m[38;2;3;1;6m      [48;2;1;1;3m[38;2;1;1;3m  [48;2;1;1;1m[38;2;1;1;1m  [0m
[48;2;1;1;1m[38;2;1;1;1m                    [48;2;1;1;3m[38;2;1;1;3m  [48;2;3;1;6m[38;2;3;1;6m          [48;2;1;1;3m[38;2;1;1;3m  [48;2;3;1;4m[38;2;3;1;4m  [48;2;1;1;3m[38;2;1;1;3m  [48;2;1;0;2m[38;2;16;14;17m▎[48;2;71;69;72m[38;2;9;7;10m▊[48;2;216;188;196m[38;2;249;251;251m┃[48;2;210;85;104m[38;2;215;61;89m┃[48;2;212;70;96m[38;2;212;70;96m  [48;2;114;40;53m[38;2;211;68;95m▊[48;2;4;5;8m[38;2;31;21;20m▎[48;2;4;2;5m[38;2;4;2;5m  [48;2;3;1;4m[38;2;3;1;4m  [48;2;3;1;6m[38;2;3;1;6m        [48;2;3;1;4m[38;2;3;1;4m  [0m
[48;2;1;1;1m[38;2;1;1;1m                    [48;2;2;2;4m[38;2;2;2;4m  [48;2;3;1;4m[38;2;3;1;4m  [48;2;3;1;6m[38;2;3;1;6m          [48;2;3;1;4m[38;2;3;1;4m    [48;2;24;19;23m[38;2;0;0;0m [48;2;40;35;39m[38;2;225;221;224m▄[48;2;250;246;248m[38;2;232;226;228m▎[48;2;214;208;210m[38;2;244;238;240m▊[48;2;216;83;114m[38;2;0;0;0m [48;2;210;93;119m[38;2;237;232;222m▄[48;2;198;196;199m[38;2;248;246;249m▇▇[48;2;160;155;159m[38;2;230;225;229m▇[48;2;23;18;22m[38;2;189;185;188m▄[48;2;5;3;8m[38;2;5;3;8m  [48;2;1;1;3m[38;2;1;1;3m  [48;2;3;1;4m[38;2;3;1;4m  [48;2;3;1;6m[38;2;3;1;6m    [48;2;1;1;3m[38;2;1;1;3m  [0m
[48;2;1;1;1m[38;2;1;1;1m                [48;2;2;0;3m[38;2;2;0;3m  [48;2;3;1;4m[38;2;3;1;4m  [48;2;2;0;3m[38;2;2;0;3m  [48;2;1;1;1m[38;2;1;1;1m  [48;2;1;1;3m[38;2;1;1;3m    [48;2;2;0;3m[38;2;2;0;3m  [48;2;3;1;6m[38;2;3;1;6m      [48;2;2;0;3m[38;2;10;8;11m│[48;2;99;97;100m[38;2;9;7;10m▊[48;2;246;242;245m[38;2;215;210;214m▎[48;2;250;245;249m[38;2;232;227;231m▂[48;2;250;250;252m[38;2;250;250;252m  [48;2;249;249;251m[38;2;249;249;251m  [48;2;250;250;252m[38;2;250;250;252m    [48;2;85;80;84m[38;2;234;230;234m▊[48;2;3;0;2m[38;2;17;12;16m│[48;2;3;1;4m[38;2;3;1;4m  [48;2;1;1;1m[38;2;1;1;1m  [48;2;2;0;3m[38;2;2;0;3m  [48;2;3;1;6m[38;2;3;1;6m  [48;2;1;1;1m[38;2;1;1;1m  [0m
[48;2;1;1;1m[38;2;1;1;1m            [48;2;1;1;3m[38;2;1;1;3m  [48;2;3;1;6m[38;2;3;1;6m      [48;2;1;1;3m[38;2;1;1;3m  [48;2;1;1;1m[38;2;1;1;1m      [48;2;1;1;3m[38;2;1;1;3m  [48;2;3;1;6m[38;2;3;1;6m      [48;2;8;3;9m[38;2;26;21;27m╸[48;2;41;37;42m[38;2;0;0;0m [48;2;229;200;211m[38;2;242;240;243m┃[48;2;221;113;129m[38;2;205;72;95m┃[48;2;242;227;233m[38;2;203;80;100m▄[48;2;249;234;240m[38;2;208;86;106m▄[48;2;249;249;251m[38;2;249;249;251m  [48;2;250;250;252m[38;2;250;250;252m  [48;2;250;250;251m[38;2;228;228;230m╵[48;2;226;226;228m[38;2;0;0;0m [48;2;179;177;180m[38;2;18;17;19m▄[48;2;1;0;2m[38;2;6;4;7m▄[48;2;2;0;3m[38;2;2;0;3m  [48;2;3;1;6m[38;2;3;1;6m  [48;2;1;1;3m[38;2;1;1;3m  [48;2;1;1;1m[38;2;1;1;1m    [0m
[48;2;1;1;1m[38;2;1;1;1m            [48;2;3;1;6m[38;2;3;1;6m      [48;2;3;1;4m[38;2;3;1;4m  [48;2;1;1;3m[38;2;1;1;3m  [48;2;1;1;1m[38;2;1;1;1m    [48;2;3;1;6m[38;2;3;1;6m  [48;2;1;1;3m[38;2;1;1;3m  [48;2;2;0;3m[38;2;2;0;3m  [48;2;3;1;6m[38;2;3;1;6m  [48;2;3;1;4m[38;2;3;1;4m  [48;2;78;76;79m[38;2;7;5;8m▊[48;2;248;246;248m[38;2;201;199;202m▎[48;2;252;250;252m[38;2;0;0;0m [48;2;230;228;231m[38;2;251;249;251m▄[48;2;200;89;107m[38;2;247;242;247m▄[48;2;218;92;113m[38;2;246;228;234m▅[48;2;250;250;252m[38;2;250;250;252m    [48;2;244;242;245m[38;2;0;0;0m [48;2;95;93;96m[38;2;230;228;231m▊[48;2;1;1;3m[38;2;1;1;3m  [48;2;1;1;1m[38;2;1;1;1m  [48;2;3;1;6m[38;2;3;1;6m    [48;2;1;1;3m[38;2;1;1;3m  [48;2;1;1;1m[38;2;1;1;1m  [0m
[48;2;1;1;1m[38;2;1;1;1m            [48;2;1;1;3m[38;2;1;1;3m  [48;2;3;1;6m[38;2;3;1;6m  [48;2;2;0;3m[38;2;2;0;3m  [48;2;1;1;1m[38;2;1;1;1m  [48;2;3;1;6m[38;2;3;1;6m    [48;2;1;1;1m[38;2;1;1;1m      [48;2;1;1;3m[38;2;1;1;3m  [48;2;3;1;6m[38;2;3;1;6m  [48;2;2;2;4m[38;2;2;2;4m  [48;2;29;28;30m[38;2;139;137;140m▁[48;2;249;247;250m[38;2;210;208;211m▎[48;2;250;250;252m[38;2;250;250;252m        [48;2;111;109;112m[38;2;240;238;240m▊[48;2;1;0;2m[38;2;25;23;26m▎[48;2;1;1;3m[38;2;1;1;3m  [48;2;1;1;1m[38;2;1;1;1m  [48;2;1;1;3m[38;2;1;1;3m  [48;2;3;1;6m[38;2;3;1;6m    [48;2;1;1;1m[38;2;1;1;1m  [0m
[48;2;1;1;1m[38;2;1;1;1m              [48;2;2;0;3m[38;2;2;0;3m  [48;2;1;1;3m[38;2;1;1;3m    [48;2;3;1;6m[38;2;3;1;6m  [48;2;3;1;4m[38;2;3;1;4m  [48;2;1;1;3m[38;2;1;1;3m  [48;2;1;1;1m[38;2;1;1;1m    [48;2;3;1;6m[38;2;3;1;6m    [48;2;23;17;18m[38;2;131;57;82m▁[48;2;37;28;30m[38;2;209;192;198m▅[48;2;241;239;242m[38;2;0;0;0m [48;2;233;231;234m[38;2;100;98;101m▁[48;2;211;207;210m[38;2;34;30;33m▄[48;2;236;232;235m[38;2;118;113;117m▁[48;2;250;250;252m[38;2;250;250;252m    [48;2;247;245;247m[38;2;0;0;0m [48;2;239;238;240m[38;2;117;115;118m▁[48;2;97;95;96m[38;2;214;213;214m▊[48;2;5;3;4m[38;2;22;20;21m▎[48;2;3;1;6m[38;2;3;1;6m  [48;2;1;1;3m[38;2;1;1;3m  [48;2;1;1;1m[38;2;1;1;1m  [48;2;2;0;3m[38;2;2;0;3m  [48;2;3;1;6m[38;2;3;1;6m  [48;2;2;0;3m[38;2;2;0;3m  [0m
[48;2;1;1;1m[38;2;1;1;1m                [48;2;3;1;4m[38;2;3;1;4m  [48;2;3;1;6m[38;2;3;1;6m  [48;2;2;0;3m[38;2;2;0;3m  [48;2;3;1;6m[38;2;3;1;6m  [48;2;2;0;3m[38;2;2;0;3m  [48;2;1;1;1m[38;2;1;1;1m    [48;2;3;1;6m[38;2;3;1;6m  [48;2;5;5;4m[38;2;0;0;0m [48;2;15;6;7m[38;2;80;26;44m▂[48;2;204;74;98m[38;2;0;0;0m [48;2;213;63;93m[38;2;110;42;45m▂[48;2;202;198;199m[38;2;23;19;20m▅[48;2;17;13;14m[38;2;0;0;0m [48;2;31;27;30m[38;2;176;171;175m▁[48;2;47;42;46m[38;2;206;201;205m▅[48;2;225;221;226m[38;2;68;63;69m▅[48;2;235;231;236m[38;2;25;21;26m▅[48;2;235;231;232m[38;2;28;24;25m▅▅[48;2;181;176;180m[38;2;95;90;94m▄[48;2;25;21;24m[38;2;224;219;223m▅[48;2;74;69;73m[38;2;213;208;212m┓[48;2;10;6;9m[38;2;0;0;0m [48;2;3;1;4m[38;2;3;1;4m  [48;2;1;1;1m[38;2;1;1;1m      [48;2;1;1;3m[38;2;1;1;3m  [48;2;1;1;1m[38;2;1;1;1m  [0m
[48;2;1;1;1m[38;2;1;1;1m                    [48;2;0;0;0m[38;2;0;0;0m  [48;2;1;1;3m[38;2;1;1;3m  [48;2;1;1;1m[38;2;1;1;1m    [48;2;2;0;3m[38;2;2;0;3m  [48;2;1;1;3m[38;2;1;1;3m  [48;2;11;6;4m[38;2;0;0;0m [48;2;177;61;98m[38;2;20;6;9m▅▅[48;2;11;6;4m[38;2;0;0;0m [48;2;2;1;3m[38;2;11;9;12m│[48;2;100;98;101m[38;2;9;8;10m▊[48;2;255;254;255m[38;2;237;235;238m▌[48;2;253;251;253m[38;2;245;243;246m┃[48;2;236;234;236m[38;2;0;0;0m [48;2;28;27;29m[38;2;208;206;209m▅[48;2;89;84;88m[38;2;16;12;15m▊[48;2;50;45;49m[38;2;203;198;202m▅[48;2;177;176;178m[38;2;33;31;34m┓[48;2;246;244;246m[38;2;0;0;0m [48;2;229;228;230m [48;2;75;74;76m[38;2;220;219;221m┓[48;2;3;1;6m[38;2;3;1;6m  [48;2;1;1;1m[38;2;1;1;1m          [0m
[48;2;1;1;1m[38;2;1;1;1m                        [48;2;1;1;3m[38;2;1;1;3m  [48;2;3;1;6m[38;2;3;1;6m  [48;2;2;0;3m[38;2;2;0;3m    [48;2;3;1;6m[38;2;3;1;6m  [48;2;1;1;3m[38;2;1;1;3m  [48;2;48;46;49m[38;2;10;9;11m▊[48;2;56;54;57m[38;2;223;222;224m▅[48;2;249;249;251m[38;2;249;249;251m  [48;2;255;255;255m[38;2;247;247;249m▌[48;2;247;247;248m[38;2;206;206;208m▝[48;2;62;56;60m[38;2;212;207;210m▅[48;2;199;194;198m[38;2;50;45;48m▅[48;2;65;61;64m[38;2;204;199;203m▅[48;2;219;215;219m[38;2;58;53;57m▅[48;2;248;248;249m[38;2;0;0;0m [48;2;230;230;232m [48;2;71;67;70m[38;2;222;217;221m┓[48;2;11;6;10m[38;2;0;0;0m [48;2;1;1;1m[38;2;1;1;1m          [0m
[48;2;1;1;1m[38;2;1;1;1m                    [48;2;2;0;3m[38;2;2;0;3m  [48;2;1;1;1m[38;2;1;1;1m  [48;2;3;1;6m[38;2;3;1;6m    [48;2;1;1;3m[38;2;1;1;3m  [48;2;2;0;3m[38;2;2;0;3m  [48;2;1;1;3m[38;2;1;1;3m    [48;2;79;77;80m[38;2;8;6;9m▊[48;2;248;247;249m[38;2;202;200;203m▎[48;2;250;250;252m[38;2;250;250;252m    [48;2;235;233;236m[38;2;0;0;0m [48;2;64;62;65m[38;2;222;220;222m▅[48;2;170;164;168m[38;2;79;73;77m┓[48;2;63;57;61m[38;2;215;210;213m▅[48;2;199;194;198m[38;2;80;76;79m┓[48;2;238;233;237m[38;2;248;244;247m▆[48;2;105;100;104m[38;2;238;234;237m▊[48;2;20;15;19m[38;2;150;145;149m▁[48;2;1;1;1m[38;2;1;1;1m          [0m
[48;2;1;1;1m[38;2;1;1;1m                  [48;2;1;1;3m[38;2;1;1;3m  [48;2;2;0;3m[38;2;2;0;3m  [48;2;1;1;3m[38;2;1;1;3m  [48;2;3;1;6m[38;2;3;1;6m    [48;2;2;0;3m[38;2;2;0;3m  [48;2;1;1;3m[38;2;1;1;3m  [48;2;1;1;1m[38;2;1;1;1m  [48;2;1;1;3m[38;2;1;1;3m  [48;2;79;77;80m[38;2;8;6;9m▊[48;2;248;247;249m[38;2;202;200;203m▎[48;2;250;250;252m[38;2;250;250;252m          [48;2;250;248;251m[38;2;250;248;251m▄[48;2;70;68;71m[38;2;239;237;240m▊[48;2;1;1;1m[38;2;1;1;1m          [0m
[48;2;1;1;1m[38;2;1;1;1m                  [48;2;2;0;3m[38;2;2;0;3m    [48;2;3;1;6m[38;2;3;1;6m      [48;2;1;1;3m[38;2;1;1;3m  [48;2;1;1;1m[38;2;1;1;1m    [48;2;4;2;5m[38;2;4;2;5m  [48;2;25;23;26m[38;2;175;173;176m▂[48;2;243;242;244m[38;2;215;213;216m▎[48;2;250;250;252m[38;2;250;250;252m          [48;2;246;246;247m[38;2;248;248;250m▄[48;2;118;118;120m[38;2;236;236;237m▊[48;2;20;18;21m[38;2;178;176;179m▁[48;2;1;0;2m[38;2;6;4;7m▄[48;2;1;1;1m[38;2;1;1;1m        [0m
[48;2;4;2;10m[38;2;23;2;126m▂▂▂▂▂▂▂▂▂▂▂▂▂▂▂▂▂▂[48;2;5;3;12m[38;2;24;2;129m▂▂[48;2;4;2;10m[38;2;23;2;126m▂▂[48;2;5;3;12m[38;2;24;2;129m▂▂▂▂▂▂[48;2;5;3;11m[38;2;24;3;127m▂▂[48;2;4;2;10m[38;2;23;2;126m▂▂▂▂[48;2;6;4;11m[38;2;22;4;125m▂[48;2;28;24;43m[38;2;48;23;175m▁[48;2;255;255;255m[38;2;237;237;239m▌[48;2;253;253;254m[38;2;245;245;247m┃[48;2;250;250;252m[38;2;250;250;252m  [48;2;241;241;243m[38;2;251;251;252m▅[48;2;251;251;252m[38;2;241;241;243m▃[48;2;217;211;226m[38;2;35;3;174m▁[48;2;213;210;207m[38;2;39;29;82m▅[48;2;231;228;240m[38;2;71;55;158m▁[48;2;245;245;247m[38;2;0;0;0m [48;2;250;250;252m[38;2;250;250;252m    [48;2;85;80;100m[38;2;234;231;236m▊[48;2;5;4;10m[38;2;22;2;123m▂[48;2;4;2;10m[38;2;23;2;126m▂▂▂▂▂▂▂▂[0m
[48;2;38;3;183m[38;2;38;3;183m                                  [48;2;49;11;208m[38;2;38;3;184m▊[48;2;82;54;190m[38;2;35;5;172m▊[48;2;243;243;245m[38;2;239;239;241m▌[48;2;254;254;255m[38;2;250;250;252m▌[48;2;250;250;252m  [48;2;255;254;255m[38;2;246;245;251m▌[48;2;175;174;180m[38;2;246;245;249m▊[48;2;38;3;183m[38;2;38;3;183m  [48;2;103;87;179m[38;2;38;8;184m▊[48;2;238;235;236m[38;2;95;73;196m▂[48;2;250;250;252m[38;2;250;250;252m    [48;2;122;102;215m[38;2;238;235;237m▊[48;2;48;25;180m[38;2;189;176;231m▁[48;2;38;3;183m[38;2;38;3;183m        [0m
[48;2;38;3;183m[38;2;38;3;183m                                  [48;2;37;4;184m[38;2;32;0;164m│[48;2;102;78;190m[38;2;43;8;191m▊[48;2;250;250;251m[38;2;232;232;234m▌[48;2;250;250;252m[38;2;255;255;255m▌[38;2;250;250;252m  [48;2;242;242;242m[38;2;0;0;0m [48;2;221;218;233m[38;2;65;44;185m▂[48;2;39;4;184m[38;2;39;4;184m  [48;2;36;5;158m[38;2;38;6;189m▊[48;2;175;159;221m[38;2;43;10;179m▊[48;2;250;250;252m[38;2;250;250;252m    [48;2;253;254;240m[38;2;242;239;253m▌[48;2;61;35;196m[38;2;232;230;236m▊[48;2;38;3;183m[38;2;38;3;183m        [0m
[48;2;38;3;185m[38;2;38;3;185m                                  [48;2;74;48;185m[38;2;35;5;183m▊[48;2;78;55;173m[38;2;233;227;239m▆[48;2;249;249;251m[38;2;249;249;251m  [48;2;250;250;252m[38;2;250;250;252m  [48;2;184;173;229m[38;2;246;244;245m▊[48;2;30;3;182m[38;2;67;45;172m▎[48;2;38;3;185m[38;2;38;3;185m  [48;2;31;0;174m[38;2;41;6;184m▚[48;2;40;7;183m[38;2;70;35;213m▝[48;2;218;212;234m[38;2;83;62;188m▆[48;2;246;243;245m[38;2;0;0;0m [48;2;250;250;252m[38;2;250;250;252m  [48;2;250;248;250m[38;2;238;241;221m│[48;2;106;87;199m[38;2;232;230;237m▊[48;2;56;27;190m[38;2;195;184;220m▁[48;2;44;11;185m[38;2;32;2;172m┗[48;2;38;3;185m[38;2;38;3;185m      [0m
[48;2;38;3;185m[38;2;38;3;185m                                  [48;2;86;65;186m[38;2;36;6;182m▊[48;2;251;251;245m[38;2;202;192;242m▎[48;2;250;250;252m[38;2;250;250;252m  [48;2;238;237;243m[38;2;251;250;253m▊[48;2;195;194;200m[38;2;244;243;248m▊[48;2;185;173;214m[38;2;43;12;176m▆[48;2;44;10;192m[38;2;0;0;0m [48;2;38;3;185m[38;2;38;3;185m    [48;2;125;114;180m[38;2;41;14;189m▊[48;2;237;234;240m[38;2;95;80;173m▂[48;2;250;250;252m[38;2;250;250;252m    [48;2;56;26;184m[38;2;229;223;242m▊[48;2;36;5;182m[38;2;36;7;161m│[48;2;38;3;185m[38;2;38;3;185m      [0m
[48;2;38;3;185m[38;2;38;3;185m                                  [48;2;70;46;181m[38;2;36;6;175m▊[48;2;226;219;240m[38;2;54;32;176m▂[48;2;248;246;249m[38;2;214;102;120m▃▃[48;2;223;220;221m[38;2;181;71;113m▂[48;2;181;187;218m[38;2;56;17;185m▆[48;2;39;4;184m[38;2;39;4;184m  [48;2;38;3;185m[38;2;38;3;185m    [48;2;36;5;158m[38;2;38;6;189m▊[48;2;175;159;221m[38;2;43;10;179m▊[48;2;250;250;252m[38;2;250;250;252m  [48;2;251;250;253m[38;2;240;239;244m┗[48;2;231;230;234m[38;2;0;0;0m [48;2;93;72;189m[38;2;209;201;229m┛[48;2;37;5;182m[38;2;53;19;205m▖[48;2;38;3;185m[38;2;38;3;185m      [0m
[48;2;38;3;185m[38;2;38;3;185m                                [48;2;36;0;183m[38;2;36;5;160m▗[48;2;36;4;163m[38;2;36;24;59m▂[48;2;38;17;68m[38;2;200;62;93m▂▂[48;2;214;72;98m[38;2;214;72;98m  [48;2;192;63;89m[38;2;47;23;31m▃[48;2;40;10;127m[38;2;16;8;22m▆[48;2;36;13;142m[38;2;5;3;13m▆▆▆▆[48;2;36;13;140m[38;2;5;3;12m▆▆[48;2;33;12;136m[38;2;5;3;11m▆[48;2;59;38;162m[38;2;12;9;16m▆[48;2;197;188;182m[38;2;58;23;25m▆[48;2;231;212;209m[38;2;206;78;111m▆[48;2;237;210;221m[38;2;212;72;100m▆[48;2;212;100;124m[38;2;0;0;0m [48;2;55;20;187m[38;2;190;62;106m▆[48;2;64;19;142m[38;2;0;0;0m [48;2;36;5;158m[38;2;36;26;58m▁[48;2;36;0;186m[38;2;36;1;182m▄[48;2;38;3;185m[38;2;38;3;185m    [0m
[48;2;38;3;185m[38;2;38;3;185m                                [48;2;37;2;182m[38;2;37;5;163m▝[48;2;37;22;78m[38;2;37;2;183m▆[48;2;148;47;76m[38;2;28;10;82m▆▆[48;2;148;48;74m[38;2;28;10;81m▆▆[48;2;8;3;24m[38;2;39;10;180m▂▂▂▂▂▂[48;2;8;6;11m[38;2;30;5;149m▃▃[48;2;8;3;24m[38;2;39;10;180m▂▂[48;2;22;11;30m[38;2;47;14;183m▂[48;2;138;46;74m[38;2;28;8;82m▆[48;2;160;41;74m[38;2;25;10;81m▆▆[48;2;64;26;46m[38;2;36;12;182m▂[48;2;117;40;47m[38;2;35;12;117m▆[48;2;37;16;109m[38;2;37;3;178m▆[48;2;37;1;184m[38;2;37;3;172m▘[48;2;38;3;185m[38;2;38;3;185m    [0m
[48;2;40;2;185m[38;2;40;2;185m                                                            [0m
[48;2;40;2;185m[38;2;40;2;185m                                                            [0m
