[48;2;1;1;1m[38;2;1;1;1m                                                            [0m
[48;2;1;1;1m[38;2;1;1;1m                                                            [0m
[48;2;1;1;1m[38;2;1;1;1m                                                            [0m
[48;2;1;1;1m[38;2;1;1;1m                                        [48;2;2;2;2m[38;2;2;2;2m  [48;2;3;3;3m[38;2;3;3;3m  [48;2;2;2;2m[38;2;2;2;2m  [48;2;1;1;1m[38;2;1;1;1m        [48;2;1;1;3m[38;2;1;1;3m  [48;2;1;1;1m[38;2;1;1;1m    [0m
[48;2;1;1;1m[38;2;1;1;1m                          [48;2;3;1;6m[38;2;3;1;6m  [48;2;1;1;3m[38;2;1;1;3m  [48;2;1;1;1m[38;2;1;1;1m        [48;2;10;8;11m[38;2;3;1;4m▚[48;2;6;4;7m[38;2;1;0;2m▌[48;2;59;54;58m[38;2;233;228;232m▃[48;2;150;145;149m[38;2;240;236;239m▇[48;2;143;141;144m[38;2;245;244;246m▇▇[48;2;129;124;128m[38;2;225;220;224m▇[48;2;37;33;36m[38;2;202;198;201m▃[48;2;1;1;1m[38;2;1;1;1m      [48;2;3;1;4m[38;2;3;1;4m  [48;2;3;1;6m[38;2;3;1;6m  [48;2;2;0;3m[38;2;2;0;3m  [48;2;1;1;1m[38;2;1;1;1m  [0m
[48;2;1;1;1m[38;2;1;1;1m                        [48;2;1;1;3m[38;2;1;1;3m  [48;2;3;1;6m[38;2;3;1;6m    [48;2;2;0;3m[38;2;2;0;3m  [48;2;1;1;3m[38;2;1;1;3m  [48;2;2;0;3m[38;2;2;0;3m    [48;2;1;0;4m[38;2;8;6;11m│[48;2;89;87;92m[38;2;12;10;15m▊[48;2;244;232;232m[38;2;206;210;204m▎[48;2;243;227;230m[38;2;186;89;117m▄[48;2;214;98;122m[38;2;44;18;15m▄[48;2;223;158;164m[38;2;204;64;96m▇[48;2;173;86;113m[38;2;26;8;11m▄[48;2;120;93;100m[38;2;16;10;9m▇[48;2;1;1;1m[38;2;1;1;1m    [48;2;3;1;6m[38;2;3;1;6m      [48;2;1;1;3m[38;2;1;1;3m  [48;2;1;1;1m[38;2;1;1;1m  [0m
[48;2;1;1;1m[38;2;1;1;1m                    [48;2;3;1;6m[38;2;3;1;6m    [48;2;3;1;4m[38;2;3;1;4m  [48;2;3;1;6m[38;2;3;1;6m    [48;2;2;0;3m[38;2;2;0;3m  [48;2;3;1;6m[38;2;3;1;6m    [48;2;1;1;3m[38;2;1;1;3m  [48;2;1;0;4m[38;2;9;7;12m│[48;2;90;88;93m[38;2;13;11;16m▊[48;2;217;188;197m[38;2;244;243;243m┃[48;2;219;66;92m[38;2;207;98;119m▎[48;2;210;70;96m[38;2;210;70;96m▄▄[48;2;100;37;46m[38;2;184;63;82m▊[48;2;24;8;15m[38;2;0;2;3m┃[48;2;1;1;3m[38;2;1;1;3m  [48;2;3;1;4m[38;2;3;1;4m  [48;2;3;1;6m[38;2;3;1;6m      [48;2;1;1;3m[38;2;1;1;3m  [48;2;1;1;1m[38;2;1;1;1m  [0m
[48;2;1;1;1m[38;2;1;1;1m                    [48;2;1;1;3m[38;2;1;1;3m  [48;2;3;1;6m[38;2;3;1;6m          [48;2;1;1;3m[38;2;1;1;3m  [48;2;3;1;4m[38;2;3;1;4m  [48;2;1;0;2m[38;2;37;35;38m▁[38;2;4;2;5m▄[48;2;13;11;14m[38;2;223;221;223m▄[48;2;40;38;41m[38;2;228;227;229m▄[48;2;238;232;229m[38;2;0;0;0m [48;2;208;83;119m[38;2;243;212;217m▄[48;2;227;89;114m[38;2;203;65;90m▊[48;2;239;102;127m[38;2;206;68;93m▊[48;2;164;62;92m[38;2;247;237;237m▄[48;2;28;15;15m[38;2;228;222;220m▄[48;2;15;14;16m[38;2;226;224;226m▄[48;2;13;11;14m[38;2;193;191;194m▄[48;2;4;2;5m[38;2;4;2;5m  [48;2;3;1;6m[38;2;3;1;6m        [48;2;3;1;4m[38;2;3;1;4m  [0m
[48;2;1;1;1m[38;2;1;1;1m                    [48;2;2;2;4m[38;2;2;2;4m  [48;2;3;1;4m[38;2;3;1;4m  [48;2;3;1;6m[38;2;3;1;6m          [48;2;1;0;2m[38;2;14;12;15m▌[48;2;80;78;81m[38;2;10;9;11m▊[48;2;169;167;170m[38;2;241;239;242m▇[48;2;180;178;181m[38;2;250;248;250m▇[48;2;250;250;252m[38;2;250;250;252m  [48;2;253;251;253m[38;2;246;244;247m▃[48;2;244;242;245m[38;2;231;229;232m▝[48;2;200;97;128m[38;2;245;235;235m▄[48;2;249;242;240m[38;2;0;0;0m [48;2;250;250;252m[38;2;250;250;252m  [48;2;249;249;251m[38;2;249;249;251m  [48;2;217;213;216m[38;2;0;0;0m [48;2;21;17;20m[38;2;183;178;182m▄[48;2;1;1;3m[38;2;1;1;3m  [48;2;3;1;4m[38;2;3;1;4m  [48;2;3;1;6m[38;2;3;1;6m    [48;2;1;1;3m[38;2;1;1;3m  [0m
[48;2;1;1;1m[38;2;1;1;1m                [48;2;2;0;3m[38;2;2;0;3m  [48;2;3;1;4m[38;2;3;1;4m  [48;2;2;0;3m[38;2;2;0;3m  [48;2;1;1;1m[38;2;1;1;1m  [48;2;1;1;3m[38;2;1;1;3m    [48;2;2;0;3m[38;2;2;0;3m  [48;2;3;1;6m[38;2;3;1;6m  [48;2;3;0;2m[38;2;12;7;11m▃[48;2;12;7;11m[38;2;23;18;22m▄[48;2;38;37;39m[38;2;224;222;225m▄[48;2;189;187;190m[38;2;243;242;244m▇[48;2;250;250;252m[38;2;250;250;252m          [48;2;247;245;248m[38;2;255;254;255m━━[48;2;255;255;255m[38;2;245;245;247m▌[48;2;219;219;220m[38;2;0;0;0m [48;2;17;15;18m[38;2;190;189;191m▄[48;2;8;7;9m[38;2;38;36;39m▁[48;2;1;1;1m[38;2;1;1;1m  [48;2;2;0;3m[38;2;2;0;3m  [48;2;3;1;6m[38;2;3;1;6m  [48;2;1;1;1m[38;2;1;1;1m  [0m
[48;2;1;1;1m[38;2;1;1;1m            [48;2;1;1;3m[38;2;1;1;3m  [48;2;3;1;6m[38;2;3;1;6m      [48;2;1;1;3m[38;2;1;1;3m  [48;2;1;1;1m[38;2;1;1;1m      [48;2;1;1;3m[38;2;1;1;3m  [48;2;4;2;5m[38;2;4;2;5m  [48;2;201;67;92m[38;2;155;44;61m▁[48;2;201;70;94m[38;2;221;89;113m▌[48;2;227;229;224m[38;2;213;99;133m▄[48;2;248;241;240m[38;2;0;0;0m [48;2;236;232;235m[38;2;161;156;160m▁[48;2;231;227;230m[38;2;48;43;47m▄[48;2;247;247;249m[38;2;247;247;249m  [48;2;250;250;252m[38;2;250;250;252m    [48;2;240;236;233m[38;2;0;0;0m [48;2;238;206;213m[38;2;205;87;122m▄[48;2;218;77;104m[38;2;220;69;100m▌[48;2;230;108;129m[38;2;198;76;97m▚[48;2;240;240;236m[38;2;201;99;129m▄[48;2;239;241;238m[38;2;176;151;155m▁[48;2;244;242;245m[38;2;158;156;159m▁[48;2;58;56;59m[38;2;218;216;218m▊[48;2;3;1;6m[38;2;3;1;6m  [48;2;1;1;3m[38;2;1;1;3m  [48;2;1;1;1m[38;2;1;1;1m    [0m
[48;2;1;1;1m[38;2;1;1;1m            [48;2;3;1;6m[38;2;3;1;6m      [48;2;3;1;4m[38;2;3;1;4m  [48;2;1;1;3m[38;2;1;1;3m  [48;2;1;1;1m[38;2;1;1;1m    [48;2;3;1;6m[38;2;3;1;6m  [48;2;1;1;3m[38;2;1;1;3m  [48;2;2;0;3m[38;2;2;0;3m  [48;2;16;11;15m[38;2;0;0;0m [48;2;216;212;216m[38;2;31;26;30m▅[48;2;225;224;226m[38;2;9;7;10m▄[48;2;205;203;206m[38;2;7;5;8m▄[48;2;8;4;7m[38;2;30;25;29m▎[48;2;101;96;100m[38;2;9;4;8m▊[48;2;255;254;255m[38;2;237;235;238m▌[48;2;253;251;253m[38;2;245;243;246m┃[48;2;250;250;252m[38;2;250;250;252m    [48;2;254;252;254m[38;2;247;245;248m▌[48;2;246;244;247m[38;2;218;216;219m▝[48;2;204;97;128m[38;2;237;224;225m▅[48;2;86;96;88m[38;2;228;225;223m▊[48;2;4;2;5m[38;2;4;2;5m  [48;2;3;3;3m[38;2;3;3;3m  [48;2;3;1;6m[38;2;3;1;6m    [48;2;1;1;3m[38;2;1;1;3m  [48;2;1;1;1m[38;2;1;1;1m  [0m
[48;2;1;1;1m[38;2;1;1;1m            [48;2;1;1;3m[38;2;1;1;3m  [48;2;3;1;6m[38;2;3;1;6m  [48;2;2;0;3m[38;2;2;0;3m  [48;2;1;1;1m[38;2;1;1;1m  [48;2;3;1;6m[38;2;3;1;6m    [48;2;1;1;1m[38;2;1;1;1m      [48;2;1;1;3m[38;2;1;1;3m  [48;2;3;1;6m[38;2;3;1;6m  [48;2;1;1;3m[38;2;1;1;3m  [48;2;2;1;3m[38;2;11;9;12m│[48;2;100;98;101m[38;2;9;8;10m▊[48;2;255;254;255m[38;2;237;235;238m▌[48;2;253;251;253m[38;2;245;243;246m┃[48;2;250;250;252m[38;2;250;250;252m    [48;2;248;248;250m[38;2;248;248;250m  [48;2;98;96;99m[38;2;215;214;216m▊[48;2;4;3;5m[38;2;21;19;22m▎[48;2;1;1;3m[38;2;1;1;3m  [48;2;1;1;1m[38;2;1;1;1m  [48;2;1;1;3m[38;2;1;1;3m  [48;2;3;1;6m[38;2;3;1;6m    [48;2;1;1;1m[38;2;1;1;1m  [0m
[48;2;1;1;1m[38;2;1;1;1m              [48;2;2;0;3m[38;2;2;0;3m  [48;2;1;1;3m[38;2;1;1;3m    [48;2;3;1;6m[38;2;3;1;6m  [48;2;3;1;4m[38;2;3;1;4m  [48;2;1;1;3m[38;2;1;1;3m  [48;2;1;1;1m[38;2;1;1;1m    [48;2;3;1;6m[38;2;3;1;6m      [48;2;4;2;7m[38;2;11;9;14m▚[48;2;7;5;10m[38;2;1;0;4m▌[48;2;230;226;229m[38;2;83;78;82m▅[48;2;238;235;238m[38;2;88;83;87m▁[48;2;244;242;245m[38;2;90;88;91m▁▁[48;2;245;243;246m[38;2;91;89;92m▁▁[48;2;243;241;243m[38;2;101;99;102m▁[48;2;130;128;131m[38;2;222;220;223m▊[48;2;12;11;13m[38;2;123;121;124m▁[48;2;1;0;2m[38;2;20;18;21m [48;2;3;1;6m[38;2;3;1;6m  [48;2;1;1;3m[38;2;1;1;3m  [48;2;1;1;1m[38;2;1;1;1m  [48;2;2;0;3m[38;2;2;0;3m  [48;2;3;1;6m[38;2;3;1;6m  [48;2;2;0;3m[38;2;2;0;3m  [0m
[48;2;1;1;1m[38;2;1;1;1m                [48;2;3;1;4m[38;2;3;1;4m  [48;2;3;1;6m[38;2;3;1;6m  [48;2;2;0;3m[38;2;2;0;3m  [48;2;3;1;6m[38;2;3;1;6m  [48;2;2;0;3m[38;2;2;0;3m  [48;2;1;1;1m[38;2;1;1;1m    [48;2;3;1;6m[38;2;3;1;6m      [48;2;6;5;7m[38;2;30;28;31m▁[48;2;37;35;38m[38;2;153;151;154m▁[48;2;231;229;232m[38;2;0;0;0m [48;2;28;27;29m[38;2;229;227;230m▅[48;2;20;15;19m[38;2;204;200;203m▅[48;2;3;0;2m[38;2;27;22;26m▄[48;2;16;11;15m[38;2;143;138;142m▁[48;2;12;8;11m[38;2;71;66;70m▗[48;2;26;21;25m[38;2;225;221;224m▅[48;2;51;47;50m[38;2;234;230;233m▅[48;2;132;127;131m[38;2;237;233;237m▊[48;2;20;16;19m[38;2;135;130;134m▁[48;2;3;1;4m[38;2;3;1;4m  [48;2;1;1;1m[38;2;1;1;1m      [48;2;1;1;3m[38;2;1;1;3m  [48;2;1;1;1m[38;2;1;1;1m  [0m
[48;2;1;1;1m[38;2;1;1;1m                    [48;2;0;0;0m[38;2;0;0;0m  [48;2;1;1;3m[38;2;1;1;3m  [48;2;1;1;1m[38;2;1;1;1m    [48;2;2;0;3m[38;2;2;0;3m  [48;2;1;1;3m[38;2;1;1;3m  [48;2;3;1;6m[38;2;3;1;6m  [48;2;2;0;3m[38;2;2;0;3m  [48;2;79;77;80m[38;2;8;6;9m▊[48;2;248;247;249m[38;2;202;200;203m▎[48;2;250;250;252m[38;2;250;250;252m  [48;2;166;160;162m[38;2;249;244;246m▊[48;2;41;35;37m[38;2;131;125;127m▂[48;2;144;135;138m[38;2;213;204;207m▊[48;2;111;102;105m[38;2;49;41;43m▊[48;2;239;237;240m[38;2;107;105;108m▁[48;2;244;242;245m[38;2;0;0;0m [48;2;255;254;255m[38;2;245;243;246m│[48;2;124;122;125m[38;2;242;240;243m▊[48;2;12;10;15m[38;2;133;131;136m▁[48;2;1;0;4m[38;2;16;14;19m▄[48;2;1;1;1m[38;2;1;1;1m          [0m
[48;2;1;1;1m[38;2;1;1;1m                        [48;2;1;1;3m[38;2;1;1;3m  [48;2;3;1;6m[38;2;3;1;6m  [48;2;2;0;3m[38;2;2;0;3m    [48;2;3;1;6m[38;2;3;1;6m  [48;2;1;1;3m[38;2;1;1;3m  [48;2;79;77;80m[38;2;8;6;9m▊[48;2;248;247;249m[38;2;202;200;203m▎[48;2;250;250;252m[38;2;250;250;252m  [48;2;249;249;250m[38;2;0;0;0m [48;2;248;248;249m[38;2;210;210;212m▝[48;2;56;50;54m[38;2;215;210;214m▅[48;2;202;196;200m[38;2;94;88;92m▅[48;2;94;88;92m[38;2;187;182;186m┓[48;2;221;215;219m[38;2;72;66;70m▅[48;2;194;192;195m[38;2;76;74;77m┓[48;2;249;247;250m[38;2;239;237;240m━[48;2;86;84;87m[38;2;238;237;239m▊[48;2;1;0;2m[38;2;9;7;10m│[48;2;1;1;1m[38;2;1;1;1m          [0m
[48;2;1;1;1m[38;2;1;1;1m                    [48;2;2;0;3m[38;2;2;0;3m  [48;2;1;1;1m[38;2;1;1;1m  [48;2;3;1;6m[38;2;3;1;6m    [48;2;1;1;3m[38;2;1;1;3m  [48;2;2;0;3m[38;2;2;0;3m  [48;2;1;1;3m[38;2;1;1;3m    [48;2;79;77;80m[38;2;8;6;9m▊[48;2;248;247;249m[38;2;202;200;203m▎[48;2;250;250;252m[38;2;250;250;252m    [48;2;249;249;251m[38;2;233;233;235m╵[48;2;238;238;239m[38;2;0;0;0m [48;2;75;73;76m[38;2;237;235;238m▅[48;2;247;245;247m[38;2;0;0;0m [48;2;250;250;252m[38;2;250;250;252m  [48;2;230;228;230m[38;2;0;0;0m [48;2;76;75;77m[38;2;221;219;221m┓[48;2;1;1;1m[38;2;1;1;1m          [0m
[48;2;1;1;1m[38;2;1;1;1m                  [48;2;1;1;3m[38;2;1;1;3m  [48;2;2;0;3m[38;2;2;0;3m  [48;2;1;1;3m[38;2;1;1;3m  [48;2;3;1;6m[38;2;3;1;6m    [48;2;2;0;3m[38;2;2;0;3m  [48;2;1;1;3m[38;2;1;1;3m  [48;2;1;1;1m[38;2;1;1;1m  [48;2;1;1;3m[38;2;1;1;3m  [48;2;79;77;80m[38;2;8;6;9m▊[48;2;248;247;249m[38;2;202;200;203m▎[48;2;250;250;252m[38;2;250;250;252m          [48;2;250;248;251m[38;2;250;248;251m▄[48;2;70;68;71m[38;2;239;237;240m▊[48;2;1;1;1m[38;2;1;1;1m          [0m
[48;2;1;1;1m[38;2;1;1;1m                  [48;2;2;0;3m[38;2;2;0;3m    [48;2;3;1;6m[38;2;3;1;6m      [48;2;1;1;3m[38;2;1;1;3m  [48;2;1;1;1m[38;2;1;1;1m    [48;2;14;12;15m[38;2;4;3;5m▊[48;2;16;14;17m[38;2;0;0;0m [48;2;59;57;60m[38;2;237;235;237m▅[48;2;243;241;243m[38;2;0;0;0m [48;2;250;250;252m[38;2;250;250;252m    [48;2;178;173;177m[38;2;249;246;249m▊[48;2;219;214;218m[38;2;41;36;40m▅[48;2;231;229;232m[38;2;71;69;72m▁[48;2;245;244;246m[38;2;0;0;0m [48;2;250;250;252m[38;2;250;250;252m  [48;2;246;246;248m[38;2;246;246;248m▄[48;2;79;79;81m[38;2;243;243;245m▊[48;2;1;1;3m[38;2;1;1;3m  [48;2;1;1;1m[38;2;1;1;1m        [0m
[48;2;4;2;10m[38;2;23;2;126m▂▂▂▂▂▂▂▂▂▂▂▂▂▂▂▂▂▂[48;2;5;3;12m[38;2;24;2;129m▂▂[48;2;4;2;10m[38;2;23;2;126m▂▂[48;2;5;3;12m[38;2;24;2;129m▂▂▂▂▂▂[48;2;5;3;11m[38;2;24;3;127m▂▂[48;2;4;2;10m[38;2;23;2;126m▂▂▂▂[48;2;6;4;11m[38;2;22;4;125m▂[48;2;28;24;43m[38;2;48;23;175m▁[48;2;255;255;255m[38;2;237;237;239m▌[48;2;253;253;254m[38;2;245;245;247m┃[48;2;250;250;252m[38;2;250;250;252m  [48;2;246;245;249m[38;2;0;0;0m [48;2;183;182;187m[38;2;244;243;246m▊[48;2;180;174;186m[38;2;21;10;65m▅[48;2;14;9;19m[38;2;37;12;139m▂[48;2;138;133;153m[38;2;18;13;45m▊[48;2;237;235;234m[38;2;246;243;249m▊[48;2;250;250;252m[38;2;250;250;252m  [48;2;248;248;249m[38;2;0;0;0m [48;2;230;230;231m [48;2;45;44;49m[38;2;191;186;204m▅[48;2;9;6;25m[38;2;40;14;165m▁[48;2;4;2;10m[38;2;23;2;126m▂▂▂▂▂▂▂▂[0m
[48;2;38;3;183m[38;2;38;3;183m                                  [48;2;49;11;208m[38;2;38;3;184m▊[48;2;82;54;190m[38;2;35;5;172m▊[48;2;243;243;245m[38;2;239;239;241m▌[48;2;254;254;255m[38;2;250;250;252m▌[48;2;250;250;252m  [48;2;245;243;249m[38;2;0;0;0m [48;2;223;221;229m[38;2;68;50;163m▂[48;2;38;3;183m[38;2;38;3;183m  [48;2;44;17;183m[38;2;0;0;0m [48;2;235;227;243m[38;2;83;60;181m▆[48;2;250;250;252m[38;2;250;250;252m    [48;2;67;44;161m[38;2;241;237;237m▊[48;2;28;0;193m[38;2;43;9;194m▊[48;2;38;3;183m[38;2;38;3;183m        [0m
[48;2;38;3;183m[38;2;38;3;183m                                  [48;2;41;11;186m[38;2;33;4;157m▝[48;2;61;33;188m[38;2;214;207;228m▂[48;2;248;248;250m[38;2;248;248;250m  [48;2;250;250;252m[38;2;250;250;252m  [48;2;184;173;229m[38;2;246;244;245m▊[48;2;30;3;182m[38;2;67;45;172m▎[48;2;38;3;183m[38;2;38;3;183m  [48;2;35;4;157m[38;2;37;5;188m▊[48;2;174;158;220m[38;2;42;9;178m▊[48;2;250;250;252m[38;2;250;250;252m    [48;2;94;71;187m[38;2;243;238;240m▊[48;2;36;5;189m[38;2;36;5;189m▄[48;2;38;3;183m[38;2;38;3;183m        [0m
[48;2;38;3;185m[38;2;38;3;185m                                  [48;2;86;65;186m[38;2;36;6;182m▊[48;2;251;251;245m[38;2;202;192;242m▎[48;2;250;250;252m[38;2;250;250;252m  [48;2;241;241;243m[38;2;251;251;252m▄[48;2;250;250;251m[38;2;240;240;242m▃[48;2;220;211;237m[38;2;57;32;182m▂[48;2;39;12;174m[38;2;40;11;178m▄[48;2;38;3;185m[38;2;38;3;185m  [48;2;39;7;185m[38;2;33;3;161m▃[48;2;134;111;218m[38;2;41;10;185m▊[48;2;241;240;240m[38;2;82;67;187m▂[48;2;246;245;247m[38;2;0;0;0m [48;2;250;250;252m[38;2;250;250;252m  [48;2;127;111;197m[38;2;239;236;237m▊[48;2;47;20;185m[38;2;170;156;228m▂[48;2;38;3;185m[38;2;38;3;185m        [0m
[48;2;38;3;185m[38;2;38;3;185m                                  [48;2;86;65;186m[38;2;36;6;182m▊[48;2;251;251;245m[38;2;202;192;242m▎[48;2;250;250;252m[38;2;250;250;252m  [48;2;255;254;255m[38;2;245;244;250m▌[48;2;174;173;179m[38;2;245;244;249m▊[48;2;39;4;182m[38;2;39;4;182m  [48;2;38;3;185m[38;2;38;3;185m    [48;2;165;159;185m[38;2;49;21;186m▊[48;2;249;245;251m[38;2;240;240;230m▎[48;2;250;250;252m[38;2;250;250;252m  [48;2;253;254;240m[38;2;242;239;253m▌[48;2;61;35;196m[38;2;232;230;236m▊[48;2;38;3;185m[38;2;38;3;185m        [0m
[48;2;38;3;185m[38;2;38;3;185m                                  [48;2;70;46;181m[38;2;36;6;175m▊[48;2;226;219;240m[38;2;54;32;176m▂[48;2;248;246;249m[38;2;214;102;120m▃▃[48;2;223;220;221m[38;2;181;71;113m▂[48;2;181;187;218m[38;2;56;17;185m▆[48;2;39;4;184m[38;2;39;4;184m  [48;2;38;3;185m[38;2;38;3;185m    [48;2;124;112;181m[38;2;40;14;190m▊[48;2;236;233;241m[38;2;94;79;174m▂[48;2;250;250;252m[38;2;250;250;252m  [48;2;253;254;241m[38;2;249;246;255m▌[48;2;52;26;188m[38;2;229;226;234m▊[48;2;38;3;185m[38;2;38;3;185m        [0m
[48;2;38;3;185m[38;2;38;3;185m                                [48;2;36;0;183m[38;2;36;5;160m▗[48;2;36;4;163m[38;2;36;24;59m▂[48;2;38;17;68m[38;2;200;62;93m▂▂[48;2;214;72;98m[38;2;214;72;98m  [48;2;192;63;89m[38;2;47;23;31m▃[48;2;40;10;127m[38;2;16;8;22m▆[48;2;36;13;142m[38;2;5;3;13m▆▆▆▆[48;2;36;13;140m[38;2;5;3;12m▆▆[48;2;45;13;162m[38;2;13;4;15m▆[48;2;75;46;170m[38;2;30;21;30m▇[48;2;216;117;135m[38;2;62;26;25m▂[48;2;219;211;200m[38;2;215;75;106m▆[48;2;248;205;224m[38;2;216;77;107m▆[48;2;184;163;174m[38;2;179;65;85m▆[48;2;49;17;90m[38;2;166;65;63m▁[48;2;38;6;170m[38;2;20;11;24m▂[48;2;36;5;158m[38;2;36;26;58m▁[48;2;36;0;186m[38;2;36;1;182m▄[48;2;38;3;185m[38;2;38;3;185m    [0m
[48;2;38;3;185m[38;2;38;3;185m                                [48;2;37;2;182m[38;2;37;5;163m▝[48;2;37;22;78m[38;2;37;2;183m▆[48;2;148;47;76m[38;2;28;10;82m▆▆[48;2;148;48;74m[38;2;28;10;81m▆▆[48;2;8;3;24m[38;2;39;10;180m▂▂▂▂▂▂[48;2;8;6;11m[38;2;30;5;149m▃▃[48;2;8;3;24m[38;2;39;10;180m▂▂[48;2;22;11;30m[38;2;47;14;183m▂[48;2;138;46;74m[38;2;28;8;82m▆[48;2;160;41;74m[38;2;25;10;81m▆▆[48;2;117;34;46m[38;2;26;11;87m▆[48;2;18;12;41m[38;2;26;3;157m▃[48;2;37;16;109m[38;2;37;3;178m▆[48;2;37;1;184m[38;2;37;3;172m▘[48;2;38;3;185m[38;2;38;3;185m    [0m
[48;2;40;2;185m[38;2;40;2;185m                                                            [0m
[48;2;40;2;185m[38;2;40;2;185m                                                            [0m
