[48;2;1;1;1m[38;2;1;1;1m                                                            [0m
[48;2;1;1;1m[38;2;1;1;1m                                                            [0m
[48;2;1;1;1m[38;2;1;1;1m                                                            [0m
[48;2;1;1;1m[38;2;1;1;1m                                                      [48;2;1;1;3m[38;2;1;1;3m  [48;2;1;1;1m[38;2;1;1;1m    [0m
[48;2;1;1;1m[38;2;1;1;1m                          [48;2;3;1;6m[38;2;3;1;6m  [48;2;1;1;3m[38;2;1;1;3m  [48;2;1;1;1m[38;2;1;1;1m        [48;2;11;9;12m[38;2;4;2;5m▚[48;2;7;5;8m[38;2;1;0;2m▌[48;2;9;7;10m[38;2;212;211;213m▄▄[48;2;30;26;29m[38;2;235;231;234m▃[48;2;29;25;28m[38;2;218;214;217m▃[48;2;3;3;5m[38;2;3;3;5m  [48;2;1;1;1m[38;2;1;1;1m      [48;2;3;1;4m[38;2;3;1;4m  [48;2;3;1;6m[38;2;3;1;6m  [48;2;2;0;3m[38;2;2;0;3m  [48;2;1;1;1m[38;2;1;1;1m  [0m
[48;2;1;1;1m[38;2;1;1;1m                        [48;2;1;1;3m[38;2;1;1;3m  [48;2;3;1;6m[38;2;3;1;6m    [48;2;2;0;3m[38;2;2;0;3m  [48;2;1;1;3m[38;2;1;1;3m  [48;2;2;0;3m[38;2;2;0;3m    [48;2;86;84;87m[38;2;7;6;8m▊[48;2;154;152;155m[38;2;235;233;236m▇[48;2;244;236;235m[38;2;0;0;0m [48;2;248;240;239m[38;2;200;97;127m▄[48;2;244;226;232m[38;2;196;69;90m▃[48;2;235;216;223m[38;2;184;58;79m▃[48;2;71;66;70m[38;2;202;198;201m▘[48;2;11;7;10m[38;2;0;0;0m [48;2;1;1;1m[38;2;1;1;1m    [48;2;3;1;6m[38;2;3;1;6m      [48;2;1;1;3m[38;2;1;1;3m  [48;2;1;1;1m[38;2;1;1;1m  [0m
[48;2;1;1;1m[38;2;1;1;1m                    [48;2;3;1;6m[38;2;3;1;6m    [48;2;3;1;4m[38;2;3;1;4m  [48;2;3;1;6m[38;2;3;1;6m    [48;2;2;0;3m[38;2;2;0;3m  [48;2;3;1;6m[38;2;3;1;6m    [48;2;1;1;3m[38;2;1;1;3m  [48;2;107;98;103m[38;2;13;5;9m▊[48;2;202;193;198m[38;2;247;241;245m┃[48;2;200;106;122m[38;2;204;56;90m▆[48;2;63;28;25m[38;2;186;70;94m▄[48;2;162;52;73m[38;2;205;62;94m▊[48;2;36;19;12m[38;2;166;58;79m▄[48;2;1;1;3m[38;2;1;1;3m    [48;2;3;1;4m[38;2;3;1;4m  [48;2;3;1;6m[38;2;3;1;6m      [48;2;1;1;3m[38;2;1;1;3m  [48;2;1;1;1m[38;2;1;1;1m  [0m
[48;2;1;1;1m[38;2;1;1;1m                    [48;2;1;1;3m[38;2;1;1;3m  [48;2;3;1;6m[38;2;3;1;6m          [48;2;1;1;3m[38;2;1;1;3m  [48;2;3;1;4m[38;2;3;1;4m  [48;2;1;1;3m[38;2;1;1;3m  [48;2;109;100;103m[38;2;14;6;8m▊[48;2;204;195;198m[38;2;248;242;245m┃[48;2;215;73;99m[38;2;215;73;99m  [48;2;219;72;101m[38;2;189;49;76m│[48;2;137;41;53m[38;2;202;71;95m▊[48;2;2;2;2m[38;2;12;12;12m▃▃[48;2;4;2;5m[38;2;4;2;5m  [48;2;3;1;4m[38;2;3;1;4m  [48;2;3;1;6m[38;2;3;1;6m        [48;2;3;1;4m[38;2;3;1;4m  [0m
[48;2;1;1;1m[38;2;1;1;1m                    [48;2;2;2;4m[38;2;2;2;4m  [48;2;3;1;4m[38;2;3;1;4m  [48;2;3;1;6m[38;2;3;1;6m            [48;2;20;18;21m[38;2;0;0;0m [48;2;35;34;36m[38;2;221;219;222m▄[48;2;215;215;217m[38;2;244;244;246m▆[48;2;248;248;250m[38;2;239;239;241m▁[48;2;229;167;182m[38;2;246;241;246m▊[48;2;215;106;122m[38;2;207;72;96m┃[48;2;199;97;127m[38;2;244;232;232m▄[48;2;248;241;240m[38;2;0;0;0m [48;2;255;254;255m[38;2;242;240;243m▄▄[48;2;150;145;149m[38;2;230;226;230m▇[48;2;21;16;20m[38;2;192;187;191m▄[48;2;4;2;5m[38;2;4;2;5m  [48;2;1;1;3m[38;2;1;1;3m  [48;2;3;1;4m[38;2;3;1;4m  [48;2;3;1;6m[38;2;3;1;6m    [48;2;1;1;3m[38;2;1;1;3m  [0m
[48;2;1;1;1m[38;2;1;1;1m                [48;2;2;0;3m[38;2;2;0;3m  [48;2;3;1;4m[38;2;3;1;4m  [48;2;2;0;3m[38;2;2;0;3m  [48;2;1;1;1m[38;2;1;1;1m  [48;2;1;1;3m[38;2;1;1;3m    [48;2;2;0;3m[38;2;2;0;3m  [48;2;3;1;6m[38;2;3;1;6m  [48;2;16;4;5m[38;2;0;0;0m [48;2;22;8;9m[38;2;173;66;98m▄[48;2;30;10;11m[38;2;181;66;100m▄[48;2;90;66;70m[38;2;17;10;9m▊[48;2;243;243;245m[38;2;215;215;217m▘[48;2;244;244;246m[38;2;252;252;253m▌[48;2;250;250;252m[38;2;250;250;252m  [48;2;249;249;251m[38;2;249;249;251m  [48;2;250;250;252m[38;2;250;250;252m      [48;2;88;83;87m[38;2;234;230;234m▊[48;2;3;0;2m[38;2;21;16;20m▁[48;2;2;2;4m[38;2;2;2;4m  [48;2;1;1;1m[38;2;1;1;1m  [48;2;2;0;3m[38;2;2;0;3m  [48;2;3;1;6m[38;2;3;1;6m  [48;2;1;1;1m[38;2;1;1;1m  [0m
[48;2;1;1;1m[38;2;1;1;1m            [48;2;1;1;3m[38;2;1;1;3m  [48;2;3;1;6m[38;2;3;1;6m      [48;2;1;1;3m[38;2;1;1;3m  [48;2;1;1;1m[38;2;1;1;1m      [48;2;1;1;3m[38;2;1;1;3m  [48;2;3;1;6m[38;2;3;1;6m  [48;2;12;4;4m[38;2;0;0;0m [48;2;168;66;96m[38;2;18;8;8m▄[48;2;195;77;95m[38;2;203;85;103m▄[48;2;54;40;47m[38;2;242;229;235m▄[48;2;248;248;250m[38;2;248;248;250m  [48;2;250;250;252m[38;2;250;250;252m          [48;2;248;247;249m[38;2;248;247;249m▄[48;2;68;66;69m[38;2;237;235;238m▊[48;2;2;0;3m[38;2;2;0;3m  [48;2;3;1;6m[38;2;3;1;6m  [48;2;1;1;3m[38;2;1;1;3m  [48;2;1;1;1m[38;2;1;1;1m    [0m
[48;2;1;1;1m[38;2;1;1;1m            [48;2;3;1;6m[38;2;3;1;6m      [48;2;3;1;4m[38;2;3;1;4m  [48;2;1;1;3m[38;2;1;1;3m  [48;2;1;1;1m[38;2;1;1;1m    [48;2;3;1;6m[38;2;3;1;6m  [48;2;1;1;3m[38;2;1;1;3m  [48;2;2;0;3m[38;2;2;0;3m  [48;2;1;0;4m[38;2;7;5;10m│[48;2;66;64;69m[38;2;8;6;11m▊[48;2;255;255;255m[38;2;236;236;238m▌[48;2;252;252;253m[38;2;244;244;246m┃[48;2;250;250;252m[38;2;250;250;252m          [48;2;251;249;251m[38;2;232;230;233m▂▂[48;2;246;246;248m[38;2;246;246;248m▄[48;2;79;79;81m[38;2;243;243;245m▊[48;2;1;1;1m[38;2;1;1;1m  [48;2;3;1;6m[38;2;3;1;6m    [48;2;1;1;3m[38;2;1;1;3m  [48;2;1;1;1m[38;2;1;1;1m  [0m
[48;2;1;1;1m[38;2;1;1;1m            [48;2;1;1;3m[38;2;1;1;3m  [48;2;3;1;6m[38;2;3;1;6m  [48;2;2;0;3m[38;2;2;0;3m  [48;2;1;1;1m[38;2;1;1;1m  [48;2;3;1;6m[38;2;3;1;6m    [48;2;1;1;1m[38;2;1;1;1m      [48;2;1;1;3m[38;2;1;1;3m  [48;2;1;0;4m[38;2;7;5;10m▂[48;2;8;6;11m[38;2;21;19;24m▝[48;2;233;228;232m[38;2;45;40;44m▅[48;2;238;234;237m[38;2;114;109;113m▁[48;2;244;244;245m[38;2;135;135;137m▁[48;2;245;245;246m[38;2;0;0;0m [48;2;250;250;252m[38;2;250;250;252m      [48;2;247;242;246m[38;2;254;250;253m▎[48;2;248;245;248m[38;2;215;210;214m▗[48;2;236;186;188m[38;2;212;69;101m▄[48;2;216;135;147m[38;2;205;68;98m▌[48;2;222;220;223m[38;2;101;99;102m▁[48;2;191;189;192m[38;2;23;21;24m▅[48;2;1;1;1m[38;2;1;1;1m  [48;2;1;1;3m[38;2;1;1;3m  [48;2;3;1;6m[38;2;3;1;6m    [48;2;1;1;1m[38;2;1;1;1m  [0m
[48;2;1;1;1m[38;2;1;1;1m              [48;2;2;0;3m[38;2;2;0;3m  [48;2;1;1;3m[38;2;1;1;3m    [48;2;3;1;6m[38;2;3;1;6m  [48;2;3;1;4m[38;2;3;1;4m  [48;2;1;1;3m[38;2;1;1;3m  [48;2;1;1;1m[38;2;1;1;1m    [48;2;3;1;6m[38;2;3;1;6m      [48;2;62;57;61m[38;2;10;6;9m▊[48;2;233;229;232m[38;2;133;128;132m▁[48;2;250;250;252m[38;2;250;250;252m      [48;2;184;178;182m[38;2;245;241;244m▊[48;2;220;214;218m[38;2;29;23;27m▅[48;2;214;63;100m[38;2;42;25;20m▅[48;2;194;58;91m[38;2;90;45;47m▁[48;2;53;19;29m[38;2;162;60;92m▖[48;2;8;3;2m[38;2;0;0;0m [48;2;1;1;3m[38;2;1;1;3m  [48;2;1;1;1m[38;2;1;1;1m  [48;2;2;0;3m[38;2;2;0;3m  [48;2;3;1;6m[38;2;3;1;6m  [48;2;2;0;3m[38;2;2;0;3m  [0m
[48;2;1;1;1m[38;2;1;1;1m                [48;2;3;1;4m[38;2;3;1;4m  [48;2;3;1;6m[38;2;3;1;6m  [48;2;2;0;3m[38;2;2;0;3m  [48;2;3;1;6m[38;2;3;1;6m  [48;2;2;0;3m[38;2;2;0;3m  [48;2;1;1;1m[38;2;1;1;1m    [48;2;3;1;6m[38;2;3;1;6m    [48;2;4;2;7m[38;2;4;2;7m  [48;2;30;25;29m[38;2;164;159;163m▁[48;2;39;35;38m[38;2;208;204;207m▅[48;2;228;224;227m[38;2;72;67;71m▅[48;2;231;227;231m[38;2;69;64;68m▅[48;2;230;228;231m[38;2;27;26;28m▅▅[48;2;237;232;236m[38;2;34;30;33m▅[48;2;227;223;226m[38;2;73;69;72m▅[48;2;197;192;196m[38;2;96;91;94m▅[48;2;31;26;29m[38;2;203;198;202m▅[48;2;13;11;14m[38;2;124;122;125m▁[48;2;1;0;2m[38;2;21;19;22m [48;2;3;1;4m[38;2;3;1;4m  [48;2;1;1;1m[38;2;1;1;1m      [48;2;1;1;3m[38;2;1;1;3m  [48;2;1;1;1m[38;2;1;1;1m  [0m
[48;2;1;1;1m[38;2;1;1;1m                    [48;2;0;0;0m[38;2;0;0;0m  [48;2;1;1;3m[38;2;1;1;3m  [48;2;1;1;1m[38;2;1;1;1m    [48;2;2;0;3m[38;2;2;0;3m  [48;2;1;1;3m[38;2;1;1;3m  [48;2;3;1;6m[38;2;3;1;6m  [48;2;1;0;2m[38;2;13;11;14m│[48;2;78;76;79m[38;2;7;6;8m▊[48;2;255;255;255m[38;2;237;237;239m▌[48;2;253;253;254m[38;2;245;245;247m┃[48;2;255;255;255m▌[48;2;174;174;176m▊[48;2;62;56;60m[38;2;30;25;28m▊[48;2;31;25;29m[38;2;203;197;201m▅[48;2;136;131;135m[38;2;45;40;44m▊[48;2;240;236;240m[38;2;128;123;127m▂[48;2;219;215;218m[38;2;108;103;107m▁[48;2;231;226;230m[38;2;103;98;102m▅[48;2;134;129;133m[38;2;239;235;238m▊[48;2;22;17;21m[38;2;137;132;136m▁[48;2;3;1;6m[38;2;3;1;6m  [48;2;1;1;1m[38;2;1;1;1m          [0m
[48;2;1;1;1m[38;2;1;1;1m                        [48;2;1;1;3m[38;2;1;1;3m  [48;2;3;1;6m[38;2;3;1;6m  [48;2;2;0;3m[38;2;2;0;3m    [48;2;3;1;6m[38;2;3;1;6m  [48;2;1;0;0m[38;2;12;10;11m│[48;2;77;75;76m[38;2;7;5;6m▊[48;2;243;243;245m[38;2;239;239;241m▌[48;2;254;254;255m[38;2;250;250;252m▌[48;2;250;250;251m[38;2;0;0;0m [48;2;249;249;250m[38;2;211;211;213m▝[48;2;58;53;56m[38;2;217;212;215m▅[48;2;225;219;223m[38;2;94;88;92m▅[48;2;221;216;220m[38;2;54;49;53m▁[48;2;44;40;43m[38;2;196;191;195m▅[48;2;61;59;62m[38;2;239;238;240m▅[48;2;245;243;246m[38;2;0;0;0m [48;2;250;248;250m[38;2;250;248;250m▄[48;2;84;82;85m[38;2;247;245;248m▊[48;2;2;0;5m[38;2;2;0;5m  [48;2;1;1;1m[38;2;1;1;1m          [0m
[48;2;1;1;1m[38;2;1;1;1m                    [48;2;2;0;3m[38;2;2;0;3m  [48;2;1;1;1m[38;2;1;1;1m  [48;2;3;1;6m[38;2;3;1;6m    [48;2;1;1;3m[38;2;1;1;3m  [48;2;2;0;3m[38;2;2;0;3m  [48;2;1;1;3m[38;2;1;1;3m  [48;2;10;7;7m[38;2;0;0;0m [48;2;36;33;33m[38;2;174;170;171m▁[48;2;243;243;245m[38;2;239;239;241m▌[48;2;254;254;255m[38;2;250;250;252m▌[48;2;250;250;252m  [48;2;249;249;251m[38;2;233;233;235m╵[48;2;238;238;239m[38;2;0;0;0m [48;2;36;34;37m[38;2;238;236;239m▅[48;2;60;58;61m[38;2;240;238;241m▅[48;2;249;249;251m[38;2;249;249;251m  [48;2;252;251;252m[38;2;239;237;240m│[48;2;125;123;126m[38;2;242;240;243m▊[48;2;12;11;13m[38;2;152;150;153m▁[48;2;6;4;7m[38;2;0;0;0m [48;2;1;1;1m[38;2;1;1;1m          [0m
[48;2;1;1;1m[38;2;1;1;1m                  [48;2;1;1;3m[38;2;1;1;3m  [48;2;2;0;3m[38;2;2;0;3m  [48;2;1;1;3m[38;2;1;1;3m  [48;2;3;1;6m[38;2;3;1;6m    [48;2;2;0;3m[38;2;2;0;3m  [48;2;1;1;3m[38;2;1;1;3m  [48;2;1;1;1m[38;2;1;1;1m  [48;2;67;65;66m[38;2;7;5;6m▊[48;2;250;248;249m[38;2;191;189;190m▎[48;2;250;250;252m[38;2;250;250;252m    [48;2;241;241;243m[38;2;251;251;252m▅[48;2;251;251;252m[38;2;241;241;243m▃[48;2;233;231;234m[38;2;78;76;79m▁[48;2;247;246;248m[38;2;0;0;0m [48;2;250;250;252m[38;2;250;250;252m    [48;2;87;85;88m[38;2;239;237;240m▊[48;2;1;0;2m[38;2;10;8;11m│[48;2;1;1;1m[38;2;1;1;1m          [0m
[48;2;1;1;1m[38;2;1;1;1m                  [48;2;2;0;3m[38;2;2;0;3m    [48;2;3;1;6m[38;2;3;1;6m      [48;2;1;1;3m[38;2;1;1;3m  [48;2;1;1;1m[38;2;1;1;1m    [48;2;67;65;68m[38;2;7;5;8m▊[48;2;250;248;251m[38;2;191;189;192m▎[48;2;250;250;252m[38;2;250;250;252m    [48;2;255;254;255m[38;2;239;237;242m▄[48;2;202;200;204m[38;2;31;29;34m▁[48;2;127;125;128m[38;2;19;17;20m▊[48;2;250;249;251m[38;2;222;220;223m▎[48;2;250;250;252m[38;2;250;250;252m    [48;2;87;85;88m[38;2;239;237;240m▊[48;2;1;0;2m[38;2;10;8;11m│[48;2;1;1;3m[38;2;1;1;3m  [48;2;1;1;1m[38;2;1;1;1m        [0m
[48;2;4;2;10m[38;2;23;2;126m▂▂▂▂▂▂▂▂▂▂▂▂▂▂▂▂▂▂[48;2;5;3;12m[38;2;24;2;129m▂▂[48;2;4;2;10m[38;2;23;2;126m▂▂[48;2;5;3;12m[38;2;24;2;129m▂▂▂▂▂▂[48;2;5;3;11m[38;2;24;3;127m▂▂[48;2;4;2;10m[38;2;23;2;126m▂▂▂▂[48;2;24;20;27m[38;2;42;20;129m▂[48;2;253;250;249m[38;2;195;188;203m▎[48;2;250;250;252m[38;2;250;250;252m    [48;2;165;158;174m[38;2;249;245;244m▊[48;2;16;12;16m[38;2;24;8;120m▂[48;2;112;107;127m[38;2;12;7;39m▊[48;2;251;249;249m[38;2;235;231;242m▎[48;2;250;250;252m[38;2;250;250;252m    [48;2;91;83;104m[38;2;238;233;238m▊[48;2;10;6;13m[38;2;21;1;120m▂[48;2;4;2;10m[38;2;23;2;126m▂▂▂▂▂▂▂▂▂▂[0m
[48;2;38;3;183m[38;2;38;3;183m                                  [48;2;88;64;186m[38;2;38;5;182m▊[48;2;252;250;245m[38;2;204;192;242m▎[48;2;250;250;252m[38;2;250;250;252m    [48;2;184;173;229m[38;2;246;244;245m▊[48;2;30;3;182m[38;2;67;45;172m▎[48;2;42;14;184m[38;2;55;22;199m╴[48;2;240;234;243m[38;2;73;49;179m▆[48;2;250;250;252m[38;2;250;250;252m    [48;2;131;112;220m[38;2;238;236;234m▊[48;2;38;12;180m[38;2;174;162;222m▂[48;2;38;3;183m[38;2;38;3;183m          [0m
[48;2;38;3;183m[38;2;38;3;183m                                  [48;2;87;66;187m[38;2;37;7;183m▊[48;2;252;251;245m[38;2;203;193;243m▎[48;2;250;250;252m[38;2;250;250;252m    [48;2;184;173;229m[38;2;246;244;245m▊[48;2;30;3;182m[38;2;67;45;172m▎[48;2;33;1;160m[38;2;43;10;192m┃[48;2;142;122;207m[38;2;40;5;188m▊[48;2;249;249;251m[38;2;249;249;251m  [48;2;250;250;252m[38;2;250;250;252m  [48;2;248;247;250m[38;2;248;247;250m▄[48;2;82;67;162m[38;2;246;245;242m▊[48;2;38;3;185m[38;2;38;3;185m  [48;2;38;3;183m[38;2;38;3;183m        [0m
[48;2;38;3;185m[38;2;38;3;185m                                  [48;2;37;7;174m[38;2;43;6;198m▘[48;2;213;202;233m[38;2;60;30;187m▆[48;2;247;247;249m[38;2;247;247;249m  [48;2;241;241;243m[38;2;251;251;252m▄[48;2;250;250;251m[38;2;240;240;242m▃[48;2;220;211;237m[38;2;57;32;182m▂[48;2;39;12;174m[38;2;40;11;178m▄[48;2;33;1;160m[38;2;43;10;192m┃[48;2;142;122;207m[38;2;40;5;188m▊[48;2;249;249;251m[38;2;249;249;251m  [48;2;250;250;252m[38;2;250;250;252m  [48;2;248;247;250m[38;2;248;247;250m▄[48;2;82;67;162m[38;2;246;245;242m▊[48;2;38;3;185m[38;2;38;3;185m          [0m
[48;2;38;3;185m[38;2;38;3;185m                                  [48;2;35;1;176m[38;2;43;9;184m┃[48;2;60;26;201m[38;2;29;0;170m▌[48;2;250;250;251m[38;2;232;232;234m▌[48;2;250;250;252m[38;2;255;255;255m▌[48;2;255;254;255m[38;2;245;244;250m▌[48;2;174;173;179m[38;2;245;244;249m▊[48;2;40;5;183m[38;2;40;5;183m  [48;2;39;6;186m[38;2;28;2;160m│[48;2;113;89;201m[38;2;40;8;188m▊[48;2;238;238;237m[38;2;75;60;180m▂[48;2;245;244;247m[38;2;0;0;0m [48;2;250;250;252m[38;2;250;250;252m  [48;2;236;233;240m[38;2;0;0;0m [48;2;193;188;221m[38;2;51;32;168m▂[48;2;38;3;185m[38;2;38;3;185m          [0m
[48;2;38;3;185m[38;2;38;3;185m                                  [48;2;32;0;173m[38;2;41;7;182m▌[48;2;56;22;197m[38;2;38;4;179m▌[48;2;241;230;230m[38;2;203;84;119m▂▂[48;2;240;224;227m[38;2;191;88;99m▂[48;2;226;191;212m[38;2;195;73;101m▆[48;2;39;5;180m[38;2;39;5;180m  [48;2;38;3;185m[38;2;38;3;185m  [48;2;126;96;169m[38;2;41;6;184m▊[48;2;232;228;225m[38;2;218;89;127m▂[48;2;244;233;235m[38;2;188;71;109m▂▂[48;2;108;86;196m[38;2;228;222;236m┛[48;2;36;8;173m[38;2;38;6;198m┃[48;2;38;3;185m[38;2;38;3;185m          [0m
[48;2;38;3;185m[38;2;38;3;185m                                [48;2;35;1;183m[38;2;32;1;156m▗[48;2;40;8;167m[38;2;19;8;44m▂[48;2;139;52;125m[38;2;89;30;36m▄▄[48;2;219;76;99m[38;2;45;13;22m▃▃[48;2;197;62;100m[38;2;50;19;22m▃[48;2;127;53;70m[38;2;18;9;6m▆[48;2;36;13;140m[38;2;5;3;12m▆▆[48;2;36;13;142m[38;2;5;3;13m▆▆[48;2;59;12;129m[38;2;19;9;19m▆[48;2;199;69;92m[38;2;53;26;31m▂[48;2;219;79;106m[38;2;208;68;95m▄[48;2;208;68;95m[38;2;219;79;106m▄[48;2;112;43;117m[38;2;200;73;86m▄[48;2;45;13;70m[38;2;186;74;101m▂[48;2;50;20;82m[38;2;179;54;90m▁[48;2;44;6;176m[38;2;13;9;66m▂[48;2;38;3;185m[38;2;38;3;185m        [0m
[48;2;38;3;185m[38;2;38;3;185m                                [48;2;36;1;181m[38;2;36;4;162m▝[48;2;36;21;77m[38;2;36;1;182m▆[48;2;8;6;12m[38;2;30;4;150m▃▃[48;2;8;6;11m[38;2;30;5;149m▃▃▃▃[48;2;8;3;24m[38;2;39;10;180m▂▂▂▂[48;2;11;4;24m[38;2;42;10;181m▂▂[48;2;167;48;81m[38;2;24;10;81m▆▆[48;2;168;49;82m[38;2;25;10;82m▆▆[48;2;53;17;68m[38;2;53;3;190m▂[48;2;25;10;84m[38;2;39;10;181m▆[48;2;38;3;185m[38;2;38;3;185m        [0m
[48;2;40;2;185m[38;2;40;2;185m                                                            [0m
[48;2;40;2;185m[38;2;40;2;185m                                                            [0m
