[48;2;1;1;1m[38;2;1;1;1m                                                            [0m
[48;2;1;1;1m[38;2;1;1;1m                                                            [0m
[48;2;1;1;1m[38;2;1;1;1m                                                            [0m
[48;2;1;1;1m[38;2;1;1;1m                                                      [48;2;1;1;3m[38;2;1;1;3m  [48;2;1;1;1m[38;2;1;1;1m    [0m
[48;2;1;1;1m[38;2;1;1;1m                          [48;2;3;1;6m[38;2;3;1;6m  [48;2;1;1;3m[38;2;1;1;3m  [48;2;1;1;1m[38;2;1;1;1m        [48;2;4;2;7m[38;2;4;2;7m  [48;2;2;1;5m[38;2;12;10;15m▃▃[48;2;4;2;5m[38;2;4;2;5m  [48;2;1;1;3m[38;2;1;1;3m  [48;2;1;1;1m[38;2;1;1;1m      [48;2;3;1;4m[38;2;3;1;4m  [48;2;3;1;6m[38;2;3;1;6m  [48;2;2;0;3m[38;2;2;0;3m  [48;2;1;1;1m[38;2;1;1;1m  [0m
[48;2;1;1;1m[38;2;1;1;1m                        [48;2;1;1;3m[38;2;1;1;3m  [48;2;3;1;6m[38;2;3;1;6m    [48;2;2;0;3m[38;2;2;0;3m  [48;2;1;1;3m[38;2;1;1;3m  [48;2;2;0;3m[38;2;2;0;3m  [48;2;3;2;4m[38;2;19;17;20m╷[48;2;15;14;16m[38;2;0;0;0m [48;2;56;52;55m[38;2;237;232;236m▃[48;2;133;128;132m[38;2;241;237;241m▇[48;2;240;239;244m[38;2;255;254;255m▄▄[48;2;131;126;130m[38;2;228;224;227m▇[48;2;41;36;40m[38;2;208;203;207m▃[48;2;3;1;6m[38;2;3;1;6m  [48;2;1;1;1m[38;2;1;1;1m    [48;2;3;1;6m[38;2;3;1;6m      [48;2;1;1;3m[38;2;1;1;3m  [48;2;1;1;1m[38;2;1;1;1m  [0m
[48;2;1;1;1m[38;2;1;1;1m                    [48;2;3;1;6m[38;2;3;1;6m    [48;2;3;1;4m[38;2;3;1;4m  [48;2;3;1;6m[38;2;3;1;6m    [48;2;2;0;3m[38;2;2;0;3m  [48;2;3;1;6m[38;2;3;1;6m    [48;2;2;0;1m[38;2;10;8;9m│[48;2;99;97;98m[38;2;9;7;8m▊[48;2;227;215;215m[38;2;252;248;248m┃[48;2;235;226;226m[38;2;191;80;113m▄[48;2;211;88;114m[38;2;50;18;16m▄[48;2;208;149;153m[38;2;200;65;95m▇[48;2;182;79;109m[38;2;28;15;14m▄[48;2;88;60;65m[38;2;15;7;6m▇[48;2;1;1;3m[38;2;1;1;3m    [48;2;3;1;4m[38;2;3;1;4m  [48;2;3;1;6m[38;2;3;1;6m      [48;2;1;1;3m[38;2;1;1;3m  [48;2;1;1;1m[38;2;1;1;1m  [0m
[48;2;1;1;1m[38;2;1;1;1m                    [48;2;1;1;3m[38;2;1;1;3m  [48;2;3;1;6m[38;2;3;1;6m          [48;2;1;1;3m[38;2;1;1;3m  [48;2;3;1;4m[38;2;3;1;4m  [48;2;2;1;3m[38;2;11;9;12m│[48;2;100;98;101m[38;2;9;8;10m▊[48;2;217;189;197m[38;2;250;252;251m┃[48;2;211;86;105m[38;2;216;62;90m┃[48;2;206;64;90m[38;2;217;75;101m▄▄[48;2;110;38;50m[38;2;194;64;86m▊[48;2;33;10;19m[38;2;4;4;7m┃[48;2;2;2;4m[38;2;2;2;4m  [48;2;2;0;3m[38;2;2;0;3m  [48;2;3;1;4m[38;2;3;1;4m  [48;2;3;1;6m[38;2;3;1;6m        [48;2;3;1;4m[38;2;3;1;4m  [0m
[48;2;1;1;1m[38;2;1;1;1m                    [48;2;2;2;4m[38;2;2;2;4m  [48;2;3;1;4m[38;2;3;1;4m  [48;2;3;1;6m[38;2;3;1;6m        [48;2;4;2;7m[38;2;4;2;7m  [48;2;21;5;5m[38;2;168;59;91m▄[48;2;14;10;7m[38;2;0;0;0m [48;2;20;19;21m [48;2;35;33;36m[38;2;224;222;225m▄[48;2;232;202;207m[38;2;239;245;240m▊[48;2;210;81;119m[38;2;242;219;222m▄[48;2;228;79;108m[38;2;208;83;104m▅[48;2;206;67;92m[38;2;221;104;122m▂[48;2;210;107;137m[38;2;244;234;234m▄[48;2;179;166;166m[38;2;248;240;239m▇[48;2;143;141;144m[38;2;231;230;232m▇[48;2;23;21;24m[38;2;230;228;230m▄[48;2;13;11;14m[38;2;195;193;196m▄[48;2;8;7;9m[38;2;44;42;45m▁[48;2;1;1;3m[38;2;1;1;3m    [48;2;3;1;4m[38;2;3;1;4m  [48;2;3;1;6m[38;2;3;1;6m    [48;2;1;1;3m[38;2;1;1;3m  [0m
[48;2;1;1;1m[38;2;1;1;1m                [48;2;2;0;3m[38;2;2;0;3m  [48;2;3;1;4m[38;2;3;1;4m  [48;2;2;0;3m[38;2;2;0;3m  [48;2;1;1;1m[38;2;1;1;1m  [48;2;1;1;3m[38;2;1;1;3m    [48;2;2;0;3m[38;2;2;0;3m  [48;2;3;1;6m[38;2;3;1;6m  [48;2;7;2;6m[38;2;7;2;6m  [48;2;211;72;99m[38;2;164;53;70m▎[48;2;218;107;124m[38;2;207;68;94m▊[48;2;235;233;236m[38;2;246;244;247m▃[48;2;243;241;244m[38;2;253;251;253m▅[48;2;250;250;252m[38;2;250;250;252m  [48;2;248;248;250m[38;2;248;248;250m  [48;2;250;250;252m[38;2;250;250;252m    [48;2;251;249;252m[38;2;244;242;245m▎[48;2;101;99;102m[38;2;236;234;237m▊[48;2;3;1;6m[38;2;19;17;22m▃[48;2;8;6;11m[38;2;3;2;6m▚[48;2;2;2;4m[38;2;2;2;4m  [48;2;1;1;1m[38;2;1;1;1m  [48;2;2;0;3m[38;2;2;0;3m  [48;2;3;1;6m[38;2;3;1;6m  [48;2;1;1;1m[38;2;1;1;1m  [0m
[48;2;1;1;1m[38;2;1;1;1m            [48;2;1;1;3m[38;2;1;1;3m  [48;2;3;1;6m[38;2;3;1;6m      [48;2;1;1;3m[38;2;1;1;3m  [48;2;1;1;1m[38;2;1;1;1m      [48;2;1;1;3m[38;2;1;1;3m  [48;2;3;1;6m[38;2;3;1;6m  [48;2;2;0;3m[38;2;2;0;3m  [48;2;57;45;45m[38;2;8;8;4m▊[48;2;199;90;123m[38;2;235;222;224m▄[48;2;249;249;251m[38;2;249;249;251m  [48;2;250;250;252m[38;2;250;250;252m          [48;2;100;95;99m[38;2;235;231;234m▊[48;2;10;6;9m[38;2;68;63;67m▁[48;2;2;0;3m[38;2;2;0;3m  [48;2;3;1;6m[38;2;3;1;6m  [48;2;1;1;3m[38;2;1;1;3m  [48;2;1;1;1m[38;2;1;1;1m    [0m
[48;2;1;1;1m[38;2;1;1;1m            [48;2;3;1;6m[38;2;3;1;6m      [48;2;3;1;4m[38;2;3;1;4m  [48;2;1;1;3m[38;2;1;1;3m  [48;2;1;1;1m[38;2;1;1;1m    [48;2;3;1;6m[38;2;3;1;6m  [48;2;1;1;3m[38;2;1;1;3m  [48;2;2;0;3m[38;2;2;0;3m  [48;2;3;1;6m[38;2;3;1;6m  [48;2;68;63;67m[38;2;8;3;7m▊[48;2;251;246;250m[38;2;192;187;191m▎[48;2;250;250;252m[38;2;250;250;252m        [48;2;249;249;251m[38;2;249;249;251m  [48;2;244;244;245m[38;2;164;164;166m▁[48;2;247;247;249m[38;2;0;0;0m [48;2;247;247;248m[38;2;247;247;248m▄[48;2;80;80;82m[38;2;244;244;246m▊[48;2;7;6;6m[38;2;86;84;85m▁[48;2;1;0;0m[38;2;4;2;3m▄[48;2;3;1;6m[38;2;3;1;6m    [48;2;1;1;3m[38;2;1;1;3m  [48;2;1;1;1m[38;2;1;1;1m  [0m
[48;2;1;1;1m[38;2;1;1;1m            [48;2;1;1;3m[38;2;1;1;3m  [48;2;3;1;6m[38;2;3;1;6m  [48;2;2;0;3m[38;2;2;0;3m  [48;2;1;1;1m[38;2;1;1;1m  [48;2;3;1;6m[38;2;3;1;6m    [48;2;1;1;1m[38;2;1;1;1m      [48;2;1;1;3m[38;2;1;1;3m  [48;2;3;1;6m[38;2;3;1;6m  [48;2;16;12;15m[38;2;0;0;0m [48;2;231;227;230m[38;2;43;39;42m▅[48;2;239;239;241m[38;2;127;127;129m▁[48;2;247;247;249m[38;2;0;0;0m [48;2;250;250;252m[38;2;250;250;252m      [48;2;255;254;255m[38;2;255;253;255m┃[48;2;132;130;133m[38;2;241;239;242m▊[48;2;27;23;26m[38;2;0;0;0m [48;2;238;234;238m[38;2;66;61;65m▅[48;2;245;244;246m[38;2;156;154;157m▁[48;2;246;244;246m[38;2;0;0;0m [48;2;217;208;210m [48;2;45;27;29m[38;2;225;182;195m▄[48;2;33;10;19m[38;2;197;72;95m▄[48;2;53;21;28m[38;2;167;64;79m▖[48;2;3;1;6m[38;2;3;1;6m    [48;2;1;1;1m[38;2;1;1;1m  [0m
[48;2;1;1;1m[38;2;1;1;1m              [48;2;2;0;3m[38;2;2;0;3m  [48;2;1;1;3m[38;2;1;1;3m    [48;2;3;1;6m[38;2;3;1;6m  [48;2;3;1;4m[38;2;3;1;4m  [48;2;1;1;3m[38;2;1;1;3m  [48;2;1;1;1m[38;2;1;1;1m    [48;2;3;1;6m[38;2;3;1;6m      [48;2;79;77;80m[38;2;8;6;9m▊[48;2;248;247;249m[38;2;202;200;203m▎[48;2;250;250;252m[38;2;250;250;252m      [48;2;232;227;231m[38;2;0;0;0m [48;2;198;193;197m[38;2;26;21;25m▅[48;2;3;1;6m[38;2;3;1;6m  [48;2;32;24;28m[38;2;0;0;0m [48;2;215;206;211m[38;2;25;17;21m▅[48;2;213;64;90m[38;2;19;9;10m▅▅[48;2;32;14;16m[38;2;186;48;90m▘[48;2;2;3;0m[38;2;0;0;0m [48;2;2;0;3m[38;2;2;0;3m  [48;2;3;1;6m[38;2;3;1;6m  [48;2;2;0;3m[38;2;2;0;3m  [0m
[48;2;1;1;1m[38;2;1;1;1m                [48;2;3;1;4m[38;2;3;1;4m  [48;2;3;1;6m[38;2;3;1;6m  [48;2;2;0;3m[38;2;2;0;3m  [48;2;3;1;6m[38;2;3;1;6m  [48;2;2;0;3m[38;2;2;0;3m  [48;2;1;1;1m[38;2;1;1;1m    [48;2;3;1;6m[38;2;3;1;6m      [48;2;18;13;17m[38;2;0;0;0m [48;2;224;220;223m[38;2;83;78;82m▅[48;2;242;237;241m[38;2;77;72;76m▁▁[48;2;242;239;240m[38;2;78;74;75m▁▁[48;2;237;232;236m[38;2;91;86;90m▁[48;2;227;223;227m[38;2;105;100;104m▁[48;2;195;190;193m[38;2;96;90;94m▅[48;2;55;50;53m[38;2;214;209;212m▄[48;2;2;0;3m[38;2;2;0;3m  [48;2;3;1;4m[38;2;3;1;4m  [48;2;1;1;1m[38;2;1;1;1m      [48;2;1;1;3m[38;2;1;1;3m  [48;2;1;1;1m[38;2;1;1;1m  [0m
[48;2;1;1;1m[38;2;1;1;1m                    [48;2;0;0;0m[38;2;0;0;0m  [48;2;1;1;3m[38;2;1;1;3m  [48;2;1;1;1m[38;2;1;1;1m    [48;2;2;0;3m[38;2;2;0;3m  [48;2;1;1;3m[38;2;1;1;3m  [48;2;3;1;6m[38;2;3;1;6m  [48;2;3;1;4m[38;2;3;1;4m  [48;2;83;78;82m[38;2;9;5;8m▊[48;2;238;234;237m[38;2;191;186;190m▎[48;2;36;31;35m[38;2;234;229;233m▅[48;2;22;18;21m[38;2;216;211;215m▅[48;2;12;7;11m[38;2;48;43;47m▁[48;2;3;0;2m[38;2;19;14;18m▅[48;2;68;63;67m[38;2;12;8;11m▊[48;2;61;56;60m[38;2;230;225;229m▅[48;2;245;245;247m[38;2;0;0;0m [48;2;236;236;237m [48;2;73;69;72m[38;2;220;216;220m┓[48;2;12;8;11m[38;2;0;0;0m [48;2;3;1;6m[38;2;3;1;6m  [48;2;1;1;1m[38;2;1;1;1m          [0m
[48;2;1;1;1m[38;2;1;1;1m                        [48;2;1;1;3m[38;2;1;1;3m  [48;2;3;1;6m[38;2;3;1;6m  [48;2;2;0;3m[38;2;2;0;3m    [48;2;3;1;6m[38;2;3;1;6m  [48;2;2;2;4m[38;2;2;2;4m  [48;2;26;21;25m[38;2;137;132;136m▂[48;2;246;243;246m[38;2;215;210;214m▎[48;2;195;191;195m[38;2;246;243;246m▊[48;2;208;204;208m[38;2;52;47;51m▅[48;2;65;60;64m[38;2;229;225;228m▅[48;2;173;168;172m[38;2;238;234;238m▊[48;2;130;125;129m[38;2;52;47;51m▊[48;2;232;228;232m[38;2;109;104;108m▁[48;2;245;243;245m[38;2;0;0;0m [48;2;235;233;236m[38;2;113;111;114m▁[48;2;111;109;112m[38;2;240;238;240m▊[48;2;1;0;2m[38;2;25;23;26m▎[48;2;1;1;3m[38;2;1;1;3m  [48;2;1;1;1m[38;2;1;1;1m          [0m
[48;2;1;1;1m[38;2;1;1;1m                    [48;2;2;0;3m[38;2;2;0;3m  [48;2;1;1;1m[38;2;1;1;1m  [48;2;3;1;6m[38;2;3;1;6m    [48;2;1;1;3m[38;2;1;1;3m  [48;2;2;0;3m[38;2;2;0;3m  [48;2;1;1;3m[38;2;1;1;3m  [48;2;1;0;0m[38;2;13;11;12m│[48;2;78;76;77m[38;2;7;6;6m▊[48;2;250;250;251m[38;2;232;232;234m▌[48;2;250;250;252m[38;2;255;255;255m▌[48;2;238;236;239m[38;2;0;0;0m [48;2;67;65;68m[38;2;226;224;227m▅[48;2;222;217;219m[38;2;93;87;89m▅[48;2;233;228;230m[38;2;69;63;65m▁[48;2;237;232;236m[38;2;0;0;0m [48;2;66;61;65m[38;2;223;219;222m▅[48;2;170;164;168m[38;2;77;71;75m┓[48;2;78;72;76m[38;2;238;234;237m▅[48;2;234;232;235m[38;2;0;0;0m [48;2;31;30;32m[38;2;196;194;197m▅[48;2;1;1;3m[38;2;1;1;3m  [48;2;1;1;1m[38;2;1;1;1m          [0m
[48;2;1;1;1m[38;2;1;1;1m                  [48;2;1;1;3m[38;2;1;1;3m  [48;2;2;0;3m[38;2;2;0;3m  [48;2;1;1;3m[38;2;1;1;3m  [48;2;3;1;6m[38;2;3;1;6m    [48;2;2;0;3m[38;2;2;0;3m  [48;2;1;1;3m[38;2;1;1;3m  [48;2;1;1;1m[38;2;1;1;1m  [48;2;1;0;2m[38;2;13;11;14m│[48;2;78;76;79m[38;2;7;6;8m▊[48;2;243;243;245m[38;2;239;239;241m▌[48;2;254;254;255m[38;2;250;250;252m▌[48;2;250;250;252m  [48;2;239;238;240m[38;2;0;0;0m [48;2;70;68;71m[38;2;237;235;238m▅[48;2;249;249;251m[38;2;249;249;251m  [48;2;250;250;252m[38;2;250;250;252m  [48;2;239;237;240m[38;2;251;250;252m▌[48;2;102;100;103m[38;2;248;247;249m▊[48;2;3;1;4m[38;2;3;1;4m  [48;2;1;1;1m[38;2;1;1;1m          [0m
[48;2;1;1;1m[38;2;1;1;1m                  [48;2;2;0;3m[38;2;2;0;3m    [48;2;3;1;6m[38;2;3;1;6m      [48;2;1;1;3m[38;2;1;1;3m  [48;2;1;1;1m[38;2;1;1;1m    [48;2;1;0;2m[38;2;13;11;14m│[48;2;78;76;79m[38;2;7;6;8m▊[48;2;249;249;251m[38;2;231;231;233m▌[38;2;255;255;255m▌[48;2;250;250;252m[38;2;250;250;252m        [48;2;239;237;240m[38;2;251;250;252m▌[48;2;102;100;103m[38;2;248;247;249m▊[48;2;3;1;4m[38;2;3;1;4m  [48;2;1;1;3m[38;2;1;1;3m  [48;2;1;1;1m[38;2;1;1;1m        [0m
[48;2;4;2;10m[38;2;23;2;126m▂▂▂▂▂▂▂▂▂▂▂▂▂▂▂▂▂▂[48;2;5;3;12m[38;2;24;2;129m▂▂[48;2;4;2;10m[38;2;23;2;126m▂▂[48;2;5;3;12m[38;2;24;2;129m▂▂▂▂▂▂[48;2;5;3;11m[38;2;24;3;127m▂▂[48;2;4;2;10m[38;2;23;2;126m▂▂▂▂[48;2;3;1;10m[38;2;29;7;134m▂[48;2;16;12;22m[38;2;26;3;130m▂[48;2;227;221;239m[38;2;53;47;78m▆[48;2;248;246;247m[38;2;225;222;233m▎[48;2;250;250;252m[38;2;250;250;252m        [48;2;239;238;243m[38;2;251;250;253m▌[48;2;102;101;106m[38;2;248;247;251m▊[48;2;5;3;12m[38;2;24;2;129m▂▂[48;2;4;2;10m[38;2;23;2;126m▂▂▂▂▂▂▂▂▂▂[0m
[48;2;38;3;183m[38;2;38;3;183m                                    [48;2;87;64;197m[38;2;35;6;181m▊[48;2;234;232;237m[38;2;81;60;181m▂[48;2;249;249;251m[38;2;249;249;251m  [48;2;250;250;252m[38;2;250;250;252m      [48;2;244;242;247m[38;2;0;0;0m [48;2;203;198;226m[38;2;58;40;170m▂[48;2;38;3;185m[38;2;38;3;185m  [48;2;38;3;183m[38;2;38;3;183m          [0m
[48;2;38;3;183m[38;2;38;3;183m                                    [48;2;47;11;198m[38;2;35;0;187m┃[48;2;82;51;207m[38;2;35;5;168m▊[48;2;249;249;250m[38;2;206;206;208m▎[48;2;241;241;243m[38;2;253;253;254m┃[48;2;250;250;252m[38;2;250;250;252m      [48;2;161;147;208m[38;2;249;244;249m▊[48;2;40;5;194m[38;2;33;9;161m▌[48;2;38;3;183m[38;2;38;3;183m            [0m
[48;2;38;3;185m[38;2;38;3;185m                                    [48;2;35;1;176m[38;2;43;9;184m┃[48;2;60;26;201m[38;2;29;0;170m▌[48;2;226;227;226m[38;2;84;65;189m▂[48;2;247;246;250m[38;2;0;0;0m [48;2;250;250;252m[38;2;250;250;252m      [48;2;161;147;208m[38;2;249;244;249m▊[48;2;40;5;194m[38;2;33;9;161m▌[48;2;38;3;185m[38;2;38;3;185m            [0m
[48;2;38;3;185m[38;2;38;3;185m                                      [48;2;126;113;183m[38;2;36;10;188m▊[48;2;254;253;250m[38;2;218;217;215m▎[48;2;241;241;243m[38;2;251;251;252m▅[48;2;251;251;252m[38;2;241;241;243m▃[48;2;237;237;238m[38;2;75;56;182m▂[48;2;246;244;249m[38;2;0;0;0m [48;2;253;252;255m[38;2;241;240;247m▌[48;2;174;173;181m[38;2;243;242;248m▊[48;2;184;169;226m[38;2;42;10;189m▆[48;2;35;6;174m[38;2;45;12;192m▖[48;2;38;3;185m[38;2;38;3;185m            [0m
[48;2;38;3;185m[38;2;38;3;185m                                    [48;2;42;5;175m[38;2;0;0;0m [48;2;48;14;173m[38;2;177;61;109m▂[48;2;80;50;161m[38;2;211;74;102m▆[48;2;213;203;197m[38;2;212;74;108m▆[48;2;228;216;222m[38;2;209;71;108m▆[48;2;211;186;208m[38;2;127;49;120m▆[48;2;114;79;177m[38;2;41;5;181m▊[48;2;230;225;226m[38;2;211;81;124m▂[48;2;236;231;231m[38;2;204;73;116m▂[48;2;220;205;220m[38;2;181;81;124m▂[48;2;38;3;185m[38;2;38;3;185m              [0m
[48;2;38;3;185m[38;2;38;3;185m                                    [48;2;43;7;186m[38;2;26;1;140m╺[48;2;141;50;71m[38;2;30;11;72m▆[48;2;155;57;88m[38;2;11;5;4m▆▆[48;2;138;50;73m[38;2;14;3;16m▆[48;2;41;20;129m[38;2;6;3;11m▆[48;2;58;12;128m[38;2;20;10;20m▆[48;2;198;68;91m[38;2;52;24;29m▂[48;2;216;73;101m[38;2;216;73;101m  [48;2;66;34;162m[38;2;206;67;84m▆[48;2;81;33;92m[38;2;179;57;86m━[48;2;29;6;115m[38;2;29;6;115m▄[48;2;40;6;185m[38;2;40;6;185m▄[48;2;38;3;185m[38;2;38;3;185m          [0m
[48;2;38;3;185m[38;2;38;3;185m                                    [48;2;38;3;183m[38;2;38;3;183m  [48;2;20;8;46m[38;2;39;6;182m▆▆[48;2;19;8;41m[38;2;38;5;177m▆▆[48;2;12;5;25m[38;2;43;11;182m▂▂[48;2;168;49;82m[38;2;25;10;82m▆▆[48;2;53;17;61m[38;2;54;3;184m▂[48;2;28;10;78m[38;2;40;9;177m▆[48;2;38;3;185m[38;2;38;3;185m            [0m
[48;2;40;2;185m[38;2;40;2;185m                                                            [0m
[48;2;40;2;185m[38;2;40;2;185m                                                            [0m
