[48;2;1;1;1m[38;2;1;1;1m                                                            [0m
[48;2;1;1;1m[38;2;1;1;1m                                                            [0m
[48;2;1;1;1m[38;2;1;1;1m                                                            [0m
[48;2;1;1;1m[38;2;1;1;1m                                                      [48;2;1;1;3m[38;2;1;1;3m  [48;2;1;1;1m[38;2;1;1;1m    [0m
[48;2;1;1;1m[38;2;1;1;1m                          [48;2;3;1;6m[38;2;3;1;6m  [48;2;1;1;3m[38;2;1;1;3m  [48;2;1;1;1m[38;2;1;1;1m        [48;2;3;1;4m[38;2;3;1;4m  [48;2;3;1;6m[38;2;3;1;6m  [48;2;3;1;4m[38;2;3;1;4m  [48;2;1;1;3m[38;2;1;1;3m  [48;2;1;1;1m[38;2;1;1;1m      [48;2;3;1;4m[38;2;3;1;4m  [48;2;3;1;6m[38;2;3;1;6m  [48;2;2;0;3m[38;2;2;0;3m  [48;2;1;1;1m[38;2;1;1;1m  [0m
[48;2;1;1;1m[38;2;1;1;1m                        [48;2;1;1;3m[38;2;1;1;3m  [48;2;3;1;6m[38;2;3;1;6m    [48;2;2;0;3m[38;2;2;0;3m  [48;2;1;1;3m[38;2;1;1;3m  [48;2;2;0;3m[38;2;2;0;3m  [48;2;11;9;12m[38;2;4;2;5m▚[48;2;7;5;8m[38;2;1;0;2m▌[48;2;13;9;12m[38;2;217;213;216m▄▄[48;2;37;33;36m[38;2;239;234;238m▃[48;2;35;31;34m[38;2;223;219;222m▃[48;2;5;3;8m[38;2;5;3;8m  [48;2;3;1;6m[38;2;3;1;6m  [48;2;1;1;1m[38;2;1;1;1m    [48;2;3;1;6m[38;2;3;1;6m      [48;2;1;1;3m[38;2;1;1;3m  [48;2;1;1;1m[38;2;1;1;1m  [0m
[48;2;1;1;1m[38;2;1;1;1m                    [48;2;3;1;6m[38;2;3;1;6m    [48;2;3;1;4m[38;2;3;1;4m  [48;2;3;1;6m[38;2;3;1;6m    [48;2;2;0;3m[38;2;2;0;3m  [48;2;3;1;6m[38;2;3;1;6m    [48;2;63;61;64m[38;2;10;9;11m▊[48;2;235;233;236m[38;2;184;182;185m▎[48;2;246;236;235m[38;2;0;0;0m [48;2;249;239;239m[38;2;201;96;127m▄[48;2;251;241;246m[38;2;202;88;107m▄[48;2;242;232;238m[38;2;191;77;96m▄[48;2;183;178;182m[38;2;30;26;29m▄[48;2;13;8;12m[38;2;0;0;0m [48;2;1;1;3m[38;2;1;1;3m    [48;2;3;1;4m[38;2;3;1;4m  [48;2;3;1;6m[38;2;3;1;6m      [48;2;1;1;3m[38;2;1;1;3m  [48;2;1;1;1m[38;2;1;1;1m  [0m
[48;2;1;1;1m[38;2;1;1;1m                    [48;2;1;1;3m[38;2;1;1;3m  [48;2;3;1;6m[38;2;3;1;6m          [48;2;1;1;3m[38;2;1;1;3m  [48;2;3;1;4m[38;2;3;1;4m  [48;2;94;85;88m[38;2;11;2;5m▊[48;2;205;196;199m[38;2;251;245;248m┃[48;2;207;96;117m[38;2;203;57;90m▆[48;2;67;29;26m[38;2;184;66;90m▄[48;2;211;64;98m[38;2;157;52;72m▝[48;2;37;22;13m[38;2;174;57;81m▄[48;2;3;1;6m[38;2;3;1;6m  [48;2;1;1;3m[38;2;1;1;3m  [48;2;2;0;3m[38;2;2;0;3m  [48;2;3;1;4m[38;2;3;1;4m  [48;2;3;1;6m[38;2;3;1;6m        [48;2;3;1;4m[38;2;3;1;4m  [0m
[48;2;1;1;1m[38;2;1;1;1m                    [48;2;2;2;4m[38;2;2;2;4m  [48;2;3;1;4m[38;2;3;1;4m  [48;2;3;1;6m[38;2;3;1;6m        [48;2;7;2;6m[38;2;7;2;6m  [48;2;145;51;69m[38;2;193;67;86m▊[48;2;10;4;10m[38;2;55;18;25m▎[48;2;97;88;91m[38;2;15;7;9m▊[48;2;202;193;196m[38;2;248;241;244m┃[48;2;213;73;99m[38;2;213;73;99m  [48;2;223;77;105m[38;2;213;67;94m▚[48;2;209;86;106m[38;2;179;62;80m▝[48;2;18;16;19m[38;2;230;228;231m▄▄[48;2;16;11;15m[38;2;200;196;199m▄[48;2;16;12;15m[38;2;0;0;0m [48;2;5;3;8m[38;2;5;3;8m  [48;2;1;1;3m[38;2;1;1;3m    [48;2;3;1;4m[38;2;3;1;4m  [48;2;3;1;6m[38;2;3;1;6m    [48;2;1;1;3m[38;2;1;1;3m  [0m
[48;2;1;1;1m[38;2;1;1;1m                [48;2;2;0;3m[38;2;2;0;3m  [48;2;3;1;4m[38;2;3;1;4m  [48;2;2;0;3m[38;2;2;0;3m  [48;2;1;1;1m[38;2;1;1;1m  [48;2;1;1;3m[38;2;1;1;3m    [48;2;2;0;3m[38;2;2;0;3m  [48;2;3;1;6m[38;2;3;1;6m  [48;2;4;2;7m[38;2;4;2;7m  [48;2;186;58;87m[38;2;32;28;18m▄[48;2;206;73;104m[38;2;210;113;132m▂[48;2;235;233;236m[38;2;246;244;247m▃[48;2;243;241;244m[38;2;253;251;253m▅[48;2;245;235;234m[38;2;0;0;0m [48;2;200;95;126m[38;2;249;238;238m▄[48;2;202;101;130m[38;2;249;241;241m▄[48;2;246;240;238m[38;2;0;0;0m [48;2;250;250;252m[38;2;250;250;252m  [48;2;241;241;243m[38;2;252;252;253m▄▄[48;2;226;222;225m[38;2;0;0;0m [48;2;24;19;23m[38;2;199;194;198m▄[48;2;3;1;6m[38;2;19;17;22m▃[48;2;8;6;11m[38;2;3;2;6m▚[48;2;2;2;4m[38;2;2;2;4m  [48;2;1;1;1m[38;2;1;1;1m  [48;2;2;0;3m[38;2;2;0;3m  [48;2;3;1;6m[38;2;3;1;6m  [48;2;1;1;1m[38;2;1;1;1m  [0m
[48;2;1;1;1m[38;2;1;1;1m            [48;2;1;1;3m[38;2;1;1;3m  [48;2;3;1;6m[38;2;3;1;6m      [48;2;1;1;3m[38;2;1;1;3m  [48;2;1;1;1m[38;2;1;1;1m      [48;2;1;1;3m[38;2;1;1;3m  [48;2;3;1;6m[38;2;3;1;6m  [48;2;14;12;15m[38;2;1;0;2m▊[48;2;57;55;58m[38;2;8;6;9m▊[48;2;246;244;246m[38;2;214;212;215m▎[48;2;240;238;241m[38;2;250;249;251m▄[48;2;250;250;252m[38;2;250;250;252m            [48;2;220;216;219m[38;2;0;0;0m [48;2;30;25;29m[38;2;191;186;190m▄[48;2;2;0;3m[38;2;2;0;3m  [48;2;3;1;6m[38;2;3;1;6m  [48;2;1;1;3m[38;2;1;1;3m  [48;2;1;1;1m[38;2;1;1;1m    [0m
[48;2;1;1;1m[38;2;1;1;1m            [48;2;3;1;6m[38;2;3;1;6m      [48;2;3;1;4m[38;2;3;1;4m  [48;2;1;1;3m[38;2;1;1;3m  [48;2;1;1;1m[38;2;1;1;1m    [48;2;3;1;6m[38;2;3;1;6m  [48;2;1;1;3m[38;2;1;1;3m  [48;2;2;0;3m[38;2;2;0;3m  [48;2;13;11;16m[38;2;2;0;5m┃[48;2;48;46;51m[38;2;5;3;8m▊[48;2;236;234;237m[38;2;144;142;145m▁[48;2;247;245;247m[38;2;0;0;0m [48;2;250;250;252m[38;2;250;250;252m        [48;2;249;249;251m[38;2;249;249;251m  [48;2;244;244;245m[38;2;164;164;166m▁[48;2;247;247;249m[38;2;0;0;0m [48;2;249;249;250m[38;2;236;236;238m▎[48;2;228;228;229m[38;2;0;0;0m [48;2;24;22;23m[38;2;196;195;196m▄[48;2;8;6;7m[38;2;101;99;100m▁[48;2;3;1;6m[38;2;3;1;6m    [48;2;1;1;3m[38;2;1;1;3m  [48;2;1;1;1m[38;2;1;1;1m  [0m
[48;2;1;1;1m[38;2;1;1;1m            [48;2;1;1;3m[38;2;1;1;3m  [48;2;3;1;6m[38;2;3;1;6m  [48;2;2;0;3m[38;2;2;0;3m  [48;2;1;1;1m[38;2;1;1;1m  [48;2;3;1;6m[38;2;3;1;6m    [48;2;1;1;1m[38;2;1;1;1m      [48;2;1;1;3m[38;2;1;1;3m  [48;2;3;1;6m[38;2;3;1;6m  [48;2;69;64;68m[38;2;9;4;8m▊[48;2;252;247;251m[38;2;193;188;192m▎[48;2;250;250;252m[38;2;250;250;252m        [48;2;230;225;229m[38;2;0;0;0m [48;2;202;197;201m[38;2;36;31;35m▅[48;2;26;24;29m[38;2;0;0;0m [48;2;237;235;239m[38;2;30;28;33m▅[48;2;218;217;219m[38;2;49;47;50m▄[48;2;242;241;243m[38;2;122;120;123m▁[48;2;245;242;243m[38;2;153;146;149m▁[48;2;135;100;112m[38;2;234;211;221m▊[48;2;33;10;19m[38;2;197;72;95m▄[48;2;53;21;28m[38;2;167;64;79m▖[48;2;3;1;6m[38;2;3;1;6m    [48;2;1;1;1m[38;2;1;1;1m  [0m
[48;2;1;1;1m[38;2;1;1;1m              [48;2;2;0;3m[38;2;2;0;3m  [48;2;1;1;3m[38;2;1;1;3m    [48;2;3;1;6m[38;2;3;1;6m  [48;2;3;1;4m[38;2;3;1;4m  [48;2;1;1;3m[38;2;1;1;3m  [48;2;1;1;1m[38;2;1;1;1m    [48;2;3;1;6m[38;2;3;1;6m    [48;2;15;10;16m[38;2;0;0;0m [48;2;228;224;228m[38;2;36;31;37m▅[48;2;240;238;241m[38;2;118;116;119m▁[48;2;247;246;248m[38;2;0;0;0m [48;2;250;250;252m[38;2;250;250;252m      [48;2;121;119;122m[38;2;243;241;244m▊[48;2;1;0;2m[38;2;23;21;24m▎[48;2;3;1;6m[38;2;3;1;6m    [48;2;8;5;2m[38;2;85;39;49m▝[48;2;202;63;104m[38;2;22;8;10m▅[48;2;32;14;16m[38;2;186;48;90m▘[48;2;2;3;0m[38;2;0;0;0m [48;2;2;0;3m[38;2;2;0;3m  [48;2;3;1;6m[38;2;3;1;6m  [48;2;2;0;3m[38;2;2;0;3m  [0m
[48;2;1;1;1m[38;2;1;1;1m                [48;2;3;1;4m[38;2;3;1;4m  [48;2;3;1;6m[38;2;3;1;6m  [48;2;2;0;3m[38;2;2;0;3m  [48;2;3;1;6m[38;2;3;1;6m  [48;2;2;0;3m[38;2;2;0;3m  [48;2;1;1;1m[38;2;1;1;1m    [48;2;3;1;6m[38;2;3;1;6m      [48;2;18;13;17m[38;2;0;0;0m [48;2;224;220;223m[38;2;83;78;82m▅[48;2;242;237;241m[38;2;77;72;76m▁▁[48;2;242;239;240m[38;2;78;74;75m▁▁[48;2;237;232;236m[38;2;91;86;90m▁[48;2;227;223;227m[38;2;105;100;104m▁[48;2;195;190;194m[38;2;65;60;64m▅[48;2;3;0;2m[38;2;9;4;8m▄[48;2;3;1;4m[38;2;3;1;4m    [48;2;1;1;1m[38;2;1;1;1m      [48;2;1;1;3m[38;2;1;1;3m  [48;2;1;1;1m[38;2;1;1;1m  [0m
[48;2;1;1;1m[38;2;1;1;1m                    [48;2;0;0;0m[38;2;0;0;0m  [48;2;1;1;3m[38;2;1;1;3m  [48;2;1;1;1m[38;2;1;1;1m    [48;2;2;0;3m[38;2;2;0;3m  [48;2;1;1;3m[38;2;1;1;3m  [48;2;3;1;6m[38;2;3;1;6m  [48;2;11;9;12m[38;2;4;2;5m▚[48;2;7;5;8m[38;2;1;0;2m▌[48;2;47;46;48m[38;2;228;226;229m▅[48;2;232;231;233m[38;2;0;0;0m [48;2;36;31;35m[38;2;234;229;233m▅[48;2;22;18;21m[38;2;216;211;215m▅[48;2;15;10;14m[38;2;0;0;0m [48;2;17;13;16m[38;2;133;128;132m▁[48;2;68;63;67m[38;2;12;8;11m▊[48;2;61;56;60m[38;2;230;225;229m▅[48;2;236;234;236m[38;2;0;0;0m [48;2;26;24;27m[38;2;195;193;196m▅[48;2;3;1;6m[38;2;3;1;6m    [48;2;1;1;1m[38;2;1;1;1m          [0m
[48;2;1;1;1m[38;2;1;1;1m                        [48;2;1;1;3m[38;2;1;1;3m  [48;2;3;1;6m[38;2;3;1;6m  [48;2;2;0;3m[38;2;2;0;3m    [48;2;3;1;6m[38;2;3;1;6m  [48;2;1;0;2m[38;2;12;10;13m│[48;2;77;75;78m[38;2;7;5;8m▊[48;2;249;249;251m[38;2;231;231;233m▌[38;2;255;255;255m▌[48;2;244;242;245m[38;2;0;0;0m [48;2;223;221;224m[38;2;128;126;129m▂[48;2;56;50;54m[38;2;163;157;161m▁[48;2;161;155;159m[38;2;235;230;234m▊[48;2;128;126;131m[38;2;20;18;23m▊[48;2;251;249;253m[38;2;223;221;226m▎[48;2;242;242;244m[38;2;247;247;248m▄[48;2;236;236;237m[38;2;0;0;0m [48;2;76;72;75m[38;2;221;217;221m┓[48;2;13;8;12m[38;2;0;0;0m [48;2;1;1;3m[38;2;1;1;3m  [48;2;1;1;1m[38;2;1;1;1m          [0m
[48;2;1;1;1m[38;2;1;1;1m                    [48;2;2;0;3m[38;2;2;0;3m  [48;2;1;1;1m[38;2;1;1;1m  [48;2;3;1;6m[38;2;3;1;6m    [48;2;1;1;3m[38;2;1;1;3m  [48;2;2;0;3m[38;2;2;0;3m  [48;2;1;1;3m[38;2;1;1;3m  [48;2;1;0;0m[38;2;13;11;12m│[48;2;78;76;77m[38;2;7;6;6m▊[48;2;252;252;253m[38;2;238;238;240m▌[48;2;238;238;240m[38;2;252;252;253m▌[48;2;215;210;213m[38;2;83;77;81m▁[48;2;56;50;54m[38;2;188;182;186m▁[48;2;238;236;238m[38;2;0;0;0m [48;2;218;216;219m[38;2;121;119;122m▂[48;2;58;53;57m[38;2;195;190;194m▁[48;2;247;244;247m[38;2;233;228;232m▎[48;2;250;250;252m[38;2;250;250;252m  [48;2;111;109;112m[38;2;240;238;240m▊[48;2;1;0;2m[38;2;25;23;26m▎[48;2;1;1;3m[38;2;1;1;3m  [48;2;1;1;1m[38;2;1;1;1m          [0m
[48;2;1;1;1m[38;2;1;1;1m                  [48;2;1;1;3m[38;2;1;1;3m  [48;2;2;0;3m[38;2;2;0;3m  [48;2;1;1;3m[38;2;1;1;3m  [48;2;3;1;6m[38;2;3;1;6m    [48;2;2;0;3m[38;2;2;0;3m  [48;2;1;1;3m[38;2;1;1;3m  [48;2;1;1;1m[38;2;1;1;1m  [48;2;1;0;2m[38;2;13;11;14m│[48;2;78;76;79m[38;2;7;6;8m▊[48;2;248;248;250m[38;2;223;223;225m▎[48;2;240;240;241m[38;2;0;0;0m [48;2;66;64;67m[38;2;238;236;238m▅[48;2;246;244;246m[38;2;0;0;0m [48;2;239;238;240m [48;2;70;68;71m[38;2;237;235;238m▅[48;2;249;249;251m[38;2;249;249;251m  [48;2;250;250;252m[38;2;250;250;252m  [48;2;111;109;112m[38;2;240;238;240m▊[48;2;1;0;2m[38;2;25;23;26m▎[48;2;2;0;3m[38;2;2;0;3m  [48;2;1;1;1m[38;2;1;1;1m          [0m
[48;2;1;1;1m[38;2;1;1;1m                  [48;2;2;0;3m[38;2;2;0;3m    [48;2;3;1;6m[38;2;3;1;6m      [48;2;1;1;3m[38;2;1;1;3m  [48;2;1;1;1m[38;2;1;1;1m    [48;2;1;0;2m[38;2;3;1;4m▝[48;2;24;22;25m[38;2;5;4;6m▅[48;2;206;204;207m[38;2;30;29;31m▅[48;2;249;247;250m[38;2;221;219;221m▎[48;2;250;250;252m[38;2;250;250;252m      [48;2;246;246;248m[38;2;253;253;254m▅[48;2;244;244;246m[38;2;231;231;233m▗[48;2;89;84;88m[38;2;199;195;199m▊[48;2;9;5;8m[38;2;17;12;16m⎺[48;2;2;0;3m[38;2;2;0;3m  [48;2;1;1;3m[38;2;1;1;3m  [48;2;1;1;1m[38;2;1;1;1m        [0m
[48;2;4;2;10m[38;2;23;2;126m▂▂▂▂▂▂▂▂▂▂▂▂▂▂▂▂▂▂[48;2;5;3;12m[38;2;24;2;129m▂▂[48;2;4;2;10m[38;2;23;2;126m▂▂[48;2;5;3;12m[38;2;24;2;129m▂▂▂▂▂▂[48;2;5;3;11m[38;2;24;3;127m▂▂[48;2;4;2;10m[38;2;23;2;126m▂▂▂▂[48;2;5;3;12m[38;2;24;2;129m▂▂[48;2;25;23;35m[38;2;42;26;119m▂[48;2;250;248;250m[38;2;205;201;217m▎[48;2;250;250;252m[38;2;250;250;252m      [48;2;245;244;248m[38;2;245;244;248m▄[48;2;135;134;139m[38;2;248;247;251m▊[48;2;4;2;11m[38;2;23;1;128m▂▂[48;2;5;3;12m[38;2;24;2;129m▂▂[48;2;4;2;10m[38;2;23;2;126m▂▂▂▂▂▂▂▂▂▂[0m
[48;2;38;3;183m[38;2;38;3;183m                                    [48;2;60;29;195m[38;2;36;9;175m▆[48;2;230;222;247m[38;2;59;31;182m▆[48;2;249;249;251m[38;2;231;231;233m▌[38;2;255;255;255m▌[48;2;250;250;252m[38;2;250;250;252m    [48;2;250;249;251m[38;2;236;237;229m│[48;2;136;128;177m[38;2;249;246;253m▊[48;2;38;3;185m[38;2;38;3;185m  [48;2;38;3;183m[38;2;38;3;183m            [0m
[48;2;38;3;183m[38;2;38;3;183m                                    [48;2;35;1;176m[38;2;43;9;184m┃[48;2;60;26;201m[38;2;29;0;170m▌[48;2;234;232;239m[38;2;92;77;170m▂[48;2;243;242;248m[38;2;0;0;0m [48;2;250;250;252m[38;2;250;250;252m    [48;2;252;251;247m[38;2;236;235;240m│[48;2;142;134;183m[38;2;245;242;251m▊[48;2;38;3;185m[38;2;38;3;185m  [48;2;38;3;183m[38;2;38;3;183m            [0m
[48;2;38;3;185m[38;2;38;3;185m                                      [48;2;126;113;183m[38;2;36;10;188m▊[48;2;254;253;250m[38;2;218;217;215m▎[48;2;250;250;252m[38;2;250;250;252m    [48;2;174;165;207m[38;2;243;242;239m▊[48;2;190;179;227m[38;2;44;19;182m▆[48;2;38;3;185m[38;2;38;3;185m              [0m
[48;2;38;3;185m[38;2;38;3;185m                                      [48;2;44;15;181m[38;2;0;0;0m [48;2;208;197;233m[38;2;63;37;182m▆[48;2;248;248;250m[38;2;248;248;250m  [48;2;250;250;252m[38;2;250;250;252m  [48;2;139;127;189m[38;2;243;241;248m▊[48;2;31;0;188m[38;2;60;37;171m▎[48;2;38;3;185m[38;2;38;3;185m              [0m
[48;2;38;3;185m[38;2;38;3;185m                                    [48;2;39;4;184m[38;2;39;4;184m  [48;2;58;8;174m[38;2;177;67;81m▂[48;2;75;29;160m[38;2;195;80;101m▆[48;2;244;221;212m[38;2;213;74;103m▆▆[48;2;232;225;233m[38;2;212;88;115m▆[48;2;242;229;230m[38;2;205;71;90m▂[48;2;207;199;217m[38;2;188;77;130m▂[48;2;41;10;179m[38;2;0;0;0m [48;2;38;3;185m[38;2;38;3;185m              [0m
[48;2;38;3;185m[38;2;38;3;185m                                    [48;2;38;7;175m[38;2;31;8;127m╺[48;2;32;10;121m[38;2;8;0;28m━[48;2;166;51;88m[38;2;7;6;4m▆▆[48;2;173;65;75m[38;2;29;7;10m▆[48;2;182;69;91m[38;2;36;10;23m▂[48;2;220;77;100m[38;2;46;14;23m▃▃[48;2;194;65;88m[38;2;23;12;12m▂[48;2;72;29;91m[38;2;180;69;77m━[48;2;34;7;140m[38;2;9;1;34m━[48;2;39;5;182m[38;2;39;5;182m▄[48;2;38;3;185m[38;2;38;3;185m            [0m
[48;2;38;3;185m[38;2;38;3;185m                                    [48;2;38;3;183m[38;2;38;3;183m  [48;2;20;8;46m[38;2;39;6;182m▆▆[48;2;19;8;43m[38;2;38;5;179m▆▆[48;2;19;7;45m[38;2;38;5;181m▆▆[48;2;20;5;63m[38;2;39;5;181m▆▆[48;2;38;3;185m[38;2;38;3;185m              [0m
[48;2;40;2;185m[38;2;40;2;185m                                                            [0m
[48;2;40;2;185m[38;2;40;2;185m                                                            [0m
