[48;2;1;1;1m[38;2;1;1;1m                                                            [0m
[48;2;1;1;1m[38;2;1;1;1m                                                            [0m
[48;2;1;1;1m[38;2;1;1;1m                                                            [0m
[48;2;1;1;1m[38;2;1;1;1m                                                      [48;2;1;1;3m[38;2;1;1;3m  [48;2;1;1;1m[38;2;1;1;1m    [0m
[48;2;1;1;1m[38;2;1;1;1m                          [48;2;3;1;6m[38;2;3;1;6m  [48;2;1;1;3m[38;2;1;1;3m  [48;2;1;1;1m[38;2;1;1;1m        [48;2;3;1;4m[38;2;3;1;4m  [48;2;3;1;6m[38;2;3;1;6m  [48;2;3;1;4m[38;2;3;1;4m  [48;2;1;1;3m[38;2;1;1;3m  [48;2;1;1;1m[38;2;1;1;1m      [48;2;3;1;4m[38;2;3;1;4m  [48;2;3;1;6m[38;2;3;1;6m  [48;2;2;0;3m[38;2;2;0;3m  [48;2;1;1;1m[38;2;1;1;1m  [0m
[48;2;1;1;1m[38;2;1;1;1m                        [48;2;1;1;3m[38;2;1;1;3m  [48;2;3;1;6m[38;2;3;1;6m    [48;2;2;0;3m[38;2;2;0;3m  [48;2;1;1;3m[38;2;1;1;3m  [48;2;2;0;3m[38;2;2;0;3m  [48;2;15;13;16m[38;2;0;0;0m [48;2;17;15;18m[38;2;202;200;203m▄[48;2;14;10;13m[38;2;218;214;217m▄[48;2;36;32;35m[38;2;223;219;222m▃[48;2;3;1;6m[38;2;12;10;15m▃[48;2;12;10;15m[38;2;3;1;6m▅[48;2;3;1;6m    [48;2;1;1;1m[38;2;1;1;1m    [48;2;3;1;6m[38;2;3;1;6m      [48;2;1;1;3m[38;2;1;1;3m  [48;2;1;1;1m[38;2;1;1;1m  [0m
[48;2;1;1;1m[38;2;1;1;1m                    [48;2;3;1;6m[38;2;3;1;6m    [48;2;3;1;4m[38;2;3;1;4m  [48;2;3;1;6m[38;2;3;1;6m    [48;2;2;0;3m[38;2;2;0;3m  [48;2;3;1;6m[38;2;3;1;6m  [48;2;1;0;4m[38;2;12;10;15m│[48;2;77;75;80m[38;2;7;5;10m▊[48;2;163;161;164m[38;2;236;234;236m▇[48;2;250;248;250m[38;2;235;233;236m╺[48;2;248;248;250m[38;2;248;248;250m  [48;2;140;135;139m[38;2;231;227;230m▇[48;2;23;18;22m[38;2;191;186;190m▄[48;2;3;1;4m[38;2;3;1;4m  [48;2;1;1;3m[38;2;1;1;3m    [48;2;3;1;4m[38;2;3;1;4m  [48;2;3;1;6m[38;2;3;1;6m      [48;2;1;1;3m[38;2;1;1;3m  [48;2;1;1;1m[38;2;1;1;1m  [0m
[48;2;1;1;1m[38;2;1;1;1m                    [48;2;1;1;3m[38;2;1;1;3m  [48;2;3;1;6m[38;2;3;1;6m          [48;2;1;1;3m[38;2;1;1;3m  [48;2;14;6;4m[38;2;0;0;0m [48;2;34;22;22m[38;2;170;67;97m▄[48;2;247;235;240m[38;2;205;87;106m▄[48;2;239;225;231m[38;2;194;76;94m▄[48;2;208;85;111m[38;2;38;18;13m▄[48;2;227;135;150m[38;2;198;62;92m▇[48;2;184;72;106m[38;2;18;14;10m▄[48;2;10;9;6m[38;2;66;35;41m▘[48;2;3;1;6m[38;2;3;1;6m  [48;2;1;1;3m[38;2;1;1;3m  [48;2;2;0;3m[38;2;2;0;3m  [48;2;3;1;4m[38;2;3;1;4m  [48;2;3;1;6m[38;2;3;1;6m        [48;2;3;1;4m[38;2;3;1;4m  [0m
[48;2;1;1;1m[38;2;1;1;1m                    [48;2;2;2;4m[38;2;2;2;4m  [48;2;3;1;4m[38;2;3;1;4m  [48;2;3;1;6m[38;2;3;1;6m          [48;2;58;21;28m[38;2;3;5;7m▊[48;2;215;73;97m[38;2;154;55;75m▎[48;2;218;74;101m[38;2;218;74;101m  [48;2;213;71;97m[38;2;213;71;97m  [48;2;214;93;113m[38;2;148;54;70m▝[48;2;27;17;22m[38;2;230;220;227m▄[48;2;22;20;23m[38;2;228;226;228m▄[48;2;13;12;14m[38;2;205;203;205m▄[48;2;5;3;8m[38;2;46;44;49m▁▁[48;2;3;1;6m[38;2;3;1;6m  [48;2;1;1;3m[38;2;1;1;3m    [48;2;3;1;4m[38;2;3;1;4m  [48;2;3;1;6m[38;2;3;1;6m    [48;2;1;1;3m[38;2;1;1;3m  [0m
[48;2;1;1;1m[38;2;1;1;1m                [48;2;2;0;3m[38;2;2;0;3m  [48;2;3;1;4m[38;2;3;1;4m  [48;2;2;0;3m[38;2;2;0;3m  [48;2;1;1;1m[38;2;1;1;1m  [48;2;1;1;3m[38;2;1;1;3m    [48;2;2;0;3m[38;2;2;0;3m  [48;2;3;1;6m[38;2;3;1;6m  [48;2;1;0;4m[38;2;8;6;11m▄[48;2;8;6;11m[38;2;37;35;40m▂[48;2;41;37;40m[38;2;230;226;229m▄[48;2;231;227;231m[38;2;0;0;0m [48;2;220;84;109m[38;2;249;241;244m▄[48;2;209;73;97m[38;2;239;230;235m▄[48;2;230;121;142m[38;2;213;70;102m▊[48;2;208;87;112m[38;2;241;231;222m▄[48;2;248;248;250m[38;2;248;248;250m  [48;2;250;250;252m[38;2;250;250;252m  [48;2;204;202;205m[38;2;246;244;247m▇[48;2;241;239;242m[38;2;177;175;178m▝[48;2;23;21;24m[38;2;236;234;237m▄▄[48;2;20;15;19m[38;2;195;191;195m▄[48;2;12;8;11m[38;2;51;46;50m▁[48;2;2;2;4m[38;2;2;2;4m  [48;2;1;1;1m[38;2;1;1;1m  [48;2;2;0;3m[38;2;2;0;3m  [48;2;3;1;6m[38;2;3;1;6m  [48;2;1;1;1m[38;2;1;1;1m  [0m
[48;2;1;1;1m[38;2;1;1;1m            [48;2;1;1;3m[38;2;1;1;3m  [48;2;3;1;6m[38;2;3;1;6m      [48;2;1;1;3m[38;2;1;1;3m  [48;2;1;1;1m[38;2;1;1;1m      [48;2;1;1;3m[38;2;1;1;3m  [48;2;3;1;6m[38;2;3;1;6m  [48;2;50;48;51m[38;2;4;3;5m▊[48;2;245;243;246m[38;2;173;171;174m▎[48;2;250;250;252m[38;2;250;250;252m  [48;2;248;246;249m[38;2;248;246;249m  [48;2;209;110;139m[38;2;247;241;240m▄[48;2;246;243;240m[38;2;0;0;0m [48;2;250;250;252m[38;2;250;250;252m    [48;2;246;244;247m[38;2;0;0;0m [48;2;246;244;246m[38;2;165;163;166m▁[48;2;248;246;249m[38;2;157;155;158m▁▁[48;2;247;247;248m[38;2;0;0;0m [48;2;220;220;222m [48;2;23;22;26m[38;2;186;184;188m▄[48;2;1;0;4m[38;2;4;2;7m╷[48;2;3;1;6m[38;2;3;1;6m  [48;2;1;1;3m[38;2;1;1;3m  [48;2;1;1;1m[38;2;1;1;1m    [0m
[48;2;1;1;1m[38;2;1;1;1m            [48;2;3;1;6m[38;2;3;1;6m      [48;2;3;1;4m[38;2;3;1;4m  [48;2;1;1;3m[38;2;1;1;3m  [48;2;1;1;1m[38;2;1;1;1m    [48;2;3;1;6m[38;2;3;1;6m  [48;2;1;1;3m[38;2;1;1;3m  [48;2;2;0;3m[38;2;2;0;3m  [48;2;45;43;46m[38;2;7;5;8m▊[48;2;231;229;231m[38;2;165;163;166m▎[48;2;249;249;251m[38;2;249;249;251m  [48;2;250;250;252m[38;2;250;250;252m        [48;2;122;120;123m[38;2;244;242;244m▊[48;2;18;16;19m[38;2;1;0;2m┃[48;2;1;0;2m[38;2;2;0;3m▄[48;2;25;23;26m[38;2;0;0;0m [48;2;225;221;224m[38;2;55;50;54m▄[48;2;245;241;244m[38;2;142;137;141m▁[48;2;167;155;157m[38;2;229;227;226m▊[48;2;41;26;28m[38;2;219;183;194m▄[48;2;47;17;24m[38;2;173;63;97m▖[48;2;8;4;1m[38;2;0;0;0m [48;2;3;1;6m[38;2;3;1;6m  [48;2;1;1;3m[38;2;1;1;3m  [48;2;1;1;1m[38;2;1;1;1m  [0m
[48;2;1;1;1m[38;2;1;1;1m            [48;2;1;1;3m[38;2;1;1;3m  [48;2;3;1;6m[38;2;3;1;6m  [48;2;2;0;3m[38;2;2;0;3m  [48;2;1;1;1m[38;2;1;1;1m  [48;2;3;1;6m[38;2;3;1;6m    [48;2;1;1;1m[38;2;1;1;1m      [48;2;1;1;3m[38;2;1;1;3m  [48;2;1;0;4m[38;2;7;5;10m▂[48;2;8;6;11m[38;2;21;19;24m▝[48;2;233;229;232m[38;2;46;42;45m▅[48;2;244;240;244m[38;2;229;225;228m▎[48;2;250;250;252m[38;2;250;250;252m        [48;2;121;119;122m[38;2;243;241;244m▊[48;2;1;0;2m[38;2;23;21;24m▎[48;2;1;1;3m[38;2;1;1;3m  [48;2;6;1;4m[38;2;13;7;11m▚[48;2;9;3;7m[38;2;4;0;2m▌[48;2;208;60;90m[38;2;28;9;16m▅[48;2;163;65;78m[38;2;23;10;15m▅[48;2;1;1;3m[38;2;1;1;3m  [48;2;3;1;6m[38;2;3;1;6m    [48;2;1;1;1m[38;2;1;1;1m  [0m
[48;2;1;1;1m[38;2;1;1;1m              [48;2;2;0;3m[38;2;2;0;3m  [48;2;1;1;3m[38;2;1;1;3m    [48;2;3;1;6m[38;2;3;1;6m  [48;2;3;1;4m[38;2;3;1;4m  [48;2;1;1;3m[38;2;1;1;3m  [48;2;1;1;1m[38;2;1;1;1m    [48;2;3;1;6m[38;2;3;1;6m    [48;2;15;11;16m[38;2;0;0;0m [48;2;217;213;218m[38;2;25;21;26m▅[48;2;237;235;238m[38;2;45;43;46m▅[48;2;249;248;250m[38;2;209;207;210m▎[48;2;250;250;252m[38;2;250;250;252m      [48;2;121;119;122m[38;2;243;241;244m▊[48;2;1;0;2m[38;2;23;21;24m▎[48;2;3;1;6m[38;2;3;1;6m    [48;2;1;1;3m[38;2;1;1;3m  [48;2;1;1;1m[38;2;1;1;1m  [48;2;2;0;3m[38;2;2;0;3m  [48;2;3;1;6m[38;2;3;1;6m  [48;2;2;0;3m[38;2;2;0;3m  [0m
[48;2;1;1;1m[38;2;1;1;1m                [48;2;3;1;4m[38;2;3;1;4m  [48;2;3;1;6m[38;2;3;1;6m  [48;2;2;0;3m[38;2;2;0;3m  [48;2;3;1;6m[38;2;3;1;6m  [48;2;2;0;3m[38;2;2;0;3m  [48;2;1;1;1m[38;2;1;1;1m    [48;2;3;1;6m[38;2;3;1;6m      [48;2;16;12;15m[38;2;0;0;0m [48;2;218;214;217m[38;2;68;63;67m▅[48;2;236;233;236m[38;2;42;37;41m▅[48;2;233;229;232m[38;2;78;73;77m▁[48;2;242;239;240m[38;2;78;74;75m▁▁[48;2;237;232;236m[38;2;91;86;90m▁[48;2;227;223;227m[38;2;105;100;104m▁[48;2;195;190;194m[38;2;65;60;64m▅[48;2;3;0;2m[38;2;9;4;8m▄[48;2;3;1;4m[38;2;3;1;4m    [48;2;1;1;1m[38;2;1;1;1m      [48;2;1;1;3m[38;2;1;1;3m  [48;2;1;1;1m[38;2;1;1;1m  [0m
[48;2;1;1;1m[38;2;1;1;1m                    [48;2;0;0;0m[38;2;0;0;0m  [48;2;1;1;3m[38;2;1;1;3m  [48;2;1;1;1m[38;2;1;1;1m    [48;2;2;0;3m[38;2;2;0;3m  [48;2;1;1;3m[38;2;1;1;3m  [48;2;3;1;6m[38;2;3;1;6m  [48;2;3;1;4m[38;2;3;1;4m  [48;2;39;35;38m[38;2;168;163;167m▁[48;2;237;233;236m[38;2;196;191;195m▎[48;2;26;21;25m[38;2;222;218;222m▅[48;2;23;19;22m[38;2;166;161;165m▁[48;2;5;3;8m[38;2;5;3;8m  [48;2;33;29;32m[38;2;186;181;185m▁[48;2;50;45;49m[38;2;233;230;233m▅[48;2;236;234;236m[38;2;0;0;0m [48;2;26;24;27m[38;2;195;193;196m▅[48;2;3;1;6m[38;2;3;1;6m    [48;2;1;1;1m[38;2;1;1;1m          [0m
[48;2;1;1;1m[38;2;1;1;1m                        [48;2;1;1;3m[38;2;1;1;3m  [48;2;3;1;6m[38;2;3;1;6m  [48;2;2;0;3m[38;2;2;0;3m    [48;2;3;1;6m[38;2;3;1;6m  [48;2;1;0;2m[38;2;12;10;13m│[48;2;77;75;78m[38;2;7;5;8m▊[48;2;249;249;251m[38;2;231;231;233m▌[38;2;255;255;255m▌[48;2;244;242;245m[38;2;0;0;0m [48;2;223;221;224m[38;2;128;126;129m▂[48;2;17;13;18m[38;2;120;115;121m▂[48;2;95;90;96m[38;2;16;12;17m▊[48;2;243;243;245m[38;2;239;239;241m▌[48;2;254;254;255m[38;2;250;250;252m▌[48;2;246;244;247m[38;2;246;244;247m▄[48;2;136;134;137m[38;2;249;247;250m▊[48;2;2;0;3m[38;2;2;0;3m  [48;2;1;1;3m[38;2;1;1;3m  [48;2;1;1;1m[38;2;1;1;1m          [0m
[48;2;1;1;1m[38;2;1;1;1m                    [48;2;2;0;3m[38;2;2;0;3m  [48;2;1;1;1m[38;2;1;1;1m  [48;2;3;1;6m[38;2;3;1;6m    [48;2;1;1;3m[38;2;1;1;3m  [48;2;2;0;3m[38;2;2;0;3m  [48;2;1;1;3m[38;2;1;1;3m  [48;2;1;0;0m[38;2;12;10;11m│[48;2;77;75;76m[38;2;7;5;6m▊[48;2;247;247;249m[38;2;221;221;223m▎[48;2;221;221;223m[38;2;247;247;249m▊[48;2;205;199;201m[38;2;101;95;97m▅[48;2;66;60;62m[38;2;222;217;219m▅[48;2;218;212;216m[38;2;121;115;119m▂[48;2;57;51;55m[38;2;180;174;178m▁[48;2;247;247;249m[38;2;247;247;249m  [48;2;246;244;247m[38;2;246;244;247m▄[48;2;136;134;137m[38;2;249;247;250m▊[48;2;2;0;3m[38;2;2;0;3m  [48;2;1;1;3m[38;2;1;1;3m  [48;2;1;1;1m[38;2;1;1;1m          [0m
[48;2;1;1;1m[38;2;1;1;1m                  [48;2;1;1;3m[38;2;1;1;3m  [48;2;2;0;3m[38;2;2;0;3m  [48;2;1;1;3m[38;2;1;1;3m  [48;2;3;1;6m[38;2;3;1;6m    [48;2;2;0;3m[38;2;2;0;3m  [48;2;1;1;3m[38;2;1;1;3m  [48;2;1;1;1m[38;2;1;1;1m  [48;2;18;14;15m[38;2;0;0;0m [48;2;53;49;50m[38;2;230;227;228m▅[48;2;249;249;251m[38;2;249;249;251m  [48;2;250;250;251m[38;2;0;0;0m [48;2;249;249;250m[38;2;211;211;213m▝[48;2;77;75;78m[38;2;244;242;244m▅[48;2;242;241;243m[38;2;0;0;0m [48;2;250;250;252m[38;2;250;250;252m  [48;2;246;244;247m[38;2;246;244;247m▄[48;2;136;134;137m[38;2;249;247;250m▊[48;2;2;0;3m[38;2;2;0;3m    [48;2;1;1;1m[38;2;1;1;1m          [0m
[48;2;1;1;1m[38;2;1;1;1m                  [48;2;2;0;3m[38;2;2;0;3m    [48;2;3;1;6m[38;2;3;1;6m      [48;2;1;1;3m[38;2;1;1;3m  [48;2;1;1;1m[38;2;1;1;1m    [48;2;68;66;67m[38;2;8;6;7m▊[48;2;251;249;250m[38;2;192;190;191m▎[48;2;250;250;252m[38;2;250;250;252m        [48;2;246;244;247m[38;2;246;244;247m▄[48;2;136;134;137m[38;2;249;247;250m▊[48;2;2;0;3m[38;2;2;0;3m    [48;2;1;1;3m[38;2;1;1;3m  [48;2;1;1;1m[38;2;1;1;1m        [0m
[48;2;4;2;10m[38;2;23;2;126m▂▂▂▂▂▂▂▂▂▂▂▂▂▂▂▂▂▂[48;2;5;3;12m[38;2;24;2;129m▂▂[48;2;4;2;10m[38;2;23;2;126m▂▂[48;2;5;3;12m[38;2;24;2;129m▂▂▂▂▂▂[48;2;5;3;11m[38;2;24;3;127m▂▂[48;2;4;2;10m[38;2;23;2;126m▂▂▂▂[48;2;23;21;31m[38;2;41;25;116m▂[48;2;253;251;252m[38;2;194;190;204m▎[48;2;250;250;252m[38;2;250;250;252m        [48;2;246;245;249m[38;2;246;245;249m▄[48;2;136;135;140m[38;2;249;248;252m▊[48;2;5;3;12m[38;2;24;2;129m▂▂▂▂[48;2;4;2;10m[38;2;23;2;126m▂▂▂▂▂▂▂▂▂▂[0m
[48;2;38;3;183m[38;2;38;3;183m                                  [48;2;87;66;187m[38;2;37;7;183m▊[48;2;252;251;245m[38;2;203;193;243m▎[48;2;250;250;252m[38;2;250;250;252m  [48;2;241;241;243m[38;2;251;251;252m▅[48;2;251;251;252m[38;2;241;241;243m▃[48;2;243;241;245m[38;2;102;87;178m▂[48;2;246;245;248m[38;2;0;0;0m [48;2;250;250;252m[38;2;250;250;252m  [48;2;176;167;204m[38;2;239;236;239m▊[48;2;215;210;229m[38;2;50;25;181m▆[48;2;38;3;183m[38;2;38;3;183m              [0m
[48;2;38;3;183m[38;2;38;3;183m                                  [48;2;39;11;180m[38;2;0;0;0m [48;2;223;214;241m[38;2;56;27;183m▆[48;2;248;248;250m[38;2;248;248;250m  [48;2;255;254;255m[38;2;246;245;251m▌[48;2;175;174;180m[38;2;246;245;249m▊[48;2;127;115;181m[38;2;37;12;174m▊[48;2;254;252;255m[38;2;219;217;218m▎[48;2;250;250;252m[38;2;250;250;252m  [48;2;138;126;188m[38;2;243;240;247m▊[48;2;30;0;187m[38;2;59;36;170m▎[48;2;38;3;183m[38;2;38;3;183m              [0m
[48;2;38;3;185m[38;2;38;3;185m                                  [48;2;36;2;177m[38;2;44;10;185m┃[48;2;61;27;202m[38;2;30;0;171m▌[48;2;243;243;245m[38;2;239;239;241m▌[48;2;254;254;255m[38;2;250;250;252m▌[48;2;255;254;255m[38;2;246;245;251m▌[48;2;175;174;180m[38;2;246;245;249m▊[48;2;127;115;181m[38;2;37;12;174m▊[48;2;254;252;255m[38;2;219;217;218m▎[48;2;250;249;253m[38;2;238;237;243m▎[48;2;183;182;188m[38;2;245;244;248m▊[48;2;177;163;217m[38;2;41;11;186m▆[48;2;42;9;181m[38;2;0;0;0m [48;2;38;3;185m[38;2;38;3;185m              [0m
[48;2;38;3;185m[38;2;38;3;185m                                  [48;2;40;5;185m[38;2;40;5;185m  [48;2;209;204;225m[38;2;56;32;177m▆[48;2;249;247;245m[38;2;222;216;248m▎[48;2;246;241;245m[38;2;0;0;0m [48;2;222;217;221m[38;2;203;93;132m▂[48;2;90;72;175m[38;2;43;16;179m▊[48;2;231;226;240m[38;2;80;59;180m▂[48;2;251;251;249m[38;2;242;243;237m│[48;2;153;149;176m[38;2;244;241;254m▊[48;2;38;3;183m[38;2;38;3;183m  [48;2;38;3;185m[38;2;38;3;185m              [0m
[48;2;38;3;185m[38;2;38;3;185m                                  [48;2;38;3;183m[38;2;38;3;183m  [48;2;47;24;179m[38;2;39;9;60m▃[48;2;236;207;206m[38;2;207;68;98m▆[48;2;233;188;187m[38;2;189;73;95m▆[48;2;87;32;154m[38;2;22;7;40m▂[48;2;38;5;176m[38;2;26;12;22m▂[48;2;50;22;173m[38;2;188;62;84m▂[48;2;228;210;220m[38;2;206;74;101m▆[48;2;222;203;212m[38;2;200;68;95m▆[48;2;36;3;167m[38;2;36;24;62m▂[48;2;36;0;187m[38;2;36;4;163m▖[48;2;38;3;185m[38;2;38;3;185m              [0m
[48;2;38;3;185m[38;2;38;3;185m                                  [48;2;36;2;175m[38;2;36;10;134m╺[48;2;36;11;127m[38;2;36;25;57m━[48;2;145;44;65m[38;2;19;14;5m▂[48;2;190;66;94m[38;2;31;10;9m▂[48;2;194;63;90m[38;2;50;26;18m▃[48;2;6;1;9m[38;2;42;15;22m▎[48;2;14;8;8m[38;2;0;0;0m [48;2;136;59;85m[38;2;21;6;11m▆[48;2;215;74;97m[38;2;43;12;20m▃[48;2;207;67;89m[38;2;54;25;33m▃[48;2;92;38;57m[38;2;92;38;57m▄[48;2;33;12;109m[38;2;33;12;109m▄[48;2;38;3;185m[38;2;38;3;185m              [0m
[48;2;38;3;185m[38;2;38;3;185m                                  [48;2;38;3;183m[38;2;38;3;183m  [48;2;19;7;46m[38;2;38;4;182m▆▆[48;2;19;7;45m[38;2;38;5;181m▆▆[48;2;19;8;43m[38;2;38;5;179m▆▆[48;2;19;7;45m[38;2;38;5;181m▆▆[48;2;37;21;80m[38;2;37;2;185m▆[48;2;37;1;184m[38;2;37;4;165m▘[48;2;38;3;185m[38;2;38;3;185m              [0m
[48;2;40;2;185m[38;2;40;2;185m                                                            [0m
[48;2;40;2;185m[38;2;40;2;185m                                                            [0m
