[48;2;1;1;1m[38;2;1;1;1m                                                            [0m
[48;2;1;1;1m[38;2;1;1;1m                                                            [0m
[48;2;1;1;1m[38;2;1;1;1m                                                            [0m
[48;2;1;1;1m[38;2;1;1;1m                                                      [48;2;1;1;3m[38;2;1;1;3m  [48;2;1;1;1m[38;2;1;1;1m    [0m
[48;2;1;1;1m[38;2;1;1;1m                          [48;2;3;1;6m[38;2;3;1;6m  [48;2;1;1;3m[38;2;1;1;3m  [48;2;1;1;1m[38;2;1;1;1m        [48;2;3;1;4m[38;2;3;1;4m  [48;2;3;1;6m[38;2;3;1;6m  [48;2;3;1;4m[38;2;3;1;4m  [48;2;1;1;3m[38;2;1;1;3m  [48;2;1;1;1m[38;2;1;1;1m      [48;2;3;1;4m[38;2;3;1;4m  [48;2;3;1;6m[38;2;3;1;6m  [48;2;2;0;3m[38;2;2;0;3m  [48;2;1;1;1m[38;2;1;1;1m  [0m
[48;2;1;1;1m[38;2;1;1;1m                        [48;2;1;1;3m[38;2;1;1;3m  [48;2;3;1;6m[38;2;3;1;6m    [48;2;2;0;3m[38;2;2;0;3m  [48;2;1;1;3m[38;2;1;1;3m  [48;2;2;0;3m[38;2;2;0;3m  [48;2;15;13;16m[38;2;0;0;0m [48;2;17;15;18m[38;2;202;200;203m▄[48;2;14;10;13m[38;2;218;214;217m▄[48;2;36;32;35m[38;2;223;219;222m▃[48;2;3;1;6m[38;2;12;10;15m▃[48;2;12;10;15m[38;2;3;1;6m▅[48;2;3;1;6m    [48;2;1;1;1m[38;2;1;1;1m    [48;2;3;1;6m[38;2;3;1;6m      [48;2;1;1;3m[38;2;1;1;3m  [48;2;1;1;1m[38;2;1;1;1m  [0m
[48;2;1;1;1m[38;2;1;1;1m                    [48;2;3;1;6m[38;2;3;1;6m    [48;2;3;1;4m[38;2;3;1;4m  [48;2;3;1;6m[38;2;3;1;6m    [48;2;2;0;3m[38;2;2;0;3m  [48;2;3;1;6m[38;2;3;1;6m  [48;2;1;0;4m[38;2;12;10;15m│[48;2;77;75;80m[38;2;7;5;10m▊[48;2;163;161;164m[38;2;236;234;236m▇[48;2;250;248;250m[38;2;235;233;236m╺[48;2;248;248;250m[38;2;248;248;250m  [48;2;140;135;139m[38;2;231;227;230m▇[48;2;23;18;22m[38;2;191;186;190m▄[48;2;3;1;4m[38;2;3;1;4m  [48;2;1;1;3m[38;2;1;1;3m    [48;2;3;1;4m[38;2;3;1;4m  [48;2;3;1;6m[38;2;3;1;6m      [48;2;1;1;3m[38;2;1;1;3m  [48;2;1;1;1m[38;2;1;1;1m  [0m
[48;2;1;1;1m[38;2;1;1;1m                    [48;2;1;1;3m[38;2;1;1;3m  [48;2;3;1;6m[38;2;3;1;6m          [48;2;1;1;3m[38;2;1;1;3m  [48;2;14;6;4m[38;2;0;0;0m [48;2;34;22;22m[38;2;170;67;97m▄[48;2;247;235;240m[38;2;205;87;106m▄[48;2;239;225;231m[38;2;194;76;94m▄[48;2;208;85;111m[38;2;38;18;13m▄[48;2;227;135;150m[38;2;198;62;92m▇[48;2;184;72;106m[38;2;18;14;10m▄[48;2;10;9;6m[38;2;66;35;41m▘[48;2;3;1;6m[38;2;3;1;6m  [48;2;1;1;3m[38;2;1;1;3m  [48;2;2;0;3m[38;2;2;0;3m  [48;2;3;1;4m[38;2;3;1;4m  [48;2;3;1;6m[38;2;3;1;6m        [48;2;3;1;4m[38;2;3;1;4m  [0m
[48;2;1;1;1m[38;2;1;1;1m                    [48;2;2;2;4m[38;2;2;2;4m  [48;2;3;1;4m[38;2;3;1;4m  [48;2;3;1;6m[38;2;3;1;6m          [48;2;58;21;28m[38;2;3;5;7m▊[48;2;215;73;97m[38;2;154;55;75m▎[48;2;218;74;101m[38;2;218;74;101m  [48;2;213;71;97m[38;2;213;71;97m  [48;2;214;93;113m[38;2;148;54;70m▝[48;2;27;17;22m[38;2;230;220;227m▄[48;2;22;20;23m[38;2;228;226;228m▄[48;2;13;12;14m[38;2;205;203;205m▄[48;2;5;3;8m[38;2;46;44;49m▁▁[48;2;3;1;6m[38;2;3;1;6m  [48;2;1;1;3m[38;2;1;1;3m    [48;2;3;1;4m[38;2;3;1;4m  [48;2;3;1;6m[38;2;3;1;6m    [48;2;1;1;3m[38;2;1;1;3m  [0m
[48;2;1;1;1m[38;2;1;1;1m                [48;2;2;0;3m[38;2;2;0;3m  [48;2;3;1;4m[38;2;3;1;4m  [48;2;2;0;3m[38;2;2;0;3m  [48;2;1;1;1m[38;2;1;1;1m  [48;2;1;1;3m[38;2;1;1;3m    [48;2;2;0;3m[38;2;2;0;3m  [48;2;3;1;6m[38;2;3;1;6m    [48;2;74;69;73m[38;2;12;8;11m▊[48;2;240;236;239m[38;2;207;202;206m▎[48;2;220;84;109m[38;2;249;241;244m▄[48;2;209;73;97m[38;2;239;230;235m▄[48;2;230;121;142m[38;2;213;70;102m▊[48;2;208;87;112m[38;2;241;231;222m▄[48;2;248;248;250m[38;2;248;248;250m  [48;2;250;250;252m[38;2;250;250;252m  [48;2;204;202;205m[38;2;246;244;247m▇[48;2;241;239;242m[38;2;177;175;178m▝[48;2;23;21;24m[38;2;236;234;237m▄▄[48;2;20;15;19m[38;2;195;191;195m▄[48;2;12;8;11m[38;2;51;46;50m▁[48;2;2;2;4m[38;2;2;2;4m  [48;2;1;1;1m[38;2;1;1;1m  [48;2;2;0;3m[38;2;2;0;3m  [48;2;3;1;6m[38;2;3;1;6m  [48;2;1;1;1m[38;2;1;1;1m  [0m
[48;2;1;1;1m[38;2;1;1;1m            [48;2;1;1;3m[38;2;1;1;3m  [48;2;3;1;6m[38;2;3;1;6m      [48;2;1;1;3m[38;2;1;1;3m  [48;2;1;1;1m[38;2;1;1;1m      [48;2;1;1;3m[38;2;1;1;3m  [48;2;3;1;6m[38;2;3;1;6m  [48;2;13;11;14m[38;2;0;0;0m [48;2;37;35;38m[38;2;221;219;222m▄[48;2;228;228;230m[38;2;249;249;251m▄[48;2;250;250;252m[38;2;0;0;0m [48;2;248;246;249m[38;2;248;246;249m  [48;2;209;110;139m[38;2;247;241;240m▄[48;2;246;243;240m[38;2;0;0;0m [48;2;250;250;252m[38;2;250;250;252m    [48;2;246;244;247m[38;2;0;0;0m [48;2;246;244;246m[38;2;165;163;166m▁[48;2;248;246;249m[38;2;157;155;158m▁▁[48;2;247;247;248m[38;2;0;0;0m [48;2;220;220;222m [48;2;23;22;26m[38;2;186;184;188m▄[48;2;1;0;4m[38;2;4;2;7m╷[48;2;3;1;6m[38;2;3;1;6m  [48;2;1;1;3m[38;2;1;1;3m  [48;2;1;1;1m[38;2;1;1;1m    [0m
[48;2;1;1;1m[38;2;1;1;1m            [48;2;3;1;6m[38;2;3;1;6m      [48;2;3;1;4m[38;2;3;1;4m  [48;2;1;1;3m[38;2;1;1;3m  [48;2;1;1;1m[38;2;1;1;1m    [48;2;3;1;6m[38;2;3;1;6m  [48;2;1;1;3m[38;2;1;1;3m  [48;2;2;0;3m[38;2;2;0;3m  [48;2;45;43;46m[38;2;7;5;8m▊[48;2;231;229;231m[38;2;165;163;166m▎[48;2;249;249;251m[38;2;249;249;251m  [48;2;250;250;252m[38;2;250;250;252m        [48;2;122;120;123m[38;2;244;242;244m▊[48;2;18;16;19m[38;2;1;0;2m┃[48;2;1;0;2m[38;2;2;0;3m▄[48;2;25;23;26m[38;2;0;0;0m [48;2;224;218;220m[38;2;56;51;52m▄[48;2;250;245;247m[38;2;184;178;180m▁[48;2;132;92;100m[38;2;232;219;219m▊[48;2;56;22;28m[38;2;189;63;100m▖[48;2;3;1;6m[38;2;3;1;6m    [48;2;1;1;3m[38;2;1;1;3m  [48;2;1;1;1m[38;2;1;1;1m  [0m
[48;2;1;1;1m[38;2;1;1;1m            [48;2;1;1;3m[38;2;1;1;3m  [48;2;3;1;6m[38;2;3;1;6m  [48;2;2;0;3m[38;2;2;0;3m  [48;2;1;1;1m[38;2;1;1;1m  [48;2;3;1;6m[38;2;3;1;6m    [48;2;1;1;1m[38;2;1;1;1m      [48;2;1;1;3m[38;2;1;1;3m  [48;2;1;0;4m[38;2;7;5;10m▂[48;2;8;6;11m[38;2;21;19;24m▝[48;2;233;229;232m[38;2;46;42;45m▅[48;2;247;243;246m[38;2;221;217;221m▎[48;2;250;250;252m[38;2;250;250;252m        [48;2;121;119;122m[38;2;243;241;244m▊[48;2;1;0;2m[38;2;23;21;24m▎[48;2;1;1;3m[38;2;1;1;3m  [48;2;8;5;2m[38;2;86;40;51m▝[48;2;203;63;106m[38;2;23;9;10m▅[48;2;39;12;18m[38;2;181;53;94m▘[48;2;5;3;1m[38;2;0;0;0m [48;2;1;1;3m[38;2;1;1;3m  [48;2;3;1;6m[38;2;3;1;6m    [48;2;1;1;1m[38;2;1;1;1m  [0m
[48;2;1;1;1m[38;2;1;1;1m              [48;2;2;0;3m[38;2;2;0;3m  [48;2;1;1;3m[38;2;1;1;3m    [48;2;3;1;6m[38;2;3;1;6m  [48;2;3;1;4m[38;2;3;1;4m  [48;2;1;1;3m[38;2;1;1;3m  [48;2;1;1;1m[38;2;1;1;1m    [48;2;3;1;6m[38;2;3;1;6m    [48;2;15;11;16m[38;2;0;0;0m [48;2;217;213;218m[38;2;25;21;26m▅[48;2;237;235;238m[38;2;45;43;46m▅[48;2;249;248;250m[38;2;209;207;210m▎[48;2;250;250;252m[38;2;250;250;252m      [48;2;121;119;122m[38;2;243;241;244m▊[48;2;1;0;2m[38;2;23;21;24m▎[48;2;3;1;6m[38;2;3;1;6m    [48;2;1;1;3m[38;2;1;1;3m  [48;2;1;1;1m[38;2;1;1;1m  [48;2;2;0;3m[38;2;2;0;3m  [48;2;3;1;6m[38;2;3;1;6m  [48;2;2;0;3m[38;2;2;0;3m  [0m
[48;2;1;1;1m[38;2;1;1;1m                [48;2;3;1;4m[38;2;3;1;4m  [48;2;3;1;6m[38;2;3;1;6m  [48;2;2;0;3m[38;2;2;0;3m  [48;2;3;1;6m[38;2;3;1;6m  [48;2;2;0;3m[38;2;2;0;3m  [48;2;1;1;1m[38;2;1;1;1m    [48;2;3;1;6m[38;2;3;1;6m      [48;2;16;12;15m[38;2;0;0;0m [48;2;223;218;222m[38;2;42;37;41m▅[48;2;242;238;239m[38;2;77;73;74m▁▁[48;2;242;239;240m[38;2;78;74;75m▁▁[48;2;237;232;236m[38;2;91;86;90m▁[48;2;227;223;227m[38;2;105;100;104m▁[48;2;195;190;194m[38;2;65;60;64m▅[48;2;3;0;2m[38;2;9;4;8m▄[48;2;3;1;4m[38;2;3;1;4m    [48;2;1;1;1m[38;2;1;1;1m      [48;2;1;1;3m[38;2;1;1;3m  [48;2;1;1;1m[38;2;1;1;1m  [0m
[48;2;1;1;1m[38;2;1;1;1m                    [48;2;0;0;0m[38;2;0;0;0m  [48;2;1;1;3m[38;2;1;1;3m  [48;2;1;1;1m[38;2;1;1;1m    [48;2;2;0;3m[38;2;2;0;3m  [48;2;1;1;3m[38;2;1;1;3m  [48;2;3;1;6m[38;2;3;1;6m  [48;2;3;1;4m[38;2;3;1;4m  [48;2;28;23;27m[38;2;172;167;171m▁[48;2;27;22;26m[38;2;223;219;222m▅[48;2;24;19;23m[38;2;216;212;215m▅[48;2;24;20;23m[38;2;172;167;171m▁[48;2;5;3;8m[38;2;5;3;8m  [48;2;33;29;32m[38;2;186;181;185m▁[48;2;50;45;49m[38;2;233;230;233m▅[48;2;136;131;135m[38;2;241;237;240m▊[48;2;24;20;23m[38;2;139;134;138m▁[48;2;3;1;6m[38;2;3;1;6m    [48;2;1;1;1m[38;2;1;1;1m          [0m
[48;2;1;1;1m[38;2;1;1;1m                        [48;2;1;1;3m[38;2;1;1;3m  [48;2;3;1;6m[38;2;3;1;6m  [48;2;2;0;3m[38;2;2;0;3m    [48;2;3;1;6m[38;2;3;1;6m  [48;2;9;7;10m[38;2;0;0;0m [48;2;36;34;37m[38;2;156;154;157m▁[48;2;250;250;251m[38;2;232;232;234m▌[48;2;250;250;252m[38;2;255;255;255m▌[48;2;244;242;245m[38;2;0;0;0m [48;2;223;221;224m[38;2;128;126;129m▂[48;2;17;13;18m[38;2;120;115;121m▂[48;2;95;90;96m[38;2;16;12;17m▊[48;2;243;243;245m[38;2;239;239;241m▌[48;2;254;254;255m[38;2;250;250;252m▌[48;2;246;244;247m[38;2;246;244;247m▄[48;2;136;134;137m[38;2;249;247;250m▊[48;2;2;0;3m[38;2;2;0;3m  [48;2;1;1;3m[38;2;1;1;3m  [48;2;1;1;1m[38;2;1;1;1m          [0m
[48;2;1;1;1m[38;2;1;1;1m                    [48;2;2;0;3m[38;2;2;0;3m  [48;2;1;1;1m[38;2;1;1;1m  [48;2;3;1;6m[38;2;3;1;6m    [48;2;1;1;3m[38;2;1;1;3m  [48;2;2;0;3m[38;2;2;0;3m  [48;2;1;1;3m[38;2;1;1;3m  [48;2;68;66;67m[38;2;8;6;7m▊[48;2;251;249;250m[38;2;192;190;191m▎[48;2;248;248;250m[38;2;248;248;250m  [48;2;214;209;211m[38;2;82;76;78m▁[48;2;55;49;51m[38;2;187;181;183m▁[48;2;170;164;168m[38;2;238;232;236m▊[48;2;58;52;56m[38;2;182;176;180m▁[48;2;247;247;249m[38;2;247;247;249m  [48;2;246;244;247m[38;2;246;244;247m▄[48;2;136;134;137m[38;2;249;247;250m▊[48;2;2;0;3m[38;2;2;0;3m  [48;2;1;1;3m[38;2;1;1;3m  [48;2;1;1;1m[38;2;1;1;1m          [0m
[48;2;1;1;1m[38;2;1;1;1m                  [48;2;1;1;3m[38;2;1;1;3m  [48;2;2;0;3m[38;2;2;0;3m  [48;2;1;1;3m[38;2;1;1;3m  [48;2;3;1;6m[38;2;3;1;6m    [48;2;2;0;3m[38;2;2;0;3m  [48;2;1;1;3m[38;2;1;1;3m  [48;2;2;2;2m[38;2;2;2;2m  [48;2;34;29;33m[38;2;212;207;211m▁[48;2;251;247;250m[38;2;206;201;205m▎[48;2;250;250;251m[38;2;0;0;0m [48;2;249;249;250m[38;2;211;211;213m▝[48;2;69;67;70m[38;2;238;236;239m▅[48;2;244;243;245m[38;2;0;0;0m [48;2;250;250;252m[38;2;250;250;252m    [48;2;249;249;250m[38;2;232;232;234m╵[48;2;238;238;239m[38;2;0;0;0m [48;2;84;80;83m[38;2;230;226;230m┓[48;2;16;11;15m[38;2;3;0;2m┏[48;2;2;0;3m[38;2;2;0;3m  [48;2;1;1;1m[38;2;1;1;1m          [0m
[48;2;1;1;1m[38;2;1;1;1m                  [48;2;2;0;3m[38;2;2;0;3m    [48;2;3;1;6m[38;2;3;1;6m      [48;2;1;1;3m[38;2;1;1;3m  [48;2;1;1;1m[38;2;1;1;1m  [48;2;0;0;2m[38;2;5;5;7m│[48;2;64;64;66m[38;2;6;6;8m▊[48;2;255;255;255m[38;2;236;236;238m▌[48;2;252;252;253m[38;2;244;244;246m┃[48;2;250;250;252m[38;2;250;250;252m          [48;2;138;136;139m[38;2;242;240;242m▊[48;2;21;19;22m[38;2;192;190;193m▁[48;2;2;0;5m[38;2;2;0;5m  [48;2;1;1;3m[38;2;1;1;3m  [48;2;1;1;1m[38;2;1;1;1m        [0m
[48;2;4;2;10m[38;2;23;2;126m▂▂▂▂▂▂▂▂▂▂▂▂▂▂▂▂▂▂[48;2;5;3;12m[38;2;24;2;129m▂▂[48;2;4;2;10m[38;2;23;2;126m▂▂[48;2;5;3;12m[38;2;24;2;129m▂▂▂▂▂▂[48;2;5;3;11m[38;2;24;3;127m▂▂[48;2;4;2;10m[38;2;23;2;126m▂▂[48;2;9;6;14m[38;2;27;6;130m▂[48;2;16;14;21m[38;2;33;15;136m▂[48;2;255;255;255m[38;2;236;236;238m▌[48;2;252;252;253m[38;2;244;244;246m┃[48;2;250;250;252m[38;2;250;250;252m  [48;2;248;248;250m[38;2;248;248;250m  [48;2;248;248;248m[38;2;103;87;185m▂▂[48;2;250;250;252m[38;2;250;250;252m    [48;2;239;238;243m[38;2;251;250;253m▌[48;2;102;101;106m[38;2;248;247;251m▊[48;2;4;2;11m[38;2;23;1;128m▂▂[48;2;4;2;10m[38;2;23;2;126m▂▂▂▂▂▂▂▂▂▂[0m
[48;2;38;3;183m[38;2;38;3;183m                                [48;2;43;13;181m[38;2;19;0;166m╷[48;2;62;33;190m[38;2;216;207;239m▆[48;2;249;249;251m[38;2;249;249;251m  [48;2;250;250;252m[38;2;250;250;252m  [48;2;243;243;243m[38;2;0;0;0m [48;2;222;218;237m[38;2;66;47;173m▂[48;2;25;0;147m[38;2;45;11;186m▊[48;2;153;134;216m[38;2;39;4;185m▊[48;2;249;249;251m[38;2;249;249;251m  [48;2;250;250;252m[38;2;250;250;252m  [48;2;253;253;251m[38;2;238;235;254m│[48;2;124;112;184m[38;2;242;242;240m▊[48;2;37;2;184m[38;2;37;2;184m  [48;2;38;3;183m[38;2;38;3;183m          [0m
[48;2;38;3;183m[38;2;38;3;183m                                [48;2;70;48;175m[38;2;33;5;185m▊[48;2;248;247;247m[38;2;187;176;232m▎[48;2;250;250;252m[38;2;250;250;252m  [48;2;239;238;243m[38;2;252;251;254m┃[48;2;204;203;208m[38;2;247;246;249m▊[48;2;205;196;229m[38;2;48;21;177m▆[48;2;44;12;187m[38;2;0;0;0m [48;2;33;1;174m[38;2;46;12;187m▘[48;2;37;5;178m[38;2;76;42;217m▝[48;2;226;222;237m[38;2;68;43;184m▆[48;2;246;244;241m[38;2;229;227;228m╵[48;2;250;250;252m[38;2;250;250;252m  [48;2;177;168;211m[38;2;244;241;247m▊[48;2;194;188;212m[38;2;45;20;178m▆[48;2;38;3;183m[38;2;38;3;183m            [0m
[48;2;38;3;185m[38;2;38;3;185m                                [48;2;70;48;175m[38;2;33;5;185m▊[48;2;248;247;247m[38;2;187;176;232m▎[48;2;250;250;252m[38;2;250;250;252m  [48;2;199;191;230m[38;2;249;246;249m▊[48;2;203;198;221m[38;2;48;23;174m▆[48;2;39;4;184m[38;2;39;4;184m  [48;2;38;3;185m[38;2;38;3;185m  [48;2;113;96;192m[38;2;36;5;185m▊[48;2;250;249;243m[38;2;229;224;247m▎[48;2;250;250;252m[38;2;250;250;252m  [48;2;161;147;208m[38;2;249;244;249m▊[48;2;40;5;194m[38;2;33;9;161m▌[48;2;38;3;185m[38;2;38;3;185m            [0m
[48;2;38;3;185m[38;2;38;3;185m                                [48;2;41;8;185m[38;2;0;0;0m [48;2;203;192;226m[38;2;47;19;176m▆[48;2;237;232;235m[38;2;184;94;124m▂[48;2;244;241;242m[38;2;0;0;0m [48;2;216;209;229m[38;2;73;48;175m▂[48;2;43;17;178m[38;2;38;7;195m▄[48;2;38;3;185m[38;2;38;3;185m    [48;2;41;11;187m[38;2;0;0;0m [48;2;222;213;231m[38;2;69;46;176m▆[48;2;253;253;251m[38;2;241;242;232m▌[48;2;173;169;194m[38;2;243;240;250m▊[48;2;185;170;225m[38;2;43;11;188m▆[48;2;45;11;192m[38;2;33;5;164m▚[48;2;38;3;185m[38;2;38;3;185m            [0m
[48;2;38;3;185m[38;2;38;3;185m                                [48;2;39;4;182m[38;2;39;4;182m  [48;2;218;78;110m[38;2;152;60;75m▎[48;2;218;182;180m[38;2;204;79;105m▆[48;2;36;6;165m[38;2;17;8;38m▂▂[48;2;36;3;185m[38;2;20;8;51m▃▃[48;2;36;3;183m[38;2;20;9;49m▃▃[48;2;45;8;184m[38;2;23;4;64m▃[48;2;48;18;157m[38;2;28;17;29m▂[48;2;235;215;209m[38;2;214;76;109m▆[48;2;208;200;201m[38;2;188;61;102m▆[48;2;38;3;185m[38;2;38;3;185m              [0m
[48;2;38;3;185m[38;2;38;3;185m                                [48;2;38;6;177m[38;2;38;6;177m▄[48;2;33;9;135m[38;2;8;2;25m━[48;2;131;54;72m[38;2;21;10;7m▆[48;2;185;59;94m[38;2;28;12;11m▂[48;2;62;25;33m[38;2;184;65;101m━[48;2;16;6;6m[38;2;0;0;0m [48;2;2;0;3m[38;2;2;0;3m  [48;2;3;1;4m[38;2;3;1;4m  [48;2;16;10;6m[38;2;0;0;0m [48;2;146;43;73m[38;2;19;12;9m▂[48;2;217;71;91m[38;2;48;16;19m▃[48;2;187;62;97m[38;2;41;25;45m▃[48;2;34;7;142m[38;2;9;0;28m━[48;2;39;4;184m[38;2;39;4;184m▄[48;2;38;3;185m[38;2;38;3;185m            [0m
[48;2;38;3;185m[38;2;38;3;185m                                  [48;2;20;8;46m[38;2;39;6;182m▆▆[48;2;19;7;45m[38;2;38;5;181m▆▆▆▆[48;2;19;8;43m[38;2;38;5;179m▆▆[48;2;19;7;45m[38;2;38;5;181m▆▆[48;2;20;5;63m[38;2;39;5;181m▆▆[48;2;38;3;185m[38;2;38;3;185m              [0m
[48;2;40;2;185m[38;2;40;2;185m                                                            [0m
[48;2;40;2;185m[38;2;40;2;185m                                                            [0m
