[48;2;1;1;1m[38;2;1;1;1m                                                            [0m
[48;2;1;1;1m[38;2;1;1;1m                                                            [0m
[48;2;1;1;1m[38;2;1;1;1m                                                            [0m
[48;2;1;1;1m[38;2;1;1;1m                                                      [48;2;1;1;3m[38;2;1;1;3m  [48;2;1;1;1m[38;2;1;1;1m    [0m
[48;2;1;1;1m[38;2;1;1;1m                          [48;2;3;1;6m[38;2;3;1;6m  [48;2;1;1;3m[38;2;1;1;3m  [48;2;1;1;1m[38;2;1;1;1m        [48;2;3;1;4m[38;2;3;1;4m  [48;2;3;1;6m[38;2;3;1;6m  [48;2;3;1;4m[38;2;3;1;4m  [48;2;1;1;3m[38;2;1;1;3m  [48;2;1;1;1m[38;2;1;1;1m      [48;2;3;1;4m[38;2;3;1;4m  [48;2;3;1;6m[38;2;3;1;6m  [48;2;2;0;3m[38;2;2;0;3m  [48;2;1;1;1m[38;2;1;1;1m  [0m
[48;2;1;1;1m[38;2;1;1;1m                        [48;2;1;1;3m[38;2;1;1;3m  [48;2;3;1;6m[38;2;3;1;6m    [48;2;2;0;3m[38;2;2;0;3m  [48;2;1;1;3m[38;2;1;1;3m  [48;2;2;0;3m[38;2;2;0;3m  [48;2;4;2;5m[38;2;4;2;5m  [48;2;5;3;6m[38;2;5;3;6m  [48;2;2;0;3m[38;2;2;0;3m  [48;2;3;1;6m[38;2;3;1;6m    [48;2;1;1;1m[38;2;1;1;1m    [48;2;3;1;6m[38;2;3;1;6m      [48;2;1;1;3m[38;2;1;1;3m  [48;2;1;1;1m[38;2;1;1;1m  [0m
[48;2;1;1;1m[38;2;1;1;1m                    [48;2;3;1;6m[38;2;3;1;6m    [48;2;3;1;4m[38;2;3;1;4m  [48;2;3;1;6m[38;2;3;1;6m    [48;2;2;0;3m[38;2;2;0;3m  [48;2;3;1;6m[38;2;3;1;6m  [48;2;1;0;4m▖[48;2;5;3;8m[38;2;41;39;44m▗[48;2;33;31;34m[38;2;213;211;214m▄[48;2;162;160;163m[38;2;240;238;241m▇[48;2;171;169;172m[38;2;243;241;244m▇[48;2;149;147;150m[38;2;238;236;239m▇[48;2;21;17;20m[38;2;196;192;196m▄[48;2;14;10;13m[38;2;0;0;0m [48;2;2;0;3m[38;2;2;0;3m  [48;2;1;1;3m[38;2;1;1;3m    [48;2;3;1;4m[38;2;3;1;4m  [48;2;3;1;6m[38;2;3;1;6m      [48;2;1;1;3m[38;2;1;1;3m  [48;2;1;1;1m[38;2;1;1;1m  [0m
[48;2;1;1;1m[38;2;1;1;1m                    [48;2;1;1;3m[38;2;1;1;3m  [48;2;3;1;6m[38;2;3;1;6m          [48;2;1;1;3m[38;2;1;1;3m  [48;2;1;0;2m[38;2;14;12;15m▌[48;2;79;77;80m[38;2;8;6;9m▊[48;2;250;246;249m[38;2;225;220;224m▎[48;2;225;220;224m[38;2;247;243;247m▊[48;2;247;243;245m[38;2;207;77;100m▄▄[48;2;239;235;232m[38;2;188;81;113m▄[48;2;185;186;181m[38;2;40;25;25m▄[48;2;4;2;7m[38;2;4;2;7m  [48;2;1;1;3m[38;2;1;1;3m  [48;2;2;0;3m[38;2;2;0;3m  [48;2;3;1;4m[38;2;3;1;4m  [48;2;3;1;6m[38;2;3;1;6m        [48;2;3;1;4m[38;2;3;1;4m  [0m
[48;2;1;1;1m[38;2;1;1;1m                    [48;2;2;2;4m[38;2;2;2;4m  [48;2;3;1;4m[38;2;3;1;4m  [48;2;3;1;6m[38;2;3;1;6m        [48;2;7;2;6m[38;2;7;2;6m  [48;2;172;71;85m[38;2;208;66;94m▆[48;2;188;77;94m[38;2;215;71;99m▅[48;2;231;215;205m[38;2;216;85;113m▄[48;2;212;73;104m[38;2;211;98;120m▘[48;2;45;17;12m[38;2;205;74;100m▄[48;2;193;62;88m[38;2;213;67;98m▄[48;2;25;14;13m[38;2;166;63;93m▄[48;2;17;8;7m[38;2;0;0;0m [48;2;4;3;5m[38;2;45;43;46m▁▁[48;2;3;1;6m[38;2;3;1;6m    [48;2;1;1;3m[38;2;1;1;3m    [48;2;3;1;4m[38;2;3;1;4m  [48;2;3;1;6m[38;2;3;1;6m    [48;2;1;1;3m[38;2;1;1;3m  [0m
[48;2;1;1;1m[38;2;1;1;1m                [48;2;2;0;3m[38;2;2;0;3m  [48;2;3;1;4m[38;2;3;1;4m  [48;2;2;0;3m[38;2;2;0;3m  [48;2;1;1;1m[38;2;1;1;1m  [48;2;1;1;3m[38;2;1;1;3m    [48;2;2;0;3m[38;2;2;0;3m  [48;2;3;1;6m[38;2;3;1;6m    [48;2;55;18;25m[38;2;13;9;13m▊[48;2;205;79;97m[38;2;159;65;83m▎[48;2;213;69;102m[38;2;245;228;219m▄[48;2;213;78;108m[38;2;199;111;125m▁[48;2;211;73;98m[38;2;198;60;85m▖[48;2;216;78;103m[38;2;229;91;116m▗[48;2;203;100;130m[38;2;243;238;237m▄[48;2;242;235;233m[38;2;0;0;0m [48;2;201;199;202m[38;2;244;243;245m▇[48;2;246;245;247m[38;2;187;185;188m▝[48;2;29;24;28m[38;2;232;228;232m▄[48;2;18;14;17m[38;2;209;204;208m▄[48;2;1;0;2m[38;2;10;8;11m▄▄[48;2;3;1;4m[38;2;19;17;20m▃[48;2;8;6;9m[38;2;3;2;4m▚[48;2;2;2;4m[38;2;2;2;4m  [48;2;1;1;1m[38;2;1;1;1m  [48;2;2;0;3m[38;2;2;0;3m  [48;2;3;1;6m[38;2;3;1;6m  [48;2;1;1;1m[38;2;1;1;1m  [0m
[48;2;1;1;1m[38;2;1;1;1m            [48;2;1;1;3m[38;2;1;1;3m  [48;2;3;1;6m[38;2;3;1;6m      [48;2;1;1;3m[38;2;1;1;3m  [48;2;1;1;1m[38;2;1;1;1m      [48;2;1;1;3m[38;2;1;1;3m  [48;2;3;1;6m[38;2;3;1;6m  [48;2;1;0;2m[38;2;4;2;5m▄[48;2;13;12;14m[38;2;94;92;95m▁[48;2;42;41;43m[38;2;227;225;227m▄[48;2;241;240;242m[38;2;0;0;0m [48;2;253;249;250m[38;2;245;241;242m┃[48;2;227;223;224m[38;2;255;253;254m▌[48;2;223;124;138m[38;2;194;69;92m┃[48;2;247;248;251m[38;2;248;218;224m▎[48;2;250;250;252m[38;2;250;250;252m      [48;2;241;241;243m[38;2;252;252;253m▄▄[48;2;220;218;221m[38;2;0;0;0m [48;2;22;20;23m[38;2;195;193;195m▄[48;2;9;8;10m[38;2;69;67;70m▁[48;2;1;0;2m[38;2;3;1;4m▄[48;2;3;1;6m[38;2;3;1;6m  [48;2;1;1;3m[38;2;1;1;3m  [48;2;1;1;1m[38;2;1;1;1m    [0m
[48;2;1;1;1m[38;2;1;1;1m            [48;2;3;1;6m[38;2;3;1;6m      [48;2;3;1;4m[38;2;3;1;4m  [48;2;1;1;3m[38;2;1;1;3m  [48;2;1;1;1m[38;2;1;1;1m    [48;2;3;1;6m[38;2;3;1;6m  [48;2;1;1;3m[38;2;1;1;3m  [48;2;2;0;3m[38;2;2;0;3m  [48;2;52;50;53m[38;2;6;4;7m▊[48;2;246;245;247m[38;2;175;173;176m▎[48;2;250;250;252m[38;2;250;250;252m    [48;2;249;249;251m[38;2;249;249;251m  [48;2;250;250;252m[38;2;250;250;252m    [48;2;225;224;226m[38;2;0;0;0m [48;2;217;215;218m[38;2;17;15;18m▄[48;2;223;221;223m[38;2;13;11;14m▄[48;2;226;224;227m[38;2;44;43;45m▄[48;2;252;250;252m[38;2;225;223;226m▂[48;2;248;246;248m[38;2;236;234;237m▁[48;2;80;78;81m[38;2;231;229;232m▊[48;2;1;0;2m[38;2;12;10;13m│[48;2;3;1;6m[38;2;3;1;6m    [48;2;1;1;3m[38;2;1;1;3m  [48;2;1;1;1m[38;2;1;1;1m  [0m
[48;2;1;1;1m[38;2;1;1;1m            [48;2;1;1;3m[38;2;1;1;3m  [48;2;3;1;6m[38;2;3;1;6m  [48;2;2;0;3m[38;2;2;0;3m  [48;2;1;1;1m[38;2;1;1;1m  [48;2;3;1;6m[38;2;3;1;6m    [48;2;1;1;1m[38;2;1;1;1m      [48;2;1;1;3m[38;2;1;1;3m  [48;2;6;1;5m[38;2;3;0;2m▗[48;2;223;219;222m[38;2;39;34;38m▅[48;2;238;236;239m[38;2;137;135;138m▁[48;2;248;246;248m[38;2;0;0;0m [48;2;250;250;252m[38;2;250;250;252m        [48;2;121;119;122m[38;2;243;241;244m▊[48;2;1;0;2m[38;2;23;21;24m▎[48;2;4;0;2m[38;2;14;8;12m▂[48;2;9;4;7m[38;2;39;33;37m▝[48;2;201;94;110m[38;2;49;23;30m▄[48;2;231;218;223m[38;2;182;63;83m▄[48;2;133;77;94m[38;2;233;212;222m▘[48;2;5;2;1m[38;2;0;0;0m [48;2;1;1;3m[38;2;1;1;3m  [48;2;3;1;6m[38;2;3;1;6m    [48;2;1;1;1m[38;2;1;1;1m  [0m
[48;2;1;1;1m[38;2;1;1;1m              [48;2;2;0;3m[38;2;2;0;3m  [48;2;1;1;3m[38;2;1;1;3m    [48;2;3;1;6m[38;2;3;1;6m  [48;2;3;1;4m[38;2;3;1;4m  [48;2;1;1;3m[38;2;1;1;3m  [48;2;1;1;1m[38;2;1;1;1m    [48;2;3;1;6m[38;2;3;1;6m    [48;2;59;54;58m[38;2;7;3;6m▊[48;2;230;226;230m[38;2;112;107;111m▁[48;2;239;239;241m[38;2;127;127;129m▁[48;2;247;247;249m[38;2;0;0;0m [48;2;250;250;252m[38;2;250;250;252m      [48;2;121;119;122m[38;2;243;241;244m▊[48;2;1;0;2m[38;2;23;21;24m▎[48;2;3;1;6m[38;2;3;1;6m    [48;2;1;1;3m[38;2;1;1;3m  [48;2;1;1;1m[38;2;1;1;1m  [48;2;2;0;3m[38;2;2;0;3m  [48;2;3;1;6m[38;2;3;1;6m  [48;2;2;0;3m[38;2;2;0;3m  [0m
[48;2;1;1;1m[38;2;1;1;1m                [48;2;3;1;4m[38;2;3;1;4m  [48;2;3;1;6m[38;2;3;1;6m  [48;2;2;0;3m[38;2;2;0;3m  [48;2;3;1;6m[38;2;3;1;6m  [48;2;2;0;3m[38;2;2;0;3m  [48;2;1;1;1m[38;2;1;1;1m    [48;2;3;1;6m[38;2;3;1;6m      [48;2;61;56;60m[38;2;13;9;12m▊[48;2;228;224;227m[38;2;116;111;115m▁[48;2;250;250;252m[38;2;250;250;252m    [48;2;248;248;250m[38;2;248;248;250m  [48;2;110;105;109m[38;2;217;212;216m▊[48;2;8;3;7m[38;2;35;30;34m▎[48;2;3;1;4m[38;2;3;1;4m    [48;2;1;1;1m[38;2;1;1;1m      [48;2;1;1;3m[38;2;1;1;3m  [48;2;1;1;1m[38;2;1;1;1m  [0m
[48;2;1;1;1m[38;2;1;1;1m                    [48;2;0;0;0m[38;2;0;0;0m  [48;2;1;1;3m[38;2;1;1;3m  [48;2;1;1;1m[38;2;1;1;1m    [48;2;2;0;3m[38;2;2;0;3m  [48;2;1;1;3m[38;2;1;1;3m  [48;2;3;1;6m[38;2;3;1;6m  [48;2;2;0;3m[38;2;2;0;3m  [48;2;52;48;51m[38;2;13;8;12m▊[48;2;51;47;50m[38;2;203;198;202m▅[48;2;214;210;211m[38;2;68;64;65m▅[48;2;226;222;223m[38;2;25;22;22m▅[48;2;226;221;225m[38;2;22;18;21m▅▅[48;2;226;221;224m[38;2;29;24;27m▅[48;2;201;196;199m[38;2;93;87;91m▅[48;2;20;15;19m[38;2;197;193;196m▅[48;2;3;0;2m[38;2;12;7;11m▄[48;2;3;1;6m[38;2;3;1;6m    [48;2;1;1;1m[38;2;1;1;1m          [0m
[48;2;1;1;1m[38;2;1;1;1m                        [48;2;1;1;3m[38;2;1;1;3m  [48;2;3;1;6m[38;2;3;1;6m  [48;2;2;0;3m[38;2;2;0;3m    [48;2;3;1;6m[38;2;3;1;6m  [48;2;6;5;7m[38;2;0;0;0m [48;2;15;14;16m [48;2;59;57;60m[38;2;225;223;226m▅[48;2;244;242;244m[38;2;0;0;0m [48;2;239;237;240m [48;2;41;40;42m[38;2;207;205;208m▅[48;2;17;12;16m[38;2;0;0;0m [48;2;21;17;20m[38;2;135;130;134m▂[48;2;73;71;74m[38;2;181;179;182m▅[48;2;255;254;255m[38;2;255;253;255m▄[48;2;238;237;239m[38;2;0;0;0m [48;2;31;29;32m[38;2;196;194;197m▅[48;2;2;0;3m[38;2;2;0;3m  [48;2;1;1;3m[38;2;1;1;3m  [48;2;1;1;1m[38;2;1;1;1m          [0m
[48;2;1;1;1m[38;2;1;1;1m                    [48;2;2;0;3m[38;2;2;0;3m  [48;2;1;1;1m[38;2;1;1;1m  [48;2;3;1;6m[38;2;3;1;6m    [48;2;1;1;3m[38;2;1;1;3m  [48;2;2;0;3m[38;2;2;0;3m  [48;2;1;1;3m[38;2;1;1;3m  [48;2;1;0;0m[38;2;85;83;84m [48;2;50;48;49m[38;2;228;226;227m▅[48;2;234;229;233m[38;2;0;0;0m [48;2;225;221;224m[38;2;95;90;94m▅[48;2;224;219;221m[38;2;64;58;60m▁[48;2;207;202;204m[38;2;95;90;91m▅[48;2;75;70;74m[38;2;227;222;226m▅[48;2;213;209;213m[38;2;120;115;119m▂[48;2;57;52;56m[38;2;194;189;193m▁[48;2;247;243;246m[38;2;232;227;231m▎[48;2;246;244;247m[38;2;246;244;247m▄[48;2;136;134;137m[38;2;249;247;250m▊[48;2;2;0;3m[38;2;2;0;3m  [48;2;1;1;3m[38;2;1;1;3m  [48;2;1;1;1m[38;2;1;1;1m          [0m
[48;2;1;1;1m[38;2;1;1;1m                  [48;2;1;1;3m[38;2;1;1;3m  [48;2;2;0;3m[38;2;2;0;3m  [48;2;1;1;3m[38;2;1;1;3m  [48;2;3;1;6m[38;2;3;1;6m    [48;2;2;0;3m[38;2;2;0;3m  [48;2;1;1;3m[38;2;1;1;3m  [48;2;3;3;3m[38;2;13;13;13m╵[48;2;34;34;34m[38;2;5;5;5m▊[48;2;52;50;53m[38;2;225;223;226m▅[48;2;255;254;255m[38;2;255;253;255m▄[48;2;250;250;251m[38;2;0;0;0m [48;2;249;249;250m[38;2;211;211;213m▝[48;2;69;67;70m[38;2;238;236;239m▅[48;2;244;243;245m[38;2;0;0;0m [48;2;239;238;240m [48;2;70;68;71m[38;2;237;235;238m▅[48;2;249;249;251m[38;2;249;249;251m  [48;2;249;249;250m[38;2;232;232;234m╵[48;2;238;238;239m[38;2;0;0;0m [48;2;84;80;83m[38;2;230;226;230m┓[48;2;16;11;15m[38;2;3;0;2m┏[48;2;2;0;3m[38;2;2;0;3m  [48;2;1;1;1m[38;2;1;1;1m          [0m
[48;2;1;1;1m[38;2;1;1;1m                  [48;2;2;0;3m[38;2;2;0;3m    [48;2;3;1;6m[38;2;3;1;6m      [48;2;1;1;3m[38;2;1;1;3m  [48;2;1;1;1m[38;2;1;1;1m  [48;2;0;0;2m[38;2;5;5;7m│[48;2;64;64;66m[38;2;6;6;8m▊[48;2;255;255;255m[38;2;236;236;238m▌[48;2;252;252;253m[38;2;244;244;246m┃[48;2;250;250;252m[38;2;250;250;252m  [48;2;248;248;250m[38;2;248;248;250m  [48;2;216;212;215m[38;2;26;21;25m▁[38;2;40;35;39m▅[48;2;231;229;232m[38;2;71;69;72m▁[48;2;245;244;246m[38;2;0;0;0m [48;2;250;250;252m[38;2;250;250;252m  [48;2;138;136;139m[38;2;242;240;242m▊[48;2;21;19;22m[38;2;192;190;193m▁[48;2;2;0;5m[38;2;2;0;5m  [48;2;1;1;3m[38;2;1;1;3m  [48;2;1;1;1m[38;2;1;1;1m        [0m
[48;2;4;2;10m[38;2;23;2;126m▂▂▂▂▂▂▂▂▂▂▂▂▂▂▂▂▂▂[48;2;5;3;12m[38;2;24;2;129m▂▂[48;2;4;2;10m[38;2;23;2;126m▂▂[48;2;5;3;12m[38;2;24;2;129m▂▂▂▂▂▂[48;2;5;3;11m[38;2;24;3;127m▂▂[48;2;4;2;10m[38;2;23;2;126m▂▂[48;2;12;11;14m[38;2;35;16;132m▂[48;2;39;41;26m[38;2;207;203;217m▆[48;2;248;248;250m[38;2;248;248;250m  [48;2;250;250;252m[38;2;250;250;252m  [48;2;243;240;243m[38;2;0;0;0m [48;2;210;206;219m[38;2;37;21;142m▁[48;2;14;11;20m[38;2;33;11;138m▂[48;2;4;2;11m[38;2;22;2;126m▂[48;2;37;36;37m[38;2;42;19;154m▂[48;2;238;236;241m[38;2;124;105;207m▂[48;2;250;250;252m[38;2;250;250;252m  [48;2;239;238;243m[38;2;251;250;253m▌[48;2;102;101;106m[38;2;248;247;251m▊[48;2;4;2;11m[38;2;23;1;128m▂▂[48;2;4;2;10m[38;2;23;2;126m▂▂▂▂▂▂▂▂▂▂[0m
[48;2;38;3;183m[38;2;38;3;183m                              [48;2;39;4;184m[38;2;39;4;184m  [48;2;47;23;175m[38;2;204;197;224m▂[48;2;245;242;246m[38;2;208;200;241m▎[48;2;250;250;252m[38;2;250;250;252m  [48;2;248;248;250m[38;2;248;248;250m  [48;2;226;220;234m[38;2;81;56;186m▂[48;2;39;12;175m[38;2;41;10;189m▄[48;2;38;3;183m[38;2;38;3;183m  [48;2;34;2;161m[38;2;44;10;193m┃[48;2;143;123;208m[38;2;41;6;189m▊[48;2;249;249;251m[38;2;249;249;251m  [48;2;251;250;253m[38;2;236;235;240m┛[48;2;239;238;241m[38;2;0;0;0m [48;2;112;92;199m[38;2;226;220;234m┓[48;2;30;1;158m[38;2;41;7;193m▊[48;2;38;3;183m[38;2;38;3;183m          [0m
[48;2;38;3;183m[38;2;38;3;183m                              [48;2;41;9;185m[38;2;0;0;0m [48;2;48;17;178m[38;2;200;189;226m▂[48;2;255;254;255m[38;2;236;235;240m▌[48;2;252;251;254m[38;2;244;243;248m┃[48;2;249;249;251m[38;2;249;249;251m  [48;2;233;229;241m[38;2;66;39;194m▂[48;2;217;213;228m[38;2;49;24;179m▆[48;2;39;4;184m[38;2;39;4;184m  [48;2;38;3;183m[38;2;38;3;183m  [48;2;33;1;176m[38;2;46;11;189m▘[48;2;37;4;180m[38;2;76;41;219m▝[48;2;229;225;238m[38;2;73;51;188m▆[48;2;249;247;242m[38;2;237;233;239m▎[48;2;250;250;252m[38;2;250;250;252m  [48;2;236;233;241m[38;2;0;0;0m [48;2;51;32;169m[38;2;193;187;218m▆[48;2;38;3;185m[38;2;38;3;185m  [48;2;38;3;183m[38;2;38;3;183m        [0m
[48;2;38;3;185m[38;2;38;3;185m                              [48;2;71;49;176m[38;2;34;5;186m▊[48;2;249;248;248m[38;2;188;177;233m▎[48;2;250;250;252m[38;2;250;250;252m  [48;2;213;206;241m[38;2;248;247;246m▊[48;2;209;203;224m[38;2;52;28;175m▆[48;2;39;4;184m[38;2;39;4;184m  [48;2;38;3;185m[38;2;38;3;185m      [48;2;40;10;183m[38;2;0;0;0m [48;2;224;216;239m[38;2;82;59;184m▆[48;2;250;250;252m[38;2;250;250;252m  [48;2;248;247;250m[38;2;248;247;250m▄[48;2;82;67;162m[38;2;246;245;242m▊[48;2;38;3;185m[38;2;38;3;185m          [0m
[48;2;38;3;185m[38;2;38;3;185m                              [48;2;72;37;165m[38;2;33;3;179m▊[48;2;227;216;230m[38;2;192;97;138m▂[48;2;243;240;247m[38;2;0;0;0m [48;2;236;234;236m[38;2;60;45;166m▂[48;2;203;192;228m[38;2;47;17;178m▆[48;2;41;9;186m[38;2;0;0;0m [48;2;38;3;185m[38;2;38;3;185m        [48;2;31;0;174m[38;2;41;6;184m▚[48;2;40;7;183m[38;2;70;35;213m▝[48;2;211;203;227m[38;2;79;57;182m▆[48;2;244;240;242m[38;2;0;0;0m [48;2;242;236;238m[38;2;208;86;113m▂[48;2;115;70;167m[38;2;224;191;191m▊[48;2;38;3;185m[38;2;38;3;185m          [0m
[48;2;38;3;185m[38;2;38;3;185m                              [48;2;68;34;155m[38;2;30;3;184m▊[48;2;218;72;92m[38;2;145;59;122m▎[48;2;228;179;185m[38;2;208;77;106m▆[48;2;45;17;166m[38;2;15;4;30m▂[48;2;36;3;185m[38;2;20;8;51m▃▃▃▃[48;2;36;3;183m[38;2;20;9;49m▃▃[48;2;36;3;185m[38;2;20;8;51m▃▃[48;2;40;6;188m[38;2;12;2;44m▃▃[48;2;36;3;185m[38;2;20;8;51m▃▃[48;2;64;31;160m[38;2;46;18;32m▂[48;2;231;183;183m[38;2;213;80;104m▆[48;2;99;47;118m[38;2;204;64;95m▊[48;2;67;26;146m[38;2;33;7;65m▂[48;2;38;3;185m[38;2;38;3;185m          [0m
[48;2;38;3;185m[38;2;38;3;185m                              [48;2;29;16;74m[38;2;28;4;160m▂[48;2;140;53;75m[38;2;17;5;24m▆[48;2;179;59;86m[38;2;24;7;5m▂[48;2;144;48;67m[38;2;19;19;6m▂[48;2;2;2;2m[38;2;2;2;2m  [48;2;1;1;3m[38;2;1;1;3m  [48;2;2;0;3m[38;2;2;0;3m  [48;2;3;1;4m[38;2;3;1;4m  [48;2;1;1;3m[38;2;1;1;3m  [48;2;1;1;1m[38;2;1;1;1m  [48;2;12;5;5m[38;2;0;0;0m [48;2;165;57;91m[38;2;11;7;5m▆[48;2;135;52;60m[38;2;11;4;8m▆[48;2;18;10;44m[38;2;8;5;18m▆[48;2;29;7;117m[38;2;29;7;117m▄[48;2;40;5;189m[38;2;40;5;189m▄[48;2;38;3;185m[38;2;38;3;185m        [0m
[48;2;38;3;185m[38;2;38;3;185m                              [48;2;37;2;180m[38;2;37;5;162m▝[48;2;37;22;76m[38;2;37;2;182m▆[48;2;19;8;43m[38;2;38;5;179m▆▆▆▆[48;2;19;7;45m[38;2;38;5;181m▆▆▆▆[48;2;19;8;43m[38;2;38;5;179m▆▆▆▆▆▆▆▆[48;2;27;14;57m[38;2;37;3;182m▆[48;2;27;9;82m[38;2;37;5;174m▆[48;2;38;3;185m[38;2;38;3;185m          [0m
[48;2;40;2;185m[38;2;40;2;185m                                                            [0m
[48;2;40;2;185m[38;2;40;2;185m                                                            [0m
