[48;2;1;1;1m[38;2;1;1;1m                                                            [0m
[48;2;1;1;1m[38;2;1;1;1m                                                            [0m
[48;2;1;1;1m[38;2;1;1;1m                                                            [0m
[48;2;1;1;1m[38;2;1;1;1m                                                      [48;2;1;1;3m[38;2;1;1;3m  [48;2;1;1;1m[38;2;1;1;1m    [0m
[48;2;1;1;1m[38;2;1;1;1m                          [48;2;3;1;6m[38;2;3;1;6m  [48;2;1;1;3m[38;2;1;1;3m  [48;2;1;1;1m[38;2;1;1;1m        [48;2;3;1;4m[38;2;3;1;4m  [48;2;3;1;6m[38;2;3;1;6m  [48;2;3;1;4m[38;2;3;1;4m  [48;2;1;1;3m[38;2;1;1;3m  [48;2;1;1;1m[38;2;1;1;1m      [48;2;3;1;4m[38;2;3;1;4m  [48;2;3;1;6m[38;2;3;1;6m  [48;2;2;0;3m[38;2;2;0;3m  [48;2;1;1;1m[38;2;1;1;1m  [0m
[48;2;1;1;1m[38;2;1;1;1m                        [48;2;1;1;3m[38;2;1;1;3m  [48;2;3;1;6m[38;2;3;1;6m    [48;2;2;0;3m[38;2;2;0;3m  [48;2;1;1;3m[38;2;1;1;3m  [48;2;2;0;3m[38;2;2;0;3m  [48;2;1;1;3m[38;2;1;1;3m    [48;2;2;0;3m[38;2;2;0;3m  [48;2;3;1;6m[38;2;3;1;6m    [48;2;1;1;1m[38;2;1;1;1m    [48;2;3;1;6m[38;2;3;1;6m      [48;2;1;1;3m[38;2;1;1;3m  [48;2;1;1;1m[38;2;1;1;1m  [0m
[48;2;1;1;1m[38;2;1;1;1m                    [48;2;3;1;6m[38;2;3;1;6m    [48;2;3;1;4m[38;2;3;1;4m  [48;2;3;1;6m[38;2;3;1;6m    [48;2;2;0;3m[38;2;2;0;3m  [48;2;3;1;6m[38;2;3;1;6m      [48;2;21;17;20m[38;2;0;0;0m [38;2;207;203;206m▄[48;2;12;8;11m[38;2;216;212;216m▄[48;2;37;33;36m[38;2;223;220;223m▃[48;2;4;2;5m[38;2;4;2;5m  [48;2;1;1;3m[38;2;1;1;3m    [48;2;3;1;4m[38;2;3;1;4m  [48;2;3;1;6m[38;2;3;1;6m      [48;2;1;1;3m[38;2;1;1;3m  [48;2;1;1;1m[38;2;1;1;1m  [0m
[48;2;1;1;1m[38;2;1;1;1m                    [48;2;1;1;3m[38;2;1;1;3m  [48;2;3;1;6m[38;2;3;1;6m          [48;2;1;1;3m[38;2;1;1;3m  [48;2;3;1;4m[38;2;3;1;4m  [48;2;2;1;5m[38;2;11;9;14m│[48;2;100;98;103m[38;2;9;8;12m▊[48;2;165;163;166m[38;2;237;235;238m▇[48;2;255;254;255m[38;2;253;251;254m▄[48;2;248;248;250m[38;2;248;248;250m  [48;2;141;136;140m[38;2;233;228;232m▇[48;2;24;19;23m[38;2;192;187;191m▄[48;2;2;2;4m[38;2;2;2;4m  [48;2;2;0;3m[38;2;2;0;3m  [48;2;3;1;4m[38;2;3;1;4m  [48;2;3;1;6m[38;2;3;1;6m        [48;2;3;1;4m[38;2;3;1;4m  [0m
[48;2;1;1;1m[38;2;1;1;1m                    [48;2;2;2;4m[38;2;2;2;4m  [48;2;3;1;4m[38;2;3;1;4m  [48;2;3;1;6m[38;2;3;1;6m            [48;2;4;0;5m[38;2;13;8;14m│[48;2;102;97;103m[38;2;11;7;12m▊[48;2;230;214;214m[38;2;253;247;247m┃[48;2;238;225;225m[38;2;193;79;112m▄[48;2;202;72;100m[38;2;48;30;20m▄[48;2;213;79;109m[38;2;192;62;90m▄[48;2;180;68;102m[38;2;16;11;7m▄[48;2;8;8;5m[38;2;62;31;37m▘[48;2;3;1;6m[38;2;3;1;6m    [48;2;1;1;3m[38;2;1;1;3m    [48;2;3;1;4m[38;2;3;1;4m  [48;2;3;1;6m[38;2;3;1;6m    [48;2;1;1;3m[38;2;1;1;3m  [0m
[48;2;1;1;1m[38;2;1;1;1m                [48;2;2;0;3m[38;2;2;0;3m  [48;2;3;1;4m[38;2;3;1;4m  [48;2;2;0;3m[38;2;2;0;3m  [48;2;1;1;1m[38;2;1;1;1m  [48;2;1;1;3m[38;2;1;1;3m    [48;2;2;0;3m[38;2;2;0;3m  [48;2;3;1;6m[38;2;3;1;6m    [48;2;3;0;2m[38;2;9;4;8m▃▃[48;2;2;1;3m[38;2;11;9;12m│[48;2;100;98;101m[38;2;9;8;10m▊[48;2;217;189;197m[38;2;250;252;251m┃[48;2;211;86;105m[38;2;216;62;90m┃[48;2;216;72;99m[38;2;216;72;99m  [48;2;211;91;110m[38;2;149;55;71m▝[48;2;33;22;28m[38;2;236;228;233m▄[48;2;20;19;21m[38;2;203;201;203m▄[48;2;11;9;12m[38;2;59;57;60m▁[48;2;3;1;4m[38;2;19;17;20m▃[48;2;8;6;9m[38;2;3;2;4m▚[48;2;3;1;4m[38;2;3;1;4m  [48;2;2;2;4m[38;2;2;2;4m  [48;2;1;1;1m[38;2;1;1;1m  [48;2;2;0;3m[38;2;2;0;3m  [48;2;3;1;6m[38;2;3;1;6m  [48;2;1;1;1m[38;2;1;1;1m  [0m
[48;2;1;1;1m[38;2;1;1;1m            [48;2;1;1;3m[38;2;1;1;3m  [48;2;3;1;6m[38;2;3;1;6m      [48;2;1;1;3m[38;2;1;1;3m  [48;2;1;1;1m[38;2;1;1;1m      [48;2;1;1;3m[38;2;1;1;3m  [48;2;3;1;6m[38;2;3;1;6m  [48;2;3;1;4m[38;2;3;1;4m  [48;2;175;59;82m[38;2;32;15;9m▄[48;2;209;64;97m[38;2;171;59;81m▎[48;2;29;14;15m[38;2;195;88;120m▄[48;2;54;43;43m[38;2;244;232;233m▄[48;2;237;225;225m[38;2;248;240;242m▄[48;2;199;84;118m[38;2;234;220;222m▄[48;2;229;121;143m[38;2;206;64;98m▊[48;2;214;102;126m[38;2;244;235;226m▄[48;2;249;249;251m[38;2;249;249;251m  [48;2;248;248;250m[38;2;248;248;250m  [48;2;227;225;227m[38;2;0;0;0m [48;2;27;25;28m[38;2;237;235;237m▄[48;2;27;26;28m[38;2;191;189;192m▄[48;2;1;0;2m[38;2;11;9;12m▄[48;2;3;1;4m[38;2;3;1;4m  [48;2;3;1;6m[38;2;3;1;6m  [48;2;1;1;3m[38;2;1;1;3m  [48;2;1;1;1m[38;2;1;1;1m    [0m
[48;2;1;1;1m[38;2;1;1;1m            [48;2;3;1;6m[38;2;3;1;6m      [48;2;3;1;4m[38;2;3;1;4m  [48;2;1;1;3m[38;2;1;1;3m  [48;2;1;1;1m[38;2;1;1;1m    [48;2;3;1;6m[38;2;3;1;6m  [48;2;1;1;3m[38;2;1;1;3m  [48;2;2;0;3m[38;2;2;0;3m  [48;2;1;0;4m[38;2;6;4;9m▘[48;2;7;6;10m[38;2;29;27;32m▗[48;2;47;35;35m[38;2;238;232;229m▄[48;2;188;85;115m[38;2;245;239;239m▄[48;2;210;111;140m[38;2;247;241;240m▄[48;2;247;243;241m[38;2;0;0;0m [48;2;255;254;255m[38;2;252;250;253m▖[48;2;246;244;247m[38;2;225;223;226m▝[48;2;210;111;140m[38;2;246;242;240m▄[48;2;246;243;240m[38;2;0;0;0m [48;2;250;250;252m[38;2;250;250;252m  [48;2;249;249;251m[38;2;249;249;251m  [48;2;246;244;247m[38;2;144;142;145m▁▁[48;2;245;245;247m[38;2;245;245;247m▄[48;2;78;78;80m[38;2;242;242;244m▊[48;2;2;0;3m[38;2;2;0;3m  [48;2;3;1;6m[38;2;3;1;6m    [48;2;1;1;3m[38;2;1;1;3m  [48;2;1;1;1m[38;2;1;1;1m  [0m
[48;2;1;1;1m[38;2;1;1;1m            [48;2;1;1;3m[38;2;1;1;3m  [48;2;3;1;6m[38;2;3;1;6m  [48;2;2;0;3m[38;2;2;0;3m  [48;2;1;1;1m[38;2;1;1;1m  [48;2;3;1;6m[38;2;3;1;6m    [48;2;1;1;1m[38;2;1;1;1m      [48;2;1;1;3m[38;2;1;1;3m  [48;2;15;13;18m[38;2;1;0;4m▊[48;2;58;56;61m[38;2;8;7;11m▊[48;2;255;255;255m[38;2;236;236;238m▌[48;2;252;252;253m[38;2;244;244;246m┃[48;2;250;250;252m[38;2;250;250;252m        [48;2;255;254;255m[38;2;255;253;255m┃[48;2;132;130;133m[38;2;241;239;242m▊[48;2;3;0;2m[38;2;14;9;13m▄[48;2;174;169;173m[38;2;10;6;9m▊[48;2;247;245;248m[38;2;247;245;248m▄[48;2;80;78;81m[38;2;244;242;245m▊[48;2;3;1;6m[38;2;3;1;6m  [48;2;1;1;3m[38;2;1;1;3m  [48;2;3;1;6m[38;2;3;1;6m    [48;2;1;1;1m[38;2;1;1;1m  [0m
[48;2;1;1;1m[38;2;1;1;1m              [48;2;2;0;3m[38;2;2;0;3m  [48;2;1;1;3m[38;2;1;1;3m    [48;2;3;1;6m[38;2;3;1;6m  [48;2;3;1;4m[38;2;3;1;4m  [48;2;1;1;3m[38;2;1;1;3m  [48;2;1;1;1m[38;2;1;1;1m    [48;2;3;1;6m[38;2;3;1;6m  [48;2;1;0;4m[38;2;7;5;10m▂[48;2;8;6;11m[38;2;21;19;24m▝[48;2;228;223;227m[38;2;37;32;36m▅[48;2;255;253;255m[38;2;250;245;249m▄[48;2;250;250;252m[38;2;250;250;252m        [48;2;255;254;255m[38;2;255;253;255m┃[48;2;132;130;133m[38;2;241;239;242m▊[48;2;3;5;5m[38;2;15;10;14m│[48;2;132;83;102m[38;2;19;8;12m▊[48;2;239;239;244m[38;2;214;88;112m▅[48;2;154;80;91m[38;2;245;209;223m▘[48;2;1;1;3m[38;2;1;1;3m  [48;2;1;1;1m[38;2;1;1;1m  [48;2;2;0;3m[38;2;2;0;3m  [48;2;3;1;6m[38;2;3;1;6m  [48;2;2;0;3m[38;2;2;0;3m  [0m
[48;2;1;1;1m[38;2;1;1;1m                [48;2;3;1;4m[38;2;3;1;4m  [48;2;3;1;6m[38;2;3;1;6m  [48;2;2;0;3m[38;2;2;0;3m  [48;2;3;1;6m[38;2;3;1;6m  [48;2;2;0;3m[38;2;2;0;3m  [48;2;1;1;1m[38;2;1;1;1m    [48;2;3;1;6m[38;2;3;1;6m    [48;2;3;0;4m[38;2;15;10;16m▄[48;2;225;221;226m[38;2;38;33;39m▅[48;2;234;233;235m[38;2;72;70;73m▁[48;2;243;241;243m[38;2;99;97;100m▁[48;2;250;250;252m[38;2;250;250;252m      [48;2;255;254;255m[38;2;255;253;255m┃[48;2;132;130;133m[38;2;241;239;242m▊[48;2;1;1;0m[38;2;13;1;3m┃[48;2;113;41;65m[38;2;10;10;7m▊[48;2;186;60;90m[38;2;50;29;25m▁[48;2;154;57;77m[38;2;20;10;5m▅[48;2;1;1;1m[38;2;1;1;1m      [48;2;1;1;3m[38;2;1;1;3m  [48;2;1;1;1m[38;2;1;1;1m  [0m
[48;2;1;1;1m[38;2;1;1;1m                    [48;2;0;0;0m[38;2;0;0;0m  [48;2;1;1;3m[38;2;1;1;3m  [48;2;1;1;1m[38;2;1;1;1m    [48;2;2;0;3m[38;2;2;0;3m  [48;2;1;1;3m[38;2;1;1;3m  [48;2;3;1;6m[38;2;3;1;6m  [48;2;2;0;3m[38;2;2;0;3m  [48;2;4;2;5m[38;2;12;10;13m┏[48;2;37;35;38m[38;2;7;5;8m▊[48;2;227;223;227m[38;2;80;75;79m▅[48;2;233;229;233m[38;2;83;78;82m▁[48;2;242;240;243m[38;2;56;54;57m▁▁[48;2;241;240;242m[38;2;55;53;56m▁▁[48;2;230;226;229m[38;2;137;132;136m▂[48;2;192;187;191m[38;2;68;63;67m▅[48;2;3;1;6m[38;2;3;1;6m    [48;2;1;1;1m[38;2;1;1;1m          [0m
[48;2;1;1;1m[38;2;1;1;1m                        [48;2;1;1;3m[38;2;1;1;3m  [48;2;3;1;6m[38;2;3;1;6m  [48;2;2;0;3m[38;2;2;0;3m    [48;2;3;1;6m[38;2;3;1;6m  [48;2;1;1;3m[38;2;1;1;3m  [48;2;50;46;49m[38;2;12;8;11m▊[48;2;55;50;54m[38;2;224;220;224m▅[48;2;237;233;236m[38;2;0;0;0m [48;2;39;35;38m[38;2;222;218;221m▅[48;2;22;17;21m[38;2;145;140;144m▁[48;2;11;7;10m[38;2;45;40;44m▁[48;2;3;0;2m[38;2;179;174;178m▁[48;2;14;10;13m[38;2;65;60;64m▗[48;2;67;62;66m[38;2;234;230;233m▅[48;2;139;134;138m[38;2;244;240;244m▊[48;2;3;0;2m[38;2;10;5;9m▃[38;2;12;7;11m━[48;2;1;1;3m[38;2;1;1;3m  [48;2;1;1;1m[38;2;1;1;1m          [0m
[48;2;1;1;1m[38;2;1;1;1m                    [48;2;2;0;3m[38;2;2;0;3m  [48;2;1;1;1m[38;2;1;1;1m  [48;2;3;1;6m[38;2;3;1;6m    [48;2;1;1;3m[38;2;1;1;3m  [48;2;2;0;3m[38;2;2;0;3m  [48;2;1;1;3m[38;2;1;1;3m  [48;2;14;12;15m[38;2;4;3;5m▊[48;2;16;14;17m[38;2;0;0;0m [48;2;50;48;51m[38;2;233;232;234m▅[48;2;239;237;239m[38;2;0;0;0m [48;2;235;233;236m[38;2;48;46;49m▁▁[48;2;139;133;137m[38;2;213;207;211m▊[48;2;43;38;41m[38;2;139;133;137m▂[48;2;216;211;213m[38;2;120;114;116m▂[48;2;55;49;51m[38;2;178;172;174m▁[48;2;248;248;250m[38;2;248;248;250m  [48;2;125;120;124m[38;2;241;237;240m▊[48;2;22;17;21m[38;2;138;133;137m▁[48;2;1;1;3m[38;2;1;1;3m  [48;2;1;1;1m[38;2;1;1;1m          [0m
[48;2;1;1;1m[38;2;1;1;1m                  [48;2;1;1;3m[38;2;1;1;3m  [48;2;2;0;3m[38;2;2;0;3m  [48;2;1;1;3m[38;2;1;1;3m  [48;2;3;1;6m[38;2;3;1;6m    [48;2;2;0;3m[38;2;2;0;3m  [48;2;1;1;3m[38;2;1;1;3m  [48;2;1;1;1m[38;2;1;1;1m  [48;2;3;0;2m[38;2;20;15;19m▄[48;2;40;36;39m[38;2;219;215;219m▁[48;2;248;248;250m[38;2;223;223;225m▎[48;2;240;240;241m[38;2;0;0;0m [48;2;39;37;40m[38;2;242;241;243m▅▅[48;2;63;58;61m[38;2;225;220;223m▅[48;2;193;187;191m[38;2;99;94;97m▅[48;2;74;72;75m[38;2;235;233;236m▅[48;2;232;230;233m[38;2;255;254;255m┫[48;2;250;250;252m[38;2;250;250;252m  [48;2;252;252;252m[38;2;238;238;240m│[48;2;124;124;126m[38;2;241;241;243m▊[48;2;19;17;20m[38;2;160;158;161m▁[48;2;1;0;2m[38;2;5;3;6m▘[48;2;1;1;1m[38;2;1;1;1m          [0m
[48;2;1;1;1m[38;2;1;1;1m                  [48;2;2;0;3m[38;2;2;0;3m    [48;2;3;1;6m[38;2;3;1;6m      [48;2;1;1;3m[38;2;1;1;3m  [48;2;1;1;1m[38;2;1;1;1m  [48;2;2;2;4m[38;2;2;2;4m  [48;2;30;25;29m[38;2;173;168;172m▂[48;2;247;242;246m[38;2;218;214;217m▎[48;2;250;250;252m[38;2;250;250;252m    [48;2;241;241;243m[38;2;251;251;252m▅[48;2;251;251;252m[38;2;241;241;243m▃[48;2;233;231;234m[38;2;59;57;60m▁[48;2;252;250;253m[38;2;255;254;255m┏[48;2;250;250;252m[38;2;250;250;252m    [48;2;117;115;118m[38;2;238;236;238m▊[48;2;19;17;20m[38;2;171;169;172m▁[48;2;1;1;3m[38;2;1;1;3m  [48;2;1;1;1m[38;2;1;1;1m        [0m
[48;2;4;2;10m[38;2;23;2;126m▂▂▂▂▂▂▂▂▂▂▂▂▂▂▂▂▂▂[48;2;5;3;12m[38;2;24;2;129m▂▂[48;2;4;2;10m[38;2;23;2;126m▂▂[48;2;5;3;12m[38;2;24;2;129m▂▂▂▂▂▂[48;2;5;3;11m[38;2;24;3;127m▂▂▂▂[48;2;18;16;19m[38;2;171;169;172m▂[48;2;61;60;62m[38;2;228;226;229m▅[48;2;248;248;250m[38;2;248;248;250m  [48;2;250;250;252m[38;2;250;250;252m  [48;2;241;241;243m[38;2;251;251;252m▅[48;2;251;251;252m[38;2;241;241;243m▃[48;2;226;221;226m[38;2;92;68;191m▂[48;2;183;179;179m[38;2;27;15;69m▅[48;2;43;42;41m[38;2;37;16;149m▂[48;2;226;223;234m[38;2;76;50;200m▁[48;2;250;250;252m[38;2;250;250;252m    [48;2;246;246;247m[38;2;248;248;250m▄[48;2;118;118;120m[38;2;236;236;237m▊[48;2;21;19;28m[38;2;195;185;232m▁[48;2;6;3;21m[38;2;56;29;181m▁[48;2;4;2;10m[38;2;23;2;126m▂▂▂▂▂▂▂▂[0m
[48;2;38;3;183m[38;2;38;3;183m                              [48;2;43;16;180m[38;2;192;183;210m▂[48;2;47;19;183m[38;2;222;214;237m▆[48;2;248;248;250m[38;2;248;248;250m  [48;2;250;250;252m[38;2;250;250;252m  [48;2;241;240;246m[38;2;0;0;0m [48;2;241;240;240m[38;2;85;64;198m▂[48;2;234;231;241m[38;2;54;30;181m▂[48;2;226;222;231m[38;2;52;28;180m▆[48;2;39;4;184m[38;2;39;4;184m  [48;2;33;1;176m[38;2;46;11;189m▘[48;2;37;4;180m[38;2;76;41;219m▝[48;2;243;240;242m[38;2;65;42;184m▆[48;2;239;236;244m[38;2;99;79;191m▂[48;2;250;250;252m[38;2;250;250;252m    [48;2;231;228;240m[38;2;0;0;0m [48;2;67;46;186m[38;2;213;209;223m▅[48;2;54;24;188m[38;2;183;168;223m▁[48;2;38;6;174m[38;2;32;0;194m▗[48;2;38;3;183m[38;2;38;3;183m      [0m
[48;2;38;3;183m[38;2;38;3;183m                            [48;2;40;11;179m[38;2;39;12;175m▄[48;2;57;32;184m[38;2;220;211;238m▆[48;2;241;241;243m[38;2;251;251;252m▄[48;2;250;250;251m[38;2;240;240;242m▃[48;2;250;250;252m[38;2;250;250;252m  [48;2;242;241;247m[38;2;0;0;0m [48;2;239;237;239m[38;2;74;55;181m▂[48;2;210;199;231m[38;2;56;26;184m▆[48;2;37;7;179m[38;2;52;18;192m╸[48;2;38;3;183m[38;2;38;3;183m      [48;2;41;7;189m[38;2;29;3;160m▃[48;2;37;5;183m[38;2;81;49;210m▝[48;2;237;232;233m[38;2;49;19;189m▆[48;2;242;238;244m[38;2;69;44;181m▆[48;2;229;226;239m[38;2;88;71;176m▁[48;2;246;245;250m[38;2;0;0;0m [48;2;250;250;252m[38;2;250;250;252m  [48;2;232;229;241m[38;2;0;0;0m [48;2;80;57;197m[38;2;208;206;219m▅[48;2;56;25;190m[38;2;191;180;219m▁[48;2;38;4;180m[38;2;41;8;180m▄[48;2;38;3;183m[38;2;38;3;183m    [0m
[48;2;38;3;185m[38;2;38;3;185m                          [48;2;38;3;183m[38;2;38;3;183m  [48;2;59;41;168m[38;2;214;209;231m▆[48;2;242;241;244m[38;2;0;0;0m [48;2;250;250;252m[38;2;250;250;252m  [48;2;246;244;250m[38;2;0;0;0m [48;2;231;230;231m[38;2;66;51;173m▂[48;2;209;199;231m[38;2;47;20;175m▆[48;2;44;11;186m[38;2;0;0;0m [48;2;38;3;185m[38;2;38;3;185m            [48;2;45;17;181m[38;2;0;0;0m [48;2;218;208;239m[38;2;70;47;188m▆[48;2;222;220;233m[38;2;72;58;174m▁[48;2;247;246;249m[38;2;0;0;0m [48;2;250;250;252m[38;2;250;250;252m  [48;2;120;103;194m[38;2;234;230;236m▊[48;2;40;16;179m[38;2;163;148;226m▂[48;2;38;3;185m[38;2;38;3;185m    [0m
[48;2;38;3;185m[38;2;38;3;185m                          [48;2;37;7;183m[38;2;0;0;0m [48;2;47;17;179m[38;2;205;194;231m▂[48;2;242;241;245m[38;2;185;184;190m▎[48;2;255;254;255m[38;2;246;245;251m│[48;2;249;249;251m[38;2;249;249;251m  [48;2;214;201;243m[38;2;61;32;183m▆[48;2;37;5;185m[38;2;44;17;161m▘[48;2;38;3;185m[38;2;38;3;185m                [48;2;48;17;191m[38;2;0;0;0m [48;2;183;173;201m[38;2;67;41;188m▅[48;2;224;221;234m[38;2;78;66;166m▁[48;2;249;248;250m[38;2;0;0;0m [48;2;243;231;239m [48;2;179;119;155m[38;2;214;209;226m┛[48;2;42;6;183m[38;2;136;31;136m▂[48;2;37;6;172m[38;2;40;5;189m▄[48;2;38;3;185m[38;2;38;3;185m  [0m
[48;2;38;3;185m[38;2;38;3;185m                          [48;2;54;16;144m[38;2;40;2;180m▊[48;2;204;178;196m[38;2;181;72;118m▆[48;2;244;214;228m[38;2;207;81;106m▆[48;2;244;218;222m[38;2;193;67;82m▂[48;2;235;232;230m[38;2;196;69;111m▂[48;2;206;199;212m[38;2;58;32;126m▆[48;2;37;7;167m[38;2;7;0;30m▂▂[48;2;36;3;185m[38;2;20;8;51m▃▃▃▃[48;2;36;3;183m[38;2;20;9;49m▃▃[48;2;36;3;185m[38;2;20;8;51m▃▃[48;2;40;6;188m[38;2;12;2;44m▃▃[48;2;36;3;185m[38;2;20;8;51m▃▃[48;2;36;3;183m[38;2;20;9;49m▃▃[48;2;36;3;185m[38;2;20;8;51m▃▃▃▃[48;2;58;24;174m[38;2;5;8;20m▂[48;2;215;208;217m[38;2;72;35;110m▆[48;2;227;171;169m[38;2;219;79;105m▆[48;2;210;69;95m[38;2;230;78;108m▝[48;2;174;61;94m[38;2;174;57;114m▄[48;2;87;29;145m[38;2;87;26;165m▄[48;2;38;3;185m[38;2;38;3;185m  [0m
[48;2;38;3;185m[38;2;38;3;185m                          [48;2;31;12;120m[38;2;20;12;38m━[48;2;140;50;91m[38;2;17;6;24m▆[48;2;162;49;79m[38;2;21;7;7m▆[48;2;177;66;95m[38;2;22;7;7m▂[48;2;190;66;94m[38;2;33;12;8m▂[48;2;147;46;67m[38;2;21;15;6m▂[48;2;66;28;37m[38;2;186;64;101m━[48;2;17;5;5m[38;2;0;0;0m [48;2;1;1;1m[38;2;1;1;1m  [48;2;1;1;3m[38;2;1;1;3m  [48;2;2;0;3m[38;2;2;0;3m  [48;2;3;1;4m[38;2;3;1;4m  [48;2;1;1;3m[38;2;1;1;3m  [48;2;1;1;1m[38;2;1;1;1m  [48;2;1;1;3m[38;2;1;1;3m    [48;2;5;7;8m[38;2;5;7;8m▄[48;2;21;5;10m[38;2;79;54;65m╺[48;2;69;19;25m[38;2;211;77;110m━[48;2;82;29;36m[38;2;222;89;121m━[48;2;149;51;76m[38;2;24;5;5m▂[48;2;182;64;96m[38;2;10;8;4m▆[48;2;45;17;53m[38;2;0;0;0m [48;2;35;9;151m[38;2;17;12;72m┛[48;2;38;3;185m[38;2;38;3;185m  [0m
[48;2;38;3;185m[38;2;38;3;185m                          [48;2;37;2;182m[38;2;37;5;163m▝[48;2;37;22;78m[38;2;37;2;183m▆[48;2;19;8;43m[38;2;38;5;179m▆▆[48;2;19;7;45m[38;2;38;5;181m▆▆[48;2;19;8;43m[38;2;38;5;179m▆▆▆▆[48;2;19;7;45m[38;2;38;5;181m▆▆▆▆[48;2;19;8;43m[38;2;38;5;179m▆▆▆▆▆▆▆▆▆▆▆▆[48;2;19;7;45m[38;2;38;5;181m▆▆▆▆[48;2;37;16;109m[38;2;37;3;178m▆[48;2;37;1;184m[38;2;37;3;172m▘[48;2;38;3;185m[38;2;38;3;185m  [0m
[48;2;40;2;185m[38;2;40;2;185m                                                            [0m
[48;2;40;2;185m[38;2;40;2;185m                                                            [0m
