[48;2;1;1;1m[38;2;1;1;1m                                                            [0m
[48;2;1;1;1m[38;2;1;1;1m                                                            [0m
[48;2;1;1;1m[38;2;1;1;1m                                                            [0m
[48;2;1;1;1m[38;2;1;1;1m                                                      [48;2;1;1;3m[38;2;1;1;3m  [48;2;1;1;1m[38;2;1;1;1m    [0m
[48;2;1;1;1m[38;2;1;1;1m                          [48;2;3;1;6m[38;2;3;1;6m  [48;2;1;1;3m[38;2;1;1;3m  [48;2;1;1;1m[38;2;1;1;1m        [48;2;3;1;4m[38;2;3;1;4m  [48;2;3;1;6m[38;2;3;1;6m  [48;2;3;1;4m[38;2;3;1;4m  [48;2;1;1;3m[38;2;1;1;3m  [48;2;1;1;1m[38;2;1;1;1m      [48;2;3;1;4m[38;2;3;1;4m  [48;2;3;1;6m[38;2;3;1;6m  [48;2;2;0;3m[38;2;2;0;3m  [48;2;1;1;1m[38;2;1;1;1m  [0m
[48;2;1;1;1m[38;2;1;1;1m                        [48;2;1;1;3m[38;2;1;1;3m  [48;2;3;1;6m[38;2;3;1;6m    [48;2;2;0;3m[38;2;2;0;3m  [48;2;1;1;3m[38;2;1;1;3m  [48;2;2;0;3m[38;2;2;0;3m  [48;2;1;1;3m[38;2;1;1;3m    [48;2;2;0;3m[38;2;2;0;3m  [48;2;3;1;6m[38;2;3;1;6m    [48;2;1;1;1m[38;2;1;1;1m    [48;2;3;1;6m[38;2;3;1;6m      [48;2;1;1;3m[38;2;1;1;3m  [48;2;1;1;1m[38;2;1;1;1m  [0m
[48;2;1;1;1m[38;2;1;1;1m                    [48;2;3;1;6m[38;2;3;1;6m    [48;2;3;1;4m[38;2;3;1;4m  [48;2;3;1;6m[38;2;3;1;6m    [48;2;2;0;3m[38;2;2;0;3m  [48;2;3;1;6m[38;2;3;1;6m      [48;2;12;10;15m[38;2;4;3;7m▚[48;2;8;6;11m[38;2;1;0;4m▌[48;2;12;8;11m[38;2;222;217;221m▄▄[48;2;17;13;16m[38;2;192;187;191m▄[48;2;3;0;2m[38;2;7;2;6m▄[48;2;1;1;3m[38;2;1;1;3m    [48;2;3;1;4m[38;2;3;1;4m  [48;2;3;1;6m[38;2;3;1;6m      [48;2;1;1;3m[38;2;1;1;3m  [48;2;1;1;1m[38;2;1;1;1m  [0m
[48;2;1;1;1m[38;2;1;1;1m                    [48;2;1;1;3m[38;2;1;1;3m  [48;2;3;1;6m[38;2;3;1;6m          [48;2;1;1;3m[38;2;1;1;3m  [48;2;3;1;4m[38;2;3;1;4m  [48;2;3;1;6m[38;2;3;1;6m  [48;2;87;85;88m[38;2;8;7;9m▊[48;2;165;163;166m[38;2;235;234;236m▇[48;2;249;249;251m[38;2;249;249;251m  [48;2;242;240;243m[38;2;0;0;0m [48;2;223;222;224m [48;2;18;16;19m[38;2;188;186;189m▄[48;2;9;8;10m[38;2;0;0;0m [48;2;2;0;3m[38;2;2;0;3m  [48;2;3;1;4m[38;2;3;1;4m  [48;2;3;1;6m[38;2;3;1;6m        [48;2;3;1;4m[38;2;3;1;4m  [0m
[48;2;1;1;1m[38;2;1;1;1m                    [48;2;2;2;4m[38;2;2;2;4m  [48;2;3;1;4m[38;2;3;1;4m  [48;2;3;1;6m[38;2;3;1;6m              [48;2;98;92;96m[38;2;11;6;9m▊[48;2;209;203;207m[38;2;250;247;250m┃[48;2;236;220;214m[38;2;195;69;99m▄[48;2;210;84;114m[38;2;44;26;21m▄[48;2;213;70;102m[38;2;156;55;73m▗[48;2;185;73;95m[38;2;29;18;9m▄[48;2;34;32;37m[38;2;5;4;8m▆[48;2;1;0;4m[38;2;5;3;8m▂[48;2;3;1;6m[38;2;3;1;6m  [48;2;1;1;3m[38;2;1;1;3m    [48;2;3;1;4m[38;2;3;1;4m  [48;2;3;1;6m[38;2;3;1;6m    [48;2;1;1;3m[38;2;1;1;3m  [0m
[48;2;1;1;1m[38;2;1;1;1m                [48;2;2;0;3m[38;2;2;0;3m  [48;2;3;1;4m[38;2;3;1;4m  [48;2;2;0;3m[38;2;2;0;3m  [48;2;1;1;1m[38;2;1;1;1m  [48;2;1;1;3m[38;2;1;1;3m    [48;2;2;0;3m[38;2;2;0;3m  [48;2;3;1;6m[38;2;3;1;6m        [48;2;103;97;99m[38;2;4;7;6m▊[48;2;209;186;194m[38;2;251;235;243m┃[48;2;216;72;99m[38;2;216;72;99m  [48;2;211;64;93m[38;2;215;81;106m▘[48;2;162;61;75m[38;2;219;79;106m▌[48;2;2;0;3m[38;2;1;0;2m▃▃[38;2;2;0;3m  [48;2;3;1;4m[38;2;3;1;4m  [48;2;2;2;4m[38;2;2;2;4m  [48;2;1;1;1m[38;2;1;1;1m  [48;2;2;0;3m[38;2;2;0;3m  [48;2;3;1;6m[38;2;3;1;6m  [48;2;1;1;1m[38;2;1;1;1m  [0m
[48;2;1;1;1m[38;2;1;1;1m            [48;2;1;1;3m[38;2;1;1;3m  [48;2;3;1;6m[38;2;3;1;6m      [48;2;1;1;3m[38;2;1;1;3m  [48;2;1;1;1m[38;2;1;1;1m      [48;2;1;1;3m[38;2;1;1;3m  [48;2;3;1;6m[38;2;3;1;6m  [48;2;1;1;3m[38;2;1;1;3m    [48;2;11;7;10m[38;2;89;84;88m▁[48;2;17;13;16m[38;2;111;106;110m▁[48;2;49;44;47m[38;2;233;228;232m▄[48;2;237;233;236m[38;2;0;0;0m [48;2;224;88;119m[38;2;232;220;210m▄[48;2;212;114;132m[38;2;212;68;101m▊[48;2;209;110;139m[38;2;246;240;239m▄[48;2;245;242;240m[38;2;0;0;0m [48;2;248;247;249m[38;2;235;233;236m▝[48;2;228;227;229m[38;2;0;0;0m [48;2;26;25;27m[38;2;199;198;200m▄[48;2;11;10;12m[38;2;92;90;93m▁[48;2;3;1;6m[38;2;3;1;6m  [48;2;3;1;4m[38;2;3;1;4m  [48;2;3;1;6m[38;2;3;1;6m  [48;2;1;1;3m[38;2;1;1;3m  [48;2;1;1;1m[38;2;1;1;1m    [0m
[48;2;1;1;1m[38;2;1;1;1m            [48;2;3;1;6m[38;2;3;1;6m      [48;2;3;1;4m[38;2;3;1;4m  [48;2;1;1;3m[38;2;1;1;3m  [48;2;1;1;1m[38;2;1;1;1m    [48;2;3;1;6m[38;2;3;1;6m  [48;2;1;1;3m[38;2;1;1;3m  [48;2;2;0;3m[38;2;2;0;3m  [48;2;3;1;6m[38;2;3;1;6m  [48;2;20;14;18m[38;2;126;120;124m▁[48;2;56;51;54m[38;2;223;217;221m▄[48;2;230;219;224m[38;2;205;68;92m▄[48;2;239;227;232m[38;2;217;79;104m▄[48;2;249;249;251m[38;2;249;249;251m  [48;2;238;239;235m[38;2;0;0;0m [48;2;218;96;133m[38;2;244;226;230m▅[48;2;250;250;252m[38;2;250;250;252m    [48;2;236;236;238m[38;2;249;249;251m▊[48;2;229;229;230m[38;2;0;0;0m [48;2;31;30;32m[38;2;192;190;193m▄[48;2;5;3;6m[38;2;0;0;0m [48;2;1;1;3m[38;2;1;1;3m  [48;2;3;1;6m[38;2;3;1;6m    [48;2;1;1;3m[38;2;1;1;3m  [48;2;1;1;1m[38;2;1;1;1m  [0m
[48;2;1;1;1m[38;2;1;1;1m            [48;2;1;1;3m[38;2;1;1;3m  [48;2;3;1;6m[38;2;3;1;6m  [48;2;2;0;3m[38;2;2;0;3m  [48;2;1;1;1m[38;2;1;1;1m  [48;2;3;1;6m[38;2;3;1;6m    [48;2;1;1;1m[38;2;1;1;1m      [48;2;1;1;3m[38;2;1;1;3m  [48;2;15;13;18m[38;2;1;0;4m▊[48;2;58;56;61m[38;2;8;7;11m▊[48;2;245;243;246m[38;2;215;213;216m▎[48;2;244;242;245m[38;2;255;254;255m┃[48;2;206;83;103m[38;2;244;235;238m▅▅[48;2;249;249;251m[38;2;249;249;251m  [48;2;250;250;252m[38;2;250;250;252m        [48;2;89;84;88m[38;2;240;236;240m▊[48;2;3;0;2m[38;2;12;7;11m│[48;2;3;1;6m[38;2;3;1;6m  [48;2;1;1;3m[38;2;1;1;3m  [48;2;3;1;6m[38;2;3;1;6m    [48;2;1;1;1m[38;2;1;1;1m  [0m
[48;2;1;1;1m[38;2;1;1;1m              [48;2;2;0;3m[38;2;2;0;3m  [48;2;1;1;3m[38;2;1;1;3m    [48;2;3;1;6m[38;2;3;1;6m  [48;2;3;1;4m[38;2;3;1;4m  [48;2;1;1;3m[38;2;1;1;3m  [48;2;1;1;1m[38;2;1;1;1m    [48;2;3;1;6m[38;2;3;1;6m  [48;2;1;0;4m[38;2;7;5;10m▂[48;2;8;6;11m[38;2;21;19;24m▝[48;2;228;223;227m[38;2;37;32;36m▅[48;2;255;253;255m[38;2;250;245;249m▄[48;2;250;250;252m[38;2;250;250;252m        [48;2;248;248;250m[38;2;248;248;250m  [48;2;242;240;242m[38;2;130;128;131m▁[48;2;255;253;255m[38;2;255;254;255m━[48;2;87;85;88m[38;2;239;237;240m▊[48;2;1;0;2m[38;2;10;8;11m│[48;2;1;1;3m[38;2;1;1;3m  [48;2;1;1;1m[38;2;1;1;1m  [48;2;2;0;3m[38;2;2;0;3m  [48;2;3;1;6m[38;2;3;1;6m  [48;2;2;0;3m[38;2;2;0;3m  [0m
[48;2;1;1;1m[38;2;1;1;1m                [48;2;3;1;4m[38;2;3;1;4m  [48;2;3;1;6m[38;2;3;1;6m  [48;2;2;0;3m[38;2;2;0;3m  [48;2;3;1;6m[38;2;3;1;6m  [48;2;2;0;3m[38;2;2;0;3m  [48;2;1;1;1m[38;2;1;1;1m    [48;2;3;1;6m[38;2;3;1;6m    [48;2;3;0;4m[38;2;15;10;16m▄[48;2;225;221;226m[38;2;38;33;39m▅[48;2;234;233;235m[38;2;72;70;73m▁[48;2;243;241;243m[38;2;99;97;100m▁[48;2;250;250;252m[38;2;250;250;252m      [48;2;253;250;251m[38;2;245;241;242m│[48;2;156;152;153m[38;2;246;243;244m▊[48;2;79;49;48m[38;2;166;52;78m▄[48;2;242;230;222m[38;2;186;77;102m▅[48;2;188;179;179m[38;2;169;67;97m▅[48;2;6;7;3m[38;2;0;0;0m [48;2;1;1;1m[38;2;1;1;1m      [48;2;1;1;3m[38;2;1;1;3m  [48;2;1;1;1m[38;2;1;1;1m  [0m
[48;2;1;1;1m[38;2;1;1;1m                    [48;2;0;0;0m[38;2;0;0;0m  [48;2;1;1;3m[38;2;1;1;3m  [48;2;1;1;1m[38;2;1;1;1m    [48;2;2;0;3m[38;2;2;0;3m  [48;2;1;1;3m[38;2;1;1;3m  [48;2;3;1;6m[38;2;3;1;6m  [48;2;2;0;3m[38;2;2;0;3m  [48;2;1;0;2m[38;2;19;17;20m▖[48;2;78;76;79m[38;2;7;6;8m▊[48;2;229;227;230m[38;2;117;115;118m▁[48;2;247;245;247m[38;2;0;0;0m [48;2;250;250;252m[38;2;250;250;252m    [48;2;244;242;244m[38;2;0;0;0m [48;2;203;202;204m[38;2;87;85;88m▁[48;2;23;7;6m[38;2;0;0;0m [48;2;76;27;37m[38;2;149;57;82m┓[48;2;151;48;81m[38;2;20;6;7m▅[48;2;4;4;2m[38;2;0;0;0m [48;2;1;1;1m[38;2;1;1;1m          [0m
[48;2;1;1;1m[38;2;1;1;1m                        [48;2;1;1;3m[38;2;1;1;3m  [48;2;3;1;6m[38;2;3;1;6m  [48;2;2;0;3m[38;2;2;0;3m    [48;2;3;1;6m[38;2;3;1;6m  [48;2;1;1;3m[38;2;1;1;3m  [48;2;1;0;4m[38;2;14;12;17m▄[48;2;27;25;30m[38;2;170;168;173m▁[48;2;49;44;47m[38;2;214;208;212m▅[48;2;219;214;217m[38;2;75;70;73m▅[48;2;219;217;221m[38;2;20;18;23m▅▅[48;2;220;219;222m[38;2;21;19;24m▅▅[48;2;193;187;191m[38;2;99;93;97m▅[48;2;36;30;34m[38;2;201;196;200m▅[48;2;2;0;3m[38;2;2;0;3m  [48;2;1;1;3m[38;2;1;1;3m  [48;2;1;1;1m[38;2;1;1;1m          [0m
[48;2;1;1;1m[38;2;1;1;1m                    [48;2;2;0;3m[38;2;2;0;3m  [48;2;1;1;1m[38;2;1;1;1m  [48;2;3;1;6m[38;2;3;1;6m    [48;2;1;1;3m[38;2;1;1;3m  [48;2;2;0;3m[38;2;2;0;3m  [48;2;1;1;3m[38;2;1;1;3m    [48;2;79;77;80m[38;2;8;6;9m▊[48;2;248;247;249m[38;2;202;200;203m▎[48;2;246;246;248m[38;2;253;253;254m┗[38;2;216;216;218m▝[48;2;42;38;41m[38;2;209;205;208m▅[48;2;68;64;67m[38;2;18;14;17m▊[48;2;32;26;28m[38;2;204;198;200m▅[48;2;97;91;93m[38;2;24;19;20m▊[48;2;249;249;250m[38;2;231;231;233m▎[48;2;235;235;236m[38;2;0;0;0m [48;2;28;24;27m[38;2;204;199;203m▅[48;2;3;0;2m[38;2;9;4;8m▄[48;2;1;1;3m[38;2;1;1;3m  [48;2;1;1;1m[38;2;1;1;1m          [0m
[48;2;1;1;1m[38;2;1;1;1m                  [48;2;1;1;3m[38;2;1;1;3m  [48;2;2;0;3m[38;2;2;0;3m  [48;2;1;1;3m[38;2;1;1;3m  [48;2;3;1;6m[38;2;3;1;6m    [48;2;2;0;3m[38;2;2;0;3m  [48;2;1;1;3m[38;2;1;1;3m  [48;2;1;1;1m[38;2;1;1;1m  [48;2;14;12;15m[38;2;4;3;5m▊[48;2;16;14;17m[38;2;0;0;0m [48;2;51;50;52m[38;2;238;236;239m▅[48;2;241;239;242m[38;2;0;0;0m [48;2;232;231;233m[38;2;35;33;36m▁[48;2;225;223;226m[38;2;49;47;50m▁[48;2;201;196;200m[38;2;97;91;95m▅[48;2;73;67;71m[38;2;228;223;227m▅[48;2;206;200;202m[38;2;52;46;48m▁[48;2;58;53;54m[38;2;212;206;208m▁[48;2;248;248;250m[38;2;248;248;250m  [48;2;234;233;235m[38;2;0;0;0m [48;2;79;77;80m[38;2;231;229;232m┓[48;2;2;0;3m[38;2;2;0;3m  [48;2;1;1;1m[38;2;1;1;1m          [0m
[48;2;1;1;1m[38;2;1;1;1m                  [48;2;2;0;3m[38;2;2;0;3m    [48;2;3;1;6m[38;2;3;1;6m      [48;2;1;1;3m[38;2;1;1;3m  [48;2;1;1;1m[38;2;1;1;1m  [48;2;2;2;4m[38;2;2;2;4m  [48;2;34;30;33m[38;2;223;218;222m▁[48;2;58;54;57m[38;2;232;227;231m▅[48;2;248;248;249m[38;2;232;232;234m▘[48;2;251;251;252m[38;2;218;218;220m▝[48;2;51;49;52m[38;2;246;245;247m▅▅[48;2;235;235;237m[38;2;250;250;251m┫[48;2;234;234;236m[38;2;0;0;0m [48;2;119;117;120m[38;2;171;169;172m▄[48;2;245;244;246m[38;2;0;0;0m [48;2;250;250;252m[38;2;250;250;252m  [48;2;255;255;255m[38;2;247;247;249m│[48;2;124;124;126m[38;2;241;241;243m▊[48;2;20;18;21m[38;2;178;176;179m▁[48;2;1;0;2m[38;2;6;4;7m▄[48;2;1;1;3m[38;2;1;1;3m  [48;2;1;1;1m[38;2;1;1;1m        [0m
[48;2;4;2;10m[38;2;23;2;126m▂▂▂▂▂▂▂▂▂▂▂▂▂▂▂▂▂▂[48;2;5;3;12m[38;2;24;2;129m▂▂[48;2;4;2;10m[38;2;23;2;126m▂▂[48;2;5;3;12m[38;2;24;2;129m▂▂▂▂▂▂[48;2;5;3;11m[38;2;24;3;127m▂▂▂▂[48;2;18;16;19m[38;2;171;169;172m▂[48;2;61;60;62m[38;2;228;226;229m▅[48;2;248;248;250m[38;2;248;248;250m  [48;2;250;250;252m[38;2;250;250;252m    [48;2;230;225;232m[38;2;0;0;0m [48;2;214;208;218m[38;2;44;36;74m▆[48;2;41;40;38m[38;2;35;14;147m▂[48;2;241;238;243m[38;2;116;98;202m▂[48;2;250;250;252m[38;2;250;250;252m    [48;2;119;116;123m[38;2;236;234;239m▊[48;2;24;22;28m[38;2;203;200;205m▁[48;2;4;2;10m[38;2;23;2;126m▂▂▂▂▂▂▂▂▂▂[0m
[48;2;38;3;183m[38;2;38;3;183m                              [48;2;54;32;171m[38;2;33;4;178m▊[48;2;56;28;182m[38;2;216;207;237m▆[48;2;248;248;250m[38;2;248;248;250m  [48;2;250;250;252m[38;2;250;250;252m    [48;2;244;242;250m[38;2;0;0;0m [48;2;227;226;229m[38;2;64;47;173m▂[48;2;209;198;232m[38;2;52;22;180m▆[48;2;41;10;183m[38;2;0;0;0m [48;2;30;0;168m[38;2;45;11;190m▌[48;2;114;90;200m[38;2;41;9;187m▊[48;2;244;242;246m[38;2;105;90;181m▂[48;2;245;244;247m[38;2;0;0;0m [48;2;250;250;252m[38;2;250;250;252m  [48;2;249;248;252m[38;2;239;238;243m┛[48;2;237;236;240m[38;2;0;0;0m [48;2;38;9;184m[38;2;203;193;229m▆[48;2;56;29;185m[38;2;182;171;213m▁[48;2;38;3;183m[38;2;38;3;183m        [0m
[48;2;38;3;183m[38;2;38;3;183m                            [48;2;39;4;184m[38;2;39;4;184m  [48;2;64;43;186m[38;2;220;217;234m▆[48;2;242;241;243m[38;2;0;0;0m [48;2;250;250;252m[38;2;250;250;252m  [48;2;249;249;251m[38;2;249;249;251m  [48;2;232;228;241m[38;2;58;32;186m▂[48;2;240;236;246m[38;2;46;22;176m▆[48;2;209;198;234m[38;2;49;17;181m▆[48;2;39;7;185m[38;2;0;0;0m [48;2;38;3;183m[38;2;38;3;183m    [48;2;42;14;176m[38;2;0;0;0m [48;2;235;228;247m[38;2;74;48;194m▆[48;2;228;225;239m[38;2;76;60;179m▁[48;2;244;243;245m[38;2;0;0;0m [48;2;250;250;252m[38;2;250;250;252m  [48;2;249;247;250m[38;2;237;236;244m╺[48;2;231;230;235m[38;2;0;0;0m [48;2;82;58;203m[38;2;212;205;233m▅[48;2;38;16;170m[38;2;225;220;237m▂[48;2;56;25;190m[38;2;191;180;219m▁[48;2;38;4;180m[38;2;41;8;180m▄[48;2;38;3;183m[38;2;38;3;183m    [0m
[48;2;38;3;185m[38;2;38;3;185m                            [48;2;42;11;190m[38;2;41;12;185m▄[48;2;59;34;174m[38;2;221;215;230m▆[48;2;248;248;250m[38;2;248;248;250m  [48;2;246;244;250m[38;2;0;0;0m [48;2;231;230;231m[38;2;66;51;173m▂[48;2;227;219;244m[38;2;47;17;184m▆[48;2;222;213;240m[38;2;41;13;178m▆[48;2;39;4;184m[38;2;39;4;184m  [48;2;38;3;185m[38;2;38;3;185m        [48;2;50;20;183m[38;2;0;0;0m [48;2;215;203;242m[38;2;39;9;181m▆[48;2;229;225;228m[38;2;62;41;183m▆[48;2;240;236;243m[38;2;90;74;184m▂[48;2;250;250;252m[38;2;250;250;252m    [48;2;231;229;236m[38;2;0;0;0m [48;2;79;59;182m[38;2;208;203;225m▅[48;2;56;25;189m[38;2;184;170;230m▁[48;2;38;5;181m[38;2;0;0;0m [48;2;38;3;185m[38;2;38;3;185m  [0m
[48;2;38;3;185m[38;2;38;3;185m                            [48;2;58;39;174m[38;2;214;211;229m▆[48;2;246;245;244m[38;2;0;0;0m [48;2;249;249;251m[38;2;249;249;251m  [48;2;214;201;243m[38;2;61;32;183m▆[48;2;37;5;185m[38;2;44;17;161m▘[48;2;38;3;185m[38;2;38;3;185m              [48;2;41;7;189m[38;2;29;3;160m▃[48;2;37;5;183m[38;2;81;49;210m▝[48;2;227;222;240m[38;2;68;47;187m▆[48;2;236;234;233m[38;2;59;32;192m▂[48;2;224;221;234m[38;2;78;66;166m▁[48;2;249;248;250m[38;2;0;0;0m [48;2;248;249;250m[38;2;248;231;239m▘[48;2;248;247;248m[38;2;212;190;198m▗[48;2;146;92;178m[38;2;206;204;229m┛[48;2;40;5;195m[38;2;32;4;161m┃[48;2;38;3;185m[38;2;38;3;185m  [0m
[48;2;38;3;185m[38;2;38;3;185m                            [48;2;212;190;189m[38;2;181;68;97m▆[48;2;247;216;229m[38;2;198;76;118m▂[48;2;235;232;230m[38;2;196;69;111m▂[48;2;206;199;212m[38;2;58;32;126m▆[48;2;38;8;168m[38;2;8;0;31m▂▂[48;2;39;5;187m[38;2;12;1;43m▃▃[48;2;36;3;185m[38;2;20;8;51m▃▃▃▃▃▃[48;2;40;6;188m[38;2;12;2;44m▃▃[48;2;39;5;187m[38;2;12;1;43m▃▃[48;2;35;3;182m[38;2;19;8;48m▃▃[48;2;36;3;185m[38;2;20;8;51m▃▃▃▃[48;2;57;24;171m[38;2;3;9;16m▂[48;2;207;210;225m[38;2;47;22;132m▆[48;2;177;111;154m[38;2;71;18;157m━[48;2;238;173;175m[38;2;215;73;98m▆[48;2;204;65;102m[38;2;90;28;163m▝[48;2;38;8;177m[38;2;108;35;116m▖[48;2;38;3;185m[38;2;38;3;185m  [0m
[48;2;38;3;185m[38;2;38;3;185m                          [48;2;39;7;186m[38;2;0;0;0m [48;2;28;8;105m[38;2;28;8;105m▄[48;2;194;57;85m[38;2;49;20;33m▃[48;2;213;76;104m▃[48;2;191;65;94m[38;2;34;11;8m▂[48;2;148;46;67m[38;2;21;14;6m▂[48;2;4;2;5m[38;2;4;2;5m  [48;2;1;1;1m[38;2;1;1;1m  [48;2;1;1;3m[38;2;1;1;3m  [48;2;2;0;3m[38;2;2;0;3m  [48;2;3;1;4m[38;2;3;1;4m  [48;2;1;1;3m[38;2;1;1;3m  [48;2;1;1;1m[38;2;1;1;1m  [48;2;1;1;3m[38;2;1;1;3m    [48;2;5;7;8m[38;2;5;7;8m▄[48;2;21;5;10m[38;2;79;54;65m╺[48;2;75;22;30m[38;2;205;69;103m━[48;2;163;58;81m[38;2;45;22;21m▃[48;2;199;65;91m[38;2;21;12;16m▂[48;2;172;59;75m[38;2;37;14;21m▃[48;2;156;59;93m[38;2;13;8;36m▆[48;2;59;16;146m[38;2;55;25;70m▌[48;2;38;3;185m[38;2;38;3;185m  [0m
[48;2;38;3;185m[38;2;38;3;185m                            [48;2;20;5;61m[38;2;39;6;179m▆▆[48;2;19;7;45m[38;2;38;5;181m▆▆[48;2;19;8;43m[38;2;38;5;179m▆▆▆▆[48;2;19;7;45m[38;2;38;5;181m▆▆▆▆[48;2;19;8;43m[38;2;38;5;179m▆▆▆▆▆▆▆▆▆▆▆▆[48;2;19;7;45m[38;2;38;5;181m▆▆▆▆[48;2;37;16;109m[38;2;37;3;178m▆[48;2;37;1;184m[38;2;37;3;172m▘[48;2;38;3;185m[38;2;38;3;185m  [0m
[48;2;40;2;185m[38;2;40;2;185m                                                            [0m
[48;2;40;2;185m[38;2;40;2;185m                                                            [0m
