[48;2;1;1;1m[38;2;1;1;1m                                                            [0m
[48;2;1;1;1m[38;2;1;1;1m                                                            [0m
[48;2;1;1;1m[38;2;1;1;1m                                                            [0m
[48;2;1;1;1m[38;2;1;1;1m                                                      [48;2;1;1;3m[38;2;1;1;3m  [48;2;1;1;1m[38;2;1;1;1m    [0m
[48;2;1;1;1m[38;2;1;1;1m                          [48;2;3;1;6m[38;2;3;1;6m  [48;2;1;1;3m[38;2;1;1;3m  [48;2;1;1;1m[38;2;1;1;1m        [48;2;3;1;4m[38;2;3;1;4m  [48;2;3;1;6m[38;2;3;1;6m  [48;2;3;1;4m[38;2;3;1;4m  [48;2;1;1;3m[38;2;1;1;3m  [48;2;1;1;1m[38;2;1;1;1m      [48;2;3;1;4m[38;2;3;1;4m  [48;2;3;1;6m[38;2;3;1;6m  [48;2;2;0;3m[38;2;2;0;3m  [48;2;1;1;1m[38;2;1;1;1m  [0m
[48;2;1;1;1m[38;2;1;1;1m                        [48;2;1;1;3m[38;2;1;1;3m  [48;2;3;1;6m[38;2;3;1;6m    [48;2;2;0;3m[38;2;2;0;3m  [48;2;1;1;3m[38;2;1;1;3m  [48;2;2;0;3m[38;2;2;0;3m  [48;2;1;1;3m[38;2;1;1;3m    [48;2;2;0;3m[38;2;2;0;3m  [48;2;3;1;6m[38;2;3;1;6m    [48;2;1;1;1m[38;2;1;1;1m    [48;2;3;1;6m[38;2;3;1;6m      [48;2;1;1;3m[38;2;1;1;3m  [48;2;1;1;1m[38;2;1;1;1m  [0m
[48;2;1;1;1m[38;2;1;1;1m                    [48;2;3;1;6m[38;2;3;1;6m    [48;2;3;1;4m[38;2;3;1;4m  [48;2;3;1;6m[38;2;3;1;6m    [48;2;2;0;3m[38;2;2;0;3m  [48;2;3;1;6m[38;2;3;1;6m        [48;2;21;17;20m[38;2;0;0;0m [48;2;22;17;21m[38;2;208;204;207m▄[48;2;14;10;13m[38;2;219;214;218m▄[38;2;205;201;205m▄[48;2;4;2;5m[38;2;4;2;5m  [48;2;1;1;3m[38;2;1;1;3m  [48;2;3;1;4m[38;2;3;1;4m  [48;2;3;1;6m[38;2;3;1;6m      [48;2;1;1;3m[38;2;1;1;3m  [48;2;1;1;1m[38;2;1;1;1m  [0m
[48;2;1;1;1m[38;2;1;1;1m                    [48;2;1;1;3m[38;2;1;1;3m  [48;2;3;1;6m[38;2;3;1;6m          [48;2;1;1;3m[38;2;1;1;3m  [48;2;3;1;4m[38;2;3;1;4m  [48;2;3;1;6m[38;2;3;1;6m  [48;2;1;0;4m[38;2;14;12;17m▌[48;2;79;77;82m[38;2;8;6;11m▊[48;2;164;164;166m[38;2;236;236;238m▇[48;2;255;255;255m[38;2;252;252;254m▄[48;2;248;248;250m[38;2;248;248;250m  [48;2;139;134;138m[38;2;229;225;229m▇[48;2;19;15;18m[38;2;190;185;189m▄[48;2;2;0;3m[38;2;2;0;3m  [48;2;3;1;4m[38;2;3;1;4m  [48;2;3;1;6m[38;2;3;1;6m        [48;2;3;1;4m[38;2;3;1;4m  [0m
[48;2;1;1;1m[38;2;1;1;1m                    [48;2;2;2;4m[38;2;2;2;4m  [48;2;3;1;4m[38;2;3;1;4m  [48;2;3;1;6m[38;2;3;1;6m              [48;2;1;0;4m[38;2;8;6;11m│[48;2;89;87;92m[38;2;12;10;15m▊[48;2;238;228;228m[38;2;0;0;0m [48;2;240;218;223m[38;2;182;80;110m▄[48;2;203;70;99m[38;2;47;29;20m▄[48;2;234;128;148m[38;2;198;60;91m▇[48;2;179;69;104m[38;2;15;12;9m▄[48;2;7;8;5m[38;2;61;32;39m▘[48;2;3;1;6m[38;2;3;1;6m  [48;2;1;1;3m[38;2;1;1;3m    [48;2;3;1;4m[38;2;3;1;4m  [48;2;3;1;6m[38;2;3;1;6m    [48;2;1;1;3m[38;2;1;1;3m  [0m
[48;2;1;1;1m[38;2;1;1;1m                [48;2;2;0;3m[38;2;2;0;3m  [48;2;3;1;4m[38;2;3;1;4m  [48;2;2;0;3m[38;2;2;0;3m  [48;2;1;1;1m[38;2;1;1;1m  [48;2;1;1;3m[38;2;1;1;3m    [48;2;2;0;3m[38;2;2;0;3m  [48;2;3;1;6m[38;2;3;1;6m        [48;2;1;0;4m[38;2;2;0;5m▄[48;2;92;90;95m[38;2;17;15;20m▊[48;2;219;190;201m[38;2;246;245;247m┃[48;2;221;68;95m[38;2;209;100;123m▎[48;2;214;72;98m[38;2;214;72;98m  [48;2;102;36;46m[38;2;205;81;101m▊[48;2;10;5;8m[38;2;57;51;57m▁[48;2;2;0;3m[38;2;2;0;3m  [48;2;3;1;4m[38;2;3;1;4m  [48;2;2;2;4m[38;2;2;2;4m  [48;2;1;1;1m[38;2;1;1;1m  [48;2;2;0;3m[38;2;2;0;3m  [48;2;3;1;6m[38;2;3;1;6m  [48;2;1;1;1m[38;2;1;1;1m  [0m
[48;2;1;1;1m[38;2;1;1;1m            [48;2;1;1;3m[38;2;1;1;3m  [48;2;3;1;6m[38;2;3;1;6m      [48;2;1;1;3m[38;2;1;1;3m  [48;2;1;1;1m[38;2;1;1;1m      [48;2;1;1;3m[38;2;1;1;3m  [48;2;3;1;6m[38;2;3;1;6m  [48;2;1;1;3m[38;2;1;1;3m    [48;2;19;17;20m[38;2;99;97;100m▁[48;2;25;23;26m[38;2;223;221;224m▄[48;2;55;53;56m[38;2;237;235;237m▄[48;2;239;237;240m[38;2;0;0;0m [48;2;246;234;234m [48;2;202;95;127m[38;2;240;226;227m▄[48;2;228;122;144m[38;2;205;66;99m▊[48;2;209;106;127m[38;2;245;234;227m▄[48;2;235;233;236m[38;2;249;247;250m▊[48;2;228;226;229m[38;2;0;0;0m [48;2;26;25;27m[38;2;199;198;200m▄[48;2;11;10;12m[38;2;92;90;93m▁[48;2;3;1;6m[38;2;3;1;6m  [48;2;3;1;4m[38;2;3;1;4m  [48;2;3;1;6m[38;2;3;1;6m  [48;2;1;1;3m[38;2;1;1;3m  [48;2;1;1;1m[38;2;1;1;1m    [0m
[48;2;1;1;1m[38;2;1;1;1m            [48;2;3;1;6m[38;2;3;1;6m      [48;2;3;1;4m[38;2;3;1;4m  [48;2;1;1;3m[38;2;1;1;3m  [48;2;1;1;1m[38;2;1;1;1m    [48;2;3;1;6m[38;2;3;1;6m  [48;2;1;1;3m[38;2;1;1;3m  [48;2;2;0;3m[38;2;2;0;3m  [48;2;3;1;6m[38;2;3;1;6m  [48;2;19;15;18m[38;2;0;0;0m [48;2;52;47;51m[38;2;229;225;228m▄[48;2;241;241;243m[38;2;251;251;252m▄[48;2;250;250;251m[38;2;240;240;242m▃[48;2;252;250;252m[38;2;225;223;226m▂[48;2;248;246;248m[38;2;236;234;237m▁[48;2;253;252;254m[38;2;247;245;248m▃[48;2;245;243;246m[38;2;232;230;233m▝[48;2;210;113;143m[38;2;247;242;243m▄[48;2;247;244;244m[38;2;0;0;0m [48;2;250;250;252m[38;2;250;250;252m  [48;2;236;236;238m[38;2;249;249;251m▊[48;2;229;229;230m[38;2;0;0;0m [48;2;31;30;32m[38;2;192;190;193m▄[48;2;5;3;6m[38;2;0;0;0m [48;2;1;1;3m[38;2;1;1;3m  [48;2;3;1;6m[38;2;3;1;6m    [48;2;1;1;3m[38;2;1;1;3m  [48;2;1;1;1m[38;2;1;1;1m  [0m
[48;2;1;1;1m[38;2;1;1;1m            [48;2;1;1;3m[38;2;1;1;3m  [48;2;3;1;6m[38;2;3;1;6m  [48;2;2;0;3m[38;2;2;0;3m  [48;2;1;1;1m[38;2;1;1;1m  [48;2;3;1;6m[38;2;3;1;6m    [48;2;1;1;1m[38;2;1;1;1m      [48;2;1;1;3m[38;2;1;1;3m  [48;2;4;3;7m[38;2;14;12;17m╵[48;2;35;33;38m[38;2;6;4;9m▊[48;2;28;27;29m[38;2;215;213;215m▅[48;2;242;241;243m[38;2;0;0;0m [48;2;242;243;239m [48;2;233;201;206m[38;2;220;86;125m▄[48;2;195;97;126m[38;2;237;211;215m▅[48;2;246;243;241m[38;2;0;0;0m [48;2;250;250;252m[38;2;250;250;252m        [48;2;89;84;88m[38;2;240;236;240m▊[48;2;3;0;2m[38;2;12;7;11m│[48;2;3;1;6m[38;2;3;1;6m  [48;2;1;1;3m[38;2;1;1;3m  [48;2;3;1;6m[38;2;3;1;6m    [48;2;1;1;1m[38;2;1;1;1m  [0m
[48;2;1;1;1m[38;2;1;1;1m              [48;2;2;0;3m[38;2;2;0;3m  [48;2;1;1;3m[38;2;1;1;3m    [48;2;3;1;6m[38;2;3;1;6m  [48;2;3;1;4m[38;2;3;1;4m  [48;2;1;1;3m[38;2;1;1;3m  [48;2;1;1;1m[38;2;1;1;1m    [48;2;3;1;6m[38;2;3;1;6m  [48;2;32;27;31m[38;2;11;7;10m▊[48;2;65;60;64m[38;2;226;221;225m▄[48;2;248;248;250m[38;2;248;248;250m  [48;2;245;242;239m[38;2;0;0;0m [48;2;191;82;115m[38;2;245;232;234m▅[48;2;201;94;125m[38;2;240;227;228m▅[48;2;246;244;241m[38;2;0;0;0m [48;2;250;250;252m[38;2;250;250;252m      [48;2;249;249;251m[38;2;249;249;251m  [48;2;102;88;93m[38;2;233;219;224m▊[48;2;15;8;9m[38;2;96;22;47m▁[48;2;1;1;3m[38;2;1;1;3m  [48;2;1;1;1m[38;2;1;1;1m  [48;2;2;0;3m[38;2;2;0;3m  [48;2;3;1;6m[38;2;3;1;6m  [48;2;2;0;3m[38;2;2;0;3m  [0m
[48;2;1;1;1m[38;2;1;1;1m                [48;2;3;1;4m[38;2;3;1;4m  [48;2;3;1;6m[38;2;3;1;6m  [48;2;2;0;3m[38;2;2;0;3m  [48;2;3;1;6m[38;2;3;1;6m  [48;2;2;0;3m[38;2;2;0;3m  [48;2;1;1;1m[38;2;1;1;1m    [48;2;3;1;6m[38;2;3;1;6m  [48;2;15;11;14m[38;2;0;0;0m [48;2;217;213;217m[38;2;30;25;29m▅[48;2;241;237;238m[38;2;76;72;73m▁▁[48;2;242;241;243m[38;2;78;76;79m▁▁[48;2;250;250;252m[38;2;250;250;252m      [48;2;248;248;250m[38;2;248;248;250m  [48;2;231;222;219m[38;2;83;73;70m▁[48;2;234;189;199m[38;2;171;56;89m▄[48;2;204;62;92m[38;2;68;37;29m▁[48;2;65;29;23m[38;2;174;64;83m▊[48;2;1;1;1m[38;2;1;1;1m      [48;2;1;1;3m[38;2;1;1;3m  [48;2;1;1;1m[38;2;1;1;1m  [0m
[48;2;1;1;1m[38;2;1;1;1m                    [48;2;0;0;0m[38;2;0;0;0m  [48;2;1;1;3m[38;2;1;1;3m  [48;2;1;1;1m[38;2;1;1;1m    [48;2;2;0;3m[38;2;2;0;3m  [48;2;1;1;3m[38;2;1;1;3m  [48;2;3;1;6m[38;2;3;1;6m  [48;2;1;1;3m[38;2;1;1;3m  [48;2;1;0;2m[38;2;20;18;21m▖[48;2;79;77;80m[38;2;8;6;9m▊[48;2;229;227;230m[38;2;117;115;118m▁[48;2;247;245;247m[38;2;0;0;0m [48;2;250;250;252m[38;2;250;250;252m    [48;2;244;242;244m[38;2;0;0;0m [48;2;203;202;204m[38;2;87;85;88m▁[48;2;3;1;6m[38;2;3;1;6m    [48;2;1;1;1m[38;2;1;1;1m          [0m
[48;2;1;1;1m[38;2;1;1;1m                        [48;2;1;1;3m[38;2;1;1;3m  [48;2;3;1;6m[38;2;3;1;6m  [48;2;2;0;3m[38;2;2;0;3m    [48;2;3;1;6m[38;2;3;1;6m  [48;2;1;1;3m[38;2;1;1;3m  [48;2;50;48;51m[38;2;6;4;7m▊[48;2;29;27;30m[38;2;220;218;221m▅[48;2;51;46;50m[38;2;220;216;220m▅[48;2;213;209;212m[38;2;73;68;72m▅[48;2;219;217;221m[38;2;20;18;23m▅▅[48;2;223;221;225m[38;2;16;15;19m▅▅[48;2;200;195;199m[38;2;52;47;51m▅[48;2;85;80;84m[38;2;223;219;222m┓[48;2;3;1;4m[38;2;3;1;4m  [48;2;1;1;3m[38;2;1;1;3m  [48;2;1;1;1m[38;2;1;1;1m          [0m
[48;2;1;1;1m[38;2;1;1;1m                    [48;2;2;0;3m[38;2;2;0;3m  [48;2;1;1;1m[38;2;1;1;1m  [48;2;3;1;6m[38;2;3;1;6m    [48;2;1;1;3m[38;2;1;1;3m  [48;2;2;0;3m[38;2;2;0;3m  [48;2;1;1;3m[38;2;1;1;3m  [48;2;3;1;4m[38;2;3;1;4m  [48;2;37;33;36m[38;2;182;177;181m▁[48;2;248;244;248m[38;2;215;210;214m▎[48;2;246;246;248m[38;2;253;253;254m┗[38;2;216;216;218m▝[48;2;41;37;40m[38;2;234;230;233m▅[48;2;30;26;29m[38;2;170;166;170m▅[48;2;43;37;41m[38;2;208;202;206m▁[48;2;32;27;30m[38;2;205;200;204m▅[48;2;139;134;138m[38;2;18;14;17m▊[48;2;234;229;233m[38;2;0;0;0m [48;2;29;24;28m[38;2;205;200;204m▅[48;2;10;5;9m[38;2;3;0;2m┏[48;2;1;1;3m[38;2;1;1;3m  [48;2;1;1;1m[38;2;1;1;1m          [0m
[48;2;1;1;1m[38;2;1;1;1m                  [48;2;1;1;3m[38;2;1;1;3m  [48;2;2;0;3m[38;2;2;0;3m  [48;2;1;1;3m[38;2;1;1;3m  [48;2;3;1;6m[38;2;3;1;6m    [48;2;2;0;3m[38;2;2;0;3m  [48;2;1;1;3m[38;2;1;1;3m  [48;2;1;1;1m[38;2;1;1;1m  [48;2;1;0;2m[38;2;13;11;14m│[48;2;78;76;79m[38;2;7;6;8m▊[48;2;250;250;251m[38;2;232;232;234m▌[48;2;250;250;252m[38;2;255;255;255m▌[48;2;238;233;237m[38;2;0;0;0m [48;2;224;220;223m[38;2;84;79;83m▅[48;2;197;192;195m[38;2;99;93;97m▅[48;2;65;59;63m[38;2;230;225;229m▅[48;2;218;212;216m[38;2;56;50;54m▁[48;2;170;165;168m[38;2;106;101;104m▄[48;2;74;72;75m[38;2;236;234;237m▅[48;2;246;244;247m[38;2;0;0;0m [48;2;127;122;126m[38;2;241;238;241m▊[48;2;20;16;19m[38;2;173;168;172m▁[48;2;2;0;3m[38;2;2;0;3m  [48;2;1;1;1m[38;2;1;1;1m          [0m
[48;2;1;1;1m[38;2;1;1;1m                  [48;2;2;0;3m[38;2;2;0;3m    [48;2;3;1;6m[38;2;3;1;6m      [48;2;1;1;3m[38;2;1;1;3m  [48;2;1;1;1m[38;2;1;1;1m    [48;2;3;0;2m[38;2;15;10;14m│[48;2;80;75;79m[38;2;9;5;8m▊[48;2;250;250;251m[38;2;232;232;234m▌[48;2;250;250;252m[38;2;255;255;255m▌[38;2;250;250;252m  [48;2;255;255;255m[38;2;247;247;249m▌[48;2;247;247;248m[38;2;206;206;208m▝[48;2;82;80;83m[38;2;242;240;243m▅[48;2;244;243;245m[38;2;0;0;0m [48;2;250;250;252m[38;2;250;250;252m  [48;2;255;255;255m[38;2;247;247;249m│[48;2;124;124;126m[38;2;241;241;243m▊[48;2;20;18;21m[38;2;178;176;179m▁[48;2;1;0;2m[38;2;6;4;7m▄[48;2;1;1;3m[38;2;1;1;3m  [48;2;1;1;1m[38;2;1;1;1m        [0m
[48;2;4;2;10m[38;2;23;2;126m▂▂▂▂▂▂▂▂▂▂▂▂▂▂▂▂▂▂[48;2;5;3;12m[38;2;24;2;129m▂▂[48;2;4;2;10m[38;2;23;2;126m▂▂[48;2;5;3;12m[38;2;24;2;129m▂▂▂▂▂▂[48;2;5;3;11m[38;2;24;3;127m▂▂[48;2;4;2;10m[38;2;23;2;126m▂▂[48;2;4;2;9m[38;2;34;12;137m▂▂[48;2;23;18;22m[38;2;189;184;188m▂[48;2;62;58;61m[38;2;235;231;235m▅[48;2;249;249;251m[38;2;249;249;251m  [48;2;250;250;252m[38;2;250;250;252m  [48;2;237;237;239m[38;2;251;251;252m▊[48;2;193;193;195m[38;2;243;243;244m▊[48;2;210;209;201m[38;2;42;33;88m▅[48;2;232;228;242m[38;2;61;38;170m▁[48;2;250;250;252m[38;2;250;250;252m    [48;2;119;116;123m[38;2;236;234;239m▊[48;2;24;22;28m[38;2;203;200;205m▁[48;2;4;2;10m[38;2;23;2;126m▂▂▂▂▂▂▂▂▂▂[0m
[48;2;38;3;183m[38;2;38;3;183m                                [48;2;43;19;180m[38;2;201;195;219m▂[48;2;57;28;192m[38;2;224;219;238m▆[48;2;249;249;251m[38;2;249;249;251m  [48;2;250;250;252m[38;2;250;250;252m    [48;2;192;185;221m[38;2;244;243;242m▊[48;2;215;209;227m[38;2;57;33;181m▆[48;2;30;0;168m[38;2;45;11;190m▌[48;2;114;90;200m[38;2;41;9;187m▊[48;2;244;242;246m[38;2;105;90;181m▂[48;2;245;244;247m[38;2;0;0;0m [48;2;250;250;252m[38;2;250;250;252m  [48;2;249;248;252m[38;2;239;238;243m┛[48;2;237;236;240m[38;2;0;0;0m [48;2;38;9;184m[38;2;203;193;229m▆[48;2;56;29;185m[38;2;182;171;213m▁[48;2;38;3;183m[38;2;38;3;183m        [0m
[48;2;38;3;183m[38;2;38;3;183m                              [48;2;46;21;181m[38;2;200;194;216m▂[48;2;55;30;189m[38;2;226;222;240m▆[48;2;248;248;250m[38;2;248;248;250m  [48;2;250;250;252m[38;2;250;250;252m  [48;2;241;241;243m[38;2;251;251;252m▅[48;2;251;251;252m[38;2;241;241;243m▃[48;2;241;240;247m[38;2;62;38;185m▂[48;2;234;233;240m[38;2;56;34;179m▂[48;2;210;199;233m[38;2;50;18;180m▆[48;2;40;8;184m[38;2;0;0;0m [48;2;38;3;183m[38;2;38;3;183m  [48;2;42;14;176m[38;2;0;0;0m [48;2;235;228;247m[38;2;74;48;194m▆[48;2;228;225;239m[38;2;76;60;179m▁[48;2;244;243;245m[38;2;0;0;0m [48;2;250;250;252m[38;2;250;250;252m  [48;2;249;247;250m[38;2;237;236;244m╺[48;2;231;230;235m[38;2;0;0;0m [48;2;46;18;190m[38;2;202;193;228m▆[48;2;57;30;184m[38;2;187;177;219m▁[48;2;38;3;183m[38;2;38;3;183m      [0m
[48;2;38;3;185m[38;2;38;3;185m                            [48;2;37;6;183m[38;2;0;0;0m [48;2;47;16;179m[38;2;208;196;233m▂[48;2;248;247;251m[38;2;204;203;208m▎[48;2;247;246;250m[38;2;237;236;241m▎[48;2;250;250;252m[38;2;250;250;252m  [48;2;243;241;248m[38;2;0;0;0m [48;2;232;231;235m[38;2;56;43;164m▂[48;2;228;220;247m[38;2;44;15;182m▆[48;2;224;215;244m[38;2;38;11;176m▆[48;2;39;4;184m[38;2;39;4;184m  [48;2;38;3;185m[38;2;38;3;185m      [48;2;45;15;181m[38;2;0;0;0m [48;2;217;207;238m[38;2;69;44;187m▆[48;2;222;219;234m[38;2;72;58;176m▁[48;2;247;246;249m[38;2;0;0;0m [48;2;250;250;252m[38;2;250;250;252m  [48;2;249;248;249m[38;2;237;236;242m╺[48;2;231;230;234m[38;2;0;0;0m [48;2;108;89;190m[38;2;212;202;236m┓[48;2;39;6;186m[38;2;26;2;159m▎[48;2;38;3;185m[38;2;38;3;185m    [0m
[48;2;38;3;185m[38;2;38;3;185m                            [48;2;71;46;174m[38;2;34;3;184m▊[48;2;249;245;247m[38;2;188;175;231m▎[48;2;250;250;252m[38;2;250;250;252m  [48;2;245;243;250m[38;2;0;0;0m [48;2;230;229;232m[38;2;65;50;174m▂[48;2;203;192;228m[38;2;47;17;178m▆[48;2;41;9;186m[38;2;0;0;0m [48;2;38;3;185m[38;2;38;3;185m            [48;2;46;18;190m[38;2;0;0;0m [48;2;215;210;219m[38;2;73;50;183m▆[48;2;223;220;233m[38;2;72;61;160m▁[48;2;248;247;251m[38;2;0;0;0m [48;2;250;250;252m[38;2;250;250;252m  [48;2;231;229;237m[38;2;0;0;0m [48;2;112;95;199m[38;2;218;215;226m┓[48;2;38;3;185m[38;2;38;3;185m    [0m
[48;2;38;3;185m[38;2;38;3;185m                            [48;2;58;26;154m[38;2;39;8;188m▊[48;2;220;209;227m[38;2;173;78;123m▂[48;2;241;235;236m[38;2;181;67;103m▂[48;2;232;228;228m[38;2;59;30;37m▂[48;2;198;190;213m[38;2;44;24;122m▆[48;2;41;13;170m[38;2;9;3;34m▂[48;2;39;5;187m[38;2;12;1;43m▃▃[48;2;36;3;185m[38;2;20;8;51m▃▃▃▃[48;2;36;3;183m[38;2;20;9;49m▃▃[48;2;40;6;188m[38;2;12;2;44m▃▃[48;2;39;5;187m[38;2;12;1;43m▃▃[48;2;35;3;182m[38;2;19;8;48m▃▃[48;2;36;3;185m[38;2;20;8;51m▃▃[48;2;57;27;197m[38;2;15;4;57m▃[48;2;134;119;188m[38;2;16;12;26m▂[48;2;233;226;229m[38;2;31;20;24m▂[48;2;218;198;207m[38;2;65;41;49m▂[48;2;249;213;210m[38;2;210;72;101m▆[48;2;76;49;151m[38;2;216;121;140m▌[48;2;38;3;185m[38;2;38;3;185m    [0m
[48;2;38;3;185m[38;2;38;3;185m                          [48;2;39;4;184m[38;2;39;4;184m  [48;2;32;11;94m[38;2;42;0;168m▁[48;2;92;36;63m[38;2;198;72;93m┗[48;2;191;65;94m[38;2;34;11;8m▂[48;2;148;46;67m[38;2;21;14;6m▂[48;2;4;2;5m[38;2;4;2;5m  [48;2;1;1;1m[38;2;1;1;1m  [48;2;1;1;3m[38;2;1;1;3m  [48;2;2;0;3m[38;2;2;0;3m  [48;2;3;1;4m[38;2;3;1;4m  [48;2;1;1;3m[38;2;1;1;3m  [48;2;1;1;1m[38;2;1;1;1m  [48;2;1;1;3m[38;2;1;1;3m    [48;2;3;1;6m[38;2;3;1;6m  [48;2;33;16;17m[38;2;0;0;0m [48;2;153;41;73m[38;2;34;19;18m▂[48;2;209;64;99m[38;2;58;23;43m▃[48;2;77;27;64m[38;2;216;86;93m▘[48;2;36;11;126m[38;2;36;11;126m▄[48;2;36;0;191m[38;2;36;3;169m━[48;2;38;3;185m[38;2;38;3;185m  [0m
[48;2;38;3;185m[38;2;38;3;185m                            [48;2;37;2;182m[38;2;37;5;163m▝[48;2;37;22;78m[38;2;37;2;183m▆[48;2;19;7;45m[38;2;38;5;181m▆▆[48;2;19;8;43m[38;2;38;5;179m▆▆▆▆[48;2;19;7;45m[38;2;38;5;181m▆▆▆▆[48;2;19;8;43m[38;2;38;5;179m▆▆▆▆▆▆▆▆▆▆▆▆[48;2;19;7;45m[38;2;38;5;181m▆▆[48;2;27;15;50m[38;2;37;4;176m▆[48;2;27;6;96m[38;2;37;3;188m▆[48;2;38;3;185m[38;2;38;3;185m    [0m
[48;2;40;2;185m[38;2;40;2;185m                                                            [0m
[48;2;40;2;185m[38;2;40;2;185m                                                            [0m
