[48;2;1;1;1m[38;2;1;1;1m                                                            [0m
[48;2;1;1;1m[38;2;1;1;1m                                                            [0m
[48;2;1;1;1m[38;2;1;1;1m                                                            [0m
[48;2;1;1;1m[38;2;1;1;1m                                                      [48;2;1;1;3m[38;2;1;1;3m  [48;2;1;1;1m[38;2;1;1;1m    [0m
[48;2;1;1;1m[38;2;1;1;1m                          [48;2;3;1;6m[38;2;3;1;6m  [48;2;1;1;3m[38;2;1;1;3m  [48;2;1;1;1m[38;2;1;1;1m        [48;2;3;1;4m[38;2;3;1;4m  [48;2;3;1;6m[38;2;3;1;6m  [48;2;3;1;4m[38;2;3;1;4m  [48;2;1;1;3m[38;2;1;1;3m  [48;2;1;1;1m[38;2;1;1;1m      [48;2;3;1;4m[38;2;3;1;4m  [48;2;3;1;6m[38;2;3;1;6m  [48;2;2;0;3m[38;2;2;0;3m  [48;2;1;1;1m[38;2;1;1;1m  [0m
[48;2;1;1;1m[38;2;1;1;1m                        [48;2;1;1;3m[38;2;1;1;3m  [48;2;3;1;6m[38;2;3;1;6m    [48;2;2;0;3m[38;2;2;0;3m  [48;2;1;1;3m[38;2;1;1;3m  [48;2;2;0;3m[38;2;2;0;3m  [48;2;1;1;3m[38;2;1;1;3m    [48;2;2;0;3m[38;2;2;0;3m  [48;2;3;1;6m[38;2;3;1;6m    [48;2;1;1;1m[38;2;1;1;1m    [48;2;3;1;6m[38;2;3;1;6m      [48;2;1;1;3m[38;2;1;1;3m  [48;2;1;1;1m[38;2;1;1;1m  [0m
[48;2;1;1;1m[38;2;1;1;1m                    [48;2;3;1;6m[38;2;3;1;6m    [48;2;3;1;4m[38;2;3;1;4m  [48;2;3;1;6m[38;2;3;1;6m    [48;2;2;0;3m[38;2;2;0;3m  [48;2;3;1;6m[38;2;3;1;6m        [48;2;1;1;3m[38;2;1;1;3m  [48;2;5;3;6m[38;2;5;3;6m  [48;2;2;2;4m[38;2;2;2;4m  [48;2;1;1;3m[38;2;1;1;3m  [48;2;3;1;4m[38;2;3;1;4m  [48;2;3;1;6m[38;2;3;1;6m      [48;2;1;1;3m[38;2;1;1;3m  [48;2;1;1;1m[38;2;1;1;1m  [0m
[48;2;1;1;1m[38;2;1;1;1m                    [48;2;1;1;3m[38;2;1;1;3m  [48;2;3;1;6m[38;2;3;1;6m          [48;2;1;1;3m[38;2;1;1;3m  [48;2;3;1;4m[38;2;3;1;4m  [48;2;3;1;6m[38;2;3;1;6m  [48;2;2;0;3m[38;2;2;0;3m  [48;2;18;13;17m[38;2;0;0;0m [48;2;45;40;44m[38;2;216;211;215m▄[48;2;154;152;155m[38;2;246;244;246m▇▇[48;2;145;143;146m[38;2;231;229;232m▇[48;2;11;9;12m[38;2;199;197;200m▄[48;2;4;2;5m[38;2;4;2;5m  [48;2;3;1;4m[38;2;3;1;4m  [48;2;3;1;6m[38;2;3;1;6m        [48;2;3;1;4m[38;2;3;1;4m  [0m
[48;2;1;1;1m[38;2;1;1;1m                    [48;2;2;2;4m[38;2;2;2;4m  [48;2;3;1;4m[38;2;3;1;4m  [48;2;3;1;6m[38;2;3;1;6m              [48;2;2;0;3m[38;2;2;0;3m  [48;2;118;113;117m[38;2;10;6;9m▊[48;2;251;246;250m[38;2;217;212;216m▎[48;2;240;229;230m[38;2;0;0;0m [48;2;244;243;241m[38;2;202;78;116m▄[48;2;250;239;244m[38;2;205;89;106m▄[48;2;248;238;242m[38;2;183;67;84m▄[48;2;180;175;179m[38;2;27;23;26m▄[48;2;10;6;9m[38;2;0;0;0m [48;2;1;1;3m[38;2;1;1;3m    [48;2;3;1;4m[38;2;3;1;4m  [48;2;3;1;6m[38;2;3;1;6m    [48;2;1;1;3m[38;2;1;1;3m  [0m
[48;2;1;1;1m[38;2;1;1;1m                [48;2;2;0;3m[38;2;2;0;3m  [48;2;3;1;4m[38;2;3;1;4m  [48;2;2;0;3m[38;2;2;0;3m  [48;2;1;1;1m[38;2;1;1;1m  [48;2;1;1;3m[38;2;1;1;3m    [48;2;2;0;3m[38;2;2;0;3m  [48;2;3;1;6m[38;2;3;1;6m        [48;2;5;4;6m[38;2;16;14;17m▁[48;2;1;0;2m[38;2;36;34;37m▂[48;2;114;105;108m[38;2;20;12;14m▊[48;2;209;200;203m[38;2;250;244;247m┃[48;2;168;58;77m[38;2;216;68;100m▊[48;2;65;25;23m[38;2;187;67;90m▄[48;2;201;68;97m[38;2;0;0;0m [48;2;30;11;6m[38;2;164;63;81m▄[48;2;1;1;3m[38;2;1;1;3m  [48;2;3;1;4m[38;2;3;1;4m  [48;2;2;2;4m[38;2;2;2;4m  [48;2;1;1;1m[38;2;1;1;1m  [48;2;2;0;3m[38;2;2;0;3m  [48;2;3;1;6m[38;2;3;1;6m  [48;2;1;1;1m[38;2;1;1;1m  [0m
[48;2;1;1;1m[38;2;1;1;1m            [48;2;1;1;3m[38;2;1;1;3m  [48;2;3;1;6m[38;2;3;1;6m      [48;2;1;1;3m[38;2;1;1;3m  [48;2;1;1;1m[38;2;1;1;1m      [48;2;1;1;3m[38;2;1;1;3m  [48;2;3;1;6m[38;2;3;1;6m  [48;2;1;1;3m[38;2;1;1;3m  [48;2;1;0;2m[38;2;22;20;23m╴[48;2;15;14;16m[38;2;95;93;96m▁[48;2;25;23;26m[38;2;238;236;238m▄▄[48;2;52;50;53m▄[48;2;239;237;239m[38;2;0;0;0m [48;2;251;247;248m[38;2;243;239;240m┃[48;2;225;221;222m[38;2;255;252;253m▌[48;2;214;74;100m[38;2;214;74;100m  [48;2;213;89;117m[38;2;0;0;0m [48;2;177;60;86m[38;2;236;223;215m▅[48;2;26;25;27m[38;2;199;198;200m▄[48;2;11;10;12m[38;2;92;90;93m▁[48;2;3;1;6m[38;2;3;1;6m  [48;2;3;1;4m[38;2;3;1;4m  [48;2;3;1;6m[38;2;3;1;6m  [48;2;1;1;3m[38;2;1;1;3m  [48;2;1;1;1m[38;2;1;1;1m    [0m
[48;2;1;1;1m[38;2;1;1;1m            [48;2;3;1;6m[38;2;3;1;6m      [48;2;3;1;4m[38;2;3;1;4m  [48;2;1;1;3m[38;2;1;1;3m  [48;2;1;1;1m[38;2;1;1;1m    [48;2;3;1;6m[38;2;3;1;6m  [48;2;1;1;3m[38;2;1;1;3m  [48;2;2;0;3m[38;2;2;0;3m  [48;2;1;0;4m[38;2;6;4;9m▘[48;2;7;6;10m[38;2;29;27;32m▗[48;2;54;50;53m[38;2;232;228;232m▄[48;2;243;239;242m[38;2;230;225;229m╷[48;2;250;250;252m[38;2;250;250;252m      [48;2;228;167;182m[38;2;249;239;246m▊[48;2;233;160;157m[38;2;198;84;103m▊[48;2;249;249;251m[38;2;249;249;251m  [48;2;248;246;249m[38;2;248;246;249m▄[48;2;113;111;114m[38;2;244;242;245m▊[48;2;8;6;11m[38;2;95;93;98m▁[48;2;5;4;8m[38;2;0;0;0m [48;2;1;1;3m[38;2;1;1;3m  [48;2;3;1;6m[38;2;3;1;6m    [48;2;1;1;3m[38;2;1;1;3m  [48;2;1;1;1m[38;2;1;1;1m  [0m
[48;2;1;1;1m[38;2;1;1;1m            [48;2;1;1;3m[38;2;1;1;3m  [48;2;3;1;6m[38;2;3;1;6m  [48;2;2;0;3m[38;2;2;0;3m  [48;2;1;1;1m[38;2;1;1;1m  [48;2;3;1;6m[38;2;3;1;6m    [48;2;1;1;1m[38;2;1;1;1m      [48;2;1;1;3m[38;2;1;1;3m  [48;2;32;27;31m[38;2;12;8;11m▊[48;2;48;44;47m[38;2;227;223;226m▄[48;2;248;248;250m[38;2;248;248;250m  [48;2;250;250;252m[38;2;250;250;252m          [48;2;255;253;255m[38;2;244;238;240m━[48;2;247;242;244m[38;2;178;172;174m▁[48;2;83;77;81m[38;2;230;225;228m▊[48;2;4;0;2m[38;2;20;14;18m│[48;2;3;1;6m[38;2;3;1;6m  [48;2;1;1;3m[38;2;1;1;3m  [48;2;3;1;6m[38;2;3;1;6m    [48;2;1;1;1m[38;2;1;1;1m  [0m
[48;2;1;1;1m[38;2;1;1;1m              [48;2;2;0;3m[38;2;2;0;3m  [48;2;1;1;3m[38;2;1;1;3m    [48;2;3;1;6m[38;2;3;1;6m  [48;2;3;1;4m[38;2;3;1;4m  [48;2;1;1;3m[38;2;1;1;3m  [48;2;1;1;1m[38;2;1;1;1m    [48;2;3;1;6m[38;2;3;1;6m  [48;2;52;50;53m[38;2;6;4;7m▊[48;2;246;245;247m[38;2;175;173;176m▎[48;2;249;249;251m[38;2;249;249;251m  [48;2;231;228;229m[38;2;97;93;94m▁[48;2;241;238;239m[38;2;57;53;54m▅[48;2;247;247;249m[38;2;247;247;249m  [48;2;250;250;252m[38;2;250;250;252m    [48;2;252;248;251m[38;2;244;239;243m┗[48;2;219;214;218m[38;2;249;246;249m▊[48;2;227;191;185m[38;2;222;73;105m▄[48;2;212;68;99m[38;2;201;118;128m▗[48;2;144;80;99m[38;2;197;178;184m┓[48;2;3;6;2m[38;2;27;14;14m▎[48;2;1;1;3m[38;2;1;1;3m  [48;2;1;1;1m[38;2;1;1;1m  [48;2;2;0;3m[38;2;2;0;3m  [48;2;3;1;6m[38;2;3;1;6m  [48;2;2;0;3m[38;2;2;0;3m  [0m
[48;2;1;1;1m[38;2;1;1;1m                [48;2;3;1;4m[38;2;3;1;4m  [48;2;3;1;6m[38;2;3;1;6m  [48;2;2;0;3m[38;2;2;0;3m  [48;2;3;1;6m[38;2;3;1;6m  [48;2;2;0;3m[38;2;2;0;3m  [48;2;1;1;1m[38;2;1;1;1m    [48;2;3;1;6m[38;2;3;1;6m  [48;2;45;40;44m[38;2;11;7;10m▊[48;2;220;216;219m[38;2;108;103;107m▁[48;2;255;254;255m[38;2;248;246;249m▌[48;2;177;175;178m[38;2;247;246;248m▊[48;2;4;2;3m[38;2;48;46;47m▎[48;2;103;101;102m[38;2;4;2;3m▊[48;2;255;254;255m[38;2;238;236;239m▌[48;2;253;252;254m[38;2;246;244;247m┃[48;2;250;250;252m[38;2;250;250;252m    [48;2;238;236;237m[38;2;246;254;252m▊[48;2;211;185;194m[38;2;251;239;244m▊[48;2;211;73;102m[38;2;213;185;176m▁[48;2;186;61;85m[38;2;187;172;159m▁[48;2;1;1;3m[38;2;1;1;3m  [48;2;1;1;1m[38;2;1;1;1m      [48;2;1;1;3m[38;2;1;1;3m  [48;2;1;1;1m[38;2;1;1;1m  [0m
[48;2;1;1;1m[38;2;1;1;1m                    [48;2;0;0;0m[38;2;0;0;0m  [48;2;1;1;3m[38;2;1;1;3m  [48;2;1;1;1m[38;2;1;1;1m    [48;2;2;0;3m[38;2;2;0;3m  [48;2;1;1;3m[38;2;1;1;3m  [48;2;15;13;18m[38;2;1;0;4m▊[48;2;58;56;61m[38;2;8;7;11m▊[48;2;251;249;252m[38;2;210;208;211m▎[48;2;193;191;194m[38;2;244;242;245m▊[48;2;20;15;19m[38;2;0;0;0m [48;2;28;23;27m[38;2;155;150;154m▁[48;2;222;218;222m[38;2;91;86;90m▅[48;2;231;227;230m[38;2;81;76;80m▁[48;2;241;240;242m[38;2;55;53;56m▁▁[48;2;242;238;241m[38;2;56;51;55m▁▁[48;2;226;221;225m[38;2;89;84;88m▁[48;2;232;228;232m[38;2;91;86;90m▅[48;2;216;212;215m[38;2;73;68;72m▁[48;2;188;184;187m[38;2;22;18;21m▅[48;2;3;1;6m[38;2;3;1;6m  [48;2;1;1;1m[38;2;1;1;1m          [0m
[48;2;1;1;1m[38;2;1;1;1m                        [48;2;1;1;3m[38;2;1;1;3m  [48;2;3;1;6m[38;2;3;1;6m  [48;2;2;0;3m[38;2;2;0;3m    [48;2;3;0;4m[38;2;10;5;11m▎[48;2;23;18;24m[38;2;6;2;7m▌[48;2;232;218;224m[38;2;203;77;99m▅[48;2;222;207;214m[38;2;211;84;107m▅[48;2;64;62;65m[38;2;230;229;231m▅[48;2;240;238;241m[38;2;0;0;0m [48;2;235;233;236m [48;2;44;43;45m[38;2;220;218;221m▅[48;2;11;7;10m[38;2;140;135;139m▂[48;2;15;11;14m[38;2;151;146;150m▁[48;2;4;2;5m[38;2;4;2;5m  [48;2;160;155;159m[38;2;45;40;44m▊[48;2;233;228;232m[38;2;0;0;0m [48;2;78;73;77m[38;2;225;221;225m┓[48;2;10;5;9m[38;2;12;8;11m▄[48;2;1;1;3m[38;2;1;1;3m  [48;2;1;1;1m[38;2;1;1;1m          [0m
[48;2;1;1;1m[38;2;1;1;1m                    [48;2;2;0;3m[38;2;2;0;3m  [48;2;1;1;1m[38;2;1;1;1m  [48;2;3;1;6m[38;2;3;1;6m    [48;2;1;1;3m[38;2;1;1;3m  [48;2;2;0;3m[38;2;2;0;3m  [48;2;3;1;4m[38;2;3;1;4m  [48;2;187;67;88m[38;2;29;20;25m▅[48;2;205;85;106m[38;2;233;225;229m▅[48;2;249;249;251m[38;2;249;249;251m  [48;2;250;250;252m[38;2;250;250;252m  [48;2;242;240;242m[38;2;0;0;0m [48;2;209;207;210m[38;2;84;82;85m▁[48;2;32;27;30m[38;2;164;158;162m▂[48;2;58;52;56m[38;2;210;204;208m▅[48;2;176;174;177m[38;2;31;30;32m┓[48;2;244;242;245m[38;2;0;0;0m [48;2;234;232;235m [48;2;31;30;32m[38;2;196;194;197m▅[48;2;1;1;3m[38;2;1;1;3m  [48;2;1;1;1m[38;2;1;1;1m          [0m
[48;2;1;1;1m[38;2;1;1;1m                  [48;2;1;1;3m[38;2;1;1;3m  [48;2;2;0;3m[38;2;2;0;3m  [48;2;1;1;3m[38;2;1;1;3m  [48;2;3;1;6m[38;2;3;1;6m    [48;2;2;0;3m[38;2;2;0;3m  [48;2;1;1;3m[38;2;1;1;3m  [48;2;3;3;3m[38;2;13;13;13m╵[48;2;34;34;34m[38;2;5;5;5m▊[48;2;53;51;54m[38;2;226;224;227m▅[48;2;255;254;255m[38;2;244;242;245m│[48;2;250;250;252m[38;2;250;250;252m  [48;2;248;248;250m[38;2;248;248;250m  [48;2;211;206;210m[38;2;57;51;55m▁[48;2;57;51;55m[38;2;212;206;210m▁[48;2;182;177;181m[38;2;244;239;243m▊[48;2;187;182;186m[38;2;50;45;49m▅[48;2;74;72;75m[38;2;235;233;236m▅[48;2;250;248;250m[38;2;238;237;239m▎[48;2;244;244;246m[38;2;0;0;0m [48;2;235;235;237m [48;2;76;74;77m[38;2;224;223;225m┓[48;2;6;4;7m[38;2;0;0;0m [48;2;1;1;1m[38;2;1;1;1m          [0m
[48;2;1;1;1m[38;2;1;1;1m                  [48;2;2;0;3m[38;2;2;0;3m    [48;2;3;1;6m[38;2;3;1;6m      [48;2;1;1;3m[38;2;1;1;3m  [48;2;1;1;1m[38;2;1;1;1m  [48;2;32;30;31m[38;2;6;4;5m▊[48;2;47;45;46m[38;2;224;222;223m▅[48;2;248;248;250m[38;2;248;248;250m  [48;2;250;250;252m[38;2;250;250;252m  [48;2;250;250;251m[38;2;0;0;0m [48;2;249;249;250m[38;2;211;211;213m▝[48;2;70;65;69m[38;2;237;233;236m▅[48;2;231;227;230m[38;2;46;41;45m▁[48;2;234;232;235m[38;2;0;0;0m [48;2;78;76;79m[38;2;241;240;242m▅[48;2;249;249;251m[38;2;249;249;251m  [48;2;250;250;252m[38;2;250;250;252m  [48;2;118;113;117m[38;2;239;235;238m▊[48;2;21;17;20m[38;2;172;167;171m▁[48;2;1;1;3m[38;2;1;1;3m  [48;2;1;1;1m[38;2;1;1;1m        [0m
[48;2;4;2;10m[38;2;23;2;126m▂▂▂▂▂▂▂▂▂▂▂▂▂▂▂▂▂▂[48;2;5;3;12m[38;2;24;2;129m▂▂[48;2;4;2;10m[38;2;23;2;126m▂▂[48;2;5;3;12m[38;2;24;2;129m▂▂▂▂▂▂[48;2;5;3;11m[38;2;24;3;127m▂▂[48;2;4;2;10m[38;2;23;2;126m▂▂[48;2;17;16;19m[38;2;34;15;132m▂[48;2;248;246;245m[38;2;178;173;190m▎[48;2;250;250;252m[38;2;250;250;252m    [48;2;238;237;242m[38;2;251;250;253m▊[48;2;195;194;199m[38;2;244;243;247m▊[48;2;188;183;193m[38;2;24;13;68m▅[48;2;25;20;30m[38;2;25;2;128m▂[48;2;240;235;240m[38;2;36;26;71m▆[48;2;207;202;208m[38;2;46;33;85m▅[48;2;249;249;251m[38;2;249;249;251m  [48;2;250;250;252m[38;2;250;250;252m  [48;2;246;246;247m[38;2;248;248;250m▄[48;2;118;118;120m[38;2;236;236;237m▊[48;2;22;20;28m[38;2;190;180;226m▁[48;2;5;2;21m[38;2;56;29;181m▁[48;2;4;2;10m[38;2;23;2;126m▂▂▂▂▂▂▂▂[0m
[48;2;38;3;183m[38;2;38;3;183m                                [48;2;70;48;175m[38;2;33;5;185m▊[48;2;248;247;247m[38;2;187;176;232m▎[48;2;250;250;252m[38;2;250;250;252m    [48;2;207;200;235m[38;2;241;239;239m▊[48;2;222;216;234m[38;2;55;31;178m▆[48;2;39;4;184m[38;2;39;4;184m  [48;2;33;1;174m[38;2;46;12;187m▘[48;2;37;5;178m[38;2;76;42;217m▝[48;2;243;241;240m[38;2;65;42;182m▆[48;2;239;236;243m[38;2;99;79;189m▂[48;2;250;250;252m[38;2;250;250;252m    [48;2;67;44;160m[38;2;241;237;235m▊[48;2;28;0;192m[38;2;43;9;192m▊[48;2;38;3;183m[38;2;38;3;183m        [0m
[48;2;38;3;183m[38;2;38;3;183m                                [48;2;40;12;176m[38;2;49;16;207m│[48;2;252;250;251m[38;2;176;165;223m▎[48;2;250;250;252m[38;2;250;250;252m  [48;2;237;236;241m[38;2;247;246;250m▊[48;2;204;203;208m[38;2;248;247;251m▊[48;2;205;194;230m[38;2;48;19;178m▆[48;2;44;10;188m[38;2;0;0;0m [48;2;38;3;183m[38;2;38;3;183m    [48;2;35;4;159m[38;2;37;5;190m▊[48;2;174;158;221m[38;2;42;9;180m▊[48;2;250;250;252m[38;2;250;250;252m    [48;2;86;63;179m[38;2;240;236;235m▊[48;2;31;1;184m[38;2;58;24;207m│[48;2;38;3;183m[38;2;38;3;183m        [0m
[48;2;38;3;185m[38;2;38;3;185m                                [48;2;71;49;176m[38;2;34;5;186m▊[48;2;249;248;248m[38;2;188;177;233m▎[48;2;250;250;252m[38;2;250;250;252m  [48;2;199;191;230m[38;2;249;246;249m▊[48;2;203;198;221m[38;2;48;23;174m▆[48;2;39;4;184m[38;2;39;4;184m  [48;2;38;3;185m[38;2;38;3;185m    [48;2;31;2;172m[38;2;46;12;187m┛[48;2;37;6;178m[38;2;81;47;220m▝[48;2;218;212;234m[38;2;83;62;188m▆[48;2;246;243;245m[38;2;0;0;0m [48;2;250;250;252m[38;2;250;250;252m  [48;2;93;70;186m[38;2;242;237;239m▊[48;2;35;5;188m[38;2;35;5;188m▄[48;2;38;3;185m[38;2;38;3;185m        [0m
[48;2;38;3;185m[38;2;38;3;185m                                [48;2;36;6;173m[38;2;41;9;195m▌[48;2;198;186;223m[38;2;52;22;183m▆[48;2;252;252;253m[38;2;238;238;240m▌[48;2;238;238;240m[38;2;252;252;253m▌[48;2;220;210;225m[38;2;196;82;132m▂[48;2;32;15;176m[38;2;56;12;183m▅[48;2;38;3;185m[38;2;38;3;185m        [48;2;165;160;183m[38;2;49;21;184m▊[48;2;243;242;234m[38;2;251;246;255m┃[48;2;251;250;253m[38;2;235;233;244m╷[48;2;131;119;189m[38;2;237;236;235m▊[48;2;165;151;209m[38;2;40;8;189m▆[48;2;40;6;181m[38;2;37;4;181m▄[48;2;38;3;185m[38;2;38;3;185m        [0m
[48;2;38;3;185m[38;2;38;3;185m                                [48;2;36;1;184m[38;2;33;2;157m▗[48;2;41;9;168m[38;2;20;9;45m▂[48;2;230;201;196m[38;2;205;77;105m▆▆[48;2;68;23;138m[38;2;28;4;23m▂[48;2;40;11;175m[38;2;7;2;24m▂[48;2;36;3;185m[38;2;20;8;51m▃▃[48;2;39;5;187m[38;2;12;1;43m▃▃▃▃▃▃[48;2;47;20;171m[38;2;8;3;19m▂[48;2;211;196;229m[38;2;62;29;120m▆[48;2;227;207;214m[38;2;216;82;106m▆[48;2;202;180;200m[38;2;201;66;102m▆[48;2;51;13;158m[38;2;149;45;73m▁[48;2;41;7;183m[38;2;23;8;75m▂[48;2;38;3;185m[38;2;38;3;185m        [0m
[48;2;38;3;185m[38;2;38;3;185m                              [48;2;39;4;184m[38;2;39;4;184m  [48;2;27;11;97m[38;2;27;11;97m▄[48;2;6;4;18m[38;2;0;0;0m [48;2;166;49;84m[38;2;7;5;3m▆▆[48;2;1;1;3m[38;2;1;1;3m  [48;2;2;0;3m[38;2;2;0;3m  [48;2;3;1;4m[38;2;3;1;4m  [48;2;1;1;3m[38;2;1;1;3m  [48;2;1;1;1m[38;2;1;1;1m  [48;2;4;2;3m[38;2;4;2;3m  [48;2;184;54;86m[38;2;36;15;12m▆[48;2;208;73;106m[38;2;49;19;19m▃[48;2;179;58;79m[38;2;31;11;14m▂[48;2;67;27;53m[38;2;156;67;85m━[48;2;29;3;132m[38;2;27;20;28m╸[48;2;40;4;190m[38;2;40;4;190m▄[48;2;38;3;185m[38;2;38;3;185m      [0m
[48;2;38;3;185m[38;2;38;3;185m                                [48;2;37;2;182m[38;2;37;5;163m▝[48;2;37;22;78m[38;2;37;2;183m▆[48;2;19;8;43m[38;2;38;5;179m▆▆[48;2;19;7;45m[38;2;38;5;181m▆▆▆▆[48;2;19;8;43m[38;2;38;5;179m▆▆▆▆▆▆▆▆▆▆[48;2;20;10;40m[38;2;39;7;175m▆[48;2;20;1;86m[38;2;39;4;186m▆[48;2;38;3;185m[38;2;38;3;185m        [0m
[48;2;40;2;185m[38;2;40;2;185m                                                            [0m
[48;2;40;2;185m[38;2;40;2;185m                                                            [0m
