[48;2;1;1;1m[38;2;1;1;1m                                                            [0m
[48;2;1;1;1m[38;2;1;1;1m                                                            [0m
[48;2;1;1;1m[38;2;1;1;1m                                                            [0m
[48;2;1;1;1m[38;2;1;1;1m                                                      [48;2;1;1;3m[38;2;1;1;3m  [48;2;1;1;1m[38;2;1;1;1m    [0m
[48;2;1;1;1m[38;2;1;1;1m                          [48;2;3;1;6m[38;2;3;1;6m  [48;2;1;1;3m[38;2;1;1;3m  [48;2;1;1;1m[38;2;1;1;1m        [48;2;3;1;4m[38;2;3;1;4m  [48;2;3;1;6m[38;2;3;1;6m  [48;2;3;1;4m[38;2;3;1;4m  [48;2;1;1;3m[38;2;1;1;3m  [48;2;1;1;1m[38;2;1;1;1m      [48;2;3;1;4m[38;2;3;1;4m  [48;2;3;1;6m[38;2;3;1;6m  [48;2;2;0;3m[38;2;2;0;3m  [48;2;1;1;1m[38;2;1;1;1m  [0m
[48;2;1;1;1m[38;2;1;1;1m                        [48;2;1;1;3m[38;2;1;1;3m  [48;2;3;1;6m[38;2;3;1;6m    [48;2;2;0;3m[38;2;2;0;3m  [48;2;1;1;3m[38;2;1;1;3m  [48;2;2;0;3m[38;2;2;0;3m  [48;2;1;1;3m[38;2;1;1;3m    [48;2;2;0;3m[38;2;2;0;3m  [48;2;3;1;6m[38;2;3;1;6m    [48;2;1;1;1m[38;2;1;1;1m    [48;2;3;1;6m[38;2;3;1;6m      [48;2;1;1;3m[38;2;1;1;3m  [48;2;1;1;1m[38;2;1;1;1m  [0m
[48;2;1;1;1m[38;2;1;1;1m                    [48;2;3;1;6m[38;2;3;1;6m    [48;2;3;1;4m[38;2;3;1;4m  [48;2;3;1;6m[38;2;3;1;6m    [48;2;2;0;3m[38;2;2;0;3m  [48;2;3;1;6m[38;2;3;1;6m        [48;2;1;1;3m[38;2;1;1;3m        [48;2;3;1;4m[38;2;3;1;4m  [48;2;3;1;6m[38;2;3;1;6m      [48;2;1;1;3m[38;2;1;1;3m  [48;2;1;1;1m[38;2;1;1;1m  [0m
[48;2;1;1;1m[38;2;1;1;1m                    [48;2;1;1;3m[38;2;1;1;3m  [48;2;3;1;6m[38;2;3;1;6m          [48;2;1;1;3m[38;2;1;1;3m  [48;2;3;1;4m[38;2;3;1;4m  [48;2;3;1;6m[38;2;3;1;6m  [48;2;2;0;3m[38;2;2;0;3m  [48;2;3;1;4m[38;2;13;11;14m╷[48;2;6;4;7m[38;2;68;66;69m▗[48;2;15;14;16m[38;2;227;225;228m▄▄[48;2;17;16;18m[38;2;194;192;195m▄[48;2;9;7;10m[38;2;26;24;27m▁[48;2;1;1;3m[38;2;1;1;3m  [48;2;3;1;4m[38;2;3;1;4m  [48;2;3;1;6m[38;2;3;1;6m        [48;2;3;1;4m[38;2;3;1;4m  [0m
[48;2;1;1;1m[38;2;1;1;1m                    [48;2;2;2;4m[38;2;2;2;4m  [48;2;3;1;4m[38;2;3;1;4m  [48;2;3;1;6m[38;2;3;1;6m              [48;2;2;0;3m[38;2;2;0;3m  [48;2;104;99;103m[38;2;9;5;8m▊[48;2;246;242;245m[38;2;203;198;202m▎[48;2;248;248;250m[38;2;248;248;250m  [48;2;246;243;246m[38;2;224;219;223m▁[48;2;220;215;219m[38;2;0;0;0m [48;2;19;15;18m[38;2;187;183;186m▄[48;2;3;0;2m[38;2;6;1;5m▄[48;2;1;1;3m[38;2;1;1;3m    [48;2;3;1;4m[38;2;3;1;4m  [48;2;3;1;6m[38;2;3;1;6m    [48;2;1;1;3m[38;2;1;1;3m  [0m
[48;2;1;1;1m[38;2;1;1;1m                [48;2;2;0;3m[38;2;2;0;3m  [48;2;3;1;4m[38;2;3;1;4m  [48;2;2;0;3m[38;2;2;0;3m  [48;2;1;1;1m[38;2;1;1;1m  [48;2;1;1;3m[38;2;1;1;3m    [48;2;2;0;3m[38;2;2;0;3m  [48;2;3;1;6m[38;2;3;1;6m      [48;2;6;4;9m[38;2;17;15;20m▁[48;2;1;0;4m[38;2;37;35;40m▂[48;2;1;0;2m[38;2;63;61;64m▁▁[48;2;110;104;108m[38;2;18;13;16m▊[48;2;243;238;242m[38;2;205;199;203m▎[48;2;234;214;208m[38;2;190;62;93m▄[48;2;206;77;108m[38;2;39;20;16m▄[48;2;152;46;68m[38;2;213;74;108m▊[48;2;57;26;26m[38;2;215;70;105m▘[48;2;4;2;5m[38;2;4;2;5m  [48;2;3;1;4m[38;2;3;1;4m  [48;2;2;2;4m[38;2;2;2;4m  [48;2;1;1;1m[38;2;1;1;1m  [48;2;2;0;3m[38;2;2;0;3m  [48;2;3;1;6m[38;2;3;1;6m  [48;2;1;1;1m[38;2;1;1;1m  [0m
[48;2;1;1;1m[38;2;1;1;1m            [48;2;1;1;3m[38;2;1;1;3m  [48;2;3;1;6m[38;2;3;1;6m      [48;2;1;1;3m[38;2;1;1;3m  [48;2;1;1;1m[38;2;1;1;1m      [48;2;1;1;3m[38;2;1;1;3m  [48;2;3;1;6m[38;2;3;1;6m  [48;2;2;0;3m[38;2;2;0;3m  [48;2;18;16;19m[38;2;97;95;98m▁[48;2;23;22;24m[38;2;221;220;222m▄[48;2;45;43;46m[38;2;241;239;241m▄[48;2;236;234;236m[38;2;0;0;0m [48;2;232;230;233m[38;2;251;249;251m▆▆[48;2;251;247;248m[38;2;243;239;240m┃[48;2;225;221;222m[38;2;255;252;253m▌[48;2;213;71;97m[38;2;213;71;97m  [48;2;201;67;92m[38;2;219;65;97m▌[48;2;105;57;53m[38;2;205;78;100m▊[48;2;9;7;10m[38;2;68;66;69m▁[48;2;1;0;2m[38;2;2;0;3m▄[48;2;3;1;6m[38;2;3;1;6m  [48;2;3;1;4m[38;2;3;1;4m  [48;2;3;1;6m[38;2;3;1;6m  [48;2;1;1;3m[38;2;1;1;3m  [48;2;1;1;1m[38;2;1;1;1m    [0m
[48;2;1;1;1m[38;2;1;1;1m            [48;2;3;1;6m[38;2;3;1;6m      [48;2;3;1;4m[38;2;3;1;4m  [48;2;1;1;3m[38;2;1;1;3m  [48;2;1;1;1m[38;2;1;1;1m    [48;2;3;1;6m[38;2;3;1;6m  [48;2;1;1;3m[38;2;1;1;3m  [48;2;2;0;3m[38;2;2;0;3m  [48;2;1;0;4m[38;2;11;9;14m▗[48;2;22;21;25m[38;2;113;111;116m▁[48;2;250;248;250m[38;2;207;205;208m▎[48;2;242;240;243m[38;2;253;252;254m┃[48;2;250;250;252m[38;2;250;250;252m    [48;2;253;252;254m[38;2;247;245;248m▃[48;2;245;243;246m[38;2;232;230;233m▝[48;2;208;85;111m[38;2;240;221;213m▄[48;2;218;123;139m[38;2;206;63;96m▊[48;2;210;113;143m[38;2;245;242;242m▄[48;2;245;243;242m[38;2;0;0;0m [48;2;225;221;222m [48;2;36;32;33m[38;2;207;203;204m▄[48;2;9;7;10m[38;2;96;94;97m▁[48;2;6;4;7m[38;2;0;0;0m [48;2;1;1;3m[38;2;1;1;3m  [48;2;3;1;6m[38;2;3;1;6m    [48;2;1;1;3m[38;2;1;1;3m  [48;2;1;1;1m[38;2;1;1;1m  [0m
[48;2;1;1;1m[38;2;1;1;1m            [48;2;1;1;3m[38;2;1;1;3m  [48;2;3;1;6m[38;2;3;1;6m  [48;2;2;0;3m[38;2;2;0;3m  [48;2;1;1;1m[38;2;1;1;1m  [48;2;3;1;6m[38;2;3;1;6m    [48;2;1;1;1m[38;2;1;1;1m      [48;2;1;1;3m[38;2;1;1;3m  [48;2;25;21;24m[38;2;134;129;133m▁[48;2;248;244;248m[38;2;196;191;195m▎[48;2;250;250;252m[38;2;250;250;252m        [48;2;240;234;235m[38;2;0;0;0m [48;2;203;101;133m[38;2;243;232;235m▅[48;2;226;187;195m[38;2;245;242;238m▊[48;2;237;200;208m[38;2;204;73;112m▄[48;2;248;176;188m[38;2;214;73;98m▊[48;2;252;244;247m[38;2;232;249;247m┃[48;2;89;84;88m[38;2;240;236;240m▊[48;2;3;0;2m[38;2;12;7;11m│[48;2;3;1;6m[38;2;3;1;6m  [48;2;1;1;3m[38;2;1;1;3m  [48;2;3;1;6m[38;2;3;1;6m    [48;2;1;1;1m[38;2;1;1;1m  [0m
[48;2;1;1;1m[38;2;1;1;1m              [48;2;2;0;3m[38;2;2;0;3m  [48;2;1;1;3m[38;2;1;1;3m    [48;2;3;1;6m[38;2;3;1;6m  [48;2;3;1;4m[38;2;3;1;4m  [48;2;1;1;3m[38;2;1;1;3m  [48;2;1;1;1m[38;2;1;1;1m    [48;2;2;0;5m[38;2;9;7;12m┃[48;2;36;34;39m[38;2;1;0;4m▊[48;2;248;248;250m[38;2;205;205;207m▎[48;2;240;240;242m[38;2;252;252;253m┃[48;2;245;243;245m[38;2;0;0;0m [48;2;237;236;238m[38;2;108;106;109m▁[48;2;235;230;234m[38;2;34;29;33m▅[48;2;234;229;233m[38;2;50;45;49m▅[48;2;247;247;249m[38;2;247;247;249m  [48;2;250;250;252m[38;2;250;250;252m    [48;2;244;236;236m[38;2;0;0;0m [48;2;206;74;115m[38;2;241;230;230m▅[48;2;227;132;162m[38;2;245;242;241m▄[48;2;241;240;239m[38;2;0;0;0m [48;2;85;80;84m[38;2;216;211;215m▊[48;2;8;4;7m[38;2;0;0;0m [48;2;1;1;3m[38;2;1;1;3m  [48;2;1;1;1m[38;2;1;1;1m  [48;2;2;0;3m[38;2;2;0;3m  [48;2;3;1;6m[38;2;3;1;6m  [48;2;2;0;3m[38;2;2;0;3m  [0m
[48;2;1;1;1m[38;2;1;1;1m                [48;2;3;1;4m[38;2;3;1;4m  [48;2;3;1;6m[38;2;3;1;6m  [48;2;2;0;3m[38;2;2;0;3m  [48;2;3;1;6m[38;2;3;1;6m  [48;2;2;0;3m[38;2;2;0;3m  [48;2;1;1;1m[38;2;1;1;1m    [48;2;2;0;5m[38;2;9;7;12m┃[48;2;36;34;39m[38;2;1;0;4m▊[48;2;249;249;250m[38;2;203;203;205m▎[48;2;203;203;205m[38;2;249;249;250m▊[48;2;221;216;220m[38;2;37;33;36m▅[48;2;25;20;24m[38;2;3;0;2m▅[48;2;2;0;1m[38;2;10;8;9m│[48;2;99;97;98m[38;2;9;7;8m▊[48;2;255;254;255m[38;2;238;236;239m▌[48;2;253;252;254m[38;2;246;244;247m┃[48;2;250;250;252m[38;2;250;250;252m      [48;2;250;248;250m[38;2;250;248;250m▄[48;2;84;82;85m[38;2;247;245;248m▊[48;2;1;1;3m[38;2;1;1;3m  [48;2;1;1;1m[38;2;1;1;1m      [48;2;1;1;3m[38;2;1;1;3m  [48;2;1;1;1m[38;2;1;1;1m  [0m
[48;2;1;1;1m[38;2;1;1;1m                    [48;2;0;0;0m[38;2;0;0;0m  [48;2;1;1;3m[38;2;1;1;3m  [48;2;1;1;1m[38;2;1;1;1m    [48;2;2;0;3m[38;2;2;0;3m  [38;2;9;7;10m┃[48;2;36;34;37m[38;2;1;0;2m▊[48;2;248;248;250m[38;2;202;202;204m▎[48;2;202;202;204m[38;2;248;248;250m▊[48;2;4;3;3m[38;2;47;45;46m▎[48;2;12;10;11m[38;2;1;0;0m┃[48;2;32;27;31m[38;2;157;152;156m▁[48;2;44;39;43m[38;2;207;202;206m▅[48;2;222;217;221m[38;2;93;88;92m▅[48;2;232;228;231m[38;2;68;63;67m▁[48;2;241;240;242m[38;2;55;53;56m▁▁[48;2;242;238;241m[38;2;56;51;55m▁▁[48;2;223;219;222m[38;2;77;72;76m▁[48;2;236;231;235m[38;2;101;96;100m▅[48;2;167;162;166m[38;2;241;237;240m▊[48;2;190;185;189m[38;2;26;22;25m▅[48;2;3;1;6m[38;2;3;1;6m  [48;2;1;1;1m[38;2;1;1;1m          [0m
[48;2;1;1;1m[38;2;1;1;1m                        [48;2;1;1;3m[38;2;1;1;3m  [48;2;3;1;6m[38;2;3;1;6m  [48;2;2;0;3m[38;2;2;0;3m  [48;2;5;3;6m[38;2;5;3;6m  [48;2;226;222;212m[38;2;194;73;102m▅[48;2;237;210;207m[38;2;169;64;87m▅[48;2;20;16;19m[38;2;0;0;0m [48;2;34;30;33m[38;2;170;165;169m▁[48;2;255;254;255m[38;2;237;235;238m▌[48;2;253;251;253m[38;2;245;243;246m┃[48;2;235;233;236m[38;2;0;0;0m [48;2;44;43;45m[38;2;220;218;221m▅[48;2;11;7;10m[38;2;140;135;139m▂[48;2;15;11;14m[38;2;151;146;150m▁[48;2;4;2;5m[38;2;4;2;5m  [48;2;149;147;150m[38;2;43;42;44m▊[48;2;250;249;251m[38;2;225;223;226m▎[48;2;134;129;133m[38;2;239;235;238m▊[48;2;22;17;21m[38;2;137;132;136m▁[48;2;1;1;3m[38;2;1;1;3m  [48;2;1;1;1m[38;2;1;1;1m          [0m
[48;2;1;1;1m[38;2;1;1;1m                    [48;2;2;0;3m[38;2;2;0;3m  [48;2;1;1;1m[38;2;1;1;1m  [48;2;3;1;6m[38;2;3;1;6m    [48;2;1;1;3m[38;2;1;1;3m  [48;2;3;1;4m[38;2;3;1;4m  [48;2;163;64;93m[38;2;12;9;7m▅[48;2;14;3;3m[38;2;0;0;0m [48;2;67;65;68m[38;2;7;5;8m▊[48;2;250;248;251m[38;2;191;189;192m▎[48;2;250;250;252m[38;2;250;250;252m    [48;2;252;251;253m[38;2;245;243;246m┃[48;2;153;151;154m[38;2;244;242;245m▊[48;2;78;73;77m[38;2;22;17;21m▊[48;2;61;56;60m[38;2;209;204;208m▅[48;2;176;174;177m[38;2;31;30;32m┓[48;2;244;242;245m[38;2;0;0;0m [48;2;249;249;250m[38;2;249;249;250m▄[48;2;83;83;85m[38;2;246;246;248m▊[48;2;1;1;3m[38;2;1;1;3m  [48;2;1;1;1m[38;2;1;1;1m          [0m
[48;2;1;1;1m[38;2;1;1;1m                  [48;2;1;1;3m[38;2;1;1;3m  [48;2;2;0;3m[38;2;2;0;3m  [48;2;1;1;3m[38;2;1;1;3m  [48;2;3;1;6m[38;2;3;1;6m    [48;2;2;0;3m[38;2;2;0;3m  [48;2;1;1;3m[38;2;1;1;3m  [48;2;3;3;3m[38;2;13;13;13m╵[48;2;34;34;34m[38;2;5;5;5m▊[48;2;53;51;54m[38;2;226;224;227m▅[48;2;255;254;255m[38;2;244;242;245m│[48;2;250;250;252m[38;2;250;250;252m    [48;2;255;254;255m[38;2;254;252;255m▄[48;2;218;217;219m[38;2;108;106;109m▂[48;2;147;142;146m[38;2;61;56;60m▊[48;2;234;229;233m[38;2;0;0;0m [48;2;73;67;71m[38;2;210;205;208m▅[48;2;213;208;211m[38;2;58;53;56m▅[48;2;244;244;246m[38;2;0;0;0m [48;2;235;235;237m [48;2;76;74;77m[38;2;224;223;225m┓[48;2;6;4;7m[38;2;0;0;0m [48;2;1;1;1m[38;2;1;1;1m          [0m
[48;2;1;1;1m[38;2;1;1;1m                  [48;2;2;0;3m[38;2;2;0;3m    [48;2;3;1;6m[38;2;3;1;6m      [48;2;1;1;3m[38;2;1;1;3m  [48;2;1;1;1m[38;2;1;1;1m  [48;2;0;0;2m[38;2;5;5;7m│[48;2;64;64;66m[38;2;6;6;8m▊[48;2;255;255;255m[38;2;236;236;238m▌[48;2;252;252;253m[38;2;244;244;246m┃[48;2;250;250;252m[38;2;250;250;252m    [48;2;234;230;234m[38;2;0;0;0m [48;2;74;69;73m[38;2;187;183;186m▅[48;2;249;249;251m[38;2;249;249;251m  [48;2;236;234;237m[38;2;0;0;0m [48;2;79;77;80m[38;2;243;242;244m▅[48;2;250;250;252m[38;2;250;250;252m  [48;2;118;113;117m[38;2;239;235;238m▊[48;2;21;17;20m[38;2;172;167;171m▁[48;2;1;1;3m[38;2;1;1;3m  [48;2;1;1;1m[38;2;1;1;1m        [0m
[48;2;4;2;10m[38;2;23;2;126m▂▂▂▂▂▂▂▂▂▂▂▂▂▂▂▂▂▂[48;2;5;3;12m[38;2;24;2;129m▂▂[48;2;4;2;10m[38;2;23;2;126m▂▂[48;2;5;3;12m[38;2;24;2;129m▂▂▂▂▂▂[48;2;5;3;11m[38;2;24;3;127m▂▂[48;2;4;2;10m[38;2;23;2;126m▂▂[48;2;9;6;14m[38;2;27;6;130m▂[48;2;16;14;21m[38;2;33;15;136m▂[48;2;255;255;255m[38;2;236;236;238m▌[48;2;252;252;253m[38;2;244;244;246m┃[48;2;250;250;252m[38;2;250;250;252m    [48;2;153;146;165m[38;2;241;236;239m▊[48;2;31;26;32m[38;2;48;24;145m▂[48;2;162;156;180m[38;2;22;16;47m┓[48;2;242;239;243m[38;2;0;0;0m [48;2;250;250;252m[38;2;250;250;252m    [48;2;246;245;249m[38;2;246;245;249m▄[48;2;79;78;83m[38;2;243;242;246m▊[48;2;4;2;10m[38;2;23;2;126m▂▂▂▂▂▂▂▂▂▂[0m
[48;2;38;3;183m[38;2;38;3;183m                                [48;2;41;6;184m[38;2;41;6;184m  [48;2;255;255;255m[38;2;236;236;238m▌[48;2;252;252;253m[38;2;244;244;246m┃[48;2;250;250;252m[38;2;250;250;252m  [48;2;252;251;255m[38;2;255;254;255m┃[48;2;194;193;198m[38;2;244;243;247m▊[48;2;206;195;230m[38;2;51;22;179m▆[48;2;45;12;187m[38;2;0;0;0m [48;2;42;14;185m[38;2;55;23;193m╴[48;2;240;234;246m[38;2;73;50;179m▆[48;2;249;249;251m[38;2;249;249;251m  [48;2;250;250;252m[38;2;250;250;252m  [48;2;248;247;250m[38;2;248;247;250m▄[48;2;82;67;162m[38;2;246;245;242m▊[48;2;37;2;184m[38;2;37;2;184m  [48;2;38;3;183m[38;2;38;3;183m        [0m
[48;2;38;3;183m[38;2;38;3;183m                                [48;2;41;6;184m[38;2;41;6;184m  [48;2;255;255;255m[38;2;236;236;238m▌[48;2;252;252;253m[38;2;244;244;246m┃[48;2;250;250;252m[38;2;250;250;252m  [48;2;255;254;255m[38;2;245;244;250m▌[48;2;174;173;179m[38;2;245;244;249m▊[48;2;40;5;183m[38;2;40;5;183m  [48;2;33;1;176m[38;2;46;11;189m▘[48;2;37;4;180m[38;2;76;41;219m▝[48;2;229;225;238m[38;2;73;51;188m▆[48;2;246;244;241m[38;2;0;0;0m [48;2;250;250;252m[38;2;250;250;252m  [48;2;237;235;238m[38;2;0;0;0m [48;2;197;191;221m[38;2;63;43;177m▂[48;2;38;3;185m[38;2;38;3;185m  [48;2;38;3;183m[38;2;38;3;183m        [0m
[48;2;38;3;185m[38;2;38;3;185m                                [48;2;39;4;184m[38;2;39;4;184m  [48;2;210;205;225m[38;2;54;29;177m▆[48;2;250;248;247m[38;2;215;207;243m▎[48;2;250;250;252m[38;2;250;250;252m  [48;2;245;244;246m[38;2;0;0;0m [48;2;214;211;229m[38;2;57;39;179m▂[48;2;39;4;184m[38;2;39;4;184m  [48;2;38;3;185m[38;2;38;3;185m  [48;2;126;113;183m[38;2;37;6;189m▊[48;2;248;247;245m[38;2;248;247;245m▄[48;2;250;250;252m[38;2;250;250;252m  [48;2;95;72;186m[38;2;244;239;239m▊[48;2;37;6;188m[38;2;37;6;188m▄[48;2;38;3;185m[38;2;38;3;185m          [0m
[48;2;38;3;185m[38;2;38;3;185m                                  [48;2;47;19;177m[38;2;48;15;200m▄[48;2;228;221;236m[38;2;62;41;159m▂[48;2;249;249;251m[38;2;249;249;251m  [48;2;187;177;230m[38;2;248;247;246m▊[48;2;33;5;183m[38;2;70;48;174m▎[48;2;38;3;185m[38;2;38;3;185m    [48;2;139;126;196m[38;2;37;11;189m▊[48;2;239;239;231m[38;2;255;253;255m┃[48;2;249;251;238m[38;2;247;246;246m▊[48;2;152;144;193m[38;2;243;241;247m▊[48;2;169;154;211m[38;2;41;9;188m▆[48;2;40;6;180m[38;2;0;0;0m [48;2;38;3;185m[38;2;38;3;185m          [0m
[48;2;38;3;185m[38;2;38;3;185m                                  [48;2;40;4;187m[38;2;40;3;195m▌[48;2;40;8;167m[38;2;40;6;175m▌[48;2;240;215;212m[38;2;141;46;66m▆[48;2;231;214;208m[38;2;207;78;110m▆[48;2;219;185;192m[38;2;189;73;103m▆[48;2;46;12;167m[38;2;24;5;37m▂[48;2;39;5;187m[38;2;12;1;43m▃▃[48;2;39;5;168m[38;2;20;10;21m▂▂[48;2;141;68;131m[38;2;112;42;51m▄[48;2;226;199;218m[38;2;213;85;109m▆[48;2;219;210;217m[38;2;166;73;116m▂[48;2;181;170;214m[38;2;45;17;184m▆[48;2;38;3;185m[38;2;38;3;185m            [0m
[48;2;38;3;185m[38;2;38;3;185m                                  [48;2;39;7;178m[38;2;32;9;129m╺[48;2;33;11;124m[38;2;8;1;30m━[48;2;13;6;5m[38;2;0;0;0m [48;2;139;62;86m[38;2;20;6;8m▆[48;2;194;67;98m[38;2;49;14;15m▃[48;2;123;40;56m[38;2;86;26;36m▄[48;2;3;1;4m[38;2;3;1;4m  [48;2;1;1;3m[38;2;1;1;3m  [48;2;14;7;7m[38;2;0;0;0m [48;2;148;54;83m[38;2;17;8;9m▆[48;2;193;66;88m[38;2;22;13;10m▂[48;2;71;30;91m[38;2;178;70;77m━[48;2;29;6;115m[38;2;29;6;115m▄[48;2;40;6;185m[38;2;40;6;185m▄[48;2;38;3;185m[38;2;38;3;185m          [0m
[48;2;38;3;185m[38;2;38;3;185m                                    [48;2;19;7;45m[38;2;38;5;181m▆▆▆▆[48;2;19;8;43m[38;2;38;5;179m▆▆▆▆▆▆[48;2;20;5;65m[38;2;39;5;182m▆▆[48;2;38;3;185m[38;2;38;3;185m            [0m
[48;2;40;2;185m[38;2;40;2;185m                                                            [0m
[48;2;40;2;185m[38;2;40;2;185m                                                            [0m
