[48;2;1;1;1m[38;2;1;1;1m                                                            [0m
[48;2;1;1;1m[38;2;1;1;1m                                                            [0m
[48;2;1;1;1m[38;2;1;1;1m                                                            [0m
[48;2;1;1;1m[38;2;1;1;1m                                                      [48;2;1;1;3m[38;2;1;1;3m  [48;2;1;1;1m[38;2;1;1;1m    [0m
[48;2;1;1;1m[38;2;1;1;1m                          [48;2;3;1;6m[38;2;3;1;6m  [48;2;1;1;3m[38;2;1;1;3m  [48;2;1;1;1m[38;2;1;1;1m        [48;2;3;1;4m[38;2;3;1;4m  [48;2;3;1;6m[38;2;3;1;6m  [48;2;3;1;4m[38;2;3;1;4m  [48;2;1;1;3m[38;2;1;1;3m  [48;2;1;1;1m[38;2;1;1;1m      [48;2;3;1;4m[38;2;3;1;4m  [48;2;3;1;6m[38;2;3;1;6m  [48;2;2;0;3m[38;2;2;0;3m  [48;2;1;1;1m[38;2;1;1;1m  [0m
[48;2;1;1;1m[38;2;1;1;1m                        [48;2;1;1;3m[38;2;1;1;3m  [48;2;3;1;6m[38;2;3;1;6m    [48;2;2;0;3m[38;2;2;0;3m  [48;2;1;1;3m[38;2;1;1;3m  [48;2;2;0;3m[38;2;2;0;3m  [48;2;1;1;3m[38;2;1;1;3m    [48;2;2;0;3m[38;2;2;0;3m  [48;2;3;1;6m[38;2;3;1;6m    [48;2;1;1;1m[38;2;1;1;1m    [48;2;3;1;6m[38;2;3;1;6m      [48;2;1;1;3m[38;2;1;1;3m  [48;2;1;1;1m[38;2;1;1;1m  [0m
[48;2;1;1;1m[38;2;1;1;1m                    [48;2;3;1;6m[38;2;3;1;6m    [48;2;3;1;4m[38;2;3;1;4m  [48;2;3;1;6m[38;2;3;1;6m    [48;2;2;0;3m[38;2;2;0;3m  [48;2;3;1;6m[38;2;3;1;6m        [48;2;1;1;3m[38;2;1;1;3m        [48;2;3;1;4m[38;2;3;1;4m  [48;2;3;1;6m[38;2;3;1;6m      [48;2;1;1;3m[38;2;1;1;3m  [48;2;1;1;1m[38;2;1;1;1m  [0m
[48;2;1;1;1m[38;2;1;1;1m                    [48;2;1;1;3m[38;2;1;1;3m  [48;2;3;1;6m[38;2;3;1;6m          [48;2;1;1;3m[38;2;1;1;3m  [48;2;3;1;4m[38;2;3;1;4m  [48;2;3;1;6m[38;2;3;1;6m  [48;2;2;0;3m[38;2;2;0;3m  [48;2;1;1;3m[38;2;1;1;3m  [48;2;2;1;1m[38;2;12;10;11m▃▃[48;2;4;2;5m[38;2;4;2;5m  [48;2;1;1;3m[38;2;1;1;3m  [48;2;3;1;4m[38;2;3;1;4m  [48;2;3;1;6m[38;2;3;1;6m        [48;2;3;1;4m[38;2;3;1;4m  [0m
[48;2;1;1;1m[38;2;1;1;1m                    [48;2;2;2;4m[38;2;2;2;4m  [48;2;3;1;4m[38;2;3;1;4m  [48;2;3;1;6m[38;2;3;1;6m              [48;2;2;0;3m[38;2;2;0;3m  [48;2;20;16;19m[38;2;0;0;0m [48;2;47;43;46m[38;2;222;217;221m▄[48;2;176;174;177m[38;2;247;245;248m▇▇[48;2;152;147;151m[38;2;232;228;231m▇[48;2;15;11;14m[38;2;202;198;201m▄[48;2;5;3;6m[38;2;5;3;6m  [48;2;1;1;3m[38;2;1;1;3m    [48;2;3;1;4m[38;2;3;1;4m  [48;2;3;1;6m[38;2;3;1;6m    [48;2;1;1;3m[38;2;1;1;3m  [0m
[48;2;1;1;1m[38;2;1;1;1m                [48;2;2;0;3m[38;2;2;0;3m  [48;2;3;1;4m[38;2;3;1;4m  [48;2;2;0;3m[38;2;2;0;3m  [48;2;1;1;1m[38;2;1;1;1m  [48;2;1;1;3m[38;2;1;1;3m    [48;2;2;0;3m[38;2;2;0;3m  [48;2;3;1;6m[38;2;3;1;6m      [48;2;6;4;9m[38;2;17;15;20m▁[48;2;1;0;4m[38;2;37;35;40m▂[48;2;1;0;2m[38;2;63;61;64m▁▁[48;2;114;109;113m[38;2;21;16;20m▊[48;2;251;246;250m[38;2;209;204;208m▎[48;2;244;232;231m[38;2;0;0;0m [48;2;234;241;236m[38;2;199;69;107m▄[48;2;245;232;239m[38;2;215;76;101m▄[48;2;244;232;238m[38;2;163;70;80m▄[48;2;188;186;189m[38;2;17;16;18m▄[48;2;1;0;2m[38;2;8;6;9m▄[48;2;3;1;4m[38;2;3;1;4m  [48;2;2;2;4m[38;2;2;2;4m  [48;2;1;1;1m[38;2;1;1;1m  [48;2;2;0;3m[38;2;2;0;3m  [48;2;3;1;6m[38;2;3;1;6m  [48;2;1;1;1m[38;2;1;1;1m  [0m
[48;2;1;1;1m[38;2;1;1;1m            [48;2;1;1;3m[38;2;1;1;3m  [48;2;3;1;6m[38;2;3;1;6m      [48;2;1;1;3m[38;2;1;1;3m  [48;2;1;1;1m[38;2;1;1;1m      [48;2;1;1;3m[38;2;1;1;3m  [48;2;3;1;6m[38;2;3;1;6m  [48;2;1;1;3m[38;2;1;1;3m  [48;2;18;16;19m[38;2;97;95;98m▁[48;2;23;22;24m[38;2;221;220;222m▄[48;2;45;43;46m[38;2;241;239;241m▄[48;2;236;234;236m[38;2;0;0;0m [48;2;232;230;233m[38;2;251;249;251m▆▆[48;2;251;247;248m[38;2;243;239;240m┃[48;2;225;221;222m[38;2;255;252;253m▌[48;2;167;57;76m[38;2;215;67;99m▊[48;2;53;22;17m[38;2;199;68;94m▄[48;2;218;72;107m[38;2;147;55;73m▝[48;2;46;18;18m[38;2;185;68;94m▃[48;2;9;7;10m[38;2;68;66;69m▁[48;2;1;0;2m[38;2;2;0;3m▄[48;2;3;1;6m[38;2;3;1;6m  [48;2;3;1;4m[38;2;3;1;4m  [48;2;3;1;6m[38;2;3;1;6m  [48;2;1;1;3m[38;2;1;1;3m  [48;2;1;1;1m[38;2;1;1;1m    [0m
[48;2;1;1;1m[38;2;1;1;1m            [48;2;3;1;6m[38;2;3;1;6m      [48;2;3;1;4m[38;2;3;1;4m  [48;2;1;1;3m[38;2;1;1;3m  [48;2;1;1;1m[38;2;1;1;1m    [48;2;3;1;6m[38;2;3;1;6m  [48;2;1;1;3m[38;2;1;1;3m  [48;2;3;1;4m[38;2;3;1;4m  [48;2;16;12;15m[38;2;128;123;127m▁[48;2;45;40;44m[38;2;229;224;228m▄[48;2;244;244;246m[38;2;231;231;233m▘[48;2;253;253;254m[38;2;246;246;248m▃[48;2;250;250;252m[38;2;250;250;252m    [48;2;253;248;252m[38;2;245;240;244m┃[48;2;227;222;226m[38;2;255;252;255m▌[48;2;208;70;95m[38;2;219;81;106m━━[48;2;213;84;112m[38;2;202;151;152m▁[48;2;211;105;125m[38;2;236;201;197m▄[48;2;205;193;193m[38;2;207;102;133m▄[48;2;41;33;32m[38;2;198;189;189m▄[48;2;2;0;5m[38;2;2;0;5m  [48;2;1;1;3m[38;2;1;1;3m  [48;2;3;1;6m[38;2;3;1;6m    [48;2;1;1;3m[38;2;1;1;3m  [48;2;1;1;1m[38;2;1;1;1m  [0m
[48;2;1;1;1m[38;2;1;1;1m            [48;2;1;1;3m[38;2;1;1;3m  [48;2;3;1;6m[38;2;3;1;6m  [48;2;2;0;3m[38;2;2;0;3m  [48;2;1;1;1m[38;2;1;1;1m  [48;2;3;1;6m[38;2;3;1;6m    [48;2;1;1;1m[38;2;1;1;1m      [48;2;1;0;2m[38;2;8;6;9m┃[48;2;35;33;36m[38;2;1;0;2m▊[48;2;248;248;250m[38;2;205;205;207m▎[48;2;240;240;242m[38;2;252;252;253m┃[48;2;245;245;246m[38;2;0;0;0m [48;2;244;244;245m[38;2;135;135;137m▁[48;2;234;230;234m[38;2;102;97;101m▁[48;2;217;212;216m[38;2;44;39;43m▄[48;2;248;248;250m[38;2;248;248;250m  [48;2;250;250;252m[38;2;250;250;252m  [48;2;227;170;179m[38;2;246;242;235m▊[48;2;232;159;174m[38;2;197;85;112m▊[48;2;198;154;163m[38;2;243;235;243m▊[48;2;210;81;103m[38;2;232;147;154m▁[48;2;231;170;179m[38;2;208;87;106m▊[48;2;230;227;231m[38;2;0;0;0m [48;2;62;60;63m[38;2;201;199;201m┓[48;2;7;5;8m[38;2;19;17;20m╸[48;2;3;1;6m[38;2;3;1;6m  [48;2;1;1;3m[38;2;1;1;3m  [48;2;3;1;6m[38;2;3;1;6m    [48;2;1;1;1m[38;2;1;1;1m  [0m
[48;2;1;1;1m[38;2;1;1;1m              [48;2;2;0;3m[38;2;2;0;3m  [48;2;1;1;3m[38;2;1;1;3m    [48;2;3;1;6m[38;2;3;1;6m  [48;2;3;1;4m[38;2;3;1;4m  [48;2;1;1;3m[38;2;1;1;3m  [48;2;1;1;1m[38;2;1;1;1m    [48;2;2;0;5m[38;2;9;7;12m┃[48;2;36;34;39m[38;2;1;0;4m▊[48;2;248;248;250m[38;2;205;205;207m▎[48;2;240;240;242m[38;2;252;252;253m┃[48;2;228;224;227m[38;2;118;113;117m▁[48;2;5;1;4m[38;2;56;51;55m▎[48;2;2;1;3m[38;2;11;9;12m│[48;2;100;98;101m[38;2;9;8;10m▊[48;2;255;254;255m[38;2;237;235;238m▌[48;2;253;251;253m[38;2;245;243;246m┃[48;2;250;250;252m[38;2;250;250;252m      [48;2;248;248;250m[38;2;248;248;250m  [48;2;85;80;84m[38;2;216;211;215m▊[48;2;8;4;7m[38;2;0;0;0m [48;2;1;1;3m[38;2;1;1;3m  [48;2;1;1;1m[38;2;1;1;1m  [48;2;2;0;3m[38;2;2;0;3m  [48;2;3;1;6m[38;2;3;1;6m  [48;2;2;0;3m[38;2;2;0;3m  [0m
[48;2;1;1;1m[38;2;1;1;1m                [48;2;3;1;4m[38;2;3;1;4m  [48;2;3;1;6m[38;2;3;1;6m  [48;2;2;0;3m[38;2;2;0;3m  [48;2;3;1;6m[38;2;3;1;6m  [48;2;2;0;3m[38;2;2;0;3m  [48;2;1;1;1m[38;2;1;1;1m    [48;2;2;0;5m[38;2;9;7;12m┃[48;2;36;34;39m[38;2;1;0;4m▊[48;2;248;248;250m[38;2;202;202;204m▎[48;2;202;202;204m[38;2;248;248;250m▊[48;2;4;3;3m[38;2;47;45;46m▎[48;2;12;10;11m[38;2;1;0;0m┃[48;2;2;0;1m[38;2;10;8;9m│[48;2;99;97;98m[38;2;9;7;8m▊[48;2;255;254;255m[38;2;238;236;239m▌[48;2;253;252;254m[38;2;246;244;247m┃[48;2;250;250;252m[38;2;250;250;252m      [48;2;250;248;250m[38;2;250;248;250m▄[48;2;84;82;85m[38;2;247;245;248m▊[48;2;1;1;3m[38;2;1;1;3m  [48;2;1;1;1m[38;2;1;1;1m      [48;2;1;1;3m[38;2;1;1;3m  [48;2;1;1;1m[38;2;1;1;1m  [0m
[48;2;1;1;1m[38;2;1;1;1m                    [48;2;0;0;0m[38;2;0;0;0m  [48;2;1;1;3m[38;2;1;1;3m  [48;2;1;1;1m[38;2;1;1;1m    [48;2;2;0;3m[38;2;2;0;3m  [48;2;3;1;4m[38;2;1;0;2m▊[48;2;13;11;14m[38;2;8;6;9m▌[48;2;233;221;213m[38;2;157;68;86m▅[48;2;237;229;220m[38;2;195;67;98m▅[48;2;7;6;6m[38;2;29;27;28m▘[48;2;1;0;0m[38;2;6;4;5m▗[48;2;32;27;31m[38;2;157;152;156m▁[48;2;44;39;43m[38;2;207;202;206m▅[48;2;226;221;225m[38;2;92;87;91m▅[48;2;231;226;230m[38;2;78;73;77m▁[48;2;241;240;242m[38;2;55;53;56m▁▁[48;2;242;238;241m[38;2;56;51;55m▁▁[48;2;223;219;222m[38;2;77;72;76m▁[48;2;236;231;235m[38;2;101;96;100m▅[48;2;167;162;166m[38;2;241;237;240m▊[48;2;190;185;189m[38;2;26;22;25m▅[48;2;3;1;6m[38;2;3;1;6m  [48;2;1;1;1m[38;2;1;1;1m          [0m
[48;2;1;1;1m[38;2;1;1;1m                        [48;2;1;1;3m[38;2;1;1;3m  [48;2;3;1;6m[38;2;3;1;6m  [48;2;2;0;3m[38;2;2;0;3m    [48;2;9;6;3m[38;2;0;0;0m [48;2;165;53;89m[38;2;19;8;9m▅[48;2;1;0;2m[38;2;13;11;14m│[48;2;78;76;79m[38;2;7;6;8m▊[48;2;255;255;255m[38;2;236;236;238m▌[48;2;252;252;253m[38;2;244;244;246m┃[48;2;235;233;236m[38;2;0;0;0m [48;2;44;43;45m[38;2;220;218;221m▅[48;2;11;7;10m[38;2;140;135;139m▂[48;2;15;11;14m[38;2;151;146;150m▁[48;2;4;2;5m[38;2;4;2;5m  [48;2;149;147;150m[38;2;43;42;44m▊[48;2;250;249;251m[38;2;225;223;226m▎[48;2;232;230;232m[38;2;0;0;0m [48;2;79;77;80m[38;2;222;220;222m┓[48;2;2;0;3m[38;2;2;0;3m  [48;2;1;1;1m[38;2;1;1;1m          [0m
[48;2;1;1;1m[38;2;1;1;1m                    [48;2;2;0;3m[38;2;2;0;3m  [48;2;1;1;1m[38;2;1;1;1m  [48;2;3;1;6m[38;2;3;1;6m    [48;2;1;1;3m[38;2;1;1;3m  [48;2;2;0;3m[38;2;2;0;3m  [48;2;1;1;3m[38;2;1;1;3m  [48;2;1;0;2m[38;2;85;83;86m [48;2;50;48;51m[38;2;228;226;228m▅[48;2;249;249;251m[38;2;249;249;251m  [48;2;250;250;252m[38;2;250;250;252m  [48;2;252;251;253m[38;2;245;243;246m┃[48;2;153;151;154m[38;2;244;242;245m▊[48;2;78;73;77m[38;2;22;17;21m▊[48;2;61;56;60m[38;2;209;204;208m▅[48;2;176;174;177m[38;2;31;30;32m┓[48;2;244;242;245m[38;2;0;0;0m [48;2;248;248;249m [48;2;230;230;232m [48;2;72;70;73m[38;2;224;223;225m┓[48;2;1;0;2m[38;2;20;18;21m [48;2;1;1;1m[38;2;1;1;1m          [0m
[48;2;1;1;1m[38;2;1;1;1m                  [48;2;1;1;3m[38;2;1;1;3m  [48;2;2;0;3m[38;2;2;0;3m  [48;2;1;1;3m[38;2;1;1;3m  [48;2;3;1;6m[38;2;3;1;6m    [48;2;2;0;3m[38;2;2;0;3m  [48;2;1;1;3m[38;2;1;1;3m  [48;2;1;1;1m[38;2;1;1;1m  [48;2;68;66;69m[38;2;8;6;9m▊[48;2;251;249;252m[38;2;192;190;193m▎[48;2;250;250;252m[38;2;250;250;252m    [48;2;249;249;250m[38;2;0;0;0m [48;2;248;248;249m[38;2;210;210;212m▝[48;2;69;64;68m[38;2;208;203;207m▅[48;2;191;186;190m[38;2;53;48;52m▅[48;2;72;68;71m[38;2;213;208;212m▅[48;2;216;212;216m[38;2;80;75;79m▅[48;2;197;196;198m[38;2;77;76;78m┓[48;2;246;244;246m[38;2;221;219;222m╶[48;2;107;102;106m[38;2;239;236;239m▊[48;2;20;15;19m[38;2;171;166;170m▁[48;2;1;1;1m[38;2;1;1;1m          [0m
[48;2;1;1;1m[38;2;1;1;1m                  [48;2;2;0;3m[38;2;2;0;3m    [48;2;3;1;6m[38;2;3;1;6m      [48;2;1;1;3m[38;2;1;1;3m  [48;2;1;1;1m[38;2;1;1;1m  [48;2;1;1;3m[38;2;1;1;3m  [48;2;53;48;52m[38;2;9;5;8m▊[48;2;237;233;237m[38;2;99;94;98m▂[48;2;249;249;251m[38;2;249;249;251m  [48;2;250;250;252m[38;2;250;250;252m  [48;2;251;251;252m[38;2;238;238;240m▎[48;2;183;183;185m[38;2;245;245;246m▊[48;2;194;189;193m[38;2;39;34;38m▅[48;2;72;67;71m[38;2;184;180;184m▅[48;2;249;249;251m[38;2;249;249;251m  [48;2;250;250;252m[38;2;250;250;252m  [48;2;246;246;248m[38;2;246;246;248m▄[48;2;79;79;81m[38;2;243;243;245m▊[48;2;1;1;1m[38;2;1;1;1m          [0m
[48;2;4;2;10m[38;2;23;2;126m▂▂▂▂▂▂▂▂▂▂▂▂▂▂▂▂▂▂[48;2;5;3;12m[38;2;24;2;129m▂▂[48;2;4;2;10m[38;2;23;2;126m▂▂[48;2;5;3;12m[38;2;24;2;129m▂▂▂▂▂▂[48;2;5;3;11m[38;2;24;3;127m▂▂[48;2;4;2;10m[38;2;23;2;126m▂▂[48;2;4;2;11m[38;2;23;1;128m▂▂[48;2;8;3;11m[38;2;24;4;125m▂[48;2;30;23;43m[38;2;50;22;175m▁[48;2;249;249;251m[38;2;231;231;233m▌[38;2;255;255;255m▌[48;2;250;250;252m[38;2;250;250;252m  [48;2;252;251;254m[38;2;244;243;248m┃[48;2;152;151;156m[38;2;243;242;246m▊[48;2;14;9;27m[38;2;68;47;153m▁[48;2;37;33;39m[38;2;195;190;197m▂[48;2;248;248;250m[38;2;248;248;250m  [48;2;250;250;252m[38;2;250;250;252m  [48;2;215;212;218m[38;2;0;0;0m [48;2;158;155;163m[38;2;21;12;63m▅[48;2;4;2;10m[38;2;23;2;126m▂▂▂▂▂▂▂▂▂▂[0m
[48;2;38;3;183m[38;2;38;3;183m                                  [48;2;40;5;185m[38;2;40;5;185m  [48;2;234;230;243m[38;2;62;40;180m▆[48;2;245;245;239m[38;2;223;217;245m▎[48;2;250;250;252m[38;2;250;250;252m  [48;2;238;237;242m[38;2;251;250;253m▊[48;2;195;194;199m[38;2;244;243;247m▊[48;2;62;40;182m[38;2;213;208;228m▂[48;2;251;248;246m[38;2;224;220;232m▎[48;2;250;250;252m[38;2;250;250;252m  [48;2;250;252;238m[38;2;248;247;245m▊[48;2;153;145;192m[38;2;244;242;247m▊[48;2;186;174;215m[38;2;50;21;183m▆[48;2;39;6;186m[38;2;0;0;0m [48;2;38;3;183m[38;2;38;3;183m          [0m
[48;2;38;3;183m[38;2;38;3;183m                                    [48;2;41;12;180m[38;2;0;0;0m [48;2;227;219;239m[38;2;58;31;183m▆[48;2;249;249;251m[38;2;231;231;233m▌[38;2;255;255;255m▌[48;2;250;250;252m[38;2;250;250;252m      [48;2;177;169;210m[38;2;245;242;246m▊[48;2;197;192;216m[38;2;46;22;179m▆[48;2;38;3;183m[38;2;38;3;183m            [0m
[48;2;38;3;185m[38;2;38;3;185m                                    [48;2;35;1;176m[38;2;43;9;184m┃[48;2;60;26;201m[38;2;29;0;170m▌[48;2;229;228;230m[38;2;76;60;183m▂[48;2;246;245;250m[38;2;0;0;0m [48;2;250;250;252m[38;2;250;250;252m    [48;2;240;239;243m[38;2;0;0;0m [48;2;214;211;228m[38;2;52;31;176m▂[48;2;186;171;225m[38;2;44;11;189m▆[48;2;40;8;179m[38;2;0;0;0m [48;2;38;3;185m[38;2;38;3;185m            [0m
[48;2;38;3;185m[38;2;38;3;185m                                      [48;2;97;77;174m[38;2;44;12;192m▊[48;2;229;222;235m[38;2;69;49;165m▂[48;2;249;249;251m[38;2;249;249;251m  [48;2;240;239;242m[38;2;0;0;0m [48;2;220;216;233m[38;2;54;33;176m▂[48;2;182;168;222m[38;2;40;9;185m▆[48;2;37;6;174m[38;2;56;21;200m▖[48;2;38;3;185m[38;2;38;3;185m              [0m
[48;2;38;3;185m[38;2;38;3;185m                                    [48;2;39;4;184m[38;2;39;4;184m  [48;2;35;6;171m[38;2;19;7;47m▂[48;2;46;18;162m[38;2;30;22;38m▂[48;2;237;209;205m[38;2;203;75;105m▆▆[48;2;181;174;215m[38;2;96;35;140m▆[48;2;44;10;173m[38;2;26;11;33m▂[48;2;38;6;169m[38;2;28;16;55m▂[48;2;33;2;174m[38;2;43;5;202m▗[48;2;38;3;185m[38;2;38;3;185m              [0m
[48;2;38;3;185m[38;2;38;3;185m                                    [48;2;38;7;175m[38;2;31;8;127m╺[48;2;32;10;121m[38;2;8;0;28m━[48;2;4;2;7m[38;2;4;2;7m  [48;2;164;57;67m[38;2;29;7;9m▆[48;2;198;77;99m[38;2;55;14;31m▃[48;2;190;68;96m[38;2;27;8;6m▂[48;2;145;47;67m[38;2;16;11;2m▂[48;2;69;27;49m[38;2;163;70;84m━[48;2;29;12;88m[38;2;44;11;170m▂[48;2;38;3;185m[38;2;38;3;185m              [0m
[48;2;38;3;185m[38;2;38;3;185m                                    [48;2;38;3;183m[38;2;38;3;183m  [48;2;19;7;46m[38;2;38;4;182m▆▆[48;2;19;8;43m[38;2;38;5;179m▆▆▆▆[48;2;37;21;80m[38;2;37;2;185m▆[48;2;37;1;184m[38;2;37;4;165m▘[48;2;38;3;185m[38;2;38;3;185m              [0m
[48;2;40;2;185m[38;2;40;2;185m                                                            [0m
[48;2;40;2;185m[38;2;40;2;185m                                                            [0m
