[48;2;1;1;1m[38;2;1;1;1m                                                            [0m
[48;2;1;1;1m[38;2;1;1;1m                                                            [0m
[48;2;1;1;1m[38;2;1;1;1m                                                            [0m
[48;2;1;1;1m[38;2;1;1;1m                                                      [48;2;1;1;3m[38;2;1;1;3m  [48;2;1;1;1m[38;2;1;1;1m    [0m
[48;2;1;1;1m[38;2;1;1;1m                          [48;2;3;1;6m[38;2;3;1;6m  [48;2;1;1;3m[38;2;1;1;3m  [48;2;1;1;1m[38;2;1;1;1m        [48;2;3;1;4m[38;2;3;1;4m  [48;2;3;1;6m[38;2;3;1;6m  [48;2;3;1;4m[38;2;3;1;4m  [48;2;1;1;3m[38;2;1;1;3m  [48;2;1;1;1m[38;2;1;1;1m      [48;2;3;1;4m[38;2;3;1;4m  [48;2;3;1;6m[38;2;3;1;6m  [48;2;2;0;3m[38;2;2;0;3m  [48;2;1;1;1m[38;2;1;1;1m  [0m
[48;2;1;1;1m[38;2;1;1;1m                        [48;2;1;1;3m[38;2;1;1;3m  [48;2;3;1;6m[38;2;3;1;6m    [48;2;2;0;3m[38;2;2;0;3m  [48;2;1;1;3m[38;2;1;1;3m  [48;2;2;0;3m[38;2;2;0;3m  [48;2;1;1;3m[38;2;1;1;3m    [48;2;2;0;3m[38;2;2;0;3m  [48;2;3;1;6m[38;2;3;1;6m    [48;2;1;1;1m[38;2;1;1;1m    [48;2;3;1;6m[38;2;3;1;6m      [48;2;1;1;3m[38;2;1;1;3m  [48;2;1;1;1m[38;2;1;1;1m  [0m
[48;2;1;1;1m[38;2;1;1;1m                    [48;2;3;1;6m[38;2;3;1;6m    [48;2;3;1;4m[38;2;3;1;4m  [48;2;3;1;6m[38;2;3;1;6m    [48;2;2;0;3m[38;2;2;0;3m  [48;2;3;1;6m[38;2;3;1;6m        [48;2;1;1;3m[38;2;1;1;3m        [48;2;3;1;4m[38;2;3;1;4m  [48;2;3;1;6m[38;2;3;1;6m      [48;2;1;1;3m[38;2;1;1;3m  [48;2;1;1;1m[38;2;1;1;1m  [0m
[48;2;1;1;1m[38;2;1;1;1m                    [48;2;1;1;3m[38;2;1;1;3m  [48;2;3;1;6m[38;2;3;1;6m          [48;2;1;1;3m[38;2;1;1;3m  [48;2;3;1;4m[38;2;3;1;4m  [48;2;3;1;6m[38;2;3;1;6m  [48;2;2;0;3m[38;2;2;0;3m  [48;2;1;1;3m[38;2;1;1;3m        [48;2;3;1;4m[38;2;3;1;4m  [48;2;3;1;6m[38;2;3;1;6m        [48;2;3;1;4m[38;2;3;1;4m  [0m
[48;2;1;1;1m[38;2;1;1;1m                    [48;2;2;2;4m[38;2;2;2;4m  [48;2;3;1;4m[38;2;3;1;4m  [48;2;3;1;6m[38;2;3;1;6m              [48;2;2;0;3m[38;2;2;0;3m  [48;2;1;0;2m[38;2;7;5;8m▝[48;2;7;5;8m[38;2;64;62;65m▗[48;2;18;16;19m[38;2;230;228;231m▄▄[48;2;15;13;16m[38;2;198;196;199m▄[48;2;9;8;10m[38;2;46;44;47m▁[48;2;3;1;4m[38;2;3;1;4m  [48;2;1;1;3m[38;2;1;1;3m    [48;2;3;1;4m[38;2;3;1;4m  [48;2;3;1;6m[38;2;3;1;6m    [48;2;1;1;3m[38;2;1;1;3m  [0m
[48;2;1;1;1m[38;2;1;1;1m                [48;2;2;0;3m[38;2;2;0;3m  [48;2;3;1;4m[38;2;3;1;4m  [48;2;2;0;3m[38;2;2;0;3m  [48;2;1;1;1m[38;2;1;1;1m  [48;2;1;1;3m[38;2;1;1;3m    [48;2;2;0;3m[38;2;2;0;3m  [48;2;3;1;6m[38;2;3;1;6m    [48;2;1;0;2m[38;2;64;62;65m▁▁[48;2;1;0;4m[38;2;37;35;40m▂[48;2;6;4;9m[38;2;17;15;20m▁[48;2;2;0;3m[38;2;2;0;3m  [48;2;106;101;105m[38;2;11;6;10m▊[48;2;250;246;249m[38;2;205;200;204m▎[48;2;248;246;249m[38;2;248;246;249m  [48;2;246;241;245m[38;2;219;214;218m▁[48;2;240;235;239m[38;2;182;177;181m▝[48;2;24;20;23m[38;2;184;180;184m▄[48;2;3;0;2m[38;2;24;19;23m┛[48;2;3;1;4m[38;2;3;1;4m  [48;2;2;2;4m[38;2;2;2;4m  [48;2;1;1;1m[38;2;1;1;1m  [48;2;2;0;3m[38;2;2;0;3m  [48;2;3;1;6m[38;2;3;1;6m  [48;2;1;1;1m[38;2;1;1;1m  [0m
[48;2;1;1;1m[38;2;1;1;1m            [48;2;1;1;3m[38;2;1;1;3m  [48;2;3;1;6m[38;2;3;1;6m      [48;2;1;1;3m[38;2;1;1;3m  [48;2;1;1;1m[38;2;1;1;1m      [48;2;1;1;3m[38;2;1;1;3m  [48;2;3;1;6m[38;2;3;1;6m  [48;2;11;9;12m[38;2;0;0;0m [48;2;39;37;40m[38;2;218;216;218m▄[48;2;234;234;236m[38;2;245;245;247m▃[48;2;242;242;244m[38;2;252;252;253m▅[48;2;234;232;235m[38;2;0;0;0m [48;2;39;37;40m[38;2;238;236;239m▄[48;2;24;23;25m[38;2;240;238;241m▄[38;2;223;221;224m▄[48;2;117;111;115m[38;2;29;24;27m▊[48;2;241;237;240m[38;2;209;203;207m▎[48;2;236;205;204m[38;2;185;65;93m▄[48;2;185;65;93m[38;2;58;25;25m▄[48;2;198;66;97m[38;2;0;0;0m [48;2;156;55;75m[38;2;35;15;11m▄[48;2;11;10;12m[38;2;68;66;69m▁[48;2;4;3;5m[38;2;0;0;0m [48;2;3;1;6m[38;2;3;1;6m  [48;2;3;1;4m[38;2;3;1;4m  [48;2;3;1;6m[38;2;3;1;6m  [48;2;1;1;3m[38;2;1;1;3m  [48;2;1;1;1m[38;2;1;1;1m    [0m
[48;2;1;1;1m[38;2;1;1;1m            [48;2;3;1;6m[38;2;3;1;6m      [48;2;3;1;4m[38;2;3;1;4m  [48;2;1;1;3m[38;2;1;1;3m  [48;2;1;1;1m[38;2;1;1;1m    [48;2;3;1;6m[38;2;3;1;6m  [48;2;1;1;3m[38;2;1;1;3m  [48;2;3;1;4m[38;2;1;0;2m▊[48;2;13;11;14m[38;2;8;6;9m▌[48;2;45;44;46m[38;2;225;223;226m▄[48;2;241;239;242m[38;2;0;0;0m [48;2;250;250;252m[38;2;250;250;252m      [48;2;253;249;250m[38;2;245;241;242m┃[48;2;227;223;224m[38;2;255;253;254m▌[48;2;211;69;95m[38;2;211;69;95m  [48;2;210;86;108m[38;2;214;65;95m┃[48;2;220;171;167m[38;2;221;73;102m▊[48;2;230;228;230m[38;2;0;0;0m [48;2;29;27;30m[38;2;206;204;207m▄[48;2;8;6;9m[38;2;95;93;96m▁[48;2;5;4;6m[38;2;0;0;0m [48;2;1;1;3m[38;2;1;1;3m  [48;2;3;1;6m[38;2;3;1;6m    [48;2;1;1;3m[38;2;1;1;3m  [48;2;1;1;1m[38;2;1;1;1m  [0m
[48;2;1;1;1m[38;2;1;1;1m            [48;2;1;1;3m[38;2;1;1;3m  [48;2;3;1;6m[38;2;3;1;6m  [48;2;2;0;3m[38;2;2;0;3m  [48;2;1;1;1m[38;2;1;1;1m  [48;2;3;1;6m[38;2;3;1;6m    [48;2;1;1;1m[38;2;1;1;1m      [48;2;1;0;2m[38;2;8;6;9m┃[48;2;35;33;36m[38;2;1;0;2m▊[48;2;227;225;227m[38;2;124;122;125m▁[48;2;255;254;255m[38;2;251;249;252m▄[48;2;239;235;238m[38;2;161;155;159m▁[48;2;216;211;215m[38;2;27;22;25m▄[48;2;213;211;213m[38;2;29;28;30m▄[48;2;236;234;236m[38;2;111;109;112m▁[48;2;250;250;252m[38;2;250;250;252m  [48;2;253;252;254m[38;2;247;245;248m▃[48;2;245;243;246m[38;2;232;230;233m▝[48;2;213;79;108m[38;2;235;214;206m▅[48;2;213;67;101m[38;2;208;152;155m▁[48;2;212;93;113m[38;2;218;76;104m▊[48;2;232;183;179m[38;2;216;68;97m▊[48;2;250;250;252m[38;2;250;250;252m  [48;2;224;222;224m[38;2;0;0;0m [48;2;35;33;36m[38;2;192;190;193m▄[48;2;3;1;6m[38;2;3;1;6m  [48;2;1;1;3m[38;2;1;1;3m  [48;2;3;1;6m[38;2;3;1;6m    [48;2;1;1;1m[38;2;1;1;1m  [0m
[48;2;1;1;1m[38;2;1;1;1m              [48;2;2;0;3m[38;2;2;0;3m  [48;2;1;1;3m[38;2;1;1;3m    [48;2;3;1;6m[38;2;3;1;6m  [48;2;3;1;4m[38;2;3;1;4m  [48;2;1;1;3m[38;2;1;1;3m  [48;2;1;1;1m[38;2;1;1;1m    [48;2;3;1;6m[38;2;3;1;6m  [48;2;49;24;28m[38;2;7;3;1m▊[48;2;229;219;218m[38;2;158;73;97m▅[48;2;186;67;88m[38;2;94;20;25m▁[48;2;12;9;13m[38;2;46;12;19m▎[48;2;2;1;3m[38;2;11;9;12m│[48;2;100;98;101m[38;2;9;8;10m▊[48;2;255;254;255m[38;2;237;235;238m▌[48;2;253;251;253m[38;2;245;243;246m┃[48;2;250;250;252m[38;2;250;250;252m  [48;2;253;252;254m[38;2;247;245;248m▃[48;2;245;243;246m[38;2;232;230;233m▝[48;2;199;71;93m[38;2;241;231;233m▅[48;2;223;95;117m[38;2;245;235;237m▅[48;2;250;250;252m[38;2;250;250;252m  [48;2;246;246;248m[38;2;246;246;248m▄[48;2;79;79;81m[38;2;243;243;245m▊[48;2;1;1;3m[38;2;1;1;3m  [48;2;1;1;1m[38;2;1;1;1m  [48;2;2;0;3m[38;2;2;0;3m  [48;2;3;1;6m[38;2;3;1;6m  [48;2;2;0;3m[38;2;2;0;3m  [0m
[48;2;1;1;1m[38;2;1;1;1m                [48;2;3;1;4m[38;2;3;1;4m  [48;2;3;1;6m[38;2;3;1;6m  [48;2;2;0;3m[38;2;2;0;3m  [48;2;3;1;6m[38;2;3;1;6m  [48;2;2;0;3m[38;2;2;0;3m  [48;2;1;1;1m[38;2;1;1;1m    [48;2;3;1;6m[38;2;3;1;6m    [48;2;1;1;3m[38;2;1;1;3m  [48;2;2;0;1m[38;2;10;8;9m│[48;2;99;97;98m[38;2;9;7;8m▊[48;2;255;254;255m[38;2;238;236;239m▌[48;2;253;252;254m[38;2;246;244;247m┃[48;2;250;250;252m[38;2;250;250;252m        [48;2;141;139;142m[38;2;239;238;240m▊[48;2;181;179;182m[38;2;23;21;24m▅[48;2;1;1;1m[38;2;1;1;1m      [48;2;1;1;3m[38;2;1;1;3m  [48;2;1;1;1m[38;2;1;1;1m  [0m
[48;2;1;1;1m[38;2;1;1;1m                    [48;2;0;0;0m[38;2;0;0;0m  [48;2;1;1;3m[38;2;1;1;3m  [48;2;1;1;1m[38;2;1;1;1m    [48;2;2;0;3m[38;2;2;0;3m  [48;2;1;1;3m[38;2;1;1;3m  [48;2;3;1;6m[38;2;3;1;6m  [48;2;1;1;3m[38;2;1;1;3m  [48;2;61;56;60m[38;2;10;6;9m▊[48;2;49;44;48m[38;2;202;197;201m▅[48;2;226;221;225m[38;2;92;87;91m▅[48;2;231;226;230m[38;2;78;73;77m▁[48;2;241;240;242m[38;2;55;53;56m▁▁[48;2;242;238;241m[38;2;56;51;55m▁▁[48;2;223;219;222m[38;2;77;72;76m▁[48;2;236;231;235m[38;2;101;96;100m▅[48;2;237;236;238m[38;2;0;0;0m [48;2;218;216;218m[38;2;65;63;66m▁[48;2;177;175;178m[38;2;18;17;19m▅[48;2;6;4;7m[38;2;21;19;22m⎽[48;2;1;1;1m[38;2;1;1;1m          [0m
[48;2;1;1;1m[38;2;1;1;1m                        [48;2;1;1;3m[38;2;1;1;3m  [48;2;3;1;6m[38;2;3;1;6m  [48;2;2;0;3m[38;2;2;0;3m    [48;2;3;1;6m[38;2;3;1;6m  [48;2;14;12;15m[38;2;4;3;5m▊[48;2;16;14;17m[38;2;0;0;0m [48;2;58;56;59m[38;2;224;222;225m▅[48;2;243;241;244m[38;2;0;0;0m [48;2;235;233;236m [48;2;44;43;45m[38;2;220;218;221m▅[48;2;20;18;21m[38;2;152;150;153m▁[48;2;1;0;2m[38;2;7;5;8m━[48;2;12;8;11m[38;2;0;0;0m [48;2;38;34;37m[38;2;181;176;180m▁[48;2;61;59;62m[38;2;239;238;240m▅[48;2;245;243;246m[38;2;0;0;0m [48;2;134;129;133m[38;2;239;235;238m▊[48;2;22;17;21m[38;2;137;132;136m▁[48;2;1;1;3m[38;2;1;1;3m  [48;2;1;1;1m[38;2;1;1;1m          [0m
[48;2;1;1;1m[38;2;1;1;1m                    [48;2;2;0;3m[38;2;2;0;3m  [48;2;1;1;1m[38;2;1;1;1m  [48;2;3;1;6m[38;2;3;1;6m    [48;2;1;1;3m[38;2;1;1;3m  [48;2;2;0;3m[38;2;2;0;3m  [48;2;1;1;3m[38;2;1;1;3m  [48;2;1;0;2m[38;2;13;11;14m│[48;2;78;76;79m[38;2;7;6;8m▊[48;2;250;250;251m[38;2;232;232;234m▌[48;2;250;250;252m[38;2;255;255;255m▌[38;2;250;250;252m  [48;2;167;161;165m[38;2;247;242;246m▊[48;2;41;36;39m[38;2;175;169;173m▁[48;2;67;61;65m[38;2;160;155;158m▅[48;2;219;213;217m[38;2;52;46;50m▅[48;2;249;249;251m[38;2;249;249;251m  [48;2;249;249;250m[38;2;249;249;250m▄[48;2;83;83;85m[38;2;246;246;248m▊[48;2;2;0;5m[38;2;2;0;5m  [48;2;1;1;1m[38;2;1;1;1m          [0m
[48;2;1;1;1m[38;2;1;1;1m                  [48;2;1;1;3m[38;2;1;1;3m  [48;2;2;0;3m[38;2;2;0;3m  [48;2;1;1;3m[38;2;1;1;3m  [48;2;3;1;6m[38;2;3;1;6m    [48;2;2;0;3m[38;2;2;0;3m  [48;2;1;1;3m[38;2;1;1;3m  [48;2;1;1;1m[38;2;1;1;1m  [48;2;3;0;2m[38;2;15;10;14m│[48;2;80;75;79m[38;2;9;5;8m▊[48;2;243;243;245m[38;2;239;239;241m▌[48;2;254;254;255m[38;2;250;250;252m▌[48;2;250;250;252m  [48;2;249;249;250m[38;2;0;0;0m [48;2;172;172;174m[38;2;240;240;241m▊[48;2;43;38;41m[38;2;197;191;195m▁[48;2;65;59;63m[38;2;159;153;157m▅[48;2;214;209;213m[38;2;82;77;81m▅[48;2;223;218;222m[38;2;102;97;101m▅[48;2;244;244;246m[38;2;0;0;0m [48;2;235;235;237m [48;2;79;78;80m[38;2;220;218;221m┓[48;2;1;0;2m[38;2;8;6;9m▄[48;2;1;1;1m[38;2;1;1;1m          [0m
[48;2;1;1;1m[38;2;1;1;1m                  [48;2;2;0;3m[38;2;2;0;3m    [48;2;3;1;6m[38;2;3;1;6m      [48;2;1;1;3m[38;2;1;1;3m  [48;2;1;1;1m[38;2;1;1;1m  [48;2;1;1;3m[38;2;1;1;3m  [48;2;1;0;4m[38;2;5;3;8m▂[48;2;66;64;69m[38;2;9;7;12m▊[48;2;237;236;238m[38;2;97;95;98m▂[48;2;246;245;247m[38;2;0;0;0m [48;2;250;250;252m[38;2;250;250;252m    [48;2;240;239;241m[38;2;0;0;0m [48;2;71;69;72m[38;2;239;238;240m▅[48;2;250;250;252m[38;2;250;250;252m    [48;2;87;85;88m[38;2;239;237;240m▊[48;2;1;0;2m[38;2;10;8;11m│[48;2;1;1;3m[38;2;1;1;3m  [48;2;1;1;1m[38;2;1;1;1m        [0m
[48;2;4;2;10m[38;2;23;2;126m▂▂▂▂▂▂▂▂▂▂▂▂▂▂▂▂▂▂[48;2;5;3;12m[38;2;24;2;129m▂▂[48;2;4;2;10m[38;2;23;2;126m▂▂[48;2;5;3;12m[38;2;24;2;129m▂▂▂▂▂▂[48;2;5;3;11m[38;2;24;3;127m▂▂[48;2;4;2;10m[38;2;23;2;126m▂▂[48;2;4;2;11m[38;2;23;1;128m▂▂[48;2;5;3;12m[38;2;24;2;129m▂▂[48;2;26;24;35m[38;2;43;27;120m▂[48;2;251;249;251m[38;2;206;202;218m▎[48;2;250;250;252m[38;2;250;250;252m        [48;2;252;251;254m[38;2;244;243;248m▝[48;2;245;244;248m[38;2;217;216;221m▗[48;2;88;79;116m[38;2;196;188;223m▊[48;2;12;6;24m[38;2;37;14;178m▁[48;2;4;2;10m[38;2;23;2;126m▂▂▂▂▂▂▂▂▂▂[0m
[48;2;38;3;183m[38;2;38;3;183m                                    [48;2;87;64;197m[38;2;35;6;181m▊[48;2;234;232;237m[38;2;81;60;181m▂[48;2;249;249;251m[38;2;249;249;251m  [48;2;250;250;252m[38;2;250;250;252m      [48;2;240;238;245m[38;2;0;0;0m [48;2;208;203;230m[38;2;63;44;176m▂[48;2;38;3;185m[38;2;38;3;185m  [48;2;38;3;183m[38;2;38;3;183m          [0m
[48;2;38;3;183m[38;2;38;3;183m                                    [48;2;35;1;176m[38;2;43;9;184m┃[48;2;60;26;201m[38;2;29;0;170m▌[48;2;233;231;236m[38;2;89;72;179m▂[48;2;243;242;246m[38;2;0;0;0m [48;2;250;250;252m[38;2;250;250;252m    [48;2;252;251;254m[38;2;245;244;249m▝[48;2;246;245;249m[38;2;218;217;222m▗[48;2;211;202;230m[38;2;70;43;197m▂[48;2;41;13;177m[38;2;43;12;182m▄[48;2;38;3;183m[38;2;38;3;183m            [0m
[48;2;38;3;185m[38;2;38;3;185m                                      [48;2;126;113;183m[38;2;36;10;188m▊[48;2;254;253;250m[38;2;218;217;215m▎[48;2;250;250;252m[38;2;250;250;252m  [48;2;252;251;254m[38;2;0;0;0m [48;2;248;247;250m[38;2;228;227;232m▃[48;2;219;213;236m[38;2;42;17;180m▂[48;2;198;193;218m[38;2;40;14;179m▆[48;2;38;3;185m[38;2;38;3;185m              [0m
[48;2;38;3;185m[38;2;38;3;185m                                      [48;2;95;77;173m[38;2;37;7;185m▊[48;2;231;225;236m[38;2;83;63;179m▂[48;2;249;249;251m[38;2;249;249;251m  [48;2;241;240;245m[38;2;0;0;0m [48;2;211;207;228m[38;2;49;29;173m▂[48;2;38;3;185m[38;2;38;3;185m                [0m
[48;2;38;3;185m[38;2;38;3;185m                                    [48;2;39;4;184m[38;2;39;4;184m  [48;2;41;3;187m[38;2;28;9;55m▃[48;2;59;22;170m[38;2;167;71;97m▂[48;2;237;209;205m[38;2;203;75;105m▆▆[48;2;181;174;215m[38;2;96;35;140m▆[48;2;44;10;173m[38;2;26;11;33m▂[48;2;38;6;169m[38;2;28;16;55m▂[48;2;33;2;174m[38;2;43;5;202m▗[48;2;38;3;185m[38;2;38;3;185m              [0m
[48;2;38;3;185m[38;2;38;3;185m                                    [48;2;38;7;175m[38;2;31;8;127m╺[48;2;32;10;121m[38;2;8;0;28m━[48;2;13;7;7m[38;2;0;0;0m [48;2;140;63;89m[38;2;21;7;11m▆[48;2;218;75;98m[38;2;44;12;21m▃▃[48;2;190;68;96m[38;2;27;8;6m▂[48;2;145;47;67m[38;2;16;11;2m▂[48;2;69;27;49m[38;2;163;70;84m━[48;2;29;12;88m[38;2;44;11;170m▂[48;2;38;3;185m[38;2;38;3;185m              [0m
[48;2;38;3;185m[38;2;38;3;185m                                    [48;2;38;3;183m[38;2;38;3;183m  [48;2;19;7;46m[38;2;38;4;182m▆▆[48;2;19;8;43m[38;2;38;5;179m▆▆▆▆[48;2;37;21;80m[38;2;37;2;185m▆[48;2;37;1;184m[38;2;37;4;165m▘[48;2;38;3;185m[38;2;38;3;185m              [0m
[48;2;40;2;185m[38;2;40;2;185m                                                            [0m
[48;2;40;2;185m[38;2;40;2;185m                                                            [0m
