[48;2;1;1;1m[38;2;1;1;1m                                                            [0m
[48;2;1;1;1m[38;2;1;1;1m                                                            [0m
[48;2;1;1;1m[38;2;1;1;1m                                                            [0m
[48;2;1;1;1m[38;2;1;1;1m                                                      [48;2;1;1;3m[38;2;1;1;3m  [48;2;1;1;1m[38;2;1;1;1m    [0m
[48;2;1;1;1m[38;2;1;1;1m                          [48;2;3;1;6m[38;2;3;1;6m  [48;2;1;1;3m[38;2;1;1;3m  [48;2;1;1;1m[38;2;1;1;1m        [48;2;3;1;4m[38;2;3;1;4m  [48;2;3;1;6m[38;2;3;1;6m  [48;2;3;1;4m[38;2;3;1;4m  [48;2;1;1;3m[38;2;1;1;3m  [48;2;1;1;1m[38;2;1;1;1m      [48;2;3;1;4m[38;2;3;1;4m  [48;2;3;1;6m[38;2;3;1;6m  [48;2;2;0;3m[38;2;2;0;3m  [48;2;1;1;1m[38;2;1;1;1m  [0m
[48;2;1;1;1m[38;2;1;1;1m                        [48;2;1;1;3m[38;2;1;1;3m  [48;2;3;1;6m[38;2;3;1;6m    [48;2;2;0;3m[38;2;2;0;3m  [48;2;1;1;3m[38;2;1;1;3m  [48;2;2;0;3m[38;2;2;0;3m  [48;2;1;1;3m[38;2;1;1;3m    [48;2;2;0;3m[38;2;2;0;3m  [48;2;3;1;6m[38;2;3;1;6m    [48;2;1;1;1m[38;2;1;1;1m    [48;2;3;1;6m[38;2;3;1;6m      [48;2;1;1;3m[38;2;1;1;3m  [48;2;1;1;1m[38;2;1;1;1m  [0m
[48;2;1;1;1m[38;2;1;1;1m                    [48;2;3;1;6m[38;2;3;1;6m    [48;2;3;1;4m[38;2;3;1;4m  [48;2;3;1;6m[38;2;3;1;6m    [48;2;2;0;3m[38;2;2;0;3m  [48;2;3;1;6m[38;2;3;1;6m        [48;2;1;1;3m[38;2;1;1;3m        [48;2;3;1;4m[38;2;3;1;4m  [48;2;3;1;6m[38;2;3;1;6m      [48;2;1;1;3m[38;2;1;1;3m  [48;2;1;1;1m[38;2;1;1;1m  [0m
[48;2;1;1;1m[38;2;1;1;1m                    [48;2;1;1;3m[38;2;1;1;3m  [48;2;3;1;6m[38;2;3;1;6m          [48;2;1;1;3m[38;2;1;1;3m  [48;2;3;1;4m[38;2;3;1;4m  [48;2;3;1;6m[38;2;3;1;6m  [48;2;2;0;3m[38;2;2;0;3m  [48;2;1;1;3m[38;2;1;1;3m        [48;2;3;1;4m[38;2;3;1;4m  [48;2;3;1;6m[38;2;3;1;6m        [48;2;3;1;4m[38;2;3;1;4m  [0m
[48;2;1;1;1m[38;2;1;1;1m                    [48;2;2;2;4m[38;2;2;2;4m  [48;2;3;1;4m[38;2;3;1;4m  [48;2;3;1;6m[38;2;3;1;6m              [48;2;2;0;3m[38;2;2;0;3m  [48;2;1;0;2m[38;2;7;5;8m▝[48;2;7;5;8m[38;2;64;62;65m▗[48;2;18;16;19m[38;2;230;228;231m▄▄[48;2;15;13;16m[38;2;198;196;199m▄[48;2;9;8;10m[38;2;46;44;47m▁[48;2;3;1;4m[38;2;3;1;4m  [48;2;1;1;3m[38;2;1;1;3m    [48;2;3;1;4m[38;2;3;1;4m  [48;2;3;1;6m[38;2;3;1;6m    [48;2;1;1;3m[38;2;1;1;3m  [0m
[48;2;1;1;1m[38;2;1;1;1m                [48;2;2;0;3m[38;2;2;0;3m  [48;2;3;1;4m[38;2;3;1;4m  [48;2;2;0;3m[38;2;2;0;3m  [48;2;1;1;1m[38;2;1;1;1m  [48;2;1;1;3m[38;2;1;1;3m    [48;2;2;0;3m[38;2;2;0;3m  [48;2;3;1;6m[38;2;3;1;6m  [48;2;1;0;4m[38;2;9;7;12m▄[48;2;9;7;12m[38;2;38;36;41m▂[48;2;16;15;17m[38;2;227;225;228m▄[48;2;26;24;27m[38;2;238;236;238m▄[48;2;19;18;22m[38;2;214;212;217m▄[48;2;13;12;16m[38;2;72;70;75m▁[48;2;3;1;4m[38;2;3;1;4m  [48;2;106;101;105m[38;2;11;6;10m▊[48;2;250;246;249m[38;2;205;200;204m▎[48;2;248;246;249m[38;2;248;246;249m  [48;2;246;241;245m[38;2;219;214;218m▁[48;2;240;235;239m[38;2;182;177;181m▝[48;2;24;20;23m[38;2;184;180;184m▄[48;2;3;0;2m[38;2;24;19;23m┛[48;2;3;1;4m[38;2;3;1;4m  [48;2;2;2;4m[38;2;2;2;4m  [48;2;1;1;1m[38;2;1;1;1m  [48;2;2;0;3m[38;2;2;0;3m  [48;2;3;1;6m[38;2;3;1;6m  [48;2;1;1;1m[38;2;1;1;1m  [0m
[48;2;1;1;1m[38;2;1;1;1m            [48;2;1;1;3m[38;2;1;1;3m  [48;2;3;1;6m[38;2;3;1;6m      [48;2;1;1;3m[38;2;1;1;3m  [48;2;1;1;1m[38;2;1;1;1m      [48;2;1;1;3m[38;2;1;1;3m  [48;2;3;1;6m[38;2;3;1;6m  [48;2;51;49;52m[38;2;5;3;6m▊[48;2;246;244;246m[38;2;174;172;175m▎[48;2;250;250;252m[38;2;250;250;252m  [48;2;243;241;244m[38;2;251;249;251m▖[48;2;249;248;250m[38;2;204;202;205m▝[48;2;29;27;30m[38;2;241;239;241m▄▄[48;2;59;55;58m[38;2;238;234;237m▄[48;2;243;240;243m[38;2;218;213;217m▗[48;2;237;204;204m[38;2;186;65;93m▄[48;2;186;65;93m[38;2;59;24;25m▄[48;2;198;66;97m[38;2;0;0;0m [48;2;156;55;75m[38;2;35;15;11m▄[48;2;11;10;12m[38;2;68;66;69m▁[48;2;4;3;5m[38;2;0;0;0m [48;2;3;1;6m[38;2;3;1;6m  [48;2;3;1;4m[38;2;3;1;4m  [48;2;3;1;6m[38;2;3;1;6m  [48;2;1;1;3m[38;2;1;1;3m  [48;2;1;1;1m[38;2;1;1;1m    [0m
[48;2;1;1;1m[38;2;1;1;1m            [48;2;3;1;6m[38;2;3;1;6m      [48;2;3;1;4m[38;2;3;1;4m  [48;2;1;1;3m[38;2;1;1;3m  [48;2;1;1;1m[38;2;1;1;1m    [48;2;3;1;6m[38;2;3;1;6m  [48;2;1;1;3m[38;2;1;1;3m  [48;2;2;0;3m[38;2;2;0;3m  [48;2;52;50;53m[38;2;6;4;7m▊[48;2;246;245;247m[38;2;175;173;176m▎[48;2;206;201;205m[38;2;250;247;250m▊[48;2;245;242;245m[38;2;59;54;58m▅[48;2;240;239;241m[38;2;140;138;141m▁[48;2;250;248;251m[38;2;0;0;0m [48;2;250;250;252m[38;2;250;250;252m  [48;2;253;248;252m[38;2;245;240;244m┃[48;2;227;222;226m[38;2;255;252;255m▌[48;2;211;69;95m[38;2;211;69;95m  [48;2;210;86;108m[38;2;214;65;95m┃[48;2;220;171;167m[38;2;221;73;102m▊[48;2;230;228;230m[38;2;0;0;0m [48;2;29;27;30m[38;2;206;204;207m▄[48;2;8;6;9m[38;2;95;93;96m▁[48;2;5;4;6m[38;2;0;0;0m [48;2;1;1;3m[38;2;1;1;3m  [48;2;3;1;6m[38;2;3;1;6m    [48;2;1;1;3m[38;2;1;1;3m  [48;2;1;1;1m[38;2;1;1;1m  [0m
[48;2;1;1;1m[38;2;1;1;1m            [48;2;1;1;3m[38;2;1;1;3m  [48;2;3;1;6m[38;2;3;1;6m  [48;2;2;0;3m[38;2;2;0;3m  [48;2;1;1;1m[38;2;1;1;1m  [48;2;3;1;6m[38;2;3;1;6m    [48;2;1;1;1m[38;2;1;1;1m      [48;2;1;1;3m[38;2;1;1;3m  [48;2;3;0;2m[38;2;11;6;10m▝[48;2;220;215;219m[38;2;34;30;33m▅[48;2;221;193;204m[38;2;173;65;80m▄[48;2;37;22;30m[38;2;161;61;77m▅[48;2;64;59;63m[38;2;10;6;9m▊[48;2;233;229;232m[38;2;126;121;125m▁[48;2;250;250;252m[38;2;250;250;252m  [48;2;253;252;254m[38;2;247;245;248m▃[48;2;245;243;246m[38;2;232;230;233m▝[48;2;213;79;108m[38;2;235;214;206m▅[48;2;213;67;101m[38;2;208;152;155m▁[48;2;212;93;113m[38;2;218;76;104m▊[48;2;232;183;179m[38;2;216;68;97m▊[48;2;250;250;252m[38;2;250;250;252m  [48;2;224;222;224m[38;2;0;0;0m [48;2;35;33;36m[38;2;192;190;193m▄[48;2;3;1;6m[38;2;3;1;6m  [48;2;1;1;3m[38;2;1;1;3m  [48;2;3;1;6m[38;2;3;1;6m    [48;2;1;1;1m[38;2;1;1;1m  [0m
[48;2;1;1;1m[38;2;1;1;1m              [48;2;2;0;3m[38;2;2;0;3m  [48;2;1;1;3m[38;2;1;1;3m    [48;2;3;1;6m[38;2;3;1;6m  [48;2;3;1;4m[38;2;3;1;4m  [48;2;1;1;3m[38;2;1;1;3m  [48;2;1;1;1m[38;2;1;1;1m    [48;2;3;1;6m[38;2;3;1;6m      [48;2;2;1;3m[38;2;11;9;12m│[48;2;100;98;101m[38;2;9;8;10m▊[48;2;255;254;255m[38;2;237;235;238m▌[48;2;253;251;253m[38;2;245;243;246m┃[48;2;250;250;252m[38;2;250;250;252m  [48;2;253;252;254m[38;2;247;245;248m▃[48;2;245;243;246m[38;2;232;230;233m▝[48;2;199;71;93m[38;2;241;231;233m▅[48;2;223;95;117m[38;2;245;235;237m▅[48;2;250;250;252m[38;2;250;250;252m  [48;2;246;246;248m[38;2;246;246;248m▄[48;2;79;79;81m[38;2;243;243;245m▊[48;2;1;1;3m[38;2;1;1;3m  [48;2;1;1;1m[38;2;1;1;1m  [48;2;2;0;3m[38;2;2;0;3m  [48;2;3;1;6m[38;2;3;1;6m  [48;2;2;0;3m[38;2;2;0;3m  [0m
[48;2;1;1;1m[38;2;1;1;1m                [48;2;3;1;4m[38;2;3;1;4m  [48;2;3;1;6m[38;2;3;1;6m  [48;2;2;0;3m[38;2;2;0;3m  [48;2;3;1;6m[38;2;3;1;6m  [48;2;2;0;3m[38;2;2;0;3m  [48;2;1;1;1m[38;2;1;1;1m    [48;2;3;1;6m[38;2;3;1;6m    [48;2;1;1;3m[38;2;1;1;3m  [48;2;2;0;1m[38;2;10;8;9m│[48;2;99;97;98m[38;2;9;7;8m▊[48;2;255;254;255m[38;2;238;236;239m▌[48;2;253;252;254m[38;2;246;244;247m┃[48;2;250;250;252m[38;2;250;250;252m    [48;2;248;248;250m[38;2;248;248;250m  [48;2;241;240;242m[38;2;119;117;120m▁[48;2;246;244;247m[38;2;0;0;0m [48;2;246;246;248m[38;2;246;246;248m▄[48;2;79;79;81m[38;2;243;243;245m▊[48;2;1;1;1m[38;2;1;1;1m      [48;2;1;1;3m[38;2;1;1;3m  [48;2;1;1;1m[38;2;1;1;1m  [0m
[48;2;1;1;1m[38;2;1;1;1m                    [48;2;0;0;0m[38;2;0;0;0m  [48;2;1;1;3m[38;2;1;1;3m  [48;2;1;1;1m[38;2;1;1;1m    [48;2;2;0;3m[38;2;2;0;3m  [48;2;1;1;3m[38;2;1;1;3m  [48;2;3;1;6m[38;2;3;1;6m  [48;2;2;2;2m[38;2;2;2;2m  [48;2;32;28;31m[38;2;161;156;160m▁[48;2;44;39;43m[38;2;207;203;206m▅[48;2;226;221;225m[38;2;92;87;91m▅[48;2;231;226;230m[38;2;78;73;77m▁[48;2;241;240;242m[38;2;55;53;56m▁▁[48;2;242;238;241m[38;2;56;51;55m▁▁[48;2;222;218;221m[38;2;81;76;80m▁[48;2;204;199;203m[38;2;72;67;71m▅[48;2;38;33;37m[38;2;147;142;146m▁[48;2;226;222;226m[38;2;55;51;54m▅[48;2;209;205;208m[38;2;67;62;66m▁[48;2;175;170;174m[38;2;26;21;25m▅[48;2;1;1;1m[38;2;1;1;1m          [0m
[48;2;1;1;1m[38;2;1;1;1m                        [48;2;1;1;3m[38;2;1;1;3m  [48;2;3;1;6m[38;2;3;1;6m  [48;2;2;0;3m[38;2;2;0;3m    [48;2;3;1;6m[38;2;3;1;6m  [48;2;1;0;2m[38;2;13;11;14m│[48;2;78;76;79m[38;2;7;6;8m▊[48;2;255;255;255m[38;2;237;237;239m▌[48;2;253;253;254m[38;2;245;245;247m┃[48;2;235;233;236m[38;2;0;0;0m [48;2;44;43;45m[38;2;220;218;221m▅[48;2;20;18;21m[38;2;152;150;153m▁[48;2;1;0;2m[38;2;7;5;8m━[48;2;12;8;11m[38;2;0;0;0m [48;2;38;34;37m[38;2;181;176;180m▁[48;2;61;59;62m[38;2;239;238;240m▅[48;2;245;243;246m[38;2;0;0;0m [48;2;113;108;112m[38;2;241;237;240m▊[48;2;3;0;2m[38;2;27;22;26m▎[48;2;1;1;3m[38;2;1;1;3m  [48;2;1;1;1m[38;2;1;1;1m          [0m
[48;2;1;1;1m[38;2;1;1;1m                    [48;2;2;0;3m[38;2;2;0;3m  [48;2;1;1;1m[38;2;1;1;1m  [48;2;3;1;6m[38;2;3;1;6m    [48;2;1;1;3m[38;2;1;1;3m  [48;2;2;0;3m[38;2;2;0;3m  [48;2;1;1;3m[38;2;1;1;3m  [48;2;1;0;2m[38;2;13;11;14m│[48;2;78;76;79m[38;2;7;6;8m▊[48;2;250;250;251m[38;2;232;232;234m▌[48;2;250;250;252m[38;2;255;255;255m▌[38;2;250;250;252m  [48;2;149;144;148m[38;2;241;237;241m▊[48;2;14;9;13m[38;2;54;49;53m▎[48;2;124;119;123m[38;2;42;38;41m▊[48;2;233;229;232m[38;2;101;96;100m▁[48;2;250;250;252m[38;2;250;250;252m  [48;2;234;232;235m[38;2;0;0;0m [48;2;31;30;32m[38;2;196;194;197m▅[48;2;2;0;3m[38;2;2;0;3m  [48;2;1;1;1m[38;2;1;1;1m          [0m
[48;2;1;1;1m[38;2;1;1;1m                  [48;2;1;1;3m[38;2;1;1;3m  [48;2;2;0;3m[38;2;2;0;3m  [48;2;1;1;3m[38;2;1;1;3m  [48;2;3;1;6m[38;2;3;1;6m    [48;2;2;0;3m[38;2;2;0;3m  [48;2;1;1;3m[38;2;1;1;3m  [48;2;1;1;1m[38;2;1;1;1m  [48;2;3;0;2m[38;2;15;10;14m│[48;2;80;75;79m[38;2;9;5;8m▊[48;2;243;243;245m[38;2;239;239;241m▌[48;2;254;254;255m[38;2;250;250;252m▌[48;2;250;250;252m  [48;2;160;154;156m[38;2;243;238;240m▊[48;2;49;43;45m[38;2;146;140;142m▂[48;2;133;127;131m[38;2;203;197;201m▊[48;2;53;48;51m[38;2;181;175;179m▁[48;2;231;229;232m[38;2;85;83;86m▁[48;2;246;245;247m[38;2;0;0;0m [48;2;252;252;252m[38;2;238;238;240m│[48;2;124;124;126m[38;2;241;241;243m▊[48;2;15;13;16m[38;2;155;153;156m▁[48;2;8;6;9m[38;2;0;0;0m [48;2;1;1;1m[38;2;1;1;1m          [0m
[48;2;1;1;1m[38;2;1;1;1m                  [48;2;2;0;3m[38;2;2;0;3m    [48;2;3;1;6m[38;2;3;1;6m      [48;2;1;1;3m[38;2;1;1;3m  [48;2;1;1;1m[38;2;1;1;1m  [48;2;1;1;3m[38;2;1;1;3m  [48;2;3;0;2m[38;2;15;10;14m│[48;2;80;75;79m[38;2;9;5;8m▊[48;2;249;249;251m[38;2;231;231;233m▌[38;2;255;255;255m▌[48;2;250;250;252m[38;2;250;250;252m  [48;2;249;249;250m[38;2;0;0;0m [48;2;248;248;249m[38;2;210;210;212m▝[48;2;75;73;76m[38;2;244;242;244m▅[48;2;235;234;236m[38;2;0;0;0m [48;2;82;80;83m[38;2;242;240;243m▅[48;2;244;243;245m[38;2;0;0;0m [48;2;250;250;252m[38;2;250;250;252m  [48;2;87;85;88m[38;2;239;237;240m▊[48;2;1;0;2m[38;2;10;8;11m│[48;2;1;1;3m[38;2;1;1;3m  [48;2;1;1;1m[38;2;1;1;1m        [0m
[48;2;4;2;10m[38;2;23;2;126m▂▂▂▂▂▂▂▂▂▂▂▂▂▂▂▂▂▂[48;2;5;3;12m[38;2;24;2;129m▂▂[48;2;4;2;10m[38;2;23;2;126m▂▂[48;2;5;3;12m[38;2;24;2;129m▂▂▂▂▂▂[48;2;5;3;11m[38;2;24;3;127m▂▂[48;2;4;2;10m[38;2;23;2;126m▂▂[48;2;4;2;11m[38;2;23;1;128m▂▂[48;2;8;3;12m[38;2;33;8;135m▂[48;2;27;21;31m[38;2;36;14;138m▂[48;2;228;225;236m[38;2;71;51;175m▁[48;2;242;241;241m[38;2;0;0;0m [48;2;250;250;252m[38;2;250;250;252m          [48;2;89;84;104m[38;2;237;234;238m▊[48;2;8;6;13m[38;2;19;1;120m▂[48;2;4;2;10m[38;2;23;2;126m▂▂▂▂▂▂▂▂▂▂[0m
[48;2;38;3;183m[38;2;38;3;183m                                    [48;2;88;70;169m[38;2;38;7;188m▊[48;2;252;251;247m[38;2;204;198;224m▎[48;2;250;250;252m[38;2;250;250;252m        [48;2;250;252;238m[38;2;248;247;245m▊[48;2;153;145;192m[38;2;244;242;247m▊[48;2;185;173;214m[38;2;49;22;183m▆[48;2;42;12;187m[38;2;36;3;185m▄[48;2;38;3;183m[38;2;38;3;183m          [0m
[48;2;38;3;183m[38;2;38;3;183m                                    [48;2;76;53;187m[38;2;37;8;186m▊[48;2;234;230;240m[38;2;80;60;175m▂[48;2;249;249;251m[38;2;249;249;251m  [48;2;250;250;252m[38;2;250;250;252m      [48;2;177;169;210m[38;2;245;242;246m▊[48;2;197;192;216m[38;2;46;22;179m▆[48;2;38;3;183m[38;2;38;3;183m            [0m
[48;2;38;3;185m[38;2;38;3;185m                                    [48;2;47;11;198m[38;2;35;0;187m┃[48;2;82;51;207m[38;2;35;5;168m▊[48;2;249;249;250m[38;2;206;206;208m▎[48;2;241;241;243m[38;2;253;253;254m┃[48;2;250;250;252m[38;2;250;250;252m    [48;2;243;242;245m[38;2;0;0;0m [48;2;212;208;227m[38;2;51;29;175m▂[48;2;182;167;224m[38;2;40;9;187m▆[48;2;37;6;176m[38;2;56;20;202m▖[48;2;38;3;185m[38;2;38;3;185m            [0m
[48;2;38;3;185m[38;2;38;3;185m                                    [48;2;38;3;181m[38;2;40;5;192m▊[48;2;61;30;187m[38;2;30;0;163m▌[48;2;234;229;230m[38;2;208;88;109m▂[48;2;242;236;237m[38;2;214;94;115m▂[48;2;249;249;251m[38;2;249;249;251m  [48;2;246;245;250m[38;2;253;252;254m▅[48;2;244;243;248m[38;2;231;230;235m▗[48;2;210;201;232m[38;2;50;28;180m▂[48;2;36;9;176m[38;2;37;7;180m▄[48;2;38;3;185m[38;2;38;3;185m              [0m
[48;2;38;3;185m[38;2;38;3;185m                                    [48;2;39;4;182m[38;2;39;4;182m  [48;2;87;38;129m[38;2;43;11;26m▂[48;2;220;72;102m[38;2;177;57;109m▎[48;2;244;220;214m[38;2;212;73;104m▆▆[48;2;237;205;229m[38;2;199;72;107m▆[48;2;184;191;212m[38;2;93;36;136m▆[48;2;38;6;169m[38;2;28;16;55m▂[48;2;33;2;174m[38;2;43;5;202m▗[48;2;38;3;185m[38;2;38;3;185m              [0m
[48;2;38;3;185m[38;2;38;3;185m                                    [48;2;38;7;175m[38;2;31;8;127m╺[48;2;32;10;121m[38;2;8;0;28m━[48;2;13;6;7m[38;2;0;0;0m [48;2;139;62;88m[38;2;20;6;10m▆[48;2;218;75;98m[38;2;44;12;21m▃▃[48;2;211;71;94m[38;2;47;19;27m▃▃[48;2;68;25;48m[38;2;162;69;83m━[48;2;34;9;127m[38;2;27;17;51m━[48;2;38;3;185m[38;2;38;3;185m              [0m
[48;2;38;3;185m[38;2;38;3;185m                                    [48;2;38;3;183m[38;2;38;3;183m  [48;2;19;7;46m[38;2;38;4;182m▆▆[48;2;19;8;43m[38;2;38;5;179m▆▆▆▆[48;2;37;21;80m[38;2;37;2;185m▆[48;2;37;1;184m[38;2;37;4;165m▘[48;2;38;3;185m[38;2;38;3;185m              [0m
[48;2;40;2;185m[38;2;40;2;185m                                                            [0m
[48;2;40;2;185m[38;2;40;2;185m                                                            [0m
