[48;2;1;1;1m[38;2;1;1;1m                                                            [0m
[48;2;1;1;1m[38;2;1;1;1m                                                            [0m
[48;2;1;1;1m[38;2;1;1;1m                                                            [0m
[48;2;1;1;1m[38;2;1;1;1m                                                      [48;2;1;1;3m[38;2;1;1;3m  [48;2;1;1;1m[38;2;1;1;1m    [0m
[48;2;1;1;1m[38;2;1;1;1m                          [48;2;3;1;6m[38;2;3;1;6m  [48;2;1;1;3m[38;2;1;1;3m  [48;2;1;1;1m[38;2;1;1;1m        [48;2;3;1;4m[38;2;3;1;4m  [48;2;3;1;6m[38;2;3;1;6m  [48;2;3;1;4m[38;2;3;1;4m  [48;2;1;1;3m[38;2;1;1;3m  [48;2;1;1;1m[38;2;1;1;1m      [48;2;3;1;4m[38;2;3;1;4m  [48;2;3;1;6m[38;2;3;1;6m  [48;2;2;0;3m[38;2;2;0;3m  [48;2;1;1;1m[38;2;1;1;1m  [0m
[48;2;1;1;1m[38;2;1;1;1m                        [48;2;1;1;3m[38;2;1;1;3m  [48;2;3;1;6m[38;2;3;1;6m    [48;2;2;0;3m[38;2;2;0;3m  [48;2;1;1;3m[38;2;1;1;3m  [48;2;2;0;3m[38;2;2;0;3m  [48;2;1;1;3m[38;2;1;1;3m    [48;2;2;0;3m[38;2;2;0;3m  [48;2;3;1;6m[38;2;3;1;6m    [48;2;1;1;1m[38;2;1;1;1m    [48;2;3;1;6m[38;2;3;1;6m      [48;2;1;1;3m[38;2;1;1;3m  [48;2;1;1;1m[38;2;1;1;1m  [0m
[48;2;1;1;1m[38;2;1;1;1m                    [48;2;3;1;6m[38;2;3;1;6m    [48;2;3;1;4m[38;2;3;1;4m  [48;2;3;1;6m[38;2;3;1;6m    [48;2;2;0;3m[38;2;2;0;3m  [48;2;3;1;6m[38;2;3;1;6m        [48;2;1;1;3m[38;2;1;1;3m        [48;2;3;1;4m[38;2;3;1;4m  [48;2;3;1;6m[38;2;3;1;6m      [48;2;1;1;3m[38;2;1;1;3m  [48;2;1;1;1m[38;2;1;1;1m  [0m
[48;2;1;1;1m[38;2;1;1;1m                    [48;2;1;1;3m[38;2;1;1;3m  [48;2;3;1;6m[38;2;3;1;6m          [48;2;1;1;3m[38;2;1;1;3m  [48;2;3;1;4m[38;2;3;1;4m  [48;2;3;1;6m[38;2;3;1;6m  [48;2;2;0;3m[38;2;2;0;3m  [48;2;1;1;3m[38;2;1;1;3m        [48;2;3;1;4m[38;2;3;1;4m  [48;2;3;1;6m[38;2;3;1;6m        [48;2;3;1;4m[38;2;3;1;4m  [0m
[48;2;1;1;1m[38;2;1;1;1m                    [48;2;2;2;4m[38;2;2;2;4m  [48;2;3;1;4m[38;2;3;1;4m  [48;2;3;1;6m[38;2;3;1;6m          [48;2;5;3;8m[38;2;5;3;8m  [48;2;6;4;9m[38;2;6;4;9m  [48;2;2;0;3m[38;2;2;0;3m  [48;2;3;1;4m[38;2;3;1;4m  [48;2;5;3;8m[38;2;46;44;49m▁▁[38;2;5;3;8m  [48;2;3;1;4m[38;2;3;1;4m  [48;2;1;1;3m[38;2;1;1;3m    [48;2;3;1;4m[38;2;3;1;4m  [48;2;3;1;6m[38;2;3;1;6m    [48;2;1;1;3m[38;2;1;1;3m  [0m
[48;2;1;1;1m[38;2;1;1;1m                [48;2;2;0;3m[38;2;2;0;3m  [48;2;3;1;4m[38;2;3;1;4m  [48;2;2;0;3m[38;2;2;0;3m  [48;2;1;1;1m[38;2;1;1;1m  [48;2;1;1;3m[38;2;1;1;3m    [48;2;2;0;3m[38;2;2;0;3m  [48;2;3;1;6m[38;2;3;1;6m  [48;2;1;0;4m[38;2;9;7;12m▄[48;2;9;7;12m[38;2;38;36;41m▂[48;2;37;35;38m[38;2;222;220;223m▄[48;2;187;185;188m[38;2;242;241;243m▇[48;2;232;231;233m[38;2;0;0;0m [48;2;31;29;32m[38;2;216;214;217m▄[48;2;6;4;7m[38;2;35;33;36m▂[38;2;1;0;2m▆[48;2;19;18;20m[38;2;0;0;0m [48;2;48;46;49m[38;2;229;227;230m▄[48;2;207;205;208m[38;2;248;246;249m▇▇[48;2;229;225;228m[38;2;0;0;0m [48;2;27;23;26m[38;2;202;197;201m▄[48;2;1;0;2m[38;2;36;34;37m▂[48;2;5;4;6m[38;2;16;14;17m▁[48;2;3;1;4m[38;2;3;1;4m  [48;2;2;2;4m[38;2;2;2;4m  [48;2;1;1;1m[38;2;1;1;1m  [48;2;2;0;3m[38;2;2;0;3m  [48;2;3;1;6m[38;2;3;1;6m  [48;2;1;1;1m[38;2;1;1;1m  [0m
[48;2;1;1;1m[38;2;1;1;1m            [48;2;1;1;3m[38;2;1;1;3m  [48;2;3;1;6m[38;2;3;1;6m      [48;2;1;1;3m[38;2;1;1;3m  [48;2;1;1;1m[38;2;1;1;1m      [48;2;1;1;3m[38;2;1;1;3m  [48;2;3;1;6m[38;2;3;1;6m  [48;2;51;49;52m[38;2;5;3;6m▊[48;2;246;244;246m[38;2;174;172;175m▎[48;2;250;250;252m[38;2;250;250;252m    [48;2;233;231;234m[38;2;0;0;0m [48;2;38;37;39m[38;2;237;235;238m▄[48;2;53;51;54m[38;2;239;237;239m▄[48;2;242;240;242m[38;2;0;0;0m [48;2;245;239;237m[38;2;230;187;197m▗[48;2;235;234;229m[38;2;195;69;106m▄[48;2;244;230;237m[38;2;213;72;98m▄[48;2;243;229;235m[38;2;161;66;77m▄[48;2;180;178;181m[38;2;28;26;29m▄[48;2;8;7;9m[38;2;10;8;11m▄[48;2;3;1;6m[38;2;3;1;6m  [48;2;3;1;4m[38;2;3;1;4m  [48;2;3;1;6m[38;2;3;1;6m  [48;2;1;1;3m[38;2;1;1;3m  [48;2;1;1;1m[38;2;1;1;1m    [0m
[48;2;1;1;1m[38;2;1;1;1m            [48;2;3;1;6m[38;2;3;1;6m      [48;2;3;1;4m[38;2;3;1;4m  [48;2;1;1;3m[38;2;1;1;3m  [48;2;1;1;1m[38;2;1;1;1m    [48;2;3;1;6m[38;2;3;1;6m  [48;2;1;1;3m[38;2;1;1;3m  [48;2;2;0;3m[38;2;2;0;3m  [48;2;49;44;48m[38;2;6;2;5m▊[48;2;243;238;242m[38;2;172;167;171m▎[48;2;238;242;238m[38;2;229;162;180m▁[48;2;248;227;231m[38;2;182;77;108m▄[48;2;245;243;245m[38;2;146;144;147m▁[48;2;246;245;247m[38;2;0;0;0m [48;2;250;250;252m[38;2;250;250;252m  [48;2;253;248;252m[38;2;245;240;244m┃[48;2;227;222;226m[38;2;255;252;255m▌[48;2;188;54;81m[38;2;199;71;96m▄[48;2;66;22;22m[38;2;218;73;104m▄[48;2;202;66;96m[38;2;0;0;0m [48;2;183;101;113m[38;2;34;16;11m▘[48;2;229;227;230m[38;2;0;0;0m [48;2;31;29;32m[38;2;201;200;202m▄[48;2;8;6;9m[38;2;95;93;96m▁[48;2;5;4;6m[38;2;0;0;0m [48;2;1;1;3m[38;2;1;1;3m  [48;2;3;1;6m[38;2;3;1;6m    [48;2;1;1;3m[38;2;1;1;3m  [48;2;1;1;1m[38;2;1;1;1m  [0m
[48;2;1;1;1m[38;2;1;1;1m            [48;2;1;1;3m[38;2;1;1;3m  [48;2;3;1;6m[38;2;3;1;6m  [48;2;2;0;3m[38;2;2;0;3m  [48;2;1;1;1m[38;2;1;1;1m  [48;2;3;1;6m[38;2;3;1;6m    [48;2;1;1;1m[38;2;1;1;1m      [48;2;1;1;3m[38;2;1;1;3m  [48;2;14;7;6m[38;2;0;0;0m [48;2;177;61;98m[38;2;26;11;14m▅[48;2;157;58;89m[38;2;11;5;4m▄[48;2;12;7;7m[38;2;0;0;0m [48;2;63;58;62m[38;2;9;4;8m▊[48;2;232;228;231m[38;2;134;129;133m▁[48;2;250;250;252m[38;2;250;250;252m  [48;2;253;249;253m[38;2;246;241;245m┃[48;2;238;233;237m[38;2;255;253;255m▌[48;2;211;70;97m[38;2;226;154;158m▁▁[48;2;212;93;113m[38;2;218;76;104m▊[48;2;232;183;179m[38;2;216;68;97m▊[48;2;250;250;252m[38;2;250;250;252m  [48;2;224;222;224m[38;2;0;0;0m [48;2;35;33;36m[38;2;192;190;193m▄[48;2;3;1;6m[38;2;3;1;6m  [48;2;1;1;3m[38;2;1;1;3m  [48;2;3;1;6m[38;2;3;1;6m    [48;2;1;1;1m[38;2;1;1;1m  [0m
[48;2;1;1;1m[38;2;1;1;1m              [48;2;2;0;3m[38;2;2;0;3m  [48;2;1;1;3m[38;2;1;1;3m    [48;2;3;1;6m[38;2;3;1;6m  [48;2;3;1;4m[38;2;3;1;4m  [48;2;1;1;3m[38;2;1;1;3m  [48;2;1;1;1m[38;2;1;1;1m    [48;2;3;1;6m[38;2;3;1;6m      [48;2;2;1;3m[38;2;11;9;12m│[48;2;100;98;101m[38;2;9;8;10m▊[48;2;255;254;255m[38;2;237;235;238m▌[48;2;253;251;253m[38;2;245;243;246m┃[48;2;250;250;252m[38;2;250;250;252m  [48;2;253;252;254m[38;2;247;245;248m▃[48;2;245;243;246m[38;2;232;230;233m▝[48;2;199;71;93m[38;2;241;231;233m▅[48;2;223;95;117m[38;2;245;235;237m▅[48;2;250;250;252m[38;2;250;250;252m  [48;2;250;250;251m[38;2;237;237;239m╷[48;2;81;81;83m[38;2;245;245;247m▊[48;2;13;11;14m[38;2;112;110;113m▁[48;2;1;0;2m[38;2;2;0;3m▄[48;2;1;1;1m[38;2;1;1;1m  [48;2;2;0;3m[38;2;2;0;3m  [48;2;3;1;6m[38;2;3;1;6m  [48;2;2;0;3m[38;2;2;0;3m  [0m
[48;2;1;1;1m[38;2;1;1;1m                [48;2;3;1;4m[38;2;3;1;4m  [48;2;3;1;6m[38;2;3;1;6m  [48;2;2;0;3m[38;2;2;0;3m  [48;2;3;1;6m[38;2;3;1;6m  [48;2;2;0;3m[38;2;2;0;3m  [48;2;1;1;1m[38;2;1;1;1m    [48;2;3;1;6m[38;2;3;1;6m    [48;2;1;1;3m[38;2;1;1;3m  [48;2;2;0;1m[38;2;10;8;9m│[48;2;99;97;98m[38;2;9;7;8m▊[48;2;255;254;255m[38;2;238;236;239m▌[48;2;253;252;254m[38;2;246;244;247m┃[48;2;250;250;252m[38;2;250;250;252m    [48;2;248;248;250m[38;2;248;248;250m  [48;2;241;240;242m[38;2;119;117;120m▁[48;2;246;244;247m[38;2;0;0;0m [48;2;250;250;252m[38;2;250;250;252m  [48;2;80;80;82m[38;2;231;231;232m▊[48;2;0;0;2m[38;2;12;12;14m│[48;2;1;1;1m[38;2;1;1;1m    [48;2;1;1;3m[38;2;1;1;3m  [48;2;1;1;1m[38;2;1;1;1m  [0m
[48;2;1;1;1m[38;2;1;1;1m                    [48;2;0;0;0m[38;2;0;0;0m  [48;2;1;1;3m[38;2;1;1;3m  [48;2;1;1;1m[38;2;1;1;1m    [48;2;2;0;3m[38;2;2;0;3m  [48;2;1;1;3m[38;2;1;1;3m  [48;2;3;1;6m[38;2;3;1;6m  [48;2;2;2;2m[38;2;2;2;2m  [48;2;32;28;31m[38;2;161;156;160m▁[48;2;44;39;43m[38;2;207;203;206m▅[48;2;226;221;225m[38;2;92;87;91m▅[48;2;231;226;230m[38;2;78;73;77m▁[48;2;241;240;242m[38;2;55;53;56m▁▁[48;2;242;238;241m[38;2;56;51;55m▁▁[48;2;222;218;221m[38;2;81;76;80m▁[48;2;204;199;203m[38;2;72;67;71m▅[48;2;37;32;36m[38;2;146;141;145m▁[48;2;226;222;225m[38;2;54;50;53m▅[48;2;239;237;240m[38;2;56;54;57m▁[48;2;209;207;209m[38;2;50;48;51m▁[48;2;171;169;170m[38;2;19;18;18m▅[48;2;1;0;0m[38;2;4;2;3m▄[48;2;1;1;1m[38;2;1;1;1m        [0m
[48;2;1;1;1m[38;2;1;1;1m                        [48;2;1;1;3m[38;2;1;1;3m  [48;2;3;1;6m[38;2;3;1;6m  [48;2;2;0;3m[38;2;2;0;3m    [48;2;3;1;6m[38;2;3;1;6m  [48;2;1;0;2m[38;2;13;11;14m│[48;2;78;76;79m[38;2;7;6;8m▊[48;2;255;255;255m[38;2;237;237;239m▌[48;2;253;253;254m[38;2;245;245;247m┃[48;2;235;233;236m[38;2;0;0;0m [48;2;44;43;45m[38;2;220;218;221m▅[48;2;20;18;21m[38;2;152;150;153m▁[48;2;1;0;2m[38;2;7;5;8m━[48;2;12;8;11m[38;2;0;0;0m [48;2;38;34;37m[38;2;181;176;180m▁[48;2;61;59;62m[38;2;239;238;240m▅[48;2;245;243;246m[38;2;0;0;0m [48;2;113;108;112m[38;2;241;237;240m▊[48;2;3;0;2m[38;2;27;22;26m▎[48;2;2;0;3m[38;2;2;0;3m  [48;2;1;1;1m[38;2;1;1;1m          [0m
[48;2;1;1;1m[38;2;1;1;1m                    [48;2;2;0;3m[38;2;2;0;3m  [48;2;1;1;1m[38;2;1;1;1m  [48;2;3;1;6m[38;2;3;1;6m    [48;2;1;1;3m[38;2;1;1;3m  [48;2;2;0;3m[38;2;2;0;3m  [48;2;1;1;3m[38;2;1;1;3m  [48;2;1;0;2m[38;2;13;11;14m│[48;2;78;76;79m[38;2;7;6;8m▊[48;2;250;250;251m[38;2;232;232;234m▌[48;2;250;250;252m[38;2;255;255;255m▌[48;2;248;248;250m[38;2;248;248;250m  [48;2;215;209;213m[38;2;84;78;82m▁[48;2;25;20;23m[38;2;155;149;153m▁[48;2;122;120;123m[38;2;12;10;13m▊[48;2;250;248;251m[38;2;255;254;255m┃[48;2;250;250;252m[38;2;250;250;252m  [48;2;234;232;235m[38;2;0;0;0m [48;2;31;30;32m[38;2;196;194;197m▅[48;2;2;0;3m[38;2;2;0;3m  [48;2;1;1;1m[38;2;1;1;1m          [0m
[48;2;1;1;1m[38;2;1;1;1m                  [48;2;1;1;3m[38;2;1;1;3m  [48;2;2;0;3m[38;2;2;0;3m  [48;2;1;1;3m[38;2;1;1;3m  [48;2;3;1;6m[38;2;3;1;6m    [48;2;2;0;3m[38;2;2;0;3m  [48;2;1;1;3m[38;2;1;1;3m  [48;2;1;1;1m[38;2;1;1;1m  [48;2;1;0;4m[38;2;7;5;10m▂[48;2;8;6;11m[38;2;21;19;24m▝[48;2;204;202;205m[38;2;33;32;34m▅[48;2;250;248;250m[38;2;223;221;224m▎[48;2;242;242;244m[38;2;254;254;255m┃[48;2;183;183;185m[38;2;245;245;247m▊[48;2;57;51;55m[38;2;187;181;185m▁[48;2;208;203;207m[38;2;109;103;107m▂[48;2;129;124;128m[38;2;51;47;50m▊[48;2;231;227;230m[38;2;87;82;86m▁[48;2;250;250;252m[38;2;250;250;252m  [48;2;244;244;246m[38;2;0;0;0m [48;2;235;235;237m [48;2;76;74;77m[38;2;224;223;225m┓[48;2;6;4;7m[38;2;0;0;0m [48;2;1;1;1m[38;2;1;1;1m          [0m
[48;2;1;1;1m[38;2;1;1;1m                  [48;2;2;0;3m[38;2;2;0;3m    [48;2;3;1;6m[38;2;3;1;6m      [48;2;1;1;3m[38;2;1;1;3m  [48;2;1;1;1m[38;2;1;1;1m  [48;2;1;1;3m[38;2;1;1;3m  [48;2;3;1;6m[38;2;3;1;6m  [48;2;79;77;80m[38;2;8;6;9m▊[48;2;248;247;249m[38;2;202;200;203m▎[48;2;250;250;252m[38;2;250;250;252m  [48;2;172;166;170m[38;2;247;243;246m▊[48;2;56;50;54m[38;2;222;217;221m▁[48;2;233;229;232m[38;2;0;0;0m [48;2;70;65;69m[38;2;245;242;245m▅[48;2;249;249;251m[38;2;249;249;251m  [48;2;250;250;252m[38;2;250;250;252m  [48;2;87;85;88m[38;2;239;237;240m▊[48;2;1;0;2m[38;2;10;8;11m│[48;2;1;1;3m[38;2;1;1;3m  [48;2;1;1;1m[38;2;1;1;1m        [0m
[48;2;4;2;10m[38;2;23;2;126m▂▂▂▂▂▂▂▂▂▂▂▂▂▂▂▂▂▂[48;2;5;3;12m[38;2;24;2;129m▂▂[48;2;4;2;10m[38;2;23;2;126m▂▂[48;2;5;3;12m[38;2;24;2;129m▂▂▂▂▂▂[48;2;5;3;11m[38;2;24;3;127m▂▂[48;2;4;2;10m[38;2;23;2;126m▂▂[48;2;4;2;11m[38;2;23;1;128m▂▂[48;2;5;3;12m[38;2;24;2;129m▂▂[48;2;26;24;35m[38;2;43;27;120m▂[48;2;251;249;251m[38;2;206;202;218m▎[48;2;250;250;252m[38;2;250;250;252m          [48;2;89;84;104m[38;2;237;234;238m▊[48;2;8;6;13m[38;2;19;1;120m▂[48;2;4;2;10m[38;2;23;2;126m▂▂▂▂▂▂▂▂▂▂[0m
[48;2;38;3;183m[38;2;38;3;183m                                  [48;2;43;10;184m[38;2;33;2;174m▃[48;2;71;37;212m[38;2;37;6;178m▊[48;2;71;54;179m[38;2;228;227;230m▆[48;2;243;242;249m[38;2;0;0;0m [48;2;250;250;252m[38;2;250;250;252m  [48;2;241;241;243m[38;2;251;251;252m▅[48;2;251;251;252m[38;2;241;241;243m▃[48;2;243;241;245m[38;2;102;87;178m▂[48;2;246;245;248m[38;2;0;0;0m [48;2;250;250;252m[38;2;250;250;252m    [48;2;95;72;186m[38;2;244;239;239m▊[48;2;37;6;188m[38;2;37;6;188m▄[48;2;38;3;183m[38;2;38;3;183m          [0m
[48;2;38;3;183m[38;2;38;3;183m                                  [48;2;50;12;209m[38;2;39;4;185m▊[48;2;83;55;191m[38;2;36;6;173m▊[48;2;249;249;251m[38;2;231;231;233m▌[38;2;255;255;255m▌[48;2;250;250;252m[38;2;250;250;252m  [48;2;199;191;228m[38;2;249;247;248m▊[48;2;203;198;220m[38;2;48;23;173m▆[48;2;114;97;191m[38;2;37;7;184m▊[48;2;250;249;242m[38;2;230;225;247m▎[48;2;250;250;252m[38;2;250;250;252m  [48;2;251;251;246m[38;2;238;239;234m▂[48;2;153;145;191m[38;2;243;240;247m▊[48;2;189;178;218m[38;2;49;19;182m▆[48;2;46;8;203m[38;2;32;3;175m▊[48;2;38;3;183m[38;2;38;3;183m          [0m
[48;2;38;3;185m[38;2;38;3;185m                                  [48;2;73;47;184m[38;2;34;4;182m▊[48;2;77;54;172m[38;2;232;226;239m▆[48;2;249;249;251m[38;2;249;249;251m  [48;2;252;251;255m[38;2;255;254;255m┃[48;2;194;193;199m[38;2;244;243;247m▊[48;2;199;188;226m[38;2;47;16;178m▆[48;2;40;8;185m[38;2;0;0;0m [48;2;113;96;192m[38;2;36;5;185m▊[48;2;250;249;243m[38;2;229;224;247m▎[48;2;250;250;252m[38;2;250;250;252m  [48;2;239;237;242m[38;2;0;0;0m [48;2;199;193;224m[38;2;49;31;163m▂[48;2;38;3;185m[38;2;38;3;185m            [0m
[48;2;38;3;185m[38;2;38;3;185m                                  [48;2;71;46;185m[38;2;37;5;189m▊[48;2;227;220;236m[38;2;55;35;154m▂[48;2;239;235;236m[38;2;210;103;137m▂[48;2;248;244;244m[38;2;0;0;0m [48;2;206;198;237m[38;2;245;242;245m▊[48;2;203;197;220m[38;2;46;23;172m▆[48;2;39;4;184m[38;2;39;4;184m  [48;2;41;10;177m[38;2;0;0;0m [48;2;213;200;234m[38;2;65;37;183m▆[48;2;245;236;239m[38;2;214;81;104m▂▂[48;2;209;198;220m[38;2;177;84;132m▂[48;2;41;10;181m[38;2;0;0;0m [48;2;38;3;185m[38;2;38;3;185m            [0m
[48;2;38;3;185m[38;2;38;3;185m                                  [48;2;40;4;190m[38;2;40;6;176m┃[48;2;40;12;145m[38;2;40;2;200m▌[48;2;200;68;91m[38;2;34;9;15m▂[48;2;238;213;220m[38;2;211;79;103m▆[48;2;226;183;193m[38;2;195;67;99m▆[48;2;37;13;173m[38;2;22;10;61m▃[48;2;39;5;187m[38;2;12;1;43m▃▃[48;2;38;7;165m[38;2;8;0;28m▂▂[48;2;92;41;126m[38;2;50;18;27m▂[48;2;195;67;99m[38;2;230;74;104m┣[48;2;74;50;148m[38;2;210;79;98m▊[48;2;24;6;188m[38;2;53;0;186m┃[48;2;38;3;185m[38;2;38;3;185m            [0m
[48;2;38;3;185m[38;2;38;3;185m                                  [48;2;40;6;179m[38;2;33;7;131m╺[48;2;34;10;126m[38;2;9;0;31m━[48;2;14;7;8m[38;2;0;0;0m [48;2;135;58;84m[38;2;20;6;10m▆[48;2;180;61;89m[38;2;24;9;6m▂[48;2;137;42;62m[38;2;16;14;4m▂[48;2;3;1;6m[38;2;3;1;6m    [48;2;62;30;36m[38;2;11;4;9m▊[48;2;211;73;100m[38;2;52;23;18m▃[48;2;92;37;74m[38;2;192;68;87m┛[48;2;38;6;137m[38;2;19;11;60m┛[48;2;38;3;185m[38;2;38;3;185m            [0m
[48;2;38;3;185m[38;2;38;3;185m                                  [48;2;38;3;183m[38;2;38;3;183m  [48;2;19;7;45m[38;2;38;5;181m▆▆[48;2;19;8;43m[38;2;38;5;179m▆▆▆▆▆▆[48;2;19;7;45m[38;2;38;5;181m▆▆[48;2;37;16;109m[38;2;37;3;178m▆[48;2;37;1;184m[38;2;37;3;172m▘[48;2;38;3;185m[38;2;38;3;185m            [0m
[48;2;40;2;185m[38;2;40;2;185m                                                            [0m
[48;2;40;2;185m[38;2;40;2;185m                                                            [0m
