[48;2;1;1;1m[38;2;1;1;1m                                                            [0m
[48;2;1;1;1m[38;2;1;1;1m                                                            [0m
[48;2;1;1;1m[38;2;1;1;1m                                                            [0m
[48;2;1;1;1m[38;2;1;1;1m                                                      [48;2;1;1;3m[38;2;1;1;3m  [48;2;1;1;1m[38;2;1;1;1m    [0m
[48;2;1;1;1m[38;2;1;1;1m                          [48;2;3;1;6m[38;2;3;1;6m  [48;2;1;1;3m[38;2;1;1;3m  [48;2;1;1;1m[38;2;1;1;1m        [48;2;3;1;4m[38;2;3;1;4m  [48;2;3;1;6m[38;2;3;1;6m  [48;2;3;1;4m[38;2;3;1;4m  [48;2;1;1;3m[38;2;1;1;3m  [48;2;1;1;1m[38;2;1;1;1m      [48;2;3;1;4m[38;2;3;1;4m  [48;2;3;1;6m[38;2;3;1;6m  [48;2;2;0;3m[38;2;2;0;3m  [48;2;1;1;1m[38;2;1;1;1m  [0m
[48;2;1;1;1m[38;2;1;1;1m                        [48;2;1;1;3m[38;2;1;1;3m  [48;2;3;1;6m[38;2;3;1;6m    [48;2;2;0;3m[38;2;2;0;3m  [48;2;1;1;3m[38;2;1;1;3m  [48;2;2;0;3m[38;2;2;0;3m  [48;2;1;1;3m[38;2;1;1;3m    [48;2;2;0;3m[38;2;2;0;3m  [48;2;3;1;6m[38;2;3;1;6m    [48;2;1;1;1m[38;2;1;1;1m    [48;2;3;1;6m[38;2;3;1;6m      [48;2;1;1;3m[38;2;1;1;3m  [48;2;1;1;1m[38;2;1;1;1m  [0m
[48;2;1;1;1m[38;2;1;1;1m                    [48;2;3;1;6m[38;2;3;1;6m    [48;2;3;1;4m[38;2;3;1;4m  [48;2;3;1;6m[38;2;3;1;6m    [48;2;2;0;3m[38;2;2;0;3m  [48;2;3;1;6m[38;2;3;1;6m        [48;2;1;1;3m[38;2;1;1;3m        [48;2;3;1;4m[38;2;3;1;4m  [48;2;3;1;6m[38;2;3;1;6m      [48;2;1;1;3m[38;2;1;1;3m  [48;2;1;1;1m[38;2;1;1;1m  [0m
[48;2;1;1;1m[38;2;1;1;1m                    [48;2;1;1;3m[38;2;1;1;3m  [48;2;3;1;6m[38;2;3;1;6m          [48;2;1;1;3m[38;2;1;1;3m  [48;2;3;1;4m[38;2;3;1;4m  [48;2;3;1;6m[38;2;3;1;6m  [48;2;2;0;3m[38;2;2;0;3m  [48;2;1;1;3m[38;2;1;1;3m        [48;2;3;1;4m[38;2;3;1;4m  [48;2;3;1;6m[38;2;3;1;6m        [48;2;3;1;4m[38;2;3;1;4m  [0m
[48;2;1;1;1m[38;2;1;1;1m                    [48;2;2;2;4m[38;2;2;2;4m  [48;2;3;1;4m[38;2;3;1;4m  [48;2;3;1;6m[38;2;3;1;6m              [48;2;2;0;3m[38;2;2;0;3m    [48;2;3;1;6m[38;2;3;1;6m    [48;2;3;1;4m[38;2;3;1;4m  [48;2;1;1;3m[38;2;1;1;3m    [48;2;3;1;4m[38;2;3;1;4m  [48;2;3;1;6m[38;2;3;1;6m    [48;2;1;1;3m[38;2;1;1;3m  [0m
[48;2;1;1;1m[38;2;1;1;1m                [48;2;2;0;3m[38;2;2;0;3m  [48;2;3;1;4m[38;2;3;1;4m  [48;2;2;0;3m[38;2;2;0;3m  [48;2;1;1;1m[38;2;1;1;1m  [48;2;1;1;3m[38;2;1;1;3m    [48;2;2;0;3m[38;2;2;0;3m  [48;2;3;1;6m[38;2;3;1;6m  [48;2;3;0;2m[38;2;14;9;13m▄[48;2;13;9;12m[38;2;83;78;82m▁[48;2;16;15;17m[38;2;227;225;228m▄[48;2;26;24;27m[38;2;238;236;238m▄[48;2;19;17;20m[38;2;213;211;214m▄[48;2;21;20;22m[38;2;0;0;0m [48;2;2;0;3m[38;2;2;0;3m  [48;2;5;4;6m[38;2;15;13;16m▁[48;2;8;6;9m[38;2;72;70;73m▗[48;2;22;20;23m[38;2;235;233;236m▄▄[48;2;22;18;21m[38;2;204;200;203m▄[48;2;13;8;12m[38;2;61;56;60m▁[48;2;2;0;3m[38;2;2;0;3m  [48;2;3;1;4m[38;2;3;1;4m  [48;2;2;2;4m[38;2;2;2;4m  [48;2;1;1;1m[38;2;1;1;1m  [48;2;2;0;3m[38;2;2;0;3m  [48;2;3;1;6m[38;2;3;1;6m  [48;2;1;1;1m[38;2;1;1;1m  [0m
[48;2;1;1;1m[38;2;1;1;1m            [48;2;1;1;3m[38;2;1;1;3m  [48;2;3;1;6m[38;2;3;1;6m      [48;2;1;1;3m[38;2;1;1;3m  [48;2;1;1;1m[38;2;1;1;1m      [48;2;1;1;3m[38;2;1;1;3m  [48;2;14;9;12m[38;2;60;54;58m▁[48;2;34;28;32m[38;2;219;214;217m▄[48;2;244;242;245m[38;2;216;214;217m▘[48;2;245;243;246m[38;2;253;251;253m▌[48;2;244;244;245m[38;2;173;173;175m▁[48;2;255;255;255m[38;2;239;239;241m━[48;2;244;242;245m[38;2;251;250;252m▖[48;2;250;248;250m[38;2;205;203;206m▝[48;2;30;25;29m[38;2;217;212;216m▄[48;2;18;14;17m[38;2;99;94;98m▁[48;2;127;122;126m[38;2;23;19;22m▊[48;2;245;242;245m[38;2;222;217;221m▎[48;2;248;246;248m[38;2;236;234;237m▁[48;2;252;250;252m[38;2;225;223;226m▂[48;2;247;243;245m[38;2;200;194;196m▁[48;2;225;220;222m[38;2;0;0;0m [48;2;25;24;26m[38;2;177;175;178m▄[48;2;1;0;2m[38;2;15;13;16m┛[48;2;3;1;6m[38;2;3;1;6m  [48;2;3;1;4m[38;2;3;1;4m  [48;2;3;1;6m[38;2;3;1;6m  [48;2;1;1;3m[38;2;1;1;3m  [48;2;1;1;1m[38;2;1;1;1m    [0m
[48;2;1;1;1m[38;2;1;1;1m            [48;2;3;1;6m[38;2;3;1;6m      [48;2;3;1;4m[38;2;3;1;4m  [48;2;1;1;3m[38;2;1;1;3m  [48;2;1;1;1m[38;2;1;1;1m    [48;2;3;1;6m[38;2;3;1;6m  [48;2;1;1;3m[38;2;1;1;3m  [48;2;186;68;94m[38;2;95;42;46m▁[48;2;246;212;211m[38;2;177;62;87m▄[48;2;240;236;239m[38;2;124;119;123m▁[48;2;209;204;208m[38;2;21;17;20m▄[48;2;21;17;20m[38;2;0;0;0m [48;2;234;230;234m[38;2;50;45;49m▅[48;2;248;248;250m[38;2;248;248;250m  [48;2;249;249;251m[38;2;249;249;251m  [48;2;255;254;255m[38;2;252;250;253m▘[48;2;246;244;247m[38;2;225;223;226m▗[48;2;237;201;201m[38;2;184;63;91m▄[48;2;184;62;91m[38;2;58;23;24m▄[48;2;212;65;99m[38;2;150;53;70m▗[48;2;167;64;83m[38;2;75;53;47m▄[48;2;35;30;34m[38;2;206;201;205m▄[48;2;14;10;13m[38;2;132;127;131m▁[48;2;9;7;10m[38;2;96;94;97m▁[48;2;6;4;7m[38;2;0;0;0m [48;2;1;1;3m[38;2;1;1;3m  [48;2;3;1;6m[38;2;3;1;6m    [48;2;1;1;3m[38;2;1;1;3m  [48;2;1;1;1m[38;2;1;1;1m  [0m
[48;2;1;1;1m[38;2;1;1;1m            [48;2;1;1;3m[38;2;1;1;3m  [48;2;3;1;6m[38;2;3;1;6m  [48;2;2;0;3m[38;2;2;0;3m  [48;2;1;1;1m[38;2;1;1;1m  [48;2;3;1;6m[38;2;3;1;6m    [48;2;1;1;1m[38;2;1;1;1m      [48;2;1;1;3m[38;2;1;1;3m  [48;2;3;1;6m[38;2;3;1;6m  [48;2;1;0;4m▘[48;2;5;3;8m[38;2;41;39;44m▝[48;2;232;230;233m[38;2;45;43;46m▅[48;2;240;239;241m[38;2;0;0;0m [48;2;250;250;252m[38;2;250;250;252m  [48;2;253;248;252m[38;2;245;240;244m┃[48;2;227;222;226m[38;2;255;252;255m▌[48;2;213;71;97m[38;2;213;71;97m  [48;2;214;70;98m[38;2;224;100;122m▁[48;2;217;193;181m[38;2;221;88;113m▊[48;2;250;250;252m[38;2;250;250;252m  [48;2;106;101;105m[38;2;239;236;239m▊[48;2;12;7;11m[38;2;101;96;100m▁[48;2;3;1;6m[38;2;3;1;6m  [48;2;1;1;3m[38;2;1;1;3m  [48;2;3;1;6m[38;2;3;1;6m    [48;2;1;1;1m[38;2;1;1;1m  [0m
[48;2;1;1;1m[38;2;1;1;1m              [48;2;2;0;3m[38;2;2;0;3m  [48;2;1;1;3m[38;2;1;1;3m    [48;2;3;1;6m[38;2;3;1;6m  [48;2;3;1;4m[38;2;3;1;4m  [48;2;1;1;3m[38;2;1;1;3m  [48;2;1;1;1m[38;2;1;1;1m    [48;2;3;1;6m[38;2;3;1;6m      [48;2;3;0;2m[38;2;7;2;6m▄[48;2;228;224;228m[38;2;50;45;49m▅[48;2;247;247;249m[38;2;247;247;249m  [48;2;251;249;251m[38;2;241;239;242m▃[48;2;242;240;243m[38;2;252;250;252m▄[48;2;213;96;114m[38;2;250;236;243m▄[48;2;200;68;89m[38;2;230;205;213m▅[48;2;204;93;126m[38;2;239;212;218m▅[48;2;243;239;237m[38;2;228;165;183m▁[48;2;250;250;252m[38;2;250;250;252m  [38;2;255;255;255m┃[48;2;228;228;230m[38;2;0;0;0m [48;2;40;38;41m[38;2;202;200;202m▄[48;2;8;7;9m[38;2;136;134;137m▁[48;2;1;1;1m[38;2;1;1;1m  [48;2;2;0;3m[38;2;2;0;3m  [48;2;3;1;6m[38;2;3;1;6m  [48;2;2;0;3m[38;2;2;0;3m  [0m
[48;2;1;1;1m[38;2;1;1;1m                [48;2;3;1;4m[38;2;3;1;4m  [48;2;3;1;6m[38;2;3;1;6m  [48;2;2;0;3m[38;2;2;0;3m  [48;2;3;1;6m[38;2;3;1;6m  [48;2;2;0;3m[38;2;2;0;3m  [48;2;1;1;1m[38;2;1;1;1m    [48;2;3;1;6m[38;2;3;1;6m    [48;2;1;1;3m[38;2;1;1;3m  [48;2;2;0;1m[38;2;10;8;9m│[48;2;99;97;98m[38;2;9;7;8m▊[48;2;255;254;255m[38;2;238;236;239m▌[48;2;253;252;254m[38;2;246;244;247m┃[48;2;250;250;252m[38;2;250;250;252m  [48;2;209;167;175m[38;2;244;237;244m▊[48;2;210;80;102m[38;2;246;184;185m▁[48;2;218;90;121m[38;2;217;178;178m▁[48;2;205;90;116m[38;2;236;234;224m▅[48;2;244;242;245m[38;2;0;0;0m [48;2;239;237;240m[38;2;107;105;108m▁[48;2;242;238;242m[38;2;78;73;77m▁▁[48;2;239;235;238m[38;2;97;92;96m▁[48;2;50;46;49m[38;2;208;203;207m▊[48;2;1;1;1m[38;2;1;1;1m    [48;2;1;1;3m[38;2;1;1;3m  [48;2;1;1;1m[38;2;1;1;1m  [0m
[48;2;1;1;1m[38;2;1;1;1m                    [48;2;0;0;0m[38;2;0;0;0m  [48;2;1;1;3m[38;2;1;1;3m  [48;2;1;1;1m[38;2;1;1;1m    [48;2;2;0;3m[38;2;2;0;3m  [48;2;1;1;3m[38;2;1;1;3m  [48;2;3;1;6m[38;2;3;1;6m  [48;2;2;2;2m[38;2;2;2;2m  [48;2;32;28;31m[38;2;161;156;160m▁[48;2;44;39;43m[38;2;207;203;206m▅[48;2;219;215;218m[38;2;88;83;87m▅[48;2;234;230;233m[38;2;113;108;112m▁[48;2;249;249;251m[38;2;249;249;251m  [48;2;250;250;252m[38;2;250;250;252m  [48;2;242;240;242m[38;2;0;0;0m [48;2;218;217;219m[38;2;77;75;78m▁[48;2;187;186;188m[38;2;13;12;14m▅[48;2;19;17;20m[38;2;1;0;2m┛[48;2;0;0;0m[38;2;0;0;0m  [48;2;1;1;1m[38;2;1;1;1m          [0m
[48;2;1;1;1m[38;2;1;1;1m                        [48;2;1;1;3m[38;2;1;1;3m  [48;2;3;1;6m[38;2;3;1;6m  [48;2;2;0;3m[38;2;2;0;3m    [48;2;3;1;6m[38;2;3;1;6m  [48;2;11;7;10m[38;2;0;0;0m [48;2;39;34;38m[38;2;155;150;154m▁[48;2;249;249;251m[38;2;231;231;233m▌[38;2;255;255;255m▌[48;2;240;239;241m[38;2;0;0;0m [48;2;59;58;60m[38;2;218;216;219m▅[48;2;212;207;211m[38;2;68;63;67m▅[48;2;226;222;225m[38;2;22;18;21m▅[48;2;220;219;222m[38;2;21;19;24m▅▅[48;2;203;198;202m[38;2;97;91;95m▅[48;2;31;25;29m[38;2;207;202;206m▅[48;2;1;0;4m[38;2;7;5;10m▃[38;2;9;7;12m━[48;2;1;1;3m[38;2;1;1;3m  [48;2;1;1;1m[38;2;1;1;1m          [0m
[48;2;1;1;1m[38;2;1;1;1m                    [48;2;2;0;3m[38;2;2;0;3m  [48;2;1;1;1m[38;2;1;1;1m  [48;2;3;1;6m[38;2;3;1;6m    [48;2;1;1;3m[38;2;1;1;3m  [48;2;2;0;3m[38;2;2;0;3m  [48;2;1;1;3m[38;2;1;1;3m  [48;2;66;64;67m[38;2;6;4;7m▊[48;2;249;247;250m[38;2;190;188;191m▎[48;2;250;250;252m[38;2;250;250;252m    [48;2;238;234;238m[38;2;0;0;0m [48;2;43;38;42m[38;2;164;159;163m▅[48;2;22;17;21m[38;2;163;158;162m▁[48;2;102;97;101m[38;2;12;8;11m▊[48;2;248;248;250m[38;2;248;248;250m  [48;2;125;120;124m[38;2;241;237;240m▊[48;2;22;17;21m[38;2;138;133;137m▁[48;2;2;0;3m[38;2;2;0;3m  [48;2;1;1;1m[38;2;1;1;1m          [0m
[48;2;1;1;1m[38;2;1;1;1m                  [48;2;1;1;3m[38;2;1;1;3m  [48;2;2;0;3m[38;2;2;0;3m  [48;2;1;1;3m[38;2;1;1;3m  [48;2;3;1;6m[38;2;3;1;6m    [48;2;2;0;3m[38;2;2;0;3m  [48;2;1;1;3m[38;2;1;1;3m  [48;2;1;1;1m[38;2;1;1;1m  [48;2;16;11;15m[38;2;0;0;0m [48;2;202;197;201m[38;2;32;28;31m▅[48;2;231;229;231m[38;2;56;54;57m▁[48;2;243;242;244m[38;2;0;0;0m [48;2;241;241;243m[38;2;251;251;252m▅[48;2;251;251;252m[38;2;241;241;243m▃[48;2;211;206;210m[38;2;57;51;55m▁[48;2;57;51;55m[38;2;212;206;210m▁[48;2;147;141;143m[38;2;240;234;236m▊[48;2;106;100;102m[38;2;26;21;22m▊[48;2;248;248;250m[38;2;248;248;250m  [48;2;252;252;252m[38;2;238;238;240m│[48;2;124;124;126m[38;2;241;241;243m▊[48;2;15;13;16m[38;2;155;153;156m▁[48;2;8;6;9m[38;2;0;0;0m [48;2;1;1;1m[38;2;1;1;1m          [0m
[48;2;1;1;1m[38;2;1;1;1m                  [48;2;2;0;3m[38;2;2;0;3m    [48;2;3;1;6m[38;2;3;1;6m      [48;2;1;1;3m[38;2;1;1;3m  [48;2;1;1;1m[38;2;1;1;1m  [48;2;1;1;3m[38;2;1;1;3m  [48;2;4;2;7m[38;2;4;2;7m  [48;2;39;37;40m[38;2;227;225;228m▁[48;2;244;242;245m[38;2;214;212;215m▎[48;2;240;236;239m[38;2;0;0;0m [48;2;168;163;167m[38;2;59;54;58m━[48;2;75;74;76m[38;2;237;235;237m▅[48;2;231;230;232m[38;2;0;0;0m [48;2;215;211;214m[38;2;116;111;115m▆[48;2;69;65;68m[38;2;241;237;240m▅[48;2;249;249;251m[38;2;249;249;251m  [48;2;250;250;252m[38;2;250;250;252m  [48;2;118;116;119m[38;2;238;237;239m▊[48;2;20;18;21m[38;2;172;170;173m▁[48;2;1;1;3m[38;2;1;1;3m  [48;2;1;1;1m[38;2;1;1;1m        [0m
[48;2;4;2;10m[38;2;23;2;126m▂▂▂▂▂▂▂▂▂▂▂▂▂▂▂▂▂▂[48;2;5;3;12m[38;2;24;2;129m▂▂[48;2;4;2;10m[38;2;23;2;126m▂▂[48;2;5;3;12m[38;2;24;2;129m▂▂▂▂▂▂[48;2;5;3;11m[38;2;24;3;127m▂▂[48;2;4;2;10m[38;2;23;2;126m▂▂[48;2;4;2;11m[38;2;23;1;128m▂▂[48;2;8;3;11m[38;2;24;4;125m▂[48;2;30;23;43m[38;2;50;22;175m▁[48;2;255;255;255m[38;2;237;237;239m▌[48;2;253;253;254m[38;2;245;245;247m┃[48;2;250;250;252m[38;2;250;250;252m  [48;2;241;241;243m[38;2;251;251;252m▅[48;2;251;251;252m[38;2;241;241;243m▃[48;2;234;232;241m[38;2;47;24;167m▁▁[48;2;250;250;252m[38;2;250;250;252m    [48;2;251;251;252m[38;2;239;239;241m┛[48;2;128;128;130m[38;2;236;236;237m▊[48;2;21;19;28m[38;2;195;185;232m▁[48;2;6;3;21m[38;2;56;29;181m▁[48;2;4;2;10m[38;2;23;2;126m▂▂▂▂▂▂▂▂[0m
[48;2;38;3;183m[38;2;38;3;183m                                [48;2;39;4;184m[38;2;39;4;184m  [48;2;46;21;179m[38;2;204;199;219m▂[48;2;60;32;192m[38;2;226;222;238m▆[48;2;249;249;251m[38;2;249;249;251m  [48;2;250;250;252m[38;2;250;250;252m  [48;2;244;244;242m[38;2;0;0;0m [48;2;222;219;236m[38;2;67;48;172m▂[48;2;33;1;176m[38;2;46;11;189m▘[48;2;37;4;180m[38;2;76;41;219m▝[48;2;244;241;241m[38;2;66;43;183m▆[48;2;240;237;243m[38;2;100;80;190m▂[48;2;250;250;252m[38;2;250;250;252m    [48;2;94;71;185m[38;2;243;238;239m▊[48;2;36;6;187m[38;2;36;6;187m▄[48;2;38;3;183m[38;2;38;3;183m        [0m
[48;2;38;3;183m[38;2;38;3;183m                              [48;2;39;4;184m[38;2;39;4;184m  [48;2;49;23;182m[38;2;203;198;217m▂[48;2;58;32;190m[38;2;229;224;240m▆[48;2;249;249;251m[38;2;249;249;251m  [48;2;250;250;252m[38;2;250;250;252m  [48;2;248;248;250m[38;2;248;248;250m  [48;2;218;212;226m[38;2;65;39;178m▂[48;2;36;5;190m[38;2;71;45;187m▎[48;2;38;3;183m[38;2;38;3;183m  [48;2;30;0;171m[38;2;38;6;179m▊[48;2;36;6;177m[38;2;80;46;221m▝[48;2;231;228;232m[38;2;89;68;195m▆[48;2;246;245;242m[38;2;236;232;246m▎[48;2;250;250;252m[38;2;250;250;252m  [48;2;124;108;198m[38;2;239;236;240m▊[48;2;51;30;183m[38;2;184;172;234m▁[48;2;38;3;183m[38;2;38;3;183m        [0m
[48;2;38;3;185m[38;2;38;3;185m                            [48;2;38;3;183m[38;2;38;3;183m  [48;2;46;21;178m[38;2;214;210;227m▂[48;2;63;36;193m[38;2;230;226;240m▆[48;2;248;248;250m[38;2;248;248;250m  [48;2;249;249;251m[38;2;249;249;251m  [48;2;234;231;241m[38;2;55;31;179m▂[48;2;230;227;237m[38;2;49;24;173m▂[48;2;222;213;244m[38;2;36;9;176m▆[48;2;227;218;249m[38;2;42;13;181m▆[48;2;39;4;184m[38;2;39;4;184m  [48;2;38;3;185m[38;2;38;3;185m    [48;2;47;19;181m[38;2;0;0;0m [48;2;223;216;235m[38;2;70;47;190m▆[48;2;222;219;234m[38;2;72;58;176m▁[48;2;247;246;249m[38;2;0;0;0m [48;2;248;247;248m[38;2;241;242;224m▖[48;2;105;90;187m[38;2;231;228;241m▊[48;2;57;26;191m[38;2;192;181;220m▁[48;2;39;5;181m[38;2;42;9;181m▄[48;2;38;3;185m[38;2;38;3;185m      [0m
[48;2;38;3;185m[38;2;38;3;185m                            [48;2;37;3;190m[38;2;56;13;176m▗[48;2;40;6;169m[38;2;154;56;123m▂[48;2;211;199;211m[38;2;198;71;101m▆[48;2;239;228;231m[38;2;210;85;103m▂[48;2;246;245;250m[38;2;0;0;0m [48;2;230;229;233m[38;2;55;42;163m▂[48;2;215;206;237m[38;2;49;16;186m▆[48;2;209;200;231m[38;2;38;6;175m▆[48;2;39;4;184m[38;2;39;4;184m  [48;2;38;3;185m[38;2;38;3;185m          [48;2;46;18;182m[38;2;0;0;0m [48;2;221;214;234m[38;2;70;47;192m▆[48;2;239;234;238m[38;2;93;47;160m▂[48;2;244;236;242m[38;2;189;77;104m▂[48;2;67;24;179m[38;2;207;177;189m▊[48;2;43;6;204m[38;2;35;6;171m┃[48;2;38;3;185m[38;2;38;3;185m      [0m
[48;2;38;3;185m[38;2;38;3;185m                            [48;2;53;18;168m[38;2;33;1;190m▊[48;2;169;62;114m[38;2;41;18;160m▂[48;2;215;73;99m[38;2;215;73;99m  [48;2;113;92;189m[38;2;28;14;64m▃[48;2;37;8;164m[38;2;12;2;35m▂[48;2;38;5;184m[38;2;11;1;41m▃▃[48;2;39;5;187m[38;2;12;1;43m▃▃▃▃▃▃▃▃[48;2;36;3;183m[38;2;20;9;49m▃▃[48;2;39;5;187m[38;2;12;1;43m▃▃▃▃[48;2;64;17;159m[38;2;55;28;44m▂[48;2;220;70;84m[38;2;224;71;103m▚[48;2;48;19;147m[38;2;197;63;97m▊[48;2;20;0;180m[38;2;58;6;185m┃[48;2;38;3;185m[38;2;38;3;185m      [0m
[48;2;38;3;185m[38;2;38;3;185m                            [48;2;37;5;169m[38;2;41;3;197m┫[48;2;28;7;105m[38;2;28;7;105m▄[48;2;130;56;73m[38;2;18;9;6m▆[48;2;182;59;93m[38;2;23;9;9m▂[48;2;68;27;36m[38;2;192;69;104m━[48;2;17;5;4m[38;2;0;0;0m [48;2;1;1;1m[38;2;1;1;1m  [48;2;1;1;3m[38;2;1;1;3m  [48;2;1;1;1m[38;2;1;1;1m  [48;2;3;1;6m[38;2;3;1;6m    [48;2;1;1;3m[38;2;1;1;3m  [48;2;1;1;1m[38;2;1;1;1m  [48;2;3;7;5m[38;2;3;7;5m▄[48;2;19;5;7m[38;2;77;54;62m╺[48;2;162;57;79m[38;2;50;20;29m▃[48;2;165;54;68m[38;2;32;14;55m▂[48;2;127;35;84m[38;2;29;6;113m▆[48;2;33;7;207m[38;2;39;7;178m▊[48;2;38;3;185m[38;2;38;3;185m      [0m
[48;2;38;3;185m[38;2;38;3;185m                              [48;2;20;8;46m[38;2;39;6;182m▆▆[48;2;19;8;43m[38;2;38;5;179m▆▆[48;2;19;7;45m[38;2;38;5;181m▆▆[48;2;19;8;43m[38;2;38;5;179m▆▆▆▆▆▆▆▆[48;2;19;7;45m[38;2;38;5;181m▆▆▆▆[48;2;19;8;43m[38;2;38;5;179m▆▆[48;2;20;7;50m[38;2;39;5;185m▆[48;2;20;2;76m[38;2;39;6;176m▆[48;2;38;3;185m[38;2;38;3;185m        [0m
[48;2;40;2;185m[38;2;40;2;185m                                                            [0m
[48;2;40;2;185m[38;2;40;2;185m                                                            [0m
