[48;2;1;1;1m[38;2;1;1;1m                                                            [0m
[48;2;1;1;1m[38;2;1;1;1m                                                            [0m
[48;2;1;1;1m[38;2;1;1;1m                                                            [0m
[48;2;1;1;1m[38;2;1;1;1m                                                      [48;2;1;1;3m[38;2;1;1;3m  [48;2;1;1;1m[38;2;1;1;1m    [0m
[48;2;1;1;1m[38;2;1;1;1m                          [48;2;3;1;6m[38;2;3;1;6m  [48;2;1;1;3m[38;2;1;1;3m  [48;2;1;1;1m[38;2;1;1;1m        [48;2;3;1;4m[38;2;3;1;4m  [48;2;3;1;6m[38;2;3;1;6m  [48;2;3;1;4m[38;2;3;1;4m  [48;2;1;1;3m[38;2;1;1;3m  [48;2;1;1;1m[38;2;1;1;1m      [48;2;3;1;4m[38;2;3;1;4m  [48;2;3;1;6m[38;2;3;1;6m  [48;2;2;0;3m[38;2;2;0;3m  [48;2;1;1;1m[38;2;1;1;1m  [0m
[48;2;1;1;1m[38;2;1;1;1m                        [48;2;1;1;3m[38;2;1;1;3m  [48;2;3;1;6m[38;2;3;1;6m    [48;2;2;0;3m[38;2;2;0;3m  [48;2;1;1;3m[38;2;1;1;3m  [48;2;2;0;3m[38;2;2;0;3m  [48;2;1;1;3m[38;2;1;1;3m    [48;2;2;0;3m[38;2;2;0;3m  [48;2;3;1;6m[38;2;3;1;6m    [48;2;1;1;1m[38;2;1;1;1m    [48;2;3;1;6m[38;2;3;1;6m      [48;2;1;1;3m[38;2;1;1;3m  [48;2;1;1;1m[38;2;1;1;1m  [0m
[48;2;1;1;1m[38;2;1;1;1m                    [48;2;3;1;6m[38;2;3;1;6m    [48;2;3;1;4m[38;2;3;1;4m  [48;2;3;1;6m[38;2;3;1;6m    [48;2;2;0;3m[38;2;2;0;3m  [48;2;3;1;6m[38;2;3;1;6m        [48;2;1;1;3m[38;2;1;1;3m        [48;2;3;1;4m[38;2;3;1;4m  [48;2;3;1;6m[38;2;3;1;6m      [48;2;1;1;3m[38;2;1;1;3m  [48;2;1;1;1m[38;2;1;1;1m  [0m
[48;2;1;1;1m[38;2;1;1;1m                    [48;2;1;1;3m[38;2;1;1;3m  [48;2;3;1;6m[38;2;3;1;6m          [48;2;1;1;3m[38;2;1;1;3m  [48;2;3;1;4m[38;2;3;1;4m  [48;2;3;1;6m[38;2;3;1;6m  [48;2;2;0;3m[38;2;2;0;3m  [48;2;1;1;3m[38;2;1;1;3m        [48;2;3;1;4m[38;2;3;1;4m  [48;2;3;1;6m[38;2;3;1;6m        [48;2;3;1;4m[38;2;3;1;4m  [0m
[48;2;1;1;1m[38;2;1;1;1m                    [48;2;2;2;4m[38;2;2;2;4m  [48;2;3;1;4m[38;2;3;1;4m  [48;2;3;1;6m[38;2;3;1;6m              [48;2;2;0;3m[38;2;2;0;3m    [48;2;3;1;6m[38;2;3;1;6m    [48;2;3;1;4m[38;2;3;1;4m  [48;2;1;1;3m[38;2;1;1;3m    [48;2;3;1;4m[38;2;3;1;4m  [48;2;3;1;6m[38;2;3;1;6m    [48;2;1;1;3m[38;2;1;1;3m  [0m
[48;2;1;1;1m[38;2;1;1;1m                [48;2;2;0;3m[38;2;2;0;3m  [48;2;3;1;4m[38;2;3;1;4m  [48;2;2;0;3m[38;2;2;0;3m  [48;2;1;1;1m[38;2;1;1;1m  [48;2;1;1;3m[38;2;1;1;3m    [48;2;2;0;3m[38;2;2;0;3m  [48;2;3;1;6m[38;2;3;1;6m    [48;2;1;0;2m[38;2;63;61;64m▁▁[38;2;36;34;37m▂[48;2;5;4;6m[38;2;16;14;17m▁[48;2;2;0;3m[38;2;2;0;3m  [48;2;5;4;6m[38;2;15;13;16m▁[48;2;8;6;9m[38;2;72;70;73m▗[48;2;22;20;23m[38;2;235;233;236m▄▄[48;2;22;18;21m[38;2;204;200;203m▄[48;2;13;8;12m[38;2;61;56;60m▁[48;2;2;0;3m[38;2;2;0;3m  [48;2;3;1;4m[38;2;3;1;4m  [48;2;2;2;4m[38;2;2;2;4m  [48;2;1;1;1m[38;2;1;1;1m  [48;2;2;0;3m[38;2;2;0;3m  [48;2;3;1;6m[38;2;3;1;6m  [48;2;1;1;1m[38;2;1;1;1m  [0m
[48;2;1;1;1m[38;2;1;1;1m            [48;2;1;1;3m[38;2;1;1;3m  [48;2;3;1;6m[38;2;3;1;6m      [48;2;1;1;3m[38;2;1;1;3m  [48;2;1;1;1m[38;2;1;1;1m      [48;2;1;1;3m[38;2;1;1;3m  [48;2;1;0;2m[38;2;14;12;15m━[38;2;11;9;12m▂[48;2;24;22;25m[38;2;224;222;225m▄[48;2;41;39;42m[38;2;241;239;242m▄[48;2;223;221;224m[38;2;243;241;244m▆[48;2;234;232;235m[38;2;252;250;252m▆[48;2;234;233;235m[38;2;0;0;0m [48;2;34;32;35m[38;2;217;215;218m▄[48;2;6;4;7m[38;2;114;112;115m▁▁[48;2;127;122;126m[38;2;23;19;22m▊[48;2;245;242;245m[38;2;222;217;221m▎[48;2;248;246;248m[38;2;236;234;237m▁[48;2;252;250;252m[38;2;225;223;226m▂[48;2;247;243;245m[38;2;200;194;196m▁[48;2;225;220;222m[38;2;0;0;0m [48;2;25;24;26m[38;2;177;175;178m▄[48;2;1;0;2m[38;2;15;13;16m┛[48;2;3;1;6m[38;2;3;1;6m  [48;2;3;1;4m[38;2;3;1;4m  [48;2;3;1;6m[38;2;3;1;6m  [48;2;1;1;3m[38;2;1;1;3m  [48;2;1;1;1m[38;2;1;1;1m    [0m
[48;2;1;1;1m[38;2;1;1;1m            [48;2;3;1;6m[38;2;3;1;6m      [48;2;3;1;4m[38;2;3;1;4m  [48;2;1;1;3m[38;2;1;1;3m  [48;2;1;1;1m[38;2;1;1;1m    [48;2;3;1;6m[38;2;3;1;6m  [48;2;5;1;4m[38;2;10;5;9m▚[38;2;21;16;20m▃[48;2;43;39;42m[38;2;201;196;200m▄[48;2;240;236;240m[38;2;0;0;0m [48;2;255;255;255m[38;2;249;249;251m▄[48;2;238;238;239m[38;2;147;147;149m▁[48;2;220;218;220m[38;2;34;32;35m▄[48;2;241;239;241m[38;2;114;112;115m▁[48;2;250;250;252m[38;2;250;250;252m  [48;2;249;249;251m[38;2;249;249;251m  [48;2;255;254;255m[38;2;252;250;253m▘[48;2;246;244;247m[38;2;225;223;226m▗[48;2;237;201;201m[38;2;184;63;91m▄[48;2;184;62;91m[38;2;58;23;24m▄[48;2;212;65;99m[38;2;150;53;70m▗[48;2;167;64;83m[38;2;75;53;47m▄[48;2;35;30;34m[38;2;242;238;242m▄[48;2;29;24;28m[38;2;212;208;211m▄[48;2;8;6;9m[38;2;95;93;96m▁[48;2;5;4;6m[38;2;0;0;0m [48;2;1;1;3m[38;2;1;1;3m  [48;2;3;1;6m[38;2;3;1;6m    [48;2;1;1;3m[38;2;1;1;3m  [48;2;1;1;1m[38;2;1;1;1m  [0m
[48;2;1;1;1m[38;2;1;1;1m            [48;2;1;1;3m[38;2;1;1;3m  [48;2;3;1;6m[38;2;3;1;6m  [48;2;2;0;3m[38;2;2;0;3m  [48;2;1;1;1m[38;2;1;1;1m  [48;2;3;1;6m[38;2;3;1;6m    [48;2;1;1;1m[38;2;1;1;1m    [48;2;35;17;14m[38;2;156;52;77m▄[48;2;177;61;90m[38;2;41;18;16m▅[48;2;204;73;96m[38;2;133;46;54m▂[48;2;232;216;221m[38;2;45;30;36m▅[48;2;226;222;225m[38;2;26;21;25m▅[48;2;18;14;17m[38;2;0;0;0m [48;2;1;0;4m[38;2;3;1;6m▘[48;2;5;3;8m[38;2;41;39;44m▝[48;2;234;230;234m[38;2;45;40;44m▅[48;2;239;235;238m[38;2;117;112;116m▁[48;2;250;250;252m[38;2;250;250;252m  [48;2;253;248;252m[38;2;245;240;244m┃[48;2;227;222;226m[38;2;255;252;255m▌[48;2;213;71;97m[38;2;213;71;97m  [48;2;214;70;98m[38;2;224;100;122m▁[48;2;217;193;181m[38;2;221;88;113m▊[48;2;250;250;252m[38;2;250;250;252m  [48;2;225;223;226m[38;2;0;0;0m [48;2;12;11;13m[38;2;221;219;222m▅[48;2;41;36;40m[38;2;240;236;239m▄[48;2;37;32;36m[38;2;197;193;196m▄[48;2;9;8;10m[38;2;105;103;106m▁[48;2;6;4;7m[38;2;0;0;0m [48;2;3;1;6m[38;2;3;1;6m    [48;2;1;1;1m[38;2;1;1;1m  [0m
[48;2;1;1;1m[38;2;1;1;1m              [48;2;2;0;3m[38;2;2;0;3m  [48;2;1;1;3m[38;2;1;1;3m    [48;2;3;1;6m[38;2;3;1;6m  [48;2;3;1;4m[38;2;3;1;4m  [48;2;1;1;3m[38;2;1;1;3m  [48;2;1;1;1m[38;2;1;1;1m    [48;2;3;1;6m[38;2;3;1;6m      [48;2;2;1;3m[38;2;11;9;12m│[48;2;100;98;101m[38;2;9;8;10m▊[48;2;255;254;255m[38;2;238;236;239m▌[48;2;253;252;254m[38;2;246;244;247m┃[48;2;251;249;251m[38;2;241;239;242m▃[48;2;242;240;243m[38;2;252;250;252m▄[48;2;220;72;100m[38;2;238;231;233m▅▅[48;2;210;115;145m[38;2;242;243;243m▄[48;2;245;246;244m[38;2;0;0;0m [48;2;248;248;250m[38;2;248;248;250m  [48;2;245;243;245m[38;2;113;111;114m▁[48;2;243;241;243m[38;2;129;127;130m▁[48;2;250;250;252m[38;2;250;250;252m  [48;2;61;59;60m[38;2;231;229;230m▊[48;2;1;0;0m[38;2;15;13;14m│[48;2;2;0;3m[38;2;2;0;3m  [48;2;3;1;6m[38;2;3;1;6m  [48;2;2;0;3m[38;2;2;0;3m  [0m
[48;2;1;1;1m[38;2;1;1;1m                [48;2;3;1;4m[38;2;3;1;4m  [48;2;3;1;6m[38;2;3;1;6m  [48;2;2;0;3m[38;2;2;0;3m  [48;2;3;1;6m[38;2;3;1;6m  [48;2;2;0;3m[38;2;2;0;3m  [48;2;1;1;1m[38;2;1;1;1m    [48;2;3;1;6m[38;2;3;1;6m    [48;2;1;1;3m[38;2;1;1;3m  [48;2;2;0;1m[38;2;10;8;9m│[48;2;99;97;98m[38;2;9;7;8m▊[48;2;255;254;255m[38;2;238;236;239m▌[48;2;253;252;254m[38;2;246;244;247m┃[48;2;250;250;252m[38;2;250;250;252m      [48;2;243;241;243m[38;2;0;0;0m [48;2;80;78;81m[38;2;218;216;219m▊[48;2;103;98;104m[38;2;18;14;19m▊[48;2;76;72;77m[38;2;231;227;232m▅[48;2;251;251;252m[38;2;240;240;242m│[48;2;211;211;213m[38;2;0;0;0m [48;2;158;156;157m[38;2;20;18;19m▅[48;2;1;0;0m[38;2;3;1;2m▄[48;2;1;1;1m[38;2;1;1;1m  [48;2;1;1;3m[38;2;1;1;3m  [48;2;1;1;1m[38;2;1;1;1m  [0m
[48;2;1;1;1m[38;2;1;1;1m                    [48;2;0;0;0m[38;2;0;0;0m  [48;2;1;1;3m[38;2;1;1;3m  [48;2;1;1;1m[38;2;1;1;1m    [48;2;2;0;3m[38;2;2;0;3m  [48;2;1;1;3m[38;2;1;1;3m  [48;2;3;1;6m[38;2;3;1;6m  [48;2;1;1;1m[38;2;1;1;1m  [48;2;3;0;2m[38;2;22;17;21m▄[48;2;31;26;30m[38;2;126;121;125m▂[48;2;237;235;238m[38;2;145;143;146m▂[48;2;246;245;247m[38;2;0;0;0m [48;2;250;250;252m[38;2;250;250;252m    [48;2;241;241;243m[38;2;251;251;252m▅[48;2;251;251;252m[38;2;241;241;243m▃[48;2;95;90;94m[38;2;211;207;210m▊[48;2;3;0;2m[38;2;35;30;34m▎[48;2;27;25;24m[38;2;0;0;0m [48;2;229;220;223m[38;2;67;39;46m▅[48;2;239;233;225m[38;2;202;78;110m▅[48;2;189;180;173m[38;2;129;45;63m▅[48;2;1;1;1m[38;2;1;1;1m        [0m
[48;2;1;1;1m[38;2;1;1;1m                        [48;2;1;1;3m[38;2;1;1;3m  [48;2;3;1;6m[38;2;3;1;6m  [48;2;2;0;3m[38;2;2;0;3m    [48;2;3;1;6m[38;2;3;1;6m  [48;2;14;12;15m[38;2;4;3;5m▊[48;2;16;14;17m[38;2;0;0;0m [48;2;57;55;58m[38;2;228;226;229m▅[48;2;234;232;234m[38;2;0;0;0m [48;2;61;55;59m[38;2;215;209;213m▅[48;2;212;207;210m[38;2;84;79;82m▅[48;2;223;218;222m[38;2;64;59;63m▅[48;2;222;217;221m[38;2;27;22;26m▅[48;2;220;219;222m[38;2;21;19;24m▅▅[48;2;219;214;219m[38;2;69;64;70m▅[48;2;203;198;203m[38;2;68;63;69m▅[48;2;1;0;4m[38;2;7;5;10m▃[38;2;9;7;12m━[48;2;9;2;2m[38;2;11;17;15m▎[48;2;118;46;70m[38;2;14;7;8m▊[48;2;165;54;81m[38;2;142;42;66m▄[48;2;17;13;6m[38;2;95;29;40m▁[48;2;1;1;1m[38;2;1;1;1m        [0m
[48;2;1;1;1m[38;2;1;1;1m                    [48;2;2;0;3m[38;2;2;0;3m  [48;2;1;1;1m[38;2;1;1;1m  [48;2;3;1;6m[38;2;3;1;6m    [48;2;1;1;3m[38;2;1;1;3m  [48;2;2;0;3m[38;2;2;0;3m  [48;2;1;1;3m[38;2;1;1;3m  [48;2;1;0;2m[38;2;84;82;85m [48;2;49;47;50m[38;2;227;225;228m▅[48;2;248;248;250m[38;2;248;248;250m  [48;2;250;250;252m[38;2;250;250;252m  [48;2;235;233;235m[38;2;0;0;0m [48;2;47;46;48m[38;2;234;232;234m▅[48;2;30;25;28m[38;2;167;161;165m▅[48;2;35;29;33m[38;2;181;175;179m▁[48;2;167;165;168m[38;2;30;28;31m┓[48;2;247;245;248m[38;2;0;0;0m [48;2;125;120;124m[38;2;241;237;240m▊[48;2;22;17;21m[38;2;138;133;137m▁[48;2;2;0;3m[38;2;2;0;3m  [48;2;20;6;6m[38;2;0;0;0m [48;2;147;54;81m[38;2;15;8;6m▅[48;2;1;1;1m[38;2;1;1;1m        [0m
[48;2;1;1;1m[38;2;1;1;1m                  [48;2;1;1;3m[38;2;1;1;3m  [48;2;2;0;3m[38;2;2;0;3m  [48;2;1;1;3m[38;2;1;1;3m  [48;2;3;1;6m[38;2;3;1;6m    [48;2;2;0;3m[38;2;2;0;3m  [48;2;1;1;3m[38;2;1;1;3m  [48;2;1;1;1m[38;2;1;1;1m  [48;2;16;11;15m[38;2;0;0;0m [48;2;207;203;206m[38;2;32;28;31m▅[48;2;247;247;249m[38;2;247;247;249m  [48;2;250;250;252m[38;2;250;250;252m  [48;2;252;251;254m[38;2;244;243;248m┃[48;2;152;151;156m[38;2;243;242;246m▊[48;2;117;112;116m[38;2;23;18;22m▊[48;2;158;153;157m[38;2;236;232;235m▊[48;2;131;129;132m[38;2;23;21;24m▊[48;2;249;247;250m[38;2;255;254;255m┃[48;2;252;252;252m[38;2;238;238;240m│[48;2;124;124;126m[38;2;241;241;243m▊[48;2;15;13;16m[38;2;155;153;156m▁[48;2;8;6;9m[38;2;0;0;0m [48;2;1;1;1m[38;2;1;1;1m          [0m
[48;2;1;1;1m[38;2;1;1;1m                  [48;2;2;0;3m[38;2;2;0;3m    [48;2;3;1;6m[38;2;3;1;6m      [48;2;1;1;3m[38;2;1;1;3m  [48;2;1;1;1m[38;2;1;1;1m  [48;2;1;1;3m[38;2;1;1;3m  [48;2;1;0;4m[38;2;7;5;10m▂[48;2;8;6;11m[38;2;21;19;24m▝[48;2;206;204;207m[38;2;30;29;31m▅[48;2;249;247;250m[38;2;221;219;221m▎[48;2;246;246;248m[38;2;246;246;248m▄[48;2;216;216;218m[38;2;247;247;248m▊[48;2;207;203;207m[38;2;93;88;92m▅[48;2;196;192;195m[38;2;99;94;98m▅[48;2;76;70;74m[38;2;221;215;219m▅[48;2;177;171;175m[38;2;87;81;85m┳[48;2;77;75;78m[38;2;238;237;239m▅[48;2;249;247;250m[38;2;255;254;255m┫[48;2;250;250;252m[38;2;250;250;252m  [48;2;118;116;119m[38;2;238;237;239m▊[48;2;20;18;21m[38;2;172;170;173m▁[48;2;1;1;3m[38;2;1;1;3m  [48;2;1;1;1m[38;2;1;1;1m        [0m
[48;2;4;2;10m[38;2;23;2;126m▂▂▂▂▂▂▂▂▂▂▂▂▂▂▂▂▂▂[48;2;5;3;12m[38;2;24;2;129m▂▂[48;2;4;2;10m[38;2;23;2;126m▂▂[48;2;5;3;12m[38;2;24;2;129m▂▂▂▂▂▂[48;2;5;3;11m[38;2;24;3;127m▂▂[48;2;4;2;10m[38;2;23;2;126m▂▂[48;2;4;2;11m[38;2;23;1;128m▂▂[48;2;10;6;13m[38;2;30;6;131m▂[48;2;18;13;20m[38;2;36;13;137m▂[48;2;59;58;60m[38;2;241;240;242m▅[48;2;243;242;244m[38;2;0;0;0m [48;2;250;250;252m[38;2;250;250;252m    [48;2;243;242;246m[38;2;0;0;0m [48;2;234;232;237m[38;2;50;33;172m▁[48;2;231;228;240m[38;2;68;51;155m▁[48;2;246;245;247m[38;2;0;0;0m [48;2;250;250;252m[38;2;250;250;252m  [48;2;249;249;250m[38;2;239;239;241m╷[48;2;230;230;232m[38;2;0;0;0m [48;2;19;20;15m[38;2;176;172;189m▆[48;2;5;3;19m[38;2;50;24;174m▁[48;2;4;2;10m[38;2;23;2;126m▂▂▂▂▂▂▂▂[0m
[48;2;38;3;183m[38;2;38;3;183m                                [48;2;41;8;180m[38;2;0;0;0m [48;2;42;10;187m[38;2;195;181;232m▂[48;2;43;18;176m[38;2;216;212;231m▂[48;2;49;22;181m[38;2;229;225;240m▆[48;2;249;249;251m[38;2;249;249;251m  [48;2;250;250;252m[38;2;250;250;252m  [48;2;237;236;241m[38;2;247;246;250m▊[48;2;204;203;208m[38;2;248;247;251m▊[48;2;203;192;229m[38;2;52;24;181m▆[48;2;39;8;183m[38;2;0;0;0m [48;2;42;14;176m [48;2;244;237;251m[38;2;71;46;191m▆[48;2;244;242;246m[38;2;105;90;181m▂[48;2;243;242;245m[38;2;0;0;0m [48;2;250;250;252m[38;2;250;250;252m  [48;2;234;230;243m[38;2;0;0;0m [48;2;85;67;182m[38;2;226;221;233m┓[48;2;38;3;183m[38;2;38;3;183m        [0m
[48;2;38;3;183m[38;2;38;3;183m                              [48;2;38;7;184m[38;2;0;0;0m [48;2;48;16;180m[38;2;208;197;233m▂[48;2;53;39;173m[38;2;229;226;242m▆[48;2;243;243;244m[38;2;0;0;0m [48;2;250;250;252m[38;2;250;250;252m    [48;2;242;240;247m[38;2;0;0;0m [48;2;240;239;240m[38;2;88;67;195m▂[48;2;226;222;236m[38;2;65;38;195m▂[48;2;211;207;224m[38;2;51;25;182m▆[48;2;38;3;183m[38;2;38;3;183m    [48;2;43;13;185m[38;2;0;0;0m [48;2;234;230;237m[38;2;73;50;182m▆[48;2;229;226;239m[38;2;88;71;176m▁[48;2;246;245;250m[38;2;0;0;0m [48;2;251;250;249m[38;2;240;237;251m┏[48;2;231;230;234m[38;2;0;0;0m [48;2;53;23;197m[38;2;201;191;226m▆[48;2;56;30;183m[38;2;194;184;224m▁[48;2;38;3;183m[38;2;38;3;183m      [0m
[48;2;38;3;185m[38;2;38;3;185m                          [48;2;38;3;183m[38;2;38;3;183m  [48;2;47;23;180m[38;2;201;196;215m▂[48;2;56;32;188m[38;2;227;223;239m▆[48;2;66;49;179m[38;2;238;238;237m▆[48;2;246;244;246m[38;2;0;0;0m [48;2;250;250;252m[38;2;250;250;252m  [48;2;244;242;249m[38;2;0;0;0m [48;2;237;236;239m[38;2;64;48;172m▂[48;2;227;223;239m[38;2;30;12;163m▂[48;2;228;224;243m[38;2;50;24;183m▆[48;2;197;183;232m[38;2;44;12;187m▆[48;2;43;10;180m[38;2;0;0;0m [48;2;38;3;185m[38;2;38;3;185m        [48;2;45;17;181m[38;2;0;0;0m [48;2;220;210;242m[38;2;69;47;187m▆[48;2;222;219;233m[38;2;76;63;179m▁[48;2;248;246;248m[38;2;0;0;0m [48;2;249;248;249m[38;2;237;236;242m╺[48;2;231;230;234m[38;2;0;0;0m [48;2;86;62;193m[38;2;207;198;223m▅[48;2;45;16;184m[38;2;178;165;216m▂[48;2;38;3;185m[38;2;38;3;185m    [0m
[48;2;38;3;185m[38;2;38;3;185m                            [48;2;217;212;215m[38;2;185;76;113m▂[48;2;246;239;249m[38;2;0;0;0m [48;2;246;245;249m [48;2;238;238;238m[38;2;76;57;181m▂[48;2;232;229;239m[38;2;53;29;178m▂[48;2;226;220;244m[38;2;43;21;179m▆[48;2;196;182;232m[38;2;43;11;186m▆[48;2;42;10;179m[38;2;0;0;0m [48;2;38;3;185m[38;2;38;3;185m              [48;2;148;136;200m[38;2;45;18;190m▊[48;2;236;233;238m[38;2;106;91;181m▂[48;2;250;250;252m[38;2;250;250;252m  [48;2;249;246;255m[38;2;251;252;244m┃[48;2;51;28;171m[38;2;228;226;234m▊[48;2;38;3;185m[38;2;38;3;185m    [0m
[48;2;38;3;185m[38;2;38;3;185m                            [48;2;214;72;93m[38;2;134;40;137m▎[48;2;237;184;186m[38;2;215;78;108m▆[48;2;202;194;237m[38;2;106;45;138m▆[48;2;44;9;160m[38;2;36;17;45m▂[48;2;36;3;185m[38;2;20;8;51m▃▃[48;2;38;5;184m[38;2;11;1;41m▃▃[48;2;39;5;187m[38;2;12;1;43m▃▃▃▃▃▃[48;2;36;3;183m[38;2;20;9;49m▃▃[48;2;35;3;182m[38;2;19;8;48m▃▃[48;2;39;5;187m[38;2;12;1;43m▃▃▃▃[48;2;47;4;181m[38;2;18;10;50m▃[48;2;176;97;130m[38;2;36;14;127m▊[48;2;225;200;212m[38;2;220;92;117m▅[48;2;245;233;233m[38;2;196;74;89m▂[48;2;198;184;214m[38;2;142;63;121m▂[48;2;155;154;224m[38;2;46;15;182m▆[48;2;38;3;185m[38;2;38;3;185m    [0m
[48;2;38;3;185m[38;2;38;3;185m                          [48;2;38;6;170m[38;2;42;4;198m┫[48;2;29;7;106m[38;2;29;7;106m▄[48;2;128;52;83m[38;2;20;8;16m▆[48;2;182;61;84m[38;2;26;13;6m▂[48;2;197;65;96m[38;2;25;15;10m▂[48;2;152;44;67m[38;2;16;21;6m▂[48;2;67;29;38m[38;2;186;64;101m━[48;2;16;4;5m[38;2;0;0;0m [48;2;1;1;1m[38;2;1;1;1m  [48;2;1;1;3m[38;2;1;1;3m  [48;2;1;1;1m[38;2;1;1;1m  [48;2;3;1;6m[38;2;3;1;6m    [48;2;1;1;3m[38;2;1;1;3m  [48;2;1;1;1m[38;2;1;1;1m    [48;2;27;17;16m[38;2;0;0;0m [48;2;148;44;74m[38;2;91;30;45m▄[48;2;219;76;99m[38;2;45;13;22m▃▃[48;2;81;23;69m[38;2;202;80;84m▘[48;2;34;11;161m[38;2;23;12;78m┛[48;2;38;3;185m[38;2;38;3;185m    [0m
[48;2;38;3;185m[38;2;38;3;185m                            [48;2;20;8;47m[38;2;39;5;183m▆▆[48;2;19;7;45m[38;2;38;5;181m▆▆[48;2;19;8;43m[38;2;38;5;179m▆▆[48;2;19;7;45m[38;2;38;5;181m▆▆[48;2;19;8;43m[38;2;38;5;179m▆▆▆▆▆▆▆▆[48;2;19;7;45m[38;2;38;5;181m▆▆▆▆▆▆▆▆▆▆[48;2;37;16;109m[38;2;37;3;178m▆[48;2;37;1;184m[38;2;37;3;172m▘[48;2;38;3;185m[38;2;38;3;185m    [0m
[48;2;40;2;185m[38;2;40;2;185m                                                            [0m
[48;2;40;2;185m[38;2;40;2;185m                                                            [0m
