[48;2;1;1;1m[38;2;1;1;1m                                                            [0m
[48;2;1;1;1m[38;2;1;1;1m                                                            [0m
[48;2;1;1;1m[38;2;1;1;1m                                                            [0m
[48;2;1;1;1m[38;2;1;1;1m                                                      [48;2;1;1;3m[38;2;1;1;3m  [48;2;1;1;1m[38;2;1;1;1m    [0m
[48;2;1;1;1m[38;2;1;1;1m                          [48;2;3;1;6m[38;2;3;1;6m  [48;2;1;1;3m[38;2;1;1;3m  [48;2;1;1;1m[38;2;1;1;1m        [48;2;3;1;4m[38;2;3;1;4m  [48;2;3;1;6m[38;2;3;1;6m  [48;2;3;1;4m[38;2;3;1;4m  [48;2;1;1;3m[38;2;1;1;3m  [48;2;1;1;1m[38;2;1;1;1m      [48;2;3;1;4m[38;2;3;1;4m  [48;2;3;1;6m[38;2;3;1;6m  [48;2;2;0;3m[38;2;2;0;3m  [48;2;1;1;1m[38;2;1;1;1m  [0m
[48;2;1;1;1m[38;2;1;1;1m                        [48;2;1;1;3m[38;2;1;1;3m  [48;2;3;1;6m[38;2;3;1;6m    [48;2;2;0;3m[38;2;2;0;3m  [48;2;1;1;3m[38;2;1;1;3m  [48;2;2;0;3m[38;2;2;0;3m  [48;2;1;1;3m[38;2;1;1;3m    [48;2;2;0;3m[38;2;2;0;3m  [48;2;3;1;6m[38;2;3;1;6m    [48;2;1;1;1m[38;2;1;1;1m    [48;2;3;1;6m[38;2;3;1;6m      [48;2;1;1;3m[38;2;1;1;3m  [48;2;1;1;1m[38;2;1;1;1m  [0m
[48;2;1;1;1m[38;2;1;1;1m                    [48;2;3;1;6m[38;2;3;1;6m    [48;2;3;1;4m[38;2;3;1;4m  [48;2;3;1;6m[38;2;3;1;6m    [48;2;2;0;3m[38;2;2;0;3m  [48;2;3;1;6m[38;2;3;1;6m        [48;2;1;1;3m[38;2;1;1;3m        [48;2;3;1;4m[38;2;3;1;4m  [48;2;3;1;6m[38;2;3;1;6m      [48;2;1;1;3m[38;2;1;1;3m  [48;2;1;1;1m[38;2;1;1;1m  [0m
[48;2;1;1;1m[38;2;1;1;1m                    [48;2;1;1;3m[38;2;1;1;3m  [48;2;3;1;6m[38;2;3;1;6m          [48;2;1;1;3m[38;2;1;1;3m  [48;2;3;1;4m[38;2;3;1;4m  [48;2;3;1;6m[38;2;3;1;6m  [48;2;2;0;3m[38;2;2;0;3m  [48;2;1;1;3m[38;2;1;1;3m        [48;2;3;1;4m[38;2;3;1;4m  [48;2;3;1;6m[38;2;3;1;6m        [48;2;3;1;4m[38;2;3;1;4m  [0m
[48;2;1;1;1m[38;2;1;1;1m                    [48;2;2;2;4m[38;2;2;2;4m  [48;2;3;1;4m[38;2;3;1;4m  [48;2;3;1;6m[38;2;3;1;6m              [48;2;2;0;3m[38;2;2;0;3m    [48;2;3;1;6m[38;2;3;1;6m    [48;2;3;1;4m[38;2;3;1;4m  [48;2;1;1;3m[38;2;1;1;3m    [48;2;3;1;4m[38;2;3;1;4m  [48;2;3;1;6m[38;2;3;1;6m    [48;2;1;1;3m[38;2;1;1;3m  [0m
[48;2;1;1;1m[38;2;1;1;1m                [48;2;2;0;3m[38;2;2;0;3m  [48;2;3;1;4m[38;2;3;1;4m  [48;2;2;0;3m[38;2;2;0;3m  [48;2;1;1;1m[38;2;1;1;1m  [48;2;1;1;3m[38;2;1;1;3m    [48;2;2;0;3m[38;2;2;0;3m  [48;2;3;1;6m[38;2;3;1;6m  [48;2;1;0;4m[38;2;63;61;66m▁▁[48;2;1;0;2m[38;2;36;34;37m▂[48;2;5;4;6m[38;2;16;14;17m▁[48;2;1;1;3m[38;2;1;1;3m  [48;2;3;1;4m[38;2;3;1;4m  [48;2;11;10;12m[38;2;81;79;82m▗[48;2;21;20;22m[38;2;226;224;227m▄[48;2;27;25;28m[38;2;232;230;233m▄[48;2;16;14;17m[38;2;208;207;209m▄[48;2;6;4;7m[38;2;25;23;26m▃[48;2;1;0;2m[38;2;2;0;3m▖[48;2;2;0;3m  [48;2;3;1;4m[38;2;3;1;4m  [48;2;2;2;4m[38;2;2;2;4m  [48;2;1;1;1m[38;2;1;1;1m  [48;2;2;0;3m[38;2;2;0;3m  [48;2;3;1;6m[38;2;3;1;6m  [48;2;1;1;1m[38;2;1;1;1m  [0m
[48;2;1;1;1m[38;2;1;1;1m            [48;2;1;1;3m[38;2;1;1;3m  [48;2;3;1;6m[38;2;3;1;6m      [48;2;1;1;3m[38;2;1;1;3m  [48;2;1;1;1m[38;2;1;1;1m      [48;2;1;1;3m[38;2;1;1;3m  [48;2;12;10;13m[38;2;0;0;0m [48;2;33;31;34m[38;2;208;206;209m▄[48;2;220;218;221m[38;2;246;244;247m▅[48;2;238;236;239m[38;2;248;246;249m▇[48;2;234;232;235m[38;2;0;0;0m [48;2;42;40;43m[38;2;239;237;239m▄[48;2;21;19;22m[38;2;218;217;219m▄[48;2;15;14;16m[38;2;103;101;104m▁[48;2;8;6;9m[38;2;105;103;106m▁[48;2;25;24;26m[38;2;122;120;123m▁[48;2;247;247;249m[38;2;229;229;231m▌[48;2;245;245;247m[38;2;254;254;255m▌[48;2;250;245;247m[38;2;210;204;206m▁▁[48;2;229;225;228m[38;2;181;175;179m▁[48;2;31;26;29m[38;2;187;182;186m▄[48;2;1;1;3m[38;2;1;1;3m  [48;2;3;1;6m[38;2;3;1;6m  [48;2;3;1;4m[38;2;3;1;4m  [48;2;3;1;6m[38;2;3;1;6m  [48;2;1;1;3m[38;2;1;1;3m  [48;2;1;1;1m[38;2;1;1;1m    [0m
[48;2;1;1;1m[38;2;1;1;1m            [48;2;3;1;6m[38;2;3;1;6m      [48;2;3;1;4m[38;2;3;1;4m  [48;2;1;1;3m[38;2;1;1;3m  [48;2;1;1;1m[38;2;1;1;1m    [48;2;3;1;6m[38;2;3;1;6m  [48;2;1;1;3m[38;2;1;1;3m  [48;2;31;29;32m[38;2;6;5;7m▊[48;2;228;227;229m[38;2;151;149;152m▎[48;2;238;229;233m[38;2;214;78;102m▄▄[48;2;245;243;245m[38;2;146;144;147m▁[48;2;246;245;247m[38;2;0;0;0m [48;2;249;249;251m[38;2;249;249;251m    [48;2;243;237;235m[38;2;0;0;0m [48;2;231;205;209m[38;2;175;65;97m▄[48;2;183;63;88m[38;2;60;21;21m▄[48;2;214;64;99m[38;2;159;53;73m▗[48;2;163;55;87m[38;2;64;57;55m▄[48;2;47;37;36m[38;2;239;232;232m▄[48;2;31;29;32m[38;2;204;202;204m▄[48;2;14;12;15m[38;2;106;104;107m▁[48;2;2;0;3m[38;2;2;0;3m  [48;2;1;1;3m[38;2;1;1;3m  [48;2;3;1;6m[38;2;3;1;6m    [48;2;1;1;3m[38;2;1;1;3m  [48;2;1;1;1m[38;2;1;1;1m  [0m
[48;2;1;1;1m[38;2;1;1;1m            [48;2;1;1;3m[38;2;1;1;3m  [48;2;3;1;6m[38;2;3;1;6m  [48;2;2;0;3m[38;2;2;0;3m  [48;2;1;1;1m[38;2;1;1;1m  [48;2;3;1;6m[38;2;3;1;6m    [48;2;1;1;1m[38;2;1;1;1m      [48;2;3;1;4m[38;2;3;1;4m  [48;2;194;63;86m[38;2;24;11;15m▅▅[48;2;16;11;15m[38;2;0;0;0m [48;2;225;221;224m[38;2;45;40;44m▅[48;2;238;236;239m[38;2;137;135;138m▁[48;2;248;246;248m[38;2;0;0;0m [48;2;250;250;252m[38;2;250;250;252m  [48;2;226;181;188m[38;2;246;244;246m▊[48;2;218;93;112m[38;2;211;57;85m┃[48;2;214;72;98m[38;2;214;72;98m  [48;2;239;176;185m[38;2;216;94;113m▊[48;2;242;244;249m[38;2;242;234;232m▎[48;2;247;247;248m[38;2;0;0;0m [48;2;230;230;231m [48;2;10;9;11m[38;2;221;219;222m▅▅[48;2;35;30;34m[38;2;206;201;205m▄[48;2;12;8;11m[38;2;145;140;144m▁[48;2;9;8;10m[38;2;105;103;106m▁[48;2;6;4;7m[38;2;0;0;0m [48;2;3;1;6m[38;2;3;1;6m    [48;2;1;1;1m[38;2;1;1;1m  [0m
[48;2;1;1;1m[38;2;1;1;1m              [48;2;2;0;3m[38;2;2;0;3m  [48;2;1;1;3m[38;2;1;1;3m    [48;2;3;1;6m[38;2;3;1;6m  [48;2;3;1;4m[38;2;3;1;4m  [48;2;1;1;3m[38;2;1;1;3m  [48;2;1;1;1m[38;2;1;1;1m    [48;2;3;1;6m[38;2;3;1;6m      [48;2;60;58;61m[38;2;8;6;9m▊[48;2;231;230;232m[38;2;131;129;132m▁[48;2;250;250;252m[38;2;250;250;252m  [48;2;244;238;236m[38;2;0;0;0m [48;2;190;79;112m[38;2;243;228;230m▅[48;2;198;70;92m[38;2;239;229;232m▅[48;2;222;94;116m[38;2;244;233;236m▅[48;2;250;250;252m[38;2;250;250;252m  [48;2;248;248;250m[38;2;248;248;250m  [48;2;245;243;245m[38;2;113;111;114m▁[48;2;243;241;243m[38;2;129;127;130m▁[48;2;250;250;252m[38;2;250;250;252m  [48;2;218;216;219m[38;2;0;0;0m [48;2;40;39;41m[38;2;190;188;190m▄[48;2;1;0;2m[38;2;158;156;159m▁[48;2;6;5;7m[38;2;0;0;0m [48;2;3;1;6m[38;2;3;1;6m  [48;2;2;0;3m[38;2;2;0;3m  [0m
[48;2;1;1;1m[38;2;1;1;1m                [48;2;3;1;4m[38;2;3;1;4m  [48;2;3;1;6m[38;2;3;1;6m  [48;2;2;0;3m[38;2;2;0;3m  [48;2;3;1;6m[38;2;3;1;6m  [48;2;2;0;3m[38;2;2;0;3m  [48;2;1;1;1m[38;2;1;1;1m    [48;2;3;1;6m[38;2;3;1;6m    [48;2;1;1;3m[38;2;1;1;3m  [48;2;2;0;1m[38;2;10;8;9m│[48;2;99;97;98m[38;2;9;7;8m▊[48;2;255;254;255m[38;2;238;236;239m▌[48;2;253;252;254m[38;2;246;244;247m┃[48;2;250;250;252m[38;2;250;250;252m    [48;2;248;248;250m[38;2;248;248;250m  [48;2;217;213;217m[38;2;67;62;66m▁[48;2;193;189;193m[38;2;22;18;21m▅[48;2;1;0;2m[38;2;11;9;12m▎[38;2;156;154;157m [48;2;233;229;232m[38;2;30;26;29m▅[48;2;203;199;203m[38;2;54;49;53m▄[48;2;240;238;241m[38;2;138;136;139m▁[48;2;247;246;248m[38;2;0;0;0m [48;2;221;216;220m [48;2;43;39;42m[38;2;189;184;188m▄[48;2;15;14;16m[38;2;95;93;96m▁[48;2;1;0;2m[38;2;6;4;7m▗[48;2;1;1;1m[38;2;1;1;1m  [0m
[48;2;1;1;1m[38;2;1;1;1m                    [48;2;0;0;0m[38;2;0;0;0m  [48;2;1;1;3m[38;2;1;1;3m  [48;2;1;1;1m[38;2;1;1;1m    [48;2;2;0;3m[38;2;2;0;3m  [48;2;1;1;3m[38;2;1;1;3m  [48;2;3;1;6m[38;2;3;1;6m  [48;2;1;1;1m[38;2;1;1;1m  [48;2;51;47;50m[38;2;12;8;11m▊[48;2;51;46;50m[38;2;202;197;201m▅[48;2;229;225;228m[38;2;94;89;93m▅[48;2;232;228;231m[38;2;99;94;98m▁[48;2;250;250;252m[38;2;250;250;252m    [48;2;244;243;245m[38;2;0;0;0m [48;2;204;202;205m[38;2;88;86;89m▁[48;2;2;0;3m[38;2;2;0;3m  [48;2;1;1;1m[38;2;1;1;1m    [48;2;29;28;28m[38;2;0;0;0m [48;2;205;203;204m[38;2;61;59;60m▄[48;2;240;232;234m[38;2;70;58;60m▁[48;2;214;190;197m[38;2;0;0;0m [48;2;207;105;129m[38;2;117;73;78m▝[48;2;41;19;17m[38;2;159;60;83m▖[48;2;1;1;1m[38;2;1;1;1m  [0m
[48;2;1;1;1m[38;2;1;1;1m                        [48;2;1;1;3m[38;2;1;1;3m  [48;2;3;1;6m[38;2;3;1;6m  [48;2;2;0;3m[38;2;2;0;3m    [48;2;3;1;6m[38;2;3;1;6m  [48;2;14;12;15m[38;2;4;3;5m▊[48;2;16;14;17m[38;2;0;0;0m [48;2;53;51;54m[38;2;226;224;227m▅[48;2;245;243;245m[38;2;0;0;0m [48;2;237;235;238m [48;2;66;64;67m[38;2;225;223;226m▅[48;2;210;206;210m[38;2;69;64;68m▅[48;2;225;221;224m[38;2;24;20;23m▅[48;2;220;219;222m[38;2;21;19;24m▅▅[48;2;169;164;168m[38;2;103;98;102m▄[48;2;36;31;35m[38;2;230;225;229m▅[48;2;25;21;24m[38;2;207;203;206m▅[48;2;19;15;18m[38;2;150;145;149m▁[48;2;1;1;3m[38;2;1;1;3m  [48;2;1;1;1m[38;2;1;1;1m    [48;2;2;6;3m[38;2;0;0;0m [48;2;14;3;4m[38;2;77;25;40m▝[48;2;67;22;27m[38;2;181;56;87m▘[48;2;21;15;8m[38;2;157;56;78m▅[48;2;55;19;26m[38;2;179;58;94m╸[48;2;9;7;3m[38;2;0;0;0m [0m
[48;2;1;1;1m[38;2;1;1;1m                    [48;2;2;0;3m[38;2;2;0;3m  [48;2;1;1;1m[38;2;1;1;1m  [48;2;3;1;6m[38;2;3;1;6m    [48;2;1;1;3m[38;2;1;1;3m  [48;2;2;0;3m[38;2;2;0;3m  [48;2;1;1;3m[38;2;1;1;3m  [48;2;10;6;9m[38;2;0;0;0m [48;2;36;32;35m[38;2;182;177;181m▁[48;2;249;249;251m[38;2;231;231;233m▌[38;2;255;255;255m▌[48;2;250;250;252m[38;2;250;250;252m  [48;2;152;146;150m[38;2;246;241;245m▊[48;2;67;61;65m[38;2;24;19;22m▊[48;2;34;28;30m[38;2;212;207;209m▅[48;2;46;41;42m[38;2;191;185;187m▁[48;2;233;231;234m[38;2;100;98;101m▁[48;2;255;253;255m[38;2;255;254;255m╏[48;2;255;255;255m[38;2;245;245;247m│[48;2;124;124;126m[38;2;242;242;244m▊[48;2;13;11;14m[38;2;152;150;153m▁[48;2;6;4;7m[38;2;0;0;0m [48;2;1;1;1m[38;2;1;1;1m          [0m
[48;2;1;1;1m[38;2;1;1;1m                  [48;2;1;1;3m[38;2;1;1;3m  [48;2;2;0;3m[38;2;2;0;3m  [48;2;1;1;3m[38;2;1;1;3m  [48;2;3;1;6m[38;2;3;1;6m    [48;2;2;0;3m[38;2;2;0;3m  [48;2;1;1;3m[38;2;1;1;3m  [48;2;1;1;1m[38;2;1;1;1m  [48;2;67;65;68m[38;2;7;5;8m▊[48;2;250;248;251m[38;2;191;189;192m▎[48;2;250;250;252m[38;2;250;250;252m    [48;2;239;235;238m[38;2;0;0;0m [48;2;76;71;75m[38;2;213;209;213m▅[48;2;214;209;213m[38;2;53;49;52m▅[48;2;159;154;158m[38;2;240;236;239m▊[48;2;130;128;131m[38;2;22;20;23m▊[48;2;252;251;253m[38;2;225;223;226m▎[48;2;250;250;252m[38;2;250;250;252m  [48;2;87;85;88m[38;2;239;237;240m▊[48;2;1;0;2m[38;2;10;8;11m│[48;2;1;1;1m[38;2;1;1;1m          [0m
[48;2;1;1;1m[38;2;1;1;1m                  [48;2;2;0;3m[38;2;2;0;3m    [48;2;3;1;6m[38;2;3;1;6m      [48;2;1;1;3m[38;2;1;1;3m  [48;2;1;1;1m[38;2;1;1;1m  [48;2;4;3;5m[38;2;14;12;15m╵[48;2;35;33;36m[38;2;6;4;7m▊[48;2;54;52;55m[38;2;234;232;234m▅[48;2;243;241;243m[38;2;0;0;0m [48;2;250;250;252m[38;2;250;250;252m  [48;2;248;248;250m[38;2;248;248;250m  [48;2;219;215;218m[38;2;24;19;23m▁[48;2;182;178;181m[38;2;21;17;20m▅[48;2;126;121;125m[38;2;15;10;14m▊[48;2;169;164;168m[38;2;240;235;239m▊[48;2;66;64;67m[38;2;236;235;237m▁[48;2;247;246;248m[38;2;226;224;227m▎[48;2;250;250;252m[38;2;250;250;252m  [48;2;233;231;233m[38;2;0;0;0m [48;2;80;78;81m[38;2;225;223;225m┓[48;2;1;1;1m[38;2;1;1;1m          [0m
[48;2;4;2;10m[38;2;23;2;126m▂▂▂▂▂▂▂▂▂▂▂▂▂▂▂▂▂▂[48;2;5;3;12m[38;2;24;2;129m▂▂[48;2;4;2;10m[38;2;23;2;126m▂▂[48;2;5;3;12m[38;2;24;2;129m▂▂▂▂▂▂[48;2;5;3;11m[38;2;24;3;127m▂▂[48;2;4;2;10m[38;2;23;2;126m▂▂[48;2;13;11;14m[38;2;36;17;133m▂[48;2;40;42;27m[38;2;208;204;218m▆[48;2;248;248;250m[38;2;248;248;250m  [48;2;250;250;252m[38;2;250;250;252m  [48;2;244;242;243m[38;2;229;226;240m╴[48;2;210;208;221m[38;2;47;31;153m▁[48;2;15;10;18m[38;2;35;11;136m▂[48;2;6;1;9m[38;2;24;1;125m▂[48;2;22;16;37m[38;2;54;24;180m▁[48;2;209;203;213m[38;2;38;25;81m▅[48;2;231;228;240m[38;2;71;55;158m▁[48;2;245;245;247m[38;2;0;0;0m [48;2;250;250;252m[38;2;250;250;252m  [48;2;251;251;252m[38;2;239;239;241m┛[48;2;128;128;130m[38;2;236;236;237m▊[48;2;22;19;29m[38;2;195;185;232m▁[48;2;6;3;21m[38;2;57;30;182m▁[48;2;4;2;10m[38;2;23;2;126m▂▂▂▂▂▂▂▂[0m
[48;2;38;3;183m[38;2;38;3;183m                                [48;2;47;22;185m[38;2;204;195;231m▂[48;2;245;244;236m[38;2;208;200;239m▎[48;2;250;250;252m[38;2;250;250;252m  [48;2;248;248;250m[38;2;248;248;250m  [48;2;226;219;236m[38;2;81;57;180m▂[48;2;39;13;170m[38;2;41;9;194m▄[48;2;38;3;183m[38;2;38;3;183m    [48;2;106;87;180m[38;2;41;8;185m▊[48;2;240;234;241m[38;2;98;77;177m▂[48;2;250;250;252m[38;2;250;250;252m    [48;2;122;102;215m[38;2;238;235;237m▊[48;2;48;25;180m[38;2;189;176;231m▁[48;2;38;3;183m[38;2;38;3;183m        [0m
[48;2;38;3;183m[38;2;38;3;183m                              [48;2;40;5;183m[38;2;40;5;183m  [48;2;248;247;251m[38;2;205;204;209m▎[48;2;240;239;244m[38;2;252;251;254m┃[48;2;249;249;251m[38;2;249;249;251m  [48;2;231;227;239m[38;2;69;43;198m▂[48;2;214;209;225m[38;2;50;25;180m▆[48;2;39;4;184m[38;2;39;4;184m  [48;2;38;3;183m[38;2;38;3;183m    [48;2;39;7;185m[38;2;33;3;161m▃[48;2;134;111;218m[38;2;41;10;185m▊[48;2;228;225;238m[38;2;87;70;175m▁[48;2;245;244;249m[38;2;0;0;0m [48;2;250;250;252m[38;2;250;250;252m  [48;2;249;248;247m[38;2;236;239;219m│[48;2;96;77;193m[38;2;236;233;241m▊[48;2;55;25;189m[38;2;191;179;218m▁[48;2;37;4;179m[38;2;40;7;179m▄[48;2;38;3;183m[38;2;38;3;183m      [0m
[48;2;38;3;185m[38;2;38;3;185m                              [48;2;44;13;190m[38;2;43;14;185m▄[48;2;61;36;174m[38;2;223;217;230m▆[48;2;248;248;250m[38;2;248;248;250m  [48;2;243;241;248m[38;2;0;0;0m [48;2;232;231;235m[38;2;56;43;164m▂[48;2;38;4;179m[38;2;56;22;197m▌[48;2;41;7;182m[38;2;32;0;173m▌[48;2;38;3;185m[38;2;38;3;185m        [48;2;42;14;178m[38;2;0;0;0m [48;2;220;210;239m[38;2;87;63;190m▆[48;2;250;250;252m[38;2;250;250;252m    [48;2;121;100;214m[38;2;234;230;242m▊[48;2;38;17;167m[38;2;169;156;220m▂[48;2;38;3;185m[38;2;38;3;185m      [0m
[48;2;38;3;185m[38;2;38;3;185m                              [48;2;42;14;177m[38;2;43;14;181m▄[48;2;222;214;239m[38;2;60;34;185m▂[48;2;249;249;251m[38;2;249;249;251m  [48;2;198;188;241m[38;2;247;246;245m▊[48;2;32;2;182m[38;2;82;60;186m▎[48;2;38;3;185m[38;2;38;3;185m          [48;2;41;7;189m[38;2;29;3;160m▃[48;2;37;5;183m[38;2;81;49;210m▝[48;2;230;226;228m[38;2;63;42;184m▆[48;2;241;237;244m[38;2;91;75;185m▂[48;2;250;250;252m[38;2;250;250;252m  [48;2;250;247;255m[38;2;252;252;245m┃[48;2;52;29;172m[38;2;229;226;235m▊[48;2;38;3;185m[38;2;38;3;185m      [0m
[48;2;38;3;185m[38;2;38;3;185m                              [48;2;34;1;180m[38;2;56;12;170m▗[48;2;49;12;171m[38;2;163;63;125m▂[48;2;226;204;211m[38;2;213;77;102m▆[48;2;240;217;225m[38;2;209;72;97m▆[48;2;178;105;134m[38;2;32;18;26m▂[48;2;47;11;156m[38;2;7;6;25m▂[48;2;39;5;187m[38;2;12;1;43m▃▃▃▃▃▃▃▃[48;2;36;3;183m[38;2;20;9;49m▃▃[48;2;39;5;187m[38;2;12;1;43m▃▃[48;2;38;9;169m[38;2;6;1;18m▂[48;2;51;23;190m[38;2;21;11;55m▃[48;2;207;212;214m[38;2;81;54;120m▆[48;2;242;231;236m[38;2;201;88;113m▂[48;2;241;227;230m[38;2;231;93;123m▂[48;2;180;173;214m[38;2;152;65;110m▂[48;2;38;3;185m[38;2;38;3;185m      [0m
[48;2;38;3;185m[38;2;38;3;185m                              [48;2;36;14;98m[38;2;30;8;115m▄[48;2;197;68;87m[38;2;50;23;38m▃[48;2;194;76;106m[38;2;49;14;18m▃[48;2;162;56;82m[38;2;24;7;6m▆[48;2;1;1;1m[38;2;1;1;1m  [48;2;1;1;3m[38;2;1;1;3m  [48;2;1;1;1m[38;2;1;1;1m  [48;2;3;1;6m[38;2;3;1;6m    [48;2;1;1;3m[38;2;1;1;3m  [48;2;1;1;1m[38;2;1;1;1m  [48;2;3;7;5m[38;2;3;7;5m▄[48;2;19;5;7m[38;2;77;54;62m╺[48;2;163;53;77m[38;2;17;20;6m▂[48;2;213;67;103m[38;2;55;21;22m▃[48;2;182;57;87m[38;2;51;18;72m▃[48;2;55;24;75m[38;2;36;16;165m▂[48;2;38;3;185m[38;2;38;3;185m      [0m
[48;2;38;3;185m[38;2;38;3;185m                              [48;2;37;2;180m[38;2;37;5;162m▝[48;2;37;22;76m[38;2;37;2;182m▆[48;2;19;8;43m[38;2;38;5;179m▆▆[48;2;19;7;45m[38;2;38;5;181m▆▆[48;2;19;8;43m[38;2;38;5;179m▆▆▆▆▆▆▆▆[48;2;19;7;45m[38;2;38;5;181m▆▆▆▆▆▆▆▆[48;2;37;16;109m[38;2;37;3;178m▆[48;2;37;1;184m[38;2;37;3;172m▘[48;2;38;3;185m[38;2;38;3;185m      [0m
[48;2;40;2;185m[38;2;40;2;185m                                                            [0m
[48;2;40;2;185m[38;2;40;2;185m                                                            [0m
