[48;2;1;1;1m[38;2;1;1;1m                                                            [0m
[48;2;1;1;1m[38;2;1;1;1m                                                            [0m
[48;2;1;1;1m[38;2;1;1;1m                                                            [0m
[48;2;1;1;1m[38;2;1;1;1m                                                      [48;2;1;1;3m[38;2;1;1;3m  [48;2;1;1;1m[38;2;1;1;1m    [0m
[48;2;1;1;1m[38;2;1;1;1m                          [48;2;3;1;6m[38;2;3;1;6m  [48;2;1;1;3m[38;2;1;1;3m  [48;2;1;1;1m[38;2;1;1;1m        [48;2;3;1;4m[38;2;3;1;4m  [48;2;3;1;6m[38;2;3;1;6m  [48;2;3;1;4m[38;2;3;1;4m  [48;2;1;1;3m[38;2;1;1;3m  [48;2;1;1;1m[38;2;1;1;1m      [48;2;3;1;4m[38;2;3;1;4m  [48;2;3;1;6m[38;2;3;1;6m  [48;2;2;0;3m[38;2;2;0;3m  [48;2;1;1;1m[38;2;1;1;1m  [0m
[48;2;1;1;1m[38;2;1;1;1m                        [48;2;1;1;3m[38;2;1;1;3m  [48;2;3;1;6m[38;2;3;1;6m    [48;2;2;0;3m[38;2;2;0;3m  [48;2;1;1;3m[38;2;1;1;3m  [48;2;2;0;3m[38;2;2;0;3m  [48;2;1;1;3m[38;2;1;1;3m    [48;2;2;0;3m[38;2;2;0;3m  [48;2;3;1;6m[38;2;3;1;6m    [48;2;1;1;1m[38;2;1;1;1m    [48;2;3;1;6m[38;2;3;1;6m      [48;2;1;1;3m[38;2;1;1;3m  [48;2;1;1;1m[38;2;1;1;1m  [0m
[48;2;1;1;1m[38;2;1;1;1m                    [48;2;3;1;6m[38;2;3;1;6m    [48;2;3;1;4m[38;2;3;1;4m  [48;2;3;1;6m[38;2;3;1;6m    [48;2;2;0;3m[38;2;2;0;3m  [48;2;3;1;6m[38;2;3;1;6m        [48;2;1;1;3m[38;2;1;1;3m        [48;2;3;1;4m[38;2;3;1;4m  [48;2;3;1;6m[38;2;3;1;6m      [48;2;1;1;3m[38;2;1;1;3m  [48;2;1;1;1m[38;2;1;1;1m  [0m
[48;2;1;1;1m[38;2;1;1;1m                    [48;2;1;1;3m[38;2;1;1;3m  [48;2;3;1;6m[38;2;3;1;6m          [48;2;1;1;3m[38;2;1;1;3m  [48;2;3;1;4m[38;2;3;1;4m  [48;2;3;1;6m[38;2;3;1;6m  [48;2;2;0;3m[38;2;2;0;3m  [48;2;1;1;3m[38;2;1;1;3m        [48;2;3;1;4m[38;2;3;1;4m  [48;2;3;1;6m[38;2;3;1;6m        [48;2;3;1;4m[38;2;3;1;4m  [0m
[48;2;1;1;1m[38;2;1;1;1m                    [48;2;2;2;4m[38;2;2;2;4m  [48;2;3;1;4m[38;2;3;1;4m  [48;2;3;1;6m[38;2;3;1;6m              [48;2;2;0;3m[38;2;2;0;3m    [48;2;3;1;6m[38;2;3;1;6m    [48;2;3;1;4m[38;2;3;1;4m  [48;2;1;1;3m[38;2;1;1;3m    [48;2;3;1;4m[38;2;3;1;4m  [48;2;3;1;6m[38;2;3;1;6m    [48;2;1;1;3m[38;2;1;1;3m  [0m
[48;2;1;1;1m[38;2;1;1;1m                [48;2;2;0;3m[38;2;2;0;3m  [48;2;3;1;4m[38;2;3;1;4m  [48;2;2;0;3m[38;2;2;0;3m  [48;2;1;1;1m[38;2;1;1;1m  [48;2;1;1;3m[38;2;1;1;3m    [48;2;2;0;3m[38;2;2;0;3m  [48;2;3;1;6m[38;2;3;1;6m    [48;2;1;1;3m[38;2;1;1;3m    [48;2;1;0;2m[38;2;5;3;6m▄[48;2;10;8;11m[38;2;67;65;68m▗[48;2;21;19;22m[38;2;234;232;235m▄▄[48;2;18;17;19m[38;2;210;208;211m▄[48;2;19;18;20m[38;2;0;0;0m [48;2;1;1;3m[38;2;1;1;3m  [48;2;2;0;3m[38;2;2;0;3m  [48;2;3;1;4m[38;2;3;1;4m  [48;2;2;2;4m[38;2;2;2;4m  [48;2;1;1;1m[38;2;1;1;1m  [48;2;2;0;3m[38;2;2;0;3m  [48;2;3;1;6m[38;2;3;1;6m  [48;2;1;1;1m[38;2;1;1;1m  [0m
[48;2;1;1;1m[38;2;1;1;1m            [48;2;1;1;3m[38;2;1;1;3m  [48;2;3;1;6m[38;2;3;1;6m      [48;2;1;1;3m[38;2;1;1;3m  [48;2;1;1;1m[38;2;1;1;1m      [48;2;1;1;3m[38;2;1;1;3m  [48;2;14;13;15m[38;2;83;81;84m▁[48;2;23;21;24m[38;2;212;210;213m▄[48;2;27;25;30m[38;2;239;237;241m▄▄[48;2;26;24;27m[38;2;243;241;244m▄[48;2;24;23;25m[38;2;225;223;226m▄[48;2;6;5;7m[38;2;105;103;106m▁▁[48;2;29;24;28m[38;2;120;115;119m▁[48;2;245;241;245m[38;2;209;204;208m▎[48;2;248;246;248m[38;2;236;234;237m▁[48;2;252;250;252m[38;2;225;223;226m▂[48;2;249;244;246m[38;2;197;191;193m▁[48;2;240;235;237m[38;2;186;180;182m▝[48;2;28;26;29m[38;2;181;179;182m▄[48;2;11;9;12m[38;2;0;0;0m [48;2;1;1;3m[38;2;1;1;3m  [48;2;3;1;6m[38;2;3;1;6m  [48;2;3;1;4m[38;2;3;1;4m  [48;2;3;1;6m[38;2;3;1;6m  [48;2;1;1;3m[38;2;1;1;3m  [48;2;1;1;1m[38;2;1;1;1m    [0m
[48;2;1;1;1m[38;2;1;1;1m            [48;2;3;1;6m[38;2;3;1;6m      [48;2;3;1;4m[38;2;3;1;4m  [48;2;1;1;3m[38;2;1;1;3m  [48;2;1;1;1m[38;2;1;1;1m    [48;2;3;1;6m[38;2;3;1;6m  [48;2;3;1;4m[38;2;3;1;4m  [48;2;206;205;207m[38;2;0;0;0m [48;2;250;248;250m [48;2;250;250;252m[38;2;250;250;252m  [48;2;248;246;248m[38;2;236;234;237m▁[48;2;252;250;252m[38;2;225;223;226m▂[48;2;247;246;248m[38;2;211;209;212m▁[48;2;247;245;248m[38;2;227;225;228m▁[48;2;255;252;255m[38;2;255;253;255m▗[48;2;247;242;246m[38;2;226;221;225m▗[48;2;230;209;204m[38;2;192;62;93m▄[48;2;192;62;93m[38;2;51;29;25m▄[48;2;212;64;98m[38;2;158;61;78m▗[48;2;162;59;78m[38;2;60;38;30m▄[48;2;38;34;37m[38;2;242;238;242m▄[48;2;29;24;28m[38;2;216;212;215m▄[48;2;4;3;5m[38;2;133;131;134m▁▁[48;2;2;0;3m[38;2;2;0;3m  [48;2;1;1;3m[38;2;1;1;3m  [48;2;3;1;6m[38;2;3;1;6m    [48;2;1;1;3m[38;2;1;1;3m  [48;2;1;1;1m[38;2;1;1;1m  [0m
[48;2;1;1;1m[38;2;1;1;1m            [48;2;1;1;3m[38;2;1;1;3m  [48;2;3;1;6m[38;2;3;1;6m  [48;2;2;0;3m[38;2;2;0;3m  [48;2;1;1;1m[38;2;1;1;1m  [48;2;3;1;6m[38;2;3;1;6m    [48;2;1;1;1m[38;2;1;1;1m      [48;2;13;11;14m[38;2;0;0;0m [48;2;210;208;211m[38;2;28;26;29m▅[48;2;214;210;214m[38;2;24;19;23m▄[48;2;234;230;233m[38;2;100;95;99m▁[48;2;243;212;207m[38;2;179;66;89m▄[48;2;204;75;103m[38;2;113;49;55m▁[48;2;221;132;150m[38;2;206;86;105m▊[48;2;248;248;252m[38;2;240;208;214m▎[48;2;238;236;237m[38;2;246;254;252m▊[48;2;211;185;194m[38;2;251;239;244m▊[48;2;213;69;96m[38;2;213;69;96m  [48;2;222;75;104m[38;2;191;73;92m▖[48;2;235;147;157m[38;2;208;83;105m▊[48;2;249;249;251m[38;2;249;249;251m  [48;2;247;247;248m[38;2;0;0;0m [48;2;230;230;231m [48;2;10;9;11m[38;2;221;219;222m▅▅[48;2;40;36;39m[38;2;241;236;240m▄[48;2;37;33;36m[38;2;197;193;196m▄[48;2;9;8;10m[38;2;105;103;106m▁[48;2;6;4;7m[38;2;0;0;0m [48;2;3;1;6m[38;2;3;1;6m    [48;2;1;1;1m[38;2;1;1;1m  [0m
[48;2;1;1;1m[38;2;1;1;1m              [48;2;2;0;3m[38;2;2;0;3m  [48;2;1;1;3m[38;2;1;1;3m    [48;2;3;1;6m[38;2;3;1;6m  [48;2;3;1;4m[38;2;3;1;4m  [48;2;1;1;3m[38;2;1;1;3m  [48;2;1;1;1m[38;2;1;1;1m    [48;2;3;1;6m[38;2;3;1;6m    [48;2;1;0;4m[38;2;8;6;11m│[48;2;67;65;70m[38;2;9;7;12m▊[48;2;237;235;238m[38;2;125;123;126m▁[48;2;246;244;246m[38;2;0;0;0m [48;2;255;254;255m[38;2;252;250;253m▖[48;2;246;244;247m[38;2;225;223;226m▝[48;2;218;70;98m[38;2;241;233;235m▅▅[48;2;210;115;145m[38;2;246;244;244m▄[48;2;246;245;244m[38;2;0;0;0m [48;2;250;250;252m[38;2;250;250;252m  [48;2;247;245;247m[38;2;0;0;0m [48;2;239;238;240m[38;2;117;115;118m▁[48;2;244;242;245m[38;2;90;88;91m▁▁[48;2;244;244;245m[38;2;145;145;147m▁[48;2;246;246;247m[38;2;0;0;0m [48;2;222;220;222m [48;2;22;20;23m[38;2;223;221;223m▅[48;2;40;36;39m[38;2;187;182;186m▄[48;2;15;11;14m[38;2;101;96;100m▁[48;2;3;1;6m[38;2;3;1;6m  [48;2;2;0;3m[38;2;2;0;3m  [0m
[48;2;1;1;1m[38;2;1;1;1m                [48;2;3;1;4m[38;2;3;1;4m  [48;2;3;1;6m[38;2;3;1;6m  [48;2;2;0;3m[38;2;2;0;3m  [48;2;3;1;6m[38;2;3;1;6m  [48;2;2;0;3m[38;2;2;0;3m  [48;2;1;1;1m[38;2;1;1;1m    [48;2;3;1;6m[38;2;3;1;6m    [48;2;1;1;3m[38;2;1;1;3m  [48;2;78;76;79m[38;2;7;5;8m▊[48;2;248;246;248m[38;2;201;199;202m▎[48;2;250;250;252m[38;2;250;250;252m      [48;2;248;248;250m[38;2;248;248;250m  [48;2;96;91;95m[38;2;214;209;213m▊[48;2;3;0;2m[38;2;26;21;25m▎[48;2;1;1;3m[38;2;1;1;3m  [48;2;28;26;29m[38;2;0;0;0m [48;2;226;224;227m[38;2;28;26;29m▅[48;2;228;227;229m[38;2;68;66;69m▅[48;2;243;242;244m[38;2;142;140;143m▁[48;2;251;251;252m[38;2;239;239;241m┛[48;2;244;244;246m[38;2;134;134;136m▝[48;2;68;58;63m[38;2;186;175;181m┓[48;2;15;8;10m[38;2;103;57;75m▁[48;2;7;4;4m[38;2;26;22;23m▃[48;2;3;0;0m[38;2;5;1;2m▖[0m
[48;2;1;1;1m[38;2;1;1;1m                    [48;2;0;0;0m[38;2;0;0;0m  [48;2;1;1;3m[38;2;1;1;3m  [48;2;1;1;1m[38;2;1;1;1m    [48;2;2;0;3m[38;2;2;0;3m  [48;2;1;1;3m[38;2;1;1;3m  [48;2;3;1;6m[38;2;3;1;6m  [48;2;1;1;1m[38;2;1;1;1m  [48;2;17;13;16m[38;2;0;0;0m [48;2;214;209;213m[38;2;89;84;88m▅[48;2;244;242;245m[38;2;220;218;221m╸[48;2;239;237;239m[38;2;113;111;114m▁[48;2;250;250;252m[38;2;250;250;252m    [48;2;244;243;245m[38;2;0;0;0m [48;2;204;202;205m[38;2;88;86;89m▁[48;2;2;0;3m[38;2;2;0;3m  [48;2;1;1;1m[38;2;1;1;1m    [48;2;2;0;1m[38;2;1;0;0m┗[48;2;33;31;32m[38;2;0;0;0m [48;2;230;226;227m[38;2;22;18;19m▅▅[48;2;177;119;128m[38;2;61;26;27m▃[48;2;174;60;86m[38;2;94;45;50m▂[48;2;71;25;36m[38;2;134;35;62m▁[48;2;19;10;8m[38;2;0;0;0m [0m
[48;2;1;1;1m[38;2;1;1;1m                        [48;2;1;1;3m[38;2;1;1;3m  [48;2;3;1;6m[38;2;3;1;6m  [48;2;2;0;3m[38;2;2;0;3m    [48;2;3;1;6m[38;2;3;1;6m  [48;2;14;12;15m[38;2;4;3;5m▊[48;2;16;14;17m[38;2;0;0;0m [48;2;53;51;54m[38;2;226;224;227m▅[48;2;245;243;245m[38;2;0;0;0m [48;2;237;235;238m [48;2;66;64;67m[38;2;225;223;226m▅[48;2;210;206;210m[38;2;69;64;68m▅[48;2;225;221;224m[38;2;24;20;23m▅[48;2;220;219;222m[38;2;21;19;24m▅▅[48;2;169;164;168m[38;2;103;98;102m▄[48;2;36;31;35m[38;2;230;225;229m▅[48;2;25;21;24m[38;2;207;203;206m▅[48;2;19;15;18m[38;2;150;145;149m▁[48;2;1;1;3m[38;2;1;1;3m  [48;2;1;1;1m[38;2;1;1;1m      [48;2;4;4;0m[38;2;0;0;0m [48;2;12;8;7m[38;2;113;31;57m▝[48;2;195;61;99m[38;2;18;9;5m▅[48;2;18;10;7m[38;2;162;55;83m▘[0m
[48;2;1;1;1m[38;2;1;1;1m                    [48;2;2;0;3m[38;2;2;0;3m  [48;2;1;1;1m[38;2;1;1;1m  [48;2;3;1;6m[38;2;3;1;6m    [48;2;1;1;3m[38;2;1;1;3m  [48;2;2;0;3m[38;2;2;0;3m  [48;2;1;1;3m[38;2;1;1;3m  [48;2;10;6;9m[38;2;0;0;0m [48;2;36;32;35m[38;2;182;177;181m▁[48;2;249;249;251m[38;2;231;231;233m▌[38;2;255;255;255m▌[48;2;250;250;252m[38;2;250;250;252m  [48;2;152;146;150m[38;2;246;241;245m▊[48;2;67;61;65m[38;2;24;19;22m▊[48;2;32;26;28m[38;2;204;198;200m▅[48;2;97;91;93m[38;2;24;19;20m▊[48;2;248;248;250m[38;2;248;248;250m  [48;2;255;255;255m[38;2;245;245;247m│[48;2;124;124;126m[38;2;242;242;244m▊[48;2;13;11;14m[38;2;152;150;153m▁[48;2;6;4;7m[38;2;0;0;0m [48;2;1;1;1m[38;2;1;1;1m          [0m
[48;2;1;1;1m[38;2;1;1;1m                  [48;2;1;1;3m[38;2;1;1;3m  [48;2;2;0;3m[38;2;2;0;3m  [48;2;1;1;3m[38;2;1;1;3m  [48;2;3;1;6m[38;2;3;1;6m    [48;2;2;0;3m[38;2;2;0;3m  [48;2;1;1;3m[38;2;1;1;3m  [48;2;1;1;1m[38;2;1;1;1m  [48;2;67;65;68m[38;2;7;5;8m▊[48;2;250;248;251m[38;2;191;189;192m▎[48;2;250;250;252m[38;2;250;250;252m    [48;2;169;163;167m[38;2;246;241;244m▊[48;2;58;52;56m[38;2;183;177;181m▁[48;2;135;129;131m[38;2;205;199;201m▊[48;2;46;40;42m[38;2;146;140;142m▂[48;2;231;229;232m[38;2;85;83;86m▁[48;2;246;245;247m[38;2;0;0;0m [48;2;250;250;252m[38;2;250;250;252m  [48;2;87;85;88m[38;2;239;237;240m▊[48;2;1;0;2m[38;2;10;8;11m│[48;2;1;1;1m[38;2;1;1;1m          [0m
[48;2;1;1;1m[38;2;1;1;1m                  [48;2;2;0;3m[38;2;2;0;3m    [48;2;3;1;6m[38;2;3;1;6m      [48;2;1;1;3m[38;2;1;1;3m  [48;2;1;1;1m[38;2;1;1;1m  [48;2;4;3;5m[38;2;14;12;15m╵[48;2;35;33;36m[38;2;6;4;7m▊[48;2;54;52;55m[38;2;234;232;234m▅[48;2;243;241;243m[38;2;0;0;0m [48;2;250;250;252m[38;2;250;250;252m  [48;2;248;248;250m[38;2;248;248;250m  [48;2;219;214;218m[38;2;31;26;30m▁[48;2;188;183;187m[38;2;19;15;18m▅[48;2;21;17;20m[38;2;0;0;0m [48;2;193;188;192m[38;2;41;37;40m▅[48;2;76;74;77m[38;2;237;235;237m▅[48;2;253;251;254m[38;2;255;254;255m┫[48;2;250;250;252m[38;2;250;250;252m  [48;2;233;231;233m[38;2;0;0;0m [48;2;80;78;81m[38;2;225;223;225m┓[48;2;1;1;1m[38;2;1;1;1m          [0m
[48;2;4;2;10m[38;2;23;2;126m▂▂▂▂▂▂▂▂▂▂▂▂▂▂▂▂▂▂[48;2;5;3;12m[38;2;24;2;129m▂▂[48;2;4;2;10m[38;2;23;2;126m▂▂[48;2;5;3;12m[38;2;24;2;129m▂▂▂▂▂▂[48;2;5;3;11m[38;2;24;3;127m▂▂[48;2;4;2;10m[38;2;23;2;126m▂▂[48;2;13;11;14m[38;2;36;17;133m▂[48;2;40;42;27m[38;2;208;204;218m▆[48;2;248;248;250m[38;2;248;248;250m  [48;2;250;250;252m[38;2;250;250;252m  [48;2;244;242;243m[38;2;229;226;240m╴[48;2;210;208;221m[38;2;47;31;153m▁[48;2;15;10;18m[38;2;35;11;136m▂[48;2;6;1;9m[38;2;24;1;125m▂[48;2;5;3;11m[38;2;30;9;133m▂[48;2;18;16;23m[38;2;27;6;130m▂[48;2;163;157;181m[38;2;23;17;48m┓[48;2;243;241;244m[38;2;0;0;0m [48;2;250;250;252m[38;2;250;250;252m  [48;2;251;251;252m[38;2;239;239;241m┛[48;2;128;128;130m[38;2;236;236;237m▊[48;2;22;19;29m[38;2;195;185;232m▁[48;2;6;3;21m[38;2;57;30;182m▁[48;2;4;2;10m[38;2;23;2;126m▂▂▂▂▂▂▂▂[0m
[48;2;38;3;183m[38;2;38;3;183m                                [48;2;37;9;175m[38;2;41;11;183m▄[48;2;223;213;243m[38;2;57;27;183m▆[48;2;243;243;245m[38;2;239;239;241m▌[48;2;254;254;255m[38;2;250;250;252m▌[48;2;248;248;250m[38;2;248;248;250m  [48;2;226;219;236m[38;2;81;57;180m▂[48;2;39;13;170m[38;2;41;9;194m▄[48;2;38;3;183m[38;2;38;3;183m    [48;2;50;20;197m[38;2;23;5;145m▎[48;2;240;231;252m[38;2;81;59;182m▆[48;2;250;250;252m[38;2;250;250;252m    [48;2;93;70;186m[38;2;242;237;239m▊[48;2;35;5;188m[38;2;35;5;188m▄[48;2;38;3;183m[38;2;38;3;183m        [0m
[48;2;38;3;183m[38;2;38;3;183m                                [48;2;40;5;183m[38;2;40;5;183m  [48;2;233;232;234m[38;2;78;58;185m▂[48;2;243;241;246m[38;2;0;0;0m [48;2;238;237;242m[38;2;251;250;253m▊[48;2;195;194;199m[38;2;244;243;247m▊[48;2;49;20;179m[38;2;199;188;225m▂[48;2;42;9;186m[38;2;0;0;0m [48;2;38;3;183m[38;2;38;3;183m    [48;2;30;0;171m[38;2;38;6;179m▊[48;2;36;6;177m[38;2;80;46;221m▝[48;2;230;228;231m[38;2;81;62;187m▆[48;2;251;250;246m[38;2;236;232;244m▎[48;2;250;250;252m[38;2;250;250;252m  [48;2;94;71;185m[38;2;243;238;239m▊[48;2;36;6;187m[38;2;36;6;187m▄[48;2;38;3;183m[38;2;38;3;183m        [0m
[48;2;38;3;185m[38;2;38;3;185m                                  [48;2;86;65;186m[38;2;36;6;182m▊[48;2;251;251;245m[38;2;202;192;242m▎[48;2;250;250;252m[38;2;250;250;252m  [48;2;174;160;219m[38;2;250;245;248m▊[48;2;38;11;172m[38;2;47;12;203m│[48;2;38;3;185m[38;2;38;3;185m      [48;2;164;159;182m[38;2;48;20;183m▊[48;2;242;241;233m[38;2;251;246;255m┃[48;2;250;250;252m[38;2;250;250;252m  [48;2;238;234;244m[38;2;0;0;0m [48;2;96;80;187m[38;2;224;219;235m┓[48;2;38;3;185m[38;2;38;3;185m        [0m
[48;2;38;3;185m[38;2;38;3;185m                                  [48;2;46;15;176m[38;2;37;6;188m▄[48;2;208;195;239m[38;2;52;24;174m▆[48;2;240;229;228m[38;2;206;87;121m▂▂[48;2;223;201;211m[38;2;136;50;124m▆[48;2;41;10;186m[38;2;0;0;0m [48;2;38;3;185m[38;2;38;3;185m      [48;2;48;15;184m[38;2;0;0;0m [48;2;214;201;237m[38;2;65;39;184m▆[48;2;230;233;234m[38;2;97;45;159m▂[48;2;244;237;243m[38;2;214;123;143m▂[48;2;124;108;199m[38;2;239;236;239m▊[48;2;163;147;225m[38;2;36;12;175m▆[48;2;38;3;185m[38;2;38;3;185m        [0m
[48;2;38;3;185m[38;2;38;3;185m                                  [48;2;35;0;178m[38;2;58;6;200m▗[48;2;51;14;160m[38;2;165;67;105m▂[48;2;221;71;103m[38;2;177;63;84m▗[48;2;182;62;84m[38;2;39;20;12m▂[48;2;39;6;185m[38;2;12;1;42m▃▃[48;2;39;5;187m[38;2;12;1;43m▃▃[48;2;36;3;185m[38;2;20;8;51m▃▃[48;2;36;3;183m[38;2;20;9;49m▃▃▃▃[48;2;68;20;161m[38;2;51;25;43m▂[48;2;207;75;93m[38;2;229;109;119m▝[48;2;197;156;195m[38;2;155;63;110m▆[48;2;38;8;168m[38;2;28;11;85m▂[48;2;38;3;185m[38;2;38;3;185m        [0m
[48;2;38;3;185m[38;2;38;3;185m                                [48;2;39;4;184m[38;2;39;4;184m  [48;2;26;12;67m[38;2;35;7;162m▂[48;2;133;44;63m[38;2;16;7;20m▆[48;2;134;46;76m[38;2;14;8;8m▆[48;2;6;2;3m[38;2;0;0;0m [48;2;1;1;1m[38;2;1;1;1m  [48;2;3;1;6m[38;2;3;1;6m    [48;2;1;1;3m[38;2;1;1;3m  [48;2;1;1;1m[38;2;1;1;1m  [48;2;15;10;7m[38;2;0;0;0m [48;2;141;43;71m[38;2;32;16;17m▅[48;2;186;54;91m[38;2;27;14;12m▂[48;2;67;28;57m[38;2;173;64;65m━[48;2;36;11;124m[38;2;36;11;124m▄[48;2;36;1;180m[38;2;36;0;187m┣[48;2;38;3;185m[38;2;38;3;185m      [0m
[48;2;38;3;185m[38;2;38;3;185m                                  [48;2;37;2;180m[38;2;37;5;162m▝[48;2;37;22;76m[38;2;37;2;182m▆[48;2;19;8;43m[38;2;38;5;179m▆▆▆▆▆▆▆▆[48;2;19;7;45m[38;2;38;5;181m▆▆▆▆▆▆[48;2;20;7;50m[38;2;39;5;185m▆[48;2;20;2;76m[38;2;39;6;176m▆[48;2;38;3;185m[38;2;38;3;185m        [0m
[48;2;40;2;185m[38;2;40;2;185m                                                            [0m
[48;2;40;2;185m[38;2;40;2;185m                                                            [0m
