[48;2;1;1;1m[38;2;1;1;1m                                                            [0m
[48;2;1;1;1m[38;2;1;1;1m                                                            [0m
[48;2;1;1;1m[38;2;1;1;1m                                                            [0m
[48;2;1;1;1m[38;2;1;1;1m                                                      [48;2;1;1;3m[38;2;1;1;3m  [48;2;1;1;1m[38;2;1;1;1m    [0m
[48;2;1;1;1m[38;2;1;1;1m                          [48;2;3;1;6m[38;2;3;1;6m  [48;2;1;1;3m[38;2;1;1;3m  [48;2;1;1;1m[38;2;1;1;1m        [48;2;3;1;4m[38;2;3;1;4m  [48;2;3;1;6m[38;2;3;1;6m  [48;2;3;1;4m[38;2;3;1;4m  [48;2;1;1;3m[38;2;1;1;3m  [48;2;1;1;1m[38;2;1;1;1m      [48;2;3;1;4m[38;2;3;1;4m  [48;2;3;1;6m[38;2;3;1;6m  [48;2;2;0;3m[38;2;2;0;3m  [48;2;1;1;1m[38;2;1;1;1m  [0m
[48;2;1;1;1m[38;2;1;1;1m                        [48;2;1;1;3m[38;2;1;1;3m  [48;2;3;1;6m[38;2;3;1;6m    [48;2;2;0;3m[38;2;2;0;3m  [48;2;1;1;3m[38;2;1;1;3m  [48;2;2;0;3m[38;2;2;0;3m  [48;2;1;1;3m[38;2;1;1;3m    [48;2;2;0;3m[38;2;2;0;3m  [48;2;3;1;6m[38;2;3;1;6m    [48;2;1;1;1m[38;2;1;1;1m    [48;2;3;1;6m[38;2;3;1;6m      [48;2;1;1;3m[38;2;1;1;3m  [48;2;1;1;1m[38;2;1;1;1m  [0m
[48;2;1;1;1m[38;2;1;1;1m                    [48;2;3;1;6m[38;2;3;1;6m    [48;2;3;1;4m[38;2;3;1;4m  [48;2;3;1;6m[38;2;3;1;6m    [48;2;2;0;3m[38;2;2;0;3m  [48;2;3;1;6m[38;2;3;1;6m        [48;2;1;1;3m[38;2;1;1;3m        [48;2;3;1;4m[38;2;3;1;4m  [48;2;3;1;6m[38;2;3;1;6m      [48;2;1;1;3m[38;2;1;1;3m  [48;2;1;1;1m[38;2;1;1;1m  [0m
[48;2;1;1;1m[38;2;1;1;1m                    [48;2;1;1;3m[38;2;1;1;3m  [48;2;3;1;6m[38;2;3;1;6m          [48;2;1;1;3m[38;2;1;1;3m  [48;2;3;1;4m[38;2;3;1;4m  [48;2;3;1;6m[38;2;3;1;6m  [48;2;2;0;3m[38;2;2;0;3m  [48;2;1;1;3m[38;2;1;1;3m        [48;2;3;1;4m[38;2;3;1;4m  [48;2;3;1;6m[38;2;3;1;6m        [48;2;3;1;4m[38;2;3;1;4m  [0m
[48;2;1;1;1m[38;2;1;1;1m                    [48;2;2;2;4m[38;2;2;2;4m  [48;2;3;1;4m[38;2;3;1;4m  [48;2;3;1;6m[38;2;3;1;6m              [48;2;2;0;3m[38;2;2;0;3m    [48;2;3;1;6m[38;2;3;1;6m    [48;2;3;1;4m[38;2;3;1;4m  [48;2;1;1;3m[38;2;1;1;3m    [48;2;3;1;4m[38;2;3;1;4m  [48;2;3;1;6m[38;2;3;1;6m    [48;2;1;1;3m[38;2;1;1;3m  [0m
[48;2;1;1;1m[38;2;1;1;1m                [48;2;2;0;3m[38;2;2;0;3m  [48;2;3;1;4m[38;2;3;1;4m  [48;2;2;0;3m[38;2;2;0;3m  [48;2;1;1;1m[38;2;1;1;1m  [48;2;1;1;3m[38;2;1;1;3m    [48;2;2;0;3m[38;2;2;0;3m  [48;2;3;1;6m[38;2;3;1;6m    [48;2;1;1;3m[38;2;1;1;3m    [48;2;1;0;2m[38;2;5;3;6m▄[48;2;10;8;11m[38;2;67;65;68m▗[48;2;21;19;22m[38;2;234;232;235m▄▄[48;2;18;17;19m[38;2;210;208;211m▄[48;2;19;18;20m[38;2;0;0;0m [48;2;1;1;3m[38;2;1;1;3m  [48;2;2;0;3m[38;2;2;0;3m  [48;2;3;1;4m[38;2;3;1;4m  [48;2;2;2;4m[38;2;2;2;4m  [48;2;1;1;1m[38;2;1;1;1m  [48;2;2;0;3m[38;2;2;0;3m  [48;2;3;1;6m[38;2;3;1;6m  [48;2;1;1;1m[38;2;1;1;1m  [0m
[48;2;1;1;1m[38;2;1;1;1m            [48;2;1;1;3m[38;2;1;1;3m  [48;2;3;1;6m[38;2;3;1;6m      [48;2;1;1;3m[38;2;1;1;3m  [48;2;1;1;1m[38;2;1;1;1m      [48;2;1;0;2m[38;2;13;11;14m━[48;2;8;7;9m[38;2;78;76;79m▁[48;2;29;27;32m[38;2;219;217;221m▄[48;2;27;25;30m[38;2;236;234;238m▄[48;2;26;24;29m[38;2;238;237;241m▄▄[48;2;25;24;26m[38;2;223;221;224m▄[48;2;16;14;17m[38;2;93;91;94m▁[48;2;5;3;6m[38;2;103;101;104m▁▁[48;2;29;24;28m[38;2;120;115;119m▁[48;2;245;241;245m[38;2;209;204;208m▎[48;2;248;246;248m[38;2;236;234;237m▁[48;2;252;250;252m[38;2;225;223;226m▂[48;2;249;244;246m[38;2;197;191;193m▁[48;2;240;235;237m[38;2;186;180;182m▝[48;2;28;26;29m[38;2;181;179;182m▄[48;2;11;9;12m[38;2;0;0;0m [48;2;1;1;3m[38;2;1;1;3m  [48;2;3;1;6m[38;2;3;1;6m  [48;2;3;1;4m[38;2;3;1;4m  [48;2;3;1;6m[38;2;3;1;6m  [48;2;1;1;3m[38;2;1;1;3m  [48;2;1;1;1m[38;2;1;1;1m    [0m
[48;2;1;1;1m[38;2;1;1;1m            [48;2;3;1;6m[38;2;3;1;6m      [48;2;3;1;4m[38;2;3;1;4m  [48;2;1;1;3m[38;2;1;1;3m  [48;2;1;1;1m[38;2;1;1;1m    [48;2;3;1;6m[38;2;3;1;6m  [48;2;13;11;14m[38;2;1;0;2m▊[48;2;207;206;208m[38;2;33;31;34m▅[48;2;236;235;237m[38;2;118;116;119m▁[48;2;242;241;243m[38;2;139;137;140m▁[48;2;249;249;251m[38;2;249;249;251m    [48;2;249;243;245m[38;2;208;202;204m▁▁[48;2;255;252;255m[38;2;255;253;255m▗[48;2;247;242;246m[38;2;226;221;225m▗[48;2;230;209;204m[38;2;192;62;93m▄[48;2;192;62;93m[38;2;51;29;25m▄[48;2;214;67;101m[38;2;151;54;71m▗[48;2;179;63;87m[38;2;71;39;35m▅[48;2;36;34;37m[38;2;205;203;206m▄[48;2;13;11;14m[38;2;131;129;132m▁[48;2;4;3;5m[38;2;133;131;134m▁▁[48;2;2;0;3m[38;2;2;0;3m  [48;2;1;1;3m[38;2;1;1;3m  [48;2;3;1;6m[38;2;3;1;6m    [48;2;1;1;3m[38;2;1;1;3m  [48;2;1;1;1m[38;2;1;1;1m  [0m
[48;2;1;1;1m[38;2;1;1;1m            [48;2;1;1;3m[38;2;1;1;3m  [48;2;3;1;6m[38;2;3;1;6m  [48;2;2;0;3m[38;2;2;0;3m  [48;2;1;1;1m[38;2;1;1;1m  [48;2;3;1;6m[38;2;3;1;6m    [48;2;1;1;1m[38;2;1;1;1m      [48;2;5;3;6m[38;2;5;3;6m  [48;2;230;226;229m[38;2;34;30;33m▅[48;2;239;235;238m[38;2;43;38;42m▅[48;2;236;230;229m[38;2;128;97;103m▁[48;2;231;217;217m[38;2;207;102;133m▄[48;2;213;76;101m[38;2;226;178;174m▁▁[48;2;241;249;246m[38;2;235;224;228m▎[48;2;222;175;191m[38;2;252;243;248m▊[48;2;213;69;96m[38;2;213;69;96m  [48;2;223;71;102m[38;2;203;75;98m▄[48;2;233;146;156m[38;2;207;82;104m▊[48;2;249;249;251m[38;2;249;249;251m  [48;2;247;247;248m[38;2;0;0;0m [48;2;230;230;231m [48;2;10;9;11m[38;2;221;219;222m▅▅[48;2;11;9;12m[38;2;222;220;222m▅▅[48;2;26;21;25m[38;2;196;192;195m▄[48;2;11;7;10m[38;2;116;111;115m▁[48;2;3;1;6m[38;2;3;1;6m    [48;2;1;1;1m[38;2;1;1;1m  [0m
[48;2;1;1;1m[38;2;1;1;1m              [48;2;2;0;3m[38;2;2;0;3m  [48;2;1;1;3m[38;2;1;1;3m    [48;2;3;1;6m[38;2;3;1;6m  [48;2;3;1;4m[38;2;3;1;4m  [48;2;1;1;3m[38;2;1;1;3m  [48;2;1;1;1m[38;2;1;1;1m    [48;2;3;1;6m[38;2;3;1;6m    [48;2;16;12;17m[38;2;0;0;0m [48;2;225;221;226m[38;2;42;37;43m▅[48;2;247;247;249m[38;2;247;247;249m  [48;2;255;254;255m[38;2;252;250;253m▖[48;2;246;244;247m[38;2;225;223;226m▝[48;2;218;70;98m[38;2;241;233;235m▅▅[48;2;210;115;145m[38;2;246;244;244m▄[48;2;246;245;244m[38;2;0;0;0m [48;2;250;250;252m[38;2;250;250;252m  [48;2;247;245;247m[38;2;0;0;0m [48;2;239;238;240m[38;2;117;115;118m▁[48;2;244;242;245m[38;2;90;88;91m▁▁[48;2;244;244;245m[38;2;145;145;147m▁[48;2;246;246;247m[38;2;0;0;0m [48;2;246;244;247m [48;2;220;218;221m [48;2;19;17;20m[38;2;221;219;222m▅[48;2;38;37;39m[38;2;186;184;187m▄[48;2;10;8;13m[38;2;106;104;109m▁[48;2;6;5;9m[38;2;0;0;0m [48;2;2;0;3m[38;2;2;0;3m  [0m
[48;2;1;1;1m[38;2;1;1;1m                [48;2;3;1;4m[38;2;3;1;4m  [48;2;3;1;6m[38;2;3;1;6m  [48;2;2;0;3m[38;2;2;0;3m  [48;2;3;1;6m[38;2;3;1;6m  [48;2;2;0;3m[38;2;2;0;3m  [48;2;1;1;1m[38;2;1;1;1m    [48;2;3;1;6m[38;2;3;1;6m    [48;2;1;0;2m[38;2;2;0;3m▘[48;2;4;3;5m[38;2;40;38;41m▝[48;2;217;215;218m[38;2;41;39;42m▅[48;2;246;244;247m[38;2;225;224;226m▎[48;2;250;250;252m[38;2;250;250;252m      [48;2;248;248;250m[38;2;248;248;250m  [48;2;96;91;95m[38;2;214;209;213m▊[48;2;3;0;2m[38;2;26;21;25m▎[48;2;1;1;3m[38;2;1;1;3m  [48;2;28;26;29m[38;2;0;0;0m [48;2;226;224;227m[38;2;28;26;29m▅[48;2;210;206;209m[38;2;57;52;56m▄[48;2;239;235;239m[38;2;85;80;84m▁[48;2;237;237;238m[38;2;156;156;158m▁[48;2;252;252;253m[38;2;244;244;246m▗[48;2;222;214;217m[38;2;0;0;0m [48;2;93;67;77m[38;2;210;195;200m┓[48;2;52;21;24m[38;2;213;65;108m▖[48;2;32;12;12m[38;2;127;40;61m▗[0m
[48;2;1;1;1m[38;2;1;1;1m                    [48;2;0;0;0m[38;2;0;0;0m  [48;2;1;1;3m[38;2;1;1;3m  [48;2;1;1;1m[38;2;1;1;1m    [48;2;2;0;3m[38;2;2;0;3m  [48;2;1;1;3m[38;2;1;1;3m  [48;2;3;1;6m[38;2;3;1;6m  [48;2;1;1;1m[38;2;1;1;1m  [48;2;17;13;16m[38;2;0;0;0m [48;2;214;209;213m[38;2;89;84;88m▅[48;2;244;242;245m[38;2;220;218;221m╸[48;2;239;237;239m[38;2;113;111;114m▁[48;2;250;250;252m[38;2;250;250;252m    [48;2;244;243;245m[38;2;0;0;0m [48;2;204;202;205m[38;2;88;86;89m▁[48;2;2;0;3m[38;2;2;0;3m  [48;2;1;1;1m[38;2;1;1;1m    [48;2;1;1;3m[38;2;1;1;3m  [48;2;1;0;0m[38;2;22;20;21m▝[48;2;220;218;219m[38;2;24;23;23m▅[48;2;215;213;214m[38;2;18;18;18m▅[48;2;216;171;189m[38;2;27;20;22m▅[48;2;203;70;95m[38;2;21;8;14m▅[48;2;21;11;12m[38;2;146;39;57m▘[0m
[48;2;1;1;1m[38;2;1;1;1m                        [48;2;1;1;3m[38;2;1;1;3m  [48;2;3;1;6m[38;2;3;1;6m  [48;2;2;0;3m[38;2;2;0;3m    [48;2;3;1;6m[38;2;3;1;6m  [48;2;14;12;15m[38;2;4;3;5m▊[48;2;16;14;17m[38;2;0;0;0m [48;2;53;51;54m[38;2;226;224;227m▅[48;2;245;243;245m[38;2;0;0;0m [48;2;237;235;238m [48;2;66;64;67m[38;2;225;223;226m▅[48;2;210;206;210m[38;2;69;64;68m▅[48;2;225;221;224m[38;2;24;20;23m▅[48;2;220;219;222m[38;2;21;19;24m▅▅[48;2;169;164;168m[38;2;103;98;102m▄[48;2;36;31;35m[38;2;230;225;229m▅[48;2;25;21;24m[38;2;207;203;206m▅[48;2;19;15;18m[38;2;150;145;149m▁[48;2;1;1;3m[38;2;1;1;3m  [48;2;1;1;1m[38;2;1;1;1m        [48;2;1;1;3m[38;2;1;1;3m  [0m
[48;2;1;1;1m[38;2;1;1;1m                    [48;2;2;0;3m[38;2;2;0;3m  [48;2;1;1;1m[38;2;1;1;1m  [48;2;3;1;6m[38;2;3;1;6m    [48;2;1;1;3m[38;2;1;1;3m  [48;2;2;0;3m[38;2;2;0;3m  [48;2;1;1;3m[38;2;1;1;3m  [48;2;10;6;9m[38;2;0;0;0m [48;2;36;32;35m[38;2;182;177;181m▁[48;2;249;249;251m[38;2;231;231;233m▌[38;2;255;255;255m▌[48;2;248;248;250m[38;2;248;248;250m  [48;2;213;207;211m[38;2;87;81;85m▁[48;2;42;37;40m[38;2;188;182;186m▁[48;2;28;23;24m[38;2;208;202;204m▅[48;2;107;101;103m[38;2;23;18;19m▊[48;2;248;248;250m[38;2;248;248;250m  [48;2;255;255;255m[38;2;238;238;240m╷[48;2;231;231;233m[38;2;0;0;0m [48;2;73;71;74m[38;2;225;223;226m┓[48;2;1;0;2m[38;2;6;4;7m▄[48;2;1;1;1m[38;2;1;1;1m          [0m
[48;2;1;1;1m[38;2;1;1;1m                  [48;2;1;1;3m[38;2;1;1;3m  [48;2;2;0;3m[38;2;2;0;3m  [48;2;1;1;3m[38;2;1;1;3m  [48;2;3;1;6m[38;2;3;1;6m    [48;2;2;0;3m[38;2;2;0;3m  [48;2;1;1;3m[38;2;1;1;3m  [48;2;1;1;1m[38;2;1;1;1m  [48;2;67;65;68m[38;2;7;5;8m▊[48;2;250;248;251m[38;2;191;189;192m▎[48;2;250;250;252m[38;2;250;250;252m  [48;2;251;251;252m[38;2;242;242;244m│[48;2;153;153;155m[38;2;244;244;245m▊[48;2;98;93;97m[38;2;21;17;20m▊[48;2;223;219;222m[38;2;41;36;40m▁[48;2;204;199;201m[38;2;53;47;49m▁[48;2;103;97;99m[38;2;22;16;18m▊[48;2;248;248;250m[38;2;248;248;250m  [48;2;250;250;252m[38;2;250;250;252m  [48;2;116;114;117m[38;2;237;235;238m▊[48;2;18;17;19m[38;2;170;168;171m▁[48;2;1;1;1m[38;2;1;1;1m          [0m
[48;2;1;1;1m[38;2;1;1;1m                  [48;2;2;0;3m[38;2;2;0;3m    [48;2;3;1;6m[38;2;3;1;6m      [48;2;1;1;3m[38;2;1;1;3m  [48;2;1;1;1m[38;2;1;1;1m  [48;2;4;3;5m[38;2;14;12;15m╵[48;2;35;33;36m[38;2;6;4;7m▊[48;2;54;52;55m[38;2;234;232;234m▅[48;2;243;241;243m[38;2;0;0;0m [48;2;250;250;252m[38;2;250;250;252m  [48;2;252;252;253m[38;2;245;245;247m▎[48;2;246;246;247m[38;2;218;218;220m▝[48;2;43;38;42m[38;2;219;214;218m▅[48;2;8;3;7m[38;2;3;0;2m┣[48;2;1;0;2m[38;2;13;11;14m╺[48;2;19;18;20m[38;2;0;0;0m [48;2;180;178;181m[38;2;61;59;62m━[48;2;244;243;245m[38;2;0;0;0m [48;2;250;250;252m[38;2;250;250;252m  [48;2;246;246;248m[38;2;246;246;248m▄[48;2;79;79;81m[38;2;243;243;245m▊[48;2;1;1;1m[38;2;1;1;1m          [0m
[48;2;4;2;10m[38;2;23;2;126m▂▂▂▂▂▂▂▂▂▂▂▂▂▂▂▂▂▂[48;2;5;3;12m[38;2;24;2;129m▂▂[48;2;4;2;10m[38;2;23;2;126m▂▂[48;2;5;3;12m[38;2;24;2;129m▂▂▂▂▂▂[48;2;5;3;11m[38;2;24;3;127m▂▂[48;2;4;2;10m[38;2;23;2;126m▂▂[48;2;5;3;11m[38;2;34;11;138m▂[48;2;9;6;16m[38;2;19;0;124m▂[48;2;225;222;230m[38;2;50;43;81m▆[48;2;249;247;247m[38;2;215;211;227m▎[48;2;250;250;252m[38;2;250;250;252m  [48;2;238;238;240m[38;2;251;251;252m▊[48;2;195;195;197m[38;2;244;244;246m▊[48;2;182;177;186m[38;2;27;14;69m▅[48;2;14;10;17m[38;2;32;8;133m▂[48;2;5;3;11m[38;2;30;9;133m▂[48;2;18;16;23m[38;2;27;6;130m▂[48;2;163;157;181m[38;2;23;17;48m┓[48;2;243;241;244m[38;2;0;0;0m [48;2;250;250;252m[38;2;250;250;252m  [48;2;246;245;249m[38;2;246;245;249m▄[48;2;79;78;83m[38;2;243;242;246m▊[48;2;4;2;11m[38;2;23;1;128m▂▂[48;2;4;2;10m[38;2;23;2;126m▂▂▂▂▂▂▂▂[0m
[48;2;38;3;183m[38;2;38;3;183m                                  [48;2;75;49;186m[38;2;36;5;184m▊[48;2;233;227;240m[38;2;79;56;174m▂[48;2;249;249;251m[38;2;249;249;251m  [48;2;255;254;255m[38;2;246;245;251m▌[48;2;175;174;180m[38;2;246;245;249m▊[48;2;39;4;182m[38;2;39;4;182m  [48;2;38;3;183m[38;2;38;3;183m  [48;2;125;112;182m[38;2;36;6;188m▊[48;2;247;246;244m[38;2;247;246;244m▄[48;2;250;250;252m[38;2;250;250;252m  [48;2;248;247;250m[38;2;248;247;250m▄[48;2;82;67;162m[38;2;246;245;242m▊[48;2;37;2;184m[38;2;37;2;184m  [48;2;38;3;183m[38;2;38;3;183m        [0m
[48;2;38;3;183m[38;2;38;3;183m                                  [48;2;32;0;173m[38;2;41;7;182m▌[48;2;56;22;197m[38;2;38;4;179m▌[48;2;235;235;235m[38;2;82;62;187m▂[48;2;244;243;247m[38;2;0;0;0m [48;2;253;252;254m[38;2;246;245;250m▃[48;2;244;243;248m[38;2;231;230;235m▝[48;2;55;31;180m[38;2;217;209;235m▆[48;2;33;5;176m[38;2;68;42;183m▎[48;2;38;3;183m[38;2;38;3;183m  [48;2;43;13;184m[38;2;0;0;0m [48;2;230;222;242m[38;2;83;61;184m▆[48;2;250;250;252m[38;2;250;250;252m  [48;2;136;124;189m[38;2;242;237;248m▊[48;2;187;178;219m[38;2;41;16;170m▆[48;2;38;3;185m[38;2;38;3;185m  [48;2;38;3;183m[38;2;38;3;183m        [0m
[48;2;38;3;185m[38;2;38;3;185m                                    [48;2;40;10;180m[38;2;0;0;0m [48;2;223;214;241m[38;2;57;26;183m▆[48;2;234;234;234m[38;2;85;66;190m▂[48;2;244;243;248m[38;2;0;0;0m [48;2;242;241;242m [48;2;64;44;184m[38;2;220;217;232m▆[48;2;38;3;183m[38;2;38;3;183m  [48;2;35;4;159m[38;2;37;5;190m▊[48;2;174;158;221m[38;2;42;9;180m▊[48;2;250;250;252m[38;2;250;250;252m  [48;2;95;72;186m[38;2;244;239;239m▊[48;2;37;6;188m[38;2;37;6;188m▄[48;2;38;3;185m[38;2;38;3;185m          [0m
[48;2;38;3;185m[38;2;38;3;185m                                      [48;2;54;14;169m[38;2;0;0;0m [48;2;224;202;207m[38;2;205;79;119m▆[48;2;239;226;235m[38;2;205;75;111m▆[48;2;187;113;144m[38;2;31;10;160m▂[48;2;38;3;185m[38;2;38;3;185m  [48;2;33;4;169m[38;2;43;5;202m┃[48;2;135;119;184m[38;2;42;11;182m▊[48;2;246;242;245m[38;2;202;113;143m▂[48;2;236;235;236m[38;2;0;0;0m [48;2;198;187;224m[38;2;57;31;191m▂[48;2;30;3;169m[38;2;48;13;209m▖[48;2;38;3;185m[38;2;38;3;185m          [0m
[48;2;38;3;185m[38;2;38;3;185m                                    [48;2;39;4;184m[38;2;39;4;184m  [48;2;58;16;164m[38;2;172;68;118m▂[48;2;218;68;88m[38;2;180;56;110m▎[48;2;194;62;104m[38;2;45;21;24m▃[48;2;38;5;166m[38;2;14;2;34m▂[48;2;36;3;185m[38;2;20;8;51m▃▃[48;2;35;3;165m[38;2;15;3;37m▂[48;2;46;15;156m[38;2;27;17;29m▂[48;2;221;81;112m[38;2;0;0;0m [48;2;208;178;198m[38;2;174;62;90m▆[48;2;36;2;181m[38;2;36;21;75m▂[48;2;36;1;179m[38;2;36;4;161m▖[48;2;38;3;185m[38;2;38;3;185m          [0m
[48;2;38;3;185m[38;2;38;3;185m                                    [48;2;39;7;176m[38;2;32;9;128m╺[48;2;23;8;73m[38;2;41;10;176m▂[48;2;165;50;85m[38;2;7;6;3m▆▆[48;2;3;1;6m[38;2;3;1;6m    [48;2;4;2;5m[38;2;4;2;5m  [48;2;182;55;85m[38;2;38;15;11m▆[48;2;183;62;90m[38;2;28;11;8m▂[48;2;67;26;56m[38;2;156;63;83m━[48;2;30;7;112m[38;2;30;7;112m▄[48;2;38;3;185m[38;2;38;3;185m          [0m
[48;2;38;3;185m[38;2;38;3;185m                                    [48;2;38;3;183m[38;2;38;3;183m  [48;2;20;8;46m[38;2;39;6;182m▆▆[48;2;19;8;43m[38;2;38;5;179m▆▆▆▆[48;2;19;7;45m[38;2;38;5;181m▆▆▆▆[48;2;37;18;95m[38;2;37;2;180m▆[48;2;37;3;172m[38;2;37;0;199m▝[48;2;38;3;185m[38;2;38;3;185m          [0m
[48;2;40;2;185m[38;2;40;2;185m                                                            [0m
[48;2;40;2;185m[38;2;40;2;185m                                                            [0m
