[48;2;1;1;1m[38;2;1;1;1m                                                            [0m
[48;2;1;1;1m[38;2;1;1;1m                                                            [0m
[48;2;1;1;1m[38;2;1;1;1m                                                            [0m
[48;2;1;1;1m[38;2;1;1;1m                                                      [48;2;1;1;3m[38;2;1;1;3m  [48;2;1;1;1m[38;2;1;1;1m    [0m
[48;2;1;1;1m[38;2;1;1;1m                          [48;2;3;1;6m[38;2;3;1;6m  [48;2;1;1;3m[38;2;1;1;3m  [48;2;1;1;1m[38;2;1;1;1m        [48;2;3;1;4m[38;2;3;1;4m  [48;2;3;1;6m[38;2;3;1;6m  [48;2;3;1;4m[38;2;3;1;4m  [48;2;1;1;3m[38;2;1;1;3m  [48;2;1;1;1m[38;2;1;1;1m      [48;2;3;1;4m[38;2;3;1;4m  [48;2;3;1;6m[38;2;3;1;6m  [48;2;2;0;3m[38;2;2;0;3m  [48;2;1;1;1m[38;2;1;1;1m  [0m
[48;2;1;1;1m[38;2;1;1;1m                        [48;2;1;1;3m[38;2;1;1;3m  [48;2;3;1;6m[38;2;3;1;6m    [48;2;2;0;3m[38;2;2;0;3m  [48;2;1;1;3m[38;2;1;1;3m  [48;2;2;0;3m[38;2;2;0;3m  [48;2;1;1;3m[38;2;1;1;3m    [48;2;2;0;3m[38;2;2;0;3m  [48;2;3;1;6m[38;2;3;1;6m    [48;2;1;1;1m[38;2;1;1;1m    [48;2;3;1;6m[38;2;3;1;6m      [48;2;1;1;3m[38;2;1;1;3m  [48;2;1;1;1m[38;2;1;1;1m  [0m
[48;2;1;1;1m[38;2;1;1;1m                    [48;2;3;1;6m[38;2;3;1;6m    [48;2;3;1;4m[38;2;3;1;4m  [48;2;3;1;6m[38;2;3;1;6m    [48;2;2;0;3m[38;2;2;0;3m  [48;2;3;1;6m[38;2;3;1;6m        [48;2;1;1;3m[38;2;1;1;3m        [48;2;3;1;4m[38;2;3;1;4m  [48;2;3;1;6m[38;2;3;1;6m      [48;2;1;1;3m[38;2;1;1;3m  [48;2;1;1;1m[38;2;1;1;1m  [0m
[48;2;1;1;1m[38;2;1;1;1m                    [48;2;1;1;3m[38;2;1;1;3m  [48;2;3;1;6m[38;2;3;1;6m          [48;2;1;1;3m[38;2;1;1;3m  [48;2;3;1;4m[38;2;3;1;4m  [48;2;3;1;6m[38;2;3;1;6m  [48;2;2;0;3m[38;2;2;0;3m  [48;2;1;1;3m[38;2;1;1;3m        [48;2;3;1;4m[38;2;3;1;4m  [48;2;3;1;6m[38;2;3;1;6m        [48;2;3;1;4m[38;2;3;1;4m  [0m
[48;2;1;1;1m[38;2;1;1;1m                    [48;2;2;2;4m[38;2;2;2;4m  [48;2;3;1;4m[38;2;3;1;4m  [48;2;3;1;6m[38;2;3;1;6m              [48;2;2;0;3m[38;2;2;0;3m    [48;2;3;1;6m[38;2;3;1;6m    [48;2;3;1;4m[38;2;3;1;4m  [48;2;1;1;3m[38;2;1;1;3m    [48;2;3;1;4m[38;2;3;1;4m  [48;2;3;1;6m[38;2;3;1;6m    [48;2;1;1;3m[38;2;1;1;3m  [0m
[48;2;1;1;1m[38;2;1;1;1m                [48;2;2;0;3m[38;2;2;0;3m  [48;2;3;1;4m[38;2;3;1;4m  [48;2;2;0;3m[38;2;2;0;3m  [48;2;1;1;1m[38;2;1;1;1m  [48;2;1;1;3m[38;2;1;1;3m    [48;2;2;0;3m[38;2;2;0;3m  [48;2;3;1;6m[38;2;3;1;6m    [48;2;1;1;3m[38;2;1;1;3m  [48;2;2;2;4m[38;2;2;2;4m  [48;2;19;17;20m[38;2;88;86;89m▁[48;2;22;20;23m[38;2;225;223;226m▄[38;2;229;227;229m▄[48;2;21;19;22m[38;2;214;212;214m▄[48;2;6;4;7m[38;2;25;23;26m▃[48;2;1;0;2m[38;2;2;0;3m▖[48;2;1;1;3m[38;2;1;1;3m  [48;2;2;0;3m[38;2;2;0;3m  [48;2;3;1;4m[38;2;3;1;4m  [48;2;2;2;4m[38;2;2;2;4m  [48;2;1;1;1m[38;2;1;1;1m  [48;2;2;0;3m[38;2;2;0;3m  [48;2;3;1;6m[38;2;3;1;6m  [48;2;1;1;1m[38;2;1;1;1m  [0m
[48;2;1;1;1m[38;2;1;1;1m            [48;2;1;1;3m[38;2;1;1;3m  [48;2;3;1;6m[38;2;3;1;6m      [48;2;1;1;3m[38;2;1;1;3m  [48;2;1;1;1m[38;2;1;1;1m      [48;2;1;1;3m[38;2;1;1;3m    [48;2;0;0;2m[38;2;12;12;14m━[48;2;7;7;9m[38;2;77;77;79m▁[48;2;5;3;6m[38;2;103;101;104m▁▁[48;2;11;6;9m[38;2;90;84;88m▁[48;2;102;96;100m[38;2;16;11;14m▊[48;2;240;235;237m[38;2;199;193;195m▁[48;2;250;245;247m[38;2;211;205;207m▁[38;2;210;204;206m▁▁[48;2;225;220;222m[38;2;0;0;0m [48;2;35;30;31m[38;2;192;187;189m▄[48;2;2;2;4m[38;2;2;2;4m  [48;2;1;1;3m[38;2;1;1;3m  [48;2;3;1;6m[38;2;3;1;6m  [48;2;3;1;4m[38;2;3;1;4m  [48;2;3;1;6m[38;2;3;1;6m  [48;2;1;1;3m[38;2;1;1;3m  [48;2;1;1;1m[38;2;1;1;1m    [0m
[48;2;1;1;1m[38;2;1;1;1m            [48;2;3;1;6m[38;2;3;1;6m      [48;2;3;1;4m[38;2;3;1;4m  [48;2;1;1;3m[38;2;1;1;3m  [48;2;1;1;1m[38;2;1;1;1m    [48;2;3;1;6m[38;2;3;1;6m  [48;2;6;4;7m[38;2;0;0;0m [48;2;9;7;10m[38;2;106;104;107m▁[48;2;36;31;35m[38;2;225;220;224m▄[48;2;34;29;33m[38;2;242;238;241m▄[48;2;54;52;55m[38;2;239;237;240m▄[48;2;238;237;239m[38;2;0;0;0m [48;2;248;246;249m[38;2;248;246;249m  [48;2;245;211;208m[38;2;210;94;117m▄[48;2;208;75;104m[38;2;230;161;169m▁[48;2;217;74;100m[38;2;217;96;115m▂[48;2;222;72;101m[38;2;190;64;85m▄[48;2;182;64;88m[38;2;58;21;20m▄[48;2;216;60;97m[38;2;182;64;88m▄[48;2;159;51;83m[38;2;56;49;47m▄[48;2;47;39;37m[38;2;216;204;204m▄[48;2;7;5;8m[38;2;136;134;137m▁▁[48;2;0;0;2m[38;2;7;7;9m▅[48;2;4;4;6m[38;2;0;0;0m [48;2;2;0;3m[38;2;2;0;3m  [48;2;1;1;3m[38;2;1;1;3m  [48;2;3;1;6m[38;2;3;1;6m    [48;2;1;1;3m[38;2;1;1;3m  [48;2;1;1;1m[38;2;1;1;1m  [0m
[48;2;1;1;1m[38;2;1;1;1m            [48;2;1;1;3m[38;2;1;1;3m  [48;2;3;1;6m[38;2;3;1;6m  [48;2;2;0;3m[38;2;2;0;3m  [48;2;1;1;1m[38;2;1;1;1m  [48;2;3;1;6m[38;2;3;1;6m    [48;2;1;1;1m[38;2;1;1;1m    [48;2;9;8;8m[38;2;0;0;0m [48;2;201;199;200m[38;2;26;25;25m▅[48;2;236;234;237m[38;2;97;95;98m▁[48;2;242;240;243m[38;2;118;116;119m▁[48;2;245;243;245m[38;2;122;120;123m▁▁[48;2;244;244;245m[38;2;134;134;136m▁[38;2;0;0;0m [48;2;249;249;251m[38;2;249;249;251m  [48;2;238;195;204m[38;2;244;243;246m▊[48;2;215;81;104m[38;2;203;54;84m│[48;2;213;71;97m[38;2;213;71;97m  [48;2;232;171;180m[38;2;205;85;104m▊[48;2;245;247;251m[38;2;241;233;231m▎[48;2;249;249;251m[38;2;249;249;251m  [48;2;228;226;228m[38;2;0;0;0m [48;2;44;42;45m[38;2;243;241;244m▄[48;2;11;9;12m[38;2;222;220;222m▅▅▅▅[48;2;32;28;31m[38;2;190;185;189m▄[48;2;16;11;15m[38;2;153;148;152m▁[48;2;10;8;13m[38;2;106;104;109m▁[48;2;6;5;9m[38;2;0;0;0m [48;2;3;1;6m[38;2;3;1;6m  [48;2;1;1;1m[38;2;1;1;1m  [0m
[48;2;1;1;1m[38;2;1;1;1m              [48;2;2;0;3m[38;2;2;0;3m  [48;2;1;1;3m[38;2;1;1;3m    [48;2;3;1;6m[38;2;3;1;6m  [48;2;3;1;4m[38;2;3;1;4m  [48;2;1;1;3m[38;2;1;1;3m  [48;2;1;1;1m[38;2;1;1;1m    [48;2;3;1;6m[38;2;3;1;6m    [48;2;59;54;58m[38;2;7;3;6m▊[48;2;230;226;229m[38;2;121;116;120m▁[48;2;249;249;251m[38;2;249;249;251m  [48;2;247;242;239m[38;2;0;0;0m [48;2;195;83;116m[38;2;243;227;230m▅[48;2;198;70;92m[38;2;239;229;232m▅[48;2;222;94;116m[38;2;244;233;236m▅[48;2;250;250;252m[38;2;250;250;252m  [48;2;248;248;250m[38;2;248;248;250m  [48;2;244;242;245m[38;2;90;88;91m▁▁▁▁[48;2;244;244;245m[38;2;145;145;147m▁[48;2;246;246;247m[38;2;0;0;0m [48;2;250;250;252m[38;2;250;250;252m  [48;2;216;215;217m[38;2;0;0;0m [48;2;41;39;42m[38;2;185;183;186m▄[48;2;14;8;11m[38;2;154;105;124m▁[48;2;9;6;8m[38;2;107;58;77m▁[48;2;9;4;7m[38;2;43;37;41m▂[48;2;4;0;2m[38;2;5;0;3m▄[0m
[48;2;1;1;1m[38;2;1;1;1m                [48;2;3;1;4m[38;2;3;1;4m  [48;2;3;1;6m[38;2;3;1;6m  [48;2;2;0;3m[38;2;2;0;3m  [48;2;3;1;6m[38;2;3;1;6m  [48;2;2;0;3m[38;2;2;0;3m  [48;2;1;1;1m[38;2;1;1;1m    [48;2;3;1;6m[38;2;3;1;6m    [48;2;1;0;2m[38;2;7;5;8m│[48;2;66;64;67m[38;2;8;6;9m▊[48;2;230;228;231m[38;2;118;116;119m▁[48;2;247;246;248m[38;2;0;0;0m [48;2;250;250;252m[38;2;250;250;252m      [48;2;252;250;252m[38;2;236;234;237m│[48;2;142;140;143m[38;2;245;243;245m▊[48;2;2;0;3m[38;2;2;0;3m  [48;2;1;1;3m[38;2;1;1;3m  [48;2;28;26;29m[38;2;0;0;0m [48;2;226;224;227m[38;2;28;26;29m▅[48;2;232;228;231m[38;2;24;20;23m▅[48;2;210;206;210m[38;2;64;59;63m▄[48;2;243;239;242m[38;2;79;74;78m▁▁[48;2;178;87;107m[38;2;215;196;203m▊[48;2;209;69;91m[38;2;84;13;11m▁[48;2;64;23;22m[38;2;197;60;83m▌[48;2;6;5;8m[38;2;0;0;0m [0m
[48;2;1;1;1m[38;2;1;1;1m                    [48;2;0;0;0m[38;2;0;0;0m  [48;2;1;1;3m[38;2;1;1;3m  [48;2;1;1;1m[38;2;1;1;1m    [48;2;2;0;3m[38;2;2;0;3m  [48;2;1;1;3m[38;2;1;1;3m  [48;2;3;1;6m[38;2;3;1;6m  [48;2;1;1;1m[38;2;1;1;1m  [48;2;16;12;15m[38;2;0;0;0m [48;2;213;208;212m[38;2;48;43;47m▅[48;2;240;238;241m[38;2;0;0;0m [48;2;238;236;239m[38;2;122;120;123m▁[48;2;250;250;252m[38;2;250;250;252m    [48;2;244;242;244m[38;2;0;0;0m [48;2;203;202;204m[38;2;87;85;88m▁[48;2;2;0;3m[38;2;2;0;3m  [48;2;1;1;1m[38;2;1;1;1m      [48;2;1;1;3m[38;2;1;1;3m    [48;2;1;1;1m[38;2;1;1;1m  [0m
[48;2;1;1;1m[38;2;1;1;1m                        [48;2;1;1;3m[38;2;1;1;3m  [48;2;3;1;6m[38;2;3;1;6m  [48;2;2;0;3m[38;2;2;0;3m    [48;2;3;1;6m[38;2;3;1;6m  [48;2;1;1;3m[38;2;1;1;3m  [48;2;58;56;59m[38;2;6;4;7m▊[48;2;55;53;56m[38;2;222;221;223m▅[48;2;236;232;235m[38;2;0;0;0m [48;2;65;60;64m[38;2;225;220;224m▅[48;2;210;206;210m[38;2;69;64;68m▅[48;2;225;221;224m[38;2;24;20;23m▅[48;2;220;219;222m[38;2;21;19;24m▅▅[48;2;203;198;201m[38;2;96;90;94m▅[48;2;31;25;29m[38;2;208;203;207m▅[48;2;1;0;2m[38;2;7;5;8m▃[38;2;9;7;10m━[48;2;1;1;3m[38;2;1;1;3m  [48;2;1;1;1m[38;2;1;1;1m        [48;2;1;1;3m[38;2;1;1;3m  [0m
[48;2;1;1;1m[38;2;1;1;1m                    [48;2;2;0;3m[38;2;2;0;3m  [48;2;1;1;1m[38;2;1;1;1m  [48;2;3;1;6m[38;2;3;1;6m    [48;2;1;1;3m[38;2;1;1;3m  [48;2;2;0;3m[38;2;2;0;3m  [48;2;1;1;3m[38;2;1;1;3m  [48;2;2;2;4m[38;2;2;2;4m  [48;2;36;34;37m[38;2;181;179;182m▁[48;2;248;246;248m[38;2;214;212;215m▎[48;2;248;248;250m[38;2;248;248;250m  [48;2;213;207;211m[38;2;80;74;78m▁[48;2;42;36;40m[38;2;173;167;171m▁[48;2;33;29;32m[38;2;188;183;187m▅[48;2;61;56;60m[38;2;239;235;239m▅[48;2;249;249;251m[38;2;249;249;251m  [48;2;124;119;123m[38;2;240;236;240m▊[48;2;21;17;20m[38;2;137;132;136m▁[48;2;1;1;3m[38;2;1;1;3m  [48;2;1;1;1m[38;2;1;1;1m          [0m
[48;2;1;1;1m[38;2;1;1;1m                  [48;2;1;1;3m[38;2;1;1;3m  [48;2;2;0;3m[38;2;2;0;3m  [48;2;1;1;3m[38;2;1;1;3m  [48;2;3;1;6m[38;2;3;1;6m    [48;2;2;0;3m[38;2;2;0;3m  [48;2;1;1;3m[38;2;1;1;3m  [48;2;1;1;1m[38;2;1;1;1m  [48;2;1;0;2m[38;2;13;11;14m│[48;2;78;76;79m[38;2;7;6;8m▊[48;2;255;255;255m[38;2;237;237;239m▌[48;2;253;253;254m[38;2;245;245;247m┃[48;2;251;251;252m[38;2;242;242;244m│[48;2;153;153;155m[38;2;244;244;245m▊[48;2;102;97;101m[38;2;17;13;16m▊[48;2;173;168;172m[38;2;235;231;234m▊[48;2;57;55;58m[38;2;204;202;205m▁[48;2;249;248;250m[38;2;233;231;234m▎[48;2;250;250;252m[38;2;250;250;252m  [48;2;245;245;247m[38;2;245;245;247m▄[48;2;91;91;93m[38;2;249;249;250m▊[48;2;0;0;2m[38;2;0;0;2m  [48;2;1;1;1m[38;2;1;1;1m          [0m
[48;2;1;1;1m[38;2;1;1;1m                  [48;2;2;0;3m[38;2;2;0;3m    [48;2;3;1;6m[38;2;3;1;6m      [48;2;1;1;3m[38;2;1;1;3m  [48;2;1;1;1m[38;2;1;1;1m  [48;2;1;1;3m[38;2;1;1;3m  [48;2;1;0;0m[38;2;13;11;12m│[48;2;78;76;77m[38;2;7;6;6m▊[48;2;255;255;255m[38;2;237;237;239m▌[48;2;253;253;254m[38;2;245;245;247m┃[48;2;237;237;239m[38;2;252;252;253m▊[48;2;194;194;196m[38;2;244;244;246m▊[48;2;61;56;60m[38;2;235;231;235m▁[48;2;251;247;250m[38;2;215;210;214m▎[48;2;250;250;252m[38;2;250;250;252m    [48;2;246;244;247m[38;2;246;244;247m▄[48;2;92;90;93m[38;2;250;248;250m▊[48;2;0;0;2m[38;2;0;0;2m  [48;2;1;1;3m[38;2;1;1;3m  [48;2;1;1;1m[38;2;1;1;1m        [0m
[48;2;4;2;10m[38;2;23;2;126m▂▂▂▂▂▂▂▂▂▂▂▂▂▂▂▂▂▂[48;2;5;3;12m[38;2;24;2;129m▂▂[48;2;4;2;10m[38;2;23;2;126m▂▂[48;2;5;3;12m[38;2;24;2;129m▂▂▂▂▂▂[48;2;5;3;11m[38;2;24;3;127m▂▂[48;2;4;2;10m[38;2;23;2;126m▂▂▂▂[48;2;3;1;10m[38;2;29;7;134m▂[48;2;16;12;22m[38;2;26;3;130m▂[48;2;227;221;239m[38;2;53;47;78m▆[48;2;248;246;247m[38;2;225;222;233m▎[48;2;250;250;252m[38;2;250;250;252m        [48;2;239;238;243m[38;2;251;250;253m▌[48;2;102;101;106m[38;2;248;247;251m▊[48;2;4;2;11m[38;2;23;1;128m▂▂[48;2;5;3;12m[38;2;24;2;129m▂▂[48;2;4;2;10m[38;2;23;2;126m▂▂▂▂▂▂▂▂[0m
[48;2;38;3;183m[38;2;38;3;183m                                    [48;2;64;33;188m[38;2;38;8;181m▊[48;2;229;221;235m[38;2;57;26;186m▆[48;2;239;237;242m[38;2;85;70;161m▂[48;2;246;245;248m[38;2;0;0;0m [48;2;250;250;252m[38;2;250;250;252m    [48;2;252;251;254m[38;2;245;244;249m▝[48;2;246;245;249m[38;2;218;217;222m▗[48;2;242;238;249m[38;2;69;46;177m▂[48;2;211;205;231m[38;2;50;31;168m▂[48;2;38;3;185m[38;2;38;3;185m  [48;2;38;3;183m[38;2;38;3;183m          [0m
[48;2;38;3;183m[38;2;38;3;183m                                      [48;2;103;87;160m[38;2;38;5;188m▊[48;2;239;233;240m[38;2;95;72;187m▂[48;2;250;250;252m[38;2;250;250;252m    [48;2;241;240;244m[38;2;0;0;0m [48;2;211;206;229m[38;2;65;45;174m▂[48;2;38;3;185m[38;2;38;3;185m  [48;2;38;3;183m[38;2;38;3;183m            [0m
[48;2;38;3;185m[38;2;38;3;185m                                      [48;2;45;9;194m[38;2;29;1;161m┏[48;2;104;80;192m[38;2;40;10;188m▊[48;2;237;236;236m[38;2;77;61;182m▂[48;2;243;242;247m[38;2;0;0;0m [48;2;250;250;252m[38;2;250;250;252m  [48;2;138;127;187m[38;2;243;241;245m▊[48;2;30;0;185m[38;2;59;36;168m▎[48;2;38;3;185m[38;2;38;3;185m              [0m
[48;2;38;3;185m[38;2;38;3;185m                                        [48;2;114;84;178m[38;2;37;8;178m▊[48;2;242;230;231m[38;2;197;121;144m▂[48;2;242;240;243m[38;2;252;250;252m▄[48;2;251;249;251m[38;2;241;239;242m▃[48;2;210;198;218m[38;2;179;83;131m▂[48;2;42;10;180m[38;2;0;0;0m [48;2;38;3;185m[38;2;38;3;185m              [0m
[48;2;38;3;185m[38;2;38;3;185m                                      [48;2;39;1;184m[38;2;39;7;147m▗[48;2;39;4;166m[38;2;39;28;43m▂[48;2;82;37;164m[38;2;213;73;95m▆[48;2;171;95;101m[38;2;208;68;104m▊[48;2;213;208;218m[38;2;119;47;133m▆[48;2;226;182;193m[38;2;216;77;98m▆[48;2;110;54;98m[38;2;208;71;100m▊[48;2;39;8;165m[38;2;39;25;51m▂[48;2;38;3;185m[38;2;38;3;185m              [0m
[48;2;38;3;185m[38;2;38;3;185m                                    [48;2;39;4;182m[38;2;39;4;182m  [48;2;21;7;84m[38;2;21;7;84m▄[48;2;10;8;15m[38;2;0;0;0m [48;2;164;57;67m[38;2;29;7;10m▆[48;2;183;70;93m[38;2;31;6;18m▂[48;2;176;65;94m[38;2;18;5;3m▂[48;2;161;48;78m[38;2;21;7;6m▆[48;2;125;37;71m[38;2;12;5;9m▆[48;2;11;9;13m[38;2;0;0;0m [48;2;35;8;143m[38;2;10;0;29m━[48;2;40;5;185m[38;2;40;5;185m▄[48;2;38;3;185m[38;2;38;3;185m            [0m
[48;2;38;3;185m[38;2;38;3;185m                                      [48;2;36;1;179m[38;2;36;4;161m▝[48;2;36;21;75m[38;2;36;2;181m▆[48;2;19;8;43m[38;2;38;5;179m▆▆▆▆[48;2;20;8;47m[38;2;39;5;183m▆▆[48;2;38;3;185m[38;2;38;3;185m              [0m
[48;2;40;2;185m[38;2;40;2;185m                                                            [0m
[48;2;40;2;185m[38;2;40;2;185m                                                            [0m
