[48;2;1;1;1m[38;2;1;1;1m                                                            [0m
[48;2;1;1;1m[38;2;1;1;1m                                                            [0m
[48;2;1;1;1m[38;2;1;1;1m                                                            [0m
[48;2;1;1;1m[38;2;1;1;1m                                                      [48;2;1;1;3m[38;2;1;1;3m  [48;2;1;1;1m[38;2;1;1;1m    [0m
[48;2;1;1;1m[38;2;1;1;1m                          [48;2;3;1;6m[38;2;3;1;6m  [48;2;1;1;3m[38;2;1;1;3m  [48;2;1;1;1m[38;2;1;1;1m        [48;2;3;1;4m[38;2;3;1;4m  [48;2;3;1;6m[38;2;3;1;6m  [48;2;3;1;4m[38;2;3;1;4m  [48;2;1;1;3m[38;2;1;1;3m  [48;2;1;1;1m[38;2;1;1;1m      [48;2;3;1;4m[38;2;3;1;4m  [48;2;3;1;6m[38;2;3;1;6m  [48;2;2;0;3m[38;2;2;0;3m  [48;2;1;1;1m[38;2;1;1;1m  [0m
[48;2;1;1;1m[38;2;1;1;1m                        [48;2;1;1;3m[38;2;1;1;3m  [48;2;3;1;6m[38;2;3;1;6m    [48;2;2;0;3m[38;2;2;0;3m  [48;2;1;1;3m[38;2;1;1;3m  [48;2;2;0;3m[38;2;2;0;3m  [48;2;1;1;3m[38;2;1;1;3m    [48;2;2;0;3m[38;2;2;0;3m  [48;2;3;1;6m[38;2;3;1;6m    [48;2;1;1;1m[38;2;1;1;1m    [48;2;3;1;6m[38;2;3;1;6m      [48;2;1;1;3m[38;2;1;1;3m  [48;2;1;1;1m[38;2;1;1;1m  [0m
[48;2;1;1;1m[38;2;1;1;1m                    [48;2;3;1;6m[38;2;3;1;6m    [48;2;3;1;4m[38;2;3;1;4m  [48;2;3;1;6m[38;2;3;1;6m    [48;2;2;0;3m[38;2;2;0;3m  [48;2;3;1;6m[38;2;3;1;6m        [48;2;1;1;3m[38;2;1;1;3m        [48;2;3;1;4m[38;2;3;1;4m  [48;2;3;1;6m[38;2;3;1;6m      [48;2;1;1;3m[38;2;1;1;3m  [48;2;1;1;1m[38;2;1;1;1m  [0m
[48;2;1;1;1m[38;2;1;1;1m                    [48;2;1;1;3m[38;2;1;1;3m  [48;2;3;1;6m[38;2;3;1;6m          [48;2;1;1;3m[38;2;1;1;3m  [48;2;3;1;4m[38;2;3;1;4m  [48;2;3;1;6m[38;2;3;1;6m  [48;2;2;0;3m[38;2;2;0;3m  [48;2;1;1;3m[38;2;1;1;3m        [48;2;3;1;4m[38;2;3;1;4m  [48;2;3;1;6m[38;2;3;1;6m        [48;2;3;1;4m[38;2;3;1;4m  [0m
[48;2;1;1;1m[38;2;1;1;1m                    [48;2;2;2;4m[38;2;2;2;4m  [48;2;3;1;4m[38;2;3;1;4m  [48;2;3;1;6m[38;2;3;1;6m              [48;2;2;0;3m[38;2;2;0;3m    [48;2;3;1;6m[38;2;3;1;6m    [48;2;3;1;4m[38;2;3;1;4m  [48;2;1;1;3m[38;2;1;1;3m    [48;2;3;1;4m[38;2;3;1;4m  [48;2;3;1;6m[38;2;3;1;6m    [48;2;1;1;3m[38;2;1;1;3m  [0m
[48;2;1;1;1m[38;2;1;1;1m                [48;2;2;0;3m[38;2;2;0;3m  [48;2;3;1;4m[38;2;3;1;4m  [48;2;2;0;3m[38;2;2;0;3m  [48;2;1;1;1m[38;2;1;1;1m  [48;2;1;1;3m[38;2;1;1;3m    [48;2;2;0;3m[38;2;2;0;3m  [48;2;3;1;6m[38;2;3;1;6m    [48;2;1;1;3m[38;2;1;1;3m  [48;2;2;2;4m[38;2;2;2;4m  [48;2;19;17;20m[38;2;88;86;89m▁[48;2;22;20;23m[38;2;225;223;226m▄[38;2;229;227;229m▄[48;2;21;19;22m[38;2;214;212;214m▄[48;2;6;4;7m[38;2;25;23;26m▃[48;2;1;0;2m[38;2;2;0;3m▖[48;2;1;1;3m[38;2;1;1;3m  [48;2;2;0;3m[38;2;2;0;3m  [48;2;3;1;4m[38;2;3;1;4m  [48;2;2;2;4m[38;2;2;2;4m  [48;2;1;1;1m[38;2;1;1;1m  [48;2;2;0;3m[38;2;2;0;3m  [48;2;3;1;6m[38;2;3;1;6m  [48;2;1;1;1m[38;2;1;1;1m  [0m
[48;2;1;1;1m[38;2;1;1;1m            [48;2;1;1;3m[38;2;1;1;3m  [48;2;3;1;6m[38;2;3;1;6m      [48;2;1;1;3m[38;2;1;1;3m  [48;2;1;1;1m[38;2;1;1;1m      [48;2;1;1;3m[38;2;1;1;3m        [48;2;19;14;18m[38;2;3;0;2m▊[48;2;60;55;59m[38;2;10;6;9m▊[48;2;240;223;230m[38;2;202;80;99m▄[48;2;244;227;235m[38;2;208;85;105m▄[48;2;247;245;246m[38;2;222;196;205m▁▁[48;2;225;220;222m[38;2;0;0;0m [48;2;35;30;31m[38;2;192;187;189m▄[48;2;2;2;4m[38;2;2;2;4m  [48;2;1;1;3m[38;2;1;1;3m  [48;2;3;1;6m[38;2;3;1;6m  [48;2;3;1;4m[38;2;3;1;4m  [48;2;3;1;6m[38;2;3;1;6m  [48;2;1;1;3m[38;2;1;1;3m  [48;2;1;1;1m[38;2;1;1;1m    [0m
[48;2;1;1;1m[38;2;1;1;1m            [48;2;3;1;6m[38;2;3;1;6m      [48;2;3;1;4m[38;2;3;1;4m  [48;2;1;1;3m[38;2;1;1;3m  [48;2;1;1;1m[38;2;1;1;1m    [48;2;3;1;6m[38;2;3;1;6m  [48;2;2;0;3m[38;2;2;0;3m  [48;2;6;4;7m[38;2;0;0;0m [48;2;9;7;10m[38;2;106;104;107m▁[48;2;4;2;7m[38;2;132;130;135m▁[48;2;13;11;16m[38;2;143;141;146m▁[48;2;32;28;31m[38;2;241;237;241m▄▄[48;2;29;13;18m[38;2;209;91;107m▄[48;2;53;15;27m[38;2;214;72;97m▄[48;2;215;77;102m[38;2;220;82;107m▄[48;2;214;76;101m[38;2;198;60;85m▄[48;2;183;65;89m[38;2;59;22;21m▄[48;2;217;61;98m[38;2;183;65;89m▄[48;2;159;56;86m[38;2;65;54;53m▄[48;2;49;37;37m[38;2;239;234;231m▄[48;2;26;24;27m[38;2;213;212;214m▄[48;2;12;10;13m[38;2;132;130;133m▁[48;2;0;0;2m[38;2;7;7;9m▅[48;2;4;4;6m[38;2;0;0;0m [48;2;2;0;3m[38;2;2;0;3m  [48;2;1;1;3m[38;2;1;1;3m  [48;2;3;1;6m[38;2;3;1;6m    [48;2;1;1;3m[38;2;1;1;3m  [48;2;1;1;1m[38;2;1;1;1m  [0m
[48;2;1;1;1m[38;2;1;1;1m            [48;2;1;1;3m[38;2;1;1;3m  [48;2;3;1;6m[38;2;3;1;6m  [48;2;2;0;3m[38;2;2;0;3m  [48;2;1;1;1m[38;2;1;1;1m  [48;2;3;1;6m[38;2;3;1;6m    [48;2;1;1;1m[38;2;1;1;1m    [48;2;3;1;4m[38;2;3;1;4m  [48;2;24;22;25m[38;2;198;196;199m▅[48;2;238;236;239m[38;2;0;0;0m [48;2;250;250;252m[38;2;250;250;252m    [48;2;241;238;235m[38;2;0;0;0m [48;2;197;90;121m[38;2;246;234;237m▅[48;2;224;181;188m[38;2;245;244;246m▊[48;2;217;93;112m[38;2;209;58;85m┃[48;2;213;71;97m[38;2;213;71;97m  [48;2;226;164;173m[38;2;202;82;101m▊[48;2;248;248;254m[38;2;246;238;236m▎[48;2;250;250;252m[38;2;250;250;252m  [48;2;228;226;228m[38;2;0;0;0m [48;2;44;42;45m[38;2;243;241;244m▄[48;2;11;9;12m[38;2;222;220;222m▅▅[48;2;43;39;42m[38;2;242;238;241m▄[48;2;34;29;33m[38;2;196;191;195m▄[48;2;14;12;15m[38;2;135;133;136m▁[48;2;8;6;9m[38;2;108;106;109m▁[48;2;3;1;6m[38;2;3;1;6m    [48;2;1;1;1m[38;2;1;1;1m  [0m
[48;2;1;1;1m[38;2;1;1;1m              [48;2;2;0;3m[38;2;2;0;3m  [48;2;1;1;3m[38;2;1;1;3m    [48;2;3;1;6m[38;2;3;1;6m  [48;2;3;1;4m[38;2;3;1;4m  [48;2;1;1;3m[38;2;1;1;3m  [48;2;1;1;1m[38;2;1;1;1m    [48;2;214;210;214m[38;2;29;25;28m▅[48;2;233;229;232m[38;2;99;94;98m▁[48;2;255;253;255m[38;2;116;111;115m▁[48;2;240;236;239m[38;2;36;32;35m▅[48;2;233;231;234m[38;2;40;39;41m▅[48;2;247;245;248m[38;2;217;215;218m▎[48;2;250;250;252m[38;2;250;250;252m  [48;2;247;242;239m[38;2;0;0;0m [48;2;195;83;116m[38;2;243;227;230m▅[48;2;198;70;92m[38;2;239;229;232m▅[48;2;222;94;116m[38;2;244;233;236m▅[48;2;250;250;252m[38;2;250;250;252m  [48;2;248;248;250m[38;2;248;248;250m  [48;2;244;242;245m[38;2;90;88;91m▁▁[48;2;245;243;245m[38;2;113;111;114m▁[48;2;243;241;243m[38;2;129;127;130m▁[48;2;250;250;252m[38;2;250;250;252m  [48;2;241;239;242m[38;2;252;250;252m┣[48;2;220;218;220m[38;2;0;0;0m [48;2;56;36;36m[38;2;232;182;192m▄[48;2;17;9;5m[38;2;201;72;108m▅[48;2;43;18;24m[38;2;198;65;108m▖[48;2;15;3;4m[38;2;1;2;0m┓[48;2;2;0;3m[38;2;2;0;3m  [0m
[48;2;1;1;1m[38;2;1;1;1m                [48;2;3;1;4m[38;2;3;1;4m  [48;2;3;1;6m[38;2;3;1;6m  [48;2;2;0;3m[38;2;2;0;3m  [48;2;3;1;6m[38;2;3;1;6m  [48;2;2;0;3m[38;2;2;0;3m  [48;2;1;1;1m[38;2;1;1;1m    [48;2;3;1;6m[38;2;3;1;6m    [48;2;14;10;13m[38;2;0;0;0m [48;2;223;219;223m[38;2;40;35;39m▅[48;2;237;236;238m[38;2;108;106;109m▁[48;2;245;243;246m[38;2;0;0;0m [48;2;250;250;252m[38;2;250;250;252m      [48;2;252;250;252m[38;2;236;234;237m│[48;2;142;140;143m[38;2;245;243;245m▊[48;2;2;0;3m[38;2;2;0;3m  [48;2;1;0;2m[38;2;11;9;12m▎[38;2;156;154;157m [48;2;231;229;232m[38;2;24;23;25m▅▅▅▅[48;2;217;168;180m[38;2;28;19;17m▅[48;2;197;70;108m[38;2;18;12;9m▅[48;2;22;13;16m[38;2;160;50;87m▘[48;2;15;1;3m[38;2;3;1;0m┛[48;2;1;1;3m[38;2;1;1;3m  [0m
[48;2;1;1;1m[38;2;1;1;1m                    [48;2;0;0;0m[38;2;0;0;0m  [48;2;1;1;3m[38;2;1;1;3m  [48;2;1;1;1m[38;2;1;1;1m    [48;2;2;0;3m[38;2;2;0;3m  [48;2;1;1;3m[38;2;1;1;3m  [48;2;3;1;6m[38;2;3;1;6m  [48;2;1;1;1m[38;2;1;1;1m  [48;2;15;11;14m[38;2;0;0;0m [48;2;221;217;220m[38;2;40;36;39m▅[48;2;233;231;234m[38;2;69;67;70m▁[48;2;242;240;242m[38;2;96;94;97m▁[48;2;250;250;252m[38;2;250;250;252m    [48;2;244;242;244m[38;2;0;0;0m [48;2;203;202;204m[38;2;87;85;88m▁[48;2;2;0;3m[38;2;2;0;3m  [48;2;1;1;1m[38;2;1;1;1m      [48;2;1;1;3m[38;2;1;1;3m    [48;2;1;1;1m[38;2;1;1;1m  [0m
[48;2;1;1;1m[38;2;1;1;1m                        [48;2;1;1;3m[38;2;1;1;3m  [48;2;3;1;6m[38;2;3;1;6m  [48;2;2;0;3m[38;2;2;0;3m    [48;2;3;1;6m[38;2;3;1;6m  [48;2;1;1;3m[38;2;1;1;3m  [48;2;1;0;2m[38;2;13;11;14m▄[48;2;26;25;27m[38;2;169;167;170m▁[48;2;37;32;36m[38;2;229;224;228m▅[48;2;46;41;45m[38;2;225;220;224m▅[48;2;212;207;211m[38;2;68;63;67m▅[48;2;226;222;225m[38;2;22;18;21m▅[48;2;220;219;222m[38;2;21;19;24m▅▅[48;2;203;198;201m[38;2;96;90;94m▅[48;2;31;25;29m[38;2;208;203;207m▅[48;2;1;0;2m[38;2;7;5;8m▃[38;2;9;7;10m━[48;2;1;1;3m[38;2;1;1;3m  [48;2;1;1;1m[38;2;1;1;1m        [48;2;1;1;3m[38;2;1;1;3m  [0m
[48;2;1;1;1m[38;2;1;1;1m                    [48;2;2;0;3m[38;2;2;0;3m  [48;2;1;1;1m[38;2;1;1;1m  [48;2;3;1;6m[38;2;3;1;6m    [48;2;1;1;3m[38;2;1;1;3m  [48;2;2;0;3m[38;2;2;0;3m  [48;2;1;1;3m[38;2;1;1;3m    [48;2;79;77;80m[38;2;8;6;9m▊[48;2;248;247;249m[38;2;202;200;203m▎[48;2;248;248;250m[38;2;248;248;250m  [48;2;213;207;211m[38;2;87;81;85m▁[48;2;42;37;40m[38;2;188;182;186m▁[48;2;31;27;30m[38;2;240;237;240m▅[48;2;51;46;50m[38;2;240;236;239m▅[48;2;249;249;251m[38;2;249;249;251m  [48;2;124;119;123m[38;2;240;236;240m▊[48;2;21;17;20m[38;2;137;132;136m▁[48;2;1;1;3m[38;2;1;1;3m  [48;2;1;1;1m[38;2;1;1;1m          [0m
[48;2;1;1;1m[38;2;1;1;1m                  [48;2;1;1;3m[38;2;1;1;3m  [48;2;2;0;3m[38;2;2;0;3m  [48;2;1;1;3m[38;2;1;1;3m  [48;2;3;1;6m[38;2;3;1;6m    [48;2;2;0;3m[38;2;2;0;3m  [48;2;1;1;3m[38;2;1;1;3m  [48;2;1;1;1m[38;2;1;1;1m  [48;2;14;12;15m[38;2;4;3;5m▊[48;2;16;14;17m[38;2;0;0;0m [48;2;55;53;56m[38;2;228;226;229m▅[48;2;246;244;247m[38;2;0;0;0m [48;2;251;251;252m[38;2;242;242;244m│[48;2;153;153;155m[38;2;244;244;245m▊[48;2;115;110;114m[38;2;20;16;19m▊[48;2;252;247;251m[38;2;210;205;209m▎[48;2;250;250;252m[38;2;250;250;252m    [48;2;245;245;247m[38;2;245;245;247m▄[48;2;91;91;93m[38;2;249;249;250m▊[48;2;0;0;2m[38;2;0;0;2m  [48;2;1;1;1m[38;2;1;1;1m          [0m
[48;2;1;1;1m[38;2;1;1;1m                  [48;2;2;0;3m[38;2;2;0;3m    [48;2;3;1;6m[38;2;3;1;6m      [48;2;1;1;3m[38;2;1;1;3m  [48;2;1;1;1m[38;2;1;1;1m  [48;2;1;1;3m[38;2;1;1;3m  [48;2;1;0;0m[38;2;13;11;12m│[48;2;78;76;77m[38;2;7;6;6m▊[48;2;255;255;255m[38;2;237;237;239m▌[48;2;253;253;254m[38;2;245;245;247m┃[48;2;252;252;253m▎[48;2;246;246;247m[38;2;218;218;220m▝[48;2;70;68;71m[38;2;245;243;245m▅[48;2;243;242;244m[38;2;0;0;0m [48;2;250;250;252m[38;2;250;250;252m    [48;2;240;239;241m[38;2;0;0;0m [48;2;82;80;83m[38;2;197;196;198m▊[48;2;0;0;2m[38;2;0;0;2m  [48;2;1;1;3m[38;2;1;1;3m  [48;2;1;1;1m[38;2;1;1;1m        [0m
[48;2;4;2;10m[38;2;23;2;126m▂▂▂▂▂▂▂▂▂▂▂▂▂▂▂▂▂▂[48;2;5;3;12m[38;2;24;2;129m▂▂[48;2;4;2;10m[38;2;23;2;126m▂▂[48;2;5;3;12m[38;2;24;2;129m▂▂▂▂▂▂[48;2;5;3;11m[38;2;24;3;127m▂▂[48;2;4;2;10m[38;2;23;2;126m▂▂▂▂[48;2;9;5;14m[38;2;25;3;128m▂[48;2;27;22;32m[38;2;28;10;131m▂[48;2;228;225;236m[38;2;71;51;175m▁[48;2;242;241;241m[38;2;0;0;0m [48;2;250;250;252m[38;2;250;250;252m      [48;2;241;241;243m[38;2;251;251;252m▄[48;2;250;250;251m[38;2;240;240;242m▃[48;2;94;87;121m[38;2;206;197;232m▊[48;2;11;6;23m[38;2;40;15;181m▁[48;2;4;2;10m[38;2;23;2;126m▂▂[48;2;5;3;12m[38;2;24;2;129m▂▂[48;2;4;2;10m[38;2;23;2;126m▂▂▂▂▂▂▂▂[0m
[48;2;38;3;183m[38;2;38;3;183m                                    [48;2;87;64;197m[38;2;35;6;181m▊[48;2;234;232;237m[38;2;81;60;181m▂[48;2;249;249;251m[38;2;249;249;251m  [48;2;250;250;252m[38;2;250;250;252m    [48;2;242;241;244m[38;2;0;0;0m [48;2;211;207;229m[38;2;66;46;175m▂[48;2;38;3;185m[38;2;38;3;185m  [48;2;38;3;183m[38;2;38;3;183m            [0m
[48;2;38;3;183m[38;2;38;3;183m                                    [48;2;40;5;185m[38;2;40;5;185m  [48;2;227;223;237m[38;2;69;45;185m▆[48;2;249;248;246m[38;2;218;214;222m▎[48;2;250;250;252m[38;2;250;250;252m    [48;2;138;127;187m[38;2;243;241;245m▊[48;2;30;0;185m[38;2;59;36;168m▎[48;2;38;3;183m[38;2;38;3;183m              [0m
[48;2;38;3;185m[38;2;38;3;185m                                      [48;2;43;13;179m[38;2;0;0;0m [48;2;218;208;242m[38;2;65;38;182m▆[48;2;248;248;250m[38;2;248;248;250m  [48;2;250;250;252m[38;2;250;250;252m  [48;2;239;238;243m[38;2;0;0;0m [48;2;55;38;166m[38;2;210;206;230m▆[48;2;38;3;185m[38;2;38;3;185m              [0m
[48;2;38;3;185m[38;2;38;3;185m                                      [48;2;44;15;180m[38;2;0;0;0m [48;2;154;138;208m[38;2;154;138;208m▄[48;2;249;249;251m[38;2;249;249;251m  [48;2;250;250;252m[38;2;250;250;252m  [48;2;237;235;242m[38;2;0;0;0m [48;2;209;205;228m[38;2;49;29;174m▂[48;2;38;3;185m[38;2;38;3;185m              [0m
[48;2;38;3;185m[38;2;38;3;185m                                      [48;2;52;5;140m[38;2;43;10;192m▊[48;2;101;61;149m[38;2;207;71;96m▅[48;2;232;214;205m[38;2;211;76;106m▆▆[48;2;225;212;228m[38;2;119;42;130m▆[48;2;244;218;226m[38;2;201;78;96m▆[48;2;205;181;204m[38;2;181;77;104m▆[48;2;41;9;163m[38;2;30;10;62m▂[48;2;38;3;185m[38;2;38;3;185m              [0m
[48;2;38;3;185m[38;2;38;3;185m                                    [48;2;39;4;182m[38;2;39;4;182m  [48;2;30;17;65m[38;2;30;5;151m▂[48;2;142;54;66m[38;2;18;6;15m▆[48;2;165;58;68m[38;2;30;7;11m▆[48;2;184;71;94m[38;2;32;6;19m▂[48;2;176;65;94m[38;2;18;5;3m▂[48;2;161;48;78m[38;2;21;7;6m▆[48;2;125;37;71m[38;2;12;5;9m▆[48;2;11;9;13m[38;2;0;0;0m [48;2;35;8;143m[38;2;10;0;29m━[48;2;40;5;185m[38;2;40;5;185m▄[48;2;38;3;185m[38;2;38;3;185m            [0m
[48;2;38;3;185m[38;2;38;3;185m                                      [48;2;36;1;179m[38;2;36;4;161m▝[48;2;36;21;75m[38;2;36;2;181m▆[48;2;19;8;43m[38;2;38;5;179m▆▆▆▆[48;2;20;8;47m[38;2;39;5;183m▆▆[48;2;38;3;185m[38;2;38;3;185m              [0m
[48;2;40;2;185m[38;2;40;2;185m                                                            [0m
[48;2;40;2;185m[38;2;40;2;185m                                                            [0m
