[48;2;1;1;1m[38;2;1;1;1m                                                            [0m
[48;2;1;1;1m[38;2;1;1;1m                                                            [0m
[48;2;1;1;1m[38;2;1;1;1m                                                            [0m
[48;2;1;1;1m[38;2;1;1;1m                                                      [48;2;1;1;3m[38;2;1;1;3m  [48;2;1;1;1m[38;2;1;1;1m    [0m
[48;2;1;1;1m[38;2;1;1;1m                          [48;2;3;1;6m[38;2;3;1;6m  [48;2;1;1;3m[38;2;1;1;3m  [48;2;1;1;1m[38;2;1;1;1m        [48;2;3;1;4m[38;2;3;1;4m  [48;2;3;1;6m[38;2;3;1;6m  [48;2;3;1;4m[38;2;3;1;4m  [48;2;1;1;3m[38;2;1;1;3m  [48;2;1;1;1m[38;2;1;1;1m      [48;2;3;1;4m[38;2;3;1;4m  [48;2;3;1;6m[38;2;3;1;6m  [48;2;2;0;3m[38;2;2;0;3m  [48;2;1;1;1m[38;2;1;1;1m  [0m
[48;2;1;1;1m[38;2;1;1;1m                        [48;2;1;1;3m[38;2;1;1;3m  [48;2;3;1;6m[38;2;3;1;6m    [48;2;2;0;3m[38;2;2;0;3m  [48;2;1;1;3m[38;2;1;1;3m  [48;2;2;0;3m[38;2;2;0;3m  [48;2;1;1;3m[38;2;1;1;3m    [48;2;2;0;3m[38;2;2;0;3m  [48;2;3;1;6m[38;2;3;1;6m    [48;2;1;1;1m[38;2;1;1;1m    [48;2;3;1;6m[38;2;3;1;6m      [48;2;1;1;3m[38;2;1;1;3m  [48;2;1;1;1m[38;2;1;1;1m  [0m
[48;2;1;1;1m[38;2;1;1;1m                    [48;2;3;1;6m[38;2;3;1;6m    [48;2;3;1;4m[38;2;3;1;4m  [48;2;3;1;6m[38;2;3;1;6m    [48;2;2;0;3m[38;2;2;0;3m  [48;2;3;1;6m[38;2;3;1;6m        [48;2;1;1;3m[38;2;1;1;3m        [48;2;3;1;4m[38;2;3;1;4m  [48;2;3;1;6m[38;2;3;1;6m      [48;2;1;1;3m[38;2;1;1;3m  [48;2;1;1;1m[38;2;1;1;1m  [0m
[48;2;1;1;1m[38;2;1;1;1m                    [48;2;1;1;3m[38;2;1;1;3m  [48;2;3;1;6m[38;2;3;1;6m          [48;2;1;1;3m[38;2;1;1;3m  [48;2;3;1;4m[38;2;3;1;4m  [48;2;3;1;6m[38;2;3;1;6m  [48;2;2;0;3m[38;2;2;0;3m  [48;2;1;1;3m[38;2;1;1;3m        [48;2;3;1;4m[38;2;3;1;4m  [48;2;3;1;6m[38;2;3;1;6m        [48;2;3;1;4m[38;2;3;1;4m  [0m
[48;2;1;1;1m[38;2;1;1;1m                    [48;2;2;2;4m[38;2;2;2;4m  [48;2;3;1;4m[38;2;3;1;4m  [48;2;3;1;6m[38;2;3;1;6m              [48;2;2;0;3m[38;2;2;0;3m    [48;2;3;1;6m[38;2;3;1;6m    [48;2;3;1;4m[38;2;3;1;4m  [48;2;1;1;3m[38;2;1;1;3m    [48;2;3;1;4m[38;2;3;1;4m  [48;2;3;1;6m[38;2;3;1;6m    [48;2;1;1;3m[38;2;1;1;3m  [0m
[48;2;1;1;1m[38;2;1;1;1m                [48;2;2;0;3m[38;2;2;0;3m  [48;2;3;1;4m[38;2;3;1;4m  [48;2;2;0;3m[38;2;2;0;3m  [48;2;1;1;1m[38;2;1;1;1m  [48;2;1;1;3m[38;2;1;1;3m    [48;2;2;0;3m[38;2;2;0;3m  [48;2;3;1;6m[38;2;3;1;6m    [48;2;1;1;3m[38;2;1;1;3m  [48;2;2;2;4m[38;2;2;2;4m  [48;2;19;17;20m[38;2;88;86;89m▁[48;2;22;20;23m[38;2;225;223;226m▄[38;2;229;227;229m▄[48;2;21;19;22m[38;2;214;212;214m▄[48;2;6;4;7m[38;2;25;23;26m▃[48;2;1;0;2m[38;2;2;0;3m▖[48;2;1;1;3m[38;2;1;1;3m  [48;2;2;0;3m[38;2;2;0;3m  [48;2;3;1;4m[38;2;3;1;4m  [48;2;2;2;4m[38;2;2;2;4m  [48;2;1;1;1m[38;2;1;1;1m  [48;2;2;0;3m[38;2;2;0;3m  [48;2;3;1;6m[38;2;3;1;6m  [48;2;1;1;1m[38;2;1;1;1m  [0m
[48;2;1;1;1m[38;2;1;1;1m            [48;2;1;1;3m[38;2;1;1;3m  [48;2;3;1;6m[38;2;3;1;6m      [48;2;1;1;3m[38;2;1;1;3m  [48;2;1;1;1m[38;2;1;1;1m      [48;2;1;1;3m[38;2;1;1;3m        [48;2;19;14;18m[38;2;3;0;2m▊[48;2;60;55;59m[38;2;10;6;9m▊[48;2;236;219;226m[38;2;207;85;105m▄[48;2;241;223;231m[38;2;213;91;111m▄[48;2;247;245;246m[38;2;222;196;205m▁▁[48;2;225;220;222m[38;2;0;0;0m [48;2;35;30;31m[38;2;192;187;189m▄[48;2;2;2;4m[38;2;2;2;4m  [48;2;1;1;3m[38;2;1;1;3m  [48;2;3;1;6m[38;2;3;1;6m  [48;2;3;1;4m[38;2;3;1;4m  [48;2;3;1;6m[38;2;3;1;6m  [48;2;1;1;3m[38;2;1;1;3m  [48;2;1;1;1m[38;2;1;1;1m    [0m
[48;2;1;1;1m[38;2;1;1;1m            [48;2;3;1;6m[38;2;3;1;6m      [48;2;3;1;4m[38;2;3;1;4m  [48;2;1;1;3m[38;2;1;1;3m  [48;2;1;1;1m[38;2;1;1;1m    [48;2;3;1;6m[38;2;3;1;6m  [48;2;2;0;3m[38;2;2;0;3m      [48;2;1;0;2m[38;2;3;1;4m▄[48;2;13;12;14m[38;2;113;111;114m▁[48;2;29;13;17m[38;2;208;90;106m▄[48;2;52;14;26m[38;2;213;71;96m▄[48;2;215;77;102m[38;2;220;82;107m▄[48;2;214;76;101m[38;2;198;60;85m▄[48;2;183;65;89m[38;2;59;22;21m▄[48;2;217;61;98m[38;2;183;65;89m▄[48;2;159;56;86m[38;2;65;54;53m▄[48;2;49;37;37m[38;2;239;234;231m▄[48;2;26;24;27m[38;2;213;212;214m▄[48;2;12;10;13m[38;2;132;130;133m▁[48;2;0;0;2m[38;2;7;7;9m▅[48;2;4;4;6m[38;2;0;0;0m [48;2;2;0;3m[38;2;2;0;3m  [48;2;1;1;3m[38;2;1;1;3m  [48;2;3;1;6m[38;2;3;1;6m    [48;2;1;1;3m[38;2;1;1;3m  [48;2;1;1;1m[38;2;1;1;1m  [0m
[48;2;1;1;1m[38;2;1;1;1m            [48;2;1;1;3m[38;2;1;1;3m  [48;2;3;1;6m[38;2;3;1;6m  [48;2;2;0;3m[38;2;2;0;3m  [48;2;1;1;1m[38;2;1;1;1m  [48;2;3;1;6m[38;2;3;1;6m    [48;2;1;1;1m[38;2;1;1;1m    [48;2;1;1;3m[38;2;1;1;3m    [48;2;8;7;7m[38;2;131;129;130m▁[48;2;16;14;15m[38;2;158;156;157m▁[48;2;27;25;28m[38;2;215;213;216m▅[48;2;242;240;243m[38;2;0;0;0m [48;2;241;238;235m [48;2;197;90;121m[38;2;246;234;237m▅[48;2;224;181;188m[38;2;245;244;246m▊[48;2;217;93;112m[38;2;209;58;85m┃[48;2;213;71;97m[38;2;213;71;97m  [48;2;226;164;173m[38;2;202;82;101m▊[48;2;248;248;254m[38;2;246;238;236m▎[48;2;250;250;252m[38;2;250;250;252m  [48;2;228;226;228m[38;2;0;0;0m [48;2;44;42;45m[38;2;243;241;244m▄[48;2;11;9;12m[38;2;222;220;222m▅▅[48;2;35;30;34m[38;2;206;201;205m▄[48;2;12;8;11m[38;2;145;140;144m▁[48;2;10;8;11m[38;2;106;104;107m▁[48;2;6;5;7m[38;2;0;0;0m [48;2;3;1;6m[38;2;3;1;6m    [48;2;1;1;1m[38;2;1;1;1m  [0m
[48;2;1;1;1m[38;2;1;1;1m              [48;2;2;0;3m[38;2;2;0;3m  [48;2;1;1;3m[38;2;1;1;3m    [48;2;3;1;6m[38;2;3;1;6m  [48;2;3;1;4m[38;2;3;1;4m  [48;2;1;1;3m[38;2;1;1;3m  [48;2;1;1;1m[38;2;1;1;1m    [48;2;1;0;2m[38;2;8;6;9m━[48;2;32;30;33m[38;2;209;207;210m▅[48;2;244;244;246m[38;2;231;231;233m▘[48;2;253;253;254m[38;2;246;246;248m▃[48;2;250;250;252m[38;2;250;250;252m    [48;2;247;242;239m[38;2;0;0;0m [48;2;195;83;116m[38;2;243;227;230m▅[48;2;198;70;92m[38;2;239;229;232m▅[48;2;222;94;116m[38;2;244;233;236m▅[48;2;250;250;252m[38;2;250;250;252m  [48;2;248;248;250m[38;2;248;248;250m  [48;2;244;242;245m[38;2;90;88;91m▁▁[48;2;245;243;245m[38;2;113;111;114m▁[48;2;243;241;243m[38;2;129;127;130m▁[48;2;250;250;252m[38;2;250;250;252m  [48;2;220;214;215m[38;2;0;0;0m [48;2;18;16;15m[38;2;205;161;175m▅[48;2;43;17;23m[38;2;202;71;114m▖[48;2;14;0;0m[38;2;7;4;2m▆[48;2;3;1;6m[38;2;3;1;6m  [48;2;2;0;3m[38;2;2;0;3m  [0m
[48;2;1;1;1m[38;2;1;1;1m                [48;2;3;1;4m[38;2;3;1;4m  [48;2;3;1;6m[38;2;3;1;6m  [48;2;2;0;3m[38;2;2;0;3m  [48;2;3;1;6m[38;2;3;1;6m  [48;2;2;0;3m[38;2;2;0;3m  [48;2;1;1;1m[38;2;1;1;1m    [48;2;3;0;4m[38;2;4;0;5m▄[48;2;209;205;210m[38;2;31;26;32m▅[48;2;233;231;234m[38;2;70;68;71m▁▁[48;2;235;230;234m[38;2;36;31;35m▅▅[48;2;237;236;238m[38;2;108;106;109m▁[48;2;245;243;246m[38;2;0;0;0m [48;2;250;250;252m[38;2;250;250;252m      [48;2;252;250;252m[38;2;236;234;237m│[48;2;142;140;143m[38;2;245;243;245m▊[48;2;2;0;3m[38;2;2;0;3m  [48;2;1;0;2m[38;2;11;9;12m▎[38;2;156;154;157m [48;2;231;229;232m[38;2;24;23;25m▅▅[48;2;215;180;189m[38;2;16;16;13m▅[48;2;209;69;112m[38;2;20;6;7m▅[48;2;31;10;15m[38;2;168;57;94m▘[48;2;1;6;2m[38;2;14;0;1m▗[48;2;3;1;6m[38;2;3;1;6m  [48;2;1;1;3m[38;2;1;1;3m  [0m
[48;2;1;1;1m[38;2;1;1;1m                    [48;2;0;0;0m[38;2;0;0;0m  [48;2;1;1;3m[38;2;1;1;3m  [48;2;1;1;1m[38;2;1;1;1m    [48;2;2;0;3m[38;2;2;0;3m  [48;2;1;1;3m[38;2;1;1;3m  [48;2;3;1;6m[38;2;3;1;6m  [48;2;1;1;1m[38;2;1;1;1m  [48;2;15;11;14m[38;2;0;0;0m [48;2;221;217;220m[38;2;40;36;39m▅[48;2;233;231;234m[38;2;69;67;70m▁[48;2;242;240;242m[38;2;96;94;97m▁[48;2;250;250;252m[38;2;250;250;252m    [48;2;244;242;244m[38;2;0;0;0m [48;2;203;202;204m[38;2;87;85;88m▁[48;2;2;0;3m[38;2;2;0;3m  [48;2;1;1;1m[38;2;1;1;1m      [48;2;1;1;3m[38;2;1;1;3m    [48;2;1;1;1m[38;2;1;1;1m  [0m
[48;2;1;1;1m[38;2;1;1;1m                        [48;2;1;1;3m[38;2;1;1;3m  [48;2;3;1;6m[38;2;3;1;6m  [48;2;2;0;3m[38;2;2;0;3m    [48;2;3;1;6m[38;2;3;1;6m  [48;2;1;1;3m[38;2;1;1;3m  [48;2;13;11;14m[38;2;1;0;2m▊[48;2;21;19;22m[38;2;0;0;0m [48;2;33;29;32m[38;2;230;225;229m▅[48;2;46;42;45m[38;2;220;216;219m▅[48;2;212;207;211m[38;2;68;63;67m▅[48;2;226;222;225m[38;2;22;18;21m▅[48;2;220;219;222m[38;2;21;19;24m▅▅[48;2;203;198;201m[38;2;96;90;94m▅[48;2;31;25;29m[38;2;208;203;207m▅[48;2;1;0;2m[38;2;7;5;8m▃[38;2;9;7;10m━[48;2;1;1;3m[38;2;1;1;3m  [48;2;1;1;1m[38;2;1;1;1m        [48;2;1;1;3m[38;2;1;1;3m  [0m
[48;2;1;1;1m[38;2;1;1;1m                    [48;2;2;0;3m[38;2;2;0;3m  [48;2;1;1;1m[38;2;1;1;1m  [48;2;3;1;6m[38;2;3;1;6m    [48;2;1;1;3m[38;2;1;1;3m  [48;2;2;0;3m[38;2;2;0;3m  [48;2;1;1;3m[38;2;1;1;3m    [48;2;49;47;50m[38;2;11;9;12m▊[48;2;56;55;57m[38;2;224;222;225m▅[48;2;241;241;243m[38;2;251;251;252m▄[48;2;250;250;251m[38;2;240;240;242m▃[48;2;213;207;211m[38;2;87;81;85m▁[48;2;42;37;40m[38;2;188;182;186m▁[48;2;31;27;30m[38;2;240;237;240m▅[48;2;51;46;50m[38;2;240;236;239m▅[48;2;249;249;251m[38;2;249;249;251m  [48;2;124;119;123m[38;2;240;236;240m▊[48;2;21;17;20m[38;2;137;132;136m▁[48;2;1;1;3m[38;2;1;1;3m  [48;2;1;1;1m[38;2;1;1;1m          [0m
[48;2;1;1;1m[38;2;1;1;1m                  [48;2;1;1;3m[38;2;1;1;3m  [48;2;2;0;3m[38;2;2;0;3m  [48;2;1;1;3m[38;2;1;1;3m  [48;2;3;1;6m[38;2;3;1;6m    [48;2;2;0;3m[38;2;2;0;3m  [48;2;1;1;3m[38;2;1;1;3m  [48;2;1;1;1m[38;2;1;1;1m  [48;2;4;2;5m[38;2;4;2;5m  [48;2;33;31;34m[38;2;211;209;212m▁[48;2;247;246;248m[38;2;212;211;213m▎[48;2;251;251;252m[38;2;242;242;244m│[48;2;153;153;155m[38;2;244;244;245m▊[48;2;115;110;114m[38;2;20;16;19m▊[48;2;252;247;251m[38;2;210;205;209m▎[48;2;250;250;252m[38;2;250;250;252m    [48;2;245;245;247m[38;2;245;245;247m▄[48;2;91;91;93m[38;2;249;249;250m▊[48;2;0;0;2m[38;2;0;0;2m  [48;2;1;1;1m[38;2;1;1;1m          [0m
[48;2;1;1;1m[38;2;1;1;1m                  [48;2;2;0;3m[38;2;2;0;3m    [48;2;3;1;6m[38;2;3;1;6m      [48;2;1;1;3m[38;2;1;1;3m  [48;2;1;1;1m[38;2;1;1;1m  [48;2;1;1;3m[38;2;1;1;3m  [48;2;1;0;0m[38;2;13;11;12m│[48;2;78;76;77m[38;2;7;6;6m▊[48;2;255;255;255m[38;2;237;237;239m▌[48;2;253;253;254m[38;2;245;245;247m┃[48;2;237;237;239m[38;2;252;252;253m▊[48;2;194;194;196m[38;2;244;244;246m▊[48;2;61;56;60m[38;2;238;233;237m▁[48;2;249;245;248m[38;2;223;218;222m▎[48;2;250;250;252m[38;2;250;250;252m    [48;2;240;239;241m[38;2;0;0;0m [48;2;82;80;83m[38;2;197;196;198m▊[48;2;0;0;2m[38;2;0;0;2m  [48;2;1;1;3m[38;2;1;1;3m  [48;2;1;1;1m[38;2;1;1;1m        [0m
[48;2;4;2;10m[38;2;23;2;126m▂▂▂▂▂▂▂▂▂▂▂▂▂▂▂▂▂▂[48;2;5;3;12m[38;2;24;2;129m▂▂[48;2;4;2;10m[38;2;23;2;126m▂▂[48;2;5;3;12m[38;2;24;2;129m▂▂▂▂▂▂[48;2;5;3;11m[38;2;24;3;127m▂▂[48;2;4;2;10m[38;2;23;2;126m▂▂▂▂[48;2;3;1;10m[38;2;29;7;134m▂[48;2;16;12;22m[38;2;26;3;130m▂[48;2;227;221;240m[38;2;53;46;79m▆[48;2;248;246;248m[38;2;225;222;235m▎[48;2;250;250;252m[38;2;250;250;252m      [48;2;241;241;243m[38;2;251;251;252m▄[48;2;250;250;251m[38;2;240;240;242m▃[48;2;94;87;121m[38;2;206;197;232m▊[48;2;11;6;23m[38;2;40;15;181m▁[48;2;4;2;10m[38;2;23;2;126m▂▂[48;2;5;3;12m[38;2;24;2;129m▂▂[48;2;4;2;10m[38;2;23;2;126m▂▂▂▂▂▂▂▂[0m
[48;2;38;3;183m[38;2;38;3;183m                                    [48;2;60;29;195m[38;2;36;9;175m▆[48;2;230;222;247m[38;2;59;31;182m▆[48;2;250;250;251m[38;2;232;232;234m▌[48;2;250;250;252m[38;2;255;255;255m▌[38;2;250;250;252m    [48;2;252;252;246m[38;2;236;236;238m│[48;2;142;134;181m[38;2;245;243;251m▊[48;2;38;3;185m[38;2;38;3;185m  [48;2;38;3;183m[38;2;38;3;183m            [0m
[48;2;38;3;183m[38;2;38;3;183m                                    [48;2;40;5;185m[38;2;40;5;185m  [48;2;227;223;237m[38;2;69;45;185m▆[48;2;249;248;246m[38;2;218;214;222m▎[48;2;250;250;252m[38;2;250;250;252m    [48;2;176;168;209m[38;2;246;243;246m▊[48;2;206;200;223m[38;2;43;19;176m▆[48;2;38;3;183m[38;2;38;3;183m              [0m
[48;2;38;3;185m[38;2;38;3;185m                                      [48;2;37;9;173m[38;2;0;0;0m [48;2;222;212;245m[38;2;70;43;188m▆[48;2;249;249;251m[38;2;249;249;251m  [48;2;250;250;252m[38;2;250;250;252m  [48;2;138;126;188m[38;2;243;240;247m▊[48;2;30;0;187m[38;2;59;36;170m▎[48;2;38;3;185m[38;2;38;3;185m              [0m
[48;2;38;3;185m[38;2;38;3;185m                                      [48;2;49;12;206m[38;2;33;1;177m▊[48;2;93;66;199m[38;2;41;11;177m▊[48;2;237;236;237m[38;2;77;61;184m▂[48;2;243;242;248m[38;2;0;0;0m [48;2;250;250;252m[38;2;250;250;252m  [48;2;138;126;188m[38;2;243;240;247m▊[48;2;30;0;187m[38;2;59;36;170m▎[48;2;38;3;185m[38;2;38;3;185m              [0m
[48;2;38;3;185m[38;2;38;3;185m                                      [48;2;36;0;185m[38;2;36;4;161m▗[48;2;36;3;165m[38;2;36;24;60m▂[48;2;68;21;156m[38;2;198;71;116m▂[48;2;221;197;198m[38;2;200;78;107m▆[48;2;233;214;204m[38;2;210;73;103m▆[48;2;245;223;216m[38;2;205;68;98m▆[48;2;195;184;182m[38;2;115;43;69m▆[48;2;46;9;176m[38;2;20;20;47m▂[48;2;38;3;185m[38;2;38;3;185m              [0m
[48;2;38;3;185m[38;2;38;3;185m                                    [48;2;39;4;182m[38;2;39;4;182m  [48;2;21;7;84m[38;2;21;7;84m▄[48;2;10;8;15m[38;2;0;0;0m [48;2;164;54;81m[38;2;29;7;7m▆[48;2;183;69;97m[38;2;31;7;8m▂[48;2;183;62;95m[38;2;45;17;18m▃[48;2;142;47;71m[38;2;24;8;7m▆[48;2;3;2;8m[38;2;3;2;8m  [48;2;35;8;143m[38;2;10;0;29m━[48;2;40;5;185m[38;2;40;5;185m▄[48;2;38;3;185m[38;2;38;3;185m            [0m
[48;2;38;3;185m[38;2;38;3;185m                                      [48;2;36;1;179m[38;2;36;4;161m▝[48;2;36;21;75m[38;2;36;2;181m▆[48;2;19;8;43m[38;2;38;5;179m▆▆▆▆[48;2;20;8;47m[38;2;39;5;183m▆▆[48;2;38;3;185m[38;2;38;3;185m              [0m
[48;2;40;2;185m[38;2;40;2;185m                                                            [0m
[48;2;40;2;185m[38;2;40;2;185m                                                            [0m
