[48;2;1;1;1m[38;2;1;1;1m                                                            [0m
[48;2;1;1;1m[38;2;1;1;1m                                                            [0m
[48;2;1;1;1m[38;2;1;1;1m                                                            [0m
[48;2;1;1;1m[38;2;1;1;1m                                                      [48;2;1;1;3m[38;2;1;1;3m  [48;2;1;1;1m[38;2;1;1;1m    [0m
[48;2;1;1;1m[38;2;1;1;1m                          [48;2;3;1;6m[38;2;3;1;6m  [48;2;1;1;3m[38;2;1;1;3m  [48;2;1;1;1m[38;2;1;1;1m        [48;2;3;1;4m[38;2;3;1;4m  [48;2;3;1;6m[38;2;3;1;6m  [48;2;3;1;4m[38;2;3;1;4m  [48;2;1;1;3m[38;2;1;1;3m  [48;2;1;1;1m[38;2;1;1;1m      [48;2;3;1;4m[38;2;3;1;4m  [48;2;3;1;6m[38;2;3;1;6m  [48;2;2;0;3m[38;2;2;0;3m  [48;2;1;1;1m[38;2;1;1;1m  [0m
[48;2;1;1;1m[38;2;1;1;1m                        [48;2;1;1;3m[38;2;1;1;3m  [48;2;3;1;6m[38;2;3;1;6m    [48;2;2;0;3m[38;2;2;0;3m  [48;2;1;1;3m[38;2;1;1;3m  [48;2;2;0;3m[38;2;2;0;3m  [48;2;1;1;3m[38;2;1;1;3m    [48;2;2;0;3m[38;2;2;0;3m  [48;2;3;1;6m[38;2;3;1;6m    [48;2;1;1;1m[38;2;1;1;1m    [48;2;3;1;6m[38;2;3;1;6m      [48;2;1;1;3m[38;2;1;1;3m  [48;2;1;1;1m[38;2;1;1;1m  [0m
[48;2;1;1;1m[38;2;1;1;1m                    [48;2;3;1;6m[38;2;3;1;6m    [48;2;3;1;4m[38;2;3;1;4m  [48;2;3;1;6m[38;2;3;1;6m    [48;2;2;0;3m[38;2;2;0;3m  [48;2;3;1;6m[38;2;3;1;6m        [48;2;1;1;3m[38;2;1;1;3m        [48;2;3;1;4m[38;2;3;1;4m  [48;2;3;1;6m[38;2;3;1;6m      [48;2;1;1;3m[38;2;1;1;3m  [48;2;1;1;1m[38;2;1;1;1m  [0m
[48;2;1;1;1m[38;2;1;1;1m                    [48;2;1;1;3m[38;2;1;1;3m  [48;2;3;1;6m[38;2;3;1;6m          [48;2;1;1;3m[38;2;1;1;3m  [48;2;3;1;4m[38;2;3;1;4m  [48;2;3;1;6m[38;2;3;1;6m  [48;2;2;0;3m[38;2;2;0;3m  [48;2;1;1;3m[38;2;1;1;3m        [48;2;3;1;4m[38;2;3;1;4m  [48;2;3;1;6m[38;2;3;1;6m        [48;2;3;1;4m[38;2;3;1;4m  [0m
[48;2;1;1;1m[38;2;1;1;1m                    [48;2;2;2;4m[38;2;2;2;4m  [48;2;3;1;4m[38;2;3;1;4m  [48;2;3;1;6m[38;2;3;1;6m              [48;2;2;0;3m[38;2;2;0;3m    [48;2;3;1;6m[38;2;3;1;6m    [48;2;3;1;4m[38;2;3;1;4m  [48;2;1;1;3m[38;2;1;1;3m    [48;2;3;1;4m[38;2;3;1;4m  [48;2;3;1;6m[38;2;3;1;6m    [48;2;1;1;3m[38;2;1;1;3m  [0m
[48;2;1;1;1m[38;2;1;1;1m                [48;2;2;0;3m[38;2;2;0;3m  [48;2;3;1;4m[38;2;3;1;4m  [48;2;2;0;3m[38;2;2;0;3m  [48;2;1;1;1m[38;2;1;1;1m  [48;2;1;1;3m[38;2;1;1;3m    [48;2;2;0;3m[38;2;2;0;3m  [48;2;3;1;6m[38;2;3;1;6m    [48;2;1;1;3m[38;2;1;1;3m  [48;2;2;2;4m[38;2;2;2;4m  [48;2;19;17;20m[38;2;88;86;89m▁[48;2;22;20;23m[38;2;225;223;226m▄[38;2;229;227;229m▄[48;2;21;19;22m[38;2;214;212;214m▄[48;2;6;4;7m[38;2;25;23;26m▃[48;2;1;0;2m[38;2;2;0;3m▖[48;2;1;1;3m[38;2;1;1;3m  [48;2;2;0;3m[38;2;2;0;3m  [48;2;3;1;4m[38;2;3;1;4m  [48;2;2;2;4m[38;2;2;2;4m  [48;2;1;1;1m[38;2;1;1;1m  [48;2;2;0;3m[38;2;2;0;3m  [48;2;3;1;6m[38;2;3;1;6m  [48;2;1;1;1m[38;2;1;1;1m  [0m
[48;2;1;1;1m[38;2;1;1;1m            [48;2;1;1;3m[38;2;1;1;3m  [48;2;3;1;6m[38;2;3;1;6m      [48;2;1;1;3m[38;2;1;1;3m  [48;2;1;1;1m[38;2;1;1;1m      [48;2;1;1;3m[38;2;1;1;3m        [48;2;2;1;3m[38;2;11;9;12m│[48;2;100;98;101m[38;2;9;8;10m▊[48;2;245;241;245m[38;2;215;210;214m▎[48;2;248;244;247m[38;2;221;216;220m▁[48;2;250;245;247m[38;2;210;204;206m▁▁[48;2;225;220;222m[38;2;0;0;0m [48;2;35;30;31m[38;2;192;187;189m▄[48;2;2;2;4m[38;2;2;2;4m  [48;2;1;1;3m[38;2;1;1;3m  [48;2;3;1;6m[38;2;3;1;6m  [48;2;3;1;4m[38;2;3;1;4m  [48;2;3;1;6m[38;2;3;1;6m  [48;2;1;1;3m[38;2;1;1;3m  [48;2;1;1;1m[38;2;1;1;1m    [0m
[48;2;1;1;1m[38;2;1;1;1m            [48;2;3;1;6m[38;2;3;1;6m      [48;2;3;1;4m[38;2;3;1;4m  [48;2;1;1;3m[38;2;1;1;3m  [48;2;1;1;1m[38;2;1;1;1m    [48;2;3;1;6m[38;2;3;1;6m  [48;2;2;0;3m[38;2;2;0;3m      [48;2;3;1;4m[38;2;3;1;4m  [48;2;23;18;22m[38;2;131;126;130m▁[48;2;53;48;52m[38;2;234;229;233m▄[48;2;221;171;180m[38;2;241;227;235m▊[48;2;207;79;100m[38;2;184;48;66m▗[48;2;183;65;89m[38;2;59;22;21m▄[48;2;217;61;98m[38;2;183;65;89m▄[48;2;159;51;83m[38;2;56;49;47m▄[48;2;47;39;37m[38;2;216;204;204m▄[48;2;6;4;7m[38;2;135;133;136m▁▁[48;2;7;5;8m[38;2;149;147;150m▁[48;2;40;39;41m[38;2;0;0;0m [48;2;32;30;35m[38;2;244;242;246m▄▄[48;2;26;25;27m[38;2;189;188;190m▄[48;2;12;10;13m[38;2;85;83;86m▁[48;2;3;1;6m[38;2;3;1;6m    [48;2;1;1;3m[38;2;1;1;3m  [48;2;1;1;1m[38;2;1;1;1m  [0m
[48;2;1;1;1m[38;2;1;1;1m            [48;2;1;1;3m[38;2;1;1;3m  [48;2;3;1;6m[38;2;3;1;6m  [48;2;2;0;3m[38;2;2;0;3m  [48;2;1;1;1m[38;2;1;1;1m  [48;2;3;1;6m[38;2;3;1;6m    [48;2;1;1;1m[38;2;1;1;1m    [48;2;1;1;3m[38;2;1;1;3m      [48;2;11;6;10m[38;2;0;0;0m [48;2;42;38;41m [48;2;238;206;211m[38;2;234;236;230m▊[48;2;239;207;213m[38;2;205;80;117m▄[48;2;217;73;100m[38;2;217;73;100m  [48;2;213;71;97m[38;2;213;71;97m  [48;2;226;165;174m[38;2;203;83;102m▊[48;2;249;249;254m[38;2;247;239;237m▎[48;2;250;250;252m[38;2;250;250;252m      [48;2;254;252;254m[38;2;244;242;245m▌[48;2;63;61;64m[38;2;234;232;234m▊[48;2;2;0;5m[38;2;2;0;5m  [48;2;3;1;6m[38;2;3;1;6m    [48;2;1;1;1m[38;2;1;1;1m  [0m
[48;2;1;1;1m[38;2;1;1;1m              [48;2;2;0;3m[38;2;2;0;3m  [48;2;1;1;3m[38;2;1;1;3m    [48;2;3;1;6m[38;2;3;1;6m  [48;2;3;1;4m[38;2;3;1;4m  [48;2;1;1;3m[38;2;1;1;3m  [48;2;1;1;1m[38;2;1;1;1m    [48;2;3;1;4m[38;2;3;1;4m  [48;2;3;1;6m[38;2;3;1;6m  [48;2;65;63;66m[38;2;5;3;6m▊[48;2;248;246;249m[38;2;189;187;190m▎[48;2;238;200;207m[38;2;247;243;248m▊[48;2;201;81;100m[38;2;250;151;163m▁[48;2;224;101;129m[38;2;218;73;108m▊[48;2;198;71;100m[38;2;237;225;219m▅[48;2;198;70;92m[38;2;239;229;232m▅[48;2;222;94;116m[38;2;244;233;236m▅[48;2;250;250;252m[38;2;250;250;252m    [48;2;255;254;255m[38;2;255;253;255m▄[48;2;218;216;218m[38;2;76;74;77m▁[48;2;242;238;241m[38;2;61;56;60m▅[48;2;239;235;238m[38;2;97;92;96m▁[48;2;214;213;215m[38;2;94;92;95m▁[48;2;173;171;174m[38;2;20;19;21m▅[48;2;3;1;6m[38;2;3;1;6m      [48;2;2;0;3m[38;2;2;0;3m  [0m
[48;2;1;1;1m[38;2;1;1;1m                [48;2;3;1;4m[38;2;3;1;4m  [48;2;3;1;6m[38;2;3;1;6m  [48;2;2;0;3m[38;2;2;0;3m  [48;2;3;1;6m[38;2;3;1;6m  [48;2;2;0;3m[38;2;2;0;3m  [48;2;1;1;1m[38;2;1;1;1m    [48;2;3;1;6m[38;2;3;1;6m    [48;2;65;63;66m[38;2;5;3;6m▊[48;2;248;246;249m[38;2;189;187;190m▎[48;2;251;249;251m[38;2;241;239;242m▃[48;2;242;240;243m[38;2;252;250;252m▄[48;2;202;97;130m[38;2;245;231;235m▅[48;2;245;245;244m[38;2;0;0;0m [48;2;250;250;252m[38;2;250;250;252m    [48;2;250;249;251m[38;2;235;233;236m╷[48;2;176;174;177m[38;2;245;244;246m▊[48;2;193;191;194m[38;2;17;15;18m▅[48;2;9;7;10m[38;2;0;0;0m [48;2;1;1;3m[38;2;1;1;3m  [48;2;3;1;4m[38;2;3;1;4m  [48;2;3;1;6m[38;2;3;1;6m      [48;2;1;1;3m[38;2;1;1;3m  [0m
[48;2;1;1;1m[38;2;1;1;1m                    [48;2;0;0;0m[38;2;0;0;0m  [48;2;1;1;3m[38;2;1;1;3m  [48;2;1;1;1m[38;2;1;1;1m    [48;2;2;0;3m[38;2;2;0;3m  [48;2;1;1;3m[38;2;1;1;3m  [48;2;3;1;6m[38;2;3;1;6m  [48;2;15;11;14m[38;2;0;0;0m [48;2;211;206;210m[38;2;46;42;45m▅[48;2;247;247;249m[38;2;247;247;249m  [48;2;250;250;252m[38;2;250;250;252m      [48;2;244;242;244m[38;2;0;0;0m [48;2;203;202;204m[38;2;87;85;88m▁[48;2;2;0;3m[38;2;2;0;3m  [48;2;1;1;1m[38;2;1;1;1m      [48;2;1;1;3m[38;2;1;1;3m    [48;2;1;1;1m[38;2;1;1;1m  [0m
[48;2;1;1;1m[38;2;1;1;1m                        [48;2;1;1;3m[38;2;1;1;3m  [48;2;3;1;6m[38;2;3;1;6m  [48;2;2;0;3m[38;2;2;0;3m    [48;2;3;1;6m[38;2;3;1;6m  [48;2;1;0;2m[38;2;2;0;3m▘[48;2;4;3;5m[38;2;40;38;41m▝[48;2;209;207;210m▅[48;2;246;244;247m[38;2;224;222;225m▎[48;2;245;245;247m[38;2;245;245;247m▄[48;2;215;215;217m[38;2;247;247;248m▊[48;2;227;222;226m[38;2;71;67;70m▅[48;2;219;215;218m[38;2;22;18;21m▅[48;2;220;219;222m[38;2;21;19;24m▅▅[48;2;175;171;175m[38;2;95;90;94m▄[48;2;30;26;29m[38;2;235;231;234m▅[48;2;30;25;29m[38;2;207;202;206m▅[48;2;20;15;19m[38;2;143;138;142m▁[48;2;1;1;3m[38;2;1;1;3m  [48;2;1;1;1m[38;2;1;1;1m        [48;2;1;1;3m[38;2;1;1;3m  [0m
[48;2;1;1;1m[38;2;1;1;1m                    [48;2;2;0;3m[38;2;2;0;3m  [48;2;1;1;1m[38;2;1;1;1m  [48;2;3;1;6m[38;2;3;1;6m    [48;2;1;1;3m[38;2;1;1;3m  [48;2;2;0;3m[38;2;2;0;3m  [48;2;1;1;3m[38;2;1;1;3m  [48;2;14;12;15m[38;2;4;3;5m▊[48;2;16;14;17m[38;2;0;0;0m [48;2;54;52;55m[38;2;227;225;228m▅[48;2;245;244;246m[38;2;0;0;0m [48;2;248;248;250m[38;2;248;248;250m  [48;2;223;218;222m[38;2;120;114;118m▂[48;2;31;25;29m[38;2;154;148;152m▂[48;2;33;27;29m[38;2;205;199;201m▅[48;2;107;101;103m[38;2;23;18;19m▊[48;2;248;248;250m[38;2;248;248;250m  [48;2;252;252;252m[38;2;238;238;240m│[48;2;124;124;126m[38;2;241;241;243m▊[48;2;13;11;14m[38;2;152;150;153m▁[48;2;6;4;7m[38;2;0;0;0m [48;2;1;1;1m[38;2;1;1;1m          [0m
[48;2;1;1;1m[38;2;1;1;1m                  [48;2;1;1;3m[38;2;1;1;3m  [48;2;2;0;3m[38;2;2;0;3m  [48;2;1;1;3m[38;2;1;1;3m  [48;2;3;1;6m[38;2;3;1;6m    [48;2;2;0;3m[38;2;2;0;3m  [48;2;1;1;3m[38;2;1;1;3m  [48;2;1;1;1m[38;2;1;1;1m  [48;2;17;13;16m[38;2;0;0;0m [48;2;52;48;51m[38;2;230;226;229m▅[48;2;248;248;250m[38;2;248;248;250m  [48;2;251;251;252m[38;2;242;242;244m│[48;2;153;153;155m[38;2;244;244;245m▊[48;2;114;109;113m[38;2;19;15;18m▊[48;2;251;246;250m[38;2;209;204;208m▎[48;2;165;161;162m[38;2;242;239;240m▊[48;2;55;51;52m[38;2;175;171;172m▁[48;2;232;230;232m[38;2;86;84;87m▁[48;2;247;245;248m[38;2;0;0;0m [48;2;250;250;252m[38;2;250;250;252m  [48;2;87;85;88m[38;2;239;237;240m▊[48;2;1;0;2m[38;2;10;8;11m│[48;2;1;1;1m[38;2;1;1;1m          [0m
[48;2;1;1;1m[38;2;1;1;1m                  [48;2;2;0;3m[38;2;2;0;3m    [48;2;3;1;6m[38;2;3;1;6m      [48;2;1;1;3m[38;2;1;1;3m  [48;2;1;1;1m[38;2;1;1;1m  [48;2;2;2;4m[38;2;2;2;4m  [48;2;42;37;41m[38;2;218;213;217m▁[48;2;249;245;248m[38;2;208;203;207m▎[48;2;250;250;252m[38;2;250;250;252m  [48;2;252;252;253m[38;2;245;245;247m▎[48;2;246;246;247m[38;2;218;218;220m▝[48;2;62;57;61m[38;2;220;216;219m▅[48;2;204;199;203m[38;2;25;21;24m▅[48;2;217;213;216m[38;2;46;42;45m▅[48;2;187;182;186m[38;2;236;232;236m▊[48;2;161;156;160m[38;2;65;61;64m▊[48;2;249;245;249m[38;2;229;224;228m▎[48;2;250;250;252m[38;2;250;250;252m  [48;2;117;115;118m[38;2;238;236;238m▊[48;2;19;17;20m[38;2;171;169;172m▁[48;2;1;1;3m[38;2;1;1;3m  [48;2;1;1;1m[38;2;1;1;1m        [0m
[48;2;4;2;10m[38;2;23;2;126m▂▂▂▂▂▂▂▂▂▂▂▂▂▂▂▂▂▂[48;2;5;3;12m[38;2;24;2;129m▂▂[48;2;4;2;10m[38;2;23;2;126m▂▂[48;2;5;3;12m[38;2;24;2;129m▂▂▂▂▂▂[48;2;5;3;11m[38;2;24;3;127m▂▂[48;2;4;2;10m[38;2;23;2;126m▂▂[48;2;9;6;14m[38;2;27;6;130m▂[48;2;16;14;21m[38;2;33;15;136m▂[48;2;255;255;255m[38;2;236;236;238m▌[48;2;252;252;253m[38;2;244;244;246m┃[48;2;250;250;252m[38;2;250;250;252m  [48;2;248;248;250m[38;2;248;248;250m  [48;2;206;200;215m[38;2;59;27;198m▁[48;2;21;15;32m[38;2;37;6;176m▁[48;2;22;16;37m[38;2;54;24;180m▁[48;2;209;203;213m[38;2;38;25;81m▅[48;2;232;229;240m[38;2;81;64;167m▁[48;2;244;244;246m[38;2;0;0;0m [48;2;250;250;252m[38;2;250;250;252m  [48;2;246;245;249m[38;2;246;245;249m▄[48;2;79;78;83m[38;2;243;242;246m▊[48;2;4;2;11m[38;2;23;1;128m▂▂[48;2;4;2;10m[38;2;23;2;126m▂▂▂▂▂▂▂▂[0m
[48;2;38;3;183m[38;2;38;3;183m                                [48;2;37;2;180m[38;2;33;0;176m▌[48;2;49;14;192m[38;2;44;9;187m▌[48;2;255;255;255m[38;2;236;236;238m▌[48;2;252;252;253m[38;2;244;244;246m┃[48;2;250;250;252m[38;2;250;250;252m  [48;2;243;242;240m[38;2;0;0;0m [48;2;220;216;234m[38;2;73;52;187m▂[48;2;39;4;182m[38;2;39;4;182m  [48;2;38;3;183m[38;2;38;3;183m  [48;2;125;112;182m[38;2;36;6;188m▊[48;2;247;246;244m[38;2;247;246;244m▄[48;2;250;250;252m[38;2;250;250;252m  [48;2;251;250;253m[38;2;235;233;244m╵[48;2;131;119;189m[38;2;237;236;235m▊[48;2;54;24;187m[38;2;190;175;228m▁[48;2;37;5;173m[38;2;39;1;201m▗[48;2;38;3;183m[38;2;38;3;183m        [0m
[48;2;38;3;183m[38;2;38;3;183m                                [48;2;41;6;184m[38;2;41;6;184m  [48;2;255;255;255m[38;2;236;236;238m▌[48;2;252;252;253m[38;2;244;244;246m┃[48;2;241;241;243m[38;2;251;251;252m▅[48;2;251;251;252m[38;2;241;241;243m▃[48;2;222;216;228m[38;2;66;41;185m▂[48;2;42;14;180m[38;2;47;10;211m▝[48;2;38;3;183m[38;2;38;3;183m    [48;2;43;13;184m[38;2;0;0;0m [48;2;230;222;242m[38;2;83;61;184m▆[48;2;249;249;251m[38;2;249;249;251m  [48;2;250;250;252m[38;2;250;250;252m  [48;2;67;44;161m[38;2;241;237;237m▊[48;2;28;0;193m[38;2;43;9;194m▊[48;2;38;3;183m[38;2;38;3;183m        [0m
[48;2;38;3;185m[38;2;38;3;185m                                [48;2;41;6;184m[38;2;41;6;184m  [48;2;255;255;255m[38;2;236;236;238m▌[48;2;252;252;253m[38;2;244;244;246m┃[48;2;255;254;255m[38;2;246;245;250m▌[48;2;175;174;179m[38;2;246;245;249m▊[48;2;41;6;184m[38;2;41;6;184m  [48;2;38;3;185m[38;2;38;3;185m    [48;2;31;2;172m[38;2;46;12;187m┛[48;2;37;6;178m[38;2;81;47;220m▝[48;2;217;211;234m[38;2;82;61;187m▆[48;2;245;242;244m[38;2;0;0;0m [48;2;250;250;252m[38;2;250;250;252m  [48;2;67;44;161m[38;2;241;237;237m▊[48;2;28;0;193m[38;2;43;9;194m▊[48;2;38;3;185m[38;2;38;3;185m        [0m
[48;2;38;3;185m[38;2;38;3;185m                                [48;2;39;4;184m[38;2;39;4;184m  [48;2;198;192;218m[38;2;55;30;180m▆[48;2;249;247;247m[38;2;213;205;242m▎[48;2;245;244;245m[38;2;0;0;0m [48;2;214;211;228m[38;2;57;39;177m▂[48;2;40;5;185m[38;2;40;5;185m  [48;2;38;3;185m[38;2;38;3;185m      [48;2;46;16;188m[38;2;0;0;0m [48;2;216;205;238m[38;2;78;56;178m▆[48;2;253;251;253m[38;2;246;244;247m▝[48;2;247;245;248m[38;2;219;217;220m▗[48;2;195;187;219m[38;2;210;75;100m▂[48;2;40;9;175m[38;2;161;48;132m▂[48;2;38;3;185m[38;2;38;3;185m        [0m
[48;2;38;3;185m[38;2;38;3;185m                                [48;2;38;3;183m[38;2;38;3;183m  [48;2;69;17;179m[38;2;178;61;105m▂[48;2;228;199;216m[38;2;190;74;92m▆[48;2;221;185;205m[38;2;187;73;92m▆[48;2;45;11;179m[38;2;29;9;49m▃[48;2;36;3;185m[38;2;20;8;51m▃▃[48;2;36;3;183m[38;2;20;9;49m▃▃[48;2;36;3;185m[38;2;20;8;51m▃▃▃▃[48;2;33;7;161m[38;2;13;5;34m▂[48;2;49;20;186m[38;2;25;13;66m▃[48;2;216;211;210m[38;2;68;31;113m▆[48;2;241;178;186m[38;2;210;79;107m▆[48;2;102;25;147m[38;2;202;72;107m▊[48;2;104;42;134m[38;2;41;11;170m▆[48;2;38;3;185m[38;2;38;3;185m        [0m
[48;2;38;3;185m[38;2;38;3;185m                              [48;2;38;3;183m[38;2;38;3;183m  [48;2;147;50;113m[38;2;26;7;171m▂[48;2;152;55;104m[38;2;13;12;41m▂[48;2;175;59;88m[38;2;40;12;12m▂[48;2;153;53;76m[38;2;22;7;6m▆[48;2;134;46;76m[38;2;14;8;8m▆[48;2;6;2;3m[38;2;0;0;0m [48;2;2;0;3m[38;2;2;0;3m  [48;2;3;1;6m[38;2;3;1;6m        [48;2;102;32;51m[38;2;17;8;15m▊[48;2;208;72;98m[38;2;51;23;18m▃[48;2;91;31;70m[38;2;215;86;108m▘[48;2;34;9;148m[38;2;20;7;61m┛[48;2;38;3;185m[38;2;38;3;185m        [0m
[48;2;38;3;185m[38;2;38;3;185m                                [48;2;37;2;182m[38;2;37;5;163m▝[48;2;37;22;78m[38;2;37;2;183m▆[48;2;19;7;45m[38;2;38;5;181m▆▆[48;2;19;8;43m[38;2;38;5;179m▆▆[48;2;19;7;45m[38;2;38;5;181m▆▆[48;2;19;8;43m[38;2;38;5;179m▆▆▆▆[48;2;19;7;45m[38;2;38;5;181m▆▆▆▆▆▆[48;2;37;16;109m[38;2;37;3;178m▆[48;2;37;1;184m[38;2;37;3;172m▘[48;2;38;3;185m[38;2;38;3;185m        [0m
[48;2;40;2;185m[38;2;40;2;185m                                                            [0m
[48;2;40;2;185m[38;2;40;2;185m                                                            [0m
