[48;2;1;1;1m[38;2;1;1;1m                                                            [0m
[48;2;1;1;1m[38;2;1;1;1m                                                            [0m
[48;2;1;1;1m[38;2;1;1;1m                                                            [0m
[48;2;1;1;1m[38;2;1;1;1m                                                      [48;2;1;1;3m[38;2;1;1;3m  [48;2;1;1;1m[38;2;1;1;1m    [0m
[48;2;1;1;1m[38;2;1;1;1m                          [48;2;3;1;6m[38;2;3;1;6m  [48;2;1;1;3m[38;2;1;1;3m  [48;2;1;1;1m[38;2;1;1;1m        [48;2;3;1;4m[38;2;3;1;4m  [48;2;3;1;6m[38;2;3;1;6m  [48;2;3;1;4m[38;2;3;1;4m  [48;2;1;1;3m[38;2;1;1;3m  [48;2;1;1;1m[38;2;1;1;1m      [48;2;3;1;4m[38;2;3;1;4m  [48;2;3;1;6m[38;2;3;1;6m  [48;2;2;0;3m[38;2;2;0;3m  [48;2;1;1;1m[38;2;1;1;1m  [0m
[48;2;1;1;1m[38;2;1;1;1m                        [48;2;1;1;3m[38;2;1;1;3m  [48;2;3;1;6m[38;2;3;1;6m    [48;2;2;0;3m[38;2;2;0;3m  [48;2;1;1;3m[38;2;1;1;3m  [48;2;2;0;3m[38;2;2;0;3m  [48;2;1;1;3m[38;2;1;1;3m    [48;2;2;0;3m[38;2;2;0;3m  [48;2;3;1;6m[38;2;3;1;6m    [48;2;1;1;1m[38;2;1;1;1m    [48;2;3;1;6m[38;2;3;1;6m      [48;2;1;1;3m[38;2;1;1;3m  [48;2;1;1;1m[38;2;1;1;1m  [0m
[48;2;1;1;1m[38;2;1;1;1m                    [48;2;3;1;6m[38;2;3;1;6m    [48;2;3;1;4m[38;2;3;1;4m  [48;2;3;1;6m[38;2;3;1;6m    [48;2;2;0;3m[38;2;2;0;3m  [48;2;3;1;6m[38;2;3;1;6m        [48;2;1;1;3m[38;2;1;1;3m        [48;2;3;1;4m[38;2;3;1;4m  [48;2;3;1;6m[38;2;3;1;6m      [48;2;1;1;3m[38;2;1;1;3m  [48;2;1;1;1m[38;2;1;1;1m  [0m
[48;2;1;1;1m[38;2;1;1;1m                    [48;2;1;1;3m[38;2;1;1;3m  [48;2;3;1;6m[38;2;3;1;6m          [48;2;1;1;3m[38;2;1;1;3m  [48;2;3;1;4m[38;2;3;1;4m  [48;2;3;1;6m[38;2;3;1;6m  [48;2;2;0;3m[38;2;2;0;3m  [48;2;1;1;3m[38;2;1;1;3m        [48;2;3;1;4m[38;2;3;1;4m  [48;2;3;1;6m[38;2;3;1;6m        [48;2;3;1;4m[38;2;3;1;4m  [0m
[48;2;1;1;1m[38;2;1;1;1m                    [48;2;2;2;4m[38;2;2;2;4m  [48;2;3;1;4m[38;2;3;1;4m  [48;2;3;1;6m[38;2;3;1;6m              [48;2;3;1;4m[38;2;1;0;2m┏[48;2;10;8;11m[38;2;61;59;62m▗[48;2;17;15;18m[38;2;229;227;230m▄▄[48;2;23;21;24m[38;2;228;227;229m▄[48;2;14;12;15m[38;2;205;204;206m▄[48;2;3;1;6m[38;2;19;17;22m▃[48;2;8;6;11m[38;2;3;2;6m▚[48;2;3;1;4m[38;2;3;1;4m  [48;2;1;1;3m[38;2;1;1;3m    [48;2;3;1;4m[38;2;3;1;4m  [48;2;3;1;6m[38;2;3;1;6m    [48;2;1;1;3m[38;2;1;1;3m  [0m
[48;2;1;1;1m[38;2;1;1;1m                [48;2;2;0;3m[38;2;2;0;3m  [48;2;3;1;4m[38;2;3;1;4m  [48;2;2;0;3m[38;2;2;0;3m  [48;2;1;1;1m[38;2;1;1;1m  [48;2;1;1;3m[38;2;1;1;3m    [48;2;2;0;3m[38;2;2;0;3m  [48;2;3;1;6m[38;2;3;1;6m    [48;2;1;1;3m[38;2;1;1;3m    [48;2;79;77;80m[38;2;8;6;9m▊[48;2;248;247;249m[38;2;202;200;203m▎[48;2;244;232;232m[38;2;0;0;0m [48;2;234;241;237m[38;2;199;68;108m▄[48;2;241;239;242m[38;2;209;82;103m▄[48;2;249;231;239m[38;2;173;67;81m▄[48;2;189;187;190m[38;2;18;16;19m▄[48;2;1;0;2m[38;2;8;6;9m▄[48;2;2;0;3m[38;2;2;0;3m  [48;2;3;1;4m[38;2;3;1;4m  [48;2;2;2;4m[38;2;2;2;4m  [48;2;1;1;1m[38;2;1;1;1m  [48;2;2;0;3m[38;2;2;0;3m  [48;2;3;1;6m[38;2;3;1;6m  [48;2;1;1;1m[38;2;1;1;1m  [0m
[48;2;1;1;1m[38;2;1;1;1m            [48;2;1;1;3m[38;2;1;1;3m  [48;2;3;1;6m[38;2;3;1;6m      [48;2;1;1;3m[38;2;1;1;3m  [48;2;1;1;1m[38;2;1;1;1m      [48;2;1;1;3m[38;2;1;1;3m          [48;2;103;97;99m[38;2;4;7;6m▊[48;2;209;186;194m[38;2;251;235;243m┃[48;2;204;66;94m[38;2;0;0;0m [48;2;49;19;14m[38;2;205;75;101m▄[48;2;203;66;96m[38;2;0;0;0m [48;2;35;14;8m[38;2;199;89;111m▄[48;2;31;29;32m[38;2;236;234;237m▄[48;2;22;20;23m[38;2;212;210;213m▄[48;2;8;6;9m[38;2;77;75;78m▁[48;2;1;0;2m[38;2;12;10;13m━[48;2;3;1;6m[38;2;3;1;6m  [48;2;3;1;4m[38;2;3;1;4m  [48;2;3;1;6m[38;2;3;1;6m  [48;2;1;1;3m[38;2;1;1;3m  [48;2;1;1;1m[38;2;1;1;1m    [0m
[48;2;1;1;1m[38;2;1;1;1m            [48;2;3;1;6m[38;2;3;1;6m      [48;2;3;1;4m[38;2;3;1;4m  [48;2;1;1;3m[38;2;1;1;3m  [48;2;1;1;1m[38;2;1;1;1m    [48;2;3;1;6m[38;2;3;1;6m  [48;2;2;0;3m[38;2;2;0;3m      [48;2;3;1;4m[38;2;3;1;4m  [48;2;7;6;10m[38;2;0;0;0m [48;2;18;17;21m[38;2;109;107;112m▁[48;2;41;31;34m[38;2;222;212;216m▅[48;2;196;185;189m[38;2;241;232;236m▊[48;2;206;66;92m[38;2;227;87;113m▄[48;2;219;79;105m[38;2;214;74;100m▚[48;2;235;82;113m[38;2;208;70;97m▊[48;2;235;146;157m[38;2;210;83;105m▊[48;2;249;249;251m[38;2;249;249;251m  [48;2;231;229;231m[38;2;0;0;0m [48;2;36;35;37m[38;2;195;193;196m▄[48;2;1;1;3m[38;2;1;1;3m  [48;2;2;0;3m[38;2;2;0;3m  [48;2;3;1;6m[38;2;3;1;6m    [48;2;1;1;3m[38;2;1;1;3m  [48;2;1;1;1m[38;2;1;1;1m  [0m
[48;2;1;1;1m[38;2;1;1;1m            [48;2;1;1;3m[38;2;1;1;3m  [48;2;3;1;6m[38;2;3;1;6m  [48;2;2;0;3m[38;2;2;0;3m  [48;2;1;1;1m[38;2;1;1;1m  [48;2;3;1;6m[38;2;3;1;6m    [48;2;1;1;1m[38;2;1;1;1m    [48;2;1;1;3m[38;2;1;1;3m      [48;2;10;8;13m[38;2;3;1;6m▚[48;2;6;4;9m[38;2;1;0;4m▌[48;2;34;32;35m[38;2;218;216;218m▅[48;2;243;241;244m[38;2;0;0;0m [48;2;250;250;252m[38;2;250;250;252m  [48;2;244;240;238m[38;2;0;0;0m [48;2;196;78;114m[38;2;246;232;233m▅[48;2;201;98;130m[38;2;240;230;233m▅[48;2;246;247;245m[38;2;0;0;0m [48;2;250;250;252m[38;2;250;250;252m  [48;2;239;237;240m[38;2;251;250;252m▌[48;2;102;100;103m[38;2;248;247;249m▊[48;2;1;1;3m[38;2;1;1;3m  [48;2;3;1;6m[38;2;3;1;6m  [48;2;3;1;4m[38;2;3;1;4m  [48;2;3;1;6m[38;2;3;1;6m    [48;2;1;1;1m[38;2;1;1;1m  [0m
[48;2;1;1;1m[38;2;1;1;1m              [48;2;2;0;3m[38;2;2;0;3m  [48;2;1;1;3m[38;2;1;1;3m    [48;2;3;1;6m[38;2;3;1;6m  [48;2;3;1;4m[38;2;3;1;4m  [48;2;1;1;3m[38;2;1;1;3m  [48;2;1;1;1m[38;2;1;1;1m    [48;2;3;1;4m[38;2;3;1;4m  [48;2;3;1;6m[38;2;3;1;6m  [48;2;1;0;2m[38;2;13;11;14m│[48;2;78;76;79m[38;2;7;6;8m▊[48;2;255;255;255m[38;2;237;237;239m▌[48;2;253;253;254m[38;2;245;245;247m┃[48;2;250;250;252m[38;2;250;250;252m        [48;2;168;166;169m[38;2;242;240;242m▊[48;2;191;189;192m[38;2;26;25;27m▅[48;2;1;1;3m[38;2;1;1;3m  [48;2;3;1;6m[38;2;3;1;6m        [48;2;2;0;3m[38;2;2;0;3m  [0m
[48;2;1;1;1m[38;2;1;1;1m                [48;2;3;1;4m[38;2;3;1;4m  [48;2;3;1;6m[38;2;3;1;6m  [48;2;2;0;3m[38;2;2;0;3m  [48;2;3;1;6m[38;2;3;1;6m  [48;2;2;0;3m[38;2;2;0;3m  [48;2;1;1;1m[38;2;1;1;1m    [48;2;3;1;6m[38;2;3;1;6m    [48;2;10;2;5m[38;2;0;0;0m [48;2;24;18;21m[38;2;93;65;77m▁[48;2;203;220;214m[38;2;80;54;62m▅[48;2;251;244;247m[38;2;226;215;219m▎[48;2;250;250;252m[38;2;250;250;252m      [48;2;247;243;244m[38;2;254;251;252m▎[48;2;248;246;247m[38;2;215;211;212m▗[48;2;163;81;103m[38;2;235;210;215m▘[48;2;17;4;3m[38;2;84;47;54m▂[48;2;1;1;1m[38;2;1;1;1m  [48;2;3;1;4m[38;2;3;1;4m  [48;2;3;1;6m[38;2;3;1;6m      [48;2;1;1;3m[38;2;1;1;3m  [0m
[48;2;1;1;1m[38;2;1;1;1m                    [48;2;0;0;0m[38;2;0;0;0m  [48;2;1;1;3m[38;2;1;1;3m  [48;2;1;1;1m[38;2;1;1;1m    [48;2;2;0;3m[38;2;2;0;3m  [48;2;1;1;3m[38;2;1;1;3m  [48;2;3;1;6m[38;2;3;1;6m  [48;2;55;23;29m[38;2;7;5;9m▊[48;2;195;68;92m[38;2;94;30;32m▂[48;2;216;78;111m[38;2;91;44;47m▂[48;2;241;218;213m[38;2;171;79;97m▅[48;2;249;249;251m[38;2;249;249;251m  [48;2;250;250;252m[38;2;250;250;252m    [48;2;246;243;244m[38;2;0;0;0m [48;2;210;206;207m[38;2;75;71;72m▁[48;2;202;65;98m[38;2;41;18;16m▅[48;2;167;54;78m[38;2;48;21;19m▁[48;2;1;1;1m[38;2;1;1;1m      [48;2;1;1;3m[38;2;1;1;3m    [48;2;1;1;1m[38;2;1;1;1m  [0m
[48;2;1;1;1m[38;2;1;1;1m                        [48;2;1;1;3m[38;2;1;1;3m  [48;2;3;1;6m[38;2;3;1;6m  [48;2;2;0;3m[38;2;2;0;3m    [48;2;3;1;6m[38;2;3;1;6m  [48;2;1;1;3m[38;2;1;1;3m  [48;2;2;0;3m[38;2;10;8;11m│[48;2;99;97;100m[38;2;9;7;10m▊[48;2;248;246;249m[38;2;210;208;211m▎[48;2;210;208;211m[38;2;248;246;249m▊[48;2;222;216;220m[38;2;78;72;76m▅[48;2;226;222;225m[38;2;66;60;64m▅[48;2;223;221;225m[38;2;16;15;19m▅▅[48;2;194;190;194m[38;2;56;51;55m▅[48;2;33;28;32m[38;2;212;207;211m▅[48;2;13;12;16m[38;2;154;152;157m▁[48;2;7;6;10m[38;2;0;0;0m [48;2;1;1;3m[38;2;1;1;3m  [48;2;1;1;1m[38;2;1;1;1m        [48;2;1;1;3m[38;2;1;1;3m  [0m
[48;2;1;1;1m[38;2;1;1;1m                    [48;2;2;0;3m[38;2;2;0;3m  [48;2;1;1;1m[38;2;1;1;1m  [48;2;3;1;6m[38;2;3;1;6m    [48;2;1;1;3m[38;2;1;1;3m  [48;2;2;0;3m[38;2;2;0;3m  [48;2;1;1;3m[38;2;1;1;3m    [48;2;59;57;60m[38;2;7;6;8m▊[48;2;56;55;57m[38;2;224;223;225m▅[48;2;248;248;250m[38;2;248;248;250m  [48;2;246;244;246m[38;2;0;0;0m [48;2;217;215;218m[38;2;120;118;121m▂[48;2;34;28;32m[38;2;129;123;127m▂[48;2;29;24;27m[38;2;164;158;162m▅[48;2;154;149;153m[38;2;53;48;52m▊[48;2;249;245;249m[38;2;226;221;225m▎[48;2;125;121;122m[38;2;241;238;239m▊[48;2;22;18;19m[38;2;138;134;135m▁[48;2;1;1;3m[38;2;1;1;3m  [48;2;1;1;1m[38;2;1;1;1m          [0m
[48;2;1;1;1m[38;2;1;1;1m                  [48;2;1;1;3m[38;2;1;1;3m  [48;2;2;0;3m[38;2;2;0;3m  [48;2;1;1;3m[38;2;1;1;3m  [48;2;3;1;6m[38;2;3;1;6m    [48;2;2;0;3m[38;2;2;0;3m  [48;2;1;1;3m[38;2;1;1;3m  [48;2;1;1;1m[38;2;1;1;1m  [48;2;4;2;5m[38;2;4;2;5m  [48;2;33;31;34m[38;2;211;209;212m▁[48;2;250;249;251m[38;2;205;203;206m▎[48;2;250;250;252m[38;2;250;250;252m  [48;2;146;141;145m[38;2;247;243;247m▊[48;2;91;86;90m[38;2;28;24;27m▊[48;2;146;140;142m[38;2;239;233;235m▊[48;2;105;99;101m[38;2;25;20;21m▊[48;2;248;248;250m[38;2;248;248;250m  [48;2;245;245;247m[38;2;245;245;247m▄[48;2;91;91;93m[38;2;249;249;250m▊[48;2;0;0;2m[38;2;0;0;2m  [48;2;1;1;1m[38;2;1;1;1m          [0m
[48;2;1;1;1m[38;2;1;1;1m                  [48;2;2;0;3m[38;2;2;0;3m    [48;2;3;1;6m[38;2;3;1;6m      [48;2;1;1;3m[38;2;1;1;3m  [48;2;1;1;1m[38;2;1;1;1m  [48;2;1;1;3m[38;2;1;1;3m  [48;2;1;0;2m[38;2;13;11;14m│[48;2;78;76;79m[38;2;7;6;8m▊[48;2;250;250;251m[38;2;232;232;234m▌[48;2;250;250;252m[38;2;255;255;255m▌[48;2;238;238;240m[38;2;252;252;253m▊[48;2;194;194;196m[38;2;244;244;245m▊[48;2;201;196;199m[38;2;53;47;51m▅[48;2;68;62;66m[38;2;216;210;214m▅[48;2;184;179;183m[38;2;107;102;106m▅[48;2;46;41;45m[38;2;226;221;225m▆[48;2;249;249;251m[38;2;249;249;251m  [48;2;244;244;246m[38;2;0;0;0m [48;2;235;235;237m [48;2;80;78;81m[38;2;221;219;221m┓[48;2;1;0;2m[38;2;9;7;10m▄[48;2;1;1;1m[38;2;1;1;1m          [0m
[48;2;4;2;10m[38;2;23;2;126m▂▂▂▂▂▂▂▂▂▂▂▂▂▂▂▂▂▂[48;2;5;3;12m[38;2;24;2;129m▂▂[48;2;4;2;10m[38;2;23;2;126m▂▂[48;2;5;3;12m[38;2;24;2;129m▂▂▂▂▂▂[48;2;5;3;11m[38;2;24;3;127m▂▂[48;2;4;2;10m[38;2;23;2;126m▂▂[48;2;4;2;11m[38;2;23;1;128m▂▂[48;2;20;16;25m[38;2;47;31;120m▂[48;2;62;57;62m[38;2;238;234;240m▅[48;2;249;249;251m[38;2;249;249;251m  [48;2;252;252;253m[38;2;0;0;0m [48;2;230;230;232m[38;2;251;251;252m▄[48;2;73;71;74m[38;2;245;244;246m▅[48;2;235;233;236m[38;2;182;180;183m╺[48;2;207;208;193m[38;2;42;34;92m▅[48;2;230;226;238m[38;2;67;41;192m▁[48;2;250;250;252m[38;2;250;250;252m    [48;2;233;231;233m[38;2;0;0;0m [48;2;47;46;48m[38;2;208;206;209m▅[48;2;21;19;27m[38;2;199;190;233m▁[48;2;5;3;18m[38;2;48;22;172m▁[48;2;4;2;10m[38;2;23;2;126m▂▂▂▂▂▂▂▂[0m
[48;2;38;3;183m[38;2;38;3;183m                                [48;2;38;6;185m[38;2;45;10;194m╵[48;2;47;19;181m[38;2;194;182;221m▂[48;2;55;36;175m[38;2;229;226;242m▆[48;2;242;241;242m[38;2;0;0;0m [48;2;250;250;252m[38;2;250;250;252m  [48;2;241;241;243m[38;2;251;251;252m▅[48;2;251;251;252m[38;2;241;241;243m▃[48;2;228;224;237m[38;2;64;38;192m▂[48;2;211;207;221m[38;2;54;28;184m▆[48;2;30;0;168m[38;2;45;11;190m▌[48;2;114;90;200m[38;2;41;9;187m▊[48;2;242;241;243m[38;2;104;86;192m▂[48;2;243;242;246m[38;2;0;0;0m [48;2;250;250;252m[38;2;250;250;252m    [48;2;231;228;240m[38;2;0;0;0m [48;2;67;46;186m[38;2;213;209;223m▅[48;2;54;24;188m[38;2;183;168;223m▁[48;2;38;6;174m[38;2;32;0;194m▗[48;2;38;3;183m[38;2;38;3;183m      [0m
[48;2;38;3;183m[38;2;38;3;183m                              [48;2;39;4;184m[38;2;39;4;184m  [48;2;48;24;176m[38;2;205;198;223m▂[48;2;246;243;247m[38;2;207;199;241m▎[48;2;250;250;252m[38;2;250;250;252m  [48;2;241;241;243m[38;2;251;251;252m▅[48;2;251;251;252m[38;2;241;241;243m▃[48;2;232;228;240m[38;2;65;38;193m▂[48;2;216;212;227m[38;2;48;23;178m▆[48;2;39;4;184m[38;2;39;4;184m  [48;2;38;3;183m[38;2;38;3;183m  [48;2;41;14;175m[38;2;0;0;0m [48;2;234;227;247m[38;2;73;47;193m▆[48;2;240;239;242m[38;2;60;41;162m▂[48;2;245;244;246m[38;2;100;81;202m▂[48;2;250;250;252m[38;2;250;250;252m    [48;2;118;98;209m[38;2;231;229;231m▊[48;2;39;16;180m[38;2;158;143;223m▂[48;2;38;3;183m[38;2;38;3;183m      [0m
[48;2;38;3;185m[38;2;38;3;185m                              [48;2;43;10;186m[38;2;0;0;0m [48;2;47;17;177m[38;2;206;195;231m▂[48;2;255;254;255m[38;2;236;235;240m▌[48;2;252;251;254m[38;2;244;243;248m┃[48;2;250;250;252m[38;2;250;250;252m  [48;2;206;197;239m[38;2;245;242;246m▊[48;2;203;196;221m[38;2;46;22;174m▆[48;2;39;4;184m[38;2;39;4;184m  [48;2;38;3;185m[38;2;38;3;185m      [48;2;41;7;189m[38;2;29;3;160m▃[48;2;37;5;183m[38;2;81;49;210m▝[48;2;230;226;228m[38;2;63;42;184m▆[48;2;241;237;244m[38;2;91;75;185m▂[48;2;250;250;252m[38;2;250;250;252m  [48;2;247;245;248m[38;2;0;0;0m [48;2;124;112;185m[38;2;229;228;233m▊[48;2;57;26;191m[38;2;192;181;220m▁[48;2;39;5;181m[38;2;42;9;181m▄[48;2;38;3;185m[38;2;38;3;185m    [0m
[48;2;38;3;185m[38;2;38;3;185m                              [48;2;72;47;175m[38;2;35;4;185m▊[48;2;250;246;247m[38;2;189;176;232m▎[48;2;250;250;252m[38;2;250;250;252m  [38;2;254;254;255m▌[48;2;239;239;241m[38;2;243;243;245m▌[48;2;199;187;223m[38;2;53;23;182m▆[48;2;42;10;194m[38;2;37;7;172m▌[48;2;38;3;185m[38;2;38;3;185m          [48;2;40;8;180m[38;2;40;7;209m▘[48;2;147;127;214m[38;2;41;13;175m▊[48;2;223;220;234m[38;2;72;59;175m▁[48;2;248;246;249m[38;2;0;0;0m [48;2;249;247;249m[38;2;235;228;231m╸[48;2;246;246;247m[38;2;219;198;205m▗[48;2;150;99;183m[38;2;212;203;226m┛[48;2;36;8;179m[38;2;34;7;176m▄[48;2;38;3;185m[38;2;38;3;185m    [0m
[48;2;38;3;185m[38;2;38;3;185m                              [48;2;44;10;191m[38;2;0;0;0m [48;2;187;175;215m[38;2;41;13;174m▆[48;2;233;225;223m[38;2;200;65;106m▂[48;2;242;235;234m[38;2;211;76;117m▂[48;2;232;225;228m[38;2;223;81;112m▂[48;2;189;191;217m[38;2;110;41;144m▆[48;2;39;7;168m[38;2;9;0;31m▂▂[48;2;36;3;185m[38;2;20;8;51m▃▃[48;2;36;3;183m[38;2;20;9;49m▃▃[48;2;36;3;185m[38;2;20;8;51m▃▃▃▃[48;2;34;4;166m[38;2;15;5;40m▂▂▂▂[48;2;57;27;197m[38;2;15;4;57m▃[48;2;134;119;188m[38;2;16;12;26m▂[48;2;228;230;225m[38;2;83;39;48m▂[48;2;225;121;151m[38;2;231;219;218m┛[48;2;201;72;103m[38;2;0;0;0m [48;2;107;40;138m[38;2;198;74;102m▃[48;2;44;6;183m[38;2;125;37;136m▂[48;2;26;11;168m[38;2;41;3;184m▆[48;2;38;3;185m[38;2;38;3;185m  [0m
[48;2;38;3;185m[38;2;38;3;185m                              [48;2;36;2;175m[38;2;36;2;175m▄[48;2;36;9;138m[38;2;36;27;45m━[48;2;195;65;90m[38;2;22;12;16m▂▂[48;2;193;66;99m[38;2;46;23;21m▃[48;2;139;49;69m[38;2;27;5;5m▆[48;2;3;1;4m[38;2;3;1;4m  [48;2;2;0;3m[38;2;2;0;3m  [48;2;3;1;6m[38;2;3;1;6m          [48;2;21;8;8m[38;2;117;45;64m╺[48;2;118;52;69m[38;2;93;26;43m▄[48;2;162;53;76m[38;2;48;17;17m▃[48;2;214;73;107m[38;2;61;23;26m▃[48;2;153;52;74m[38;2;19;9;6m▂[48;2;158;56;72m[38;2;19;9;32m▆[48;2;79;21;93m[38;2;29;5;127m▄[48;2;38;7;196m[38;2;35;6;169m▖[48;2;38;3;185m[38;2;38;3;185m  [0m
[48;2;38;3;185m[38;2;38;3;185m                                [48;2;20;5;61m[38;2;39;6;179m▆▆[48;2;19;7;45m[38;2;38;5;181m▆▆[48;2;19;8;43m[38;2;38;5;179m▆▆[48;2;19;7;45m[38;2;38;5;181m▆▆[48;2;19;8;43m[38;2;38;5;179m▆▆▆▆[48;2;19;7;45m[38;2;38;5;181m▆▆▆▆[48;2;19;8;43m[38;2;38;5;179m▆▆▆▆[48;2;19;7;45m[38;2;38;5;181m▆▆[48;2;27;15;50m[38;2;37;4;176m▆[48;2;27;6;96m[38;2;37;3;188m▆[48;2;38;3;185m[38;2;38;3;185m    [0m
[48;2;40;2;185m[38;2;40;2;185m                                                            [0m
[48;2;40;2;185m[38;2;40;2;185m                                                            [0m
