[48;2;1;1;1m[38;2;1;1;1m                                                            [0m
[48;2;1;1;1m[38;2;1;1;1m                                                            [0m
[48;2;1;1;1m[38;2;1;1;1m                                                            [0m
[48;2;1;1;1m[38;2;1;1;1m                                                      [48;2;1;1;3m[38;2;1;1;3m  [48;2;1;1;1m[38;2;1;1;1m    [0m
[48;2;1;1;1m[38;2;1;1;1m                          [48;2;3;1;6m[38;2;3;1;6m  [48;2;1;1;3m[38;2;1;1;3m  [48;2;1;1;1m[38;2;1;1;1m        [48;2;3;1;4m[38;2;3;1;4m  [48;2;3;1;6m[38;2;3;1;6m  [48;2;3;1;4m[38;2;3;1;4m  [48;2;1;1;3m[38;2;1;1;3m  [48;2;1;1;1m[38;2;1;1;1m      [48;2;3;1;4m[38;2;3;1;4m  [48;2;3;1;6m[38;2;3;1;6m  [48;2;2;0;3m[38;2;2;0;3m  [48;2;1;1;1m[38;2;1;1;1m  [0m
[48;2;1;1;1m[38;2;1;1;1m                        [48;2;1;1;3m[38;2;1;1;3m  [48;2;3;1;6m[38;2;3;1;6m    [48;2;2;0;3m[38;2;2;0;3m  [48;2;1;1;3m[38;2;1;1;3m  [48;2;2;0;3m[38;2;2;0;3m  [48;2;1;1;3m[38;2;1;1;3m    [48;2;2;0;3m[38;2;2;0;3m  [48;2;3;1;6m[38;2;3;1;6m    [48;2;1;1;1m[38;2;1;1;1m    [48;2;3;1;6m[38;2;3;1;6m      [48;2;1;1;3m[38;2;1;1;3m  [48;2;1;1;1m[38;2;1;1;1m  [0m
[48;2;1;1;1m[38;2;1;1;1m                    [48;2;3;1;6m[38;2;3;1;6m    [48;2;3;1;4m[38;2;3;1;4m  [48;2;3;1;6m[38;2;3;1;6m    [48;2;2;0;3m[38;2;2;0;3m  [48;2;3;1;6m[38;2;3;1;6m        [48;2;1;1;3m[38;2;1;1;3m        [48;2;3;1;4m[38;2;3;1;4m  [48;2;3;1;6m[38;2;3;1;6m      [48;2;1;1;3m[38;2;1;1;3m  [48;2;1;1;1m[38;2;1;1;1m  [0m
[48;2;1;1;1m[38;2;1;1;1m                    [48;2;1;1;3m[38;2;1;1;3m  [48;2;3;1;6m[38;2;3;1;6m          [48;2;1;1;3m[38;2;1;1;3m  [48;2;3;1;4m[38;2;3;1;4m  [48;2;3;1;6m[38;2;3;1;6m  [48;2;2;0;3m[38;2;2;0;3m  [48;2;3;3;5m[38;2;3;3;5m  [48;2;2;1;3m[38;2;12;10;13m▃▃[48;2;4;2;5m[38;2;4;2;5m  [48;2;1;1;3m[38;2;1;1;3m  [48;2;3;1;4m[38;2;3;1;4m  [48;2;3;1;6m[38;2;3;1;6m        [48;2;3;1;4m[38;2;3;1;4m  [0m
[48;2;1;1;1m[38;2;1;1;1m                    [48;2;2;2;4m[38;2;2;2;4m  [48;2;3;1;4m[38;2;3;1;4m  [48;2;3;1;6m[38;2;3;1;6m              [48;2;4;2;5m[38;2;20;18;21m╷[48;2;16;14;17m[38;2;0;0;0m [48;2;43;41;44m[38;2;230;228;231m▄[48;2;161;159;162m[38;2;241;239;242m▇[48;2;170;165;169m[38;2;246;241;245m▇▇[48;2;166;161;165m[38;2;227;223;226m▇[48;2;17;12;16m[38;2;194;189;193m▄[48;2;3;1;4m[38;2;3;1;4m  [48;2;1;1;3m[38;2;1;1;3m    [48;2;3;1;4m[38;2;3;1;4m  [48;2;3;1;6m[38;2;3;1;6m    [48;2;1;1;3m[38;2;1;1;3m  [0m
[48;2;1;1;1m[38;2;1;1;1m                [48;2;2;0;3m[38;2;2;0;3m  [48;2;3;1;4m[38;2;3;1;4m  [48;2;2;0;3m[38;2;2;0;3m  [48;2;1;1;1m[38;2;1;1;1m  [48;2;1;1;3m[38;2;1;1;3m    [48;2;2;0;3m[38;2;2;0;3m  [48;2;3;1;6m[38;2;3;1;6m    [48;2;1;1;3m[38;2;1;1;3m    [48;2;8;6;9m[38;2;1;0;2m┃[48;2;80;78;81m[38;2;12;11;13m▊[48;2;226;209;211m[38;2;252;244;244m┃[48;2;234;221;222m[38;2;189;74;109m▄[48;2;198;69;97m[38;2;49;22;18m▄[48;2;214;71;103m[38;2;166;46;71m▗[48;2;165;55;88m[38;2;20;16;12m▄[48;2;18;11;10m[38;2;69;66;62m▁[48;2;3;1;4m[38;2;19;17;20m▃[48;2;8;6;9m[38;2;3;2;4m▚[48;2;3;1;4m[38;2;3;1;4m  [48;2;2;2;4m[38;2;2;2;4m  [48;2;1;1;1m[38;2;1;1;1m  [48;2;2;0;3m[38;2;2;0;3m  [48;2;3;1;6m[38;2;3;1;6m  [48;2;1;1;1m[38;2;1;1;1m  [0m
[48;2;1;1;1m[38;2;1;1;1m            [48;2;1;1;3m[38;2;1;1;3m  [48;2;3;1;6m[38;2;3;1;6m      [48;2;1;1;3m[38;2;1;1;3m  [48;2;1;1;1m[38;2;1;1;1m      [48;2;1;1;3m[38;2;1;1;3m          [48;2;5;3;6m[38;2;23;21;24m╸[48;2;39;37;40m[38;2;0;0;0m [48;2;218;189;198m[38;2;245;244;244m┃[48;2;220;67;93m[38;2;208;99;120m▎[48;2;217;73;100m[38;2;217;73;100m  [48;2;229;157;169m[38;2;212;71;97m▊[48;2;243;249;253m[38;2;244;236;234m▎[48;2;226;224;227m[38;2;0;0;0m [48;2;27;25;28m[38;2;198;196;199m▄[48;2;3;1;6m[38;2;3;1;6m  [48;2;3;1;4m[38;2;3;1;4m  [48;2;3;1;6m[38;2;3;1;6m  [48;2;1;1;3m[38;2;1;1;3m  [48;2;1;1;1m[38;2;1;1;1m    [0m
[48;2;1;1;1m[38;2;1;1;1m            [48;2;3;1;6m[38;2;3;1;6m      [48;2;3;1;4m[38;2;3;1;4m  [48;2;1;1;3m[38;2;1;1;3m  [48;2;1;1;1m[38;2;1;1;1m    [48;2;3;1;6m[38;2;3;1;6m  [48;2;2;0;3m[38;2;2;0;3m      [48;2;3;1;4m[38;2;3;1;4m  [48;2;7;6;10m[38;2;0;0;0m [48;2;18;17;21m[38;2;109;107;112m▁[48;2;34;32;35m[38;2;218;216;218m▅[48;2;243;241;244m[38;2;0;0;0m [48;2;247;237;237m [48;2;204;99;130m[38;2;240;228;229m▄[48;2;217;81;107m[38;2;240;148;159m▁[48;2;209;74;99m[38;2;244;158;169m▁[48;2;210;113;143m[38;2;246;241;242m▄[48;2;231;240;235m[38;2;250;245;246m▊[48;2;250;248;250m[38;2;250;248;250m▄[48;2;84;82;85m[38;2;247;245;248m▊[48;2;1;1;3m[38;2;1;1;3m  [48;2;2;0;3m[38;2;2;0;3m  [48;2;3;1;6m[38;2;3;1;6m    [48;2;1;1;3m[38;2;1;1;3m  [48;2;1;1;1m[38;2;1;1;1m  [0m
[48;2;1;1;1m[38;2;1;1;1m            [48;2;1;1;3m[38;2;1;1;3m  [48;2;3;1;6m[38;2;3;1;6m  [48;2;2;0;3m[38;2;2;0;3m  [48;2;1;1;1m[38;2;1;1;1m  [48;2;3;1;6m[38;2;3;1;6m    [48;2;1;1;1m[38;2;1;1;1m    [48;2;1;1;3m[38;2;1;1;3m      [48;2;10;8;13m[38;2;3;1;6m▚[48;2;6;4;9m[38;2;1;0;4m▌[48;2;34;32;35m[38;2;218;216;218m▅[48;2;243;241;244m[38;2;0;0;0m [48;2;250;250;252m[38;2;250;250;252m        [48;2;245;244;246m[38;2;0;0;0m [48;2;84;82;85m[38;2;224;222;225m▊[48;2;1;1;3m[38;2;1;1;3m  [48;2;3;1;6m[38;2;3;1;6m  [48;2;3;1;4m[38;2;3;1;4m  [48;2;3;1;6m[38;2;3;1;6m    [48;2;1;1;1m[38;2;1;1;1m  [0m
[48;2;1;1;1m[38;2;1;1;1m              [48;2;2;0;3m[38;2;2;0;3m  [48;2;1;1;3m[38;2;1;1;3m    [48;2;3;1;6m[38;2;3;1;6m  [48;2;3;1;4m[38;2;3;1;4m  [48;2;1;1;3m[38;2;1;1;3m  [48;2;1;1;1m[38;2;1;1;1m    [48;2;3;1;4m[38;2;3;1;4m  [48;2;3;1;6m[38;2;3;1;6m  [48;2;1;0;2m[38;2;13;11;14m│[48;2;78;76;79m[38;2;7;6;8m▊[48;2;255;255;255m[38;2;237;237;239m▌[48;2;253;253;254m[38;2;245;245;247m┃[48;2;250;250;252m[38;2;250;250;252m        [48;2;108;100;102m[38;2;241;235;238m▊[48;2;8;8;7m[38;2;46;23;31m▃[48;2;1;1;1m[38;2;1;1;1m  [48;2;3;1;6m[38;2;3;1;6m        [48;2;2;0;3m[38;2;2;0;3m  [0m
[48;2;1;1;1m[38;2;1;1;1m                [48;2;3;1;4m[38;2;3;1;4m  [48;2;3;1;6m[38;2;3;1;6m  [48;2;2;0;3m[38;2;2;0;3m  [48;2;3;1;6m[38;2;3;1;6m  [48;2;2;0;3m[38;2;2;0;3m  [48;2;1;1;1m[38;2;1;1;1m    [48;2;3;1;6m[38;2;3;1;6m    [48;2;1;0;2m[38;2;3;1;4m▘[48;2;5;3;6m[38;2;41;39;42m▝[48;2;217;215;218m▅[48;2;246;244;247m[38;2;225;224;226m▎[48;2;250;250;252m[38;2;250;250;252m      [48;2;246;242;243m[38;2;252;250;251m▘[48;2;251;248;249m[38;2;207;203;204m▗[48;2;233;201;196m[38;2;173;69;88m▅[48;2;160;58;77m[38;2;216;68;102m▊[48;2;53;22;28m[38;2;172;57;91m▖[48;2;8;4;2m[38;2;0;0;0m [48;2;3;1;4m[38;2;3;1;4m  [48;2;3;1;6m[38;2;3;1;6m      [48;2;1;1;3m[38;2;1;1;3m  [0m
[48;2;1;1;1m[38;2;1;1;1m                    [48;2;0;0;0m[38;2;0;0;0m  [48;2;1;1;3m[38;2;1;1;3m  [48;2;1;1;1m[38;2;1;1;1m    [48;2;2;0;3m[38;2;2;0;3m  [48;2;1;1;3m[38;2;1;1;3m  [48;2;3;1;6m[38;2;3;1;6m  [48;2;11;9;12m[38;2;4;2;5m▚[48;2;7;5;8m[38;2;1;0;2m▌[48;2;48;46;49m[38;2;226;224;227m▅[48;2;241;239;242m[38;2;0;0;0m [48;2;248;248;250m[38;2;248;248;250m  [48;2;237;235;238m[38;2;91;89;92m▁▁[48;2;242;238;241m[38;2;56;51;55m▁▁[48;2;233;228;232m[38;2;129;124;128m▂[48;2;190;185;189m[38;2;67;62;66m▅[48;2;21;8;8m[38;2;0;0;0m [48;2;153;50;81m[38;2;21;9;9m▅[48;2;1;1;1m[38;2;1;1;1m      [48;2;1;1;3m[38;2;1;1;3m    [48;2;1;1;1m[38;2;1;1;1m  [0m
[48;2;1;1;1m[38;2;1;1;1m                        [48;2;1;1;3m[38;2;1;1;3m  [48;2;3;1;6m[38;2;3;1;6m  [48;2;2;0;3m[38;2;2;0;3m    [48;2;3;1;6m[38;2;3;1;6m  [48;2;34;7;12m[38;2;10;6;4m▊[48;2;41;31;30m[38;2;139;51;76m▅[48;2;239;224;231m[38;2;204;77;100m▅[48;2;244;228;235m[38;2;210;83;106m▅[48;2;246;246;247m[38;2;0;0;0m [48;2;246;246;248m[38;2;212;212;214m▝[48;2;38;33;37m[38;2;235;231;234m▅[48;2;34;29;33m[38;2;211;206;210m▅[48;2;9;7;12m[38;2;45;43;48m▁[48;2;1;0;4m[38;2;16;14;19m▅[48;2;147;145;148m[38;2;12;10;13m▊[48;2;231;229;232m[38;2;0;0;0m [48;2;76;72;75m[38;2;221;217;221m┓[48;2;13;8;12m[38;2;0;0;0m [48;2;1;1;3m[38;2;1;1;3m  [48;2;1;1;1m[38;2;1;1;1m        [48;2;1;1;3m[38;2;1;1;3m  [0m
[48;2;1;1;1m[38;2;1;1;1m                    [48;2;2;0;3m[38;2;2;0;3m  [48;2;1;1;1m[38;2;1;1;1m  [48;2;3;1;6m[38;2;3;1;6m    [48;2;1;1;3m[38;2;1;1;3m  [48;2;2;0;3m[38;2;2;0;3m  [48;2;1;1;3m[38;2;1;1;3m  [48;2;3;1;4m[38;2;3;1;4m  [48;2;187;67;88m[38;2;37;28;34m▅[48;2;213;93;114m[38;2;231;224;228m▅[48;2;249;249;251m[38;2;249;249;251m  [48;2;242;240;242m[38;2;0;0;0m [48;2;221;219;221m[38;2;125;123;126m▂[48;2;53;48;51m[38;2;187;181;185m▁[48;2;205;200;204m[38;2;77;71;75m▁[48;2;156;151;155m[38;2;53;49;52m▊[48;2;249;245;249m[38;2;227;223;227m▎[48;2;234;232;235m[38;2;0;0;0m [48;2;31;30;32m[38;2;196;194;197m▅[48;2;1;1;3m[38;2;1;1;3m  [48;2;1;1;1m[38;2;1;1;1m          [0m
[48;2;1;1;1m[38;2;1;1;1m                  [48;2;1;1;3m[38;2;1;1;3m  [48;2;2;0;3m[38;2;2;0;3m  [48;2;1;1;3m[38;2;1;1;3m  [48;2;3;1;6m[38;2;3;1;6m    [48;2;2;0;3m[38;2;2;0;3m  [48;2;1;1;3m[38;2;1;1;3m  [48;2;1;1;1m[38;2;1;1;1m  [48;2;14;12;15m[38;2;4;3;5m▊[48;2;16;14;17m[38;2;0;0;0m [48;2;58;56;59m[38;2;236;234;237m▅[48;2;242;240;243m[38;2;0;0;0m [48;2;248;248;250m[38;2;248;248;250m  [48;2;212;207;211m[38;2;58;52;56m▁[48;2;59;53;57m[38;2;213;207;211m▁[48;2;147;141;143m[38;2;240;234;236m▊[48;2;106;100;102m[38;2;26;21;22m▊[48;2;248;248;250m[38;2;248;248;250m  [48;2;250;248;250m[38;2;250;248;250m▄[48;2;84;82;85m[38;2;247;245;248m▊[48;2;0;0;2m[38;2;0;0;2m  [48;2;1;1;1m[38;2;1;1;1m          [0m
[48;2;1;1;1m[38;2;1;1;1m                  [48;2;2;0;3m[38;2;2;0;3m    [48;2;3;1;6m[38;2;3;1;6m      [48;2;1;1;3m[38;2;1;1;3m  [48;2;1;1;1m[38;2;1;1;1m  [48;2;1;1;3m[38;2;1;1;3m  [48;2;1;0;2m[38;2;9;7;10m▄[48;2;40;38;41m[38;2;224;223;225m▁[48;2;243;243;245m[38;2;239;239;241m▌[48;2;254;254;255m[38;2;250;250;252m▌[48;2;250;250;251m[38;2;0;0;0m [48;2;249;249;250m[38;2;211;211;213m▝[48;2;69;67;70m[38;2;243;241;243m▅[48;2;241;240;242m[38;2;0;0;0m [48;2;220;217;218m[38;2;54;50;51m▁[48;2;44;40;41m[38;2;227;224;225m▆[48;2;249;249;251m[38;2;249;249;251m  [48;2;244;244;246m[38;2;0;0;0m [48;2;235;235;237m [48;2;80;78;81m[38;2;221;219;221m┓[48;2;1;0;2m[38;2;9;7;10m▄[48;2;1;1;1m[38;2;1;1;1m          [0m
[48;2;4;2;10m[38;2;23;2;126m▂▂▂▂▂▂▂▂▂▂▂▂▂▂▂▂▂▂[48;2;5;3;12m[38;2;24;2;129m▂▂[48;2;4;2;10m[38;2;23;2;126m▂▂[48;2;5;3;12m[38;2;24;2;129m▂▂▂▂▂▂[48;2;5;3;11m[38;2;24;3;127m▂▂[48;2;4;2;10m[38;2;23;2;126m▂▂[48;2;4;2;11m[38;2;23;1;128m▂▂[48;2;23;21;31m[38;2;41;25;116m▂[48;2;253;251;252m[38;2;194;190;204m▎[48;2;250;250;252m[38;2;250;250;252m    [48;2;243;241;244m[38;2;0;0;0m [48;2;220;218;217m[38;2;87;71;175m▂[48;2;28;22;41m[38;2;41;17;164m▁[48;2;209;204;211m[38;2;45;33;84m▅[48;2;249;249;251m[38;2;249;249;251m  [48;2;250;250;252m[38;2;250;250;252m  [48;2;233;231;233m[38;2;0;0;0m [48;2;47;46;48m[38;2;208;206;209m▅[48;2;21;19;27m[38;2;199;190;233m▁[48;2;5;3;18m[38;2;48;22;172m▁[48;2;4;2;10m[38;2;23;2;126m▂▂▂▂▂▂▂▂[0m
[48;2;38;3;183m[38;2;38;3;183m                                [48;2;39;4;184m[38;2;39;4;184m  [48;2;55;30;180m[38;2;202;196;220m▂[48;2;249;247;247m[38;2;214;206;243m▎[48;2;250;250;252m[38;2;250;250;252m  [48;2;241;241;243m[38;2;251;251;252m▅[48;2;251;251;252m[38;2;241;241;243m▃[48;2;223;216;234m[38;2;72;48;172m▂[48;2;30;2;184m[38;2;70;45;186m▎[48;2;33;1;174m[38;2;46;12;187m▘[48;2;37;5;178m[38;2;76;42;217m▝[48;2;240;237;238m[38;2;63;38;182m▆[48;2;240;236;242m[38;2;101;81;193m▂[48;2;250;250;252m[38;2;250;250;252m    [48;2;122;102;215m[38;2;238;235;237m▊[48;2;48;25;180m[38;2;189;176;231m▁[48;2;38;3;183m[38;2;38;3;183m        [0m
[48;2;38;3;183m[38;2;38;3;183m                                [48;2;41;9;185m[38;2;0;0;0m [48;2;48;17;178m[38;2;200;189;226m▂[48;2;249;249;251m[38;2;231;231;233m▌[38;2;255;255;255m▌[48;2;250;250;252m[38;2;250;250;252m  [48;2;243;243;241m[38;2;0;0;0m [48;2;222;218;235m[38;2;66;47;171m▂[48;2;39;4;182m[38;2;39;4;182m  [48;2;38;3;183m[38;2;38;3;183m  [48;2;40;9;180m[38;2;33;3;173m▄[48;2;134;111;219m[38;2;41;11;185m▊[48;2;229;226;240m[38;2;77;61;180m▁[48;2;244;244;246m[38;2;0;0;0m [48;2;250;250;252m[38;2;250;250;252m  [48;2;249;247;250m[38;2;237;236;244m╺[48;2;231;230;235m[38;2;0;0;0m [48;2;103;82;196m[38;2;216;208;232m┓[48;2;34;3;180m[38;2;43;11;186m▄[48;2;38;3;183m[38;2;38;3;183m      [0m
[48;2;38;3;185m[38;2;38;3;185m                                [48;2;71;49;176m[38;2;34;5;186m▊[48;2;249;248;248m[38;2;188;177;233m▎[48;2;250;250;252m[38;2;250;250;252m  [48;2;241;241;243m[38;2;251;251;252m▅[48;2;251;251;252m[38;2;241;241;243m▃[48;2;222;213;239m[38;2;56;29;181m▂[48;2;39;13;173m[38;2;44;16;182m▄[48;2;38;3;185m[38;2;38;3;185m      [48;2;46;18;182m[38;2;0;0;0m [48;2;215;205;239m[38;2;73;49;190m▆[48;2;222;220;233m[38;2;72;58;174m▁[48;2;247;246;249m[38;2;0;0;0m [48;2;250;250;252m[38;2;250;250;252m  [48;2;230;227;240m[38;2;0;0;0m [48;2;59;39;175m[38;2;181;172;224m▆[48;2;38;3;185m[38;2;38;3;185m      [0m
[48;2;38;3;185m[38;2;38;3;185m                              [48;2;39;4;184m[38;2;39;4;184m  [48;2;69;53;165m[38;2;224;223;230m▆[48;2;246;244;250m[38;2;0;0;0m [48;2;250;250;252m[38;2;250;250;252m  [48;2;244;244;244m[38;2;0;0;0m [48;2;213;210;227m[38;2;56;39;176m▂[48;2;40;5;185m[38;2;40;5;185m  [48;2;38;3;185m[38;2;38;3;185m        [48;2;47;18;183m[38;2;0;0;0m [48;2;218;207;239m[38;2;87;66;189m▆[48;2;250;250;252m[38;2;250;250;252m  [48;2;248;245;247m[38;2;0;0;0m [48;2;224;219;224m [48;2;128;72;178m[38;2;180;184;219m━[48;2;36;6;185m[38;2;34;4;161m▎[48;2;38;3;185m[38;2;38;3;185m    [0m
[48;2;38;3;185m[38;2;38;3;185m                              [48;2;40;5;183m[38;2;40;5;183m  [48;2;235;226;230m[38;2;195;61;88m▂[48;2;242;233;238m[38;2;201;67;94m▂[48;2;237;224;223m[38;2;184;75;104m▂[48;2;203;119;141m[38;2;29;22;16m▂[48;2;188;177;217m[38;2;30;9;121m▆[48;2;40;13;162m[38;2;15;8;33m▂[48;2;35;3;182m[38;2;19;8;48m▃▃[48;2;36;3;185m[38;2;20;8;51m▃▃▃▃▃▃[48;2;34;4;166m[38;2;15;5;40m▂▂[48;2;39;10;174m[38;2;11;7;16m▂[48;2;43;20;169m[38;2;21;13;41m▂[48;2;237;220;223m[38;2;55;42;116m▆[48;2;234;230;234m[38;2;63;39;56m▂[48;2;247;244;239m[38;2;223;102;135m▃[48;2;226;185;191m[38;2;211;85;119m▂[48;2;93;30;146m[38;2;208;67;100m▌[48;2;35;1;202m[38;2;24;2;171m┃[48;2;38;3;185m[38;2;38;3;185m    [0m
[48;2;38;3;185m[38;2;38;3;185m                              [48;2;36;2;175m[38;2;36;2;175m▄[48;2;36;9;138m[38;2;36;27;45m━[48;2;195;65;90m[38;2;22;12;16m▂▂[48;2;184;64;91m[38;2;27;10;7m▂[48;2;139;43;62m[38;2;16;13;3m▂[48;2;4;2;5m[38;2;4;2;5m  [48;2;2;0;3m[38;2;2;0;3m  [48;2;3;1;6m[38;2;3;1;6m          [48;2;32;16;17m[38;2;0;0;0m [48;2;155;45;76m[38;2;22;9;8m▂[48;2;215;71;97m[38;2;51;20;30m▃[48;2;173;60;76m[38;2;35;13;20m▃[48;2;134;61;127m[38;2;23;15;39m▇[48;2;27;1;120m[38;2;40;14;134m▄[48;2;38;3;185m[38;2;38;3;185m    [0m
[48;2;38;3;185m[38;2;38;3;185m                                [48;2;20;5;61m[38;2;39;6;179m▆▆[48;2;19;7;45m[38;2;38;5;181m▆▆[48;2;19;8;43m[38;2;38;5;179m▆▆[48;2;19;7;45m[38;2;38;5;181m▆▆[48;2;19;8;43m[38;2;38;5;179m▆▆▆▆[48;2;19;7;45m[38;2;38;5;181m▆▆▆▆[48;2;19;8;43m[38;2;38;5;179m▆▆▆▆[48;2;19;7;45m[38;2;38;5;181m▆▆[48;2;37;15;111m[38;2;37;2;180m▆[48;2;37;1;185m[38;2;37;3;174m▘[48;2;38;3;185m[38;2;38;3;185m    [0m
[48;2;40;2;185m[38;2;40;2;185m                                                            [0m
[48;2;40;2;185m[38;2;40;2;185m                                                            [0m
