[48;2;1;1;1m[38;2;1;1;1m                                                            [0m
[48;2;1;1;1m[38;2;1;1;1m                                                            [0m
[48;2;1;1;1m[38;2;1;1;1m                                                            [0m
[48;2;1;1;1m[38;2;1;1;1m                                                      [48;2;1;1;3m[38;2;1;1;3m  [48;2;1;1;1m[38;2;1;1;1m    [0m
[48;2;1;1;1m[38;2;1;1;1m                          [48;2;3;1;6m[38;2;3;1;6m  [48;2;1;1;3m[38;2;1;1;3m  [48;2;1;1;1m[38;2;1;1;1m        [48;2;3;1;4m[38;2;3;1;4m  [48;2;3;1;6m[38;2;3;1;6m  [48;2;3;1;4m[38;2;3;1;4m  [48;2;1;1;3m[38;2;1;1;3m  [48;2;1;1;1m[38;2;1;1;1m      [48;2;3;1;4m[38;2;3;1;4m  [48;2;3;1;6m[38;2;3;1;6m  [48;2;2;0;3m[38;2;2;0;3m  [48;2;1;1;1m[38;2;1;1;1m  [0m
[48;2;1;1;1m[38;2;1;1;1m                        [48;2;1;1;3m[38;2;1;1;3m  [48;2;3;1;6m[38;2;3;1;6m    [48;2;2;0;3m[38;2;2;0;3m  [48;2;1;1;3m[38;2;1;1;3m  [48;2;2;0;3m[38;2;2;0;3m  [48;2;1;1;3m[38;2;1;1;3m    [48;2;2;0;3m[38;2;2;0;3m  [48;2;3;1;6m[38;2;3;1;6m    [48;2;1;1;1m[38;2;1;1;1m    [48;2;3;1;6m[38;2;3;1;6m      [48;2;1;1;3m[38;2;1;1;3m  [48;2;1;1;1m[38;2;1;1;1m  [0m
[48;2;1;1;1m[38;2;1;1;1m                    [48;2;3;1;6m[38;2;3;1;6m    [48;2;3;1;4m[38;2;3;1;4m  [48;2;3;1;6m[38;2;3;1;6m    [48;2;2;0;3m[38;2;2;0;3m  [48;2;3;1;6m[38;2;3;1;6m        [48;2;1;1;3m[38;2;1;1;3m        [48;2;3;1;4m[38;2;3;1;4m  [48;2;3;1;6m[38;2;3;1;6m      [48;2;1;1;3m[38;2;1;1;3m  [48;2;1;1;1m[38;2;1;1;1m  [0m
[48;2;1;1;1m[38;2;1;1;1m                    [48;2;1;1;3m[38;2;1;1;3m  [48;2;3;1;6m[38;2;3;1;6m          [48;2;1;1;3m[38;2;1;1;3m  [48;2;3;1;4m[38;2;3;1;4m  [48;2;3;1;6m[38;2;3;1;6m  [48;2;3;1;4m[38;2;3;1;4m  [48;2;24;22;25m[38;2;0;0;0m [48;2;14;12;15m[38;2;218;217;219m▄[48;2;16;14;17m[38;2;221;219;221m▄[48;2;15;13;16m[38;2;207;205;208m▄[48;2;5;3;6m[38;2;5;3;6m  [48;2;1;1;3m[38;2;1;1;3m  [48;2;3;1;4m[38;2;3;1;4m  [48;2;3;1;6m[38;2;3;1;6m        [48;2;3;1;4m[38;2;3;1;4m  [0m
[48;2;1;1;1m[38;2;1;1;1m                    [48;2;2;2;4m[38;2;2;2;4m  [48;2;3;1;4m[38;2;3;1;4m  [48;2;3;1;6m[38;2;3;1;6m              [48;2;1;0;4m[38;2;8;6;11m│[48;2;89;87;92m[38;2;12;10;15m▊[48;2;219;217;220m[38;2;245;243;246m▅[48;2;237;235;238m[38;2;247;246;248m▇[48;2;246;244;247m[38;2;246;244;247m▄▄[48;2;166;161;165m[38;2;227;223;226m▇[48;2;17;12;16m[38;2;194;189;193m▄[48;2;3;1;4m[38;2;3;1;4m  [48;2;1;1;3m[38;2;1;1;3m    [48;2;3;1;4m[38;2;3;1;4m  [48;2;3;1;6m[38;2;3;1;6m    [48;2;1;1;3m[38;2;1;1;3m  [0m
[48;2;1;1;1m[38;2;1;1;1m                [48;2;2;0;3m[38;2;2;0;3m  [48;2;3;1;4m[38;2;3;1;4m  [48;2;2;0;3m[38;2;2;0;3m  [48;2;1;1;1m[38;2;1;1;1m  [48;2;1;1;3m[38;2;1;1;3m    [48;2;2;0;3m[38;2;2;0;3m  [48;2;3;1;6m[38;2;3;1;6m    [48;2;1;1;3m[38;2;1;1;3m    [48;2;8;6;9m[38;2;1;0;2m┃[48;2;80;78;81m[38;2;12;11;13m▊[48;2;226;209;211m[38;2;252;244;244m┃[48;2;234;221;222m[38;2;189;74;109m▄[48;2;198;69;97m[38;2;49;22;18m▄[48;2;214;71;103m[38;2;166;46;71m▗[48;2;165;55;88m[38;2;20;16;12m▄[48;2;18;11;10m[38;2;69;66;62m▁[48;2;3;1;4m[38;2;19;17;20m▃[48;2;8;6;9m[38;2;3;2;4m▚[48;2;3;1;4m[38;2;3;1;4m  [48;2;2;2;4m[38;2;2;2;4m  [48;2;1;1;1m[38;2;1;1;1m  [48;2;2;0;3m[38;2;2;0;3m  [48;2;3;1;6m[38;2;3;1;6m  [48;2;1;1;1m[38;2;1;1;1m  [0m
[48;2;1;1;1m[38;2;1;1;1m            [48;2;1;1;3m[38;2;1;1;3m  [48;2;3;1;6m[38;2;3;1;6m      [48;2;1;1;3m[38;2;1;1;3m  [48;2;1;1;1m[38;2;1;1;1m      [48;2;1;1;3m[38;2;1;1;3m        [48;2;1;0;2m[38;2;13;11;14m━[48;2;8;7;9m[38;2;78;76;79m▁[48;2;20;16;19m[38;2;102;97;101m▁[48;2;45;40;44m[38;2;235;230;234m▄[48;2;214;167;175m[38;2;247;242;245m▊[48;2;217;65;90m[38;2;198;89;110m▎[48;2;218;74;101m[38;2;218;74;101m  [48;2;233;167;177m[38;2;204;80;100m▊[48;2;228;223;229m[38;2;244;242;245m▇[48;2;226;224;227m[38;2;0;0;0m [48;2;26;24;27m[38;2;200;199;201m▄[48;2;8;6;11m[38;2;77;75;80m▁[48;2;1;0;4m[38;2;12;10;15m━[48;2;3;1;4m[38;2;3;1;4m  [48;2;3;1;6m[38;2;3;1;6m  [48;2;1;1;3m[38;2;1;1;3m  [48;2;1;1;1m[38;2;1;1;1m    [0m
[48;2;1;1;1m[38;2;1;1;1m            [48;2;3;1;6m[38;2;3;1;6m      [48;2;3;1;4m[38;2;3;1;4m  [48;2;1;1;3m[38;2;1;1;3m  [48;2;1;1;1m[38;2;1;1;1m    [48;2;3;1;6m[38;2;3;1;6m  [48;2;2;0;3m[38;2;2;0;3m      [48;2;10;8;11m[38;2;3;1;4m▚[48;2;6;4;7m[38;2;1;0;2m▌[48;2;60;58;61m[38;2;234;232;235m▄[48;2;241;239;242m[38;2;0;0;0m [48;2;249;249;251m[38;2;249;249;251m  [48;2;246;239;237m[38;2;0;0;0m [48;2;203;100;130m[38;2;249;241;241m▄[48;2;226;89;122m[38;2;237;227;218m▄[48;2;220;151;161m[38;2;209;85;113m▊[48;2;249;249;251m[38;2;249;249;251m  [48;2;250;250;252m[38;2;250;250;252m  [48;2;84;82;85m[38;2;234;232;234m▊[48;2;2;0;3m[38;2;16;14;17m│[38;2;2;0;3m  [48;2;3;1;6m[38;2;3;1;6m    [48;2;1;1;3m[38;2;1;1;3m  [48;2;1;1;1m[38;2;1;1;1m  [0m
[48;2;1;1;1m[38;2;1;1;1m            [48;2;1;1;3m[38;2;1;1;3m  [48;2;3;1;6m[38;2;3;1;6m  [48;2;2;0;3m[38;2;2;0;3m  [48;2;1;1;1m[38;2;1;1;1m  [48;2;3;1;6m[38;2;3;1;6m    [48;2;1;1;1m[38;2;1;1;1m    [48;2;1;1;3m[38;2;1;1;3m      [48;2;11;7;10m[38;2;0;0;0m [48;2;32;27;31m[38;2;126;121;125m▁[48;2;255;255;255m[38;2;237;237;239m▌[48;2;253;253;254m[38;2;245;245;247m┃[48;2;250;250;252m[38;2;250;250;252m        [48;2;247;247;249m[38;2;233;233;235m▁[48;2;183;183;185m[38;2;243;243;244m▊[48;2;197;194;195m[38;2;56;52;53m▅[48;2;3;0;0m[38;2;15;11;12m▄[48;2;3;1;6m[38;2;3;1;6m  [48;2;3;1;4m[38;2;3;1;4m  [48;2;3;1;6m[38;2;3;1;6m    [48;2;1;1;1m[38;2;1;1;1m  [0m
[48;2;1;1;1m[38;2;1;1;1m              [48;2;2;0;3m[38;2;2;0;3m  [48;2;1;1;3m[38;2;1;1;3m    [48;2;3;1;6m[38;2;3;1;6m  [48;2;3;1;4m[38;2;3;1;4m  [48;2;1;1;3m[38;2;1;1;3m  [48;2;1;1;1m[38;2;1;1;1m    [48;2;3;1;4m[38;2;3;1;4m  [48;2;3;1;6m[38;2;3;1;6m  [48;2;68;63;67m[38;2;8;3;7m▊[48;2;251;246;250m[38;2;192;187;191m▎[48;2;250;250;252m[38;2;250;250;252m          [48;2;238;243;242m[38;2;0;0;0m [48;2;246;231;237m[38;2;152;133;140m▂[48;2;197;195;197m[38;2;205;77;100m▅[48;2;68;24;29m[38;2;171;61;79m┓[48;2;3;1;6m[38;2;3;1;6m        [48;2;2;0;3m[38;2;2;0;3m  [0m
[48;2;1;1;1m[38;2;1;1;1m                [48;2;3;1;4m[38;2;3;1;4m  [48;2;3;1;6m[38;2;3;1;6m  [48;2;2;0;3m[38;2;2;0;3m  [48;2;3;1;6m[38;2;3;1;6m  [48;2;2;0;3m[38;2;2;0;3m  [48;2;1;1;1m[38;2;1;1;1m    [48;2;3;1;6m[38;2;3;1;6m    [48;2;68;63;67m[38;2;8;3;7m▊[48;2;251;246;250m[38;2;192;187;191m▎[48;2;250;250;252m[38;2;250;250;252m  [48;2;236;232;236m[38;2;0;0;0m [48;2;233;229;232m[38;2;94;89;93m▅[48;2;239;238;240m[38;2;119;117;120m▁[48;2;246;244;246m[38;2;0;0;0m [48;2;250;250;252m[38;2;250;250;252m  [48;2;241;241;243m[38;2;251;251;252m▅[48;2;251;251;252m[38;2;241;241;243m▃[48;2;101;93;96m[38;2;218;210;213m▊[48;2;19;11;13m[38;2;0;0;0m [48;2;204;61;88m[38;2;18;6;9m▅[48;2;158;67;76m[38;2;12;9;9m▅[48;2;3;1;4m[38;2;3;1;4m  [48;2;3;1;6m[38;2;3;1;6m      [48;2;1;1;3m[38;2;1;1;3m  [0m
[48;2;1;1;1m[38;2;1;1;1m                    [48;2;0;0;0m[38;2;0;0;0m  [48;2;1;1;3m[38;2;1;1;3m  [48;2;1;1;1m[38;2;1;1;1m    [48;2;2;0;3m[38;2;2;0;3m  [48;2;1;1;3m[38;2;1;1;3m  [48;2;3;1;6m[38;2;3;1;6m  [48;2;15;11;14m[38;2;0;0;0m [48;2;211;206;210m[38;2;46;42;45m▅[48;2;247;247;249m[38;2;247;247;249m  [48;2;249;249;250m[38;2;0;0;0m [48;2;248;248;249m[38;2;210;210;212m▝[48;2;52;47;51m[38;2;214;210;214m▅[48;2;214;210;214m[38;2;78;74;77m▅[48;2;228;225;226m[38;2;61;57;58m▅[48;2;227;224;225m[38;2;25;22;22m▅[38;2;20;17;17m▅[48;2;200;196;197m[38;2;52;48;49m▅[48;2;27;23;26m[38;2;203;199;202m▅[48;2;16;12;15m[38;2;138;133;137m▁[48;2;1;1;1m[38;2;1;1;1m      [48;2;1;1;3m[38;2;1;1;3m    [48;2;1;1;1m[38;2;1;1;1m  [0m
[48;2;1;1;1m[38;2;1;1;1m                        [48;2;1;1;3m[38;2;1;1;3m  [48;2;3;1;6m[38;2;3;1;6m  [48;2;2;0;3m[38;2;2;0;3m    [48;2;3;1;6m[38;2;3;1;6m  [48;2;1;0;2m[38;2;7;5;8m│[48;2;66;64;67m[38;2;8;6;9m▊[48;2;231;224;227m[38;2;104;72;83m▁[48;2;241;239;241m[38;2;179;113;136m▁[48;2;250;250;252m[38;2;250;250;252m    [48;2;139;134;138m[38;2;245;241;244m▊[48;2;73;68;72m[38;2;19;15;18m▊[48;2;84;80;83m[38;2;229;224;228m┓[48;2;121;116;120m[38;2;15;11;14m▊[48;2;251;250;252m[38;2;239;237;240m▎[48;2;113;111;114m[38;2;243;242;244m▊[48;2;1;0;2m[38;2;12;10;13m▂[38;2;14;12;15m━[48;2;1;1;1m[38;2;1;1;1m        [48;2;1;1;3m[38;2;1;1;3m  [0m
[48;2;1;1;1m[38;2;1;1;1m                    [48;2;2;0;3m[38;2;2;0;3m  [48;2;1;1;1m[38;2;1;1;1m  [48;2;3;1;6m[38;2;3;1;6m    [48;2;1;1;3m[38;2;1;1;3m  [48;2;2;0;3m[38;2;2;0;3m  [48;2;1;1;3m[38;2;1;1;3m  [48;2;5;3;6m[38;2;5;3;6m  [48;2;52;18;16m[38;2;195;62;89m▅[48;2;214;124;137m[38;2;213;68;99m▊[48;2;248;248;250m[38;2;248;248;250m  [48;2;237;237;239m[38;2;251;251;252m▊[48;2;193;193;195m[38;2;243;243;244m▊[48;2;205;200;204m[38;2;58;53;57m▅[48;2;67;63;66m[38;2;231;227;230m▅[48;2;132;127;131m[38;2;246;241;245m▊[48;2;122;117;121m[38;2;17;12;16m▊[48;2;250;250;252m[38;2;250;250;252m  [48;2;88;83;87m[38;2;240;236;239m▊[48;2;3;0;2m[38;2;11;6;10m│[48;2;1;1;1m[38;2;1;1;1m          [0m
[48;2;1;1;1m[38;2;1;1;1m                  [48;2;1;1;3m[38;2;1;1;3m  [48;2;2;0;3m[38;2;2;0;3m  [48;2;1;1;3m[38;2;1;1;3m  [48;2;3;1;6m[38;2;3;1;6m    [48;2;2;0;3m[38;2;2;0;3m  [48;2;1;1;3m[38;2;1;1;3m  [48;2;1;1;1m[38;2;1;1;1m  [48;2;3;1;4m[38;2;3;1;4m  [48;2;178;60;80m[38;2;26;20;24m▅[48;2;216;100;120m[38;2;236;231;234m▅[48;2;249;249;251m[38;2;249;249;251m  [48;2;236;232;235m[38;2;0;0;0m [48;2;180;175;179m[38;2;83;78;82m┳[48;2;70;68;71m[38;2;238;236;239m▅[48;2;231;229;232m[38;2;0;0;0m [48;2;192;188;191m[38;2;101;96;100m▅[48;2;77;73;76m[38;2;239;235;239m▅[48;2;250;250;252m[38;2;250;250;252m  [48;2;231;229;232m[38;2;0;0;0m [48;2;77;75;78m[38;2;225;224;226m┓[48;2;1;1;1m[38;2;1;1;1m          [0m
[48;2;1;1;1m[38;2;1;1;1m                  [48;2;2;0;3m[38;2;2;0;3m    [48;2;3;1;6m[38;2;3;1;6m      [48;2;1;1;3m[38;2;1;1;3m  [48;2;1;1;1m[38;2;1;1;1m  [48;2;1;1;3m[38;2;1;1;3m  [48;2;8;6;9m[38;2;0;0;0m [48;2;47;45;48m[38;2;6;4;7m▊[48;2;60;58;61m[38;2;237;236;238m▅[48;2;243;242;244m[38;2;0;0;0m [48;2;250;250;252m[38;2;250;250;252m  [48;2;249;249;251m[38;2;238;238;240m▎[48;2;183;183;185m[38;2;244;244;245m▊[48;2;217;212;216m[38;2;17;12;16m▅[48;2;218;214;217m[38;2;41;36;40m▅[48;2;249;249;251m[38;2;249;249;251m  [48;2;250;250;252m[38;2;250;250;252m  [48;2;246;246;248m[38;2;246;246;248m▄[48;2;79;79;81m[38;2;243;243;245m▊[48;2;1;1;1m[38;2;1;1;1m          [0m
[48;2;4;2;10m[38;2;23;2;126m▂▂▂▂▂▂▂▂▂▂▂▂▂▂▂▂▂▂[48;2;5;3;12m[38;2;24;2;129m▂▂[48;2;4;2;10m[38;2;23;2;126m▂▂[48;2;5;3;12m[38;2;24;2;129m▂▂▂▂▂▂[48;2;5;3;11m[38;2;24;3;127m▂▂[48;2;4;2;10m[38;2;23;2;126m▂▂[48;2;4;2;11m[38;2;23;1;128m▂▂[48;2;6;3;21m[38;2;57;38;143m▁[48;2;30;29;32m[38;2;189;186;191m▂[48;2;243;243;245m[38;2;239;239;241m▌[48;2;254;254;255m[38;2;250;250;252m▌[48;2;250;250;252m  [48;2;242;240;243m[38;2;0;0;0m [48;2;219;217;216m[38;2;86;70;174m▂[48;2;12;9;18m[38;2;30;7;134m▂[48;2;16;13;23m[38;2;15;0;120m▂[48;2;163;157;181m[38;2;23;17;48m┓[48;2;243;241;244m[38;2;0;0;0m [48;2;250;250;252m[38;2;250;250;252m  [48;2;249;249;250m[38;2;239;239;241m╷[48;2;230;230;232m[38;2;0;0;0m [48;2;44;43;47m[38;2;190;186;202m▅[48;2;8;5;23m[38;2;39;14;163m▁[48;2;4;2;10m[38;2;23;2;126m▂▂▂▂▂▂▂▂[0m
[48;2;38;3;183m[38;2;38;3;183m                                [48;2;39;4;184m[38;2;39;4;184m  [48;2;55;30;180m[38;2;202;196;220m▂[48;2;249;247;247m[38;2;214;206;243m▎[48;2;250;250;252m[38;2;250;250;252m    [48;2;184;173;229m[38;2;246;244;245m▊[48;2;30;3;182m[38;2;67;45;172m▎[48;2;38;3;183m[38;2;38;3;183m  [48;2;44;14;183m[38;2;0;0;0m [48;2;237;230;251m[38;2;81;61;179m▆[48;2;250;250;252m[38;2;250;250;252m    [48;2;122;102;215m[38;2;238;235;237m▊[48;2;48;25;180m[38;2;189;176;231m▁[48;2;38;3;183m[38;2;38;3;183m        [0m
[48;2;38;3;183m[38;2;38;3;183m                                [48;2;41;6;184m[38;2;41;6;184m  [48;2;255;255;255m[38;2;236;236;238m▌[48;2;252;252;253m[38;2;244;244;246m┃[48;2;250;250;252m[38;2;250;250;252m  [48;2;238;237;242m[38;2;251;250;253m▊[48;2;195;194;199m[38;2;244;243;247m▊[48;2;205;195;229m[38;2;48;20;176m▆[48;2;44;11;186m[38;2;0;0;0m [48;2;38;3;183m[38;2;38;3;183m  [48;2;31;0;172m[38;2;39;6;180m▊[48;2;37;6;178m[38;2;81;47;222m▝[48;2;227;225;228m[38;2;84;64;190m▆[48;2;251;250;246m[38;2;237;233;246m▎[48;2;250;250;252m[38;2;250;250;252m  [48;2;250;248;249m[38;2;238;241;221m│[48;2;106;87;202m[38;2;232;229;236m▊[48;2;56;25;188m[38;2;184;170;223m▁[48;2;40;8;174m[38;2;34;0;195m▗[48;2;38;3;183m[38;2;38;3;183m      [0m
[48;2;38;3;185m[38;2;38;3;185m                                [48;2;41;6;184m[38;2;41;6;184m  [48;2;255;255;255m[38;2;236;236;238m▌[48;2;252;252;253m[38;2;244;244;246m┃[48;2;250;250;252m[38;2;250;250;252m  [48;2;197;189;229m[38;2;247;245;248m▊[48;2;202;196;219m[38;2;46;22;172m▆[48;2;39;4;184m[38;2;39;4;184m  [48;2;38;3;185m[38;2;38;3;185m    [48;2;46;18;182m[38;2;0;0;0m [48;2;221;214;234m[38;2;70;47;192m▆[48;2;222;220;233m[38;2;72;58;174m▁[48;2;247;246;249m[38;2;0;0;0m [48;2;250;250;252m[38;2;250;250;252m  [48;2;121;100;214m[38;2;234;230;242m▊[48;2;38;17;167m[38;2;169;156;220m▂[48;2;38;3;185m[38;2;38;3;185m      [0m
[48;2;38;3;185m[38;2;38;3;185m                                [48;2;39;4;184m[38;2;39;4;184m  [48;2;202;196;220m[38;2;55;30;180m▆[48;2;249;247;247m[38;2;214;206;243m▎[48;2;239;238;243m[38;2;251;250;253m▊[48;2;196;195;200m[38;2;245;244;248m▊[48;2;200;189;227m[38;2;48;17;179m▆[48;2;41;8;186m[38;2;0;0;0m [48;2;38;3;185m[38;2;38;3;185m        [48;2;47;18;183m[38;2;0;0;0m [48;2;218;207;239m[38;2;87;66;189m▆[48;2;250;250;252m[38;2;250;250;252m  [48;2;250;247;255m[38;2;252;252;245m┃[48;2;52;29;172m[38;2;229;226;235m▊[48;2;38;3;185m[38;2;38;3;185m      [0m
[48;2;38;3;185m[38;2;38;3;185m                                [48;2;41;3;188m[38;2;60;16;162m▗[48;2;44;7;169m[38;2;158;59;105m▂[48;2;78;33;157m[38;2;199;70;95m▆[48;2;229;204;211m[38;2;209;79;110m▆[48;2;243;202;209m[38;2;195;67;103m▆[48;2;96;80;175m[38;2;18;11;32m▂[48;2;40;6;188m[38;2;12;2;44m▃▃[48;2;36;3;185m[38;2;20;8;51m▃▃▃▃▃▃[48;2;34;4;166m[38;2;15;5;40m▂▂[48;2;42;8;177m[38;2;10;1;21m▂[48;2;62;35;157m[38;2;15;5;27m▂[48;2;216;147;163m[38;2;54;15;20m▂[48;2;241;248;239m[38;2;210;100;129m▃[48;2;206;190;217m[38;2;152;71;126m▂[48;2;151;149;220m[38;2;39;10;171m▆[48;2;38;3;185m[38;2;38;3;185m      [0m
[48;2;38;3;185m[38;2;38;3;185m                              [48;2;36;2;175m[38;2;36;2;175m▄[48;2;36;9;138m[38;2;36;27;45m━[48;2;147;51;98m[38;2;28;15;29m▂[48;2;188;63;92m[38;2;24;13;16m▂[48;2;192;74;104m[38;2;50;14;18m▃[48;2;159;52;78m[38;2;25;7;6m▆[48;2;134;46;76m[38;2;14;8;8m▆[48;2;6;2;3m[38;2;0;0;0m [48;2;2;0;3m[38;2;2;0;3m  [48;2;3;1;6m[38;2;3;1;6m          [48;2;103;32;48m[38;2;18;9;5m▊[48;2;209;69;108m[38;2;52;20;23m▃[48;2;78;24;63m[38;2;222;79;108m▘[48;2;44;12;151m[38;2;13;14;69m┛[48;2;38;3;185m[38;2;38;3;185m      [0m
[48;2;38;3;185m[38;2;38;3;185m                                [48;2;20;5;61m[38;2;39;6;179m▆▆[48;2;19;7;45m[38;2;38;5;181m▆▆[48;2;19;8;43m[38;2;38;5;179m▆▆[48;2;19;7;45m[38;2;38;5;181m▆▆[48;2;19;8;43m[38;2;38;5;179m▆▆▆▆[48;2;19;7;45m[38;2;38;5;181m▆▆▆▆[48;2;19;8;43m[38;2;38;5;179m▆▆▆▆[48;2;37;15;111m[38;2;37;2;180m▆[48;2;37;1;185m[38;2;37;3;174m▘[48;2;38;3;185m[38;2;38;3;185m      [0m
[48;2;40;2;185m[38;2;40;2;185m                                                            [0m
[48;2;40;2;185m[38;2;40;2;185m                                                            [0m
