[48;2;1;1;1m[38;2;1;1;1m                                                            [0m
[48;2;1;1;1m[38;2;1;1;1m                                                            [0m
[48;2;1;1;1m[38;2;1;1;1m                                                            [0m
[48;2;1;1;1m[38;2;1;1;1m                                                      [48;2;1;1;3m[38;2;1;1;3m  [48;2;1;1;1m[38;2;1;1;1m    [0m
[48;2;1;1;1m[38;2;1;1;1m                          [48;2;3;1;6m[38;2;3;1;6m  [48;2;1;1;3m[38;2;1;1;3m  [48;2;1;1;1m[38;2;1;1;1m        [48;2;3;1;4m[38;2;3;1;4m  [48;2;3;1;6m[38;2;3;1;6m  [48;2;3;1;4m[38;2;3;1;4m  [48;2;1;1;3m[38;2;1;1;3m  [48;2;1;1;1m[38;2;1;1;1m      [48;2;3;1;4m[38;2;3;1;4m  [48;2;3;1;6m[38;2;3;1;6m  [48;2;2;0;3m[38;2;2;0;3m  [48;2;1;1;1m[38;2;1;1;1m  [0m
[48;2;1;1;1m[38;2;1;1;1m                        [48;2;1;1;3m[38;2;1;1;3m  [48;2;3;1;6m[38;2;3;1;6m    [48;2;2;0;3m[38;2;2;0;3m  [48;2;1;1;3m[38;2;1;1;3m  [48;2;2;0;3m[38;2;2;0;3m  [48;2;1;1;3m[38;2;1;1;3m    [48;2;2;0;3m[38;2;2;0;3m  [48;2;3;1;6m[38;2;3;1;6m    [48;2;1;1;1m[38;2;1;1;1m    [48;2;3;1;6m[38;2;3;1;6m      [48;2;1;1;3m[38;2;1;1;3m  [48;2;1;1;1m[38;2;1;1;1m  [0m
[48;2;1;1;1m[38;2;1;1;1m                    [48;2;3;1;6m[38;2;3;1;6m    [48;2;3;1;4m[38;2;3;1;4m  [48;2;3;1;6m[38;2;3;1;6m    [48;2;2;0;3m[38;2;2;0;3m  [48;2;3;1;6m[38;2;3;1;6m        [48;2;1;1;3m[38;2;1;1;3m  [48;2;5;3;6m[38;2;5;3;6m  [48;2;2;2;4m[38;2;2;2;4m  [48;2;1;1;3m[38;2;1;1;3m  [48;2;3;1;4m[38;2;3;1;4m  [48;2;3;1;6m[38;2;3;1;6m      [48;2;1;1;3m[38;2;1;1;3m  [48;2;1;1;1m[38;2;1;1;1m  [0m
[48;2;1;1;1m[38;2;1;1;1m                    [48;2;1;1;3m[38;2;1;1;3m  [48;2;3;1;6m[38;2;3;1;6m          [48;2;1;1;3m[38;2;1;1;3m  [48;2;3;1;4m[38;2;3;1;4m  [48;2;3;1;6m[38;2;3;1;6m  [48;2;2;0;3m[38;2;2;0;3m  [48;2;9;4;8m[38;2;3;0;2m▊[48;2;51;46;50m[38;2;222;217;221m▄[48;2;154;152;155m[38;2;246;244;246m▇▇[48;2;149;147;150m[38;2;230;228;230m▇[48;2;12;11;13m[38;2;200;198;200m▄[48;2;4;2;5m[38;2;4;2;5m  [48;2;3;1;4m[38;2;3;1;4m  [48;2;3;1;6m[38;2;3;1;6m        [48;2;3;1;4m[38;2;3;1;4m  [0m
[48;2;1;1;1m[38;2;1;1;1m                    [48;2;2;2;4m[38;2;2;2;4m  [48;2;3;1;4m[38;2;3;1;4m  [48;2;3;1;6m[38;2;3;1;6m              [48;2;2;0;3m[38;2;2;0;3m  [48;2;119;114;118m[38;2;11;6;10m▊[48;2;251;247;251m[38;2;218;213;217m▎[48;2;243;230;231m[38;2;0;0;0m [48;2;239;245;242m[38;2;207;77;117m▄[48;2;249;238;243m[38;2;204;88;105m▄[48;2;247;237;241m[38;2;182;66;83m▄[48;2;177;175;178m[38;2;24;23;25m▄[48;2;8;6;9m[38;2;0;0;0m [48;2;1;1;3m[38;2;1;1;3m    [48;2;3;1;4m[38;2;3;1;4m  [48;2;3;1;6m[38;2;3;1;6m    [48;2;1;1;3m[38;2;1;1;3m  [0m
[48;2;1;1;1m[38;2;1;1;1m                [48;2;2;0;3m[38;2;2;0;3m  [48;2;3;1;4m[38;2;3;1;4m  [48;2;2;0;3m[38;2;2;0;3m  [48;2;1;1;1m[38;2;1;1;1m  [48;2;1;1;3m[38;2;1;1;3m    [48;2;2;0;3m[38;2;2;0;3m  [48;2;3;1;6m[38;2;3;1;6m    [48;2;1;1;3m[38;2;1;1;3m  [48;2;2;2;4m[38;2;2;2;4m  [48;2;1;0;0m[38;2;63;61;62m▁▁[48;2;114;105;108m[38;2;20;12;14m▊[48;2;209;200;203m[38;2;250;244;247m┃[48;2;167;57;76m[38;2;215;67;99m▊[48;2;55;15;14m[38;2;197;77;100m▄[48;2;200;67;98m[38;2;0;0;0m [48;2;27;11;6m[38;2;164;57;80m▄[48;2;3;1;4m[38;2;19;17;20m▃[48;2;8;6;9m[38;2;3;2;4m▚[48;2;3;1;4m[38;2;3;1;4m  [48;2;2;2;4m[38;2;2;2;4m  [48;2;1;1;1m[38;2;1;1;1m  [48;2;2;0;3m[38;2;2;0;3m  [48;2;3;1;6m[38;2;3;1;6m  [48;2;1;1;1m[38;2;1;1;1m  [0m
[48;2;1;1;1m[38;2;1;1;1m            [48;2;1;1;3m[38;2;1;1;3m  [48;2;3;1;6m[38;2;3;1;6m      [48;2;1;1;3m[38;2;1;1;3m  [48;2;1;1;1m[38;2;1;1;1m      [48;2;1;1;3m[38;2;1;1;3m      [48;2;1;0;2m[38;2;23;21;24m╴[48;2;16;14;17m[38;2;96;94;97m▁[48;2;25;24;26m[38;2;231;229;231m▄[48;2;49;48;50m[38;2;240;238;240m▄[48;2;239;237;240m[38;2;250;248;251m▄▄[48;2;252;248;249m[38;2;244;240;241m┃[48;2;226;222;223m[38;2;255;253;254m▌[48;2;215;73;99m[38;2;228;131;142m▁▁[48;2;231;125;147m[38;2;208;69;102m▊[48;2;222;112;136m[38;2;241;236;226m▄[48;2;227;225;227m[38;2;0;0;0m [48;2;27;25;28m[38;2;237;235;237m▄[48;2;26;24;29m[38;2;189;187;191m▄[48;2;1;0;4m[38;2;5;3;8m▄[48;2;3;1;4m[38;2;3;1;4m  [48;2;3;1;6m[38;2;3;1;6m  [48;2;1;1;3m[38;2;1;1;3m  [48;2;1;1;1m[38;2;1;1;1m    [0m
[48;2;1;1;1m[38;2;1;1;1m            [48;2;3;1;6m[38;2;3;1;6m      [48;2;3;1;4m[38;2;3;1;4m  [48;2;1;1;3m[38;2;1;1;3m  [48;2;1;1;1m[38;2;1;1;1m    [48;2;3;1;6m[38;2;3;1;6m  [48;2;2;0;3m[38;2;2;0;3m    [48;2;3;1;4m[38;2;3;1;4m  [48;2;28;23;27m[38;2;118;113;117m▁[48;2;250;246;249m[38;2;197;192;196m▎[48;2;250;250;252m[38;2;250;250;252m      [48;2;252;250;252m[38;2;0;0;0m [48;2;230;228;231m[38;2;251;249;251m▄[48;2;212;115;146m[38;2;245;241;241m▄[48;2;246;243;243m[38;2;0;0;0m [48;2;246;246;247m[38;2;225;181;196m▁▁[48;2;103;98;102m[38;2;238;234;238m▊[48;2;3;0;2m[38;2;10;5;9m▄[48;2;2;0;3m[38;2;2;0;3m  [48;2;3;1;6m[38;2;3;1;6m    [48;2;1;1;3m[38;2;1;1;3m  [48;2;1;1;1m[38;2;1;1;1m  [0m
[48;2;1;1;1m[38;2;1;1;1m            [48;2;1;1;3m[38;2;1;1;3m  [48;2;3;1;6m[38;2;3;1;6m  [48;2;2;0;3m[38;2;2;0;3m  [48;2;1;1;1m[38;2;1;1;1m  [48;2;3;1;6m[38;2;3;1;6m    [48;2;1;1;1m[38;2;1;1;1m    [48;2;1;1;3m[38;2;1;1;3m    [48;2;1;0;2m[38;2;3;1;4m▄[48;2;39;37;40m[38;2;0;0;0m [48;2;255;255;255m[38;2;236;236;238m▌[48;2;252;252;253m[38;2;244;244;246m┃[48;2;245;245;246m[38;2;0;0;0m [48;2;244;244;245m[38;2;135;135;137m▁[48;2;250;250;252m[38;2;250;250;252m      [48;2;250;248;250m[38;2;0;0;0m [48;2;249;247;249m[38;2;211;209;212m▝[48;2;202;71;101m[38;2;234;210;207m▅[48;2;213;82;113m[38;2;225;144;158m▁[48;2;232;202;211m[38;2;205;89;126m▖[48;2;103;92;94m[38;2;237;236;235m▊[48;2;9;7;12m[38;2;106;104;109m▁[48;2;6;4;9m[38;2;0;0;0m [48;2;3;1;4m[38;2;3;1;4m  [48;2;3;1;6m[38;2;3;1;6m    [48;2;1;1;1m[38;2;1;1;1m  [0m
[48;2;1;1;1m[38;2;1;1;1m              [48;2;2;0;3m[38;2;2;0;3m  [48;2;1;1;3m[38;2;1;1;3m    [48;2;3;1;6m[38;2;3;1;6m  [48;2;3;1;4m[38;2;3;1;4m  [48;2;1;1;3m[38;2;1;1;3m  [48;2;1;1;1m[38;2;1;1;1m    [48;2;3;1;4m[38;2;3;1;4m  [48;2;52;50;53m[38;2;6;4;7m▊[48;2;246;245;247m[38;2;175;173;176m▎[48;2;250;250;251m[38;2;241;241;243m┗[48;2;216;216;218m[38;2;248;248;249m▊[48;2;205;200;204m[38;2;33;29;32m▅[48;2;26;21;25m[38;2;0;0;0m [48;2;226;224;227m[38;2;44;43;45m▅[48;2;250;249;251m[38;2;220;218;221m▎[48;2;250;250;252m[38;2;250;250;252m    [48;2;248;248;250m[38;2;248;248;250m  [48;2;223;219;223m[38;2;87;82;86m▁[48;2;238;234;238m[38;2;60;56;59m▅[48;2;242;240;242m[38;2;146;144;147m▁[48;2;240;238;241m[38;2;0;0;0m [48;2;69;67;70m[38;2;213;211;214m▊[48;2;1;0;2m[38;2;10;8;11m│[48;2;3;1;6m[38;2;3;1;6m      [48;2;2;0;3m[38;2;2;0;3m  [0m
[48;2;1;1;1m[38;2;1;1;1m                [48;2;3;1;4m[38;2;3;1;4m  [48;2;3;1;6m[38;2;3;1;6m  [48;2;2;0;3m[38;2;2;0;3m  [48;2;3;1;6m[38;2;3;1;6m  [48;2;2;0;3m[38;2;2;0;3m  [48;2;1;1;1m[38;2;1;1;1m    [48;2;3;1;6m[38;2;3;1;6m  [48;2;45;40;44m[38;2;11;7;10m▊[48;2;220;216;219m[38;2;108;103;107m▁[48;2;255;254;255m[38;2;247;245;248m▌[48;2;176;174;177m[38;2;247;245;247m▊[48;2;1;0;0m[38;2;35;33;34m▎[38;2;8;6;7m┃[48;2;18;14;17m[38;2;0;0;0m [48;2;225;221;225m[38;2;84;79;83m▅[48;2;240;235;239m[38;2;87;82;86m▁▁[48;2;242;239;240m[38;2;78;74;75m▁▁[48;2;225;221;224m[38;2;93;88;92m▁[48;2;198;194;197m[38;2;67;63;66m▅[48;2;1;0;2m[38;2;9;7;10m▄[48;2;6;4;7m[38;2;0;0;0m [48;2;27;22;26m [48;2;178;174;177m[38;2;20;16;19m▅[48;2;2;0;3m[38;2;2;0;3m  [48;2;3;1;6m[38;2;3;1;6m      [48;2;1;1;3m[38;2;1;1;3m  [0m
[48;2;1;1;1m[38;2;1;1;1m                    [48;2;0;0;0m[38;2;0;0;0m  [48;2;1;1;3m[38;2;1;1;3m  [48;2;1;1;1m[38;2;1;1;1m    [48;2;2;0;3m[38;2;2;0;3m  [48;2;1;1;3m[38;2;1;1;3m  [48;2;13;11;16m[38;2;2;0;5m┃[48;2;48;46;51m[38;2;5;3;8m▊[48;2;231;225;228m[38;2;105;73;84m▁[48;2;225;223;224m[38;2;202;137;159m▁[48;2;21;15;16m[38;2;100;55;70m▁[48;2;27;18;20m[38;2;0;0;0m [48;2;57;55;58m[38;2;223;222;224m▅[48;2;233;231;234m[38;2;0;0;0m [48;2;35;31;34m[38;2;233;228;232m▅[48;2;21;17;20m[38;2;215;210;214m▅[48;2;16;14;17m[38;2;127;125;128m▁[48;2;6;4;7m[38;2;35;33;36m▁[48;2;145;141;142m[38;2;47;44;44m▊[48;2;234;231;232m[38;2;116;112;113m▁[48;2;233;231;233m[38;2;0;0;0m [48;2;20;19;21m[38;2;199;197;200m▅[48;2;11;11;11m[38;2;132;132;132m▁[48;2;0;0;0m[38;2;15;15;15m▄[48;2;1;1;1m[38;2;1;1;1m    [48;2;1;1;3m[38;2;1;1;3m    [48;2;1;1;1m[38;2;1;1;1m  [0m
[48;2;1;1;1m[38;2;1;1;1m                        [48;2;1;1;3m[38;2;1;1;3m  [48;2;3;1;6m[38;2;3;1;6m  [48;2;2;0;3m[38;2;2;0;3m    [48;2;3;1;6m[38;2;3;1;6m  [48;2;55;21;28m[38;2;6;4;9m▊[48;2;189;64;87m[38;2;116;34;43m▂[48;2;201;76;99m[38;2;136;54;63m▂[48;2;61;50;57m[38;2;233;224;228m▅[48;2;249;249;251m[38;2;249;249;251m  [48;2;250;250;252m[38;2;250;250;252m  [48;2;247;242;246m[38;2;255;252;255m│[48;2;104;99;103m[38;2;16;12;15m▊[48;2;117;112;116m[38;2;245;240;244m▊[48;2;128;123;127m[38;2;14;10;13m▊[48;2;250;250;252m[38;2;250;250;252m  [48;2;104;99;103m[38;2;238;234;237m▊[48;2;21;16;20m[38;2;136;131;135m▁[48;2;1;1;1m[38;2;1;1;1m        [48;2;1;1;3m[38;2;1;1;3m  [0m
[48;2;1;1;1m[38;2;1;1;1m                    [48;2;2;0;3m[38;2;2;0;3m  [48;2;1;1;1m[38;2;1;1;1m  [48;2;3;1;6m[38;2;3;1;6m    [48;2;1;1;3m[38;2;1;1;3m  [48;2;2;0;3m[38;2;2;0;3m  [48;2;1;1;3m[38;2;1;1;3m    [48;2;79;77;80m[38;2;8;6;9m▊[48;2;248;247;249m[38;2;202;200;203m▎[48;2;250;250;252m[38;2;250;250;252m  [48;2;231;231;233m[38;2;249;249;250m▆[48;2;214;214;216m[38;2;246;246;247m▊[48;2;195;190;194m[38;2;91;85;89m▅[48;2;67;61;65m[38;2;169;163;167m▅[48;2;169;163;167m[38;2;76;70;74m┓[48;2;77;71;75m[38;2;238;233;236m▅[48;2;250;250;252m[38;2;250;250;252m  [48;2;250;250;251m[38;2;241;241;243m│[48;2;81;81;83m[38;2;245;245;246m▊[48;2;13;12;12m[38;2;153;151;152m▁[48;2;6;5;5m[38;2;0;0;0m [48;2;1;1;1m[38;2;1;1;1m        [0m
[48;2;1;1;1m[38;2;1;1;1m                  [48;2;1;1;3m[38;2;1;1;3m  [48;2;2;0;3m[38;2;2;0;3m  [48;2;1;1;3m[38;2;1;1;3m  [48;2;3;1;6m[38;2;3;1;6m    [48;2;2;0;3m[38;2;2;0;3m  [48;2;1;1;3m[38;2;1;1;3m  [48;2;1;1;1m[38;2;1;1;1m  [48;2;2;0;3m[38;2;2;0;3m  [48;2;56;51;55m[38;2;11;7;10m▊[48;2;226;222;226m[38;2;56;51;55m▁[48;2;249;249;251m[38;2;249;249;251m  [48;2;250;250;252m[38;2;250;250;252m  [48;2;236;234;237m[38;2;0;0;0m [48;2;71;69;72m[38;2;236;234;236m▅[48;2;233;232;234m[38;2;87;85;88m▁[48;2;247;246;248m[38;2;0;0;0m [48;2;250;250;252m[38;2;250;250;252m    [48;2;80;80;82m[38;2;231;231;232m▊[48;2;0;0;2m[38;2;12;12;14m│[48;2;1;1;1m[38;2;1;1;1m        [0m
[48;2;1;1;1m[38;2;1;1;1m                  [48;2;2;0;3m[38;2;2;0;3m    [48;2;3;1;6m[38;2;3;1;6m      [48;2;1;1;3m[38;2;1;1;3m  [48;2;1;1;1m[38;2;1;1;1m  [48;2;1;1;3m[38;2;1;1;3m    [48;2;2;0;1m[38;2;10;8;9m│[48;2;99;97;98m[38;2;9;7;8m▊[48;2;255;254;255m[38;2;237;235;238m▌[48;2;253;251;253m[38;2;245;243;246m┃[48;2;250;250;252m[38;2;250;250;252m  [48;2;252;250;252m[38;2;244;242;245m┃[48;2;152;150;153m[38;2;243;242;244m▊[48;2;109;104;108m[38;2;21;17;20m▊[48;2;230;226;229m[38;2;49;44;48m▁[48;2;250;250;252m[38;2;250;250;252m    [48;2;80;80;82m[38;2;231;231;232m▊[48;2;0;0;2m[38;2;12;12;14m│[48;2;1;1;1m[38;2;1;1;1m        [0m
[48;2;4;2;10m[38;2;23;2;126m▂▂▂▂▂▂▂▂▂▂▂▂▂▂▂▂▂▂[48;2;5;3;12m[38;2;24;2;129m▂▂[48;2;4;2;10m[38;2;23;2;126m▂▂[48;2;5;3;12m[38;2;24;2;129m▂▂▂▂▂▂[48;2;5;3;11m[38;2;24;3;127m▂▂[48;2;4;2;10m[38;2;23;2;126m▂▂[48;2;4;2;11m[38;2;23;1;128m▂▂[48;2;4;2;10m[38;2;23;2;126m▂▂[48;2;9;4;12m[38;2;26;5;127m▂[48;2;32;25;45m[38;2;52;24;177m▁[48;2;255;255;255m[38;2;236;236;238m▌[48;2;252;252;253m[38;2;244;244;246m┃[48;2;250;250;252m[38;2;250;250;252m  [48;2;252;250;253m[38;2;244;242;247m┃[48;2;152;150;155m[38;2;243;242;245m▊[48;2;12;8;14m[38;2;31;8;130m▂[48;2;41;34;53m[38;2;62;33;181m▁[48;2;250;250;252m[38;2;250;250;252m    [48;2;85;80;100m[38;2;234;231;236m▊[48;2;5;4;10m[38;2;22;2;123m▂[48;2;4;2;10m[38;2;23;2;126m▂▂▂▂▂▂▂▂[0m
[48;2;38;3;183m[38;2;38;3;183m                                    [48;2;47;11;198m[38;2;35;0;187m┃[48;2;82;51;207m[38;2;35;5;168m▊[48;2;249;249;250m[38;2;206;206;208m▎[48;2;241;241;243m[38;2;253;253;254m┃[48;2;250;250;252m[38;2;250;250;252m  [48;2;181;173;213m[38;2;242;240;242m▊[48;2;220;214;233m[38;2;53;28;180m▆[48;2;37;4;178m[38;2;54;20;195m╵[48;2;32;3;173m[38;2;85;51;225m▝[48;2;173;162;225m[38;2;55;30;182m┓[48;2;245;243;241m[38;2;246;244;245m▄[48;2;250;249;252m[38;2;244;243;248m▖[48;2;236;235;239m[38;2;0;0;0m [48;2;194;182;232m[38;2;68;44;195m▂[48;2;33;8;168m[38;2;37;8;199m▝[48;2;38;3;183m[38;2;38;3;183m        [0m
[48;2;38;3;183m[38;2;38;3;183m                                    [48;2;35;1;176m[38;2;43;9;184m┃[48;2;60;26;201m[38;2;29;0;170m▌[48;2;233;231;236m[38;2;89;72;179m▂[48;2;243;242;246m[38;2;0;0;0m [48;2;250;250;252m[38;2;250;250;252m  [48;2;163;149;210m[38;2;251;246;251m▊[48;2;42;7;196m[38;2;35;10;163m▌[48;2;32;2;163m[38;2;39;7;188m▄[48;2;133;110;217m[38;2;40;9;184m▊[48;2;93;79;183m[38;2;238;237;240m▆[48;2;247;246;248m[38;2;0;0;0m [48;2;248;247;250m[38;2;248;247;250m▄[48;2;82;67;162m[38;2;246;245;242m▊[48;2;38;3;185m[38;2;38;3;185m  [48;2;38;3;183m[38;2;38;3;183m        [0m
[48;2;38;3;185m[38;2;38;3;185m                                      [48;2;125;112;184m[38;2;35;9;189m▊[48;2;253;251;250m[38;2;217;215;216m▎[48;2;250;250;252m[38;2;250;250;252m  [48;2;161;147;209m[38;2;249;244;251m▊[48;2;40;5;196m[38;2;33;9;163m▌[48;2;35;4;159m[38;2;37;5;190m▊[48;2;174;158;221m[38;2;42;9;180m▊[48;2;250;250;252m[38;2;250;250;252m  [48;2;248;247;250m[38;2;248;247;250m▄[48;2;82;67;162m[38;2;246;245;242m▊[48;2;38;3;185m[38;2;38;3;185m          [0m
[48;2;38;3;185m[38;2;38;3;185m                                      [48;2;125;112;182m[38;2;35;9;187m▊[48;2;253;252;249m[38;2;217;216;214m▎[48;2;239;238;243m[38;2;251;250;253m▊[48;2;196;195;200m[38;2;245;244;248m▊[48;2;184;170;222m[38;2;42;10;185m▆[48;2;43;11;181m[38;2;0;0;0m [48;2;32;3;168m[38;2;42;4;201m┃[48;2;134;118;183m[38;2;41;11;181m▊[48;2;241;237;239m[38;2;223;132;161m▂[48;2;247;242;242m[38;2;0;0;0m [48;2;131;112;221m[38;2;239;237;235m▊[48;2;169;157;219m[38;2;41;15;183m▆[48;2;38;3;185m[38;2;38;3;185m          [0m
[48;2;38;3;185m[38;2;38;3;185m                                    [48;2;39;4;184m[38;2;39;4;184m  [48;2;53;20;166m[38;2;28;7;32m▂[48;2;236;205;203m[38;2;205;87;110m▆[48;2;240;230;236m[38;2;202;88;109m▂[48;2;223;213;219m[38;2;185;71;92m▂[48;2;36;3;183m[38;2;20;9;49m▃▃[48;2;37;7;165m[38;2;7;0;28m▂▂[48;2;176;90;128m[38;2;58;18;104m▆[48;2;227;205;205m[38;2;197;69;115m▆[48;2;112;89;205m[38;2;105;44;125m▄[48;2;33;7;159m[38;2;19;10;41m▁[48;2;38;3;185m[38;2;38;3;185m          [0m
[48;2;38;3;185m[38;2;38;3;185m                                    [48;2;37;5;173m[38;2;26;1;120m╺[48;2;39;15;127m[38;2;26;15;44m━[48;2;138;49;66m[38;2;17;8;2m▂[48;2;191;69;98m[38;2;56;15;18m▃[48;2;167;49;87m[38;2;8;5;4m▆▆[48;2;3;1;6m[38;2;3;1;6m    [48;2;13;4;6m[38;2;0;0;0m [48;2;166;56;93m[38;2;12;6;7m▆[48;2;128;45;56m[38;2;11;6;11m▆[48;2;14;4;40m[38;2;9;7;21m▆[48;2;35;7;146m[38;2;35;24;53m━[48;2;35;0;183m[38;2;35;0;183m▄[48;2;38;3;185m[38;2;38;3;185m        [0m
[48;2;38;3;185m[38;2;38;3;185m                                    [48;2;38;3;183m[38;2;38;3;183m  [48;2;20;8;46m[38;2;39;6;182m▆▆[48;2;19;8;43m[38;2;38;5;179m▆▆▆▆[48;2;19;7;45m[38;2;38;5;181m▆▆▆▆[48;2;27;14;57m[38;2;37;3;182m▆[48;2;27;9;82m[38;2;37;5;174m▆[48;2;38;3;185m[38;2;38;3;185m          [0m
[48;2;40;2;185m[38;2;40;2;185m                                                            [0m
[48;2;40;2;185m[38;2;40;2;185m                                                            [0m
