[48;2;1;1;1m[38;2;1;1;1m                                                            [0m
[48;2;1;1;1m[38;2;1;1;1m                                                            [0m
[48;2;1;1;1m[38;2;1;1;1m                                                            [0m
[48;2;1;1;1m[38;2;1;1;1m                                                      [48;2;1;1;3m[38;2;1;1;3m  [48;2;1;1;1m[38;2;1;1;1m    [0m
[48;2;1;1;1m[38;2;1;1;1m                          [48;2;3;1;6m[38;2;3;1;6m  [48;2;1;1;3m[38;2;1;1;3m  [48;2;1;1;1m[38;2;1;1;1m        [48;2;3;1;4m[38;2;3;1;4m  [48;2;3;1;6m[38;2;3;1;6m  [48;2;3;1;4m[38;2;3;1;4m  [48;2;1;1;3m[38;2;1;1;3m  [48;2;1;1;1m[38;2;1;1;1m      [48;2;3;1;4m[38;2;3;1;4m  [48;2;3;1;6m[38;2;3;1;6m  [48;2;2;0;3m[38;2;2;0;3m  [48;2;1;1;1m[38;2;1;1;1m  [0m
[48;2;1;1;1m[38;2;1;1;1m                        [48;2;1;1;3m[38;2;1;1;3m  [48;2;3;1;6m[38;2;3;1;6m    [48;2;2;0;3m[38;2;2;0;3m  [48;2;1;1;3m[38;2;1;1;3m  [48;2;2;0;3m[38;2;2;0;3m  [48;2;1;1;3m[38;2;1;1;3m    [48;2;2;0;3m[38;2;2;0;3m  [48;2;3;1;6m[38;2;3;1;6m    [48;2;1;1;1m[38;2;1;1;1m    [48;2;3;1;6m[38;2;3;1;6m      [48;2;1;1;3m[38;2;1;1;3m  [48;2;1;1;1m[38;2;1;1;1m  [0m
[48;2;1;1;1m[38;2;1;1;1m                    [48;2;3;1;6m[38;2;3;1;6m    [48;2;3;1;4m[38;2;3;1;4m  [48;2;3;1;6m[38;2;3;1;6m    [48;2;2;0;3m[38;2;2;0;3m  [48;2;3;1;6m[38;2;3;1;6m        [48;2;1;1;3m[38;2;1;1;3m  [48;2;5;3;6m[38;2;5;3;6m  [48;2;2;2;4m[38;2;2;2;4m  [48;2;1;1;3m[38;2;1;1;3m  [48;2;3;1;4m[38;2;3;1;4m  [48;2;3;1;6m[38;2;3;1;6m      [48;2;1;1;3m[38;2;1;1;3m  [48;2;1;1;1m[38;2;1;1;1m  [0m
[48;2;1;1;1m[38;2;1;1;1m                    [48;2;1;1;3m[38;2;1;1;3m  [48;2;3;1;6m[38;2;3;1;6m          [48;2;1;1;3m[38;2;1;1;3m  [48;2;3;1;4m[38;2;3;1;4m  [48;2;3;1;6m[38;2;3;1;6m  [48;2;2;0;3m[38;2;2;0;3m  [48;2;9;4;8m[38;2;3;0;2m▊[48;2;51;46;50m[38;2;222;217;221m▄[48;2;154;152;155m[38;2;246;244;246m▇▇[48;2;149;147;150m[38;2;230;228;230m▇[48;2;12;11;13m[38;2;200;198;200m▄[48;2;4;2;5m[38;2;4;2;5m  [48;2;3;1;4m[38;2;3;1;4m  [48;2;3;1;6m[38;2;3;1;6m        [48;2;3;1;4m[38;2;3;1;4m  [0m
[48;2;1;1;1m[38;2;1;1;1m                    [48;2;2;2;4m[38;2;2;2;4m  [48;2;3;1;4m[38;2;3;1;4m  [48;2;3;1;6m[38;2;3;1;6m              [48;2;2;0;3m[38;2;2;0;3m  [48;2;119;114;118m[38;2;11;6;10m▊[48;2;251;247;251m[38;2;218;213;217m▎[48;2;243;230;231m[38;2;0;0;0m [48;2;239;245;242m[38;2;207;77;117m▄[48;2;249;238;243m[38;2;204;88;105m▄[48;2;247;237;241m[38;2;182;66;83m▄[48;2;177;175;178m[38;2;24;23;25m▄[48;2;8;6;9m[38;2;0;0;0m [48;2;1;1;3m[38;2;1;1;3m    [48;2;3;1;4m[38;2;3;1;4m  [48;2;3;1;6m[38;2;3;1;6m    [48;2;1;1;3m[38;2;1;1;3m  [0m
[48;2;1;1;1m[38;2;1;1;1m                [48;2;2;0;3m[38;2;2;0;3m  [48;2;3;1;4m[38;2;3;1;4m  [48;2;2;0;3m[38;2;2;0;3m  [48;2;1;1;1m[38;2;1;1;1m  [48;2;1;1;3m[38;2;1;1;3m    [48;2;2;0;3m[38;2;2;0;3m  [48;2;3;1;6m[38;2;3;1;6m    [48;2;1;1;3m[38;2;1;1;3m  [48;2;5;4;6m[38;2;16;14;17m▁[48;2;1;0;2m[38;2;36;34;37m▂[48;2;1;0;0m[38;2;63;61;62m▁▁[48;2;114;105;108m[38;2;20;12;14m▊[48;2;209;200;203m[38;2;250;244;247m┃[48;2;167;57;78m[38;2;215;67;101m▊[48;2;55;14;15m[38;2;197;77;102m▄[48;2;200;67;98m[38;2;0;0;0m [48;2;27;11;6m[38;2;164;57;80m▄[48;2;3;1;4m[38;2;19;17;20m▃[48;2;8;6;9m[38;2;3;2;4m▚[48;2;3;1;4m[38;2;3;1;4m  [48;2;2;2;4m[38;2;2;2;4m  [48;2;1;1;1m[38;2;1;1;1m  [48;2;2;0;3m[38;2;2;0;3m  [48;2;3;1;6m[38;2;3;1;6m  [48;2;1;1;1m[38;2;1;1;1m  [0m
[48;2;1;1;1m[38;2;1;1;1m            [48;2;1;1;3m[38;2;1;1;3m  [48;2;3;1;6m[38;2;3;1;6m      [48;2;1;1;3m[38;2;1;1;3m  [48;2;1;1;1m[38;2;1;1;1m      [48;2;1;1;3m[38;2;1;1;3m      [48;2;18;17;19m[38;2;98;96;99m▁[48;2;24;22;25m[38;2;222;220;223m▄[48;2;45;44;46m[38;2;241;240;242m▄[48;2;236;235;237m[38;2;0;0;0m [48;2;240;240;242m[38;2;251;251;253m▄▄[48;2;252;248;249m[38;2;244;240;241m┃[48;2;226;222;223m[38;2;255;253;254m▌[48;2;215;73;99m[38;2;228;131;142m▁▁[48;2;225;80;109m[38;2;201;73;96m┃[48;2;225;154;158m[38;2;221;79;106m▊[48;2;221;217;221m[38;2;0;0;0m [48;2;35;31;34m[38;2;242;239;242m▄[48;2;26;24;29m[38;2;189;187;191m▄[48;2;1;0;4m[38;2;5;3;8m▄[48;2;3;1;4m[38;2;3;1;4m  [48;2;3;1;6m[38;2;3;1;6m  [48;2;1;1;3m[38;2;1;1;3m  [48;2;1;1;1m[38;2;1;1;1m    [0m
[48;2;1;1;1m[38;2;1;1;1m            [48;2;3;1;6m[38;2;3;1;6m      [48;2;3;1;4m[38;2;3;1;4m  [48;2;1;1;3m[38;2;1;1;3m  [48;2;1;1;1m[38;2;1;1;1m    [48;2;3;1;6m[38;2;3;1;6m  [48;2;2;0;3m[38;2;2;0;3m  [48;2;3;1;4m[38;2;3;1;4m  [48;2;16;11;15m[38;2;128;123;127m▁[48;2;49;44;48m[38;2;227;222;226m▄[48;2;243;243;245m[38;2;230;230;232m▘[48;2;252;252;253m[38;2;245;245;247m▃[48;2;250;250;252m[38;2;250;250;252m      [48;2;252;250;252m[38;2;0;0;0m [48;2;230;228;231m[38;2;251;249;251m▄[48;2;215;116;139m[38;2;234;222;218m▄[48;2;237;201;203m[38;2;202;79;111m▄[48;2;212;84;114m[38;2;0;0;0m [48;2;245;229;221m[38;2;219;122;141m▄[48;2;104;99;103m[38;2;239;235;238m▊[48;2;11;7;10m[38;2;89;84;88m▁[48;2;2;0;3m[38;2;2;0;3m  [48;2;3;1;6m[38;2;3;1;6m    [48;2;1;1;3m[38;2;1;1;3m  [48;2;1;1;1m[38;2;1;1;1m  [0m
[48;2;1;1;1m[38;2;1;1;1m            [48;2;1;1;3m[38;2;1;1;3m  [48;2;3;1;6m[38;2;3;1;6m  [48;2;2;0;3m[38;2;2;0;3m  [48;2;1;1;1m[38;2;1;1;1m  [48;2;3;1;6m[38;2;3;1;6m    [48;2;1;1;1m[38;2;1;1;1m    [48;2;1;1;3m[38;2;1;1;3m  [48;2;1;0;2m[38;2;8;6;9m┃[48;2;35;33;36m[38;2;1;0;2m▊[48;2;248;248;250m[38;2;205;205;207m▎[48;2;240;240;242m[38;2;252;252;253m┃[48;2;245;244;246m[38;2;0;0;0m [48;2;236;235;237m[38;2;126;124;127m▁[48;2;245;241;244m[38;2;37;32;36m▅[48;2;241;237;240m[38;2;50;46;49m▅[48;2;247;247;249m[38;2;247;247;249m  [48;2;250;250;252m[38;2;250;250;252m    [48;2;250;248;250m[38;2;0;0;0m [48;2;249;247;249m[38;2;211;209;212m▝[48;2;206;100;134m[38;2;239;227;231m▅[48;2;231;243;237m[38;2;251;248;248m▊[48;2;249;249;250m[38;2;236;236;238m▎[48;2;228;228;229m[38;2;0;0;0m [48;2;34;30;35m[38;2;193;189;194m▄[48;2;8;4;9m[38;2;0;0;0m [48;2;3;1;4m[38;2;3;1;4m  [48;2;3;1;6m[38;2;3;1;6m    [48;2;1;1;1m[38;2;1;1;1m  [0m
[48;2;1;1;1m[38;2;1;1;1m              [48;2;2;0;3m[38;2;2;0;3m  [48;2;1;1;3m[38;2;1;1;3m    [48;2;3;1;6m[38;2;3;1;6m  [48;2;3;1;4m[38;2;3;1;4m  [48;2;1;1;3m[38;2;1;1;3m  [48;2;1;1;1m[38;2;1;1;1m    [48;2;4;2;5m[38;2;4;2;5m  [48;2;217;215;218m[38;2;36;34;37m▅[48;2;247;245;247m[38;2;212;210;213m▎[48;2;242;240;242m[38;2;0;0;0m [48;2;28;26;29m[38;2;214;212;215m▅[48;2;7;5;8m[38;2;1;0;2m┃┃[48;2;226;224;227m[38;2;44;43;45m▅[48;2;250;249;251m[38;2;220;218;221m▎[48;2;250;250;252m[38;2;250;250;252m    [48;2;248;248;250m[38;2;248;248;250m  [48;2;223;219;223m[38;2;87;82;86m▁[48;2;238;234;238m[38;2;60;56;59m▅[48;2;243;241;243m[38;2;138;136;139m▁[48;2;241;239;241m[38;2;0;0;0m [48;2;69;67;70m[38;2;213;211;214m▊[48;2;1;0;2m[38;2;10;8;11m│[48;2;3;1;6m[38;2;3;1;6m      [48;2;2;0;3m[38;2;2;0;3m  [0m
[48;2;1;1;1m[38;2;1;1;1m                [48;2;3;1;4m[38;2;3;1;4m  [48;2;3;1;6m[38;2;3;1;6m  [48;2;2;0;3m[38;2;2;0;3m  [48;2;3;1;6m[38;2;3;1;6m  [48;2;2;0;3m[38;2;2;0;3m  [48;2;1;1;1m[38;2;1;1;1m    [48;2;3;1;6m[38;2;3;1;6m  [48;2;13;9;12m[38;2;0;0;0m [48;2;209;205;208m[38;2;34;30;33m▅[48;2;234;230;232m[38;2;119;71;87m▁[48;2;230;226;228m[38;2;176;128;144m▁[48;2;17;14;14m[38;2;74;31;46m▁[48;2;8;2;3m[38;2;31;21;25m▂[48;2;21;17;18m[38;2;179;175;176m▁[48;2;224;221;222m[38;2;84;80;81m▅[48;2;240;235;239m[38;2;87;82;86m▁▁[48;2;242;239;240m[38;2;78;74;75m▁▁[48;2;225;221;224m[38;2;93;88;92m▁[48;2;198;194;197m[38;2;67;63;66m▅[48;2;1;0;2m[38;2;9;7;10m▄[48;2;6;4;7m[38;2;0;0;0m [48;2;27;22;26m [48;2;178;174;177m[38;2;20;16;19m▅[48;2;2;0;3m[38;2;2;0;3m  [48;2;3;1;6m[38;2;3;1;6m      [48;2;1;1;3m[38;2;1;1;3m  [0m
[48;2;1;1;1m[38;2;1;1;1m                    [48;2;0;0;0m[38;2;0;0;0m  [48;2;1;1;3m[38;2;1;1;3m  [48;2;1;1;1m[38;2;1;1;1m    [48;2;2;0;3m[38;2;2;0;3m  [48;2;1;1;3m[38;2;1;1;3m  [48;2;3;1;6m[38;2;3;1;6m  [48;2;53;21;27m[38;2;7;5;9m▊[48;2;182;63;84m[38;2;68;12;11m▁[48;2;194;66;88m[38;2;104;38;39m▂[48;2;102;89;101m[38;2;20;9;12m▊[48;2;247;246;248m[38;2;222;220;223m▎[48;2;239;238;240m[38;2;0;0;0m [48;2;35;31;34m[38;2;233;228;232m▅[48;2;21;17;20m[38;2;215;210;214m▅[48;2;16;14;17m[38;2;127;125;128m▁[48;2;6;4;7m[38;2;35;33;36m▁[48;2;145;141;142m[38;2;47;44;44m▊[48;2;234;231;232m[38;2;116;112;113m▁[48;2;233;231;233m[38;2;0;0;0m [48;2;20;19;21m[38;2;199;197;200m▅[48;2;11;11;11m[38;2;132;132;132m▁[48;2;0;0;0m[38;2;15;15;15m▄[48;2;1;1;1m[38;2;1;1;1m    [48;2;1;1;3m[38;2;1;1;3m    [48;2;1;1;1m[38;2;1;1;1m  [0m
[48;2;1;1;1m[38;2;1;1;1m                        [48;2;1;1;3m[38;2;1;1;3m  [48;2;3;1;6m[38;2;3;1;6m  [48;2;2;0;3m[38;2;2;0;3m    [48;2;3;1;6m[38;2;3;1;6m  [48;2;1;1;3m[38;2;1;1;3m  [48;2;47;45;48m[38;2;10;8;11m▊[48;2;51;50;52m[38;2;224;222;225m▅[48;2;249;249;251m[38;2;249;249;251m  [48;2;248;248;250m[38;2;248;248;250m  [48;2;139;133;135m[38;2;213;207;209m▊[48;2;43;38;39m[38;2;139;133;135m▂[48;2;128;122;126m[38;2;213;207;211m▊[48;2;137;131;135m[38;2;47;41;45m▊[48;2;250;250;252m[38;2;250;250;252m  [48;2;104;99;103m[38;2;238;234;237m▊[48;2;21;16;20m[38;2;136;131;135m▁[48;2;1;1;1m[38;2;1;1;1m        [48;2;1;1;3m[38;2;1;1;3m  [0m
[48;2;1;1;1m[38;2;1;1;1m                    [48;2;2;0;3m[38;2;2;0;3m  [48;2;1;1;1m[38;2;1;1;1m  [48;2;3;1;6m[38;2;3;1;6m    [48;2;1;1;3m[38;2;1;1;3m  [48;2;2;0;3m[38;2;2;0;3m  [48;2;1;1;3m[38;2;1;1;3m    [48;2;79;77;80m[38;2;8;6;9m▊[48;2;248;247;249m[38;2;202;200;203m▎[48;2;250;250;252m[38;2;250;250;252m  [48;2;249;249;251m[38;2;233;233;235m╵[48;2;238;238;239m[38;2;0;0;0m [48;2;70;65;69m[38;2;239;234;238m▅[48;2;169;164;168m[38;2;240;236;239m▊[48;2;157;152;156m[38;2;55;50;54m▊[48;2;252;248;251m[38;2;229;224;228m▎[48;2;250;250;252m[38;2;250;250;252m  [48;2;250;250;251m[38;2;241;241;243m│[48;2;81;81;83m[38;2;245;245;246m▊[48;2;13;12;12m[38;2;153;151;152m▁[48;2;6;5;5m[38;2;0;0;0m [48;2;1;1;1m[38;2;1;1;1m        [0m
[48;2;1;1;1m[38;2;1;1;1m                  [48;2;1;1;3m[38;2;1;1;3m  [48;2;2;0;3m[38;2;2;0;3m  [48;2;1;1;3m[38;2;1;1;3m  [48;2;3;1;6m[38;2;3;1;6m    [48;2;2;0;3m[38;2;2;0;3m  [48;2;1;1;3m[38;2;1;1;3m  [48;2;1;1;1m[38;2;1;1;1m  [48;2;2;0;3m[38;2;2;0;3m  [48;2;56;51;55m[38;2;11;7;10m▊[48;2;226;222;226m[38;2;56;51;55m▁[48;2;249;249;251m[38;2;249;249;251m  [48;2;250;250;252m[38;2;250;250;252m  [48;2;241;241;243m[38;2;251;251;252m▅[48;2;251;251;252m[38;2;241;241;243m▃[48;2;234;232;235m[38;2;91;89;92m▁[48;2;248;246;249m[38;2;0;0;0m [48;2;250;250;252m[38;2;250;250;252m    [48;2;80;80;82m[38;2;231;231;232m▊[48;2;0;0;2m[38;2;12;12;14m│[48;2;1;1;1m[38;2;1;1;1m        [0m
[48;2;1;1;1m[38;2;1;1;1m                  [48;2;2;0;3m[38;2;2;0;3m    [48;2;3;1;6m[38;2;3;1;6m      [48;2;1;1;3m[38;2;1;1;3m  [48;2;1;1;1m[38;2;1;1;1m  [48;2;1;1;3m[38;2;1;1;3m    [48;2;2;0;1m[38;2;10;8;9m│[48;2;99;97;98m[38;2;9;7;8m▊[48;2;255;254;255m[38;2;237;235;238m▌[48;2;253;251;253m[38;2;245;243;246m┃[48;2;250;250;252m[38;2;250;250;252m  [48;2;252;250;252m[38;2;244;242;245m┃[48;2;152;150;153m[38;2;243;242;244m▊[48;2;33;29;32m[38;2;0;0;0m [48;2;219;214;218m[38;2;102;98;101m▅[48;2;250;250;252m[38;2;250;250;252m    [48;2;80;80;82m[38;2;231;231;232m▊[48;2;0;0;2m[38;2;12;12;14m│[48;2;1;1;1m[38;2;1;1;1m        [0m
[48;2;4;2;10m[38;2;23;2;126m▂▂▂▂▂▂▂▂▂▂▂▂▂▂▂▂▂▂[48;2;5;3;12m[38;2;24;2;129m▂▂[48;2;4;2;10m[38;2;23;2;126m▂▂[48;2;5;3;12m[38;2;24;2;129m▂▂▂▂▂▂[48;2;5;3;11m[38;2;24;3;127m▂▂[48;2;4;2;10m[38;2;23;2;126m▂▂[48;2;4;2;11m[38;2;23;1;128m▂▂[48;2;4;2;10m[38;2;23;2;126m▂▂[48;2;9;4;12m[38;2;26;5;127m▂[48;2;32;25;45m[38;2;52;24;177m▁[48;2;255;255;255m[38;2;236;236;238m▌[48;2;252;252;253m[38;2;244;244;246m┃[48;2;250;250;252m[38;2;250;250;252m  [48;2;249;247;250m[38;2;0;0;0m [48;2;172;170;173m[38;2;240;238;241m▊[48;2;53;51;54m[38;2;195;193;196m▂[48;2;243;241;243m[38;2;0;0;0m [48;2;250;250;252m[38;2;250;250;252m  [48;2;236;233;238m[38;2;0;0;0m [48;2;204;201;215m[38;2;52;27;174m▁[48;2;72;68;87m[38;2;34;8;161m▁[48;2;10;8;15m[38;2;28;7;131m▂[48;2;4;2;10m[38;2;23;2;126m▂▂▂▂▂▂▂▂[0m
[48;2;38;3;183m[38;2;38;3;183m                                    [48;2;35;1;176m[38;2;43;9;184m┃[48;2;60;26;201m[38;2;29;0;170m▌[48;2;233;231;240m[38;2;90;75;168m▂[48;2;244;243;248m[38;2;0;0;0m [48;2;250;250;252m[38;2;250;250;252m        [48;2;94;71;185m[38;2;243;238;239m▊[48;2;36;6;187m[38;2;36;6;187m▄[48;2;38;3;183m[38;2;38;3;183m          [0m
[48;2;38;3;183m[38;2;38;3;183m                                      [48;2;126;113;183m[38;2;36;10;188m▊[48;2;254;253;250m[38;2;218;217;215m▎[48;2;250;250;252m[38;2;250;250;252m      [48;2;241;241;242m[38;2;0;0;0m [48;2;217;213;236m[38;2;66;48;175m▂[48;2;180;168;211m[38;2;49;18;183m▆[48;2;35;4;182m[38;2;41;8;192m▄[48;2;38;3;183m[38;2;38;3;183m          [0m
[48;2;38;3;185m[38;2;38;3;185m                                      [48;2;42;12;180m[38;2;0;0;0m [48;2;218;207;243m[38;2;64;37;183m▆[48;2;248;248;250m[38;2;248;248;250m  [48;2;250;250;252m[38;2;250;250;252m  [48;2;250;249;252m[38;2;0;0;0m [48;2;249;248;251m[38;2;211;210;215m▗[48;2;211;202;233m[38;2;51;28;181m▂[48;2;37;9;177m[38;2;38;8;181m▄[48;2;38;3;185m[38;2;38;3;185m            [0m
[48;2;38;3;185m[38;2;38;3;185m                                      [48;2;35;2;178m[38;2;46;11;189m▄[48;2;46;11;189m[38;2;35;2;178m▄[48;2;206;202;219m[38;2;65;42;183m▆[48;2;250;249;244m[38;2;225;222;231m▎[48;2;250;250;252m[38;2;250;250;252m  [48;2;241;239;245m[38;2;0;0;0m [48;2;204;200;224m[38;2;43;26;168m▂[48;2;38;3;185m[38;2;38;3;185m              [0m
[48;2;38;3;185m[38;2;38;3;185m                                      [48;2;35;1;183m[38;2;32;1;156m▗[48;2;40;8;167m[38;2;19;8;44m▂[48;2;43;15;170m[38;2;7;2;19m▂[48;2;211;202;230m[38;2;57;40;125m▆[48;2;245;233;234m[38;2;214;77;101m▂[48;2;235;223;226m[38;2;203;66;90m▂[48;2;204;173;195m[38;2;194;69;96m▆[48;2;45;14;174m[38;2;167;60;107m▂[48;2;36;3;170m[38;2;36;23;66m▂[48;2;36;0;190m[38;2;36;3;167m▖[48;2;38;3;185m[38;2;38;3;185m            [0m
[48;2;38;3;185m[38;2;38;3;185m                                    [48;2;39;4;182m[38;2;39;4;182m  [48;2;28;11;89m[38;2;28;11;89m▄[48;2;12;9;13m[38;2;0;0;0m [48;2;131;47;63m[38;2;92;28;36m▄▄[48;2;216;76;98m[38;2;43;13;21m▃▃[48;2;215;68;104m[38;2;43;11;12m▃[48;2;185;63;90m[38;2;39;27;18m▃[48;2;7;2;25m[38;2;0;0;0m [48;2;28;11;105m[38;2;28;11;105m▄[48;2;38;3;185m[38;2;38;3;185m            [0m
[48;2;38;3;185m[38;2;38;3;185m                                      [48;2;37;2;178m[38;2;37;6;160m▝[48;2;37;22;75m[38;2;37;2;180m▆[48;2;19;8;43m[38;2;38;5;179m▆▆▆▆[48;2;19;7;45m[38;2;38;5;181m▆▆[48;2;37;18;95m[38;2;37;2;180m▆[48;2;37;3;172m[38;2;37;0;199m▝[48;2;38;3;185m[38;2;38;3;185m            [0m
[48;2;40;2;185m[38;2;40;2;185m                                                            [0m
[48;2;40;2;185m[38;2;40;2;185m                                                            [0m
