[48;2;1;1;1m[38;2;1;1;1m                                                            [0m
[48;2;1;1;1m[38;2;1;1;1m                                                            [0m
[48;2;1;1;1m[38;2;1;1;1m                                                            [0m
[48;2;1;1;1m[38;2;1;1;1m                                                      [48;2;1;1;3m[38;2;1;1;3m  [48;2;1;1;1m[38;2;1;1;1m    [0m
[48;2;1;1;1m[38;2;1;1;1m                          [48;2;3;1;6m[38;2;3;1;6m  [48;2;1;1;3m[38;2;1;1;3m  [48;2;1;1;1m[38;2;1;1;1m        [48;2;3;1;4m[38;2;3;1;4m  [48;2;3;1;6m[38;2;3;1;6m  [48;2;3;1;4m[38;2;3;1;4m  [48;2;1;1;3m[38;2;1;1;3m  [48;2;1;1;1m[38;2;1;1;1m      [48;2;3;1;4m[38;2;3;1;4m  [48;2;3;1;6m[38;2;3;1;6m  [48;2;2;0;3m[38;2;2;0;3m  [48;2;1;1;1m[38;2;1;1;1m  [0m
[48;2;1;1;1m[38;2;1;1;1m                        [48;2;1;1;3m[38;2;1;1;3m  [48;2;3;1;6m[38;2;3;1;6m    [48;2;2;0;3m[38;2;2;0;3m  [48;2;1;1;3m[38;2;1;1;3m  [48;2;2;0;3m[38;2;2;0;3m  [48;2;1;1;3m[38;2;1;1;3m    [48;2;2;0;3m[38;2;2;0;3m  [48;2;3;1;6m[38;2;3;1;6m    [48;2;1;1;1m[38;2;1;1;1m    [48;2;3;1;6m[38;2;3;1;6m      [48;2;1;1;3m[38;2;1;1;3m  [48;2;1;1;1m[38;2;1;1;1m  [0m
[48;2;1;1;1m[38;2;1;1;1m                    [48;2;3;1;6m[38;2;3;1;6m    [48;2;3;1;4m[38;2;3;1;4m  [48;2;3;1;6m[38;2;3;1;6m    [48;2;2;0;3m[38;2;2;0;3m  [48;2;3;1;6m[38;2;3;1;6m        [48;2;1;1;3m[38;2;1;1;3m  [48;2;5;3;6m[38;2;5;3;6m  [48;2;2;2;4m[38;2;2;2;4m  [48;2;1;1;3m[38;2;1;1;3m  [48;2;3;1;4m[38;2;3;1;4m  [48;2;3;1;6m[38;2;3;1;6m      [48;2;1;1;3m[38;2;1;1;3m  [48;2;1;1;1m[38;2;1;1;1m  [0m
[48;2;1;1;1m[38;2;1;1;1m                    [48;2;1;1;3m[38;2;1;1;3m  [48;2;3;1;6m[38;2;3;1;6m          [48;2;1;1;3m[38;2;1;1;3m  [48;2;3;1;4m[38;2;3;1;4m  [48;2;3;1;6m[38;2;3;1;6m  [48;2;2;0;3m[38;2;2;0;3m  [48;2;9;4;8m[38;2;3;0;2m▊[48;2;51;46;50m[38;2;222;217;221m▄[48;2;154;152;155m[38;2;246;244;246m▇▇[48;2;149;147;150m[38;2;230;228;230m▇[48;2;12;11;13m[38;2;200;198;200m▄[48;2;4;2;5m[38;2;4;2;5m  [48;2;3;1;4m[38;2;3;1;4m  [48;2;3;1;6m[38;2;3;1;6m        [48;2;3;1;4m[38;2;3;1;4m  [0m
[48;2;1;1;1m[38;2;1;1;1m                    [48;2;2;2;4m[38;2;2;2;4m  [48;2;3;1;4m[38;2;3;1;4m  [48;2;3;1;6m[38;2;3;1;6m              [48;2;2;0;3m[38;2;2;0;3m  [48;2;119;114;118m[38;2;11;6;10m▊[48;2;251;247;251m[38;2;218;213;217m▎[48;2;243;230;231m[38;2;0;0;0m [48;2;239;245;242m[38;2;207;77;117m▄[48;2;249;238;243m[38;2;204;88;105m▄[48;2;247;237;241m[38;2;182;66;83m▄[48;2;177;175;178m[38;2;24;23;25m▄[48;2;8;6;9m[38;2;0;0;0m [48;2;1;1;3m[38;2;1;1;3m    [48;2;3;1;4m[38;2;3;1;4m  [48;2;3;1;6m[38;2;3;1;6m    [48;2;1;1;3m[38;2;1;1;3m  [0m
[48;2;1;1;1m[38;2;1;1;1m                [48;2;2;0;3m[38;2;2;0;3m  [48;2;3;1;4m[38;2;3;1;4m  [48;2;2;0;3m[38;2;2;0;3m  [48;2;1;1;1m[38;2;1;1;1m  [48;2;1;1;3m[38;2;1;1;3m    [48;2;2;0;3m[38;2;2;0;3m  [48;2;3;1;6m[38;2;3;1;6m    [48;2;1;1;3m[38;2;1;1;3m  [48;2;1;0;2m[38;2;63;61;64m▁▁[48;2;1;0;0m[38;2;63;61;62m▁▁[48;2;114;105;108m[38;2;20;12;14m▊[48;2;209;200;203m[38;2;250;244;247m┃[48;2;167;57;78m[38;2;215;67;101m▊[48;2;55;14;15m[38;2;197;77;102m▄[48;2;200;67;98m[38;2;0;0;0m [48;2;27;11;6m[38;2;164;57;80m▄[48;2;6;4;7m[38;2;47;45;48m▁▁[48;2;2;0;3m[38;2;2;0;3m  [48;2;2;2;4m[38;2;2;2;4m  [48;2;1;1;1m[38;2;1;1;1m  [48;2;2;0;3m[38;2;2;0;3m  [48;2;3;1;6m[38;2;3;1;6m  [48;2;1;1;1m[38;2;1;1;1m  [0m
[48;2;1;1;1m[38;2;1;1;1m            [48;2;1;1;3m[38;2;1;1;3m  [48;2;3;1;6m[38;2;3;1;6m      [48;2;1;1;3m[38;2;1;1;3m  [48;2;1;1;1m[38;2;1;1;1m      [48;2;1;1;3m[38;2;1;1;3m    [48;2;15;14;16m[38;2;92;90;93m▁[48;2;25;23;26m[38;2;222;220;223m▄[48;2;23;21;24m[38;2;240;239;241m▄[48;2;42;40;43m[38;2;242;240;243m▄[48;2;238;238;240m[38;2;249;249;251m▄▄[48;2;240;240;242m[38;2;251;251;253m▄▄[48;2;252;248;249m[38;2;244;240;241m┃[48;2;226;222;223m[38;2;255;253;254m▌[48;2;210;70;96m[38;2;221;81;107m▄[48;2;221;81;107m[38;2;210;70;96m▄[48;2;224;77;107m[38;2;200;70;94m┃[48;2;224;152;156m[38;2;220;76;104m▊[48;2;235;233;236m[38;2;252;250;252m┻[48;2;224;222;225m[38;2;0;0;0m [48;2;27;25;30m[38;2;189;188;192m▄[48;2;1;0;4m[38;2;6;4;9m▄[48;2;3;1;4m[38;2;3;1;4m  [48;2;3;1;6m[38;2;3;1;6m  [48;2;1;1;3m[38;2;1;1;3m  [48;2;1;1;1m[38;2;1;1;1m    [0m
[48;2;1;1;1m[38;2;1;1;1m            [48;2;3;1;6m[38;2;3;1;6m      [48;2;3;1;4m[38;2;3;1;4m  [48;2;1;1;3m[38;2;1;1;3m  [48;2;1;1;1m[38;2;1;1;1m    [48;2;3;1;6m[38;2;3;1;6m  [48;2;2;0;3m[38;2;2;0;3m  [48;2;1;0;2m[38;2;8;6;9m┃[48;2;35;33;36m[38;2;1;0;2m▊[48;2;248;248;249m[38;2;204;204;206m▎[48;2;239;239;241m[38;2;251;251;253m┃[48;2;250;250;252m[38;2;250;250;252m  [48;2;243;241;244m[38;2;255;254;255m▄▄[48;2;249;249;251m[38;2;249;249;251m  [48;2;250;250;252m[38;2;250;250;252m  [48;2;245;235;234m[38;2;0;0;0m [48;2;208;92;127m[38;2;242;242;239m▄[48;2;217;77;109m[38;2;237;224;214m▄[48;2;207;76;104m[38;2;230;146;159m▁[48;2;245;183;192m[38;2;205;83;102m▊[48;2;253;244;249m[38;2;242;250;251m┃[48;2;224;223;225m[38;2;0;0;0m [48;2;33;31;34m[38;2;196;195;197m▄[48;2;8;6;9m[38;2;87;85;88m▁[48;2;4;3;5m[38;2;0;0;0m [48;2;3;1;6m[38;2;3;1;6m    [48;2;1;1;3m[38;2;1;1;3m  [48;2;1;1;1m[38;2;1;1;1m  [0m
[48;2;1;1;1m[38;2;1;1;1m            [48;2;1;1;3m[38;2;1;1;3m  [48;2;3;1;6m[38;2;3;1;6m  [48;2;2;0;3m[38;2;2;0;3m  [48;2;1;1;1m[38;2;1;1;1m  [48;2;3;1;6m[38;2;3;1;6m    [48;2;1;1;1m[38;2;1;1;1m    [48;2;1;1;3m[38;2;1;1;3m  [48;2;0;0;2m[38;2;7;7;9m┃[48;2;34;34;36m[38;2;0;0;2m▊[48;2;227;225;228m[38;2;115;113;116m▁[48;2;255;254;255m[38;2;249;247;250m▄[48;2;255;255;255m[38;2;250;250;252m▄[48;2;186;186;188m[38;2;244;244;246m▊[48;2;9;5;8m[38;2;48;43;47m▎[48;2;86;81;85m[38;2;8;4;7m▊[48;2;237;235;238m[38;2;136;134;137m▁[48;2;247;245;248m[38;2;0;0;0m [48;2;250;250;252m[38;2;250;250;252m          [48;2;82;80;83m[38;2;232;231;233m▊[48;2;1;0;2m[38;2;14;12;15m│[48;2;3;1;4m[38;2;3;1;4m  [48;2;3;1;6m[38;2;3;1;6m    [48;2;1;1;1m[38;2;1;1;1m  [0m
[48;2;1;1;1m[38;2;1;1;1m              [48;2;2;0;3m[38;2;2;0;3m  [48;2;1;1;3m[38;2;1;1;3m    [48;2;3;1;6m[38;2;3;1;6m  [48;2;3;1;4m[38;2;3;1;4m  [48;2;1;1;3m[38;2;1;1;3m  [48;2;1;1;1m[38;2;1;1;1m    [48;2;3;1;4m[38;2;3;1;4m  [48;2;3;0;2m[38;2;18;13;17m▄[48;2;225;221;224m[38;2;37;33;36m▅[48;2;237;232;234m[38;2;117;111;113m▁[48;2;242;237;239m[38;2;160;154;156m▁[48;2;29;21;23m[38;2;190;182;185m▅[48;2;6;0;0m[38;2;18;9;12m▖[48;2;82;80;83m[38;2;10;8;11m▊[48;2;250;249;251m[38;2;205;203;206m▎[48;2;250;250;252m[38;2;250;250;252m    [48;2;248;248;250m[38;2;248;248;250m  [48;2;223;219;223m[38;2;87;82;86m▁[48;2;238;234;238m[38;2;60;56;59m▅[48;2;244;242;244m[38;2;97;95;98m▁[48;2;212;210;213m[38;2;79;77;80m▁[48;2;182;180;184m[38;2;19;18;22m▅[48;2;5;3;8m[38;2;18;16;21m▗[48;2;3;1;6m[38;2;3;1;6m      [48;2;2;0;3m[38;2;2;0;3m  [0m
[48;2;1;1;1m[38;2;1;1;1m                [48;2;3;1;4m[38;2;3;1;4m  [48;2;3;1;6m[38;2;3;1;6m  [48;2;2;0;3m[38;2;2;0;3m  [48;2;3;1;6m[38;2;3;1;6m  [48;2;2;0;3m[38;2;2;0;3m  [48;2;1;1;1m[38;2;1;1;1m    [48;2;3;1;6m[38;2;3;1;6m  [48;2;3;1;4m[38;2;3;1;4m  [48;2;57;23;29m[38;2;7;5;9m▊[48;2;191;66;87m[38;2;118;37;43m▂[48;2;194;66;88m[38;2;109;43;44m▂[48;2;9;5;8m[38;2;48;14;20m▎[48;2;21;17;18m[38;2;179;175;176m▁[48;2;224;221;222m[38;2;84;80;81m▅[48;2;240;235;239m[38;2;87;82;86m▁▁[48;2;242;239;240m[38;2;78;74;75m▁▁[48;2;225;221;224m[38;2;93;88;92m▁[48;2;198;194;197m[38;2;67;63;66m▅[48;2;1;0;2m[38;2;9;7;10m▄[48;2;6;4;7m[38;2;0;0;0m [48;2;1;1;3m[38;2;1;1;3m  [48;2;3;1;4m[38;2;3;1;4m  [48;2;3;1;6m[38;2;3;1;6m      [48;2;1;1;3m[38;2;1;1;3m  [0m
[48;2;1;1;1m[38;2;1;1;1m                    [48;2;0;0;0m[38;2;0;0;0m  [48;2;1;1;3m[38;2;1;1;3m  [48;2;1;1;1m[38;2;1;1;1m    [48;2;2;0;3m[38;2;2;0;3m  [48;2;1;1;3m[38;2;1;1;3m  [48;2;3;1;6m[38;2;3;1;6m  [48;2;1;1;1m[38;2;1;1;1m  [48;2;2;0;1m[38;2;10;8;9m│[48;2;99;97;98m[38;2;9;7;8m▊[48;2;247;246;248m[38;2;222;220;223m▎[48;2;239;238;240m[38;2;0;0;0m [48;2;35;31;34m[38;2;233;228;232m▅[48;2;21;17;20m[38;2;215;210;214m▅[48;2;16;14;17m[38;2;127;125;128m▁[48;2;6;4;7m[38;2;35;33;36m▁[48;2;145;141;142m[38;2;47;44;44m▊[48;2;234;231;232m[38;2;116;112;113m▁[48;2;231;230;232m[38;2;0;0;0m [48;2;75;73;76m[38;2;216;215;217m┓[48;2;1;1;1m[38;2;1;1;1m      [48;2;1;1;3m[38;2;1;1;3m    [48;2;1;1;1m[38;2;1;1;1m  [0m
[48;2;1;1;1m[38;2;1;1;1m                        [48;2;1;1;3m[38;2;1;1;3m  [48;2;3;1;6m[38;2;3;1;6m  [48;2;2;0;3m[38;2;2;0;3m    [48;2;3;1;6m[38;2;3;1;6m  [48;2;1;1;3m[38;2;1;1;3m  [48;2;47;45;48m[38;2;10;8;11m▊[48;2;51;50;52m[38;2;224;222;225m▅[48;2;249;249;251m[38;2;249;249;251m  [48;2;250;250;252m[38;2;250;250;252m  [48;2;247;243;244m[38;2;255;253;254m│[48;2;104;100;101m[38;2;16;13;13m▊[48;2;117;112;116m[38;2;245;240;244m▊[48;2;128;123;127m[38;2;14;10;13m▊[48;2;237;235;238m[38;2;246;245;247m▊[48;2;235;233;236m[38;2;0;0;0m [48;2;26;24;27m[38;2;202;200;203m▅[48;2;14;13;15m[38;2;137;135;138m▁[48;2;1;1;1m[38;2;1;1;1m        [48;2;1;1;3m[38;2;1;1;3m  [0m
[48;2;1;1;1m[38;2;1;1;1m                    [48;2;2;0;3m[38;2;2;0;3m  [48;2;1;1;1m[38;2;1;1;1m  [48;2;3;1;6m[38;2;3;1;6m    [48;2;1;1;3m[38;2;1;1;3m  [48;2;2;0;3m[38;2;2;0;3m  [48;2;1;1;3m[38;2;1;1;3m    [48;2;79;77;80m[38;2;8;6;9m▊[48;2;248;247;249m[38;2;202;200;203m▎[48;2;250;250;252m[38;2;250;250;252m    [48;2;238;236;238m[38;2;0;0;0m [48;2;68;66;69m[38;2;234;232;235m▅[48;2;138;133;137m[38;2;243;238;242m▊[48;2;58;53;57m[38;2;184;180;184m▁[48;2;250;250;252m[38;2;250;250;252m  [48;2;250;250;251m[38;2;241;241;243m│[48;2;81;81;83m[38;2;245;245;246m▊[48;2;13;12;12m[38;2;153;151;152m▁[48;2;6;5;5m[38;2;0;0;0m [48;2;1;1;1m[38;2;1;1;1m        [0m
[48;2;1;1;1m[38;2;1;1;1m                  [48;2;1;1;3m[38;2;1;1;3m  [48;2;2;0;3m[38;2;2;0;3m  [48;2;1;1;3m[38;2;1;1;3m  [48;2;3;1;6m[38;2;3;1;6m    [48;2;2;0;3m[38;2;2;0;3m  [48;2;1;1;3m[38;2;1;1;3m  [48;2;1;1;1m[38;2;1;1;1m  [48;2;2;0;3m[38;2;2;0;3m  [48;2;1;0;2m[38;2;15;13;16m▄[48;2;212;210;213m[38;2;38;36;39m▅[48;2;243;243;245m[38;2;239;239;241m▌[48;2;254;254;255m[38;2;250;250;252m▌[48;2;250;250;252m          [48;2;80;80;82m[38;2;231;231;232m▊[48;2;0;0;2m[38;2;12;12;14m│[48;2;1;1;1m[38;2;1;1;1m        [0m
[48;2;1;1;1m[38;2;1;1;1m                  [48;2;2;0;3m[38;2;2;0;3m    [48;2;3;1;6m[38;2;3;1;6m      [48;2;1;1;3m[38;2;1;1;3m  [48;2;1;1;1m[38;2;1;1;1m  [48;2;1;1;3m[38;2;1;1;3m    [48;2;2;0;1m[38;2;10;8;9m│[48;2;99;97;98m[38;2;9;7;8m▊[48;2;255;254;255m[38;2;237;235;238m▌[48;2;253;251;253m[38;2;245;243;246m┃[48;2;250;250;252m[38;2;250;250;252m        [48;2;250;250;251m[38;2;244;244;246m▖[48;2;236;236;237m[38;2;0;0;0m [48;2;63;61;64m[38;2;186;184;187m▊[48;2;8;7;9m[38;2;8;6;9m▄[48;2;1;1;1m[38;2;1;1;1m        [0m
[48;2;4;2;10m[38;2;23;2;126m▂▂▂▂▂▂▂▂▂▂▂▂▂▂▂▂▂▂[48;2;5;3;12m[38;2;24;2;129m▂▂[48;2;4;2;10m[38;2;23;2;126m▂▂[48;2;5;3;12m[38;2;24;2;129m▂▂▂▂▂▂[48;2;5;3;11m[38;2;24;3;127m▂▂[48;2;4;2;10m[38;2;23;2;126m▂▂[48;2;4;2;11m[38;2;23;1;128m▂▂[48;2;4;2;10m[38;2;23;2;126m▂▂[48;2;9;4;13m[38;2;26;6;128m▂[48;2;32;26;47m[38;2;33;13;159m▁[48;2;234;233;236m[38;2;112;98;186m▂[48;2;247;246;248m[38;2;0;0;0m [48;2;250;250;252m[38;2;250;250;252m        [48;2;239;237;240m[38;2;0;0;0m [48;2;67;60;97m[38;2;199;193;222m▊[48;2;4;2;10m[38;2;23;2;126m▂▂▂▂▂▂▂▂▂▂[0m
[48;2;38;3;183m[38;2;38;3;183m                                      [48;2;125;112;184m[38;2;35;9;189m▊[48;2;253;251;250m[38;2;217;215;216m▎[48;2;250;250;252m[38;2;250;250;252m      [48;2;255;254;255m[38;2;251;250;255m▄[48;2;249;248;252m[38;2;211;210;215m▗[48;2;196;185;226m[38;2;70;44;190m▂[48;2;37;4;189m[38;2;36;8;159m▗[48;2;38;3;183m[38;2;38;3;183m          [0m
[48;2;38;3;183m[38;2;38;3;183m                                      [48;2;40;11;184m[38;2;0;0;0m [48;2;224;217;230m[38;2;75;49;183m▆[48;2;249;249;251m[38;2;249;249;251m  [48;2;250;250;252m[38;2;250;250;252m    [48;2;176;168;210m[38;2;244;241;247m▊[48;2;198;192;216m[38;2;44;20;177m▆[48;2;38;3;183m[38;2;38;3;183m            [0m
[48;2;38;3;185m[38;2;38;3;185m                                      [48;2;41;6;197m[38;2;32;3;172m▌[48;2;93;66;199m[38;2;41;10;177m▊[48;2;237;236;237m[38;2;77;61;184m▂[48;2;243;242;248m[38;2;0;0;0m [48;2;250;250;252m[38;2;250;250;252m  [48;2;249;248;252m[38;2;233;232;238m╷[48;2;174;173;179m[38;2;244;243;247m▊[48;2;186;171;226m[38;2;44;12;189m▆[48;2;46;12;193m[38;2;34;6;165m▚[48;2;38;3;185m[38;2;38;3;185m            [0m
[48;2;38;3;185m[38;2;38;3;185m                                        [48;2;126;109;201m[38;2;36;10;181m▊[48;2;254;253;245m[38;2;218;213;233m▎[48;2;246;245;250m[38;2;253;252;254m▅[48;2;244;243;248m[38;2;231;230;235m▗[48;2;218;212;234m[38;2;41;25;179m▂[48;2;183;178;203m[38;2;44;17;182m▆[48;2;38;3;185m[38;2;38;3;185m              [0m
[48;2;38;3;185m[38;2;38;3;185m                                      [48;2;35;1;183m[38;2;32;1;156m▗[48;2;40;8;167m[38;2;19;8;44m▂[48;2;58;19;164m[38;2;22;12;30m▂[48;2;229;213;202m[38;2;209;88;108m▆[48;2;242;231;235m[38;2;212;77;104m▂[48;2;222;211;216m[38;2;210;74;102m▂[48;2;46;11;179m[38;2;144;51;87m▂[48;2;37;5;173m[38;2;22;11;27m▂[48;2;40;7;173m[38;2;19;7;49m▂[48;2;35;0;188m[38;2;32;0;161m▖[48;2;38;3;185m[38;2;38;3;185m            [0m
[48;2;38;3;185m[38;2;38;3;185m                                    [48;2;39;4;182m[38;2;39;4;182m  [48;2;28;11;89m[38;2;28;11;89m▄[48;2;12;9;13m[38;2;0;0;0m [48;2;151;43;66m[38;2;15;20;5m▂[48;2;196;64;95m[38;2;24;15;9m▂[48;2;216;76;98m[38;2;43;13;21m▃▃[48;2;85;39;39m[38;2;198;68;93m┛[48;2;6;0;9m[38;2;24;10;11m▎[48;2;7;2;25m[38;2;0;0;0m [48;2;28;11;105m[38;2;28;11;105m▄[48;2;38;3;185m[38;2;38;3;185m            [0m
[48;2;38;3;185m[38;2;38;3;185m                                      [48;2;37;2;178m[38;2;37;6;160m▝[48;2;37;22;75m[38;2;37;2;180m▆[48;2;19;8;43m[38;2;38;5;179m▆▆▆▆[48;2;19;7;45m[38;2;38;5;181m▆▆[48;2;37;18;95m[38;2;37;2;180m▆[48;2;37;3;172m[38;2;37;0;199m▝[48;2;38;3;185m[38;2;38;3;185m            [0m
[48;2;40;2;185m[38;2;40;2;185m                                                            [0m
[48;2;40;2;185m[38;2;40;2;185m                                                            [0m
