[48;2;1;1;1m[38;2;1;1;1m                                                            [0m
[48;2;1;1;1m[38;2;1;1;1m                                                            [0m
[48;2;1;1;1m[38;2;1;1;1m                                                            [0m
[48;2;1;1;1m[38;2;1;1;1m                                                      [48;2;1;1;3m[38;2;1;1;3m  [48;2;1;1;1m[38;2;1;1;1m    [0m
[48;2;1;1;1m[38;2;1;1;1m                          [48;2;3;1;6m[38;2;3;1;6m  [48;2;1;1;3m[38;2;1;1;3m  [48;2;1;1;1m[38;2;1;1;1m        [48;2;3;1;4m[38;2;3;1;4m  [48;2;3;1;6m[38;2;3;1;6m  [48;2;3;1;4m[38;2;3;1;4m  [48;2;1;1;3m[38;2;1;1;3m  [48;2;1;1;1m[38;2;1;1;1m      [48;2;3;1;4m[38;2;3;1;4m  [48;2;3;1;6m[38;2;3;1;6m  [48;2;2;0;3m[38;2;2;0;3m  [48;2;1;1;1m[38;2;1;1;1m  [0m
[48;2;1;1;1m[38;2;1;1;1m                        [48;2;1;1;3m[38;2;1;1;3m  [48;2;3;1;6m[38;2;3;1;6m    [48;2;2;0;3m[38;2;2;0;3m  [48;2;1;1;3m[38;2;1;1;3m  [48;2;2;0;3m[38;2;2;0;3m  [48;2;1;1;3m[38;2;1;1;3m    [48;2;2;0;3m[38;2;2;0;3m  [48;2;3;1;6m[38;2;3;1;6m    [48;2;1;1;1m[38;2;1;1;1m    [48;2;3;1;6m[38;2;3;1;6m      [48;2;1;1;3m[38;2;1;1;3m  [48;2;1;1;1m[38;2;1;1;1m  [0m
[48;2;1;1;1m[38;2;1;1;1m                    [48;2;3;1;6m[38;2;3;1;6m    [48;2;3;1;4m[38;2;3;1;4m  [48;2;3;1;6m[38;2;3;1;6m    [48;2;2;0;3m[38;2;2;0;3m  [48;2;3;1;6m[38;2;3;1;6m        [48;2;1;1;3m[38;2;1;1;3m  [48;2;4;2;5m[38;2;4;2;5m  [48;2;2;2;4m[38;2;2;2;4m  [48;2;1;1;3m[38;2;1;1;3m  [48;2;3;1;4m[38;2;3;1;4m  [48;2;3;1;6m[38;2;3;1;6m      [48;2;1;1;3m[38;2;1;1;3m  [48;2;1;1;1m[38;2;1;1;1m  [0m
[48;2;1;1;1m[38;2;1;1;1m                    [48;2;1;1;3m[38;2;1;1;3m  [48;2;3;1;6m[38;2;3;1;6m          [48;2;1;1;3m[38;2;1;1;3m  [48;2;3;1;4m[38;2;3;1;4m  [48;2;3;1;6m[38;2;3;1;6m  [48;2;2;0;3m[38;2;2;0;3m  [48;2;9;4;8m[38;2;3;0;2m▊[48;2;51;46;50m[38;2;222;217;221m▄[48;2;154;152;155m[38;2;246;244;246m▇▇[48;2;149;147;150m[38;2;230;228;230m▇[48;2;12;11;13m[38;2;200;198;200m▄[48;2;4;2;5m[38;2;4;2;5m  [48;2;3;1;4m[38;2;3;1;4m  [48;2;3;1;6m[38;2;3;1;6m        [48;2;3;1;4m[38;2;3;1;4m  [0m
[48;2;1;1;1m[38;2;1;1;1m                    [48;2;2;2;4m[38;2;2;2;4m  [48;2;3;1;4m[38;2;3;1;4m  [48;2;3;1;6m[38;2;3;1;6m            [48;2;5;3;8m[38;2;46;44;49m▁▁[48;2;5;3;6m[38;2;5;3;6m  [48;2;118;113;117m[38;2;10;6;9m▊[48;2;251;246;250m[38;2;217;212;216m▎[48;2;243;230;231m[38;2;0;0;0m [48;2;239;245;242m[38;2;207;77;117m▄[48;2;249;238;243m[38;2;204;88;105m▄[48;2;247;237;241m[38;2;182;66;83m▄[48;2;177;175;178m[38;2;24;23;25m▄[48;2;8;6;9m[38;2;0;0;0m [48;2;1;1;3m[38;2;1;1;3m    [48;2;3;1;4m[38;2;3;1;4m  [48;2;3;1;6m[38;2;3;1;6m    [48;2;1;1;3m[38;2;1;1;3m  [0m
[48;2;1;1;1m[38;2;1;1;1m                [48;2;2;0;3m[38;2;2;0;3m  [48;2;3;1;4m[38;2;3;1;4m  [48;2;2;0;3m[38;2;2;0;3m  [48;2;1;1;1m[38;2;1;1;1m  [48;2;1;1;3m[38;2;1;1;3m    [48;2;2;0;3m[38;2;2;0;3m  [48;2;3;1;6m[38;2;3;1;6m  [48;2;22;18;21m[38;2;0;0;0m [48;2;25;20;24m[38;2;220;215;219m▄[48;2;18;16;19m[38;2;236;235;237m▄[48;2;38;36;39m[38;2;238;236;239m▄[48;2;206;204;207m[38;2;247;245;248m▇▇[48;2;178;176;179m[38;2;237;235;238m▇[48;2;36;34;37m[38;2;239;237;240m▄[48;2;54;48;50m[38;2;235;230;232m▄[48;2;212;206;208m[38;2;239;235;237m▊[48;2;167;57;76m[38;2;215;67;99m▊[48;2;55;15;14m[38;2;197;77;100m▄[48;2;203;69;98m[38;2;0;0;0m [48;2;32;16;9m[38;2;201;92;113m▄[48;2;23;21;24m[38;2;236;234;237m▄▄[48;2;20;15;19m[38;2;195;191;195m▄[48;2;12;8;11m[38;2;51;46;50m▁[48;2;2;2;4m[38;2;2;2;4m  [48;2;1;1;1m[38;2;1;1;1m  [48;2;2;0;3m[38;2;2;0;3m  [48;2;3;1;6m[38;2;3;1;6m  [48;2;1;1;1m[38;2;1;1;1m  [0m
[48;2;1;1;1m[38;2;1;1;1m            [48;2;1;1;3m[38;2;1;1;3m  [48;2;3;1;6m[38;2;3;1;6m      [48;2;1;1;3m[38;2;1;1;3m  [48;2;1;1;1m[38;2;1;1;1m      [48;2;1;1;3m[38;2;1;1;3m  [48;2;1;0;2m[38;2;8;6;9m┃[48;2;35;33;36m[38;2;1;0;2m▊[48;2;244;244;246m[38;2;186;186;188m▎[48;2;255;255;255m[38;2;250;250;252m▄[38;2;239;239;241m━[48;2;244;244;245m[38;2;173;173;175m▁[48;2;250;250;252m[38;2;250;250;252m    [48;2;253;249;250m[38;2;245;241;242m┃[48;2;227;223;224m[38;2;255;253;254m▌[48;2;212;73;98m[38;2;240;123;141m▁▁[48;2;230;127;148m[38;2;208;71;103m▊[48;2;215;117;137m[38;2;245;234;227m▄[48;2;250;250;252m[38;2;250;250;252m  [48;2;245;243;246m[38;2;246;244;247m▄[48;2;83;81;84m[38;2;236;234;237m▊[48;2;9;8;10m[38;2;69;67;70m▁[48;2;1;0;2m[38;2;3;1;4m▄[48;2;3;1;6m[38;2;3;1;6m  [48;2;1;1;3m[38;2;1;1;3m  [48;2;1;1;1m[38;2;1;1;1m    [0m
[48;2;1;1;1m[38;2;1;1;1m            [48;2;3;1;6m[38;2;3;1;6m      [48;2;3;1;4m[38;2;3;1;4m  [48;2;1;1;3m[38;2;1;1;3m  [48;2;1;1;1m[38;2;1;1;1m    [48;2;3;1;6m[38;2;3;1;6m  [48;2;2;0;3m[38;2;2;0;3m  [48;2;1;0;2m[38;2;8;6;9m┃[48;2;35;33;36m[38;2;1;0;2m▊[48;2;232;230;232m[38;2;152;150;153m▁[48;2;247;245;248m[38;2;228;226;229m▁[48;2;181;176;180m[38;2;248;244;247m▊[48;2;37;32;36m[38;2;103;98;102m▁[48;2;213;211;214m[38;2;7;5;8m▄[48;2;220;218;221m[38;2;31;29;32m▄[48;2;247;247;249m[38;2;247;247;249m  [48;2;250;250;252m[38;2;250;250;252m  [48;2;254;252;254m[38;2;247;245;248m▌[48;2;246;244;247m[38;2;218;216;219m▝[48;2;209;114;142m[38;2;237;221;223m▄[48;2;242;243;240m[38;2;225;161;178m▁[48;2;248;246;248m[38;2;212;210;213m▂[48;2;251;249;252m[38;2;0;0;0m [48;2;250;250;252m[38;2;250;250;252m  [48;2;221;219;222m[38;2;0;0;0m [48;2;31;29;32m[38;2;179;177;179m▄[48;2;3;1;6m[38;2;3;1;6m    [48;2;1;1;3m[38;2;1;1;3m  [48;2;1;1;1m[38;2;1;1;1m  [0m
[48;2;1;1;1m[38;2;1;1;1m            [48;2;1;1;3m[38;2;1;1;3m  [48;2;3;1;6m[38;2;3;1;6m  [48;2;2;0;3m[38;2;2;0;3m  [48;2;1;1;1m[38;2;1;1;1m  [48;2;3;1;6m[38;2;3;1;6m    [48;2;1;1;1m[38;2;1;1;1m    [48;2;1;1;3m[38;2;1;1;3m    [48;2;13;9;12m[38;2;0;0;0m [48;2;227;223;226m[38;2;40;35;39m▅[48;2;238;230;229m[38;2;216;143;162m▁[48;2;227;206;209m[38;2;200;73;110m▄[48;2;3;0;2m[38;2;39;34;38m▎[48;2;93;88;92m[38;2;12;7;11m▊[48;2;255;254;255m[38;2;237;235;238m▌[48;2;253;251;253m[38;2;245;243;246m┃[48;2;250;250;252m[38;2;250;250;252m  [48;2;253;248;250m[38;2;246;240;242m┃[48;2;228;222;224m[38;2;255;252;254m▌[48;2;209;73;99m[38;2;211;166;161m▁[48;2;212;77;102m[38;2;233;188;183m▁[48;2;206;101;134m[38;2;241;233;236m▅[48;2;238;237;236m[38;2;113;117;113m▁[48;2;245;243;245m[38;2;122;120;123m▁▁[48;2;218;214;217m[38;2;89;84;88m▁[48;2;183;179;182m[38;2;24;20;23m▅[48;2;2;0;3m[38;2;2;0;3m  [48;2;3;1;6m[38;2;3;1;6m    [48;2;1;1;1m[38;2;1;1;1m  [0m
[48;2;1;1;1m[38;2;1;1;1m              [48;2;2;0;3m[38;2;2;0;3m  [48;2;1;1;3m[38;2;1;1;3m    [48;2;3;1;6m[38;2;3;1;6m  [48;2;3;1;4m[38;2;3;1;4m  [48;2;1;1;3m[38;2;1;1;3m  [48;2;1;1;1m[38;2;1;1;1m    [48;2;3;1;4m[38;2;3;1;4m    [48;2;192;61;84m[38;2;23;10;14m▅▅[48;2;1;0;2m[38;2;15;13;16m▌[48;2;80;78;81m[38;2;9;7;10m▊[48;2;231;229;232m[38;2;119;117;120m▁[48;2;255;254;255m[38;2;248;246;249m▄[48;2;250;250;252m[38;2;250;250;252m    [48;2;242;240;243m[38;2;0;0;0m [48;2;226;225;227m[38;2;86;84;87m▁[48;2;199;197;201m[38;2;18;17;21m▅[48;2;1;0;4m[38;2;45;43;48m [48;2;3;1;6m[38;2;3;1;6m          [48;2;2;0;3m[38;2;2;0;3m  [0m
[48;2;1;1;1m[38;2;1;1;1m                [48;2;3;1;4m[38;2;3;1;4m  [48;2;3;1;6m[38;2;3;1;6m  [48;2;2;0;3m[38;2;2;0;3m  [48;2;3;1;6m[38;2;3;1;6m  [48;2;2;0;3m[38;2;2;0;3m  [48;2;1;1;1m[38;2;1;1;1m    [48;2;3;1;6m[38;2;3;1;6m  [48;2;3;1;4m[38;2;3;1;4m  [48;2;2;0;3m[38;2;2;0;3m  [48;2;11;7;10m[38;2;0;0;0m [48;2;26;21;25m[38;2;170;165;169m▁[48;2;52;46;50m[38;2;207;202;205m▅[48;2;218;213;216m[38;2;82;76;80m▅[48;2;231;227;230m[38;2;69;63;67m▅▅[48;2;232;230;235m[38;2;25;23;28m▅▅[48;2;206;201;204m[38;2;63;57;61m▅[48;2;26;20;24m[38;2;198;192;196m▅[48;2;13;12;14m[38;2;125;123;126m▁[48;2;1;0;2m[38;2;15;13;16m━[48;2;1;1;3m[38;2;1;1;3m  [48;2;3;1;4m[38;2;3;1;4m  [48;2;3;1;6m[38;2;3;1;6m      [48;2;1;1;3m[38;2;1;1;3m  [0m
[48;2;1;1;1m[38;2;1;1;1m                    [48;2;0;0;0m[38;2;0;0;0m  [48;2;1;1;3m[38;2;1;1;3m  [48;2;1;1;1m[38;2;1;1;1m    [48;2;2;0;3m[38;2;2;0;3m  [48;2;1;1;3m[38;2;1;1;3m  [48;2;3;1;6m[38;2;3;1;6m  [48;2;1;1;1m[38;2;1;1;1m  [48;2;78;76;79m[38;2;7;5;8m▊[48;2;248;246;248m[38;2;201;199;202m▎[48;2;250;250;252m[38;2;250;250;252m  [48;2;249;249;250m[38;2;232;232;234m╵[48;2;238;238;239m[38;2;0;0;0m [48;2;34;30;33m[38;2;232;227;231m▅[48;2;21;17;20m[38;2;214;210;213m▅[48;2;29;24;28m[38;2;137;132;136m▁[48;2;233;229;233m[38;2;60;55;59m▅[48;2;123;118;122m[38;2;240;236;239m▊[48;2;20;16;19m[38;2;136;131;135m▁[48;2;1;1;1m[38;2;1;1;1m      [48;2;1;1;3m[38;2;1;1;3m    [48;2;1;1;1m[38;2;1;1;1m  [0m
[48;2;1;1;1m[38;2;1;1;1m                        [48;2;1;1;3m[38;2;1;1;3m  [48;2;3;1;6m[38;2;3;1;6m  [48;2;2;0;3m[38;2;2;0;3m    [48;2;3;1;6m[38;2;3;1;6m  [48;2;1;1;3m[38;2;1;1;3m  [48;2;78;76;79m[38;2;7;5;8m▊[48;2;248;246;248m[38;2;201;199;202m▎[48;2;250;250;252m[38;2;250;250;252m      [48;2;132;127;131m[38;2;246;241;245m▊[48;2;122;117;121m[38;2;17;12;16m▊[48;2;251;250;252m[38;2;239;237;240m▎[48;2;113;111;114m[38;2;243;242;244m▊[48;2;15;13;18m[38;2;134;132;137m▁[48;2;1;0;4m[38;2;4;2;7m▄[48;2;1;1;1m[38;2;1;1;1m        [48;2;1;1;3m[38;2;1;1;3m  [0m
[48;2;1;1;1m[38;2;1;1;1m                    [48;2;2;0;3m[38;2;2;0;3m  [48;2;1;1;1m[38;2;1;1;1m  [48;2;3;1;6m[38;2;3;1;6m    [48;2;1;1;3m[38;2;1;1;3m  [48;2;2;0;3m[38;2;2;0;3m  [48;2;1;1;3m[38;2;1;1;3m    [48;2;15;11;14m[38;2;0;0;0m [48;2;213;209;212m[38;2;44;40;43m▅[48;2;247;247;249m[38;2;247;247;249m  [48;2;250;250;252m[38;2;250;250;252m    [48;2;236;235;237m[38;2;0;0;0m [48;2;69;67;70m[38;2;234;232;234m▅[48;2;250;250;252m[38;2;250;250;252m  [48;2;87;85;88m[38;2;239;237;240m▊[48;2;1;0;2m[38;2;10;8;11m│[48;2;1;1;1m[38;2;1;1;1m          [0m
[48;2;1;1;1m[38;2;1;1;1m                  [48;2;1;1;3m[38;2;1;1;3m  [48;2;2;0;3m[38;2;2;0;3m  [48;2;1;1;3m[38;2;1;1;3m  [48;2;3;1;6m[38;2;3;1;6m    [48;2;2;0;3m[38;2;2;0;3m  [48;2;1;1;3m[38;2;1;1;3m  [48;2;1;1;1m[38;2;1;1;1m  [48;2;2;0;3m[38;2;2;0;3m  [38;2;10;8;11m│[48;2;99;97;100m[38;2;9;7;10m▊[48;2;255;254;255m[38;2;237;235;238m▌[48;2;253;251;253m[38;2;245;243;246m┃[48;2;250;250;252m[38;2;250;250;252m      [48;2;252;252;253m[38;2;245;245;247m▝[48;2;246;246;248m[38;2;218;218;220m▗[48;2;86;81;85m[38;2;198;193;197m▊[48;2;3;0;2m[38;2;9;4;8m▎[48;2;2;0;3m[38;2;2;0;3m  [48;2;1;1;1m[38;2;1;1;1m        [0m
[48;2;1;1;1m[38;2;1;1;1m                  [48;2;2;0;3m[38;2;2;0;3m    [48;2;3;1;6m[38;2;3;1;6m      [48;2;1;1;3m[38;2;1;1;3m  [48;2;1;1;1m[38;2;1;1;1m  [48;2;1;1;3m[38;2;1;1;3m    [48;2;1;0;0m[38;2;18;16;17m▖[48;2;77;75;76m[38;2;7;5;6m▊[48;2;223;221;224m[38;2;56;54;57m▁[48;2;247;245;247m[38;2;0;0;0m [48;2;250;250;252m[38;2;250;250;252m      [48;2;250;248;250m[38;2;250;248;250m▄[48;2;84;82;85m[38;2;247;245;248m▊[48;2;3;1;6m[38;2;3;1;6m  [48;2;1;1;3m[38;2;1;1;3m  [48;2;1;1;1m[38;2;1;1;1m        [0m
[48;2;4;2;10m[38;2;23;2;126m▂▂▂▂▂▂▂▂▂▂▂▂▂▂▂▂▂▂[48;2;5;3;12m[38;2;24;2;129m▂▂[48;2;4;2;10m[38;2;23;2;126m▂▂[48;2;5;3;12m[38;2;24;2;129m▂▂▂▂▂▂[48;2;5;3;11m[38;2;24;3;127m▂▂[48;2;4;2;10m[38;2;23;2;126m▂▂[48;2;4;2;11m[38;2;23;1;128m▂▂[48;2;4;2;10m[38;2;23;2;126m▂▂[48;2;4;2;11m[38;2;23;1;128m▂▂[48;2;96;91;111m[38;2;12;6;40m▊[48;2;250;248;249m[38;2;219;215;229m▎[48;2;250;250;252m[38;2;250;250;252m      [48;2;171;167;183m[38;2;243;241;242m▊[48;2;201;199;203m[38;2;30;22;65m▆[48;2;5;3;12m[38;2;24;2;129m▂▂[48;2;4;2;10m[38;2;23;2;126m▂▂▂▂▂▂▂▂▂▂[0m
[48;2;38;3;183m[38;2;38;3;183m                                      [48;2;125;112;182m[38;2;35;9;187m▊[48;2;253;252;249m[38;2;217;216;214m▎[48;2;250;250;252m[38;2;250;250;252m    [48;2;252;251;254m[38;2;245;244;249m▝[48;2;246;245;249m[38;2;218;217;222m▗[48;2;211;204;222m[38;2;70;45;187m▂[48;2;44;12;191m[38;2;27;1;180m╵[48;2;38;3;183m[38;2;38;3;183m            [0m
[48;2;38;3;183m[38;2;38;3;183m                                      [48;2;125;112;182m[38;2;35;9;187m▊[48;2;253;252;249m[38;2;217;216;214m▎[48;2;250;250;252m[38;2;250;250;252m    [48;2;241;240;245m[38;2;0;0;0m [48;2;211;206;230m[38;2;65;45;176m▂[48;2;38;3;185m[38;2;38;3;185m  [48;2;38;3;183m[38;2;38;3;183m            [0m
[48;2;38;3;185m[38;2;38;3;185m                                      [48;2;125;112;182m[38;2;35;9;187m▊[48;2;253;252;249m[38;2;217;216;214m▎[48;2;250;250;252m[38;2;250;250;252m    [48;2;138;127;187m[38;2;243;241;245m▊[48;2;30;0;185m[38;2;59;36;168m▎[48;2;38;3;185m[38;2;38;3;185m              [0m
[48;2;38;3;185m[38;2;38;3;185m                                    [48;2;39;4;182m[38;2;39;4;182m  [48;2;133;63;138m[38;2;112;37;132m▄[48;2;220;213;224m[38;2;214;71;93m▆[48;2;248;213;209m[38;2;212;90;113m▆[48;2;240;248;252m[38;2;237;215;221m▎[48;2;251;250;254m[38;2;238;237;243m╵[48;2;185;184;190m[38;2;244;243;247m▊[48;2;171;157;211m[38;2;43;11;189m▆[48;2;42;10;181m[38;2;0;0;0m [48;2;38;3;185m[38;2;38;3;185m              [0m
[48;2;38;3;185m[38;2;38;3;185m                                    [48;2;39;4;184m[38;2;39;4;184m  [48;2;53;9;161m[38;2;11;10;31m▂[48;2;189;67;93m[38;2;27;9;6m▂[48;2;216;81;106m[38;2;0;0;0m [48;2;244;203;199m[38;2;214;81;106m▆[48;2;239;228;235m[38;2;203;89;112m▂[48;2;222;211;218m[38;2;186;72;95m▂[48;2;35;5;169m[38;2;16;6;42m▂▂[48;2;38;3;185m[38;2;38;3;185m              [0m
[48;2;38;3;185m[38;2;38;3;185m                                    [48;2;38;7;175m[38;2;31;8;127m╺[48;2;32;10;121m[38;2;8;0;28m━[48;2;4;2;7m[38;2;4;2;7m  [48;2;168;47;83m[38;2;9;4;3m▆[48;2;180;58;95m[38;2;16;12;9m▆[48;2;210;70;93m[38;2;46;18;26m▃▃[48;2;56;24;26m[38;2;175;61;88m━[48;2;21;25;41m[38;2;16;6;16m▊[48;2;34;7;140m[38;2;9;0;28m━[48;2;39;4;182m[38;2;39;4;182m▄[48;2;38;3;185m[38;2;38;3;185m            [0m
[48;2;38;3;185m[38;2;38;3;185m                                    [48;2;38;3;183m[38;2;38;3;183m  [48;2;19;7;45m[38;2;38;5;181m▆▆[48;2;19;8;43m[38;2;38;5;179m▆▆▆▆[48;2;20;8;47m[38;2;39;5;183m▆▆[48;2;38;3;185m[38;2;38;3;185m              [0m
[48;2;40;2;185m[38;2;40;2;185m                                                            [0m
[48;2;40;2;185m[38;2;40;2;185m                                                            [0m
