[48;2;1;1;1m[38;2;1;1;1m                                                            [0m
[48;2;1;1;1m[38;2;1;1;1m                                                            [0m
[48;2;1;1;1m[38;2;1;1;1m                                                            [0m
[48;2;1;1;1m[38;2;1;1;1m                                                      [48;2;1;1;3m[38;2;1;1;3m  [48;2;1;1;1m[38;2;1;1;1m    [0m
[48;2;1;1;1m[38;2;1;1;1m                          [48;2;3;1;6m[38;2;3;1;6m  [48;2;1;1;3m[38;2;1;1;3m  [48;2;1;1;1m[38;2;1;1;1m        [48;2;3;1;4m[38;2;3;1;4m  [48;2;3;1;6m[38;2;3;1;6m  [48;2;3;1;4m[38;2;3;1;4m  [48;2;1;1;3m[38;2;1;1;3m  [48;2;1;1;1m[38;2;1;1;1m      [48;2;3;1;4m[38;2;3;1;4m  [48;2;3;1;6m[38;2;3;1;6m  [48;2;2;0;3m[38;2;2;0;3m  [48;2;1;1;1m[38;2;1;1;1m  [0m
[48;2;1;1;1m[38;2;1;1;1m                        [48;2;1;1;3m[38;2;1;1;3m  [48;2;3;1;6m[38;2;3;1;6m    [48;2;2;0;3m[38;2;2;0;3m  [48;2;1;1;3m[38;2;1;1;3m  [48;2;2;0;3m[38;2;2;0;3m  [48;2;1;1;3m[38;2;1;1;3m    [48;2;2;0;3m[38;2;2;0;3m  [48;2;3;1;6m[38;2;3;1;6m    [48;2;1;1;1m[38;2;1;1;1m    [48;2;3;1;6m[38;2;3;1;6m      [48;2;1;1;3m[38;2;1;1;3m  [48;2;1;1;1m[38;2;1;1;1m  [0m
[48;2;1;1;1m[38;2;1;1;1m                    [48;2;3;1;6m[38;2;3;1;6m    [48;2;3;1;4m[38;2;3;1;4m  [48;2;3;1;6m[38;2;3;1;6m    [48;2;2;0;3m[38;2;2;0;3m  [48;2;3;1;6m[38;2;3;1;6m        [48;2;1;1;3m[38;2;1;1;3m  [48;2;4;2;5m[38;2;4;2;5m  [48;2;2;2;4m[38;2;2;2;4m  [48;2;1;1;3m[38;2;1;1;3m  [48;2;3;1;4m[38;2;3;1;4m  [48;2;3;1;6m[38;2;3;1;6m      [48;2;1;1;3m[38;2;1;1;3m  [48;2;1;1;1m[38;2;1;1;1m  [0m
[48;2;1;1;1m[38;2;1;1;1m                    [48;2;1;1;3m[38;2;1;1;3m  [48;2;3;1;6m[38;2;3;1;6m          [48;2;1;1;3m[38;2;1;1;3m  [48;2;3;1;4m[38;2;3;1;4m  [48;2;3;1;6m[38;2;3;1;6m  [48;2;2;0;3m[38;2;2;0;3m  [48;2;9;4;8m[38;2;3;0;2m▊[48;2;51;46;50m[38;2;222;217;221m▄[48;2;154;152;155m[38;2;246;244;246m▇▇[48;2;149;147;150m[38;2;230;228;230m▇[48;2;12;11;13m[38;2;200;198;200m▄[48;2;4;2;5m[38;2;4;2;5m  [48;2;3;1;4m[38;2;3;1;4m  [48;2;3;1;6m[38;2;3;1;6m        [48;2;3;1;4m[38;2;3;1;4m  [0m
[48;2;1;1;1m[38;2;1;1;1m                    [48;2;2;2;4m[38;2;2;2;4m  [48;2;3;1;4m[38;2;3;1;4m  [48;2;3;1;6m[38;2;3;1;6m          [48;2;5;3;8m[38;2;46;44;49m▁▁▁▁[48;2;4;3;5m[38;2;45;43;46m▁▁[48;2;119;114;118m[38;2;11;6;10m▊[48;2;251;247;251m[38;2;218;213;217m▎[48;2;243;230;231m[38;2;0;0;0m [48;2;239;245;242m[38;2;207;77;117m▄[48;2;249;238;243m[38;2;204;88;105m▄[48;2;247;237;241m[38;2;182;66;83m▄[48;2;177;175;178m[38;2;24;23;25m▄[48;2;8;6;9m[38;2;0;0;0m [48;2;1;1;3m[38;2;1;1;3m    [48;2;3;1;4m[38;2;3;1;4m  [48;2;3;1;6m[38;2;3;1;6m    [48;2;1;1;3m[38;2;1;1;3m  [0m
[48;2;1;1;1m[38;2;1;1;1m                [48;2;2;0;3m[38;2;2;0;3m  [48;2;3;1;4m[38;2;3;1;4m  [48;2;2;0;3m[38;2;2;0;3m  [48;2;1;1;1m[38;2;1;1;1m  [48;2;1;1;3m[38;2;1;1;3m    [48;2;2;0;3m[38;2;2;0;3m  [48;2;5;3;8m[38;2;5;3;8m  [48;2;26;24;27m[38;2;225;223;226m▄[48;2;33;32;34m[38;2;233;231;233m▄[48;2;191;189;192m[38;2;242;240;243m▇[48;2;202;200;203m[38;2;251;249;251m▇[48;2;208;206;209m[38;2;249;247;249m▇▇[48;2;214;212;215m[38;2;244;242;245m▇[48;2;233;231;234m[38;2;0;0;0m [48;2;61;55;57m[38;2;240;236;238m▄[48;2;215;209;211m[38;2;236;230;232m▊[48;2;167;57;76m[38;2;215;67;99m▊[48;2;55;15;14m[38;2;197;77;100m▄[48;2;203;69;98m[38;2;0;0;0m [48;2;32;16;9m[38;2;201;92;113m▄[48;2;21;20;22m[38;2;232;231;233m▄[48;2;19;17;20m[38;2;201;199;201m▄[48;2;3;1;4m[38;2;19;17;20m▃[48;2;8;6;9m[38;2;3;2;4m▚[48;2;2;2;4m[38;2;2;2;4m  [48;2;1;1;1m[38;2;1;1;1m  [48;2;2;0;3m[38;2;2;0;3m  [48;2;3;1;6m[38;2;3;1;6m  [48;2;1;1;1m[38;2;1;1;1m  [0m
[48;2;1;1;1m[38;2;1;1;1m            [48;2;1;1;3m[38;2;1;1;3m  [48;2;3;1;6m[38;2;3;1;6m      [48;2;1;1;3m[38;2;1;1;3m  [48;2;1;1;1m[38;2;1;1;1m      [48;2;1;1;3m[38;2;1;1;3m  [48;2;1;0;2m[38;2;8;6;9m┃[48;2;35;33;36m[38;2;1;0;2m▊[48;2;248;248;250m[38;2;205;205;207m▎[48;2;240;240;242m[38;2;252;252;253m┃[48;2;255;255;255m[38;2;239;239;241m━[48;2;244;244;245m[38;2;173;173;175m▁[48;2;250;250;252m[38;2;250;250;252m    [48;2;253;249;250m[38;2;245;241;242m┃[48;2;227;223;224m[38;2;255;253;254m▌[48;2;212;73;98m[38;2;240;123;141m▁▁[48;2;230;127;148m[38;2;208;71;103m▊[48;2;215;117;137m[38;2;245;234;227m▄[48;2;249;249;251m[38;2;249;249;251m  [48;2;220;218;220m[38;2;0;0;0m [48;2;24;23;25m[38;2;196;194;196m▄[48;2;9;8;10m[38;2;69;67;70m▁[48;2;1;0;2m[38;2;3;1;4m▄[48;2;3;1;6m[38;2;3;1;6m  [48;2;1;1;3m[38;2;1;1;3m  [48;2;1;1;1m[38;2;1;1;1m    [0m
[48;2;1;1;1m[38;2;1;1;1m            [48;2;3;1;6m[38;2;3;1;6m      [48;2;3;1;4m[38;2;3;1;4m  [48;2;1;1;3m[38;2;1;1;3m  [48;2;1;1;1m[38;2;1;1;1m    [48;2;3;1;6m[38;2;3;1;6m  [48;2;2;0;3m[38;2;2;0;3m  [48;2;4;2;5m[38;2;4;2;5m  [48;2;205;203;205m[38;2;25;23;26m▄[48;2;243;242;244m[38;2;211;210;212m▎[48;2;200;178;180m[38;2;241;234;233m▊[48;2;69;47;48m[38;2;200;76;112m▄[48;2;211;207;210m[38;2;13;8;12m▄[48;2;224;220;224m[38;2;30;25;29m▄[48;2;247;247;249m[38;2;247;247;249m  [48;2;250;250;252m[38;2;250;250;252m  [48;2;254;252;254m[38;2;247;245;248m▌[48;2;246;244;247m[38;2;218;216;219m▝[48;2;211;114;144m[38;2;247;242;243m▄[48;2;232;241;236m[38;2;251;246;247m▊[48;2;250;250;252m[38;2;250;250;252m    [48;2;82;80;83m[38;2;234;233;235m▊[48;2;9;8;10m[38;2;77;75;78m▁[48;2;3;1;6m[38;2;3;1;6m    [48;2;1;1;3m[38;2;1;1;3m  [48;2;1;1;1m[38;2;1;1;1m  [0m
[48;2;1;1;1m[38;2;1;1;1m            [48;2;1;1;3m[38;2;1;1;3m  [48;2;3;1;6m[38;2;3;1;6m  [48;2;2;0;3m[38;2;2;0;3m  [48;2;1;1;1m[38;2;1;1;1m  [48;2;3;1;6m[38;2;3;1;6m    [48;2;1;1;1m[38;2;1;1;1m    [48;2;1;1;3m[38;2;1;1;3m    [48;2;3;0;2m[38;2;7;2;6m▎[48;2;217;212;216m[38;2;31;26;30m▅[48;2;202;72;96m[38;2;22;10;15m▅▅[48;2;1;0;2m[38;2;9;7;10m│[48;2;90;88;91m[38;2;13;11;14m▊[48;2;255;254;255m[38;2;237;235;238m▌[48;2;253;251;253m[38;2;245;243;246m┃[48;2;250;250;252m[38;2;250;250;252m  [48;2;249;249;251m[38;2;249;249;251m  [48;2;246;246;248m[38;2;236;147;177m▁▁[48;2;247;243;246m[38;2;198;193;197m▁[48;2;252;249;252m[38;2;248;244;247m▄[48;2;241;241;243m[38;2;251;251;252m▅[48;2;251;251;252m[38;2;241;241;243m▃[48;2;218;214;217m[38;2;89;84;88m▁[48;2;183;179;182m[38;2;24;20;23m▅[48;2;2;0;3m[38;2;2;0;3m  [48;2;3;1;6m[38;2;3;1;6m    [48;2;1;1;1m[38;2;1;1;1m  [0m
[48;2;1;1;1m[38;2;1;1;1m              [48;2;2;0;3m[38;2;2;0;3m  [48;2;1;1;3m[38;2;1;1;3m    [48;2;3;1;6m[38;2;3;1;6m  [48;2;3;1;4m[38;2;3;1;4m  [48;2;1;1;3m[38;2;1;1;3m  [48;2;1;1;1m[38;2;1;1;1m    [48;2;3;1;4m[38;2;3;1;4m  [48;2;3;1;6m[38;2;3;1;6m    [48;2;4;2;5m[38;2;10;8;11m│[48;2;6;5;7m[38;2;39;37;40m▝[48;2;231;227;231m[38;2;82;77;81m▅[48;2;236;232;235m[38;2;115;110;114m▁[48;2;250;250;252m[38;2;250;250;252m  [48;2;244;238;240m[38;2;254;250;252m┃[48;2;209;203;205m[38;2;251;246;248m▊[48;2;205;67;95m[38;2;192;163;155m▁[48;2;197;59;88m[38;2;65;36;28m▁[48;2;211;104;139m[38;2;28;11;13m▅[48;2;233;228;229m[38;2;18;16;15m▅[48;2;227;225;229m[38;2;22;20;25m▅[48;2;186;184;189m[38;2;20;18;23m▅[48;2;3;1;6m[38;2;3;1;6m        [48;2;2;0;3m[38;2;2;0;3m  [0m
[48;2;1;1;1m[38;2;1;1;1m                [48;2;3;1;4m[38;2;3;1;4m  [48;2;3;1;6m[38;2;3;1;6m  [48;2;2;0;3m[38;2;2;0;3m  [48;2;3;1;6m[38;2;3;1;6m  [48;2;2;0;3m[38;2;2;0;3m  [48;2;1;1;1m[38;2;1;1;1m    [48;2;3;1;6m[38;2;3;1;6m  [48;2;3;1;4m[38;2;3;1;4m  [48;2;2;0;3m[38;2;2;0;3m  [48;2;59;54;58m[38;2;9;5;8m▊[48;2;40;35;39m[38;2;221;216;220m▅[48;2;235;231;234m[38;2;0;0;0m [48;2;53;48;52m[38;2;216;212;215m▅[48;2;227;221;225m[38;2;71;65;69m▅[48;2;230;225;228m[38;2;67;62;65m▅[48;2;232;230;235m[38;2;25;23;28m▅▅[48;2;201;197;200m[38;2;56;51;55m▅[48;2;58;53;57m[38;2;207;202;206m▄[48;2;1;1;3m[38;2;1;1;3m    [48;2;3;1;4m[38;2;3;1;4m  [48;2;3;1;6m[38;2;3;1;6m      [48;2;1;1;3m[38;2;1;1;3m  [0m
[48;2;1;1;1m[38;2;1;1;1m                    [48;2;0;0;0m[38;2;0;0;0m  [48;2;1;1;3m[38;2;1;1;3m  [48;2;1;1;1m[38;2;1;1;1m    [48;2;2;0;3m[38;2;2;0;3m  [48;2;1;1;3m[38;2;1;1;3m  [48;2;3;1;6m[38;2;3;1;6m  [48;2;1;1;1m[38;2;1;1;1m  [48;2;78;76;79m[38;2;7;5;8m▊[48;2;248;246;248m[38;2;201;199;202m▎[48;2;250;250;252m[38;2;250;250;252m  [48;2;249;249;250m[38;2;232;232;234m╵[48;2;238;238;239m[38;2;0;0;0m [48;2;28;24;27m[38;2;233;229;232m▅[48;2;23;18;22m[38;2;209;204;208m▅[48;2;122;117;121m[38;2;21;16;20m▊[48;2;227;223;226m[38;2;138;133;137m▂[48;2;28;23;27m[38;2;204;200;203m▅[48;2;18;14;17m[38;2;140;135;139m▁[48;2;1;1;1m[38;2;1;1;1m      [48;2;1;1;3m[38;2;1;1;3m    [48;2;1;1;1m[38;2;1;1;1m  [0m
[48;2;1;1;1m[38;2;1;1;1m                        [48;2;1;1;3m[38;2;1;1;3m  [48;2;3;1;6m[38;2;3;1;6m  [48;2;2;0;3m[38;2;2;0;3m    [48;2;3;1;6m[38;2;3;1;6m  [48;2;1;1;3m[38;2;1;1;3m  [48;2;78;76;79m[38;2;7;5;8m▊[48;2;248;246;248m[38;2;201;199;202m▎[48;2;250;250;252m[38;2;250;250;252m    [48;2;249;248;250m[38;2;233;231;234m╵[48;2;238;237;239m[38;2;0;0;0m [48;2;36;31;35m[38;2;204;199;203m▅[48;2;134;129;133m[38;2;12;8;11m▊[48;2;246;244;247m[38;2;246;244;247m▄[48;2;92;90;93m[38;2;250;248;250m▊[48;2;2;0;5m[38;2;2;0;5m  [48;2;1;1;1m[38;2;1;1;1m        [48;2;1;1;3m[38;2;1;1;3m  [0m
[48;2;1;1;1m[38;2;1;1;1m                    [48;2;2;0;3m[38;2;2;0;3m  [48;2;1;1;1m[38;2;1;1;1m  [48;2;3;1;6m[38;2;3;1;6m    [48;2;1;1;3m[38;2;1;1;3m  [48;2;2;0;3m[38;2;2;0;3m  [48;2;1;1;3m[38;2;1;1;3m    [48;2;15;11;14m[38;2;0;0;0m [48;2;213;209;212m[38;2;44;40;43m▅[48;2;247;247;249m[38;2;247;247;249m  [48;2;250;250;252m[38;2;250;250;252m    [48;2;236;235;237m[38;2;0;0;0m [48;2;69;67;70m[38;2;234;232;234m▅[48;2;248;248;249m[38;2;0;0;0m [48;2;230;230;232m [48;2;76;71;77m[38;2;227;223;228m┓[48;2;3;0;4m[38;2;9;4;10m▄[48;2;1;1;1m[38;2;1;1;1m          [0m
[48;2;1;1;1m[38;2;1;1;1m                  [48;2;1;1;3m[38;2;1;1;3m  [48;2;2;0;3m[38;2;2;0;3m  [48;2;1;1;3m[38;2;1;1;3m  [48;2;3;1;6m[38;2;3;1;6m    [48;2;2;0;3m[38;2;2;0;3m  [48;2;1;1;3m[38;2;1;1;3m  [48;2;1;1;1m[38;2;1;1;1m  [48;2;2;0;3m[38;2;2;0;3m  [48;2;1;0;2m[38;2;19;17;20m▖[48;2;78;76;79m[38;2;7;6;8m▊[48;2;223;221;224m[38;2;67;65;68m▁[48;2;249;247;249m[38;2;0;0;0m [48;2;250;250;252m[38;2;250;250;252m        [48;2;89;84;88m[38;2;240;236;240m▊[48;2;3;0;2m[38;2;12;7;11m│[48;2;2;0;3m[38;2;2;0;3m  [48;2;1;1;1m[38;2;1;1;1m        [0m
[48;2;1;1;1m[38;2;1;1;1m                  [48;2;2;0;3m[38;2;2;0;3m    [48;2;3;1;6m[38;2;3;1;6m      [48;2;1;1;3m[38;2;1;1;3m  [48;2;1;1;1m[38;2;1;1;1m  [48;2;1;1;3m[38;2;1;1;3m      [48;2;82;80;83m[38;2;10;8;11m▊[48;2;250;249;251m[38;2;205;203;206m▎[48;2;250;250;252m[38;2;250;250;252m        [48;2;89;84;88m[38;2;240;236;240m▊[48;2;3;0;2m[38;2;12;7;11m│[48;2;1;1;3m[38;2;1;1;3m  [48;2;1;1;1m[38;2;1;1;1m        [0m
[48;2;4;2;10m[38;2;23;2;126m▂▂▂▂▂▂▂▂▂▂▂▂▂▂▂▂▂▂[48;2;5;3;12m[38;2;24;2;129m▂▂[48;2;4;2;10m[38;2;23;2;126m▂▂[48;2;5;3;12m[38;2;24;2;129m▂▂▂▂▂▂[48;2;5;3;11m[38;2;24;3;127m▂▂[48;2;4;2;10m[38;2;23;2;126m▂▂[48;2;4;2;11m[38;2;23;1;128m▂▂[48;2;4;2;10m[38;2;23;2;126m▂▂[48;2;8;6;13m[38;2;37;15;140m▂[48;2;21;18;25m[38;2;28;12;131m▂[48;2;76;74;77m[38;2;237;235;237m▅[48;2;242;241;243m[38;2;0;0;0m [48;2;250;250;252m[38;2;250;250;252m      [48;2;249;248;251m[38;2;235;234;239m╷[48;2;152;151;156m[38;2;240;239;242m▊[48;2;161;155;167m[38;2;20;10;64m▅[48;2;10;5;26m[38;2;45;15;171m▁[48;2;4;2;10m[38;2;23;2;126m▂▂▂▂▂▂▂▂▂▂[0m
[48;2;38;3;183m[38;2;38;3;183m                                    [48;2;43;11;188m[38;2;0;0;0m [48;2;49;22;179m[38;2;205;195;229m▂[48;2;255;255;255m[38;2;237;237;239m▌[48;2;253;253;254m[38;2;245;245;247m┃[48;2;250;250;252m[38;2;250;250;252m      [48;2;240;239;243m[38;2;0;0;0m [48;2;208;203;229m[38;2;63;45;174m▂[48;2;38;3;185m[38;2;38;3;185m  [48;2;38;3;183m[38;2;38;3;183m          [0m
[48;2;38;3;183m[38;2;38;3;183m                                    [48;2;98;80;179m[38;2;36;6;186m▊[48;2;249;247;246m[38;2;215;209;235m▎[48;2;250;250;252m[38;2;250;250;252m        [48;2;161;147;208m[38;2;249;244;249m▊[48;2;40;5;194m[38;2;33;9;161m▌[48;2;38;3;183m[38;2;38;3;183m            [0m
[48;2;38;3;185m[38;2;38;3;185m                                  [48;2;38;3;181m[38;2;34;0;177m▌[48;2;50;15;193m[38;2;45;10;188m▌[48;2;84;65;191m[38;2;235;234;236m▆[48;2;243;242;248m[38;2;0;0;0m [48;2;250;250;252m[38;2;250;250;252m      [48;2;253;252;254m[38;2;241;240;246m▌[48;2;174;173;179m[38;2;243;242;247m▊[48;2;182;168;222m[38;2;40;9;185m▆[48;2;37;6;174m[38;2;56;21;200m▖[48;2;38;3;185m[38;2;38;3;185m            [0m
[48;2;38;3;185m[38;2;38;3;185m                                  [48;2;34;2;172m[38;2;43;7;195m▎[48;2;60;36;146m[38;2;43;9;189m▊[48;2;238;219;216m[38;2;200;84;113m▆[48;2;246;232;229m[38;2;198;79;109m▂[48;2;226;222;238m[38;2;53;27;185m▂[48;2;218;213;233m[38;2;44;22;177m▆[48;2;226;220;232m[38;2;54;29;178m▆[48;2;234;229;238m[38;2;63;35;187m▂[48;2;239;233;237m[38;2;208;119;149m▂[48;2;248;246;248m[38;2;0;0;0m [48;2;174;165;207m[38;2;243;242;239m▊[48;2;190;179;227m[38;2;44;19;182m▆[48;2;38;3;185m[38;2;38;3;185m              [0m
[48;2;38;3;185m[38;2;38;3;185m                                  [48;2;40;4;190m[38;2;40;6;176m┃[48;2;40;12;145m[38;2;40;2;200m▌[48;2;207;66;93m[38;2;47;29;17m▂[48;2;213;73;100m[38;2;181;64;83m▖[48;2;83;26;159m[38;2;191;70;99m▅[48;2;53;9;165m[38;2;178;71;95m▂[48;2;37;3;181m[38;2;21;8;47m▃▃[48;2;214;76;110m[38;2;72;31;34m▃[48;2;228;209;204m[38;2;190;61;92m▆[48;2;183;171;219m[38;2;34;14;116m▆[48;2;33;9;164m[38;2;27;15;71m▂[48;2;38;3;185m[38;2;38;3;185m              [0m
[48;2;38;3;185m[38;2;38;3;185m                                  [48;2;39;7;179m[38;2;32;8;131m╺[48;2;33;10;126m[38;2;8;0;31m━[48;2;10;5;5m[38;2;0;0;0m [48;2;153;62;92m[38;2;14;5;6m▆[48;2;165;50;87m[38;2;7;6;4m▆▆[48;2;3;1;6m[38;2;3;1;6m  [48;2;59;29;37m[38;2;12;6;15m▊[48;2;196;60;88m[38;2;51;23;18m▃[48;2;56;25;26m[38;2;174;60;86m━[48;2;15;9;21m[38;2;0;0;0m [48;2;34;7;140m[38;2;9;0;28m━[48;2;39;4;182m[38;2;39;4;182m▄[48;2;38;3;185m[38;2;38;3;185m            [0m
[48;2;38;3;185m[38;2;38;3;185m                                  [48;2;38;3;183m[38;2;38;3;183m  [48;2;19;7;45m[38;2;38;5;181m▆▆[48;2;19;8;43m[38;2;38;5;179m▆▆▆▆▆▆[48;2;20;8;47m[38;2;39;5;183m▆▆[48;2;38;3;185m[38;2;38;3;185m              [0m
[48;2;40;2;185m[38;2;40;2;185m                                                            [0m
[48;2;40;2;185m[38;2;40;2;185m                                                            [0m
