[48;2;1;1;1m[38;2;1;1;1m                                                            [0m
[48;2;1;1;1m[38;2;1;1;1m                                                            [0m
[48;2;1;1;1m[38;2;1;1;1m                                                            [0m
[48;2;1;1;1m[38;2;1;1;1m                                                      [48;2;1;1;3m[38;2;1;1;3m  [48;2;1;1;1m[38;2;1;1;1m    [0m
[48;2;1;1;1m[38;2;1;1;1m                          [48;2;3;1;6m[38;2;3;1;6m  [48;2;1;1;3m[38;2;1;1;3m  [48;2;1;1;1m[38;2;1;1;1m        [48;2;3;1;4m[38;2;3;1;4m  [48;2;3;1;6m[38;2;3;1;6m  [48;2;3;1;4m[38;2;3;1;4m  [48;2;1;1;3m[38;2;1;1;3m  [48;2;1;1;1m[38;2;1;1;1m      [48;2;3;1;4m[38;2;3;1;4m  [48;2;3;1;6m[38;2;3;1;6m  [48;2;2;0;3m[38;2;2;0;3m  [48;2;1;1;1m[38;2;1;1;1m  [0m
[48;2;1;1;1m[38;2;1;1;1m                        [48;2;1;1;3m[38;2;1;1;3m  [48;2;3;1;6m[38;2;3;1;6m    [48;2;2;0;3m[38;2;2;0;3m  [48;2;1;1;3m[38;2;1;1;3m  [48;2;2;0;3m[38;2;2;0;3m  [48;2;1;1;3m[38;2;1;1;3m    [48;2;2;0;3m[38;2;2;0;3m  [48;2;3;1;6m[38;2;3;1;6m    [48;2;1;1;1m[38;2;1;1;1m    [48;2;3;1;6m[38;2;3;1;6m      [48;2;1;1;3m[38;2;1;1;3m  [48;2;1;1;1m[38;2;1;1;1m  [0m
[48;2;1;1;1m[38;2;1;1;1m                    [48;2;3;1;6m[38;2;3;1;6m    [48;2;3;1;4m[38;2;3;1;4m  [48;2;3;1;6m[38;2;3;1;6m    [48;2;2;0;3m[38;2;2;0;3m  [48;2;3;1;6m[38;2;3;1;6m        [48;2;1;1;3m[38;2;1;1;3m  [48;2;4;2;5m[38;2;4;2;5m  [48;2;2;2;4m[38;2;2;2;4m  [48;2;1;1;3m[38;2;1;1;3m  [48;2;3;1;4m[38;2;3;1;4m  [48;2;3;1;6m[38;2;3;1;6m      [48;2;1;1;3m[38;2;1;1;3m  [48;2;1;1;1m[38;2;1;1;1m  [0m
[48;2;1;1;1m[38;2;1;1;1m                    [48;2;1;1;3m[38;2;1;1;3m  [48;2;3;1;6m[38;2;3;1;6m          [48;2;1;1;3m[38;2;1;1;3m  [48;2;3;1;4m[38;2;3;1;4m  [48;2;3;1;6m[38;2;3;1;6m  [48;2;2;0;3m[38;2;2;0;3m  [48;2;9;4;8m[38;2;3;0;2m▊[48;2;51;46;50m[38;2;222;217;221m▄[48;2;154;152;155m[38;2;246;244;246m▇▇[48;2;149;147;150m[38;2;230;228;230m▇[48;2;12;11;13m[38;2;200;198;200m▄[48;2;4;2;5m[38;2;4;2;5m  [48;2;3;1;4m[38;2;3;1;4m  [48;2;3;1;6m[38;2;3;1;6m        [48;2;3;1;4m[38;2;3;1;4m  [0m
[48;2;1;1;1m[38;2;1;1;1m                    [48;2;2;2;4m[38;2;2;2;4m  [48;2;3;1;4m[38;2;3;1;4m  [48;2;3;1;6m[38;2;3;1;6m          [48;2;5;3;8m[38;2;46;44;49m▁▁▁▁[48;2;4;3;5m[38;2;45;43;46m▁▁[48;2;119;114;118m[38;2;11;6;10m▊[48;2;251;247;251m[38;2;218;213;217m▎[48;2;243;230;231m[38;2;0;0;0m [48;2;239;245;242m[38;2;207;77;117m▄[48;2;249;238;243m[38;2;204;88;105m▄[48;2;247;237;241m[38;2;182;66;83m▄[48;2;177;175;178m[38;2;24;23;25m▄[48;2;8;6;9m[38;2;0;0;0m [48;2;1;1;3m[38;2;1;1;3m    [48;2;3;1;4m[38;2;3;1;4m  [48;2;3;1;6m[38;2;3;1;6m    [48;2;1;1;3m[38;2;1;1;3m  [0m
[48;2;1;1;1m[38;2;1;1;1m                [48;2;2;0;3m[38;2;2;0;3m  [48;2;3;1;4m[38;2;3;1;4m  [48;2;2;0;3m[38;2;2;0;3m  [48;2;1;1;1m[38;2;1;1;1m  [48;2;1;1;3m[38;2;1;1;3m    [48;2;2;0;3m[38;2;2;0;3m  [48;2;3;1;6m[38;2;3;1;6m  [48;2;11;10;12m[38;2;0;0;0m [48;2;35;34;36m[38;2;220;218;221m▄[48;2;191;189;192m[38;2;242;240;243m▇[48;2;202;200;203m[38;2;251;249;251m▇[48;2;208;206;209m[38;2;249;247;249m▇▇[48;2;214;212;215m[38;2;244;242;245m▇[48;2;233;231;234m[38;2;0;0;0m [48;2;61;55;57m[38;2;240;236;238m▄[48;2;215;209;211m[38;2;236;230;232m▊[48;2;167;57;76m[38;2;215;67;99m▊[48;2;55;15;14m[38;2;197;77;100m▄[48;2;203;69;98m[38;2;0;0;0m [48;2;32;16;9m[38;2;201;92;113m▄[48;2;21;20;22m[38;2;232;231;233m▄[48;2;19;17;20m[38;2;201;199;201m▄[48;2;3;1;4m[38;2;19;17;20m▃[48;2;8;6;9m[38;2;3;2;4m▚[48;2;2;2;4m[38;2;2;2;4m  [48;2;1;1;1m[38;2;1;1;1m  [48;2;2;0;3m[38;2;2;0;3m  [48;2;3;1;6m[38;2;3;1;6m  [48;2;1;1;1m[38;2;1;1;1m  [0m
[48;2;1;1;1m[38;2;1;1;1m            [48;2;1;1;3m[38;2;1;1;3m  [48;2;3;1;6m[38;2;3;1;6m      [48;2;1;1;3m[38;2;1;1;3m  [48;2;1;1;1m[38;2;1;1;1m      [48;2;1;1;3m[38;2;1;1;3m    [48;2;52;50;53m[38;2;6;4;7m▊[48;2;246;245;247m[38;2;175;173;176m▎[48;2;255;255;255m[38;2;239;239;241m━[48;2;244;244;245m[38;2;173;173;175m▁[48;2;244;244;246m[38;2;174;174;176m▁[48;2;255;255;255m[38;2;240;240;242m━[48;2;250;250;252m[38;2;250;250;252m  [48;2;253;249;250m[38;2;245;241;242m┃[48;2;227;223;224m[38;2;255;253;254m▌[48;2;212;73;98m[38;2;240;123;141m▁▁[48;2;230;127;148m[38;2;208;71;103m▊[48;2;215;117;137m[38;2;245;234;227m▄[48;2;249;249;251m[38;2;249;249;251m  [48;2;100;95;99m[38;2;234;230;233m▊[48;2;8;4;7m[38;2;76;71;75m▁[48;2;2;0;3m[38;2;2;0;3m  [48;2;3;1;6m[38;2;3;1;6m  [48;2;1;1;3m[38;2;1;1;3m  [48;2;1;1;1m[38;2;1;1;1m    [0m
[48;2;1;1;1m[38;2;1;1;1m            [48;2;3;1;6m[38;2;3;1;6m      [48;2;3;1;4m[38;2;3;1;4m  [48;2;1;1;3m[38;2;1;1;3m  [48;2;1;1;1m[38;2;1;1;1m    [48;2;3;1;6m[38;2;3;1;6m  [48;2;2;0;3m[38;2;2;0;3m    [48;2;45;43;46m[38;2;6;5;7m▊[48;2;224;223;225m[38;2;134;132;135m▁[48;2;212;190;192m[38;2;239;231;230m▊[48;2;44;31;30m[38;2;209;73;113m▄[48;2;17;13;16m[38;2;0;0;0m [48;2;236;232;236m[38;2;58;53;57m▅[48;2;247;247;249m[38;2;247;247;249m  [48;2;250;250;252m[38;2;250;250;252m  [48;2;254;252;254m[38;2;247;245;248m▌[48;2;246;244;247m[38;2;218;216;219m▝[48;2;211;114;144m[38;2;247;242;243m▄[48;2;232;241;236m[38;2;251;246;247m▊[48;2;250;250;252m[38;2;250;250;252m  [48;2;245;245;247m[38;2;245;245;247m▄[48;2;78;78;80m[38;2;242;242;244m▊[48;2;2;0;3m[38;2;2;0;3m  [48;2;3;1;6m[38;2;3;1;6m    [48;2;1;1;3m[38;2;1;1;3m  [48;2;1;1;1m[38;2;1;1;1m  [0m
[48;2;1;1;1m[38;2;1;1;1m            [48;2;1;1;3m[38;2;1;1;3m  [48;2;3;1;6m[38;2;3;1;6m  [48;2;2;0;3m[38;2;2;0;3m  [48;2;1;1;1m[38;2;1;1;1m  [48;2;3;1;6m[38;2;3;1;6m    [48;2;1;1;1m[38;2;1;1;1m    [48;2;1;1;3m[38;2;1;1;3m    [48;2;4;2;5m[38;2;4;2;5m  [48;2;190;62;85m[38;2;21;10;16m▅▅[48;2;1;0;2m[38;2;9;7;10m│[48;2;90;88;91m[38;2;13;11;14m▊[48;2;255;254;255m[38;2;237;235;238m▌[48;2;253;251;253m[38;2;245;243;246m┃[48;2;250;250;252m[38;2;250;250;252m      [48;2;248;244;247m[38;2;227;222;226m▁[48;2;253;249;253m[38;2;222;217;221m▂[48;2;241;239;242m[38;2;0;0;0m [48;2;68;66;69m[38;2;222;221;223m▊[48;2;2;0;3m[38;2;2;0;3m    [48;2;3;1;6m[38;2;3;1;6m    [48;2;1;1;1m[38;2;1;1;1m  [0m
[48;2;1;1;1m[38;2;1;1;1m              [48;2;2;0;3m[38;2;2;0;3m  [48;2;1;1;3m[38;2;1;1;3m    [48;2;3;1;6m[38;2;3;1;6m  [48;2;3;1;4m[38;2;3;1;4m  [48;2;1;1;3m[38;2;1;1;3m  [48;2;1;1;1m[38;2;1;1;1m    [48;2;3;1;4m[38;2;3;1;4m  [48;2;3;1;6m[38;2;3;1;6m    [48;2;4;2;5m[38;2;10;8;11m│[48;2;6;5;7m[38;2;39;37;40m▝[48;2;231;227;231m[38;2;82;77;81m▅[48;2;236;232;235m[38;2;115;110;114m▁[48;2;250;250;252m[38;2;250;250;252m    [48;2;242;240;243m[38;2;0;0;0m [48;2;226;225;227m[38;2;86;84;87m▁[48;2;221;203;210m[38;2;50;32;39m▅[48;2;200;56;84m[38;2;215;122;127m▝[48;2;184;187;188m[38;2;43;28;34m▅[48;2;10;7;9m[38;2;24;3;11m▝[48;2;3;1;6m[38;2;3;1;6m        [48;2;2;0;3m[38;2;2;0;3m  [0m
[48;2;1;1;1m[38;2;1;1;1m                [48;2;3;1;4m[38;2;3;1;4m  [48;2;3;1;6m[38;2;3;1;6m  [48;2;2;0;3m[38;2;2;0;3m  [48;2;3;1;6m[38;2;3;1;6m  [48;2;2;0;3m[38;2;2;0;3m  [48;2;1;1;1m[38;2;1;1;1m    [48;2;3;1;6m[38;2;3;1;6m  [48;2;3;1;4m[38;2;3;1;4m    [48;2;25;20;24m[38;2;167;162;166m▁[48;2;49;44;48m[38;2;226;222;225m▅[48;2;235;231;234m[38;2;0;0;0m [48;2;53;48;52m[38;2;216;212;215m▅[48;2;227;221;225m[38;2;71;65;69m▅[48;2;230;225;228m[38;2;67;62;65m▅[48;2;232;230;235m[38;2;25;23;28m▅▅[48;2;203;197;201m[38;2;58;52;56m▅[48;2;60;54;58m[38;2;208;203;207m▄[48;2;22;13;12m[38;2;0;0;0m [48;2;178;60;96m[38;2;23;7;8m▅[48;2;149;48;80m[38;2;19;6;6m▅[48;2;4;4;1m[38;2;0;0;0m [48;2;3;1;4m[38;2;3;1;4m  [48;2;3;1;6m[38;2;3;1;6m      [48;2;1;1;3m[38;2;1;1;3m  [0m
[48;2;1;1;1m[38;2;1;1;1m                    [48;2;0;0;0m[38;2;0;0;0m  [48;2;1;1;3m[38;2;1;1;3m  [48;2;1;1;1m[38;2;1;1;1m    [48;2;2;0;3m[38;2;2;0;3m  [48;2;1;1;3m[38;2;1;1;3m  [48;2;3;1;6m[38;2;3;1;6m  [48;2;1;0;0m[38;2;12;10;11m│[48;2;77;75;76m[38;2;7;5;6m▊[48;2;249;249;251m[38;2;231;231;233m▌[38;2;255;255;255m▌[48;2;250;250;252m[38;2;250;250;252m  [48;2;249;249;250m[38;2;232;232;234m╵[48;2;238;238;239m[38;2;0;0;0m [48;2;28;27;29m[38;2;199;197;200m▅[48;2;15;13;16m[38;2;0;0;0m [48;2;143;137;139m[38;2;43;37;39m▊[48;2;223;217;219m[38;2;122;116;118m▁[48;2;28;23;27m[38;2;204;200;203m▅[48;2;18;14;17m[38;2;140;135;139m▁[48;2;1;1;1m[38;2;1;1;1m      [48;2;1;1;3m[38;2;1;1;3m    [48;2;1;1;1m[38;2;1;1;1m  [0m
[48;2;1;1;1m[38;2;1;1;1m                        [48;2;1;1;3m[38;2;1;1;3m  [48;2;3;1;6m[38;2;3;1;6m  [48;2;2;0;3m[38;2;2;0;3m    [48;2;3;1;6m[38;2;3;1;6m  [48;2;1;0;0m[38;2;13;11;12m│[48;2;78;76;77m[38;2;7;6;6m▊[48;2;249;249;251m[38;2;231;231;233m▌[38;2;255;255;255m▌[48;2;250;250;252m[38;2;250;250;252m    [48;2;247;243;244m[38;2;255;253;254m│[48;2;104;100;101m[38;2;16;13;13m▊[48;2;117;112;116m[38;2;245;240;244m▊[48;2;128;123;127m[38;2;14;10;13m▊[48;2;249;247;249m[38;2;0;0;0m [48;2;114;112;115m[38;2;244;242;245m▊[48;2;15;13;18m[38;2;134;132;137m▁[48;2;1;0;4m[38;2;4;2;7m▄[48;2;1;1;1m[38;2;1;1;1m        [48;2;1;1;3m[38;2;1;1;3m  [0m
[48;2;1;1;1m[38;2;1;1;1m                    [48;2;2;0;3m[38;2;2;0;3m  [48;2;1;1;1m[38;2;1;1;1m  [48;2;3;1;6m[38;2;3;1;6m    [48;2;1;1;3m[38;2;1;1;3m  [48;2;2;0;3m[38;2;2;0;3m  [48;2;1;1;3m[38;2;1;1;3m  [48;2;1;0;2m[38;2;2;0;3m▝[48;2;23;21;24m[38;2;5;3;6m▅[48;2;208;206;209m[38;2;39;37;40m▅[48;2;245;244;246m[38;2;223;221;224m▎[48;2;250;250;252m[38;2;250;250;252m    [48;2;154;150;151m[38;2;245;242;243m▊[48;2;46;42;43m[38;2;140;136;137m▂[48;2;131;125;129m[38;2;208;202;206m▊[48;2;128;122;126m[38;2;51;46;49m▊[48;2;238;237;239m[38;2;107;105;108m▁[48;2;244;242;245m[38;2;0;0;0m [48;2;105;100;104m[38;2;238;234;237m▊[48;2;20;16;19m[38;2;141;136;140m▁[48;2;1;1;1m[38;2;1;1;1m          [0m
[48;2;1;1;1m[38;2;1;1;1m                  [48;2;1;1;3m[38;2;1;1;3m  [48;2;2;0;3m[38;2;2;0;3m  [48;2;1;1;3m[38;2;1;1;3m  [48;2;3;1;6m[38;2;3;1;6m    [48;2;2;0;3m[38;2;2;0;3m  [48;2;1;1;3m[38;2;1;1;3m  [48;2;1;1;1m[38;2;1;1;1m  [48;2;2;0;3m[38;2;2;0;3m  [48;2;1;0;2m[38;2;7;5;8m▄[48;2;210;208;211m[38;2;39;37;40m▅[48;2;243;243;245m[38;2;239;239;241m▌[48;2;254;254;255m[38;2;250;250;252m▌[48;2;250;250;252m  [48;2;240;238;241m[38;2;0;0;0m [48;2;223;221;223m[38;2;72;70;73m▁[48;2;77;75;78m[38;2;241;239;242m▅[48;2;233;231;234m[38;2;0;0;0m [48;2;77;75;78m[38;2;238;237;239m▅[48;2;249;247;250m[38;2;255;254;255m┫[48;2;246;246;248m[38;2;246;246;248m▄[48;2;79;79;81m[38;2;243;243;245m▊[48;2;2;0;3m[38;2;2;0;3m  [48;2;1;1;1m[38;2;1;1;1m        [0m
[48;2;1;1;1m[38;2;1;1;1m                  [48;2;2;0;3m[38;2;2;0;3m    [48;2;3;1;6m[38;2;3;1;6m      [48;2;1;1;3m[38;2;1;1;3m  [48;2;1;1;1m[38;2;1;1;1m  [48;2;1;1;3m[38;2;1;1;3m    [48;2;12;10;13m[38;2;0;0;0m [48;2;44;43;45m[38;2;217;215;218m▁[48;2;250;248;251m[38;2;232;230;233m▌[38;2;255;254;255m▌[48;2;250;250;252m[38;2;250;250;252m  [48;2;139;134;138m[38;2;243;239;242m▊[48;2;19;15;18m[38;2;44;39;43m▎[48;2;166;164;167m[38;2;25;23;26m┓[48;2;246;244;247m[38;2;244;242;244m▄[48;2;250;250;252m[38;2;250;250;252m  [48;2;247;245;248m[38;2;247;245;248m▄[48;2;80;78;81m[38;2;244;242;245m▊[48;2;2;0;3m[38;2;2;0;3m  [48;2;1;1;1m[38;2;1;1;1m        [0m
[48;2;4;2;10m[38;2;23;2;126m▂▂▂▂▂▂▂▂▂▂▂▂▂▂▂▂▂▂[48;2;5;3;12m[38;2;24;2;129m▂▂[48;2;4;2;10m[38;2;23;2;126m▂▂[48;2;5;3;12m[38;2;24;2;129m▂▂▂▂▂▂[48;2;5;3;11m[38;2;24;3;127m▂▂[48;2;4;2;10m[38;2;23;2;126m▂▂[48;2;4;2;11m[38;2;23;1;128m▂▂[48;2;4;2;9m[38;2;33;11;136m▂▂[48;2;25;23;26m[38;2;186;184;187m▂[48;2;245;244;246m[38;2;217;215;217m▎[48;2;250;250;252m[38;2;250;250;252m  [48;2;241;241;243m[38;2;251;251;252m▅[48;2;251;251;252m[38;2;241;241;243m▃[48;2;203;199;214m[38;2;40;18;163m▁[48;2;18;15;31m[38;2;70;45;191m▁[48;2;60;58;61m[38;2;224;222;224m▁[48;2;250;248;250m[38;2;228;226;229m▎[48;2;250;250;252m[38;2;250;250;252m  [48;2;139;132;151m[38;2;241;236;240m▊[48;2;193;189;195m[38;2;33;23;68m▆[48;2;4;2;10m[38;2;23;2;126m▂▂▂▂▂▂▂▂▂▂[0m
[48;2;38;3;183m[38;2;38;3;183m                                  [48;2;38;3;181m[38;2;40;5;192m▊[48;2;61;30;187m[38;2;30;0;163m▌[48;2;243;243;245m[38;2;239;239;241m▌[48;2;254;254;255m[38;2;250;250;252m▌[48;2;250;250;252m  [48;2;192;184;220m[38;2;244;242;241m▊[48;2;214;209;226m[38;2;56;33;180m▆[48;2;34;2;161m[38;2;44;10;193m┃[48;2;143;123;208m[38;2;41;6;189m▊[48;2;250;250;252m[38;2;250;250;252m    [48;2;95;72;186m[38;2;244;239;239m▊[48;2;37;6;188m[38;2;37;6;188m▄[48;2;38;3;183m[38;2;38;3;183m          [0m
[48;2;38;3;183m[38;2;38;3;183m                                  [48;2;71;47;186m[38;2;37;8;189m▊[48;2;68;47;166m[38;2;224;220;234m▆[48;2;249;249;251m[38;2;249;249;251m  [48;2;252;251;255m[38;2;255;254;255m┃[48;2;194;193;199m[38;2;244;243;247m▊[48;2;205;194;228m[38;2;47;19;175m▆[48;2;43;10;185m[38;2;0;0;0m [48;2;34;2;161m[38;2;44;10;193m┃[48;2;143;123;208m[38;2;41;6;189m▊[48;2;249;249;251m[38;2;249;249;251m  [48;2;252;252;249m[38;2;242;242;239m┏[48;2;153;149;176m[38;2;244;241;250m▊[48;2;193;181;222m[38;2;50;19;183m▆[48;2;47;11;204m[38;2;33;3;176m▊[48;2;38;3;183m[38;2;38;3;183m          [0m
[48;2;38;3;185m[38;2;38;3;185m                                [48;2;40;5;183m[38;2;40;5;183m  [48;2;80;60;187m[38;2;234;233;235m▆[48;2;242;241;247m[38;2;0;0;0m [48;2;241;241;243m[38;2;251;251;252m▅[48;2;251;251;252m[38;2;241;241;243m▃[48;2;229;225;240m[38;2;53;26;185m▂[48;2;204;199;219m[38;2;46;20;179m▆[48;2;39;4;184m[38;2;39;4;184m  [48;2;90;64;198m[38;2;38;6;182m▊[48;2;84;61;175m[38;2;238;232;239m▆[48;2;250;250;252m[38;2;250;250;252m  [48;2;240;239;244m[38;2;0;0;0m [48;2;199;194;225m[38;2;49;32;163m▂[48;2;38;3;185m[38;2;38;3;185m            [0m
[48;2;38;3;185m[38;2;38;3;185m                                [48;2;39;4;182m[38;2;39;4;182m  [48;2;235;213;215m[38;2;197;81;112m▆[48;2;244;231;229m[38;2;183;82;108m▂[48;2;223;218;237m[38;2;51;25;185m▂[48;2;200;194;216m[38;2;46;21;181m▆[48;2;39;4;184m[38;2;39;4;184m  [48;2;38;3;185m[38;2;38;3;185m  [48;2;48;12;183m[38;2;0;0;0m [48;2;209;193;235m[38;2;54;21;171m▆[48;2;249;220;210m[38;2;214;92;111m▆[48;2;240;230;235m[38;2;182;84;119m▂[48;2;211;201;232m[38;2;51;28;181m▂[48;2;36;9;176m[38;2;38;9;181m▄[48;2;38;3;185m[38;2;38;3;185m            [0m
[48;2;38;3;185m[38;2;38;3;185m                                [48;2;39;4;184m[38;2;39;4;184m  [48;2;164;68;108m[38;2;41;15;107m▆[48;2;215;70;98m[38;2;172;57;96m▎[48;2;88;27;158m[38;2;195;72;97m▅[48;2;58;10;164m[38;2;183;72;94m▂[48;2;35;3;182m[38;2;19;8;48m▃▃[48;2;39;5;187m[38;2;12;1;43m▃▃[48;2;38;7;165m[38;2;8;0;28m▂▂[48;2;176;71;110m[38;2;47;21;109m▆[48;2;211;72;99m[38;2;0;0;0m [48;2;105;36;144m[38;2;192;79;88m┓[48;2;49;10;193m[38;2;32;3;174m┣[48;2;38;3;185m[38;2;38;3;185m            [0m
[48;2;38;3;185m[38;2;38;3;185m                                [48;2;37;6;164m[38;2;41;4;192m┫[48;2;28;7;100m[38;2;28;7;100m▄[48;2;11;8;8m[38;2;0;0;0m [48;2;137;48;78m[38;2;11;4;4m▆[48;2;167;49;87m[38;2;8;5;4m▆▆[48;2;2;2;4m[38;2;2;2;4m  [48;2;3;1;6m[38;2;3;1;6m  [48;2;1;1;3m[38;2;1;1;3m  [48;2;8;5;4m[38;2;0;0;0m [48;2;151;63;90m[38;2;13;6;5m▆[48;2;130;59;81m[38;2;13;4;20m▆[48;2;27;10;104m[38;2;23;7;121m▄[48;2;38;3;185m[38;2;38;3;185m            [0m
[48;2;38;3;185m[38;2;38;3;185m                                  [48;2;20;8;46m[38;2;39;6;182m▆▆[48;2;19;8;43m[38;2;38;5;179m▆▆▆▆▆▆▆▆▆▆[48;2;37;16;107m[38;2;37;3;176m▆[48;2;37;2;182m[38;2;37;4;170m▘[48;2;38;3;185m[38;2;38;3;185m            [0m
[48;2;40;2;185m[38;2;40;2;185m                                                            [0m
[48;2;40;2;185m[38;2;40;2;185m                                                            [0m
