[48;2;1;1;1m[38;2;1;1;1m                                                            [0m
[48;2;1;1;1m[38;2;1;1;1m                                                            [0m
[48;2;1;1;1m[38;2;1;1;1m                                                            [0m
[48;2;1;1;1m[38;2;1;1;1m                                                      [48;2;1;1;3m[38;2;1;1;3m  [48;2;1;1;1m[38;2;1;1;1m    [0m
[48;2;1;1;1m[38;2;1;1;1m                          [48;2;3;1;6m[38;2;3;1;6m  [48;2;1;1;3m[38;2;1;1;3m  [48;2;1;1;1m[38;2;1;1;1m        [48;2;3;1;4m[38;2;3;1;4m  [48;2;3;1;6m[38;2;3;1;6m  [48;2;3;1;4m[38;2;3;1;4m  [48;2;1;1;3m[38;2;1;1;3m  [48;2;1;1;1m[38;2;1;1;1m      [48;2;3;1;4m[38;2;3;1;4m  [48;2;3;1;6m[38;2;3;1;6m  [48;2;2;0;3m[38;2;2;0;3m  [48;2;1;1;1m[38;2;1;1;1m  [0m
[48;2;1;1;1m[38;2;1;1;1m                        [48;2;1;1;3m[38;2;1;1;3m  [48;2;3;1;6m[38;2;3;1;6m    [48;2;2;0;3m[38;2;2;0;3m  [48;2;1;1;3m[38;2;1;1;3m  [48;2;2;0;3m[38;2;2;0;3m  [48;2;1;1;3m[38;2;1;1;3m    [48;2;2;0;3m[38;2;2;0;3m  [48;2;3;1;6m[38;2;3;1;6m    [48;2;1;1;1m[38;2;1;1;1m    [48;2;3;1;6m[38;2;3;1;6m      [48;2;1;1;3m[38;2;1;1;3m  [48;2;1;1;1m[38;2;1;1;1m  [0m
[48;2;1;1;1m[38;2;1;1;1m                    [48;2;3;1;6m[38;2;3;1;6m    [48;2;3;1;4m[38;2;3;1;4m  [48;2;3;1;6m[38;2;3;1;6m    [48;2;2;0;3m[38;2;2;0;3m  [48;2;3;1;6m[38;2;3;1;6m        [48;2;1;1;3m[38;2;1;1;3m  [48;2;4;2;5m[38;2;4;2;5m  [48;2;2;2;4m[38;2;2;2;4m  [48;2;1;1;3m[38;2;1;1;3m  [48;2;3;1;4m[38;2;3;1;4m  [48;2;3;1;6m[38;2;3;1;6m      [48;2;1;1;3m[38;2;1;1;3m  [48;2;1;1;1m[38;2;1;1;1m  [0m
[48;2;1;1;1m[38;2;1;1;1m                    [48;2;1;1;3m[38;2;1;1;3m  [48;2;3;1;6m[38;2;3;1;6m          [48;2;1;1;3m[38;2;1;1;3m  [48;2;3;1;4m[38;2;3;1;4m  [48;2;3;1;6m[38;2;3;1;6m  [48;2;2;0;3m[38;2;2;0;3m  [48;2;9;4;8m[38;2;3;0;2m▊[48;2;51;46;50m[38;2;222;217;221m▄[48;2;154;152;155m[38;2;246;244;246m▇▇[48;2;149;147;150m[38;2;230;228;230m▇[48;2;12;11;13m[38;2;200;198;200m▄[48;2;4;2;5m[38;2;4;2;5m  [48;2;3;1;4m[38;2;3;1;4m  [48;2;3;1;6m[38;2;3;1;6m        [48;2;3;1;4m[38;2;3;1;4m  [0m
[48;2;1;1;1m[38;2;1;1;1m                    [48;2;2;2;4m[38;2;2;2;4m  [48;2;3;1;4m[38;2;3;1;4m  [48;2;3;1;6m[38;2;3;1;6m          [38;2;13;11;16m▃▃[48;2;5;3;8m[38;2;46;44;49m▁▁[48;2;4;3;5m[38;2;45;43;46m▁▁[48;2;119;114;118m[38;2;11;6;10m▊[48;2;251;247;251m[38;2;218;213;217m▎[48;2;243;230;231m[38;2;0;0;0m [48;2;239;245;242m[38;2;207;77;117m▄[48;2;249;238;243m[38;2;204;88;105m▄[48;2;247;237;241m[38;2;182;66;83m▄[48;2;177;175;178m[38;2;24;23;25m▄[48;2;8;6;9m[38;2;0;0;0m [48;2;1;1;3m[38;2;1;1;3m    [48;2;3;1;4m[38;2;3;1;4m  [48;2;3;1;6m[38;2;3;1;6m    [48;2;1;1;3m[38;2;1;1;3m  [0m
[48;2;1;1;1m[38;2;1;1;1m                [48;2;2;0;3m[38;2;2;0;3m  [48;2;3;1;4m[38;2;3;1;4m  [48;2;2;0;3m[38;2;2;0;3m  [48;2;1;1;1m[38;2;1;1;1m  [48;2;1;1;3m[38;2;1;1;3m    [48;2;2;0;3m[38;2;2;0;3m  [48;2;3;1;6m[38;2;3;1;6m  [48;2;1;0;2m[38;2;8;6;9m▄[48;2;8;6;9m[38;2;37;35;38m▂[48;2;38;36;39m[38;2;224;222;225m▄[48;2;199;197;200m[38;2;242;240;243m▇[48;2;208;206;209m[38;2;249;247;249m▇▇[48;2;214;212;215m[38;2;244;242;245m▇[48;2;233;231;234m[38;2;0;0;0m [48;2;61;55;57m[38;2;240;236;238m▄[48;2;215;209;211m[38;2;236;230;232m▊[48;2;167;57;76m[38;2;215;67;99m▊[48;2;55;15;14m[38;2;197;77;100m▄[48;2;203;69;98m[38;2;0;0;0m [48;2;32;16;9m[38;2;201;92;113m▄[48;2;18;16;19m[38;2;199;197;199m▄[48;2;10;8;11m[38;2;46;44;47m▁[48;2;3;1;4m[38;2;3;1;4m  [48;2;2;2;4m[38;2;2;2;4m  [48;2;1;1;1m[38;2;1;1;1m  [48;2;2;0;3m[38;2;2;0;3m  [48;2;3;1;6m[38;2;3;1;6m  [48;2;1;1;1m[38;2;1;1;1m  [0m
[48;2;1;1;1m[38;2;1;1;1m            [48;2;1;1;3m[38;2;1;1;3m  [48;2;3;1;6m[38;2;3;1;6m      [48;2;1;1;3m[38;2;1;1;3m  [48;2;1;1;1m[38;2;1;1;1m      [48;2;1;1;3m[38;2;1;1;3m    [48;2;51;49;52m[38;2;5;3;6m▊[48;2;246;244;246m[38;2;174;172;175m▎[48;2;255;255;255m[38;2;239;239;241m━[48;2;244;244;245m[38;2;173;173;175m▁[48;2;244;244;246m[38;2;174;174;176m▁[48;2;255;255;255m[38;2;240;240;242m━[48;2;250;250;252m[38;2;250;250;252m  [48;2;253;249;250m[38;2;245;241;242m┃[48;2;227;223;224m[38;2;255;253;254m▌[48;2;212;73;98m[38;2;240;123;141m▁▁[48;2;230;127;148m[38;2;208;71;103m▊[48;2;215;117;137m[38;2;245;234;227m▄[48;2;245;245;247m[38;2;0;0;0m [48;2;227;227;229m [48;2;26;24;27m[38;2;189;187;189m▄[48;2;1;0;2m[38;2;5;3;6m▄[48;2;2;0;3m[38;2;2;0;3m  [48;2;3;1;6m[38;2;3;1;6m  [48;2;1;1;3m[38;2;1;1;3m  [48;2;1;1;1m[38;2;1;1;1m    [0m
[48;2;1;1;1m[38;2;1;1;1m            [48;2;3;1;6m[38;2;3;1;6m      [48;2;3;1;4m[38;2;3;1;4m  [48;2;1;1;3m[38;2;1;1;3m  [48;2;1;1;1m[38;2;1;1;1m    [48;2;3;1;6m[38;2;3;1;6m  [48;2;2;0;3m[38;2;2;0;3m    [48;2;45;43;46m[38;2;6;5;7m▊[48;2;224;223;225m[38;2;134;132;135m▁[48;2;188;179;184m[38;2;240;232;237m▊[48;2;16;8;12m[38;2;68;59;64m▎[48;2;15;13;18m[38;2;0;0;0m [48;2;230;229;232m[38;2;53;51;56m▅[48;2;247;247;249m[38;2;247;247;249m  [48;2;250;250;252m[38;2;250;250;252m  [48;2;254;252;254m[38;2;247;245;248m▌[48;2;246;244;247m[38;2;218;216;219m▝[48;2;211;114;144m[38;2;247;242;243m▄[48;2;232;241;236m[38;2;251;246;247m▊[48;2;250;250;252m[38;2;250;250;252m  [48;2;89;84;88m[38;2;240;236;240m▊[48;2;3;0;2m[38;2;12;7;11m│[48;2;1;1;3m[38;2;1;1;3m  [48;2;3;1;6m[38;2;3;1;6m    [48;2;1;1;3m[38;2;1;1;3m  [48;2;1;1;1m[38;2;1;1;1m  [0m
[48;2;1;1;1m[38;2;1;1;1m            [48;2;1;1;3m[38;2;1;1;3m  [48;2;3;1;6m[38;2;3;1;6m  [48;2;2;0;3m[38;2;2;0;3m  [48;2;1;1;1m[38;2;1;1;1m  [48;2;3;1;6m[38;2;3;1;6m    [48;2;1;1;1m[38;2;1;1;1m    [48;2;1;1;3m[38;2;1;1;3m    [48;2;7;2;6m[38;2;7;2;6m  [48;2;203;66;92m[38;2;107;38;41m▁▁[48;2;5;1;4m[38;2;32;27;31m▎[48;2;86;81;85m[38;2;3;0;2m▊[48;2;255;254;255m[38;2;237;235;238m▌[48;2;253;251;253m[38;2;245;243;246m┃[48;2;250;250;252m[38;2;250;250;252m        [48;2;107;102;106m[38;2;240;236;239m▊[48;2;12;8;11m[38;2;102;97;101m▁[48;2;1;1;3m[38;2;1;1;3m  [48;2;2;0;3m[38;2;2;0;3m  [48;2;3;1;6m[38;2;3;1;6m    [48;2;1;1;1m[38;2;1;1;1m  [0m
[48;2;1;1;1m[38;2;1;1;1m              [48;2;2;0;3m[38;2;2;0;3m  [48;2;1;1;3m[38;2;1;1;3m    [48;2;3;1;6m[38;2;3;1;6m  [48;2;3;1;4m[38;2;3;1;4m  [48;2;1;1;3m[38;2;1;1;3m  [48;2;1;1;1m[38;2;1;1;1m    [48;2;3;1;4m[38;2;3;1;4m  [48;2;3;1;6m[38;2;3;1;6m    [48;2;1;0;2m[38;2;13;11;14m│[48;2;78;76;79m[38;2;7;6;8m▊[48;2;231;229;232m[38;2;119;117;120m▁[48;2;255;254;255m[38;2;248;246;249m▄[48;2;250;250;252m[38;2;250;250;252m    [48;2;242;240;243m[38;2;0;0;0m [48;2;226;225;227m[38;2;86;84;87m▁[48;2;180;178;181m[38;2;48;46;49m┓[48;2;247;245;248m[38;2;238;237;239m▎[48;2;247;243;245m[38;2;139;133;135m▁[48;2;73;68;69m[38;2;216;212;214m▊[48;2;3;1;6m[38;2;3;1;6m        [48;2;2;0;3m[38;2;2;0;3m  [0m
[48;2;1;1;1m[38;2;1;1;1m                [48;2;3;1;4m[38;2;3;1;4m  [48;2;3;1;6m[38;2;3;1;6m  [48;2;2;0;3m[38;2;2;0;3m  [48;2;3;1;6m[38;2;3;1;6m  [48;2;2;0;3m[38;2;2;0;3m  [48;2;1;1;1m[38;2;1;1;1m    [48;2;3;1;6m[38;2;3;1;6m  [48;2;3;1;4m[38;2;3;1;4m  [48;2;2;0;3m[38;2;2;0;3m  [48;2;10;6;9m[38;2;0;0;0m [48;2;26;22;25m[38;2;162;157;161m▁[48;2;52;46;50m[38;2;207;202;205m▅[48;2;218;213;216m[38;2;82;76;80m▅[48;2;229;224;228m[38;2;66;62;65m▅[48;2;234;230;233m[38;2;28;24;27m▅[48;2;232;230;235m[38;2;25;23;28m▅▅[48;2;203;197;201m[38;2;58;52;56m▅[48;2;60;54;58m[38;2;208;203;207m▄[48;2;29;20;22m[38;2;0;0;0m [48;2;168;131;144m[38;2;35;36;34m┓[48;2;198;66;95m[38;2;0;0;0m [48;2;36;14;9m[38;2;154;53;71m▄[48;2;1;1;3m[38;2;1;1;3m  [48;2;3;1;6m[38;2;3;1;6m      [48;2;1;1;3m[38;2;1;1;3m  [0m
[48;2;1;1;1m[38;2;1;1;1m                    [48;2;0;0;0m[38;2;0;0;0m  [48;2;1;1;3m[38;2;1;1;3m  [48;2;1;1;1m[38;2;1;1;1m    [48;2;2;0;3m[38;2;2;0;3m  [48;2;1;1;3m[38;2;1;1;3m  [48;2;3;1;6m[38;2;3;1;6m  [48;2;10;8;9m[38;2;3;1;2m▚[48;2;6;4;5m[38;2;1;0;0m▌[48;2;46;44;47m[38;2;228;226;229m▅[48;2;242;240;243m[38;2;0;0;0m [48;2;250;250;252m[38;2;250;250;252m  [48;2;236;234;236m[38;2;0;0;0m [48;2;28;27;29m[38;2;208;206;209m▅[48;2;12;10;13m[38;2;0;0;0m [48;2;14;13;15m[38;2;130;128;131m▁[48;2;143;138;142m[38;2;17;13;16m▊[48;2;232;228;232m[38;2;0;0;0m [48;2;30;22;24m[38;2;204;197;200m▅[38;2;135;126;129m▁[48;2;203;60;87m[38;2;17;6;9m▅[48;2;157;66;75m[38;2;12;9;9m▅[48;2;1;1;1m[38;2;1;1;1m    [48;2;1;1;3m[38;2;1;1;3m    [48;2;1;1;1m[38;2;1;1;1m  [0m
[48;2;1;1;1m[38;2;1;1;1m                        [48;2;1;1;3m[38;2;1;1;3m  [48;2;3;1;6m[38;2;3;1;6m  [48;2;2;0;3m[38;2;2;0;3m    [48;2;3;1;6m[38;2;3;1;6m  [48;2;1;0;0m[38;2;13;11;12m│[48;2;78;76;77m[38;2;7;6;6m▊[48;2;249;249;251m[38;2;231;231;233m▌[38;2;255;255;255m▌[48;2;250;250;252m[38;2;250;250;252m  [48;2;251;250;254m[38;2;242;241;246m│[48;2;153;152;157m[38;2;244;243;247m▊[48;2;118;113;117m[38;2;24;19;23m▊[48;2;159;154;158m[38;2;236;232;236m▊[48;2;130;125;129m[38;2;47;42;46m▊[48;2;236;233;236m[38;2;107;102;106m▁[48;2;253;252;253m[38;2;239;237;240m│[48;2;124;122;125m[38;2;242;240;243m▊[48;2;15;13;18m[38;2;134;132;137m▁[48;2;1;0;4m[38;2;4;2;7m▄[48;2;1;1;1m[38;2;1;1;1m        [48;2;1;1;3m[38;2;1;1;3m  [0m
[48;2;1;1;1m[38;2;1;1;1m                    [48;2;2;0;3m[38;2;2;0;3m  [48;2;1;1;1m[38;2;1;1;1m  [48;2;3;1;6m[38;2;3;1;6m    [48;2;1;1;3m[38;2;1;1;3m  [48;2;2;0;3m[38;2;2;0;3m  [48;2;1;1;3m[38;2;1;1;3m  [48;2;1;0;2m[38;2;2;0;3m▝[48;2;23;21;24m[38;2;5;3;6m▅[48;2;208;206;209m[38;2;39;37;40m▅[48;2;245;244;246m[38;2;223;221;224m▎[48;2;250;250;252m[38;2;250;250;252m  [48;2;249;249;250m[38;2;0;0;0m [48;2;248;248;249m[38;2;210;210;212m▝[48;2;66;61;65m[38;2;214;209;213m▅[48;2;217;212;216m[38;2;53;48;52m▅[48;2;131;126;130m[38;2;245;240;244m▊[48;2;121;116;120m[38;2;16;12;15m▊[48;2;250;250;252m[38;2;250;250;252m  [48;2;89;84;88m[38;2;240;236;240m▊[48;2;3;0;2m[38;2;12;7;11m│[48;2;1;1;1m[38;2;1;1;1m          [0m
[48;2;1;1;1m[38;2;1;1;1m                  [48;2;1;1;3m[38;2;1;1;3m  [48;2;2;0;3m[38;2;2;0;3m  [48;2;1;1;3m[38;2;1;1;3m  [48;2;3;1;6m[38;2;3;1;6m    [48;2;2;0;3m[38;2;2;0;3m  [48;2;1;1;3m[38;2;1;1;3m  [48;2;1;1;1m[38;2;1;1;1m  [48;2;2;0;3m[38;2;2;0;3m  [48;2;1;0;2m[38;2;7;5;8m▄[48;2;210;208;211m[38;2;39;37;40m▅[48;2;243;243;245m[38;2;239;239;241m▌[48;2;254;254;255m[38;2;250;250;252m▌[48;2;250;250;252m  [48;2;239;237;240m[38;2;0;0;0m [48;2;71;69;72m[38;2;236;234;237m▅[48;2;234;232;235m[38;2;0;0;0m [48;2;74;73;75m[38;2;243;242;244m▅[48;2;250;250;252m[38;2;250;250;252m  [48;2;232;230;233m[38;2;0;0;0m [48;2;79;77;80m[38;2;224;222;225m┓[48;2;2;0;3m[38;2;2;0;3m  [48;2;1;1;1m[38;2;1;1;1m        [0m
[48;2;1;1;1m[38;2;1;1;1m                  [48;2;2;0;3m[38;2;2;0;3m    [48;2;3;1;6m[38;2;3;1;6m      [48;2;1;1;3m[38;2;1;1;3m  [48;2;1;1;1m[38;2;1;1;1m  [48;2;1;1;3m[38;2;1;1;3m    [48;2;12;10;13m[38;2;0;0;0m [48;2;44;43;45m[38;2;217;215;218m▁[48;2;250;248;251m[38;2;232;230;233m▌[38;2;255;254;255m▌[48;2;250;250;252m[38;2;250;250;252m  [48;2;178;173;177m[38;2;244;240;244m▊[48;2;216;212;216m[38;2;50;46;49m▅[48;2;249;249;251m[38;2;249;249;251m  [48;2;250;250;252m[38;2;250;250;252m  [48;2;247;245;248m[38;2;247;245;248m▄[48;2;80;78;81m[38;2;244;242;245m▊[48;2;2;0;3m[38;2;2;0;3m  [48;2;1;1;1m[38;2;1;1;1m        [0m
[48;2;4;2;10m[38;2;23;2;126m▂▂▂▂▂▂▂▂▂▂▂▂▂▂▂▂▂▂[48;2;5;3;12m[38;2;24;2;129m▂▂[48;2;4;2;10m[38;2;23;2;126m▂▂[48;2;5;3;12m[38;2;24;2;129m▂▂▂▂▂▂[48;2;5;3;11m[38;2;24;3;127m▂▂[48;2;4;2;10m[38;2;23;2;126m▂▂[48;2;4;2;11m[38;2;23;1;128m▂▂[48;2;8;6;13m[38;2;28;7;131m▂[48;2;16;13;20m[38;2;34;14;137m▂[48;2;62;61;63m[38;2;242;240;242m▅[48;2;241;240;242m[38;2;0;0;0m [48;2;250;250;252m[38;2;250;250;252m  [48;2;241;241;243m[38;2;251;251;252m▅[48;2;251;251;252m[38;2;241;241;243m▃[48;2;218;214;218m[38;2;87;63;186m▂[48;2;28;22;38m[38;2;19;1;158m▁[48;2;163;157;181m[38;2;23;17;48m┓[48;2;243;241;244m[38;2;0;0;0m [48;2;250;250;252m[38;2;250;250;252m  [48;2;237;237;238m[38;2;250;250;251m▊[48;2;230;230;231m[38;2;0;0;0m [48;2;46;45;50m[38;2;189;184;202m▅[48;2;7;4;22m[38;2;40;17;165m▁[48;2;4;2;10m[38;2;23;2;126m▂▂▂▂▂▂▂▂[0m
[48;2;38;3;183m[38;2;38;3;183m                                [48;2;39;4;184m[38;2;39;4;184m  [48;2;46;20;179m[38;2;208;204;223m▂[48;2;57;29;189m[38;2;229;224;240m▆[48;2;249;249;251m[38;2;249;249;251m  [48;2;250;250;252m[38;2;250;250;252m  [48;2;244;242;249m[38;2;0;0;0m [48;2;222;221;225m[38;2;67;48;175m▂[48;2;38;3;183m[38;2;38;3;183m  [48;2;44;14;184m[38;2;0;0;0m [48;2;237;230;251m[38;2;80;59;180m▆[48;2;250;250;252m[38;2;250;250;252m    [48;2;68;45;161m[38;2;242;238;236m▊[48;2;29;0;193m[38;2;44;10;193m▊[48;2;38;3;183m[38;2;38;3;183m        [0m
[48;2;38;3;183m[38;2;38;3;183m                                [48;2;43;10;187m[38;2;0;0;0m [48;2;49;19;179m[38;2;205;194;228m▂[48;2;249;249;251m[38;2;231;231;233m▌[38;2;255;255;255m▌[48;2;250;250;252m[38;2;250;250;252m  [48;2;243;241;248m[38;2;0;0;0m [48;2;227;226;230m[38;2;63;45;172m▂[48;2;208;198;232m[38;2;46;19;176m▆[48;2;43;10;184m[38;2;43;9;189m▄[48;2;38;3;183m[38;2;38;3;183m  [48;2;31;2;172m[38;2;46;12;187m┛[48;2;37;6;178m[38;2;81;47;220m▝[48;2;230;228;231m[38;2;81;62;187m▆[48;2;251;250;246m[38;2;236;232;244m▎[48;2;250;250;252m[38;2;250;250;252m  [48;2;236;232;242m[38;2;0;0;0m [48;2;45;26;166m[38;2;177;166;218m▆[48;2;38;3;183m[38;2;38;3;183m        [0m
[48;2;38;3;185m[38;2;38;3;185m                              [48;2;42;10;185m[38;2;0;0;0m [48;2;46;16;176m[38;2;206;194;230m▂[48;2;72;53;180m[38;2;237;236;239m▆[48;2;241;239;247m[38;2;0;0;0m [48;2;250;250;252m[38;2;250;250;252m  [48;2;239;238;240m[38;2;0;0;0m [48;2;229;226;240m[38;2;49;32;169m▂[48;2;208;197;233m[38;2;45;15;176m▆[48;2;41;9;186m[38;2;0;0;0m [48;2;38;3;185m[38;2;38;3;185m      [48;2;42;14;178m[38;2;0;0;0m [48;2;220;210;239m[38;2;87;63;190m▆[48;2;251;251;253m[38;2;251;251;253m  [48;2;251;249;249m[38;2;238;235;245m▖[48;2;107;91;185m[38;2;233;233;231m▊[48;2;57;26;191m[38;2;192;181;220m▁[48;2;39;5;181m[38;2;42;9;181m▄[48;2;38;3;185m[38;2;38;3;185m      [0m
[48;2;38;3;185m[38;2;38;3;185m                            [48;2;38;4;191m[38;2;57;14;177m▗[48;2;41;7;170m[38;2;155;57;124m▂[48;2;70;51;176m[38;2;225;223;225m▆[48;2;246;244;249m[38;2;0;0;0m [48;2;250;250;252m[38;2;250;250;252m  [48;2;244;242;248m[38;2;0;0;0m [48;2;233;233;235m[38;2;58;44;164m▂[48;2;197;185;223m[38;2;49;20;181m▆[48;2;40;9;181m[38;2;42;6;202m▝[48;2;38;3;185m[38;2;38;3;185m        [48;2;31;2;174m[38;2;46;11;189m┛[48;2;37;5;180m[38;2;81;46;222m▝[48;2;214;210;218m[38;2;82;59;192m▆[48;2;246;244;241m[38;2;0;0;0m [48;2;249;248;249m[38;2;237;236;242m╺[48;2;231;230;234m[38;2;0;0;0m [48;2;103;84;191m[38;2;215;207;235m┛[48;2;39;6;192m[38;2;35;5;173m▄[48;2;38;3;185m[38;2;38;3;185m      [0m
[48;2;38;3;185m[38;2;38;3;185m                            [48;2;35;11;178m[38;2;45;4;175m▄[48;2;177;63;115m[38;2;46;20;45m▃[48;2;236;215;204m[38;2;212;73;102m▆▆[48;2;237;227;229m[38;2;185;69;106m▂[48;2;226;221;221m[38;2;63;32;40m▂[48;2;195;187;211m[38;2;36;20;114m▆[48;2;37;9;166m[38;2;12;3;36m▂[48;2;39;5;187m[38;2;12;1;43m▃▃▃▃▃▃▃▃▃▃[48;2;38;4;186m[38;2;11;1;42m▃▃[48;2;44;23;170m[38;2;5;6;17m▂[48;2;217;198;228m[38;2;66;31;119m▆[48;2;231;216;206m[38;2;210;77;106m▆[48;2;182;172;203m[38;2;179;56;122m▆[48;2;38;3;185m[38;2;38;3;185m        [0m
[48;2;38;3;185m[38;2;38;3;185m                          [48;2;39;4;184m[38;2;39;4;184m  [48;2;27;11;100m[38;2;27;11;100m▄[48;2;6;2;21m[38;2;0;0;0m [48;2;165;50;85m[38;2;7;6;3m▆▆[48;2;184;62;89m[38;2;27;9;7m▂[48;2;79;32;35m[38;2;214;59;98m━[48;2;65;28;36m[38;2;183;63;99m━[48;2;14;4;4m[38;2;0;0;0m [48;2;3;1;4m[38;2;3;1;4m  [48;2;1;1;3m[38;2;1;1;3m  [48;2;3;1;6m[38;2;3;1;6m  [48;2;1;1;3m[38;2;1;1;3m      [48;2;24;15;14m[38;2;0;0;0m [48;2;86;26;41m[38;2;204;62;104m━[48;2;207;70;98m[38;2;41;14;25m▃[48;2;162;58;80m[38;2;35;4;60m▂[48;2;35;11;123m[38;2;35;11;123m▄[48;2;35;0;188m[38;2;35;2;167m━[48;2;38;3;185m[38;2;38;3;185m      [0m
[48;2;38;3;185m[38;2;38;3;185m                            [48;2;37;2;182m[38;2;37;5;163m▝[48;2;37;22;78m[38;2;37;2;183m▆[48;2;19;8;43m[38;2;38;5;179m▆▆[48;2;19;7;45m[38;2;38;5;181m▆▆[48;2;19;8;43m[38;2;38;5;179m▆▆▆▆▆▆▆▆▆▆▆▆[48;2;19;7;46m[38;2;38;4;182m▆▆[48;2;19;7;45m[38;2;38;5;181m▆▆[48;2;20;7;52m[38;2;39;5;186m▆[48;2;20;2;78m[38;2;39;6;178m▆[48;2;38;3;185m[38;2;38;3;185m        [0m
[48;2;40;2;185m[38;2;40;2;185m                                                            [0m
[48;2;40;2;185m[38;2;40;2;185m                                                            [0m
