[48;2;1;1;1m[38;2;1;1;1m                                                            [0m
[48;2;1;1;1m[38;2;1;1;1m                                                            [0m
[48;2;1;1;1m[38;2;1;1;1m                                                            [0m
[48;2;1;1;1m[38;2;1;1;1m                                                      [48;2;1;1;3m[38;2;1;1;3m  [48;2;1;1;1m[38;2;1;1;1m    [0m
[48;2;1;1;1m[38;2;1;1;1m                          [48;2;3;1;6m[38;2;3;1;6m  [48;2;1;1;3m[38;2;1;1;3m  [48;2;1;1;1m[38;2;1;1;1m        [48;2;3;1;4m[38;2;3;1;4m  [48;2;3;1;6m[38;2;3;1;6m  [48;2;3;1;4m[38;2;3;1;4m  [48;2;1;1;3m[38;2;1;1;3m  [48;2;1;1;1m[38;2;1;1;1m      [48;2;3;1;4m[38;2;3;1;4m  [48;2;3;1;6m[38;2;3;1;6m  [48;2;2;0;3m[38;2;2;0;3m  [48;2;1;1;1m[38;2;1;1;1m  [0m
[48;2;1;1;1m[38;2;1;1;1m                        [48;2;1;1;3m[38;2;1;1;3m  [48;2;3;1;6m[38;2;3;1;6m    [48;2;2;0;3m[38;2;2;0;3m  [48;2;1;1;3m[38;2;1;1;3m  [48;2;2;0;3m[38;2;2;0;3m  [48;2;1;1;3m[38;2;1;1;3m    [48;2;2;0;3m[38;2;2;0;3m  [48;2;3;1;6m[38;2;3;1;6m    [48;2;1;1;1m[38;2;1;1;1m    [48;2;3;1;6m[38;2;3;1;6m      [48;2;1;1;3m[38;2;1;1;3m  [48;2;1;1;1m[38;2;1;1;1m  [0m
[48;2;1;1;1m[38;2;1;1;1m                    [48;2;3;1;6m[38;2;3;1;6m    [48;2;3;1;4m[38;2;3;1;4m  [48;2;3;1;6m[38;2;3;1;6m    [48;2;2;0;3m[38;2;2;0;3m  [48;2;3;1;6m[38;2;3;1;6m        [48;2;1;1;3m[38;2;1;1;3m  [48;2;4;2;5m[38;2;4;2;5m  [48;2;2;2;4m[38;2;2;2;4m  [48;2;1;1;3m[38;2;1;1;3m  [48;2;3;1;4m[38;2;3;1;4m  [48;2;3;1;6m[38;2;3;1;6m      [48;2;1;1;3m[38;2;1;1;3m  [48;2;1;1;1m[38;2;1;1;1m  [0m
[48;2;1;1;1m[38;2;1;1;1m                    [48;2;1;1;3m[38;2;1;1;3m  [48;2;3;1;6m[38;2;3;1;6m          [48;2;1;1;3m[38;2;1;1;3m  [48;2;3;1;4m[38;2;3;1;4m  [48;2;3;1;6m[38;2;3;1;6m  [48;2;2;0;3m[38;2;2;0;3m  [48;2;9;4;8m[38;2;3;0;2m▊[48;2;51;46;50m[38;2;222;217;221m▄[48;2;154;152;155m[38;2;246;244;246m▇▇[48;2;149;147;150m[38;2;230;228;230m▇[48;2;12;11;13m[38;2;200;198;200m▄[48;2;4;2;5m[38;2;4;2;5m  [48;2;3;1;4m[38;2;3;1;4m  [48;2;3;1;6m[38;2;3;1;6m        [48;2;3;1;4m[38;2;3;1;4m  [0m
[48;2;1;1;1m[38;2;1;1;1m                    [48;2;2;2;4m[38;2;2;2;4m  [48;2;3;1;4m[38;2;3;1;4m  [48;2;3;1;6m[38;2;3;1;6m            [38;2;13;11;16m▃▃[48;2;4;3;5m[38;2;45;43;46m▁▁[48;2;119;114;118m[38;2;11;6;10m▊[48;2;251;247;251m[38;2;218;213;217m▎[48;2;243;230;231m[38;2;0;0;0m [48;2;239;245;242m[38;2;207;77;117m▄[48;2;249;238;243m[38;2;204;88;105m▄[48;2;247;237;241m[38;2;182;66;83m▄[48;2;177;175;178m[38;2;24;23;25m▄[48;2;8;6;9m[38;2;0;0;0m [48;2;1;1;3m[38;2;1;1;3m    [48;2;3;1;4m[38;2;3;1;4m  [48;2;3;1;6m[38;2;3;1;6m    [48;2;1;1;3m[38;2;1;1;3m  [0m
[48;2;1;1;1m[38;2;1;1;1m                [48;2;2;0;3m[38;2;2;0;3m  [48;2;3;1;4m[38;2;3;1;4m  [48;2;2;0;3m[38;2;2;0;3m  [48;2;1;1;1m[38;2;1;1;1m  [48;2;1;1;3m[38;2;1;1;3m    [48;2;2;0;3m[38;2;2;0;3m  [48;2;3;1;6m[38;2;3;1;6m    [48;2;16;12;15m[38;2;85;80;84m▁[48;2;24;20;23m[38;2;226;222;226m▄[48;2;43;41;44m[38;2;239;238;240m▄[48;2;235;233;235m[38;2;0;0;0m [48;2;214;212;215m[38;2;244;242;245m▇[48;2;233;231;234m[38;2;0;0;0m [48;2;61;55;57m[38;2;240;236;238m▄[48;2;215;209;211m[38;2;236;230;232m▊[48;2;167;57;76m[38;2;215;67;99m▊[48;2;55;15;14m[38;2;197;77;100m▄[48;2;220;72;109m[38;2;141;54;70m▝[48;2;24;14;7m[38;2;169;56;81m▄[48;2;3;1;4m[38;2;19;17;20m▃[48;2;8;6;9m[38;2;3;2;4m▚[48;2;3;1;4m[38;2;3;1;4m  [48;2;2;2;4m[38;2;2;2;4m  [48;2;1;1;1m[38;2;1;1;1m  [48;2;2;0;3m[38;2;2;0;3m  [48;2;3;1;6m[38;2;3;1;6m  [48;2;1;1;1m[38;2;1;1;1m  [0m
[48;2;1;1;1m[38;2;1;1;1m            [48;2;1;1;3m[38;2;1;1;3m  [48;2;3;1;6m[38;2;3;1;6m      [48;2;1;1;3m[38;2;1;1;3m  [48;2;1;1;1m[38;2;1;1;1m      [48;2;1;1;3m[38;2;1;1;3m    [48;2;13;12;14m[38;2;0;0;0m [48;2;38;36;39m[38;2;222;220;222m▄[48;2;228;228;230m[38;2;249;249;251m▄[48;2;250;250;252m[38;2;0;0;0m [38;2;250;250;252m    [48;2;253;249;250m[38;2;245;241;242m┃[48;2;227;223;224m[38;2;255;253;254m▌[48;2;212;73;98m[38;2;240;123;141m▁▁[48;2;232;126;148m[38;2;209;70;103m▊[48;2;216;117;137m[38;2;246;234;227m▄[48;2;227;225;227m[38;2;0;0;0m [48;2;27;25;28m[38;2;237;235;237m▄[48;2;26;24;27m[38;2;189;187;189m▄[48;2;1;0;2m[38;2;5;3;6m▄[48;2;2;0;3m[38;2;2;0;3m  [48;2;3;1;6m[38;2;3;1;6m  [48;2;1;1;3m[38;2;1;1;3m  [48;2;1;1;1m[38;2;1;1;1m    [0m
[48;2;1;1;1m[38;2;1;1;1m            [48;2;3;1;6m[38;2;3;1;6m      [48;2;3;1;4m[38;2;3;1;4m  [48;2;1;1;3m[38;2;1;1;3m  [48;2;1;1;1m[38;2;1;1;1m    [48;2;3;1;6m[38;2;3;1;6m  [48;2;2;0;3m[38;2;2;0;3m    [48;2;45;43;46m[38;2;7;5;8m▊[48;2;231;229;231m[38;2;165;163;166m▎[48;2;253;249;253m[38;2;246;241;245m▌[48;2;245;241;244m[38;2;217;212;216m▗[48;2;218;213;217m[38;2;35;29;33m▄▄[48;2;247;247;249m[38;2;247;247;249m  [48;2;250;250;252m[38;2;250;250;252m  [48;2;254;252;254m[38;2;247;245;248m▌[48;2;246;244;247m[38;2;218;216;219m▝[48;2;211;114;144m[38;2;247;242;243m▄[48;2;232;241;236m[38;2;251;246;247m▊[48;2;250;250;252m[38;2;250;250;252m  [48;2;104;99;103m[38;2;238;234;238m▊[48;2;11;7;10m[38;2;80;75;79m▁[48;2;1;1;3m[38;2;1;1;3m  [48;2;3;1;6m[38;2;3;1;6m    [48;2;1;1;3m[38;2;1;1;3m  [48;2;1;1;1m[38;2;1;1;1m  [0m
[48;2;1;1;1m[38;2;1;1;1m            [48;2;1;1;3m[38;2;1;1;3m  [48;2;3;1;6m[38;2;3;1;6m  [48;2;2;0;3m[38;2;2;0;3m  [48;2;1;1;1m[38;2;1;1;1m  [48;2;3;1;6m[38;2;3;1;6m    [48;2;1;1;1m[38;2;1;1;1m    [48;2;1;1;3m[38;2;1;1;3m    [48;2;1;0;2m[38;2;7;5;8m▂[48;2;8;6;9m[38;2;21;19;22m▝[48;2;230;218;224m[38;2;44;32;37m▅[48;2;217;69;95m[38;2;183;77;99m▎[48;2;153;51;72m[38;2;213;69;94m▊[48;2;94;91;100m[38;2;20;12;14m▊[48;2;255;254;255m[38;2;237;235;238m▌[48;2;253;251;253m[38;2;245;243;246m┃[48;2;250;250;252m[38;2;250;250;252m        [48;2;246;246;248m[38;2;246;246;248m▄[48;2;79;79;81m[38;2;243;243;245m▊[48;2;2;0;3m[38;2;2;0;3m    [48;2;3;1;6m[38;2;3;1;6m    [48;2;1;1;1m[38;2;1;1;1m  [0m
[48;2;1;1;1m[38;2;1;1;1m              [48;2;2;0;3m[38;2;2;0;3m  [48;2;1;1;3m[38;2;1;1;3m    [48;2;3;1;6m[38;2;3;1;6m  [48;2;3;1;4m[38;2;3;1;4m  [48;2;1;1;3m[38;2;1;1;3m  [48;2;1;1;1m[38;2;1;1;1m    [48;2;3;1;4m[38;2;3;1;4m  [48;2;3;1;6m[38;2;3;1;6m  [48;2;13;8;8m[38;2;0;0;0m [48;2;151;52;83m[38;2;14;5;6m▄[48;2;176;64;97m[38;2;33;11;14m▅[48;2;73;79;73m[38;2;20;9;9m▊[48;2;231;229;232m[38;2;119;117;120m▁[48;2;255;254;255m[38;2;248;246;249m▄[48;2;250;250;252m[38;2;250;250;252m    [48;2;242;240;243m[38;2;0;0;0m [48;2;226;225;227m[38;2;86;84;87m▁[48;2;185;184;186m[38;2;40;39;41m┓[48;2;247;246;248m[38;2;0;0;0m [48;2;255;254;255m[38;2;242;240;243m▄[48;2;75;73;76m[38;2;208;206;209m▊[48;2;3;1;6m[38;2;3;1;6m        [48;2;2;0;3m[38;2;2;0;3m  [0m
[48;2;1;1;1m[38;2;1;1;1m                [48;2;3;1;4m[38;2;3;1;4m  [48;2;3;1;6m[38;2;3;1;6m  [48;2;2;0;3m[38;2;2;0;3m  [48;2;3;1;6m[38;2;3;1;6m  [48;2;2;0;3m[38;2;2;0;3m  [48;2;1;1;1m[38;2;1;1;1m    [48;2;3;1;6m[38;2;3;1;6m  [48;2;3;1;4m[38;2;3;1;4m  [48;2;2;0;3m[38;2;2;0;3m  [48;2;13;11;14m[38;2;1;0;2m▊[48;2;21;19;22m[38;2;0;0;0m [48;2;51;45;49m[38;2;209;203;207m▅[48;2;214;209;212m[38;2;81;76;79m▅[48;2;229;224;228m[38;2;66;62;65m▅[48;2;234;230;233m[38;2;28;24;27m▅[48;2;232;230;235m[38;2;25;23;28m▅▅[48;2;205;200;204m[38;2;62;57;60m▅[48;2;27;21;25m[38;2;198;192;196m▅[48;2;135;93;101m[38;2;43;40;36m▊[48;2;239;230;231m[38;2;178;71;102m▅[48;2;184;176;181m[38;2;40;32;36m▅[48;2;6;0;2m[38;2;26;17;22m┏[48;2;3;1;4m[38;2;3;1;4m  [48;2;3;1;6m[38;2;3;1;6m      [48;2;1;1;3m[38;2;1;1;3m  [0m
[48;2;1;1;1m[38;2;1;1;1m                    [48;2;0;0;0m[38;2;0;0;0m  [48;2;1;1;3m[38;2;1;1;3m  [48;2;1;1;1m[38;2;1;1;1m    [48;2;2;0;3m[38;2;2;0;3m  [48;2;1;1;3m[38;2;1;1;3m  [48;2;3;1;6m[38;2;3;1;6m  [48;2;1;1;3m[38;2;1;1;3m  [48;2;50;45;49m[38;2;14;10;13m▊[48;2;46;41;45m[38;2;218;214;217m▅[48;2;248;248;250m[38;2;248;248;250m  [48;2;238;234;237m[38;2;0;0;0m [48;2;30;26;29m[38;2;171;166;170m▅[48;2;37;33;36m[38;2;172;167;171m▁[48;2;26;21;25m[38;2;204;199;203m▅[48;2;137;135;138m[38;2;17;16;18m▊[48;2;234;232;235m[38;2;252;250;252m┃[48;2;222;157;173m[38;2;242;236;242m▊[48;2;217;77;103m[38;2;206;128;133m▂[48;2;46;26;22m[38;2;182;64;82m▊[48;2;0;6;5m[38;2;15;0;6m┃[48;2;1;1;1m[38;2;1;1;1m    [48;2;1;1;3m[38;2;1;1;3m    [48;2;1;1;1m[38;2;1;1;1m  [0m
[48;2;1;1;1m[38;2;1;1;1m                        [48;2;1;1;3m[38;2;1;1;3m  [48;2;3;1;6m[38;2;3;1;6m  [48;2;2;0;3m[38;2;2;0;3m    [48;2;3;1;6m[38;2;3;1;6m  [48;2;1;1;3m[38;2;1;1;3m  [48;2;79;77;80m[38;2;8;6;9m▊[48;2;248;247;249m[38;2;202;200;203m▎[48;2;250;250;252m[38;2;250;250;252m  [48;2;145;139;141m[38;2;247;242;244m▊[48;2;90;84;86m[38;2;28;23;24m▊[48;2;182;177;181m[38;2;238;233;237m▊[48;2;199;194;198m[38;2;51;46;50m▅[48;2;76;74;77m[38;2;232;231;233m▅[48;2;236;234;236m[38;2;250;248;250m╋[48;2;249;249;250m[38;2;249;249;250m▄[48;2;83;83;85m[38;2;246;246;248m▊[48;2;2;0;5m[38;2;2;0;5m  [48;2;1;1;1m[38;2;1;1;1m        [48;2;1;1;3m[38;2;1;1;3m  [0m
[48;2;1;1;1m[38;2;1;1;1m                    [48;2;2;0;3m[38;2;2;0;3m  [48;2;1;1;1m[38;2;1;1;1m  [48;2;3;1;6m[38;2;3;1;6m    [48;2;1;1;3m[38;2;1;1;3m  [48;2;2;0;3m[38;2;2;0;3m  [48;2;1;1;3m[38;2;1;1;3m    [48;2;79;77;80m[38;2;8;6;9m▊[48;2;248;247;249m[38;2;202;200;203m▎[48;2;250;250;252m[38;2;250;250;252m  [48;2;170;164;168m[38;2;246;241;245m▊[48;2;57;51;55m[38;2;188;182;186m▁[48;2;162;156;158m[38;2;240;235;237m▊[48;2;52;47;48m[38;2;176;170;172m▁[48;2;233;231;234m[38;2;100;98;101m▁[48;2;255;253;255m[38;2;255;254;255m╏[48;2;253;253;253m[38;2;238;238;240m│[48;2;123;123;125m[38;2;241;241;243m▊[48;2;13;11;16m[38;2;153;151;156m▁[48;2;7;5;10m[38;2;0;0;0m [48;2;1;1;1m[38;2;1;1;1m          [0m
[48;2;1;1;1m[38;2;1;1;1m                  [48;2;1;1;3m[38;2;1;1;3m  [48;2;2;0;3m[38;2;2;0;3m  [48;2;1;1;3m[38;2;1;1;3m  [48;2;3;1;6m[38;2;3;1;6m    [48;2;2;0;3m[38;2;2;0;3m  [48;2;1;1;3m[38;2;1;1;3m  [48;2;1;1;1m[38;2;1;1;1m  [48;2;2;0;3m[38;2;2;0;3m  [48;2;1;0;2m[38;2;7;5;8m▄[48;2;210;208;211m[38;2;39;37;40m▅[48;2;243;243;245m[38;2;239;239;241m▌[48;2;254;254;255m[38;2;250;250;252m▌[48;2;250;250;252m  [48;2;249;249;251m[38;2;233;233;235m╵[48;2;238;238;239m[38;2;0;0;0m [48;2;75;73;76m[38;2;237;235;238m▅[48;2;247;245;247m[38;2;0;0;0m [48;2;250;250;252m[38;2;250;250;252m  [48;2;108;103;107m[38;2;239;236;239m▊[48;2;20;16;19m[38;2;172;167;171m▁[48;2;1;1;3m[38;2;1;1;3m  [48;2;1;1;1m[38;2;1;1;1m        [0m
[48;2;1;1;1m[38;2;1;1;1m                  [48;2;2;0;3m[38;2;2;0;3m    [48;2;3;1;6m[38;2;3;1;6m      [48;2;1;1;3m[38;2;1;1;3m  [48;2;1;1;1m[38;2;1;1;1m  [48;2;1;1;3m[38;2;1;1;3m    [48;2;12;10;13m[38;2;0;0;0m [48;2;44;43;45m[38;2;217;215;218m▁[48;2;250;248;251m[38;2;232;230;233m▌[38;2;255;254;255m▌[48;2;250;250;252m[38;2;250;250;252m  [48;2;178;173;177m[38;2;244;240;244m▊[48;2;216;212;216m[38;2;50;46;49m▅[48;2;249;249;251m[38;2;249;249;251m  [48;2;250;250;252m[38;2;250;250;252m  [48;2;246;246;248m[38;2;246;246;248m▄[48;2;79;79;81m[38;2;243;243;245m▊[48;2;2;0;3m[38;2;2;0;3m  [48;2;1;1;1m[38;2;1;1;1m        [0m
[48;2;4;2;10m[38;2;23;2;126m▂▂▂▂▂▂▂▂▂▂▂▂▂▂▂▂▂▂[48;2;5;3;12m[38;2;24;2;129m▂▂[48;2;4;2;10m[38;2;23;2;126m▂▂[48;2;5;3;12m[38;2;24;2;129m▂▂▂▂▂▂[48;2;5;3;11m[38;2;24;3;127m▂▂[48;2;4;2;10m[38;2;23;2;126m▂▂[48;2;4;2;11m[38;2;23;1;128m▂▂[48;2;4;2;9m[38;2;33;11;136m▂▂[48;2;29;28;30m[38;2;185;183;186m▂[48;2;246;244;247m[38;2;209;207;210m▎[48;2;250;250;252m[38;2;250;250;252m    [48;2;142;135;152m[38;2;244;240;242m▊[48;2;24;20;25m[38;2;43;19;138m▂[48;2;163;157;181m[38;2;23;17;48m┓[48;2;243;241;244m[38;2;0;0;0m [48;2;250;250;252m[38;2;250;250;252m  [48;2;237;237;238m[38;2;250;250;251m▊[48;2;230;230;231m[38;2;0;0;0m [48;2;44;41;48m[38;2;205;202;208m▅[48;2;25;22;29m[38;2;196;193;199m▁[48;2;4;2;10m[38;2;23;2;126m▂▂▂▂▂▂▂▂[0m
[48;2;38;3;183m[38;2;38;3;183m                                [48;2;39;4;184m[38;2;39;4;184m  [48;2;46;20;179m[38;2;208;204;223m▂[48;2;57;29;189m[38;2;229;224;240m▆[48;2;249;249;251m[38;2;249;249;251m  [48;2;250;250;252m[38;2;250;250;252m  [48;2;252;251;255m[38;2;255;254;255m┃[48;2;194;193;198m[38;2;244;243;247m▊[48;2;208;197;232m[38;2;51;21;181m▆[48;2;40;9;184m[38;2;0;0;0m [48;2;41;14;175m [48;2;240;233;251m[38;2;70;46;191m▆[48;2;229;226;239m[38;2;88;71;176m▁[48;2;246;245;250m[38;2;0;0;0m [48;2;250;250;252m[38;2;250;250;252m  [48;2;251;250;248m[38;2;240;238;250m┏[48;2;231;230;234m[38;2;0;0;0m [48;2;95;73;189m[38;2;219;211;236m┓[48;2;39;8;186m[38;2;33;7;176m▄[48;2;38;3;183m[38;2;38;3;183m      [0m
[48;2;38;3;183m[38;2;38;3;183m                              [48;2;39;4;184m[38;2;39;4;184m  [48;2;48;22;181m[38;2;202;197;216m▂[48;2;57;32;189m[38;2;228;224;240m▆[48;2;248;248;250m[38;2;248;248;250m  [48;2;250;250;252m[38;2;250;250;252m  [48;2;243;241;248m[38;2;0;0;0m [48;2;227;226;230m[38;2;63;45;172m▂[48;2;244;239;251m[38;2;49;19;184m▆[48;2;224;218;232m[38;2;42;13;178m▆[48;2;38;3;183m[38;2;38;3;183m    [48;2;45;17;184m[38;2;0;0;0m [48;2;236;227;250m[38;2;83;62;179m▆[48;2;250;250;252m[38;2;250;250;252m    [48;2;230;227;242m[38;2;0;0;0m [48;2;96;80;189m[38;2;217;213;232m┓[48;2;38;3;185m[38;2;38;3;185m  [48;2;38;3;183m[38;2;38;3;183m    [0m
[48;2;38;3;185m[38;2;38;3;185m                            [48;2;38;3;183m[38;2;38;3;183m  [48;2;46;21;178m[38;2;214;210;227m▂[48;2;63;36;193m[38;2;230;226;240m▆[48;2;248;248;250m[38;2;248;248;250m  [48;2;249;249;251m[38;2;249;249;251m  [48;2;232;227;243m[38;2;55;28;187m▂[48;2;222;218;236m[38;2;44;20;177m▆[48;2;196;182;232m[38;2;43;11;186m▆[48;2;42;10;179m[38;2;0;0;0m [48;2;38;3;185m[38;2;38;3;185m      [48;2;31;2;172m[38;2;46;12;187m┛[48;2;37;6;178m[38;2;81;47;220m▝[48;2;214;211;219m[38;2;83;60;193m▆[48;2;247;244;242m[38;2;0;0;0m [48;2;250;250;252m[38;2;250;250;252m  [48;2;249;246;255m[38;2;251;252;244m┃[48;2;51;28;171m[38;2;228;226;234m▊[48;2;38;3;185m[38;2;38;3;185m      [0m
[48;2;38;3;185m[38;2;38;3;185m                            [48;2;39;11;188m[38;2;41;11;176m▄[48;2;150;97;169m[38;2;221;228;231m━[48;2;249;249;251m[38;2;231;231;233m▌[38;2;255;255;255m▌[38;2;249;249;251m  [48;2;227;223;238m[38;2;68;43;199m▂[48;2;207;202;220m[38;2;48;23;179m▆[48;2;39;4;184m[38;2;39;4;184m  [48;2;38;3;185m[38;2;38;3;185m          [48;2;46;18;182m[38;2;0;0;0m [48;2;219;208;240m[38;2;84;64;187m▆[48;2;250;250;252m[38;2;250;250;252m  [48;2;231;226;240m[38;2;0;0;0m [48;2;97;79;187m[38;2;218;213;231m┛[48;2;38;3;185m[38;2;38;3;185m      [0m
[48;2;38;3;185m[38;2;38;3;185m                            [48;2;46;21;167m[38;2;41;5;188m▊[48;2;206;77;96m[38;2;100;57;136m▎[48;2;237;214;204m[38;2;215;74;104m▆▆[48;2;228;222;221m[38;2;203;71;115m▂[48;2;205;194;208m[38;2;52;25;118m▆[48;2;40;7;186m[38;2;12;2;42m▃▃[48;2;39;5;187m[38;2;12;1;43m▃▃▃▃▃▃▃▃▃▃[48;2;38;4;186m[38;2;11;1;42m▃▃[48;2;36;7;186m[38;2;14;6;49m▃[48;2;70;28;153m[38;2;49;24;41m▂[48;2;245;221;213m[38;2;214;75;104m▆▆[48;2;174;155;184m[38;2;161;59;116m▆[48;2;42;8;183m[38;2;28;3;187m▘[48;2;38;3;185m[38;2;38;3;185m      [0m
[48;2;38;3;185m[38;2;38;3;185m                          [48;2;39;4;184m[38;2;39;4;184m  [48;2;28;14;75m[38;2;27;4;161m▂[48;2;139;52;76m[38;2;16;4;24m▆[48;2;169;57;84m[38;2;22;7;7m▆[48;2;174;64;91m[38;2;26;11;9m▂[48;2;190;66;94m[38;2;31;10;9m▂[48;2;145;44;65m[38;2;19;14;5m▂[48;2;65;28;36m[38;2;183;63;99m━[48;2;14;4;4m[38;2;0;0;0m [48;2;3;1;4m[38;2;3;1;4m  [48;2;1;1;3m[38;2;1;1;3m  [48;2;3;1;6m[38;2;3;1;6m  [48;2;1;1;3m[38;2;1;1;3m      [48;2;24;15;14m[38;2;0;0;0m [48;2;86;26;41m[38;2;204;62;104m━[48;2;209;66;91m[38;2;56;17;29m▃[48;2;183;64;82m[38;2;40;21;27m▃[48;2;132;43;87m[38;2;20;9;32m▆[48;2;34;10;152m[38;2;19;9;74m┛[48;2;38;3;185m[38;2;38;3;185m      [0m
[48;2;38;3;185m[38;2;38;3;185m                            [48;2;37;2;182m[38;2;37;5;163m▝[48;2;37;22;78m[38;2;37;2;183m▆[48;2;19;8;43m[38;2;38;5;179m▆▆▆▆▆▆▆▆▆▆▆▆▆▆▆▆[48;2;19;7;46m[38;2;38;4;182m▆▆[48;2;19;7;45m[38;2;38;5;181m▆▆▆▆[48;2;37;16;109m[38;2;37;3;178m▆[48;2;37;1;184m[38;2;37;3;172m▘[48;2;38;3;185m[38;2;38;3;185m      [0m
[48;2;40;2;185m[38;2;40;2;185m                                                            [0m
[48;2;40;2;185m[38;2;40;2;185m                                                            [0m
