[48;2;1;1;1m[38;2;1;1;1m                                                            [0m
[48;2;1;1;1m[38;2;1;1;1m                                                            [0m
[48;2;1;1;1m[38;2;1;1;1m                                                            [0m
[48;2;1;1;1m[38;2;1;1;1m                                                      [48;2;1;1;3m[38;2;1;1;3m  [48;2;1;1;1m[38;2;1;1;1m    [0m
[48;2;1;1;1m[38;2;1;1;1m                          [48;2;3;1;6m[38;2;3;1;6m  [48;2;1;1;3m[38;2;1;1;3m  [48;2;1;1;1m[38;2;1;1;1m        [48;2;3;1;4m[38;2;3;1;4m  [48;2;3;1;6m[38;2;3;1;6m  [48;2;3;1;4m[38;2;3;1;4m  [48;2;1;1;3m[38;2;1;1;3m  [48;2;1;1;1m[38;2;1;1;1m      [48;2;3;1;4m[38;2;3;1;4m  [48;2;3;1;6m[38;2;3;1;6m  [48;2;2;0;3m[38;2;2;0;3m  [48;2;1;1;1m[38;2;1;1;1m  [0m
[48;2;1;1;1m[38;2;1;1;1m                        [48;2;1;1;3m[38;2;1;1;3m  [48;2;3;1;6m[38;2;3;1;6m    [48;2;2;0;3m[38;2;2;0;3m  [48;2;1;1;3m[38;2;1;1;3m  [48;2;2;0;3m[38;2;2;0;3m  [48;2;1;1;3m[38;2;1;1;3m    [48;2;2;0;3m[38;2;2;0;3m  [48;2;3;1;6m[38;2;3;1;6m    [48;2;1;1;1m[38;2;1;1;1m    [48;2;3;1;6m[38;2;3;1;6m      [48;2;1;1;3m[38;2;1;1;3m  [48;2;1;1;1m[38;2;1;1;1m  [0m
[48;2;1;1;1m[38;2;1;1;1m                    [48;2;3;1;6m[38;2;3;1;6m    [48;2;3;1;4m[38;2;3;1;4m  [48;2;3;1;6m[38;2;3;1;6m    [48;2;2;0;3m[38;2;2;0;3m  [48;2;3;1;6m[38;2;3;1;6m        [48;2;1;1;3m[38;2;1;1;3m  [48;2;4;2;5m[38;2;4;2;5m  [48;2;2;2;4m[38;2;2;2;4m  [48;2;1;1;3m[38;2;1;1;3m  [48;2;3;1;4m[38;2;3;1;4m  [48;2;3;1;6m[38;2;3;1;6m      [48;2;1;1;3m[38;2;1;1;3m  [48;2;1;1;1m[38;2;1;1;1m  [0m
[48;2;1;1;1m[38;2;1;1;1m                    [48;2;1;1;3m[38;2;1;1;3m  [48;2;3;1;6m[38;2;3;1;6m          [48;2;1;1;3m[38;2;1;1;3m  [48;2;3;1;4m[38;2;3;1;4m  [48;2;3;1;6m[38;2;3;1;6m  [48;2;2;0;3m[38;2;2;0;3m  [48;2;9;4;8m[38;2;3;0;2m▊[48;2;51;46;50m[38;2;222;217;221m▄[48;2;154;152;155m[38;2;246;244;246m▇▇[48;2;149;147;150m[38;2;230;228;230m▇[48;2;12;11;13m[38;2;200;198;200m▄[48;2;4;2;5m[38;2;4;2;5m  [48;2;3;1;4m[38;2;3;1;4m  [48;2;3;1;6m[38;2;3;1;6m        [48;2;3;1;4m[38;2;3;1;4m  [0m
[48;2;1;1;1m[38;2;1;1;1m                    [48;2;2;2;4m[38;2;2;2;4m  [48;2;3;1;4m[38;2;3;1;4m  [48;2;3;1;6m[38;2;3;1;6m              [48;2;4;3;5m[38;2;45;43;46m▁▁[48;2;121;116;120m[38;2;12;8;11m▊[48;2;253;249;252m[38;2;220;215;219m▎[48;2;243;230;231m[38;2;0;0;0m [48;2;239;245;242m[38;2;207;77;117m▄[48;2;249;238;243m[38;2;204;88;105m▄[48;2;247;237;241m[38;2;182;66;83m▄[48;2;177;175;178m[38;2;24;23;25m▄[48;2;8;6;9m[38;2;0;0;0m [48;2;1;1;3m[38;2;1;1;3m    [48;2;3;1;4m[38;2;3;1;4m  [48;2;3;1;6m[38;2;3;1;6m    [48;2;1;1;3m[38;2;1;1;3m  [0m
[48;2;1;1;1m[38;2;1;1;1m                [48;2;2;0;3m[38;2;2;0;3m  [48;2;3;1;4m[38;2;3;1;4m  [48;2;2;0;3m[38;2;2;0;3m  [48;2;1;1;1m[38;2;1;1;1m  [48;2;1;1;3m[38;2;1;1;3m    [48;2;2;0;3m[38;2;2;0;3m  [48;2;3;1;6m[38;2;3;1;6m    [48;2;6;4;7m[38;2;1;0;2m▅[48;2;13;11;14m[38;2;54;52;55m▗[48;2;24;22;25m[38;2;231;230;232m▄[48;2;40;38;41m[38;2;231;229;232m▄[48;2;198;196;199m[38;2;248;246;249m▇▇[48;2;240;236;237m[38;2;249;246;247m▄[48;2;214;210;211m[38;2;247;244;245m▊[48;2;165;55;74m[38;2;208;60;92m▊[48;2;60;19;17m[38;2;203;83;105m▄[48;2;220;72;109m[38;2;141;54;70m▝[48;2;24;14;7m[38;2;169;56;81m▄[48;2;3;1;4m[38;2;19;17;20m▃[48;2;8;6;9m[38;2;3;2;4m▚[48;2;3;1;4m[38;2;3;1;4m  [48;2;2;2;4m[38;2;2;2;4m  [48;2;1;1;1m[38;2;1;1;1m  [48;2;2;0;3m[38;2;2;0;3m  [48;2;3;1;6m[38;2;3;1;6m  [48;2;1;1;1m[38;2;1;1;1m  [0m
[48;2;1;1;1m[38;2;1;1;1m            [48;2;1;1;3m[38;2;1;1;3m  [48;2;3;1;6m[38;2;3;1;6m      [48;2;1;1;3m[38;2;1;1;3m  [48;2;1;1;1m[38;2;1;1;1m      [48;2;1;1;3m[38;2;1;1;3m    [48;2;1;0;2m[38;2;21;19;22m╴[48;2;15;13;16m[38;2;94;92;95m▁[48;2;42;41;43m[38;2;227;225;227m▄[48;2;241;240;242m[38;2;0;0;0m [48;2;250;250;252m[38;2;250;250;252m    [48;2;253;249;250m[38;2;245;241;242m┃[48;2;227;223;224m[38;2;255;253;254m▌[48;2;212;73;98m[38;2;240;123;141m▁▁[48;2;232;126;148m[38;2;209;70;103m▊[48;2;216;117;137m[38;2;246;234;227m▄[48;2;227;225;227m[38;2;0;0;0m [48;2;27;25;28m[38;2;237;235;237m▄[48;2;26;24;27m[38;2;189;187;189m▄[48;2;1;0;2m[38;2;5;3;6m▄[48;2;2;0;3m[38;2;2;0;3m  [48;2;3;1;6m[38;2;3;1;6m  [48;2;1;1;3m[38;2;1;1;3m  [48;2;1;1;1m[38;2;1;1;1m    [0m
[48;2;1;1;1m[38;2;1;1;1m            [48;2;3;1;6m[38;2;3;1;6m      [48;2;3;1;4m[38;2;3;1;4m  [48;2;1;1;3m[38;2;1;1;3m  [48;2;1;1;1m[38;2;1;1;1m    [48;2;3;1;6m[38;2;3;1;6m  [48;2;2;0;3m[38;2;2;0;3m    [48;2;45;43;46m[38;2;6;4;7m▊[48;2;229;227;230m[38;2;165;163;166m▎[48;2;247;242;241m[38;2;0;0;0m [48;2;230;229;225m[38;2;214;100;134m▄[48;2;240;228;233m[38;2;215;78;102m▄▄[48;2;248;248;250m[38;2;248;248;250m  [48;2;250;250;252m[38;2;250;250;252m  [48;2;254;252;254m[38;2;247;245;248m▌[48;2;246;244;247m[38;2;218;216;219m▝[48;2;211;114;144m[38;2;247;242;243m▄[48;2;232;241;236m[38;2;251;246;247m▊[48;2;250;250;252m[38;2;250;250;252m  [48;2;225;220;224m[38;2;0;0;0m [48;2;35;31;34m[38;2;195;191;194m▄[48;2;1;1;3m[38;2;1;1;3m  [48;2;3;1;6m[38;2;3;1;6m    [48;2;1;1;3m[38;2;1;1;3m  [48;2;1;1;1m[38;2;1;1;1m  [0m
[48;2;1;1;1m[38;2;1;1;1m            [48;2;1;1;3m[38;2;1;1;3m  [48;2;3;1;6m[38;2;3;1;6m  [48;2;2;0;3m[38;2;2;0;3m  [48;2;1;1;1m[38;2;1;1;1m  [48;2;3;1;6m[38;2;3;1;6m    [48;2;1;1;1m[38;2;1;1;1m    [48;2;1;1;3m[38;2;1;1;3m    [48;2;1;0;2m[38;2;7;5;8m▂[48;2;8;6;9m[38;2;21;19;22m▝[48;2;235;230;234m[38;2;30;25;29m▅▅[48;2;201;71;93m[38;2;23;11;14m▅[48;2;209;80;102m[38;2;51;37;42m▅[48;2;250;248;251m[38;2;232;230;233m▌[38;2;255;254;255m▌[48;2;250;250;252m[38;2;250;250;252m        [48;2;250;248;250m[38;2;237;235;238m╷[48;2;81;79;82m[38;2;245;243;246m▊[48;2;1;0;2m[38;2;8;6;9m▅[48;2;5;3;6m[38;2;0;0;0m [48;2;2;0;3m[38;2;2;0;3m  [48;2;3;1;6m[38;2;3;1;6m    [48;2;1;1;1m[38;2;1;1;1m  [0m
[48;2;1;1;1m[38;2;1;1;1m              [48;2;2;0;3m[38;2;2;0;3m  [48;2;1;1;3m[38;2;1;1;3m    [48;2;3;1;6m[38;2;3;1;6m  [48;2;3;1;4m[38;2;3;1;4m  [48;2;1;1;3m[38;2;1;1;3m  [48;2;1;1;1m[38;2;1;1;1m    [48;2;3;1;4m[38;2;3;1;4m  [48;2;3;1;6m[38;2;3;1;6m    [48;2;1;0;2m[38;2;14;12;15m▌[48;2;79;77;80m[38;2;8;6;9m▊[48;2;231;229;232m[38;2;119;117;120m▁[48;2;255;254;255m[38;2;248;246;249m▄[48;2;250;250;252m[38;2;250;250;252m    [48;2;243;241;244m[38;2;0;0;0m [48;2;243;242;244m[38;2;124;122;125m▁[48;2;221;216;220m[38;2;92;87;91m▁[48;2;184;180;183m[38;2;43;38;42m┓[48;2;250;250;252m[38;2;250;250;252m  [48;2;82;80;83m[38;2;232;231;233m▊[48;2;1;0;2m[38;2;14;12;15m│[48;2;3;1;6m[38;2;3;1;6m      [48;2;2;0;3m[38;2;2;0;3m  [0m
[48;2;1;1;1m[38;2;1;1;1m                [48;2;3;1;4m[38;2;3;1;4m  [48;2;3;1;6m[38;2;3;1;6m  [48;2;2;0;3m[38;2;2;0;3m  [48;2;3;1;6m[38;2;3;1;6m  [48;2;2;0;3m[38;2;2;0;3m  [48;2;1;1;1m[38;2;1;1;1m    [48;2;3;1;6m[38;2;3;1;6m  [48;2;3;1;4m[38;2;3;1;4m  [48;2;2;0;3m[38;2;2;0;3m  [48;2;13;11;14m[38;2;1;0;2m▊[48;2;21;19;22m[38;2;0;0;0m [48;2;51;45;49m[38;2;209;203;207m▅[48;2;214;209;212m[38;2;81;76;79m▅[48;2;229;224;228m[38;2;66;62;65m▅[48;2;234;230;233m[38;2;28;24;27m▅[48;2;232;230;235m[38;2;25;23;28m▅▅[48;2;205;200;204m[38;2;62;57;60m▅[48;2;27;21;25m[38;2;198;192;196m▅[48;2;17;13;18m[38;2;118;113;119m▁[48;2;158;153;159m[38;2;17;12;18m▊[48;2;249;249;251m[38;2;244;244;246m▚[48;2;251;251;252m[38;2;233;233;235m▃[48;2;70;65;69m[38;2;209;204;208m▊[48;2;8;4;7m[38;2;23;18;22m╺[48;2;3;1;6m[38;2;3;1;6m      [48;2;1;1;3m[38;2;1;1;3m  [0m
[48;2;1;1;1m[38;2;1;1;1m                    [48;2;0;0;0m[38;2;0;0;0m  [48;2;1;1;3m[38;2;1;1;3m  [48;2;1;1;1m[38;2;1;1;1m    [48;2;2;0;3m[38;2;2;0;3m  [48;2;1;1;3m[38;2;1;1;3m  [48;2;3;1;6m[38;2;3;1;6m  [48;2;1;1;3m[38;2;1;1;3m  [48;2;3;0;4m[38;2;21;16;22m╹[48;2;46;41;47m[38;2;167;162;168m▁[48;2;255;254;255m[38;2;238;236;239m▌[48;2;253;252;254m[38;2;246;244;247m┃[48;2;238;234;237m[38;2;0;0;0m [48;2;30;26;29m[38;2;171;166;170m▅[48;2;37;33;36m[38;2;172;167;171m▁[48;2;26;21;25m[38;2;204;199;203m▅[48;2;137;135;138m[38;2;17;16;18m▊[48;2;234;232;235m[38;2;252;250;252m┃[48;2;125;119;121m[38;2;234;238;237m▊[48;2;61;39;46m[38;2;160;137;145m▁[48;2;237;237;239m[38;2;209;77;101m▅[48;2;146;75;84m[38;2;249;194;215m▘[48;2;1;1;1m[38;2;1;1;1m    [48;2;1;1;3m[38;2;1;1;3m    [48;2;1;1;1m[38;2;1;1;1m  [0m
[48;2;1;1;1m[38;2;1;1;1m                        [48;2;1;1;3m[38;2;1;1;3m  [48;2;3;1;6m[38;2;3;1;6m  [48;2;2;0;3m[38;2;2;0;3m    [48;2;3;1;6m[38;2;3;1;6m  [48;2;1;1;3m[38;2;1;1;3m  [48;2;79;77;82m[38;2;8;6;11m▊[48;2;248;247;250m[38;2;202;200;205m▎[48;2;250;250;252m[38;2;250;250;252m  [48;2;145;139;141m[38;2;247;242;244m▊[48;2;90;84;86m[38;2;28;23;24m▊[48;2;182;177;181m[38;2;238;233;237m▊[48;2;199;194;198m[38;2;51;46;50m▅[48;2;76;74;77m[38;2;232;231;233m▅[48;2;236;234;236m[38;2;250;248;250m╋[48;2;247;252;251m[38;2;246;234;238m▎[48;2;215;167;183m[38;2;251;241;245m▊[48;2;187;63;95m[38;2;182;166;161m▁[48;2;144;48;70m[38;2;17;10;4m▅[48;2;1;1;1m[38;2;1;1;1m        [48;2;1;1;3m[38;2;1;1;3m  [0m
[48;2;1;1;1m[38;2;1;1;1m                    [48;2;2;0;3m[38;2;2;0;3m  [48;2;1;1;1m[38;2;1;1;1m  [48;2;3;1;6m[38;2;3;1;6m    [48;2;1;1;3m[38;2;1;1;3m  [48;2;2;0;3m[38;2;2;0;3m  [48;2;1;1;3m[38;2;1;1;3m    [48;2;79;77;80m[38;2;8;6;9m▊[48;2;248;247;249m[38;2;202;200;203m▎[48;2;251;251;253m[38;2;243;243;245m┃[48;2;235;235;237m[38;2;255;255;255m▌[48;2;197;192;194m[38;2;102;96;98m▅[48;2;67;61;63m[38;2;232;227;229m▅[48;2;141;137;138m[38;2;242;238;239m▊[48;2;112;108;109m[38;2;20;16;17m▊[48;2;248;248;250m[38;2;248;248;250m  [48;2;250;250;252m[38;2;250;250;252m  [48;2;87;85;88m[38;2;239;237;240m▊[48;2;1;0;2m[38;2;10;8;11m│[48;2;1;1;1m[38;2;1;1;1m          [0m
[48;2;1;1;1m[38;2;1;1;1m                  [48;2;1;1;3m[38;2;1;1;3m  [48;2;2;0;3m[38;2;2;0;3m  [48;2;1;1;3m[38;2;1;1;3m  [48;2;3;1;6m[38;2;3;1;6m    [48;2;2;0;3m[38;2;2;0;3m  [48;2;1;1;3m[38;2;1;1;3m  [48;2;1;1;1m[38;2;1;1;1m  [48;2;14;12;15m[38;2;4;3;5m▊[48;2;16;14;17m[38;2;0;0;0m [48;2;58;56;59m[38;2;236;234;237m▅[48;2;242;240;243m[38;2;0;0;0m [48;2;250;250;252m[38;2;250;250;252m    [48;2;233;229;232m[38;2;0;0;0m [48;2;74;69;73m[38;2;189;184;188m▅[48;2;249;249;251m[38;2;249;249;251m  [48;2;250;250;252m[38;2;250;250;252m  [48;2;231;229;232m[38;2;0;0;0m [48;2;78;76;79m[38;2;223;222;224m┓[48;2;2;0;3m[38;2;2;0;3m  [48;2;1;1;1m[38;2;1;1;1m        [0m
[48;2;1;1;1m[38;2;1;1;1m                  [48;2;2;0;3m[38;2;2;0;3m    [48;2;3;1;6m[38;2;3;1;6m      [48;2;1;1;3m[38;2;1;1;3m  [48;2;1;1;1m[38;2;1;1;1m  [48;2;1;1;3m[38;2;1;1;3m  [48;2;1;0;0m[38;2;13;11;12m│[48;2;78;76;77m[38;2;7;6;6m▊[48;2;255;255;255m[38;2;236;236;238m▌[48;2;252;252;253m[38;2;244;244;246m┃[48;2;250;250;252m[38;2;250;250;252m    [48;2;134;130;131m[38;2;244;241;242m▊[48;2;91;87;88m[38;2;20;16;17m▊[48;2;230;228;230m[38;2;67;65;68m▁[48;2;246;244;246m[38;2;0;0;0m [48;2;250;250;252m[38;2;250;250;252m  [48;2;236;236;238m[38;2;248;248;249m▆[48;2;117;117;119m[38;2;237;237;238m▊[48;2;20;18;21m[38;2;169;167;170m▁[48;2;1;0;2m[38;2;8;6;9m▄[48;2;1;1;1m[38;2;1;1;1m        [0m
[48;2;4;2;10m[38;2;23;2;126m▂▂▂▂▂▂▂▂▂▂▂▂▂▂▂▂▂▂[48;2;5;3;12m[38;2;24;2;129m▂▂[48;2;4;2;10m[38;2;23;2;126m▂▂[48;2;5;3;12m[38;2;24;2;129m▂▂▂▂▂▂[48;2;5;3;11m[38;2;24;3;127m▂▂[48;2;4;2;10m[38;2;23;2;126m▂▂[48;2;4;2;11m[38;2;23;1;128m▂▂[48;2;21;17;22m[38;2;38;19;125m▂[48;2;68;65;55m[38;2;235;228;241m▅[48;2;248;248;250m[38;2;248;248;250m  [48;2;250;250;252m[38;2;250;250;252m  [48;2;240;238;241m[38;2;0;0;0m [48;2;216;214;225m[38;2;52;31;158m▁[48;2;176;170;181m[38;2;21;8;64m▅[48;2;13;9;18m[38;2;36;12;138m▂[48;2;119;112;144m[38;2;19;13;46m▊[48;2;228;224;236m[38;2;78;52;203m▁[48;2;250;250;252m[38;2;250;250;252m    [48;2;105;102;109m[38;2;235;232;237m▊[48;2;23;20;27m[38;2;193;190;197m▁[48;2;4;2;10m[38;2;23;2;126m▂▂▂▂▂▂▂▂[0m
[48;2;38;3;183m[38;2;38;3;183m                                [48;2;38;6;185m[38;2;45;10;194m╵[48;2;47;19;181m[38;2;194;182;221m▂[48;2;56;42;176m[38;2;232;229;244m▆[48;2;243;242;243m[38;2;0;0;0m [48;2;250;250;252m[38;2;250;250;252m  [48;2;241;241;243m[38;2;251;251;252m▅[48;2;251;251;252m[38;2;241;241;243m▃[48;2;221;214;232m[38;2;80;56;180m▂[48;2;30;2;184m[38;2;70;44;186m▎[48;2;38;3;183m[38;2;38;3;183m  [48;2;37;6;178m[38;2;28;0;157m╷[48;2;133;110;215m[38;2;40;9;184m▊[48;2;229;226;238m[38;2;88;71;174m▁[48;2;246;245;248m[38;2;0;0;0m [48;2;250;250;252m[38;2;250;250;252m  [48;2;248;246;251m[38;2;255;255;248m│[48;2;51;27;173m[38;2;228;225;236m▊[48;2;38;3;183m[38;2;38;3;183m        [0m
[48;2;38;3;183m[38;2;38;3;183m                              [48;2;39;4;184m[38;2;39;4;184m  [48;2;49;25;175m[38;2;206;200;224m▂[48;2;246;244;246m[38;2;210;202;242m▎[48;2;250;250;252m[38;2;250;250;252m  [48;2;241;241;243m[38;2;251;251;252m▅[48;2;251;251;252m[38;2;241;241;243m▃[48;2;232;228;240m[38;2;65;38;193m▂[48;2;216;212;227m[38;2;48;23;178m▆[48;2;39;4;184m[38;2;39;4;184m  [48;2;38;3;183m[38;2;38;3;183m    [48;2;139;126;193m[38;2;42;15;188m▊[48;2;239;236;240m[38;2;104;87;180m▂[48;2;250;250;252m[38;2;250;250;252m  [48;2;248;246;250m[38;2;0;0;0m [48;2;229;228;233m [48;2;104;85;192m[38;2;216;207;235m┓[48;2;37;5;176m[38;2;41;7;196m▃[48;2;38;3;183m[38;2;38;3;183m      [0m
[48;2;38;3;185m[38;2;38;3;185m                              [48;2;42;8;188m[38;2;42;10;183m▄[48;2;45;18;175m[38;2;208;197;231m▂[48;2;255;254;255m[38;2;236;235;240m▌[48;2;252;251;254m[38;2;244;243;248m┃[48;2;249;249;251m[38;2;249;249;251m  [48;2;230;226;241m[38;2;54;27;186m▂[48;2;205;200;220m[38;2;47;21;180m▆[48;2;39;4;184m[38;2;39;4;184m  [48;2;38;3;185m[38;2;38;3;185m      [48;2;41;10;181m[38;2;34;3;174m▄[48;2;135;112;220m[38;2;42;11;186m▊[48;2;222;219;234m[38;2;72;58;176m▁[48;2;247;246;249m[38;2;0;0;0m [48;2;250;250;252m[38;2;250;250;252m  [48;2;56;26;184m[38;2;229;223;242m▊[48;2;36;5;182m[38;2;36;7;161m│[48;2;38;3;185m[38;2;38;3;185m      [0m
[48;2;38;3;185m[38;2;38;3;185m                              [48;2;68;53;164m[38;2;224;222;230m▆[48;2;245;243;249m[38;2;0;0;0m [48;2;249;249;251m[38;2;249;249;251m  [48;2;227;223;238m[38;2;68;43;199m▂[48;2;207;202;220m[38;2;48;23;179m▆[48;2;39;4;184m[38;2;39;4;184m  [48;2;38;3;185m[38;2;38;3;185m          [48;2;147;134;202m[38;2;36;13;185m▊[48;2;236;233;241m[38;2;105;88;183m▂[48;2;250;250;252m[38;2;250;250;252m  [48;2;56;26;184m[38;2;229;223;242m▊[48;2;36;5;182m[38;2;36;7;161m│[48;2;38;3;185m[38;2;38;3;185m      [0m
[48;2;38;3;185m[38;2;38;3;185m                            [48;2;38;5;189m[38;2;57;15;175m▗[48;2;41;7;168m[38;2;155;57;123m▂[48;2;216;196;205m[38;2;203;69;95m▆[48;2;241;220;228m[38;2;210;76;102m▆[48;2;228;222;221m[38;2;203;71;115m▂[48;2;205;194;208m[38;2;52;25;118m▆[48;2;40;7;186m[38;2;12;2;42m▃▃[48;2;39;5;187m[38;2;12;1;43m▃▃▃▃▃▃▃▃▃▃[48;2;38;4;186m[38;2;11;1;42m▃▃[48;2;32;6;170m[38;2;5;2;19m▂[48;2;75;34;159m[38;2;59;33;51m▂[48;2;234;217;218m[38;2;210;79;101m▆[48;2;219;214;216m[38;2;180;54;118m▆[48;2;159;144;201m[38;2;43;10;190m▆[48;2;40;5;185m[38;2;35;5;162m▘[48;2;38;3;185m[38;2;38;3;185m      [0m
[48;2;38;3;185m[38;2;38;3;185m                          [48;2;39;4;184m[38;2;39;4;184m  [48;2;28;14;75m[38;2;27;4;161m▂[48;2;139;52;76m[38;2;16;4;24m▆[48;2;203;63;94m[38;2;41;16;12m▃[48;2;214;74;106m[38;2;50;27;19m▃[48;2;190;66;94m[38;2;31;10;9m▂[48;2;145;44;65m[38;2;19;14;5m▂[48;2;65;28;36m[38;2;183;63;99m━[48;2;14;4;4m[38;2;0;0;0m [48;2;3;1;4m[38;2;3;1;4m  [48;2;1;1;3m[38;2;1;1;3m  [48;2;3;1;6m[38;2;3;1;6m  [48;2;1;1;3m[38;2;1;1;3m      [48;2;24;15;14m[38;2;0;0;0m [48;2;86;26;41m[38;2;204;62;104m━[48;2;206;69;97m[38;2;40;13;24m▃[48;2;161;57;79m[38;2;34;4;59m▂[48;2;35;11;123m[38;2;35;11;123m▄[48;2;35;0;188m[38;2;35;2;167m━[48;2;38;3;185m[38;2;38;3;185m      [0m
[48;2;38;3;185m[38;2;38;3;185m                            [48;2;37;2;182m[38;2;37;5;163m▝[48;2;37;22;78m[38;2;37;2;183m▆[48;2;19;8;43m[38;2;38;5;179m▆▆▆▆▆▆▆▆▆▆▆▆▆▆▆▆[48;2;19;7;46m[38;2;38;4;182m▆▆[48;2;19;7;45m[38;2;38;5;181m▆▆[48;2;20;5;65m[38;2;39;5;182m▆▆[48;2;38;3;185m[38;2;38;3;185m        [0m
[48;2;40;2;185m[38;2;40;2;185m                                                            [0m
[48;2;40;2;185m[38;2;40;2;185m                                                            [0m
