[48;2;1;1;1m[38;2;1;1;1m                                                            [0m
[48;2;1;1;1m[38;2;1;1;1m                                                            [0m
[48;2;1;1;1m[38;2;1;1;1m                                                            [0m
[48;2;1;1;1m[38;2;1;1;1m                                                      [48;2;1;1;3m[38;2;1;1;3m  [48;2;1;1;1m[38;2;1;1;1m    [0m
[48;2;1;1;1m[38;2;1;1;1m                          [48;2;3;1;6m[38;2;3;1;6m  [48;2;1;1;3m[38;2;1;1;3m  [48;2;1;1;1m[38;2;1;1;1m        [48;2;3;1;4m[38;2;3;1;4m  [48;2;3;1;6m[38;2;3;1;6m  [48;2;3;1;4m[38;2;3;1;4m  [48;2;1;1;3m[38;2;1;1;3m  [48;2;1;1;1m[38;2;1;1;1m      [48;2;3;1;4m[38;2;3;1;4m  [48;2;3;1;6m[38;2;3;1;6m  [48;2;2;0;3m[38;2;2;0;3m  [48;2;1;1;1m[38;2;1;1;1m  [0m
[48;2;1;1;1m[38;2;1;1;1m                        [48;2;1;1;3m[38;2;1;1;3m  [48;2;3;1;6m[38;2;3;1;6m    [48;2;2;0;3m[38;2;2;0;3m  [48;2;1;1;3m[38;2;1;1;3m  [48;2;2;0;3m[38;2;2;0;3m  [48;2;1;1;3m[38;2;1;1;3m    [48;2;2;0;3m[38;2;2;0;3m  [48;2;3;1;6m[38;2;3;1;6m    [48;2;1;1;1m[38;2;1;1;1m    [48;2;3;1;6m[38;2;3;1;6m      [48;2;1;1;3m[38;2;1;1;3m  [48;2;1;1;1m[38;2;1;1;1m  [0m
[48;2;1;1;1m[38;2;1;1;1m                    [48;2;3;1;6m[38;2;3;1;6m    [48;2;3;1;4m[38;2;3;1;4m  [48;2;3;1;6m[38;2;3;1;6m    [48;2;2;0;3m[38;2;2;0;3m  [48;2;3;1;6m[38;2;3;1;6m        [48;2;13;11;14m[38;2;5;3;6m▆[48;2;1;0;2m[38;2;86;84;87m▗[48;2;12;11;13m[38;2;222;220;223m▄▄[48;2;17;16;18m▄[48;2;9;7;10m[38;2;198;197;199m▄[48;2;3;1;4m[38;2;3;1;4m    [48;2;3;1;6m[38;2;3;1;6m      [48;2;1;1;3m[38;2;1;1;3m  [48;2;1;1;1m[38;2;1;1;1m  [0m
[48;2;1;1;1m[38;2;1;1;1m                    [48;2;1;1;3m[38;2;1;1;3m  [48;2;3;1;6m[38;2;3;1;6m          [48;2;1;1;3m[38;2;1;1;3m  [48;2;3;1;4m[38;2;3;1;4m  [48;2;3;1;6m[38;2;3;1;6m  [48;2;2;0;3m[38;2;2;0;3m  [48;2;92;87;91m[38;2;13;9;12m▊[48;2;179;174;178m[38;2;239;234;238m▇[48;2;245;231;232m[38;2;0;0;0m [48;2;245;240;240m[38;2;202;83;119m▄[48;2;247;236;241m[38;2;216;79;104m▄[48;2;243;236;240m[38;2;164;73;83m▄[48;2;177;175;178m[38;2;24;23;25m▄[48;2;8;6;9m[38;2;0;0;0m [48;2;3;1;4m[38;2;3;1;4m  [48;2;3;1;6m[38;2;3;1;6m        [48;2;3;1;4m[38;2;3;1;4m  [0m
[48;2;1;1;1m[38;2;1;1;1m                    [48;2;2;2;4m[38;2;2;2;4m  [48;2;3;1;4m[38;2;3;1;4m  [48;2;3;1;6m[38;2;3;1;6m            [48;2;4;2;7m[38;2;4;2;7m  [48;2;1;0;2m[38;2;8;6;9m▃▃[48;2;111;105;107m[38;2;15;10;11m▊[48;2;206;200;202m[38;2;249;245;247m┃[48;2;165;57;78m[38;2;213;68;101m▊[48;2;56;23;20m[38;2;192;68;94m▄[48;2;196;65;96m[38;2;0;0;0m [48;2;28;15;8m[38;2;158;52;74m▄[48;2;3;1;6m[38;2;3;1;6m  [48;2;1;1;3m[38;2;1;1;3m    [48;2;3;1;4m[38;2;3;1;4m  [48;2;3;1;6m[38;2;3;1;6m    [48;2;1;1;3m[38;2;1;1;3m  [0m
[48;2;1;1;1m[38;2;1;1;1m                [48;2;2;0;3m[38;2;2;0;3m  [48;2;3;1;4m[38;2;3;1;4m  [48;2;2;0;3m[38;2;2;0;3m  [48;2;1;1;1m[38;2;1;1;1m  [48;2;1;1;3m[38;2;1;1;3m    [48;2;2;0;3m[38;2;2;0;3m  [48;2;3;1;6m[38;2;3;1;6m    [48;2;6;4;7m[38;2;1;0;2m▅[48;2;13;11;14m[38;2;54;52;55m▗[48;2;37;26;29m[38;2;222;211;214m▄[48;2;204;67;90m[38;2;217;79;102m▄[48;2;220;123;142m[38;2;212;72;96m▊[48;2;241;247;249m[38;2;236;201;207m▎[48;2;240;236;237m[38;2;250;247;248m▄[48;2;214;210;211m[38;2;246;243;244m▊[48;2;211;69;95m[38;2;207;65;91m▌[48;2;223;81;107m[38;2;218;76;102m▌[48;2;210;74;100m[38;2;218;82;107m▄[48;2;201;66;91m[38;2;220;130;140m▗[48;2;19;17;20m[38;2;201;199;202m▄[48;2;10;8;11m[38;2;67;65;68m▁[48;2;3;1;4m[38;2;12;10;13m▃[48;2;12;10;13m[38;2;3;1;4m▅[48;2;2;2;4m[38;2;2;2;4m  [48;2;1;1;1m[38;2;1;1;1m  [48;2;2;0;3m[38;2;2;0;3m  [48;2;3;1;6m[38;2;3;1;6m  [48;2;1;1;1m[38;2;1;1;1m  [0m
[48;2;1;1;1m[38;2;1;1;1m            [48;2;1;1;3m[38;2;1;1;3m  [48;2;3;1;6m[38;2;3;1;6m      [48;2;1;1;3m[38;2;1;1;3m  [48;2;1;1;1m[38;2;1;1;1m      [48;2;1;1;3m[38;2;1;1;3m    [48;2;3;1;4m[38;2;3;1;4m  [48;2;26;22;25m[38;2;98;93;97m▁[48;2;244;240;244m[38;2;196;191;195m▎[48;2;247;239;238m[38;2;0;0;0m [48;2;203;100;130m[38;2;250;241;241m▄[48;2;209;110;139m[38;2;247;241;240m▄[48;2;246;243;240m[38;2;0;0;0m [48;2;253;252;254m[38;2;247;245;248m▃[48;2;245;243;246m[38;2;232;230;233m▝[48;2;216;83;107m[38;2;251;245;247m▄[48;2;215;82;106m[38;2;235;228;232m▄[48;2;236;170;180m[38;2;207;83;103m▊[48;2;234;230;235m[38;2;247;245;248m▆[48;2;248;248;250m[38;2;248;248;250m  [48;2;78;73;77m[38;2;238;233;237m▊[48;2;3;0;2m[38;2;19;14;18m│[48;2;2;0;3m[38;2;2;0;3m  [48;2;3;1;6m[38;2;3;1;6m  [48;2;1;1;3m[38;2;1;1;3m  [48;2;1;1;1m[38;2;1;1;1m    [0m
[48;2;1;1;1m[38;2;1;1;1m            [48;2;3;1;6m[38;2;3;1;6m      [48;2;3;1;4m[38;2;3;1;4m  [48;2;1;1;3m[38;2;1;1;3m  [48;2;1;1;1m[38;2;1;1;1m    [48;2;3;1;6m[38;2;3;1;6m  [48;2;2;0;3m[38;2;2;0;3m    [48;2;14;12;15m[38;2;1;0;2m▊[48;2;57;55;58m[38;2;8;6;9m▊[48;2;255;255;255m[38;2;236;236;238m▌[48;2;252;252;253m[38;2;244;244;246m┃[48;2;245;245;247m[38;2;0;0;0m [48;2;245;245;246m[38;2;164;164;166m▁[48;2;250;250;252m[38;2;250;250;252m      [48;2;249;249;251m[38;2;249;249;251m  [48;2;250;250;252m[38;2;250;250;252m  [48;2;225;220;224m[38;2;0;0;0m [48;2;35;31;34m[38;2;195;191;194m▄[48;2;1;1;3m[38;2;1;1;3m  [48;2;3;1;6m[38;2;3;1;6m    [48;2;1;1;3m[38;2;1;1;3m  [48;2;1;1;1m[38;2;1;1;1m  [0m
[48;2;1;1;1m[38;2;1;1;1m            [48;2;1;1;3m[38;2;1;1;3m  [48;2;3;1;6m[38;2;3;1;6m  [48;2;2;0;3m[38;2;2;0;3m  [48;2;1;1;1m[38;2;1;1;1m  [48;2;3;1;6m[38;2;3;1;6m    [48;2;1;1;1m[38;2;1;1;1m    [48;2;1;1;3m[38;2;1;1;3m    [48;2;13;11;16m[38;2;2;0;5m┃[48;2;48;46;51m[38;2;5;3;8m▊[48;2;235;233;235m[38;2;111;109;112m▁[48;2;235;234;236m[38;2;96;94;97m▁[48;2;219;215;218m[38;2;36;31;35m▅[48;2;92;87;91m[38;2;20;15;19m▊[48;2;255;254;255m[38;2;237;235;238m▌[48;2;253;251;253m[38;2;245;243;246m┃[48;2;250;250;252m[38;2;250;250;252m        [48;2;250;248;250m[38;2;237;235;238m╷[48;2;81;79;82m[38;2;245;243;246m▊[48;2;1;0;2m[38;2;8;6;9m▅[48;2;5;3;6m[38;2;0;0;0m [48;2;2;0;3m[38;2;2;0;3m  [48;2;3;1;6m[38;2;3;1;6m    [48;2;1;1;1m[38;2;1;1;1m  [0m
[48;2;1;1;1m[38;2;1;1;1m              [48;2;2;0;3m[38;2;2;0;3m  [48;2;1;1;3m[38;2;1;1;3m    [48;2;3;1;6m[38;2;3;1;6m  [48;2;3;1;4m[38;2;3;1;4m  [48;2;1;1;3m[38;2;1;1;3m  [48;2;1;1;1m[38;2;1;1;1m    [48;2;3;1;4m[38;2;3;1;4m  [48;2;3;1;6m[38;2;3;1;6m    [48;2;3;2;4m[38;2;11;9;12m┏[48;2;36;34;37m[38;2;6;5;7m▊[48;2;228;224;228m[38;2;83;78;82m▅[48;2;236;232;235m[38;2;116;111;115m▁[48;2;250;250;252m[38;2;250;250;252m    [48;2;243;241;244m[38;2;0;0;0m [48;2;243;242;244m[38;2;124;122;125m▁[48;2;221;216;220m[38;2;92;87;91m▁[48;2;184;180;183m[38;2;43;38;42m┓[48;2;250;250;252m[38;2;250;250;252m  [48;2;82;80;83m[38;2;232;231;233m▊[48;2;1;0;2m[38;2;14;12;15m│[48;2;3;1;6m[38;2;3;1;6m      [48;2;2;0;3m[38;2;2;0;3m  [0m
[48;2;1;1;1m[38;2;1;1;1m                [48;2;3;1;4m[38;2;3;1;4m  [48;2;3;1;6m[38;2;3;1;6m  [48;2;2;0;3m[38;2;2;0;3m  [48;2;3;1;6m[38;2;3;1;6m  [48;2;2;0;3m[38;2;2;0;3m  [48;2;1;1;1m[38;2;1;1;1m    [48;2;3;1;6m[38;2;3;1;6m  [48;2;3;1;4m[38;2;3;1;4m  [48;2;2;0;3m[38;2;2;0;3m  [48;2;59;54;58m[38;2;10;6;9m▊[48;2;46;41;45m[38;2;217;213;217m▅[48;2;235;231;234m[38;2;0;0;0m [48;2;53;48;52m[38;2;216;212;215m▅[48;2;224;220;224m[38;2;67;62;66m▅[48;2;235;231;234m[38;2;25;21;24m▅[48;2;232;230;235m[38;2;25;23;28m▅▅[48;2;205;200;204m[38;2;62;57;60m▅[48;2;27;21;25m[38;2;198;192;196m▅[48;2;17;13;18m[38;2;118;113;119m▁[48;2;158;153;159m[38;2;17;12;18m▊[48;2;249;249;251m[38;2;244;244;246m▚[48;2;251;251;252m[38;2;233;233;235m▃[48;2;70;65;69m[38;2;209;204;208m▊[48;2;8;4;7m[38;2;23;18;22m╺[48;2;3;1;6m[38;2;3;1;6m      [48;2;1;1;3m[38;2;1;1;3m  [0m
[48;2;1;1;1m[38;2;1;1;1m                    [48;2;0;0;0m[38;2;0;0;0m  [48;2;1;1;3m[38;2;1;1;3m  [48;2;1;1;1m[38;2;1;1;1m    [48;2;2;0;3m[38;2;2;0;3m  [48;2;1;1;3m[38;2;1;1;3m  [48;2;3;1;6m[38;2;3;1;6m  [48;2;10;8;11m[38;2;3;1;4m▚[48;2;6;4;7m[38;2;1;0;2m▌[48;2;48;46;49m[38;2;226;224;227m▅[48;2;241;239;242m[38;2;0;0;0m [48;2;250;250;252m[38;2;250;250;252m  [48;2;236;234;236m[38;2;0;0;0m [48;2;28;27;29m[38;2;208;206;209m▅[48;2;78;73;77m[38;2;17;12;16m▊[48;2;29;25;28m[38;2;198;193;197m▅[48;2;137;135;138m[38;2;17;16;18m▊[48;2;234;232;235m[38;2;252;250;252m┃[48;2;230;228;231m[38;2;0;0;0m [48;2;70;69;71m[38;2;237;235;237m▅[48;2;246;244;247m[38;2;246;244;247m▄[48;2;79;77;80m[38;2;243;241;244m▊[48;2;1;1;1m[38;2;1;1;1m    [48;2;1;1;3m[38;2;1;1;3m    [48;2;1;1;1m[38;2;1;1;1m  [0m
[48;2;1;1;1m[38;2;1;1;1m                        [48;2;1;1;3m[38;2;1;1;3m  [48;2;3;1;6m[38;2;3;1;6m  [48;2;2;0;3m[38;2;2;0;3m    [48;2;3;1;6m[38;2;3;1;6m  [48;2;1;0;0m[38;2;13;11;12m│[48;2;78;76;77m[38;2;7;6;6m▊[48;2;255;254;255m[38;2;237;235;238m▌[48;2;253;251;253m[38;2;245;243;246m┃[48;2;250;250;252m[38;2;250;250;252m  [48;2;191;186;189m[38;2;246;241;244m▊[48;2;199;194;198m[38;2;54;48;52m▅[48;2;57;52;55m[38;2;204;199;203m▅[48;2;198;192;196m[38;2;57;51;55m▅[48;2;76;74;77m[38;2;232;231;233m▅[48;2;236;234;236m[38;2;250;248;250m╋[48;2;248;246;247m[38;2;238;246;244m▊[48;2;254;243;249m[38;2;220;196;204m▗[48;2;230;231;233m[38;2;211;79;103m▅[48;2;193;182;187m[38;2;157;54;69m▅[48;2;1;1;1m[38;2;1;1;1m        [48;2;1;1;3m[38;2;1;1;3m  [0m
[48;2;1;1;1m[38;2;1;1;1m                    [48;2;2;0;3m[38;2;2;0;3m  [48;2;1;1;1m[38;2;1;1;1m  [48;2;3;1;6m[38;2;3;1;6m    [48;2;1;1;3m[38;2;1;1;3m  [48;2;2;0;3m[38;2;2;0;3m  [48;2;1;1;3m[38;2;1;1;3m  [48;2;1;0;2m[38;2;13;11;14m│[48;2;78;76;79m[38;2;7;6;8m▊[48;2;255;254;255m[38;2;237;235;238m▌[48;2;253;251;253m[38;2;245;243;246m┃[48;2;250;250;252m[38;2;250;250;252m  [48;2;169;163;165m[38;2;246;241;243m▊[48;2;56;50;52m[38;2;187;181;183m▁[48;2;233;230;231m[38;2;0;0;0m [48;2;70;66;67m[38;2;240;237;238m▅[48;2;249;249;251m[38;2;249;249;251m  [48;2;251;248;251m[38;2;0;0;0m [48;2;250;247;250m[38;2;214;209;213m▝[48;2;190;102;121m[38;2;230;221;225m┓[48;2;149;60;70m[38;2;15;10;12m▅[48;2;1;1;1m[38;2;1;1;1m          [0m
[48;2;1;1;1m[38;2;1;1;1m                  [48;2;1;1;3m[38;2;1;1;3m  [48;2;2;0;3m[38;2;2;0;3m  [48;2;1;1;3m[38;2;1;1;3m  [48;2;3;1;6m[38;2;3;1;6m    [48;2;2;0;3m[38;2;2;0;3m  [48;2;1;1;3m[38;2;1;1;3m  [48;2;1;1;1m[38;2;1;1;1m  [48;2;45;41;44m[38;2;9;4;8m▊[48;2;52;47;51m[38;2;232;228;231m▅[48;2;249;249;251m[38;2;249;249;251m  [48;2;250;250;252m[38;2;250;250;252m  [48;2;241;241;243m[38;2;251;251;252m▅[48;2;251;251;252m[38;2;241;241;243m▃[48;2;232;231;233m[38;2;73;71;74m▁[48;2;247;245;248m[38;2;0;0;0m [48;2;250;250;252m[38;2;250;250;252m    [48;2;231;229;232m[38;2;0;0;0m [48;2;78;76;79m[38;2;223;222;224m┓[48;2;2;0;3m[38;2;2;0;3m  [48;2;1;1;1m[38;2;1;1;1m        [0m
[48;2;1;1;1m[38;2;1;1;1m                  [48;2;2;0;3m[38;2;2;0;3m    [48;2;3;1;6m[38;2;3;1;6m      [48;2;1;1;3m[38;2;1;1;3m  [48;2;1;1;1m[38;2;1;1;1m  [48;2;3;3;5m[38;2;13;13;15m╵[48;2;34;34;36m[38;2;5;5;7m▊[48;2;56;54;57m[38;2;234;232;235m▅[48;2;242;240;243m[38;2;0;0;0m [48;2;250;250;252m[38;2;250;250;252m    [48;2;187;182;186m[38;2;243;238;242m▊[48;2;190;185;189m[38;2;22;18;21m▅[48;2;17;13;16m[38;2;0;0;0m [48;2;217;212;216m[38;2;41;37;40m▅[48;2;249;249;251m[38;2;249;249;251m  [48;2;250;250;252m[38;2;250;250;252m  [48;2;246;246;248m[38;2;246;246;248m▄[48;2;79;79;81m[38;2;243;243;245m▊[48;2;1;1;3m[38;2;1;1;3m  [48;2;1;1;1m[38;2;1;1;1m        [0m
[48;2;4;2;10m[38;2;23;2;126m▂▂▂▂▂▂▂▂▂▂▂▂▂▂▂▂▂▂[48;2;5;3;12m[38;2;24;2;129m▂▂[48;2;4;2;10m[38;2;23;2;126m▂▂[48;2;5;3;12m[38;2;24;2;129m▂▂▂▂▂▂[48;2;5;3;11m[38;2;24;3;127m▂▂[48;2;4;2;10m[38;2;23;2;126m▂▂[48;2;10;7;22m[38;2;50;25;172m▁[48;2;23;21;22m[38;2;175;168;198m▂[48;2;255;255;255m[38;2;237;237;239m▌[48;2;253;253;254m[38;2;245;245;247m┃[48;2;250;250;252m[38;2;250;250;252m  [48;2;237;237;239m[38;2;251;251;252m▊[48;2;193;193;195m[38;2;243;243;244m▊[48;2;184;179;188m[38;2;25;13;67m▅[48;2;12;8;16m[38;2;35;11;136m▂[48;2;8;4;24m[38;2;34;4;178m▁[48;2;19;15;34m[38;2;30;2;174m▁[48;2;163;157;181m[38;2;23;17;48m┓[48;2;243;241;244m[38;2;0;0;0m [48;2;250;250;252m[38;2;250;250;252m  [48;2;248;248;249m[38;2;0;0;0m [48;2;230;230;231m [48;2;46;45;50m[38;2;189;184;202m▅[48;2;7;4;22m[38;2;40;17;165m▁[48;2;4;2;10m[38;2;23;2;126m▂▂▂▂▂▂▂▂[0m
[48;2;38;3;183m[38;2;38;3;183m                                [48;2;82;60;186m[38;2;32;2;182m▊[48;2;247;246;245m[38;2;198;188;241m▎[48;2;250;250;252m[38;2;250;250;252m    [48;2;199;191;228m[38;2;242;240;242m▊[48;2;221;215;233m[38;2;54;29;179m▆[48;2;39;4;184m[38;2;39;4;184m  [48;2;38;3;183m[38;2;38;3;183m  [48;2;105;92;162m[38;2;40;9;190m▊[48;2;240;236;243m[38;2;97;79;176m▂[48;2;250;250;252m[38;2;250;250;252m    [48;2;67;44;161m[38;2;241;237;237m▊[48;2;28;0;193m[38;2;43;9;194m▊[48;2;38;3;183m[38;2;38;3;183m        [0m
[48;2;38;3;183m[38;2;38;3;183m                                [48;2;70;48;175m[38;2;33;5;185m▊[48;2;248;247;247m[38;2;187;176;232m▎[48;2;250;250;252m[38;2;250;250;252m  [48;2;237;236;241m[38;2;247;246;250m▊[48;2;204;203;208m[38;2;248;247;251m▊[48;2;205;195;230m[38;2;47;20;178m▆[48;2;43;11;188m[38;2;0;0;0m [48;2;38;3;183m[38;2;38;3;183m    [48;2;35;4;159m[38;2;37;5;190m▊[48;2;174;158;221m[38;2;42;9;180m▊[48;2;250;250;252m[38;2;250;250;252m    [48;2;86;63;179m[38;2;240;236;235m▊[48;2;31;1;184m[38;2;58;24;207m│[48;2;38;3;183m[38;2;38;3;183m        [0m
[48;2;38;3;185m[38;2;38;3;185m                                [48;2;82;60;187m[38;2;32;2;184m▊[48;2;247;246;247m[38;2;198;187;243m▎[48;2;250;250;252m[38;2;250;250;252m  [48;2;206;198;240m[38;2;245;243;247m▊[48;2;204;197;222m[38;2;47;23;175m▆[48;2;39;4;184m[38;2;39;4;184m  [48;2;38;3;185m[38;2;38;3;185m    [48;2;31;2;172m[38;2;46;12;187m┛[48;2;37;6;178m[38;2;81;47;220m▝[48;2;222;216;239m[38;2;82;60;187m▆[48;2;247;245;244m[38;2;225;220;239m╸[48;2;250;249;252m[38;2;240;239;243m┏[48;2;237;236;239m[38;2;0;0;0m [48;2;110;90;201m[38;2;228;221;241m┛[48;2;38;7;185m[38;2;33;4;166m▎[48;2;38;3;185m[38;2;38;3;185m        [0m
[48;2;38;3;185m[38;2;38;3;185m                                [48;2;41;7;186m[38;2;0;0;0m [48;2;203;191;228m[38;2;47;19;178m▆[48;2;249;242;245m[38;2;225;224;224m▎[48;2;237;235;238m[38;2;210;85;127m▂[48;2;214;209;223m[38;2;209;80;134m▂[48;2;41;9;187m[38;2;61;27;154m▎[48;2;38;3;185m[38;2;38;3;185m        [48;2;158;133;163m[38;2;46;11;184m▊[48;2;239;233;227m[38;2;225;94;130m▂[48;2;241;237;232m[38;2;157;68;99m▂[48;2;197;188;222m[38;2;45;21;178m▂[48;2;38;3;185m[38;2;38;3;185m          [0m
[48;2;38;3;185m[38;2;38;3;185m                                [48;2;35;5;165m[38;2;16;7;39m▂▂[48;2;237;191;190m[38;2;190;76;96m▆[48;2;218;72;103m[38;2;0;0;0m [48;2;178;59;90m[38;2;33;17;11m▂[48;2;45;6;161m[38;2;12;10;35m▂[48;2;39;5;187m[38;2;12;1;43m▃▃▃▃▃▃▃▃[48;2;64;16;173m[38;2;16;8;45m▃[48;2;198;66;89m[38;2;65;25;28m▂[48;2;206;68;101m[38;2;0;0;0m [48;2;58;16;155m[38;2;166;65;99m▆[48;2;36;1;182m[38;2;36;21;77m▂[48;2;36;1;181m[38;2;36;4;162m▖[48;2;38;3;185m[38;2;38;3;185m        [0m
[48;2;38;3;185m[38;2;38;3;185m                              [48;2;36;2;175m[38;2;36;2;175m▄[48;2;36;9;138m[38;2;36;27;45m━[48;2;69;25;36m[38;2;215;69;88m━━[48;2;171;64;90m[38;2;27;8;6m▂[48;2;147;43;68m[38;2;23;7;5m▆[48;2;3;1;4m[38;2;3;1;4m  [48;2;1;1;3m[38;2;1;1;3m  [48;2;3;1;6m[38;2;3;1;6m  [48;2;1;1;3m[38;2;1;1;3m    [48;2;4;2;3m[38;2;4;2;3m  [48;2;183;58;90m[38;2;33;13;10m▆[48;2;192;65;98m[38;2;54;18;21m▃[48;2;69;27;52m[38;2;196;70;116m╸[48;2;26;6;111m[38;2;36;15;121m▄[48;2;38;3;185m[38;2;38;3;185m        [0m
[48;2;38;3;185m[38;2;38;3;185m                                [48;2;20;8;46m[38;2;39;6;182m▆▆[48;2;19;8;43m[38;2;38;5;179m▆▆▆▆▆▆▆▆▆▆▆▆[48;2;19;7;46m[38;2;38;4;182m▆▆[48;2;19;7;45m[38;2;38;5;181m▆▆[48;2;37;16;109m[38;2;37;3;178m▆[48;2;37;1;184m[38;2;37;3;172m▘[48;2;38;3;185m[38;2;38;3;185m        [0m
[48;2;40;2;185m[38;2;40;2;185m                                                            [0m
[48;2;40;2;185m[38;2;40;2;185m                                                            [0m
