[48;2;1;1;1m[38;2;1;1;1m                                                            [0m
[48;2;1;1;1m[38;2;1;1;1m                                                            [0m
[48;2;1;1;1m[38;2;1;1;1m                                                            [0m
[48;2;1;1;1m[38;2;1;1;1m                                                      [48;2;1;1;3m[38;2;1;1;3m  [48;2;1;1;1m[38;2;1;1;1m    [0m
[48;2;1;1;1m[38;2;1;1;1m                          [48;2;3;1;6m[38;2;3;1;6m  [48;2;1;1;3m[38;2;1;1;3m  [48;2;1;1;1m[38;2;1;1;1m        [48;2;3;1;4m[38;2;3;1;4m  [48;2;3;1;6m[38;2;3;1;6m  [48;2;3;1;4m[38;2;3;1;4m  [48;2;1;1;3m[38;2;1;1;3m  [48;2;1;1;1m[38;2;1;1;1m      [48;2;3;1;4m[38;2;3;1;4m  [48;2;3;1;6m[38;2;3;1;6m  [48;2;2;0;3m[38;2;2;0;3m  [48;2;1;1;1m[38;2;1;1;1m  [0m
[48;2;1;1;1m[38;2;1;1;1m                        [48;2;1;1;3m[38;2;1;1;3m  [48;2;3;1;6m[38;2;3;1;6m    [48;2;2;0;3m[38;2;2;0;3m  [48;2;1;1;3m[38;2;1;1;3m  [48;2;2;0;3m[38;2;2;0;3m  [48;2;1;1;3m[38;2;1;1;3m    [48;2;2;0;3m[38;2;2;0;3m  [48;2;3;1;6m[38;2;3;1;6m    [48;2;1;1;1m[38;2;1;1;1m    [48;2;3;1;6m[38;2;3;1;6m      [48;2;1;1;3m[38;2;1;1;3m  [48;2;1;1;1m[38;2;1;1;1m  [0m
[48;2;1;1;1m[38;2;1;1;1m                    [48;2;3;1;6m[38;2;3;1;6m    [48;2;3;1;4m[38;2;3;1;4m  [48;2;3;1;6m[38;2;3;1;6m    [48;2;2;0;3m[38;2;2;0;3m  [48;2;3;1;6m[38;2;3;1;6m        [48;2;13;11;14m[38;2;5;3;6m▆[48;2;1;0;2m[38;2;86;84;87m▗[48;2;12;11;13m[38;2;222;220;223m▄▄[48;2;17;16;18m▄[48;2;9;7;10m[38;2;198;197;199m▄[48;2;3;1;4m[38;2;3;1;4m    [48;2;3;1;6m[38;2;3;1;6m      [48;2;1;1;3m[38;2;1;1;3m  [48;2;1;1;1m[38;2;1;1;1m  [0m
[48;2;1;1;1m[38;2;1;1;1m                    [48;2;1;1;3m[38;2;1;1;3m  [48;2;3;1;6m[38;2;3;1;6m          [48;2;1;1;3m[38;2;1;1;3m  [48;2;3;1;4m[38;2;3;1;4m  [48;2;3;1;6m[38;2;3;1;6m  [48;2;3;1;4m[38;2;3;1;4m  [48;2;92;87;91m[38;2;13;9;12m▊[48;2;179;174;178m[38;2;239;234;238m▇[48;2;245;231;232m[38;2;0;0;0m [48;2;245;240;240m[38;2;202;83;119m▄[48;2;247;236;241m[38;2;216;79;104m▄[48;2;243;236;240m[38;2;164;73;83m▄[48;2;177;175;178m[38;2;24;23;25m▄[48;2;8;6;9m[38;2;0;0;0m [48;2;3;1;4m[38;2;3;1;4m  [48;2;3;1;6m[38;2;3;1;6m        [48;2;3;1;4m[38;2;3;1;4m  [0m
[48;2;1;1;1m[38;2;1;1;1m                    [48;2;2;2;4m[38;2;2;2;4m  [48;2;3;1;4m[38;2;3;1;4m  [48;2;3;1;6m[38;2;3;1;6m            [48;2;17;7;6m[38;2;0;0;0m [48;2;29;17;16m[38;2;168;57;90m▄[48;2;170;56;90m[38;2;26;20;17m▄[48;2;16;8;7m[38;2;0;0;0m [48;2;111;105;107m[38;2;15;10;11m▊[48;2;206;200;202m[38;2;249;245;247m┃[48;2;165;57;78m[38;2;213;68;101m▊[48;2;56;23;20m[38;2;192;68;94m▄[48;2;196;65;96m[38;2;0;0;0m [48;2;28;15;8m[38;2;158;52;74m▄[48;2;3;1;6m[38;2;3;1;6m  [48;2;1;1;3m[38;2;1;1;3m    [48;2;3;1;4m[38;2;3;1;4m  [48;2;3;1;6m[38;2;3;1;6m    [48;2;1;1;3m[38;2;1;1;3m  [0m
[48;2;1;1;1m[38;2;1;1;1m                [48;2;2;0;3m[38;2;2;0;3m  [48;2;3;1;4m[38;2;3;1;4m  [48;2;2;0;3m[38;2;2;0;3m  [48;2;1;1;1m[38;2;1;1;1m  [48;2;1;1;3m[38;2;1;1;3m    [48;2;2;0;3m[38;2;2;0;3m  [48;2;3;1;6m[38;2;3;1;6m    [48;2;10;8;11m[38;2;3;1;4m▚[48;2;6;4;7m[38;2;1;0;2m▌[48;2;41;24;31m[38;2;232;215;223m▄[48;2;199;77;96m[38;2;237;121;141m▁[48;2;199;96;126m[38;2;240;229;228m▄[48;2;245;238;237m[38;2;0;0;0m [48;2;240;236;237m[38;2;250;247;248m▄[48;2;214;210;211m[38;2;246;243;244m▊[48;2;211;69;95m[38;2;207;65;91m▌[48;2;223;81;107m[38;2;218;76;102m▌[48;2;210;74;100m[38;2;218;82;107m▄[48;2;201;66;91m[38;2;220;130;140m▗[48;2;18;16;19m[38;2;199;197;199m▄[48;2;10;8;11m[38;2;46;44;47m▁[48;2;3;1;4m[38;2;3;1;4m  [48;2;2;2;4m[38;2;2;2;4m  [48;2;1;1;1m[38;2;1;1;1m  [48;2;2;0;3m[38;2;2;0;3m  [48;2;3;1;6m[38;2;3;1;6m  [48;2;1;1;1m[38;2;1;1;1m  [0m
[48;2;1;1;1m[38;2;1;1;1m            [48;2;1;1;3m[38;2;1;1;3m  [48;2;3;1;6m[38;2;3;1;6m      [48;2;1;1;3m[38;2;1;1;3m  [48;2;1;1;1m[38;2;1;1;1m      [48;2;1;1;3m[38;2;1;1;3m    [48;2;2;0;3m[38;2;2;0;3m  [48;2;20;15;19m[38;2;0;0;0m [48;2;45;40;44m[38;2;228;224;228m▄[48;2;248;248;250m[38;2;248;248;250m  [48;2;250;250;252m[38;2;250;250;252m  [48;2;253;252;254m[38;2;247;245;248m▃[48;2;245;243;246m[38;2;232;230;233m▝[48;2;216;83;107m[38;2;251;245;247m▄[48;2;215;82;106m[38;2;235;228;232m▄[48;2;236;170;180m[38;2;207;83;103m▊[48;2;234;230;235m[38;2;247;245;248m▆[48;2;246;244;247m[38;2;0;0;0m [48;2;228;226;229m [48;2;27;26;28m[38;2;191;189;192m▄[48;2;1;0;2m[38;2;11;9;12m▄[48;2;2;0;3m[38;2;2;0;3m  [48;2;3;1;6m[38;2;3;1;6m  [48;2;1;1;3m[38;2;1;1;3m  [48;2;1;1;1m[38;2;1;1;1m    [0m
[48;2;1;1;1m[38;2;1;1;1m            [48;2;3;1;6m[38;2;3;1;6m      [48;2;3;1;4m[38;2;3;1;4m  [48;2;1;1;3m[38;2;1;1;3m  [48;2;1;1;1m[38;2;1;1;1m    [48;2;3;1;6m[38;2;3;1;6m  [48;2;2;0;3m[38;2;2;0;3m    [48;2;0;0;2m[38;2;4;4;6m▘[48;2;6;6;8m[38;2;27;27;29m▗[48;2;53;51;54m[38;2;233;231;233m▄[48;2;240;238;241m[38;2;0;0;0m [48;2;250;250;252m[38;2;250;250;252m        [48;2;249;249;251m[38;2;249;249;251m  [48;2;250;250;252m[38;2;250;250;252m  [48;2;245;243;246m[38;2;254;252;255m│[48;2;86;84;87m[38;2;237;236;238m▊[48;2;8;6;9m[38;2;87;85;88m▁[48;2;4;3;5m[38;2;0;0;0m [48;2;3;1;6m[38;2;3;1;6m    [48;2;1;1;3m[38;2;1;1;3m  [48;2;1;1;1m[38;2;1;1;1m  [0m
[48;2;1;1;1m[38;2;1;1;1m            [48;2;1;1;3m[38;2;1;1;3m  [48;2;3;1;6m[38;2;3;1;6m  [48;2;2;0;3m[38;2;2;0;3m  [48;2;1;1;1m[38;2;1;1;1m  [48;2;3;1;6m[38;2;3;1;6m    [48;2;1;1;1m[38;2;1;1;1m    [48;2;1;1;3m[38;2;1;1;3m    [48;2;13;11;16m[38;2;2;0;5m┃[48;2;48;46;51m[38;2;5;3;8m▊[48;2;236;234;237m[38;2;114;112;115m▁[48;2;243;241;244m[38;2;120;118;121m▁[48;2;234;229;233m[38;2;101;96;100m▁[48;2;216;211;215m[38;2;43;38;42m▄[48;2;244;242;245m[38;2;240;238;241m▌[48;2;255;253;255m[38;2;251;249;252m▌[48;2;250;250;252m[38;2;250;250;252m          [48;2;93;91;94m[38;2;230;228;230m▊[48;2;14;13;15m[38;2;95;93;96m▁[48;2;2;0;3m[38;2;2;0;3m  [48;2;3;1;6m[38;2;3;1;6m    [48;2;1;1;1m[38;2;1;1;1m  [0m
[48;2;1;1;1m[38;2;1;1;1m              [48;2;2;0;3m[38;2;2;0;3m  [48;2;1;1;3m[38;2;1;1;3m    [48;2;3;1;6m[38;2;3;1;6m  [48;2;3;1;4m[38;2;3;1;4m  [48;2;1;1;3m[38;2;1;1;3m  [48;2;1;1;1m[38;2;1;1;1m    [48;2;3;1;4m[38;2;3;1;4m  [48;2;3;1;6m[38;2;3;1;6m    [48;2;3;1;4m[38;2;9;7;10m┃[48;2;7;5;8m[38;2;40;38;41m▝[48;2;228;224;228m[38;2;83;78;82m▅[48;2;236;232;235m[38;2;116;111;115m▁[48;2;250;250;252m[38;2;250;250;252m    [48;2;243;241;244m[38;2;0;0;0m [48;2;243;242;244m[38;2;124;122;125m▁[48;2;220;216;220m[38;2;88;83;87m▁[48;2;182;177;181m[38;2;46;41;45m┓[48;2;250;250;252m[38;2;250;250;252m  [48;2;253;252;255m[38;2;243;241;246m▌[48;2;62;60;65m[38;2;233;231;235m▊[48;2;3;1;6m[38;2;3;1;6m      [48;2;2;0;3m[38;2;2;0;3m  [0m
[48;2;1;1;1m[38;2;1;1;1m                [48;2;3;1;4m[38;2;3;1;4m  [48;2;3;1;6m[38;2;3;1;6m  [48;2;2;0;3m[38;2;2;0;3m  [48;2;3;1;6m[38;2;3;1;6m  [48;2;2;0;3m[38;2;2;0;3m  [48;2;1;1;1m[38;2;1;1;1m    [48;2;3;1;6m[38;2;3;1;6m  [48;2;3;1;4m[38;2;3;1;4m  [48;2;2;0;3m[38;2;2;0;3m  [48;2;59;54;58m[38;2;10;6;9m▊[48;2;46;41;45m[38;2;217;213;217m▅[48;2;235;231;234m[38;2;0;0;0m [48;2;53;48;52m[38;2;216;212;215m▅[48;2;224;220;224m[38;2;67;62;66m▅[48;2;235;231;234m[38;2;25;21;24m▅[48;2;232;230;235m[38;2;25;23;28m▅▅[48;2;207;203;206m[38;2;60;55;59m▅[48;2;29;25;28m[38;2;222;218;222m▅[48;2;75;70;76m[38;2;212;207;212m┓[48;2;27;23;28m[38;2;0;0;0m [48;2;183;181;184m[38;2;47;45;48m┓[48;2;232;230;233m[38;2;249;247;249m▇[48;2;249;248;253m[38;2;255;254;255m│[48;2;52;51;56m[38;2;229;228;231m▊[48;2;3;1;6m[38;2;3;1;6m      [48;2;1;1;3m[38;2;1;1;3m  [0m
[48;2;1;1;1m[38;2;1;1;1m                    [48;2;0;0;0m[38;2;0;0;0m  [48;2;1;1;3m[38;2;1;1;3m  [48;2;1;1;1m[38;2;1;1;1m    [48;2;2;0;3m[38;2;2;0;3m  [48;2;1;1;3m[38;2;1;1;3m  [48;2;3;1;6m[38;2;3;1;6m  [48;2;10;8;11m[38;2;3;1;4m▚[48;2;6;4;7m[38;2;1;0;2m▌[48;2;48;46;49m[38;2;226;224;227m▅[48;2;241;239;242m[38;2;0;0;0m [48;2;250;250;252m[38;2;250;250;252m  [48;2;236;234;236m[38;2;0;0;0m [48;2;28;27;29m[38;2;208;206;209m▅[48;2;78;73;77m[38;2;17;12;16m▊[48;2;29;25;28m[38;2;198;193;197m▅[48;2;137;135;138m[38;2;17;16;18m▊[48;2;234;232;235m[38;2;252;250;252m┃[48;2;230;228;231m[38;2;0;0;0m [48;2;76;74;77m[38;2;221;219;222m┓[48;2;172;170;175m[38;2;1;0;4m▊[48;2;255;254;255m[38;2;253;251;255m▄[48;2;240;238;242m[38;2;0;0;0m [48;2;40;38;43m[38;2;205;203;207m▊[48;2;1;1;3m[38;2;1;1;3m      [48;2;1;1;1m[38;2;1;1;1m  [0m
[48;2;1;1;1m[38;2;1;1;1m                        [48;2;1;1;3m[38;2;1;1;3m  [48;2;3;1;6m[38;2;3;1;6m  [48;2;2;0;3m[38;2;2;0;3m    [48;2;3;1;6m[38;2;3;1;6m  [48;2;12;8;11m[38;2;0;0;0m [48;2;38;34;37m[38;2;167;162;166m▁[48;2;255;255;255m[38;2;237;237;239m▌[48;2;253;253;254m[38;2;245;245;247m┃[48;2;250;250;252m[38;2;250;250;252m  [48;2;241;239;242m[38;2;0;0;0m [48;2;223;221;223m[38;2;129;127;130m▂[48;2;118;112;116m[38;2;54;48;52m▊[48;2;212;207;210m[38;2;124;118;122m▂[48;2;155;150;154m[38;2;52;47;51m▊[48;2;249;245;249m[38;2;227;222;226m▎[48;2;248;248;249m[38;2;0;0;0m [48;2;230;230;232m [48;2;87;68;73m[38;2;233;227;232m▅[48;2;240;239;240m[38;2;208;119;149m▁[48;2;75;67;70m[38;2;218;210;215m▊[48;2;6;1;1m[38;2;17;8;11m│[48;2;1;1;1m[38;2;1;1;1m      [48;2;1;1;3m[38;2;1;1;3m  [0m
[48;2;1;1;1m[38;2;1;1;1m                    [48;2;2;0;3m[38;2;2;0;3m  [48;2;1;1;1m[38;2;1;1;1m  [48;2;3;1;6m[38;2;3;1;6m    [48;2;1;1;3m[38;2;1;1;3m  [48;2;2;0;3m[38;2;2;0;3m  [48;2;1;1;3m[38;2;1;1;3m  [48;2;68;66;69m[38;2;8;6;9m▊[48;2;251;249;252m[38;2;192;190;193m▎[48;2;250;250;252m[38;2;250;250;252m  [48;2;245;245;247m[38;2;245;245;247m▄[48;2;215;215;217m[38;2;247;247;248m▊[48;2;200;195;197m[38;2;104;98;100m▅[48;2;70;64;66m[38;2;220;214;216m▅[48;2;208;203;205m[38;2;84;78;80m▁[48;2;48;42;44m[38;2;143;137;139m▂[48;2;248;248;250m[38;2;248;248;250m  [48;2;250;250;252m[38;2;250;250;252m  [48;2;184;122;137m[38;2;239;236;240m▊[48;2;202;66;91m[38;2;36;11;5m▁[48;2;161;48;78m[38;2;68;36;40m▂[48;2;5;7;1m[38;2;0;0;0m [48;2;1;1;1m[38;2;1;1;1m        [0m
[48;2;1;1;1m[38;2;1;1;1m                  [48;2;1;1;3m[38;2;1;1;3m  [48;2;2;0;3m[38;2;2;0;3m  [48;2;1;1;3m[38;2;1;1;3m  [48;2;3;1;6m[38;2;3;1;6m    [48;2;2;0;3m[38;2;2;0;3m  [48;2;1;1;3m[38;2;1;1;3m  [48;2;3;3;5m[38;2;13;13;15m╵[48;2;34;34;36m[38;2;5;5;7m▊[48;2;53;51;54m[38;2;226;224;227m▅[48;2;255;254;255m[38;2;244;242;245m│[48;2;250;250;252m[38;2;250;250;252m    [48;2;189;184;188m[38;2;245;241;245m▊[48;2;195;190;194m[38;2;26;21;25m▅[48;2;105;100;104m[38;2;16;12;15m▊[48;2;232;228;231m[38;2;66;61;65m▁[48;2;250;250;252m[38;2;250;250;252m    [48;2;231;229;232m[38;2;0;0;0m [48;2;78;76;79m[38;2;223;222;224m┓[48;2;1;1;3m[38;2;1;1;3m  [48;2;1;1;1m[38;2;1;1;1m        [0m
[48;2;1;1;1m[38;2;1;1;1m                  [48;2;2;0;3m[38;2;2;0;3m    [48;2;3;1;6m[38;2;3;1;6m      [48;2;1;1;3m[38;2;1;1;3m  [48;2;1;1;1m[38;2;1;1;1m  [48;2;0;0;2m[38;2;5;5;7m│[48;2;64;64;66m[38;2;6;6;8m▊[48;2;255;255;255m[38;2;236;236;238m▌[48;2;252;252;253m[38;2;244;244;246m┃[48;2;250;250;252m[38;2;250;250;252m  [48;2;252;252;254m[38;2;255;255;255m┃[48;2;194;194;196m[38;2;244;244;245m▊[48;2;190;185;189m[38;2;19;14;18m▅[48;2;3;0;2m[38;2;14;9;13m╺[48;2;1;0;2m[38;2;14;12;15m▌[48;2;79;77;80m[38;2;8;6;9m▊[48;2;230;228;230m[38;2;67;65;68m▁[48;2;246;244;246m[38;2;0;0;0m [48;2;250;250;252m[38;2;250;250;252m  [48;2;246;246;248m[38;2;246;246;248m▄[48;2;79;79;81m[38;2;243;243;245m▊[48;2;1;1;3m[38;2;1;1;3m  [48;2;1;1;1m[38;2;1;1;1m        [0m
[48;2;4;2;10m[38;2;23;2;126m▂▂▂▂▂▂▂▂▂▂▂▂▂▂▂▂▂▂[48;2;5;3;12m[38;2;24;2;129m▂▂[48;2;4;2;10m[38;2;23;2;126m▂▂[48;2;5;3;12m[38;2;24;2;129m▂▂▂▂▂▂[48;2;5;3;11m[38;2;24;3;127m▂▂[48;2;4;2;10m[38;2;23;2;126m▂▂[48;2;9;6;14m[38;2;27;6;130m▂[48;2;16;14;21m[38;2;33;15;136m▂[48;2;255;255;255m[38;2;236;236;238m▌[48;2;252;252;253m[38;2;244;244;246m┃[48;2;250;250;252m[38;2;250;250;252m  [48;2;190;186;202m[38;2;244;242;243m▊[48;2;186;184;189m[38;2;30;23;69m▅[48;2;6;3;13m[38;2;25;3;130m▂▂[48;2;4;2;11m[38;2;23;1;128m▂▂[48;2;138;133;153m[38;2;18;13;45m▊[48;2;237;235;234m[38;2;246;243;249m▊[48;2;250;250;252m[38;2;250;250;252m  [48;2;246;245;249m[38;2;246;245;249m▄[48;2;79;78;83m[38;2;243;242;246m▊[48;2;4;2;10m[38;2;23;2;126m▂▂▂▂▂▂▂▂▂▂[0m
[48;2;38;3;183m[38;2;38;3;183m                                [48;2;40;5;183m[38;2;40;5;183m  [48;2;233;232;237m[38;2;90;72;182m▂[48;2;244;243;245m[38;2;0;0;0m [48;2;250;250;252m[38;2;250;250;252m  [48;2;241;240;242m[38;2;0;0;0m [48;2;41;22;162m[38;2;216;213;231m▆[48;2;39;4;184m[38;2;39;4;184m  [48;2;38;3;183m[38;2;38;3;183m  [48;2;126;113;183m[38;2;37;6;189m▊[48;2;248;247;245m[38;2;248;247;245m▄[48;2;250;250;252m[38;2;250;250;252m  [48;2;248;247;250m[38;2;248;247;250m▄[48;2;82;67;162m[38;2;246;245;242m▊[48;2;37;2;184m[38;2;37;2;184m  [48;2;38;3;183m[38;2;38;3;183m        [0m
[48;2;38;3;183m[38;2;38;3;183m                                  [48;2;87;66;187m[38;2;37;7;183m▊[48;2;252;251;245m[38;2;203;193;243m▎[48;2;250;250;252m[38;2;250;250;252m  [48;2;238;237;242m[38;2;253;252;254m▊[48;2;195;194;199m[38;2;245;244;248m▊[48;2;40;5;183m[38;2;40;5;183m  [48;2;33;0;176m▗[48;2;38;5;181m[38;2;59;24;202m▃[48;2;74;51;190m[38;2;214;210;225m▂[48;2;246;244;242m[38;2;235;231;239m▎[48;2;250;250;252m[38;2;250;250;252m  [48;2;137;122;209m[38;2;242;238;248m▊[48;2;188;178;227m[38;2;42;18;170m▆[48;2;38;3;185m[38;2;38;3;185m  [48;2;38;3;183m[38;2;38;3;183m        [0m
[48;2;38;3;185m[38;2;38;3;185m                                  [48;2;72;46;185m[38;2;33;3;183m▊[48;2;231;225;240m[38;2;76;53;173m▂[48;2;249;249;251m[38;2;249;249;251m  [48;2;245;245;247m[38;2;0;0;0m [48;2;214;211;229m[38;2;59;41;181m▂[48;2;39;4;184m[38;2;39;4;184m  [48;2;34;2;161m[38;2;44;10;193m┃[48;2;143;123;208m[38;2;41;6;189m▊[48;2;250;250;252m[38;2;250;250;252m  [48;2;247;247;244m[38;2;0;0;0m [48;2;152;144;192m[38;2;242;239;247m▊[48;2;170;156;212m[38;2;44;13;191m▆[48;2;50;15;196m[38;2;32;2;171m▊[48;2;38;3;185m[38;2;38;3;185m          [0m
[48;2;38;3;185m[38;2;38;3;185m                                  [48;2;36;2;177m[38;2;44;10;185m┃[48;2;61;27;202m[38;2;30;0;171m▌[48;2;252;252;253m[38;2;238;238;240m▌[48;2;238;238;240m[38;2;252;252;253m▌[48;2;224;211;228m[38;2;182;85;129m▂[48;2;49;13;186m[38;2;47;20;167m▘[48;2;38;3;185m[38;2;38;3;185m  [48;2;38;4;181m[38;2;25;0;168m▘[48;2;43;8;186m[38;2;56;21;199m▝[48;2;206;212;235m[38;2;73;38;174m▆[48;2;240;232;234m[38;2;190;80;104m▂[48;2;239;235;243m[38;2;167;77;117m▂[48;2;199;193;216m[38;2;60;33;182m▂[48;2;38;3;185m[38;2;38;3;185m            [0m
[48;2;38;3;185m[38;2;38;3;185m                                  [48;2;39;8;172m[38;2;45;10;192m┏[48;2;41;10;168m[38;2;21;11;35m▂[48;2;225;204;193m[38;2;212;73;102m▆▆[48;2;174;58;94m[38;2;28;15;14m▂[48;2;40;4;164m[38;2;12;10;39m▂[48;2;39;5;187m[38;2;12;1;43m▃▃[48;2;36;3;185m[38;2;20;8;51m▃▃[48;2;51;20;160m[38;2;10;17;47m▂[48;2;197;64;87m[38;2;39;12;24m▂[48;2;129;54;126m[38;2;197;74;95m▊[48;2;62;16;168m[38;2;221;66;115m▁[48;2;39;7;168m[38;2;142;51;82m▂[48;2;39;6;183m[38;2;31;16;74m▂[48;2;38;3;185m[38;2;38;3;185m          [0m
[48;2;38;3;185m[38;2;38;3;185m                                [48;2;39;4;184m[38;2;39;4;184m  [48;2;28;11;94m[38;2;28;11;94m▄[48;2;12;7;18m[38;2;0;0;0m [48;2;204;68;91m[38;2;43;16;24m▃▃[48;2;2;2;4m[38;2;2;2;4m  [48;2;3;1;6m[38;2;3;1;6m  [48;2;1;1;3m[38;2;1;1;3m  [48;2;4;2;5m[38;2;4;2;5m  [48;2;169;50;86m[38;2;9;6;3m▆▆[48;2;128;43;66m[38;2;11;7;3m▆[48;2;10;6;24m[38;2;0;0;0m [48;2;29;7;117m[38;2;29;7;117m▄[48;2;40;5;189m[38;2;40;5;189m▄[48;2;38;3;185m[38;2;38;3;185m        [0m
[48;2;38;3;185m[38;2;38;3;185m                                  [48;2;37;2;180m[38;2;37;5;162m▝[48;2;37;22;76m[38;2;37;2;182m▆[48;2;19;8;43m[38;2;38;5;179m▆▆▆▆▆▆▆▆▆▆[48;2;19;7;46m[38;2;38;4;182m▆▆[48;2;20;5;63m[38;2;39;5;181m▆▆[48;2;38;3;185m[38;2;38;3;185m          [0m
[48;2;40;2;185m[38;2;40;2;185m                                                            [0m
[48;2;40;2;185m[38;2;40;2;185m                                                            [0m
