[48;2;1;1;1m[38;2;1;1;1m                                                            [0m
[48;2;1;1;1m[38;2;1;1;1m                                                            [0m
[48;2;1;1;1m[38;2;1;1;1m                                                            [0m
[48;2;1;1;1m[38;2;1;1;1m                                                      [48;2;1;1;3m[38;2;1;1;3m  [48;2;1;1;1m[38;2;1;1;1m    [0m
[48;2;1;1;1m[38;2;1;1;1m                          [48;2;3;1;6m[38;2;3;1;6m  [48;2;1;1;3m[38;2;1;1;3m  [48;2;1;1;1m[38;2;1;1;1m        [48;2;3;1;4m[38;2;3;1;4m  [48;2;3;1;6m[38;2;3;1;6m  [48;2;3;1;4m[38;2;3;1;4m  [48;2;1;1;3m[38;2;1;1;3m  [48;2;1;1;1m[38;2;1;1;1m      [48;2;3;1;4m[38;2;3;1;4m  [48;2;3;1;6m[38;2;3;1;6m  [48;2;2;0;3m[38;2;2;0;3m  [48;2;1;1;1m[38;2;1;1;1m  [0m
[48;2;1;1;1m[38;2;1;1;1m                        [48;2;1;1;3m[38;2;1;1;3m  [48;2;3;1;6m[38;2;3;1;6m    [48;2;2;0;3m[38;2;2;0;3m  [48;2;1;1;3m[38;2;1;1;3m  [48;2;2;0;3m[38;2;2;0;3m  [48;2;1;1;3m[38;2;1;1;3m    [48;2;2;0;3m[38;2;2;0;3m  [48;2;3;1;6m[38;2;3;1;6m    [48;2;1;1;1m[38;2;1;1;1m    [48;2;3;1;6m[38;2;3;1;6m      [48;2;1;1;3m[38;2;1;1;3m  [48;2;1;1;1m[38;2;1;1;1m  [0m
[48;2;1;1;1m[38;2;1;1;1m                    [48;2;3;1;6m[38;2;3;1;6m    [48;2;3;1;4m[38;2;3;1;4m  [48;2;3;1;6m[38;2;3;1;6m    [48;2;2;0;3m[38;2;2;0;3m  [48;2;3;1;6m[38;2;3;1;6m        [48;2;1;0;2m[38;2;3;1;4m▗[48;2;17;16;18m[38;2;211;209;212m▄[48;2;13;12;14m[38;2;224;222;225m▄▄[48;2;17;15;18m[38;2;189;187;190m▄[48;2;1;0;2m[38;2;11;9;12m▂[48;2;1;1;3m[38;2;1;1;3m  [48;2;3;1;4m[38;2;3;1;4m  [48;2;3;1;6m[38;2;3;1;6m      [48;2;1;1;3m[38;2;1;1;3m  [48;2;1;1;1m[38;2;1;1;1m  [0m
[48;2;1;1;1m[38;2;1;1;1m                    [48;2;1;1;3m[38;2;1;1;3m  [48;2;3;1;6m[38;2;3;1;6m          [48;2;1;1;3m[38;2;1;1;3m  [48;2;3;1;4m[38;2;3;1;4m  [48;2;4;2;7m[38;2;4;2;7m  [48;2;1;0;4m[38;2;13;11;16m│[48;2;78;76;81m[38;2;7;6;10m▊[48;2;231;229;231m[38;2;0;0;0m [48;2;245;243;246m[38;2;199;197;200m▁[48;2;247;243;245m[38;2;206;76;99m▄▄[48;2;240;233;232m[38;2;174;76;105m▄[48;2;178;176;173m[38;2;34;27;24m▄[48;2;2;0;3m[38;2;2;0;3m  [48;2;3;1;4m[38;2;3;1;4m  [48;2;3;1;6m[38;2;3;1;6m        [48;2;3;1;4m[38;2;3;1;4m  [0m
[48;2;1;1;1m[38;2;1;1;1m                    [48;2;2;2;4m[38;2;2;2;4m  [48;2;3;1;4m[38;2;3;1;4m  [48;2;3;1;6m[38;2;3;1;6m          [48;2;6;1;5m[38;2;3;0;2m▊[48;2;16;11;15m[38;2;11;6;10m▌[48;2;172;51;77m[38;2;208;83;109m┃[48;2;174;60;82m[38;2;43;8;8m▄[48;2;7;5;10m[38;2;0;0;0m [48;2;84;82;87m[38;2;16;14;19m▊[48;2;216;173;182m[38;2;245;232;241m▊[48;2;197;64;85m[38;2;199;97;118m▎[48;2;44;23;16m[38;2;201;66;96m▄[48;2;164;62;81m[38;2;213;64;99m▊[48;2;22;12;13m[38;2;157;56;88m▄[48;2;11;4;4m[38;2;0;0;0m [48;2;3;1;6m[38;2;3;1;6m  [48;2;1;1;3m[38;2;1;1;3m    [48;2;3;1;4m[38;2;3;1;4m  [48;2;3;1;6m[38;2;3;1;6m    [48;2;1;1;3m[38;2;1;1;3m  [0m
[48;2;1;1;1m[38;2;1;1;1m                [48;2;2;0;3m[38;2;2;0;3m  [48;2;3;1;4m[38;2;3;1;4m  [48;2;2;0;3m[38;2;2;0;3m  [48;2;1;1;1m[38;2;1;1;1m  [48;2;1;1;3m[38;2;1;1;3m    [48;2;2;0;3m[38;2;2;0;3m  [48;2;3;1;6m[38;2;3;1;6m    [48;2;15;13;16m[38;2;6;4;7m▊[48;2;48;46;49m[38;2;5;3;6m▊[48;2;206;74;103m[38;2;231;224;211m▄[48;2;208;73;103m[38;2;203;115;129m▁[48;2;57;52;56m[38;2;233;229;232m▄[48;2;238;235;238m[38;2;0;0;0m [48;2;225;180;187m[38;2;245;243;245m▊[48;2;217;92;111m[38;2;210;56;84m┃[48;2;211;69;95m[38;2;207;65;91m▌[48;2;223;81;107m[38;2;218;76;102m▌[48;2;201;89;108m[38;2;0;0;0m [48;2;26;18;23m[38;2;201;191;198m▄[48;2;1;0;2m[38;2;63;61;64m▁▁[48;2;3;1;4m[38;2;3;1;4m  [48;2;2;2;4m[38;2;2;2;4m  [48;2;1;1;1m[38;2;1;1;1m  [48;2;2;0;3m[38;2;2;0;3m  [48;2;3;1;6m[38;2;3;1;6m  [48;2;1;1;1m[38;2;1;1;1m  [0m
[48;2;1;1;1m[38;2;1;1;1m            [48;2;1;1;3m[38;2;1;1;3m  [48;2;3;1;6m[38;2;3;1;6m      [48;2;1;1;3m[38;2;1;1;3m  [48;2;1;1;1m[38;2;1;1;1m      [48;2;1;1;3m[38;2;1;1;3m    [48;2;2;0;3m[38;2;2;0;3m  [48;2;20;15;19m[38;2;0;0;0m [48;2;45;40;44m[38;2;228;224;228m▄[48;2;248;248;250m[38;2;248;248;250m  [48;2;250;250;252m[38;2;250;250;252m  [48;2;246;237;236m[38;2;0;0;0m [48;2;202;97;128m[38;2;250;239;240m▄[48;2;217;75;107m[38;2;240;226;217m▄[48;2;217;145;154m[38;2;207;79;106m▊[48;2;249;249;251m[38;2;249;249;251m  [48;2;248;247;249m[38;2;235;233;236m▎[48;2;227;225;228m[38;2;0;0;0m [48;2;26;24;29m[38;2;189;187;191m▄[48;2;1;0;4m[38;2;5;3;8m▄[48;2;2;0;3m[38;2;2;0;3m  [48;2;3;1;6m[38;2;3;1;6m  [48;2;1;1;3m[38;2;1;1;3m  [48;2;1;1;1m[38;2;1;1;1m    [0m
[48;2;1;1;1m[38;2;1;1;1m            [48;2;3;1;6m[38;2;3;1;6m      [48;2;3;1;4m[38;2;3;1;4m  [48;2;1;1;3m[38;2;1;1;3m  [48;2;1;1;1m[38;2;1;1;1m    [48;2;3;1;6m[38;2;3;1;6m  [48;2;2;0;3m[38;2;2;0;3m    [48;2;0;0;2m[38;2;4;4;6m▘[48;2;6;6;8m[38;2;27;27;29m▗[48;2;53;51;54m[38;2;233;231;233m▄[48;2;240;238;241m[38;2;0;0;0m [48;2;250;250;252m[38;2;250;250;252m      [48;2;249;249;251m[38;2;249;249;251m  [48;2;250;250;252m[38;2;250;250;252m    [48;2;229;225;228m[38;2;0;0;0m [48;2;36;32;35m[38;2;196;191;195m▄[48;2;8;6;9m[38;2;87;85;88m▁[48;2;4;3;5m[38;2;0;0;0m [48;2;3;1;6m[38;2;3;1;6m    [48;2;1;1;3m[38;2;1;1;3m  [48;2;1;1;1m[38;2;1;1;1m  [0m
[48;2;1;1;1m[38;2;1;1;1m            [48;2;1;1;3m[38;2;1;1;3m  [48;2;3;1;6m[38;2;3;1;6m  [48;2;2;0;3m[38;2;2;0;3m  [48;2;1;1;1m[38;2;1;1;1m  [48;2;3;1;6m[38;2;3;1;6m    [48;2;1;1;1m[38;2;1;1;1m    [48;2;1;1;3m[38;2;1;1;3m    [48;2;1;0;2m[38;2;7;5;8m▂[48;2;8;6;9m[38;2;21;19;22m▝[48;2;233;228;232m[38;2;43;39;42m▅[48;2;237;233;237m[38;2;115;110;114m▁[48;2;234;229;233m[38;2;101;96;100m▁[48;2;216;211;215m[38;2;43;38;42m▄[48;2;244;242;245m[38;2;240;238;241m▌[48;2;255;253;255m[38;2;251;249;252m▌[48;2;250;250;252m[38;2;250;250;252m          [48;2;93;91;94m[38;2;230;228;230m▊[48;2;14;13;15m[38;2;95;93;96m▁[48;2;2;0;3m[38;2;2;0;3m  [48;2;3;1;6m[38;2;3;1;6m    [48;2;1;1;1m[38;2;1;1;1m  [0m
[48;2;1;1;1m[38;2;1;1;1m              [48;2;2;0;3m[38;2;2;0;3m  [48;2;1;1;3m[38;2;1;1;3m    [48;2;3;1;6m[38;2;3;1;6m  [48;2;3;1;4m[38;2;3;1;4m  [48;2;1;1;3m[38;2;1;1;3m  [48;2;1;1;1m[38;2;1;1;1m    [48;2;3;1;4m[38;2;3;1;4m  [48;2;3;1;6m[38;2;3;1;6m    [48;2;3;1;4m[38;2;9;7;10m┃[48;2;7;5;8m[38;2;40;38;41m▝[48;2;228;224;228m[38;2;83;78;82m▅[48;2;236;232;235m[38;2;116;111;115m▁[48;2;250;250;252m[38;2;250;250;252m    [48;2;243;241;244m[38;2;0;0;0m [48;2;243;242;244m[38;2;124;122;125m▁[48;2;223;219;222m[38;2;88;83;87m▁[48;2;237;233;237m[38;2;62;57;61m▅[48;2;240;240;241m[38;2;139;139;141m▁[48;2;249;249;251m[38;2;0;0;0m [48;2;253;252;255m[38;2;243;241;246m▌[48;2;62;60;65m[38;2;233;231;235m▊[48;2;3;1;6m[38;2;3;1;6m      [48;2;2;0;3m[38;2;2;0;3m  [0m
[48;2;1;1;1m[38;2;1;1;1m                [48;2;3;1;4m[38;2;3;1;4m  [48;2;3;1;6m[38;2;3;1;6m  [48;2;2;0;3m[38;2;2;0;3m  [48;2;3;1;6m[38;2;3;1;6m  [48;2;2;0;3m[38;2;2;0;3m  [48;2;1;1;1m[38;2;1;1;1m    [48;2;3;1;6m[38;2;3;1;6m  [48;2;3;1;4m[38;2;3;1;4m  [48;2;2;0;3m[38;2;2;0;3m  [48;2;9;5;8m[38;2;33;28;32m▁[48;2;40;35;39m[38;2;156;151;155m▁[48;2;232;228;231m[38;2;0;0;0m [48;2;60;55;59m[38;2;213;208;212m▅[48;2;224;220;224m[38;2;67;62;66m▅[48;2;235;231;234m[38;2;25;21;24m▅[48;2;232;230;235m[38;2;25;23;28m▅▅[48;2;207;203;206m[38;2;60;55;59m▅[48;2;29;25;28m[38;2;222;218;222m▅[48;2;73;71;75m[38;2;212;210;214m┓[48;2;9;7;12m[38;2;0;0;0m [48;2;173;171;174m[38;2;1;0;2m▊[48;2;255;254;255m[38;2;254;252;255m▄[48;2;249;248;253m[38;2;255;254;255m│[48;2;52;51;56m[38;2;229;228;231m▊[48;2;3;1;6m[38;2;3;1;6m      [48;2;1;1;3m[38;2;1;1;3m  [0m
[48;2;1;1;1m[38;2;1;1;1m                    [48;2;0;0;0m[38;2;0;0;0m  [48;2;1;1;3m[38;2;1;1;3m  [48;2;1;1;1m[38;2;1;1;1m    [48;2;2;0;3m[38;2;2;0;3m  [48;2;1;1;3m[38;2;1;1;3m  [48;2;3;1;6m[38;2;3;1;6m  [48;2;10;8;11m[38;2;3;1;4m▚[48;2;6;4;7m[38;2;1;0;2m▌[48;2;48;46;49m[38;2;226;224;227m▅[48;2;241;239;242m[38;2;0;0;0m [48;2;250;250;252m[38;2;250;250;252m  [48;2;236;234;236m[38;2;0;0;0m [48;2;28;27;29m[38;2;208;206;209m▅[48;2;78;73;77m[38;2;17;12;16m▊[48;2;29;25;28m[38;2;198;193;197m▅[48;2;137;135;138m[38;2;17;16;18m▊[48;2;234;232;235m[38;2;252;250;252m┃[48;2;230;228;231m[38;2;0;0;0m [48;2;76;74;77m[38;2;221;219;222m┓[48;2;172;170;175m[38;2;1;0;4m▊[48;2;255;254;255m[38;2;253;251;255m▄[48;2;249;248;253m[38;2;255;254;255m│[48;2;52;51;56m[38;2;229;228;231m▊[48;2;1;1;3m[38;2;1;1;3m      [48;2;1;1;1m[38;2;1;1;1m  [0m
[48;2;1;1;1m[38;2;1;1;1m                        [48;2;1;1;3m[38;2;1;1;3m  [48;2;3;1;6m[38;2;3;1;6m  [48;2;2;0;3m[38;2;2;0;3m    [48;2;3;1;6m[38;2;3;1;6m  [48;2;12;8;11m[38;2;0;0;0m [48;2;38;34;37m[38;2;167;162;166m▁[48;2;255;255;255m[38;2;237;237;239m▌[48;2;253;253;254m[38;2;245;245;247m┃[48;2;250;250;252m[38;2;250;250;252m  [48;2;240;240;242m[38;2;253;253;254m┃[48;2;181;181;183m[38;2;244;244;245m▊[48;2;128;123;127m[38;2;48;43;47m▊[48;2;221;216;220m[38;2;97;92;96m▁[48;2;62;56;60m[38;2;210;205;208m▅[48;2;226;221;225m[38;2;61;55;59m▅[48;2;248;248;249m[38;2;0;0;0m [48;2;230;230;232m [48;2;87;68;73m[38;2;233;227;232m▅[48;2;240;239;240m[38;2;208;119;149m▁[48;2;212;207;209m[38;2;127;102;110m▁[48;2;176;158;165m[38;2;17;16;16m▅[48;2;1;1;1m[38;2;1;1;1m      [48;2;1;1;3m[38;2;1;1;3m  [0m
[48;2;1;1;1m[38;2;1;1;1m                    [48;2;2;0;3m[38;2;2;0;3m  [48;2;1;1;1m[38;2;1;1;1m  [48;2;3;1;6m[38;2;3;1;6m    [48;2;1;1;3m[38;2;1;1;3m  [48;2;2;0;3m[38;2;2;0;3m  [48;2;1;1;3m[38;2;1;1;3m  [48;2;68;66;69m[38;2;8;6;9m▊[48;2;251;249;252m[38;2;192;190;193m▎[48;2;250;250;252m[38;2;250;250;252m      [48;2;156;152;153m[38;2;245;243;244m▊[48;2;55;51;52m[38;2;179;175;176m▁[48;2;232;230;233m[38;2;0;0;0m [48;2;73;71;74m[38;2;237;236;238m▅[48;2;250;250;252m[38;2;250;250;252m  [48;2;185;123;138m[38;2;238;236;240m▊[48;2;202;66;91m[38;2;44;21;9m▁[48;2;161;48;78m[38;2;68;36;40m▂[48;2;5;7;1m[38;2;0;0;0m [48;2;1;1;1m[38;2;1;1;1m        [0m
[48;2;1;1;1m[38;2;1;1;1m                  [48;2;1;1;3m[38;2;1;1;3m  [48;2;2;0;3m[38;2;2;0;3m  [48;2;1;1;3m[38;2;1;1;3m  [48;2;3;1;6m[38;2;3;1;6m    [48;2;2;0;3m[38;2;2;0;3m  [48;2;1;1;3m[38;2;1;1;3m  [48;2;1;1;1m[38;2;1;1;1m  [48;2;79;77;80m[38;2;8;6;9m▊[48;2;248;247;249m[38;2;202;200;203m▎[48;2;250;250;252m[38;2;250;250;252m    [48;2;237;237;239m[38;2;251;251;252m▊[48;2;193;193;195m[38;2;243;243;244m▊[48;2;216;214;216m[38;2;53;52;54m▅[48;2;250;249;251m[38;2;230;229;231m▎[48;2;250;250;252m[38;2;250;250;252m    [48;2;89;84;88m[38;2;240;236;240m▊[48;2;3;0;2m[38;2;12;7;11m│[48;2;1;1;3m[38;2;1;1;3m  [48;2;1;1;1m[38;2;1;1;1m        [0m
[48;2;1;1;1m[38;2;1;1;1m                  [48;2;2;0;3m[38;2;2;0;3m    [48;2;3;1;6m[38;2;3;1;6m      [48;2;1;1;3m[38;2;1;1;3m  [48;2;1;1;1m[38;2;1;1;1m  [48;2;1;1;3m[38;2;1;1;3m  [48;2;70;65;69m[38;2;10;5;9m▊[48;2;252;248;252m[38;2;194;189;193m▎[48;2;250;250;252m[38;2;250;250;252m    [48;2;240;238;240m[38;2;0;0;0m [48;2;209;207;210m[38;2;26;24;27m▁[48;2;107;102;106m[38;2;20;15;19m▊[48;2;229;225;228m[38;2;47;42;46m▁[48;2;250;250;252m[38;2;250;250;252m    [48;2;88;83;87m[38;2;240;236;239m▊[48;2;3;0;2m[38;2;11;6;10m│[48;2;1;1;3m[38;2;1;1;3m  [48;2;1;1;1m[38;2;1;1;1m        [0m
[48;2;4;2;10m[38;2;23;2;126m▂▂▂▂▂▂▂▂▂▂▂▂▂▂▂▂▂▂[48;2;5;3;12m[38;2;24;2;129m▂▂[48;2;4;2;10m[38;2;23;2;126m▂▂[48;2;5;3;12m[38;2;24;2;129m▂▂▂▂▂▂[48;2;5;3;11m[38;2;24;3;127m▂▂[48;2;4;2;10m[38;2;23;2;126m▂▂[48;2;5;3;12m[38;2;24;2;129m▂▂[48;2;15;9;28m[38;2;45;16;170m▁[48;2;227;223;228m[38;2;54;44;90m▆[48;2;243;243;245m[38;2;239;239;241m▌[48;2;254;254;255m[38;2;250;250;252m▌[48;2;250;250;252m  [48;2;172;167;171m[38;2;245;240;244m▊[48;2;17;12;16m[38;2;176;171;175m▂[48;2;9;4;10m[38;2;26;4;125m▂[48;2;38;31;50m[38;2;58;31;181m▁[48;2;248;248;250m[38;2;248;248;250m  [48;2;252;251;254m[38;2;244;243;248m▝[48;2;245;244;248m[38;2;217;216;221m▗[48;2;89;79;117m[38;2;199;189;225m▊[48;2;12;6;24m[38;2;46;19;187m▁[48;2;4;2;10m[38;2;23;2;126m▂▂▂▂▂▂▂▂▂▂[0m
[48;2;38;3;183m[38;2;38;3;183m                                  [48;2;40;5;185m[38;2;40;5;185m  [48;2;234;230;243m[38;2;62;40;180m▆[48;2;245;245;239m[38;2;223;217;245m▎[48;2;250;250;252m[38;2;250;250;252m  [48;2;255;254;255m[38;2;246;245;251m▌[48;2;175;174;180m[38;2;246;245;249m▊[48;2;40;10;178m[38;2;0;0;0m [48;2;73;49;191m[38;2;209;197;232m▂[48;2;250;250;252m[38;2;250;250;252m  [48;2;252;252;251m[38;2;237;234;253m│[48;2;123;111;183m[38;2;241;241;239m▊[48;2;37;2;184m[38;2;37;2;184m  [48;2;38;3;183m[38;2;38;3;183m          [0m
[48;2;38;3;183m[38;2;38;3;183m                                    [48;2;76;53;186m[38;2;37;9;184m▊[48;2;234;230;239m[38;2;80;60;174m▂[48;2;249;249;251m[38;2;249;249;251m  [48;2;255;254;255m[38;2;246;245;251m▌[48;2;175;174;180m[38;2;246;245;249m▊[48;2;113;96;192m[38;2;36;5;185m▊[48;2;250;249;243m[38;2;229;224;247m▎[48;2;250;250;252m[38;2;250;250;252m  [48;2;253;253;251m[38;2;238;235;254m│[48;2;124;112;184m[38;2;242;242;240m▊[48;2;37;2;184m[38;2;37;2;184m  [48;2;38;3;183m[38;2;38;3;183m          [0m
[48;2;38;3;185m[38;2;38;3;185m                                    [48;2;47;11;198m[38;2;35;0;187m┃[48;2;82;51;207m[38;2;35;5;168m▊[48;2;249;249;250m[38;2;206;206;208m▎[48;2;241;241;243m[38;2;253;253;254m┃[48;2;255;254;255m[38;2;246;245;251m▌[48;2;175;174;180m[38;2;246;245;249m▊[48;2;113;96;192m[38;2;36;5;185m▊[48;2;250;249;243m[38;2;229;224;247m▎[48;2;250;250;252m[38;2;250;250;252m  [48;2;181;172;214m[38;2;246;245;243m▊[48;2;190;178;229m[38;2;42;17;180m▆[48;2;38;3;185m[38;2;38;3;185m            [0m
[48;2;38;3;185m[38;2;38;3;185m                                    [48;2;39;4;184m[38;2;39;4;184m  [48;2;206;202;219m[38;2;66;45;184m▆[48;2;249;247;245m[38;2;234;230;240m▎[48;2;245;241;245m[38;2;0;0;0m [48;2;228;216;222m[38;2;167;92;119m▂[48;2;41;10;177m[38;2;0;0;0m [48;2;206;193;229m[38;2;67;39;186m▆[48;2;239;234;237m[38;2;210;104;140m▂[48;2;241;240;242m[38;2;0;0;0m [48;2;208;199;232m[38;2;54;28;184m▂[48;2;40;12;179m[38;2;34;6;177m▄[48;2;38;3;185m[38;2;38;3;185m            [0m
[48;2;38;3;185m[38;2;38;3;185m                                  [48;2;38;3;183m[38;2;38;3;183m  [48;2;34;4;166m[38;2;15;5;40m▂▂[48;2;47;16;174m[38;2;36;19;66m▃[48;2;238;195;200m[38;2;205;72;99m▆[48;2;225;192;187m[38;2;217;78;109m▆[48;2;132;56;66m[38;2;212;73;104m▊[48;2;47;13;171m[38;2;9;14;19m▂[48;2;128;44;121m[38;2;107;33;48m▄[48;2;224;127;148m[38;2;210;70;96m▊[48;2;214;203;212m[38;2;175;74;112m▂[48;2;34;4;168m[38;2;15;5;41m▂▂[48;2;38;3;185m[38;2;38;3;185m            [0m
[48;2;38;3;185m[38;2;38;3;185m                                  [48;2;39;7;178m[38;2;32;9;129m╺[48;2;33;11;124m[38;2;8;1;30m━[48;2;17;6;6m[38;2;0;0;0m [48;2;67;29;37m[38;2;187;65;102m━[48;2;79;32;35m[38;2;214;59;98m━[48;2;184;62;89m[38;2;27;9;7m▂[48;2;168;50;88m[38;2;8;6;4m▆▆[48;2;2;4;2m[38;2;9;11;10m┏[48;2;53;26;35m[38;2;17;2;5m▊[48;2;210;68;100m[38;2;46;20;15m▃▃[48;2;87;35;43m[38;2;79;28;36m▄[48;2;15;7;20m[38;2;0;0;0m [48;2;29;7;114m[38;2;29;7;114m▄[48;2;40;5;185m[38;2;40;5;185m▄[48;2;38;3;185m[38;2;38;3;185m          [0m
[48;2;38;3;185m[38;2;38;3;185m                                  [48;2;38;3;183m[38;2;38;3;183m  [48;2;19;7;45m[38;2;38;5;181m▆▆[48;2;19;8;43m[38;2;38;5;179m▆▆▆▆▆▆▆▆[48;2;20;5;63m[38;2;39;5;181m▆▆[48;2;38;3;185m[38;2;38;3;185m            [0m
[48;2;40;2;185m[38;2;40;2;185m                                                            [0m
[48;2;40;2;185m[38;2;40;2;185m                                                            [0m
