[48;2;1;1;1m[38;2;1;1;1m                                                            [0m
[48;2;1;1;1m[38;2;1;1;1m                                                            [0m
[48;2;1;1;1m[38;2;1;1;1m                                                            [0m
[48;2;1;1;1m[38;2;1;1;1m                                                      [48;2;1;1;3m[38;2;1;1;3m  [48;2;1;1;1m[38;2;1;1;1m    [0m
[48;2;1;1;1m[38;2;1;1;1m                          [48;2;3;1;6m[38;2;3;1;6m  [48;2;1;1;3m[38;2;1;1;3m  [48;2;1;1;1m[38;2;1;1;1m        [48;2;3;1;4m[38;2;3;1;4m  [48;2;3;1;6m[38;2;3;1;6m  [48;2;3;1;4m[38;2;3;1;4m  [48;2;1;1;3m[38;2;1;1;3m  [48;2;1;1;1m[38;2;1;1;1m      [48;2;3;1;4m[38;2;3;1;4m  [48;2;3;1;6m[38;2;3;1;6m  [48;2;2;0;3m[38;2;2;0;3m  [48;2;1;1;1m[38;2;1;1;1m  [0m
[48;2;1;1;1m[38;2;1;1;1m                        [48;2;1;1;3m[38;2;1;1;3m  [48;2;3;1;6m[38;2;3;1;6m    [48;2;2;0;3m[38;2;2;0;3m  [48;2;1;1;3m[38;2;1;1;3m  [48;2;2;0;3m[38;2;2;0;3m  [48;2;1;1;3m[38;2;1;1;3m  [48;2;2;0;3m[38;2;2;0;3m  [48;2;5;3;8m[38;2;5;3;8m    [48;2;3;1;6m[38;2;3;1;6m  [48;2;1;1;1m[38;2;1;1;1m    [48;2;3;1;6m[38;2;3;1;6m      [48;2;1;1;3m[38;2;1;1;3m  [48;2;1;1;1m[38;2;1;1;1m  [0m
[48;2;1;1;1m[38;2;1;1;1m                    [48;2;3;1;6m[38;2;3;1;6m    [48;2;3;1;4m[38;2;3;1;4m  [48;2;3;1;6m[38;2;3;1;6m    [48;2;2;0;3m[38;2;2;0;3m  [48;2;3;1;6m[38;2;3;1;6m      [48;2;17;13;16m[38;2;0;0;0m [48;2;37;33;36m[38;2;217;212;216m▄[48;2;163;161;164m[38;2;244;243;245m▇▇[48;2;161;159;162m▇[48;2;136;134;137m[38;2;231;229;231m▇[48;2;42;38;41m[38;2;203;198;202m▃[48;2;12;7;11m[38;2;3;0;2m┏[48;2;2;0;3m[38;2;2;0;3m  [48;2;3;1;4m[38;2;3;1;4m  [48;2;3;1;6m[38;2;3;1;6m      [48;2;1;1;3m[38;2;1;1;3m  [48;2;1;1;1m[38;2;1;1;1m  [0m
[48;2;1;1;1m[38;2;1;1;1m                    [48;2;1;1;3m[38;2;1;1;3m  [48;2;3;1;6m[38;2;3;1;6m          [48;2;1;1;3m[38;2;1;1;3m  [48;2;3;1;4m[38;2;3;1;4m  [48;2;3;1;6m[38;2;3;1;6m  [48;2;98;92;96m[38;2;11;6;9m▊[48;2;209;203;207m[38;2;250;247;250m┃[48;2;238;224;220m[38;2;188;63;95m▄[48;2;209;85;117m[38;2;42;26;22m▄[48;2;216;75;109m[38;2;150;51;71m▗[48;2;189;79;103m[38;2;28;17;9m▄[48;2;70;68;73m[38;2;10;8;13m▇[48;2;4;2;7m[38;2;0;0;0m [48;2;2;0;3m[38;2;2;0;3m  [48;2;3;1;4m[38;2;3;1;4m  [48;2;3;1;6m[38;2;3;1;6m        [48;2;3;1;4m[38;2;3;1;4m  [0m
[48;2;1;1;1m[38;2;1;1;1m                    [48;2;2;2;4m[38;2;2;2;4m  [48;2;3;1;4m[38;2;3;1;4m  [48;2;3;1;6m[38;2;3;1;6m            [48;2;7;5;10m[38;2;26;24;29m▂[48;2;6;5;9m[38;2;58;56;61m▗[48;2;47;37;40m[38;2;230;221;225m▄[48;2;206;195;199m[38;2;235;226;230m▊[48;2;212;70;96m[38;2;212;70;96m  [48;2;215;67;95m[38;2;222;86;111m▘[48;2;129;33;44m[38;2;203;72;95m▊[48;2;4;3;5m[38;2;45;43;46m▁▁[48;2;3;1;6m[38;2;3;1;6m  [48;2;1;1;3m[38;2;1;1;3m    [48;2;3;1;4m[38;2;3;1;4m  [48;2;3;1;6m[38;2;3;1;6m    [48;2;1;1;3m[38;2;1;1;3m  [0m
[48;2;1;1;1m[38;2;1;1;1m                [48;2;2;0;3m[38;2;2;0;3m  [48;2;3;1;4m[38;2;3;1;4m  [48;2;2;0;3m[38;2;2;0;3m  [48;2;1;1;1m[38;2;1;1;1m  [48;2;1;1;3m[38;2;1;1;3m    [48;2;2;0;3m[38;2;2;0;3m  [48;2;3;1;6m[38;2;3;1;6m    [48;2;3;0;2m[38;2;28;23;27m▗[48;2;38;33;37m[38;2;228;224;227m▄[48;2;239;234;238m[38;2;0;0;0m [48;2;208;203;207m[38;2;243;239;242m▇[48;2;246;213;210m[38;2;209;80;108m▄[48;2;211;80;108m[38;2;0;0;0m [48;2;214;76;101m[38;2;213;75;100m▄▄[48;2;229;119;142m[38;2;206;62;97m▊[48;2;219;106;131m[38;2;241;229;221m▄[48;2;204;202;205m[38;2;246;244;247m▇[48;2;241;239;242m[38;2;177;175;178m▝[48;2;21;20;22m[38;2;232;231;233m▄[48;2;19;17;20m[38;2;201;199;201m▄[48;2;6;5;7m[38;2;41;39;42m▂[48;2;1;0;2m[38;2;3;1;4m▄[48;2;2;2;4m[38;2;2;2;4m  [48;2;1;1;1m[38;2;1;1;1m  [48;2;2;0;3m[38;2;2;0;3m  [48;2;3;1;6m[38;2;3;1;6m  [48;2;1;1;1m[38;2;1;1;1m  [0m
[48;2;1;1;1m[38;2;1;1;1m            [48;2;1;1;3m[38;2;1;1;3m  [48;2;3;1;6m[38;2;3;1;6m      [48;2;1;1;3m[38;2;1;1;3m  [48;2;1;1;1m[38;2;1;1;1m      [48;2;1;1;3m[38;2;1;1;3m    [48;2;1;0;2m[38;2;5;3;6m▘[48;2;7;5;8m[38;2;28;26;29m▗[48;2;41;39;42m[38;2;226;225;227m▄[48;2;241;240;242m[38;2;0;0;0m [48;2;253;252;254m[38;2;247;245;248m▃[48;2;245;243;246m[38;2;232;230;233m▝[48;2;208;94;113m[38;2;250;241;247m▄▄[48;2;248;246;248m[38;2;232;230;233m▘▝[48;2;210;111;140m[38;2;247;241;240m▄[48;2;247;243;241m[38;2;0;0;0m [48;2;250;250;252m[38;2;250;250;252m    [48;2;223;221;224m[38;2;0;0;0m [48;2;22;21;23m[38;2;194;192;195m▄[48;2;9;8;10m[38;2;69;67;70m▁[48;2;1;0;2m[38;2;3;1;4m▄[48;2;3;1;6m[38;2;3;1;6m  [48;2;1;1;3m[38;2;1;1;3m  [48;2;1;1;1m[38;2;1;1;1m    [0m
[48;2;1;1;1m[38;2;1;1;1m            [48;2;3;1;6m[38;2;3;1;6m      [48;2;3;1;4m[38;2;3;1;4m  [48;2;1;1;3m[38;2;1;1;3m  [48;2;1;1;1m[38;2;1;1;1m    [48;2;3;1;6m[38;2;3;1;6m  [48;2;2;0;3m[38;2;2;0;3m    [48;2;1;0;2m[38;2;6;4;7m▂[48;2;7;5;8m[38;2;20;18;21m▝[48;2;208;206;209m[38;2;28;26;29m▄[48;2;239;237;240m[38;2;121;119;122m▁[48;2;245;245;246m[38;2;146;146;148m▁[48;2;246;246;248m[38;2;0;0;0m [48;2;250;250;252m[38;2;250;250;252m        [48;2;245;245;247m[38;2;0;0;0m [48;2;245;245;246m[38;2;164;164;166m▁[48;2;250;250;252m[38;2;250;250;252m  [48;2;82;80;83m[38;2;232;231;233m▊[48;2;8;7;9m[38;2;77;75;78m▁[48;2;3;1;6m[38;2;3;1;6m    [48;2;1;1;3m[38;2;1;1;3m  [48;2;1;1;1m[38;2;1;1;1m  [0m
[48;2;1;1;1m[38;2;1;1;1m            [48;2;1;1;3m[38;2;1;1;3m  [48;2;3;1;6m[38;2;3;1;6m  [48;2;2;0;3m[38;2;2;0;3m  [48;2;1;1;1m[38;2;1;1;1m  [48;2;3;1;6m[38;2;3;1;6m    [48;2;1;1;1m[38;2;1;1;1m    [48;2;1;1;3m[38;2;1;1;3m    [48;2;3;1;4m[38;2;3;1;4m  [48;2;3;1;6m[38;2;3;1;6m  [48;2;3;0;2m[38;2;7;2;6m▄[48;2;232;228;232m[38;2;50;45;49m▅[48;2;244;242;245m[38;2;240;238;241m▌[48;2;255;253;255m[38;2;251;249;252m▌[48;2;250;250;252m[38;2;250;250;252m    [48;2;248;246;249m[38;2;0;0;0m [48;2;229;228;230m [48;2;206;202;205m[38;2;25;21;24m▅[48;2;28;24;27m[38;2;0;0;0m [48;2;221;220;222m[38;2;60;58;61m▄[48;2;247;246;248m[38;2;0;0;0m [48;2;250;248;253m[38;2;255;254;255m│[48;2;53;51;56m[38;2;229;228;231m▊[48;2;2;0;5m[38;2;2;0;5m  [48;2;3;1;6m[38;2;3;1;6m    [48;2;1;1;1m[38;2;1;1;1m  [0m
[48;2;1;1;1m[38;2;1;1;1m              [48;2;2;0;3m[38;2;2;0;3m  [48;2;1;1;3m[38;2;1;1;3m    [48;2;3;1;6m[38;2;3;1;6m  [48;2;3;1;4m[38;2;3;1;4m  [48;2;1;1;3m[38;2;1;1;3m  [48;2;1;1;1m[38;2;1;1;1m    [48;2;3;1;4m[38;2;3;1;4m  [48;2;3;1;6m[38;2;3;1;6m    [48;2;4;2;5m[38;2;10;8;11m│[48;2;6;5;7m[38;2;39;37;40m▝[48;2;228;224;228m[38;2;83;78;82m▅[48;2;236;232;235m[38;2;116;111;115m▁[48;2;250;250;252m[38;2;250;250;252m    [48;2;244;242;244m[38;2;0;0;0m [48;2;196;194;197m [48;2;5;3;8m[38;2;5;3;8m  [48;2;177;175;178m[38;2;36;34;37m▊[48;2;255;254;255m[38;2;248;246;249m▄[48;2;239;238;240m[38;2;0;0;0m [48;2;51;49;52m[38;2;213;211;214m▊[48;2;3;1;6m[38;2;3;1;6m      [48;2;2;0;3m[38;2;2;0;3m  [0m
[48;2;1;1;1m[38;2;1;1;1m                [48;2;3;1;4m[38;2;3;1;4m  [48;2;3;1;6m[38;2;3;1;6m  [48;2;2;0;3m[38;2;2;0;3m  [48;2;3;1;6m[38;2;3;1;6m  [48;2;2;0;3m[38;2;2;0;3m  [48;2;1;1;1m[38;2;1;1;1m    [48;2;3;1;6m[38;2;3;1;6m  [48;2;3;1;4m[38;2;3;1;4m  [48;2;2;0;3m[38;2;2;0;3m  [48;2;59;54;58m[38;2;10;6;9m▊[48;2;46;41;45m[38;2;217;213;217m▅[48;2;236;232;235m[38;2;0;0;0m [48;2;59;54;58m[38;2;212;207;211m▅[48;2;217;212;216m[38;2;33;29;32m▅[48;2;228;224;227m[38;2;27;22;26m▅[48;2;233;231;236m[38;2;26;24;29m▅▅[48;2;197;192;196m[38;2;96;91;94m▅[48;2;31;26;29m[38;2;203;198;202m▅[48;2;22;15;18m[38;2;178;148;160m▁[48;2;168;157;163m[38;2;28;18;22m▊[48;2;241;241;243m[38;2;251;251;252m▄[48;2;250;250;251m[38;2;240;240;242m▃[48;2;70;65;69m[38;2;209;204;208m▊[48;2;8;4;7m[38;2;23;18;22m╺[48;2;3;1;6m[38;2;3;1;6m      [48;2;1;1;3m[38;2;1;1;3m  [0m
[48;2;1;1;1m[38;2;1;1;1m                    [48;2;0;0;0m[38;2;0;0;0m  [48;2;1;1;3m[38;2;1;1;3m  [48;2;1;1;1m[38;2;1;1;1m    [48;2;2;0;3m[38;2;2;0;3m  [48;2;1;1;3m[38;2;1;1;3m  [48;2;3;1;6m[38;2;3;1;6m  [48;2;1;1;3m[38;2;1;1;3m  [48;2;79;77;80m[38;2;8;6;9m▊[48;2;248;247;249m[38;2;202;200;203m▎[48;2;246;246;248m[38;2;255;255;255m┃[48;2;173;173;175m[38;2;240;240;242m▊[48;2;68;63;69m[38;2;18;13;19m▊[48;2;24;19;25m[38;2;201;197;202m▅[48;2;82;77;81m[38;2;19;14;18m▊[48;2;55;50;54m[38;2;226;222;225m▅[48;2;249;249;251m[38;2;249;249;251m  [48;2;190;131;145m[38;2;242;244;248m▊[48;2;209;80;103m[38;2;56;20;13m▁[48;2;241;234;235m[38;2;130;53;76m▅[48;2;180;175;175m[38;2;24;18;16m▅[48;2;3;1;6m[38;2;3;1;6m  [48;2;1;1;3m[38;2;1;1;3m      [48;2;1;1;1m[38;2;1;1;1m  [0m
[48;2;1;1;1m[38;2;1;1;1m                        [48;2;1;1;3m[38;2;1;1;3m  [48;2;3;1;6m[38;2;3;1;6m  [48;2;2;0;3m[38;2;2;0;3m    [48;2;3;1;6m[38;2;3;1;6m  [48;2;1;1;3m[38;2;1;1;3m  [48;2;79;77;80m[38;2;8;6;9m▊[48;2;248;247;249m[38;2;202;200;203m▎[48;2;250;250;251m[38;2;0;0;0m [48;2;249;249;250m[38;2;211;211;213m▝[48;2;57;52;55m[38;2;222;217;221m▅[48;2;198;193;197m[38;2;87;82;85m▅[48;2;66;60;64m[38;2;159;154;157m▅[48;2;224;219;223m[38;2;56;51;54m▅[48;2;249;249;251m[38;2;249;249;251m  [48;2;111;109;112m[38;2;240;238;240m▊[48;2;1;0;2m[38;2;25;23;26m▎[48;2;3;1;6m[38;2;3;1;6m  [48;2;3;1;4m[38;2;3;1;4m  [48;2;1;1;1m[38;2;1;1;1m      [48;2;1;1;3m[38;2;1;1;3m  [0m
[48;2;1;1;1m[38;2;1;1;1m                    [48;2;2;0;3m[38;2;2;0;3m  [48;2;1;1;1m[38;2;1;1;1m  [48;2;3;1;6m[38;2;3;1;6m    [48;2;1;1;3m[38;2;1;1;3m  [48;2;2;0;3m[38;2;2;0;3m  [48;2;1;1;3m[38;2;1;1;3m  [48;2;3;1;6m[38;2;3;1;6m  [48;2;79;77;80m[38;2;8;6;9m▊[48;2;248;247;249m[38;2;202;200;203m▎[48;2;250;250;252m[38;2;250;250;252m  [48;2;249;249;251m[38;2;233;233;235m╵[48;2;238;238;239m[38;2;0;0;0m [48;2;46;41;45m[38;2;238;234;238m▅[48;2;50;45;49m[38;2;220;215;219m▅[48;2;220;215;219m[38;2;109;104;108m▅[48;2;245;241;244m[38;2;0;0;0m [48;2;111;109;112m[38;2;240;238;240m▊[48;2;1;0;2m[38;2;25;23;26m▎[48;2;3;1;6m[38;2;3;1;6m  [48;2;1;1;3m[38;2;1;1;3m  [48;2;1;1;1m[38;2;1;1;1m        [0m
[48;2;1;1;1m[38;2;1;1;1m                  [48;2;1;1;3m[38;2;1;1;3m  [48;2;2;0;3m[38;2;2;0;3m  [48;2;1;1;3m[38;2;1;1;3m  [48;2;3;1;6m[38;2;3;1;6m    [48;2;2;0;3m[38;2;2;0;3m  [48;2;1;1;3m[38;2;1;1;3m  [48;2;1;1;1m[38;2;1;1;1m  [48;2;3;1;6m[38;2;3;1;6m  [48;2;15;11;16m[38;2;0;0;0m [48;2;213;208;213m[38;2;41;36;42m▅[48;2;243;243;245m[38;2;239;239;241m▌[48;2;254;254;255m[38;2;250;250;252m▌[48;2;250;250;252m    [48;2;250;248;250m[38;2;234;232;235m╷[48;2;175;173;176m[38;2;245;243;245m▊[48;2;179;174;178m[38;2;18;14;17m▅[48;2;10;5;9m[38;2;3;0;2m┫[48;2;3;1;6m[38;2;3;1;6m  [48;2;2;0;3m[38;2;2;0;3m  [48;2;1;1;1m[38;2;1;1;1m        [0m
[48;2;1;1;1m[38;2;1;1;1m                  [48;2;2;0;3m[38;2;2;0;3m    [48;2;3;1;6m[38;2;3;1;6m      [48;2;1;1;3m[38;2;1;1;3m  [48;2;1;1;1m[38;2;1;1;1m  [48;2;1;1;3m[38;2;1;1;3m  [48;2;3;1;6m[38;2;3;1;6m  [48;2;2;0;5m[38;2;10;8;13m│[48;2;99;97;102m[38;2;9;7;12m▊[48;2;249;248;252m[38;2;206;205;210m▎[48;2;241;240;245m[38;2;253;252;255m┃[48;2;250;250;252m[38;2;250;250;252m    [48;2;255;254;255m[38;2;255;253;255m┃[48;2;132;130;133m[38;2;241;239;242m▊[48;2;3;1;6m[38;2;3;1;6m    [48;2;1;1;3m[38;2;1;1;3m  [48;2;1;1;1m[38;2;1;1;1m        [0m
[48;2;4;2;10m[38;2;23;2;126m▂▂▂▂▂▂▂▂▂▂▂▂▂▂▂▂▂▂[48;2;5;3;12m[38;2;24;2;129m▂▂[48;2;4;2;10m[38;2;23;2;126m▂▂[48;2;5;3;12m[38;2;24;2;129m▂▂▂▂▂▂[48;2;5;3;11m[38;2;24;3;127m▂▂[48;2;4;2;10m[38;2;23;2;126m▂▂[48;2;5;3;12m[38;2;24;2;129m▂▂▂▂[48;2;9;4;12m[38;2;26;5;127m▂[48;2;32;25;45m[38;2;52;24;177m▁[48;2;255;255;255m[38;2;236;236;238m▌[48;2;252;252;253m[38;2;244;244;246m┃[48;2;250;250;252m[38;2;250;250;252m    [48;2;224;221;227m[38;2;0;0;0m [48;2;173;171;178m[38;2;24;15;66m▅[48;2;7;2;12m[38;2;26;1;129m▂▂[48;2;5;3;12m[38;2;24;2;129m▂▂[48;2;4;2;10m[38;2;23;2;126m▂▂▂▂▂▂▂▂▂▂[0m
[48;2;38;3;183m[38;2;38;3;183m                                    [48;2;40;5;183m[38;2;40;5;183m  [48;2;230;226;239m[38;2;72;50;187m▆[48;2;249;247;243m[38;2;220;217;223m▎[48;2;250;250;252m[38;2;250;250;252m    [48;2;139;127;189m[38;2;243;241;248m▊[48;2;31;0;188m[38;2;60;37;171m▎[48;2;38;3;183m[38;2;38;3;183m              [0m
[48;2;38;3;183m[38;2;38;3;183m                                      [48;2;135;122;191m[38;2;33;8;183m▊[48;2;235;235;225m[38;2;253;251;255m┃[48;2;250;250;252m[38;2;250;250;252m  [48;2;251;250;253m[38;2;245;244;249m▖[48;2;185;184;190m[38;2;242;241;245m▊[48;2;203;192;230m[38;2;47;15;179m▆[48;2;35;6;175m[38;2;45;9;204m▝[48;2;38;3;183m[38;2;38;3;183m              [0m
[48;2;38;3;185m[38;2;38;3;185m                                      [48;2;128;113;182m[38;2;38;9;186m▊[48;2;255;252;249m[38;2;220;216;213m▎[48;2;250;250;252m[38;2;250;250;252m  [48;2;250;250;251m[38;2;249;249;242m▌[48;2;154;150;177m[38;2;245;242;254m▊[48;2;38;3;183m[38;2;38;3;183m  [48;2;38;3;185m[38;2;38;3;185m              [0m
[48;2;38;3;185m[38;2;38;3;185m                                      [48;2;45;13;192m[38;2;0;0;0m [48;2;209;199;225m[38;2;64;40;173m▆[48;2;244;239;240m[38;2;0;0;0m [48;2;241;234;235m[38;2;206;113;142m▂[48;2;181;173;218m[38;2;247;243;252m▊[48;2;191;183;213m[38;2;43;19;175m▆[48;2;38;3;185m[38;2;38;3;185m                [0m
[48;2;38;3;185m[38;2;38;3;185m                                    [48;2;35;0;185m[38;2;32;1;158m▗[48;2;40;7;169m[38;2;19;7;46m▂[48;2;40;5;163m[38;2;27;12;35m▂[48;2;60;26;170m[38;2;168;71;107m▂[48;2;234;185;182m[38;2;213;78;103m▆[48;2;204;99;114m[38;2;222;74;103m▆[48;2;215;178;199m[38;2;214;77;98m▆[48;2;47;17;164m[38;2;189;72;103m▆[48;2;35;5;169m[38;2;16;6;42m▂▂[48;2;38;3;185m[38;2;38;3;185m              [0m
[48;2;38;3;185m[38;2;38;3;185m                                  [48;2;39;4;182m[38;2;39;4;182m  [48;2;36;11;86m[38;2;46;20;97m▄[48;2;65;23;44m[38;2;190;69;92m━[48;2;144;46;66m[38;2;20;15;6m▂[48;2;188;65;93m[38;2;31;12;8m▂[48;2;219;76;99m[38;2;45;13;22m▃▃[48;2;211;71;94m[38;2;47;19;27m▃▃[48;2;61;23;26m[38;2;149;56;75m━[48;2;17;20;36m[38;2;12;2;13m▊[48;2;34;7;142m[38;2;9;0;28m━[48;2;39;4;184m[38;2;39;4;184m▄[48;2;38;3;185m[38;2;38;3;185m            [0m
[48;2;38;3;185m[38;2;38;3;185m                                    [48;2;37;2;182m[38;2;37;5;163m▝[48;2;37;22;78m[38;2;37;2;183m▆[48;2;19;8;43m[38;2;38;5;179m▆▆▆▆▆▆[48;2;20;5;61m[38;2;39;6;179m▆▆[48;2;38;3;185m[38;2;38;3;185m              [0m
[48;2;40;2;185m[38;2;40;2;185m                                                            [0m
[48;2;40;2;185m[38;2;40;2;185m                                                            [0m
