[48;2;1;1;1m[38;2;1;1;1m                                                            [0m
[48;2;1;1;1m[38;2;1;1;1m                                                            [0m
[48;2;1;1;1m[38;2;1;1;1m                                                            [0m
[48;2;1;1;1m[38;2;1;1;1m                                                      [48;2;1;1;3m[38;2;1;1;3m  [48;2;1;1;1m[38;2;1;1;1m    [0m
[48;2;1;1;1m[38;2;1;1;1m                          [48;2;3;1;6m[38;2;3;1;6m  [48;2;1;1;3m[38;2;1;1;3m  [48;2;1;1;1m[38;2;1;1;1m        [48;2;3;1;4m[38;2;3;1;4m  [48;2;3;1;6m[38;2;3;1;6m  [48;2;3;1;4m[38;2;3;1;4m  [48;2;1;1;3m[38;2;1;1;3m  [48;2;1;1;1m[38;2;1;1;1m      [48;2;3;1;4m[38;2;3;1;4m  [48;2;3;1;6m[38;2;3;1;6m  [48;2;2;0;3m[38;2;2;0;3m  [48;2;1;1;1m[38;2;1;1;1m  [0m
[48;2;1;1;1m[38;2;1;1;1m                        [48;2;1;1;3m[38;2;1;1;3m  [48;2;3;1;6m[38;2;3;1;6m    [48;2;2;0;3m[38;2;2;0;3m  [48;2;1;1;3m[38;2;1;1;3m  [48;2;2;0;3m[38;2;2;0;3m  [48;2;1;1;3m[38;2;1;1;3m  [48;2;2;0;3m[38;2;2;0;3m  [48;2;5;3;8m[38;2;5;3;8m    [48;2;3;1;6m[38;2;3;1;6m  [48;2;1;1;1m[38;2;1;1;1m    [48;2;3;1;6m[38;2;3;1;6m      [48;2;1;1;3m[38;2;1;1;3m  [48;2;1;1;1m[38;2;1;1;1m  [0m
[48;2;1;1;1m[38;2;1;1;1m                    [48;2;3;1;6m[38;2;3;1;6m    [48;2;3;1;4m[38;2;3;1;4m  [48;2;3;1;6m[38;2;3;1;6m    [48;2;2;0;3m[38;2;2;0;3m  [48;2;3;1;6m[38;2;3;1;6m      [48;2;17;13;16m[38;2;0;0;0m [48;2;37;33;36m[38;2;217;212;216m▄[48;2;163;161;164m[38;2;244;243;245m▇▇[48;2;161;159;162m[38;2;245;243;245m▇[48;2;136;134;137m[38;2;231;229;231m▇[48;2;40;39;41m[38;2;201;199;202m▃[48;2;10;8;11m[38;2;1;0;2m┏[48;2;2;0;3m[38;2;2;0;3m  [48;2;3;1;4m[38;2;3;1;4m  [48;2;3;1;6m[38;2;3;1;6m      [48;2;1;1;3m[38;2;1;1;3m  [48;2;1;1;1m[38;2;1;1;1m  [0m
[48;2;1;1;1m[38;2;1;1;1m                    [48;2;1;1;3m[38;2;1;1;3m  [48;2;3;1;6m[38;2;3;1;6m          [48;2;1;1;3m[38;2;1;1;3m  [48;2;3;1;4m[38;2;3;1;4m  [48;2;3;1;6m[38;2;3;1;6m  [48;2;98;92;96m[38;2;11;6;9m▊[48;2;209;203;207m[38;2;250;247;250m┃[48;2;238;224;220m[38;2;188;63;95m▄[48;2;209;85;117m[38;2;42;26;22m▄[48;2;216;75;109m[38;2;150;51;71m▗[48;2;189;79;103m[38;2;28;17;9m▄[48;2;70;68;73m[38;2;10;8;13m▇[48;2;4;2;7m[38;2;0;0;0m [48;2;2;0;3m[38;2;2;0;3m  [48;2;3;1;4m[38;2;3;1;4m  [48;2;3;1;6m[38;2;3;1;6m        [48;2;3;1;4m[38;2;3;1;4m  [0m
[48;2;1;1;1m[38;2;1;1;1m                    [48;2;2;2;4m[38;2;2;2;4m  [48;2;3;1;4m[38;2;3;1;4m  [48;2;3;1;6m[38;2;3;1;6m            [48;2;7;5;10m[38;2;26;24;29m▂[48;2;6;5;9m[38;2;58;56;61m▗[48;2;47;39;41m[38;2;230;223;226m▄[48;2;206;197;200m[38;2;235;228;231m▊[48;2;212;70;96m[38;2;212;70;96m  [48;2;215;67;95m[38;2;222;86;111m▘[48;2;129;33;44m[38;2;203;72;95m▊[48;2;4;3;5m[38;2;45;43;46m▁▁[48;2;3;1;6m[38;2;3;1;6m  [48;2;1;1;3m[38;2;1;1;3m    [48;2;3;1;4m[38;2;3;1;4m  [48;2;3;1;6m[38;2;3;1;6m    [48;2;1;1;3m[38;2;1;1;3m  [0m
[48;2;1;1;1m[38;2;1;1;1m                [48;2;2;0;3m[38;2;2;0;3m  [48;2;3;1;4m[38;2;3;1;4m  [48;2;2;0;3m[38;2;2;0;3m  [48;2;1;1;1m[38;2;1;1;1m  [48;2;1;1;3m[38;2;1;1;3m    [48;2;2;0;3m[38;2;2;0;3m  [48;2;3;1;6m[38;2;3;1;6m    [48;2;3;0;2m[38;2;28;23;27m▗[48;2;38;33;37m[38;2;228;224;227m▄[48;2;198;196;199m[38;2;248;246;249m▇▇[48;2;251;247;248m[38;2;255;252;253m▌[48;2;240;236;237m[38;2;244;240;241m▌[48;2;220;81;110m[38;2;238;202;196m▄[48;2;208;64;95m[38;2;212;85;110m▄[48;2;229;119;140m[38;2;206;63;95m▊[48;2;214;108;129m[38;2;244;228;219m▄[48;2;204;202;205m[38;2;246;244;247m▇[48;2;241;239;242m[38;2;177;175;178m▝[48;2;21;20;22m[38;2;232;231;233m▄[48;2;19;17;20m[38;2;201;199;201m▄[48;2;6;5;7m[38;2;41;39;42m▂[48;2;1;0;2m[38;2;3;1;4m▄[48;2;2;2;4m[38;2;2;2;4m  [48;2;1;1;1m[38;2;1;1;1m  [48;2;2;0;3m[38;2;2;0;3m  [48;2;3;1;6m[38;2;3;1;6m  [48;2;1;1;1m[38;2;1;1;1m  [0m
[48;2;1;1;1m[38;2;1;1;1m            [48;2;1;1;3m[38;2;1;1;3m  [48;2;3;1;6m[38;2;3;1;6m      [48;2;1;1;3m[38;2;1;1;3m  [48;2;1;1;1m[38;2;1;1;1m      [48;2;1;1;3m[38;2;1;1;3m    [48;2;1;0;2m[38;2;5;3;6m▘[48;2;7;5;8m[38;2;28;26;29m▗[48;2;41;39;42m[38;2;226;225;227m▄[48;2;241;240;242m[38;2;0;0;0m [48;2;248;246;249m[38;2;248;246;249m  [48;2;247;213;210m[38;2;207;90;114m▄[48;2;210;77;106m[38;2;211;143;150m▁[48;2;211;84;111m[38;2;219;139;150m▁[48;2;214;78;108m[38;2;242;235;224m▄[48;2;210;111;140m[38;2;247;241;240m▄[48;2;247;243;241m[38;2;0;0;0m [48;2;250;250;252m[38;2;250;250;252m    [48;2;223;221;224m[38;2;0;0;0m [48;2;22;21;23m[38;2;194;192;195m▄[48;2;9;8;10m[38;2;69;67;70m▁[48;2;1;0;2m[38;2;3;1;4m▄[48;2;3;1;6m[38;2;3;1;6m  [48;2;1;1;3m[38;2;1;1;3m  [48;2;1;1;1m[38;2;1;1;1m    [0m
[48;2;1;1;1m[38;2;1;1;1m            [48;2;3;1;6m[38;2;3;1;6m      [48;2;3;1;4m[38;2;3;1;4m  [48;2;1;1;3m[38;2;1;1;3m  [48;2;1;1;1m[38;2;1;1;1m    [48;2;3;1;6m[38;2;3;1;6m  [48;2;2;0;3m[38;2;2;0;3m    [48;2;1;0;2m[38;2;6;4;7m▂[48;2;7;5;8m[38;2;20;18;21m▝[48;2;208;206;209m[38;2;28;26;29m▄[48;2;239;237;240m[38;2;121;119;122m▁[48;2;245;245;246m[38;2;146;146;148m▁[48;2;246;246;248m[38;2;0;0;0m [48;2;249;249;251m[38;2;249;249;251m  [48;2;250;250;252m[38;2;250;250;252m      [48;2;245;245;247m[38;2;0;0;0m [48;2;245;245;246m[38;2;164;164;166m▁[48;2;250;250;252m[38;2;250;250;252m  [48;2;82;80;83m[38;2;232;231;233m▊[48;2;8;7;9m[38;2;77;75;78m▁[48;2;3;1;6m[38;2;3;1;6m    [48;2;1;1;3m[38;2;1;1;3m  [48;2;1;1;1m[38;2;1;1;1m  [0m
[48;2;1;1;1m[38;2;1;1;1m            [48;2;1;1;3m[38;2;1;1;3m  [48;2;3;1;6m[38;2;3;1;6m  [48;2;2;0;3m[38;2;2;0;3m  [48;2;1;1;1m[38;2;1;1;1m  [48;2;3;1;6m[38;2;3;1;6m    [48;2;1;1;1m[38;2;1;1;1m    [48;2;1;1;3m[38;2;1;1;3m    [48;2;3;1;4m[38;2;3;1;4m  [48;2;3;1;6m[38;2;3;1;6m  [48;2;3;0;2m[38;2;7;2;6m▄[48;2;232;228;232m[38;2;50;45;49m▅[48;2;244;242;245m[38;2;240;238;241m▌[48;2;255;253;255m[38;2;251;249;252m▌[48;2;250;250;252m[38;2;250;250;252m    [48;2;248;246;249m[38;2;0;0;0m [48;2;229;228;230m [48;2;206;202;205m[38;2;25;21;24m▅[48;2;28;24;27m[38;2;0;0;0m [48;2;221;220;222m[38;2;60;58;61m▄[48;2;247;246;248m[38;2;0;0;0m [48;2;250;248;253m[38;2;255;254;255m│[48;2;53;51;56m[38;2;229;228;231m▊[48;2;2;0;5m[38;2;2;0;5m  [48;2;3;1;6m[38;2;3;1;6m    [48;2;1;1;1m[38;2;1;1;1m  [0m
[48;2;1;1;1m[38;2;1;1;1m              [48;2;2;0;3m[38;2;2;0;3m  [48;2;1;1;3m[38;2;1;1;3m    [48;2;3;1;6m[38;2;3;1;6m  [48;2;3;1;4m[38;2;3;1;4m  [48;2;1;1;3m[38;2;1;1;3m  [48;2;1;1;1m[38;2;1;1;1m    [48;2;3;1;4m[38;2;3;1;4m  [48;2;3;1;6m[38;2;3;1;6m    [48;2;4;2;5m[38;2;10;8;11m│[48;2;6;5;7m[38;2;39;37;40m▝[48;2;228;224;228m[38;2;83;78;82m▅[48;2;236;232;235m[38;2;116;111;115m▁[48;2;250;250;252m[38;2;250;250;252m    [48;2;244;242;244m[38;2;0;0;0m [48;2;196;194;197m [48;2;1;0;4m[38;2;14;12;17m┗[48;2;32;30;35m[38;2;0;0;0m [48;2;57;56;58m[38;2;230;228;231m▅[48;2;250;249;251m[38;2;238;236;239m╺[48;2;140;138;141m[38;2;239;237;239m▊[48;2;180;178;181m[38;2;22;20;23m▅[48;2;3;1;6m[38;2;3;1;6m      [48;2;2;0;3m[38;2;2;0;3m  [0m
[48;2;1;1;1m[38;2;1;1;1m                [48;2;3;1;4m[38;2;3;1;4m  [48;2;3;1;6m[38;2;3;1;6m  [48;2;2;0;3m[38;2;2;0;3m  [48;2;3;1;6m[38;2;3;1;6m  [48;2;2;0;3m[38;2;2;0;3m  [48;2;1;1;1m[38;2;1;1;1m    [48;2;3;1;6m[38;2;3;1;6m  [48;2;3;1;4m[38;2;3;1;4m  [48;2;2;0;3m[38;2;2;0;3m  [48;2;59;54;58m[38;2;10;6;9m▊[48;2;46;41;45m[38;2;217;213;217m▅[48;2;236;232;235m[38;2;0;0;0m [48;2;59;54;58m[38;2;212;207;211m▅[48;2;217;212;216m[38;2;33;29;32m▅[48;2;228;224;227m[38;2;27;22;26m▅[48;2;233;231;236m[38;2;26;24;29m▅▅[48;2;197;192;196m[38;2;96;91;94m▅[48;2;31;26;29m[38;2;203;198;202m▅[48;2;28;16;17m[38;2;163;137;141m▁[48;2;185;97;122m[38;2;40;14;18m▘[48;2;243;239;241m[38;2;201;178;186m▁[48;2;217;213;216m[38;2;0;0;0m [48;2;180;178;182m[38;2;18;16;21m▅[48;2;6;5;9m[38;2;24;22;27m⎽[48;2;3;1;6m[38;2;3;1;6m      [48;2;1;1;3m[38;2;1;1;3m  [0m
[48;2;1;1;1m[38;2;1;1;1m                    [48;2;0;0;0m[38;2;0;0;0m  [48;2;1;1;3m[38;2;1;1;3m  [48;2;1;1;1m[38;2;1;1;1m    [48;2;2;0;3m[38;2;2;0;3m  [48;2;1;1;3m[38;2;1;1;3m  [48;2;3;1;6m[38;2;3;1;6m  [48;2;1;1;3m[38;2;1;1;3m  [48;2;79;77;80m[38;2;8;6;9m▊[48;2;248;247;249m[38;2;202;200;203m▎[48;2;242;242;244m[38;2;254;254;255m┃[48;2;183;183;185m[38;2;245;245;247m▊[48;2;31;25;31m[38;2;125;118;125m▂[48;2;26;19;26m[38;2;159;153;159m▅[48;2;70;65;69m[38;2;18;13;17m▊[48;2;57;52;56m[38;2;226;222;225m▅[48;2;249;249;251m[38;2;249;249;251m  [48;2;145;121;125m[38;2;240;239;237m▊[48;2;181;63;98m[38;2;25;9;10m▅[48;2;201;96;129m[38;2;23;8;10m▅[48;2;174;176;175m[38;2;19;18;17m▅[48;2;3;1;6m[38;2;3;1;6m  [48;2;1;1;3m[38;2;1;1;3m      [48;2;1;1;1m[38;2;1;1;1m  [0m
[48;2;1;1;1m[38;2;1;1;1m                        [48;2;1;1;3m[38;2;1;1;3m  [48;2;3;1;6m[38;2;3;1;6m  [48;2;2;0;3m[38;2;2;0;3m    [48;2;3;1;6m[38;2;3;1;6m  [48;2;1;1;3m[38;2;1;1;3m  [48;2;79;77;80m[38;2;8;6;9m▊[48;2;248;247;249m[38;2;202;200;203m▎[48;2;250;250;252m[38;2;250;250;252m  [48;2;165;160;164m[38;2;244;240;243m▊[48;2;40;36;39m[38;2;163;158;162m▁[48;2;63;57;61m[38;2;171;165;169m▅[48;2;218;213;216m[38;2;91;85;89m▅[48;2;239;237;240m[38;2;98;96;99m▁[48;2;245;243;245m[38;2;0;0;0m [48;2;111;109;112m[38;2;240;238;240m▊[48;2;1;0;2m[38;2;25;23;26m▎[48;2;3;1;6m[38;2;3;1;6m  [48;2;3;1;4m[38;2;3;1;4m  [48;2;1;1;1m[38;2;1;1;1m      [48;2;1;1;3m[38;2;1;1;3m  [0m
[48;2;1;1;1m[38;2;1;1;1m                    [48;2;2;0;3m[38;2;2;0;3m  [48;2;1;1;1m[38;2;1;1;1m  [48;2;3;1;6m[38;2;3;1;6m    [48;2;1;1;3m[38;2;1;1;3m  [48;2;2;0;3m[38;2;2;0;3m  [48;2;1;1;3m[38;2;1;1;3m  [48;2;3;1;6m[38;2;3;1;6m  [48;2;79;77;80m[38;2;8;6;9m▊[48;2;248;247;249m[38;2;202;200;203m▎[48;2;250;250;252m[38;2;250;250;252m  [48;2;249;249;251m[38;2;233;233;235m╵[48;2;238;238;239m[38;2;0;0;0m [48;2;73;71;74m[38;2;233;232;234m▅[48;2;239;237;239m[38;2;0;0;0m [48;2;74;72;75m[38;2;239;237;239m▅[48;2;242;240;242m[38;2;0;0;0m [48;2;89;87;90m[38;2;203;201;203m▊[48;2;1;0;2m[38;2;2;0;3m▄[48;2;3;1;6m[38;2;3;1;6m  [48;2;1;1;3m[38;2;1;1;3m  [48;2;1;1;1m[38;2;1;1;1m        [0m
[48;2;1;1;1m[38;2;1;1;1m                  [48;2;1;1;3m[38;2;1;1;3m  [48;2;2;0;3m[38;2;2;0;3m  [48;2;1;1;3m[38;2;1;1;3m  [48;2;3;1;6m[38;2;3;1;6m    [48;2;2;0;3m[38;2;2;0;3m  [48;2;1;1;3m[38;2;1;1;3m  [48;2;1;1;1m[38;2;1;1;1m  [48;2;3;1;6m[38;2;3;1;6m  [48;2;79;77;80m[38;2;8;6;9m▊[48;2;248;247;249m[38;2;202;200;203m▎[48;2;250;250;252m[38;2;250;250;252m      [48;2;255;254;255m[38;2;255;253;255m┃[48;2;132;130;133m[38;2;241;239;242m▊[48;2;3;1;6m[38;2;3;1;6m    [48;2;2;0;3m[38;2;2;0;3m  [48;2;1;1;1m[38;2;1;1;1m        [0m
[48;2;1;1;1m[38;2;1;1;1m                  [48;2;2;0;3m[38;2;2;0;3m    [48;2;3;1;6m[38;2;3;1;6m      [48;2;1;1;3m[38;2;1;1;3m  [48;2;1;1;1m[38;2;1;1;1m  [48;2;1;1;3m[38;2;1;1;3m  [48;2;3;1;6m[38;2;3;1;6m  [48;2;60;55;61m[38;2;10;6;11m▊[48;2;236;232;236m[38;2;98;93;99m▂[48;2;249;249;251m[38;2;249;249;251m  [48;2;250;250;252m[38;2;250;250;252m    [48;2;255;254;255m[38;2;255;253;255m┃[48;2;132;130;133m[38;2;241;239;242m▊[48;2;3;1;6m[38;2;3;1;6m    [48;2;1;1;3m[38;2;1;1;3m  [48;2;1;1;1m[38;2;1;1;1m        [0m
[48;2;4;2;10m[38;2;23;2;126m▂▂▂▂▂▂▂▂▂▂▂▂▂▂▂▂▂▂[48;2;5;3;12m[38;2;24;2;129m▂▂[48;2;4;2;10m[38;2;23;2;126m▂▂[48;2;5;3;12m[38;2;24;2;129m▂▂▂▂▂▂[48;2;5;3;11m[38;2;24;3;127m▂▂[48;2;4;2;10m[38;2;23;2;126m▂▂[48;2;5;3;12m[38;2;24;2;129m▂▂▂▂[48;2;9;4;12m[38;2;26;5;127m▂[48;2;32;25;45m[38;2;52;24;177m▁[48;2;255;255;255m[38;2;236;236;238m▌[48;2;252;252;253m[38;2;244;244;246m┃[48;2;250;250;252m[38;2;250;250;252m    [48;2;242;239;244m[38;2;0;0;0m [48;2;211;209;211m[38;2;80;59;177m▂[48;2;7;2;12m[38;2;26;1;129m▂▂[48;2;5;3;12m[38;2;24;2;129m▂▂[48;2;4;2;10m[38;2;23;2;126m▂▂▂▂▂▂▂▂▂▂[0m
[48;2;38;3;183m[38;2;38;3;183m                                    [48;2;46;10;197m[38;2;34;0;186m┃[48;2;81;50;206m[38;2;34;5;167m▊[48;2;249;249;250m[38;2;206;206;208m▎[48;2;241;241;243m[38;2;253;253;254m┃[48;2;250;250;252m[38;2;250;250;252m    [48;2;139;127;189m[38;2;243;241;248m▊[48;2;31;0;188m[38;2;60;37;171m▎[48;2;38;3;183m[38;2;38;3;183m              [0m
[48;2;38;3;183m[38;2;38;3;183m                                    [48;2;35;1;176m[38;2;43;9;184m┃[48;2;60;26;201m[38;2;29;0;170m▌[48;2;235;233;240m[38;2;93;78;171m▂[48;2;244;243;248m[38;2;0;0;0m [48;2;250;250;252m[38;2;250;250;252m  [48;2;246;245;250m[38;2;253;252;254m▅[48;2;244;243;248m[38;2;231;230;235m▗[48;2;211;203;226m[38;2;69;47;173m▂[48;2;43;11;191m[38;2;26;1;171m╵[48;2;38;3;183m[38;2;38;3;183m              [0m
[48;2;38;3;185m[38;2;38;3;185m                                      [48;2;128;112;183m[38;2;38;9;188m▊[48;2;255;252;250m[38;2;220;216;215m▎[48;2;250;250;252m[38;2;250;250;252m  [48;2;250;250;251m[38;2;249;249;242m▌[48;2;154;150;177m[38;2;245;242;254m▊[48;2;38;3;183m[38;2;38;3;183m  [48;2;38;3;185m[38;2;38;3;185m              [0m
[48;2;38;3;185m[38;2;38;3;185m                                      [48;2;42;11;190m[38;2;0;0;0m [48;2;213;203;226m[38;2;66;41;176m▆[48;2;244;239;240m[38;2;0;0;0m [48;2;241;234;235m[38;2;206;113;142m▂[48;2;181;173;218m[38;2;247;243;252m▊[48;2;191;183;213m[38;2;43;19;175m▆[48;2;38;3;185m[38;2;38;3;185m                [0m
[48;2;38;3;185m[38;2;38;3;185m                                    [48;2;36;0;185m[38;2;36;4;161m▗[48;2;36;3;165m[38;2;36;24;60m▂[48;2;61;11;173m[38;2;177;54;88m▂[48;2;80;39;155m[38;2;196;75;104m▆[48;2;236;188;185m[38;2;213;76;102m▆[48;2;219;79;106m[38;2;0;0;0m [48;2;214;189;216m[38;2;195;76;109m▆[48;2;51;7;156m[38;2;183;61;98m▂[48;2;36;3;169m[38;2;36;23;64m▂[48;2;36;0;189m[38;2;36;4;165m▖[48;2;38;3;185m[38;2;38;3;185m              [0m
[48;2;38;3;185m[38;2;38;3;185m                                  [48;2;39;4;182m[38;2;39;4;182m  [48;2;46;24;139m[38;2;42;13;75m▆[48;2;68;25;44m[38;2;193;70;91m━[48;2;208;70;92m[38;2;44;18;25m▃▃[48;2;175;53;90m[38;2;12;8;5m▆▆[48;2;211;75;96m[38;2;41;14;20m▃[48;2;198;61;83m[38;2;48;21;27m▃[48;2;9;4;25m[38;2;0;0;0m [48;2;30;13;105m[38;2;30;13;105m▄[48;2;38;3;185m[38;2;38;3;185m              [0m
[48;2;38;3;185m[38;2;38;3;185m                                    [48;2;37;2;182m[38;2;37;5;163m▝[48;2;37;22;78m[38;2;37;2;183m▆[48;2;19;8;43m[38;2;38;5;179m▆▆▆▆▆▆[48;2;37;19;93m[38;2;37;2;181m▆[48;2;37;1;185m[38;2;37;6;160m▘[48;2;38;3;185m[38;2;38;3;185m              [0m
[48;2;40;2;185m[38;2;40;2;185m                                                            [0m
[48;2;40;2;185m[38;2;40;2;185m                                                            [0m
