[48;2;1;1;1m[38;2;1;1;1m                                                            [0m
[48;2;1;1;1m[38;2;1;1;1m                                                            [0m
[48;2;1;1;1m[38;2;1;1;1m                                                            [0m
[48;2;1;1;1m[38;2;1;1;1m                                                      [48;2;1;1;3m[38;2;1;1;3m  [48;2;1;1;1m[38;2;1;1;1m    [0m
[48;2;1;1;1m[38;2;1;1;1m                          [48;2;3;1;6m[38;2;3;1;6m  [48;2;1;1;3m[38;2;1;1;3m  [48;2;1;1;1m[38;2;1;1;1m        [48;2;3;1;4m[38;2;3;1;4m  [48;2;3;1;6m[38;2;3;1;6m  [48;2;3;1;4m[38;2;3;1;4m  [48;2;1;1;3m[38;2;1;1;3m  [48;2;1;1;1m[38;2;1;1;1m      [48;2;3;1;4m[38;2;3;1;4m  [48;2;3;1;6m[38;2;3;1;6m  [48;2;2;0;3m[38;2;2;0;3m  [48;2;1;1;1m[38;2;1;1;1m  [0m
[48;2;1;1;1m[38;2;1;1;1m                        [48;2;1;1;3m[38;2;1;1;3m  [48;2;3;1;6m[38;2;3;1;6m    [48;2;2;0;3m[38;2;2;0;3m  [48;2;1;1;3m[38;2;1;1;3m  [48;2;2;0;3m[38;2;2;0;3m  [48;2;1;1;3m[38;2;1;1;3m  [48;2;2;0;3m[38;2;2;0;3m  [48;2;5;3;8m[38;2;5;3;8m    [48;2;3;1;6m[38;2;3;1;6m  [48;2;1;1;1m[38;2;1;1;1m    [48;2;3;1;6m[38;2;3;1;6m      [48;2;1;1;3m[38;2;1;1;3m  [48;2;1;1;1m[38;2;1;1;1m  [0m
[48;2;1;1;1m[38;2;1;1;1m                    [48;2;3;1;6m[38;2;3;1;6m    [48;2;3;1;4m[38;2;3;1;4m  [48;2;3;1;6m[38;2;3;1;6m    [48;2;2;0;3m[38;2;2;0;3m  [48;2;3;1;6m[38;2;3;1;6m      [48;2;17;13;16m[38;2;0;0;0m [48;2;37;33;36m[38;2;217;212;216m▄[48;2;163;161;164m[38;2;244;243;245m▇▇[48;2;161;159;162m[38;2;245;243;245m▇[48;2;136;134;137m[38;2;231;229;231m▇[48;2;40;39;41m[38;2;201;199;202m▃[48;2;10;8;11m[38;2;1;0;2m┏[48;2;2;0;3m[38;2;2;0;3m  [48;2;3;1;4m[38;2;3;1;4m  [48;2;3;1;6m[38;2;3;1;6m      [48;2;1;1;3m[38;2;1;1;3m  [48;2;1;1;1m[38;2;1;1;1m  [0m
[48;2;1;1;1m[38;2;1;1;1m                    [48;2;1;1;3m[38;2;1;1;3m  [48;2;3;1;6m[38;2;3;1;6m          [48;2;1;1;3m[38;2;1;1;3m  [48;2;3;1;4m[38;2;3;1;4m  [48;2;3;1;6m[38;2;3;1;6m  [48;2;98;92;96m[38;2;11;6;9m▊[48;2;209;203;207m[38;2;250;247;250m┃[48;2;238;224;220m[38;2;188;63;95m▄[48;2;209;85;117m[38;2;42;26;22m▄[48;2;216;75;109m[38;2;150;51;71m▗[48;2;189;79;103m[38;2;28;17;9m▄[48;2;70;68;73m[38;2;10;8;13m▇[48;2;4;2;7m[38;2;0;0;0m [48;2;2;0;3m[38;2;2;0;3m  [48;2;3;1;4m[38;2;3;1;4m  [48;2;3;1;6m[38;2;3;1;6m        [48;2;3;1;4m[38;2;3;1;4m  [0m
[48;2;1;1;1m[38;2;1;1;1m                    [48;2;2;2;4m[38;2;2;2;4m  [48;2;3;1;4m[38;2;3;1;4m  [48;2;3;1;6m[38;2;3;1;6m            [48;2;7;5;10m[38;2;26;24;29m▂[48;2;6;5;9m[38;2;58;56;61m▗[48;2;47;39;41m[38;2;230;223;226m▄[48;2;206;197;200m[38;2;235;228;231m▊[48;2;212;70;96m[38;2;212;70;96m  [48;2;215;67;95m[38;2;222;86;111m▘[48;2;129;33;44m[38;2;203;72;95m▊[48;2;4;3;5m[38;2;45;43;46m▁▁[48;2;3;1;6m[38;2;3;1;6m  [48;2;1;1;3m[38;2;1;1;3m    [48;2;3;1;4m[38;2;3;1;4m  [48;2;3;1;6m[38;2;3;1;6m    [48;2;1;1;3m[38;2;1;1;3m  [0m
[48;2;1;1;1m[38;2;1;1;1m                [48;2;2;0;3m[38;2;2;0;3m  [48;2;3;1;4m[38;2;3;1;4m  [48;2;2;0;3m[38;2;2;0;3m  [48;2;1;1;1m[38;2;1;1;1m  [48;2;1;1;3m[38;2;1;1;3m    [48;2;2;0;3m[38;2;2;0;3m  [48;2;3;1;6m[38;2;3;1;6m    [48;2;3;0;2m[38;2;28;23;27m▗[48;2;38;33;37m[38;2;228;224;227m▄[48;2;198;196;199m[38;2;248;246;249m▇▇[48;2;253;252;254m[38;2;247;245;248m▃[48;2;245;243;246m[38;2;232;230;233m▝[48;2;217;86;112m[38;2;246;212;207m▄[48;2;205;72;98m[38;2;0;0;0m [48;2;209;90;116m [48;2;209;93;119m[38;2;249;231;226m▄[48;2;204;202;205m[38;2;246;244;247m▇[48;2;241;239;242m[38;2;177;175;178m▝[48;2;21;20;22m[38;2;232;231;233m▄[48;2;19;17;20m[38;2;201;199;201m▄[48;2;6;5;7m[38;2;41;39;42m▂[48;2;1;0;2m[38;2;3;1;4m▄[48;2;2;2;4m[38;2;2;2;4m  [48;2;1;1;1m[38;2;1;1;1m  [48;2;2;0;3m[38;2;2;0;3m  [48;2;3;1;6m[38;2;3;1;6m  [48;2;1;1;1m[38;2;1;1;1m  [0m
[48;2;1;1;1m[38;2;1;1;1m            [48;2;1;1;3m[38;2;1;1;3m  [48;2;3;1;6m[38;2;3;1;6m      [48;2;1;1;3m[38;2;1;1;3m  [48;2;1;1;1m[38;2;1;1;1m      [48;2;1;1;3m[38;2;1;1;3m    [48;2;1;0;2m[38;2;5;3;6m▘[48;2;7;5;8m[38;2;28;26;29m▗[48;2;41;39;42m[38;2;226;225;227m▄[48;2;241;240;242m[38;2;0;0;0m [48;2;250;250;252m[38;2;250;250;252m    [48;2;241;243;239m[38;2;0;0;0m [48;2;220;111;143m[38;2;243;236;235m▄[48;2;249;249;251m[38;2;249;249;251m  [48;2;250;250;252m[38;2;250;250;252m    [48;2;225;224;226m[38;2;0;0;0m [48;2;23;21;24m[38;2;185;183;186m▄[48;2;2;0;3m[38;2;2;0;3m  [48;2;3;1;6m[38;2;3;1;6m  [48;2;1;1;3m[38;2;1;1;3m  [48;2;1;1;1m[38;2;1;1;1m    [0m
[48;2;1;1;1m[38;2;1;1;1m            [48;2;3;1;6m[38;2;3;1;6m      [48;2;3;1;4m[38;2;3;1;4m  [48;2;1;1;3m[38;2;1;1;3m  [48;2;1;1;1m[38;2;1;1;1m    [48;2;3;1;6m[38;2;3;1;6m  [48;2;2;0;3m[38;2;2;0;3m    [48;2;13;11;14m┃[48;2;48;46;49m[38;2;5;3;6m▊[48;2;236;234;237m[38;2;144;142;145m▁[48;2;247;245;247m[38;2;0;0;0m [48;2;245;239;238m [48;2;229;228;224m[38;2;212;99;133m▄[48;2;242;229;233m[38;2;211;72;95m▄▄[48;2;226;230;225m[38;2;217;107;139m▄[48;2;249;244;242m[38;2;0;0;0m [48;2;250;250;252m[38;2;250;250;252m  [48;2;249;249;251m[38;2;249;249;251m  [48;2;244;244;245m[38;2;164;164;166m▁[48;2;247;247;249m[38;2;0;0;0m [48;2;246;246;248m [48;2;227;227;228m [48;2;31;29;32m[38;2;190;188;191m▄[48;2;1;0;2m[38;2;4;2;5m▄[48;2;3;1;6m[38;2;3;1;6m    [48;2;1;1;3m[38;2;1;1;3m  [48;2;1;1;1m[38;2;1;1;1m  [0m
[48;2;1;1;1m[38;2;1;1;1m            [48;2;1;1;3m[38;2;1;1;3m  [48;2;3;1;6m[38;2;3;1;6m  [48;2;2;0;3m[38;2;2;0;3m  [48;2;1;1;1m[38;2;1;1;1m  [48;2;3;1;6m[38;2;3;1;6m    [48;2;1;1;1m[38;2;1;1;1m    [48;2;1;1;3m[38;2;1;1;3m    [48;2;3;1;4m[38;2;3;1;4m  [48;2;18;16;21m[38;2;0;0;0m [48;2;222;220;224m[38;2;30;28;33m▅[48;2;220;216;220m[38;2;11;7;10m▄[48;2;213;209;213m[38;2;33;29;32m▄[48;2;207;84;104m[38;2;234;224;227m▅[48;2;213;90;110m[38;2;241;231;235m▅[48;2;249;249;251m[38;2;249;249;251m  [48;2;250;250;252m[38;2;250;250;252m  [48;2;252;250;252m[38;2;236;234;237m│[48;2;142;140;143m[38;2;245;243;245m▊[48;2;26;21;25m[38;2;0;0;0m [48;2;189;185;188m[38;2;48;44;47m┓[48;2;250;250;252m[38;2;250;250;252m  [48;2;82;80;83m[38;2;232;231;233m▊[48;2;1;0;2m[38;2;14;12;15m│[48;2;3;1;4m[38;2;3;1;4m  [48;2;3;1;6m[38;2;3;1;6m    [48;2;1;1;1m[38;2;1;1;1m  [0m
[48;2;1;1;1m[38;2;1;1;1m              [48;2;2;0;3m[38;2;2;0;3m  [48;2;1;1;3m[38;2;1;1;3m    [48;2;3;1;6m[38;2;3;1;6m  [48;2;3;1;4m[38;2;3;1;4m  [48;2;1;1;3m[38;2;1;1;3m  [48;2;1;1;1m[38;2;1;1;1m    [48;2;3;1;4m[38;2;3;1;4m  [48;2;3;1;6m[38;2;3;1;6m    [48;2;4;2;5m[38;2;10;8;11m│[48;2;6;5;7m[38;2;39;37;40m▝[48;2;228;224;228m[38;2;83;78;82m▅[48;2;236;232;235m[38;2;116;111;115m▁[48;2;250;250;252m[38;2;250;250;252m    [48;2;244;242;244m[38;2;0;0;0m [48;2;196;194;197m [48;2;30;26;29m [48;2;65;60;64m[38;2;225;221;224m▅[48;2;247;247;248m[38;2;233;233;235m╵[48;2;218;218;220m[38;2;0;0;0m [48;2;182;180;184m[38;2;19;18;22m▅[48;2;5;3;8m[38;2;18;16;21m▗[48;2;3;1;6m[38;2;3;1;6m      [48;2;2;0;3m[38;2;2;0;3m  [0m
[48;2;1;1;1m[38;2;1;1;1m                [48;2;3;1;4m[38;2;3;1;4m  [48;2;3;1;6m[38;2;3;1;6m  [48;2;2;0;3m[38;2;2;0;3m  [48;2;3;1;6m[38;2;3;1;6m  [48;2;2;0;3m[38;2;2;0;3m  [48;2;1;1;1m[38;2;1;1;1m    [48;2;3;1;6m[38;2;3;1;6m  [48;2;3;1;4m[38;2;3;1;4m  [48;2;2;0;3m[38;2;2;0;3m  [48;2;59;54;58m[38;2;10;6;9m▊[48;2;46;41;45m[38;2;217;213;217m▅[48;2;236;232;235m[38;2;0;0;0m [48;2;59;54;58m[38;2;212;207;211m▅[48;2;217;212;216m[38;2;33;29;32m▅[48;2;228;224;227m[38;2;27;22;26m▅[48;2;233;231;236m[38;2;26;24;29m▅▅[48;2;174;166;171m[38;2;80;72;76m┓[48;2;34;26;30m[38;2;213;205;209m▅[48;2;62;47;55m[38;2;197;91;109m▅[48;2;233;209;220m[38;2;201;91;107m▄[48;2;213;209;213m[38;2;74;69;73m▁[48;2;185;181;184m[38;2;25;20;24m▅[48;2;3;1;6m[38;2;3;1;6m        [48;2;1;1;3m[38;2;1;1;3m  [0m
[48;2;1;1;1m[38;2;1;1;1m                    [48;2;0;0;0m[38;2;0;0;0m  [48;2;1;1;3m[38;2;1;1;3m  [48;2;1;1;1m[38;2;1;1;1m    [48;2;2;0;3m[38;2;2;0;3m  [48;2;1;1;3m[38;2;1;1;3m  [48;2;3;1;6m[38;2;3;1;6m  [48;2;1;1;3m[38;2;1;1;3m  [48;2;79;77;80m[38;2;8;6;9m▊[48;2;248;247;249m[38;2;202;200;203m▎[48;2;244;242;244m[38;2;0;0;0m [48;2;227;225;228m[38;2;129;127;130m▂[48;2;28;21;28m[38;2;138;131;138m▂[48;2;21;14;21m[38;2;165;159;165m▅[48;2;40;36;39m[38;2;176;171;175m▁[48;2;50;45;49m[38;2;231;226;230m▅[48;2;249;249;251m[38;2;249;249;251m  [48;2;156;112;124m[38;2;240;240;240m▊[48;2;140;44;74m[38;2;19;12;11m▅[48;2;3;1;6m[38;2;3;1;6m    [48;2;1;1;3m[38;2;1;1;3m      [48;2;1;1;1m[38;2;1;1;1m  [0m
[48;2;1;1;1m[38;2;1;1;1m                        [48;2;1;1;3m[38;2;1;1;3m  [48;2;3;1;6m[38;2;3;1;6m  [48;2;2;0;3m[38;2;2;0;3m    [48;2;3;1;6m[38;2;3;1;6m  [48;2;3;1;4m[38;2;3;1;4m  [48;2;27;22;26m[38;2;138;133;137m▂[48;2;247;243;246m[38;2;216;211;215m▎[48;2;179;173;175m[38;2;248;243;245m▊[48;2;52;46;48m[38;2;168;162;164m▁[48;2;206;201;204m[38;2;69;63;67m▁[48;2;97;91;95m[38;2;24;18;22m▊[48;2;250;250;251m[38;2;232;232;234m▌[48;2;250;250;252m[38;2;255;255;255m▌[38;2;250;250;252m  [48;2;111;109;112m[38;2;240;238;240m▊[48;2;1;0;2m[38;2;25;23;26m▎[48;2;3;1;6m[38;2;3;1;6m  [48;2;3;1;4m[38;2;3;1;4m  [48;2;1;1;1m[38;2;1;1;1m      [48;2;1;1;3m[38;2;1;1;3m  [0m
[48;2;1;1;1m[38;2;1;1;1m                    [48;2;2;0;3m[38;2;2;0;3m  [48;2;1;1;1m[38;2;1;1;1m  [48;2;3;1;6m[38;2;3;1;6m    [48;2;1;1;3m[38;2;1;1;3m  [48;2;2;0;3m[38;2;2;0;3m  [48;2;1;1;3m[38;2;1;1;3m  [48;2;1;0;2m[38;2;13;11;14m│[48;2;78;76;79m[38;2;7;6;8m▊[48;2;255;255;255m[38;2;237;237;239m▌[48;2;253;253;254m[38;2;245;245;247m┃[48;2;255;255;255m[38;2;246;246;248m▌[48;2;175;175;177m[38;2;246;246;247m▊[48;2;46;40;44m[38;2;191;185;189m▁[48;2;56;50;54m[38;2;212;206;210m▅[48;2;217;216;218m[38;2;106;104;107m▅[48;2;243;241;243m[38;2;0;0;0m [48;2;250;250;252m[38;2;250;250;252m  [48;2;111;109;112m[38;2;240;238;240m▊[48;2;1;0;2m[38;2;25;23;26m▎[48;2;3;1;6m[38;2;3;1;6m  [48;2;1;1;3m[38;2;1;1;3m  [48;2;1;1;1m[38;2;1;1;1m        [0m
[48;2;1;1;1m[38;2;1;1;1m                  [48;2;1;1;3m[38;2;1;1;3m  [48;2;2;0;3m[38;2;2;0;3m  [48;2;1;1;3m[38;2;1;1;3m  [48;2;3;1;6m[38;2;3;1;6m    [48;2;2;0;3m[38;2;2;0;3m  [48;2;1;1;3m[38;2;1;1;3m  [48;2;1;1;1m[38;2;1;1;1m  [48;2;3;0;2m[38;2;15;10;14m│[48;2;80;75;79m[38;2;9;5;8m▊[48;2;255;254;255m[38;2;237;235;238m▌[48;2;253;251;253m[38;2;245;243;246m┃[48;2;250;250;252m[38;2;250;250;252m        [48;2;111;109;112m[38;2;240;238;240m▊[48;2;1;0;2m[38;2;25;23;26m▎[48;2;3;1;6m[38;2;3;1;6m  [48;2;2;0;3m[38;2;2;0;3m  [48;2;1;1;1m[38;2;1;1;1m        [0m
[48;2;1;1;1m[38;2;1;1;1m                  [48;2;2;0;3m[38;2;2;0;3m    [48;2;3;1;6m[38;2;3;1;6m      [48;2;1;1;3m[38;2;1;1;3m  [48;2;1;1;1m[38;2;1;1;1m  [48;2;1;1;3m[38;2;1;1;3m  [48;2;3;0;2m[38;2;16;11;15m▌[48;2;81;76;80m[38;2;10;6;9m▊[48;2;255;254;255m[38;2;237;235;238m▌[48;2;253;251;253m[38;2;245;243;246m┃[48;2;250;250;252m[38;2;250;250;252m        [48;2;111;109;112m[38;2;240;238;240m▊[48;2;1;0;2m[38;2;25;23;26m▎[48;2;3;1;6m[38;2;3;1;6m  [48;2;1;1;3m[38;2;1;1;3m  [48;2;1;1;1m[38;2;1;1;1m        [0m
[48;2;4;2;10m[38;2;23;2;126m▂▂▂▂▂▂▂▂▂▂▂▂▂▂▂▂▂▂[48;2;5;3;12m[38;2;24;2;129m▂▂[48;2;4;2;10m[38;2;23;2;126m▂▂[48;2;5;3;12m[38;2;24;2;129m▂▂▂▂▂▂[48;2;5;3;11m[38;2;24;3;127m▂▂[48;2;4;2;10m[38;2;23;2;126m▂▂[48;2;5;3;12m[38;2;24;2;129m▂▂[48;2;8;3;11m[38;2;24;4;125m▂[48;2;30;23;43m[38;2;50;22;175m▁[48;2;255;255;255m[38;2;237;237;239m▌[48;2;253;253;254m[38;2;245;245;247m┃[48;2;250;250;252m[38;2;250;250;252m      [48;2;248;247;250m[38;2;234;233;238m▁[48;2;174;173;178m[38;2;243;242;245m▊[48;2;173;168;177m[38;2;18;6;61m▅[48;2;12;8;15m[38;2;33;11;134m▂[48;2;5;3;12m[38;2;24;2;129m▂▂[48;2;4;2;10m[38;2;23;2;126m▂▂▂▂▂▂▂▂▂▂[0m
[48;2;38;3;183m[38;2;38;3;183m                                  [48;2;49;11;208m[38;2;38;3;184m▊[48;2;82;54;190m[38;2;35;5;172m▊[48;2;243;243;245m[38;2;239;239;241m▌[48;2;254;254;255m[38;2;250;250;252m▌[48;2;239;238;244m[38;2;251;250;253m▊[48;2;196;195;201m[38;2;245;244;249m▊[48;2;231;227;237m[38;2;81;59;194m▆[48;2;242;241;238m[38;2;0;0;0m [48;2;250;250;252m[38;2;250;250;252m  [48;2;250;249;251m[38;2;236;237;229m│[48;2;136;128;177m[38;2;249;246;253m▊[48;2;38;3;185m[38;2;38;3;185m  [48;2;38;3;183m[38;2;38;3;183m            [0m
[48;2;38;3;183m[38;2;38;3;183m                                  [48;2;50;12;209m[38;2;39;4;185m▊[48;2;83;55;191m[38;2;36;6;173m▊[48;2;243;243;245m[38;2;239;239;241m▌[48;2;254;254;255m[38;2;250;250;252m▌[48;2;238;237;242m[38;2;253;252;254m▊[48;2;195;194;199m[38;2;245;244;248m▊[48;2;128;116;182m[38;2;38;13;175m▊[48;2;255;253;255m[38;2;255;251;255m▄[48;2;250;250;252m[38;2;250;250;252m  [48;2;250;249;251m[38;2;236;237;229m│[48;2;136;128;177m[38;2;249;246;253m▊[48;2;38;3;185m[38;2;38;3;185m  [48;2;38;3;183m[38;2;38;3;183m            [0m
[48;2;38;3;185m[38;2;38;3;185m                                  [48;2;29;0;169m[38;2;45;9;192m▌[48;2;113;89;201m[38;2;41;7;188m▊[48;2;250;250;251m[38;2;232;232;234m▌[48;2;250;250;252m[38;2;255;255;255m▌[48;2;237;236;241m[38;2;252;251;254m▊[48;2;194;193;198m[38;2;244;243;247m▊[48;2;128;116;182m[38;2;38;13;175m▊[48;2;255;253;255m[38;2;255;251;255m▄[48;2;250;250;252m[38;2;250;250;252m  [48;2;250;249;251m[38;2;236;237;229m│[48;2;136;128;177m[38;2;249;246;253m▊[48;2;38;3;185m[38;2;38;3;185m              [0m
[48;2;38;3;185m[38;2;38;3;185m                                  [48;2;37;4;184m[38;2;32;0;164m│[48;2;102;78;190m[38;2;43;8;191m▊[48;2;250;250;251m[38;2;232;232;234m▌[48;2;250;250;252m[38;2;255;255;255m▌[48;2;206;198;237m[38;2;245;242;245m▊[48;2;203;197;220m[38;2;46;23;172m▆[48;2;42;13;186m[38;2;0;0;0m [48;2;215;204;238m[38;2;72;49;174m▆[48;2;249;249;251m[38;2;249;249;251m  [48;2;173;164;206m[38;2;242;241;238m▊[48;2;189;178;227m[38;2;43;18;181m▆[48;2;38;3;185m[38;2;38;3;185m              [0m
[48;2;38;3;185m[38;2;38;3;185m                                  [48;2;36;2;185m[38;2;36;3;170m┃[48;2;50;23;153m[38;2;45;8;204m▌[48;2;236;216;207m[38;2;212;75;105m▆▆[48;2;181;107;127m[38;2;28;13;14m▂[48;2;45;7;165m[38;2;13;9;39m▂[48;2;36;5;173m[38;2;14;1;54m▃[48;2;47;14;184m[38;2;25;11;65m▃[48;2;227;213;228m[38;2;123;43;131m▆[48;2;246;218;224m[38;2;205;80;98m▆[48;2;205;180;198m[38;2;183;74;120m▆[48;2;45;8;173m[38;2;0;0;0m [48;2;38;3;185m[38;2;38;3;185m              [0m
[48;2;38;3;185m[38;2;38;3;185m                                  [48;2;37;3;176m[38;2;37;11;135m╺[48;2;37;12;128m[38;2;37;26;58m━[48;2;205;69;92m[38;2;44;17;25m▃▃[48;2;4;2;7m[38;2;4;2;7m  [48;2;3;0;2m[38;2;10;5;9m▎[48;2;23;18;22m[38;2;6;2;5m▌[48;2;212;74;96m[38;2;49;22;29m▃[48;2;201;63;85m[38;2;41;13;20m▃[48;2;140;51;86m[38;2;17;5;28m▆[48;2;31;12;122m[38;2;20;14;31m━[48;2;38;3;185m[38;2;38;3;185m              [0m
[48;2;38;3;185m[38;2;38;3;185m                                  [48;2;38;3;183m[38;2;38;3;183m  [48;2;19;7;45m[38;2;38;5;181m▆▆[48;2;19;8;43m[38;2;38;5;179m▆▆▆▆▆▆[48;2;37;19;93m[38;2;37;2;181m▆[48;2;37;1;185m[38;2;37;6;160m▘[48;2;38;3;185m[38;2;38;3;185m              [0m
[48;2;40;2;185m[38;2;40;2;185m                                                            [0m
[48;2;40;2;185m[38;2;40;2;185m                                                            [0m
