[48;2;1;1;1m[38;2;1;1;1m                                                            [0m
[48;2;1;1;1m[38;2;1;1;1m                                                            [0m
[48;2;1;1;1m[38;2;1;1;1m                                                            [0m
[48;2;1;1;1m[38;2;1;1;1m                                                      [48;2;1;1;3m[38;2;1;1;3m  [48;2;1;1;1m[38;2;1;1;1m    [0m
[48;2;1;1;1m[38;2;1;1;1m                          [48;2;3;1;6m[38;2;3;1;6m  [48;2;1;1;3m[38;2;1;1;3m  [48;2;1;1;1m[38;2;1;1;1m        [48;2;3;1;4m[38;2;3;1;4m  [48;2;3;1;6m[38;2;3;1;6m  [48;2;3;1;4m[38;2;3;1;4m  [48;2;1;1;3m[38;2;1;1;3m  [48;2;1;1;1m[38;2;1;1;1m      [48;2;3;1;4m[38;2;3;1;4m  [48;2;3;1;6m[38;2;3;1;6m  [48;2;2;0;3m[38;2;2;0;3m  [48;2;1;1;1m[38;2;1;1;1m  [0m
[48;2;1;1;1m[38;2;1;1;1m                        [48;2;1;1;3m[38;2;1;1;3m  [48;2;3;1;6m[38;2;3;1;6m    [48;2;2;0;3m[38;2;2;0;3m  [48;2;1;1;3m[38;2;1;1;3m  [48;2;2;0;3m[38;2;2;0;3m  [48;2;1;1;3m[38;2;1;1;3m  [48;2;2;0;3m[38;2;2;0;3m  [48;2;5;3;8m[38;2;5;3;8m    [48;2;3;1;6m[38;2;3;1;6m  [48;2;1;1;1m[38;2;1;1;1m    [48;2;3;1;6m[38;2;3;1;6m      [48;2;1;1;3m[38;2;1;1;3m  [48;2;1;1;1m[38;2;1;1;1m  [0m
[48;2;1;1;1m[38;2;1;1;1m                    [48;2;3;1;6m[38;2;3;1;6m    [48;2;3;1;4m[38;2;3;1;4m  [48;2;3;1;6m[38;2;3;1;6m    [48;2;2;0;3m[38;2;2;0;3m  [48;2;3;1;6m[38;2;3;1;6m      [48;2;17;13;16m[38;2;0;0;0m [48;2;37;33;36m[38;2;217;212;216m▄[48;2;163;161;164m[38;2;244;243;245m▇▇[48;2;161;159;162m[38;2;245;243;245m▇[48;2;136;134;137m[38;2;231;229;231m▇[48;2;40;39;41m[38;2;201;199;202m▃[48;2;10;8;11m[38;2;1;0;2m┏[48;2;2;0;3m[38;2;2;0;3m  [48;2;3;1;4m[38;2;3;1;4m  [48;2;3;1;6m[38;2;3;1;6m      [48;2;1;1;3m[38;2;1;1;3m  [48;2;1;1;1m[38;2;1;1;1m  [0m
[48;2;1;1;1m[38;2;1;1;1m                    [48;2;1;1;3m[38;2;1;1;3m  [48;2;3;1;6m[38;2;3;1;6m          [48;2;1;1;3m[38;2;1;1;3m  [48;2;3;1;4m[38;2;3;1;4m  [48;2;3;1;6m[38;2;3;1;6m  [48;2;98;92;96m[38;2;11;6;9m▊[48;2;209;203;207m[38;2;250;247;250m┃[48;2;238;224;220m[38;2;188;63;95m▄[48;2;209;85;117m[38;2;42;26;22m▄[48;2;216;75;109m[38;2;150;51;71m▗[48;2;189;79;103m[38;2;28;17;9m▄[48;2;70;68;73m[38;2;10;8;13m▇[48;2;4;2;7m[38;2;0;0;0m [48;2;2;0;3m[38;2;2;0;3m  [48;2;3;1;4m[38;2;3;1;4m  [48;2;3;1;6m[38;2;3;1;6m        [48;2;3;1;4m[38;2;3;1;4m  [0m
[48;2;1;1;1m[38;2;1;1;1m                    [48;2;2;2;4m[38;2;2;2;4m  [48;2;3;1;4m[38;2;3;1;4m  [48;2;3;1;6m[38;2;3;1;6m              [48;2;104;98;100m[38;2;5;8;6m▊[48;2;210;187;195m[38;2;252;235;243m┃[48;2;212;70;96m[38;2;212;70;96m  [48;2;215;67;95m[38;2;222;86;111m▘[48;2;129;33;44m[38;2;203;72;95m▊[48;2;5;3;6m[38;2;5;3;6m  [48;2;3;1;6m[38;2;3;1;6m  [48;2;1;1;3m[38;2;1;1;3m    [48;2;3;1;4m[38;2;3;1;4m  [48;2;3;1;6m[38;2;3;1;6m    [48;2;1;1;3m[38;2;1;1;3m  [0m
[48;2;1;1;1m[38;2;1;1;1m                [48;2;2;0;3m[38;2;2;0;3m  [48;2;3;1;4m[38;2;3;1;4m  [48;2;2;0;3m[38;2;2;0;3m  [48;2;1;1;1m[38;2;1;1;1m  [48;2;1;1;3m[38;2;1;1;3m    [48;2;2;0;3m[38;2;2;0;3m  [48;2;3;1;6m[38;2;3;1;6m      [48;2;17;15;18m[38;2;87;85;88m▁[48;2;20;19;21m[38;2;223;222;224m▄[48;2;48;43;47m[38;2;239;236;239m▄[48;2;222;217;221m[38;2;248;244;247m▄[48;2;217;86;112m[38;2;246;212;207m▄[48;2;205;72;98m[38;2;0;0;0m [48;2;217;86;116m [48;2;202;97;119m[38;2;244;235;226m▄[48;2;225;224;226m[38;2;0;0;0m [48;2;26;24;27m[38;2;236;234;236m▄[48;2;19;17;20m[38;2;201;199;202m▄[48;2;12;10;13m[38;2;47;45;48m▁[48;2;3;1;4m[38;2;3;1;4m  [48;2;2;2;4m[38;2;2;2;4m  [48;2;1;1;1m[38;2;1;1;1m  [48;2;2;0;3m[38;2;2;0;3m  [48;2;3;1;6m[38;2;3;1;6m  [48;2;1;1;1m[38;2;1;1;1m  [0m
[48;2;1;1;1m[38;2;1;1;1m            [48;2;1;1;3m[38;2;1;1;3m  [48;2;3;1;6m[38;2;3;1;6m      [48;2;1;1;3m[38;2;1;1;3m  [48;2;1;1;1m[38;2;1;1;1m      [48;2;1;1;3m[38;2;1;1;3m    [48;2;2;0;3m[38;2;2;0;3m  [48;2;3;0;2m[38;2;22;17;21m╸[48;2;39;34;38m[38;2;0;0;0m [48;2;255;254;255m[38;2;236;234;237m▌[48;2;252;250;253m[38;2;244;242;245m┃[48;2;250;250;252m[38;2;250;250;252m  [48;2;241;243;239m[38;2;0;0;0m [48;2;220;111;143m[38;2;243;236;235m▄[48;2;249;249;251m[38;2;249;249;251m  [48;2;250;250;252m[38;2;250;250;252m  [48;2;246;244;247m[38;2;0;0;0m [48;2;228;226;229m [48;2;27;25;30m[38;2;189;188;192m▄[48;2;1;0;4m[38;2;6;4;9m▄[48;2;3;1;4m[38;2;3;1;4m  [48;2;3;1;6m[38;2;3;1;6m  [48;2;1;1;3m[38;2;1;1;3m  [48;2;1;1;1m[38;2;1;1;1m    [0m
[48;2;1;1;1m[38;2;1;1;1m            [48;2;3;1;6m[38;2;3;1;6m      [48;2;3;1;4m[38;2;3;1;4m  [48;2;1;1;3m[38;2;1;1;3m  [48;2;1;1;1m[38;2;1;1;1m    [48;2;3;1;6m[38;2;3;1;6m  [48;2;2;0;3m[38;2;2;0;3m    [48;2;1;1;3m[38;2;1;1;3m  [48;2;68;63;67m[38;2;8;3;7m▊[48;2;251;246;250m[38;2;192;187;191m▎[48;2;250;250;252m[38;2;250;250;252m            [48;2;86;84;87m[38;2;238;237;239m▊[48;2;1;0;2m[38;2;9;7;10m│[48;2;3;1;4m[38;2;3;1;4m  [48;2;3;1;6m[38;2;3;1;6m    [48;2;1;1;3m[38;2;1;1;3m  [48;2;1;1;1m[38;2;1;1;1m  [0m
[48;2;1;1;1m[38;2;1;1;1m            [48;2;1;1;3m[38;2;1;1;3m  [48;2;3;1;6m[38;2;3;1;6m  [48;2;2;0;3m[38;2;2;0;3m  [48;2;1;1;1m[38;2;1;1;1m  [48;2;3;1;6m[38;2;3;1;6m    [48;2;1;1;1m[38;2;1;1;1m    [48;2;1;1;3m[38;2;1;1;3m    [48;2;4;3;7m[38;2;14;12;17m╵[48;2;35;33;38m[38;2;6;4;9m▊[48;2;28;26;29m[38;2;214;212;215m▅[48;2;242;240;242m[38;2;0;0;0m [48;2;250;250;252m[38;2;250;250;252m  [48;2;255;254;255m[38;2;243;239;240m━[48;2;247;243;244m[38;2;177;173;174m▁[48;2;245;247;248m[38;2;222;154;177m▁▁[48;2;250;250;252m[38;2;250;250;252m      [48;2;82;77;81m[38;2;246;242;246m▊[48;2;3;0;2m[38;2;16;11;15m│[48;2;3;1;6m[38;2;3;1;6m  [48;2;3;1;4m[38;2;3;1;4m  [48;2;3;1;6m[38;2;3;1;6m    [48;2;1;1;1m[38;2;1;1;1m  [0m
[48;2;1;1;1m[38;2;1;1;1m              [48;2;2;0;3m[38;2;2;0;3m  [48;2;1;1;3m[38;2;1;1;3m    [48;2;3;1;6m[38;2;3;1;6m  [48;2;3;1;4m[38;2;3;1;4m  [48;2;1;1;3m[38;2;1;1;3m  [48;2;1;1;1m[38;2;1;1;1m    [48;2;3;1;4m[38;2;3;1;4m  [48;2;1;0;4m[38;2;6;4;9m▂[48;2;7;5;10m[38;2;20;18;23m▝[48;2;225;223;226m[38;2;37;35;38m▅[48;2;233;231;234m[38;2;99;97;100m▁[48;2;247;245;247m[38;2;94;92;95m▁[48;2;238;236;238m[38;2;82;80;83m▁[48;2;248;221;219m[38;2;173;82;99m▅[48;2;206;78;108m[38;2;220;178;179m▁[48;2;202;72;94m[38;2;240;226;231m▅[48;2;214;83;105m[38;2;248;237;240m▅[48;2;250;250;252m[38;2;250;250;252m    [48;2;248;248;250m[38;2;248;248;250m  [48;2;75;70;74m[38;2;218;213;217m▊[48;2;3;0;2m[38;2;4;0;3m▄[48;2;3;1;6m[38;2;3;1;6m        [48;2;2;0;3m[38;2;2;0;3m  [0m
[48;2;1;1;1m[38;2;1;1;1m                [48;2;3;1;4m[38;2;3;1;4m  [48;2;3;1;6m[38;2;3;1;6m  [48;2;2;0;3m[38;2;2;0;3m  [48;2;3;1;6m[38;2;3;1;6m  [48;2;2;0;3m[38;2;2;0;3m  [48;2;1;1;1m[38;2;1;1;1m    [48;2;3;1;6m[38;2;3;1;6m  [48;2;3;1;4m[38;2;3;1;4m  [48;2;2;0;3m[38;2;2;0;3m  [48;2;11;7;10m[38;2;0;0;0m [48;2;26;21;25m[38;2;170;165;169m▁[48;2;45;40;43m[38;2;212;207;210m▅[48;2;226;221;225m[38;2;91;85;89m▅[48;2;242;237;241m[38;2;77;72;76m▁▁[48;2;242;239;240m[38;2;78;74;75m▁▁[48;2;223;219;223m[38;2;86;81;85m▁[48;2;214;210;213m[38;2;90;85;89m▄[48;2;250;248;250m[38;2;250;248;250m▄[48;2;84;82;85m[38;2;247;245;248m▊[48;2;3;1;6m[38;2;3;1;6m          [48;2;1;1;3m[38;2;1;1;3m  [0m
[48;2;1;1;1m[38;2;1;1;1m                    [48;2;0;0;0m[38;2;0;0;0m  [48;2;1;1;3m[38;2;1;1;3m  [48;2;1;1;1m[38;2;1;1;1m    [48;2;2;0;3m[38;2;2;0;3m  [48;2;1;1;3m[38;2;1;1;3m  [48;2;3;1;6m[38;2;3;1;6m  [48;2;1;1;3m[38;2;1;1;3m  [48;2;79;77;80m[38;2;8;6;9m▊[48;2;248;247;249m[38;2;202;200;203m▎[48;2;246;246;248m[38;2;255;255;255m┃[48;2;173;173;175m[38;2;240;240;242m▊[48;2;15;11;16m[38;2;0;0;0m [48;2;18;13;19m[38;2;134;129;135m▁[48;2;79;74;78m[38;2;14;10;13m▊[48;2;25;20;24m[38;2;226;222;225m▅[48;2;59;57;60m[38;2;239;237;239m▅[48;2;244;242;245m[38;2;0;0;0m [48;2;247;242;245m[38;2;241;217;226m▁[48;2;98;90;93m[38;2;233;226;228m▊[48;2;3;1;6m[38;2;3;1;6m    [48;2;1;1;3m[38;2;1;1;3m      [48;2;1;1;1m[38;2;1;1;1m  [0m
[48;2;1;1;1m[38;2;1;1;1m                        [48;2;1;1;3m[38;2;1;1;3m  [48;2;3;1;6m[38;2;3;1;6m  [48;2;2;0;3m[38;2;2;0;3m    [48;2;3;1;6m[38;2;3;1;6m  [48;2;1;1;3m[38;2;1;1;3m  [48;2;79;77;80m[38;2;8;6;9m▊[48;2;248;247;249m[38;2;202;200;203m▎[48;2;243;241;244m[38;2;0;0;0m [48;2;224;222;225m[38;2;128;126;129m▂[48;2;52;46;50m[38;2;170;164;168m▁[48;2;159;153;157m[38;2;233;228;232m▊[48;2;127;125;128m[38;2;19;17;20m▊[48;2;250;249;251m[38;2;222;220;223m▎[48;2;250;250;252m[38;2;250;250;252m  [48;2;184;140;152m[38;2;243;240;241m▊[48;2;150;54;84m[38;2;58;53;53m▅[48;2;3;1;6m[38;2;3;1;6m  [48;2;3;1;4m[38;2;3;1;4m  [48;2;1;1;1m[38;2;1;1;1m      [48;2;1;1;3m[38;2;1;1;3m  [0m
[48;2;1;1;1m[38;2;1;1;1m                    [48;2;2;0;3m[38;2;2;0;3m  [48;2;1;1;1m[38;2;1;1;1m  [48;2;3;1;6m[38;2;3;1;6m    [48;2;1;1;3m[38;2;1;1;3m  [48;2;2;0;3m[38;2;2;0;3m  [48;2;1;1;3m[38;2;1;1;3m  [48;2;14;12;15m[38;2;4;3;5m▊[48;2;16;14;17m[38;2;0;0;0m [48;2;56;54;57m[38;2;227;225;228m▅[48;2;192;190;193m[38;2;241;239;242m▊[48;2;209;205;208m[38;2;46;41;45m▅[48;2;65;60;64m[38;2;228;224;227m▅[48;2;225;220;224m[38;2;116;110;114m▂[48;2;202;197;200m[38;2;99;93;97m▅[48;2;73;71;74m[38;2;235;233;236m▅[48;2;246;244;246m[38;2;0;0;0m [48;2;250;250;252m[38;2;250;250;252m  [48;2;250;248;250m[38;2;250;248;250m▄[48;2;84;82;85m[38;2;247;245;248m▊[48;2;3;1;6m[38;2;3;1;6m  [48;2;1;1;3m[38;2;1;1;3m  [48;2;1;1;1m[38;2;1;1;1m        [0m
[48;2;1;1;1m[38;2;1;1;1m                  [48;2;1;1;3m[38;2;1;1;3m  [48;2;2;0;3m[38;2;2;0;3m  [48;2;1;1;3m[38;2;1;1;3m  [48;2;3;1;6m[38;2;3;1;6m    [48;2;2;0;3m[38;2;2;0;3m  [48;2;1;1;3m[38;2;1;1;3m  [48;2;1;1;1m[38;2;1;1;1m  [48;2;3;0;2m[38;2;15;10;14m│[48;2;80;75;79m[38;2;9;5;8m▊[48;2;247;246;248m[38;2;222;220;223m▎[48;2;239;238;240m[38;2;0;0;0m [48;2;59;57;60m[38;2;238;237;239m▅[48;2;238;236;238m[38;2;0;0;0m [48;2;77;75;78m[38;2;244;242;244m▅[48;2;242;241;243m[38;2;0;0;0m [48;2;250;250;252m[38;2;250;250;252m    [48;2;250;248;250m[38;2;250;248;250m▄[48;2;84;82;85m[38;2;247;245;248m▊[48;2;3;1;6m[38;2;3;1;6m  [48;2;2;0;3m[38;2;2;0;3m  [48;2;1;1;1m[38;2;1;1;1m        [0m
[48;2;1;1;1m[38;2;1;1;1m                  [48;2;2;0;3m[38;2;2;0;3m    [48;2;3;1;6m[38;2;3;1;6m      [48;2;1;1;3m[38;2;1;1;3m  [48;2;1;1;1m[38;2;1;1;1m  [48;2;1;1;3m[38;2;1;1;3m  [48;2;46;42;45m[38;2;9;5;8m▊[48;2;52;48;51m[38;2;233;228;232m▅[48;2;248;248;250m[38;2;248;248;250m  [48;2;250;250;252m[38;2;250;250;252m  [48;2;237;237;239m[38;2;251;251;252m▊[48;2;193;193;195m[38;2;243;243;244m▊[48;2;214;212;215m[38;2;52;50;53m▅[48;2;249;247;250m[38;2;232;230;233m▎[48;2;250;250;252m[38;2;250;250;252m  [48;2;249;249;251m[38;2;238;238;240m┏[48;2;251;251;253m[38;2;255;255;255m▌[48;2;82;78;83m[38;2;222;218;223m┓[48;2;3;0;4m[38;2;11;6;12m▄[48;2;1;1;3m[38;2;1;1;3m  [48;2;1;1;1m[38;2;1;1;1m        [0m
[48;2;4;2;10m[38;2;23;2;126m▂▂▂▂▂▂▂▂▂▂▂▂▂▂▂▂▂▂[48;2;5;3;12m[38;2;24;2;129m▂▂[48;2;4;2;10m[38;2;23;2;126m▂▂[48;2;5;3;12m[38;2;24;2;129m▂▂▂▂▂▂[48;2;5;3;11m[38;2;24;3;127m▂▂[48;2;4;2;10m[38;2;23;2;126m▂▂[48;2;5;3;10m[38;2;34;12;137m▂[48;2;13;11;18m[38;2;39;18;142m▂[48;2;67;65;68m[38;2;238;236;238m▅[48;2;241;240;242m[38;2;0;0;0m [48;2;250;250;252m[38;2;250;250;252m    [48;2;190;183;200m[38;2;244;240;241m▊[48;2;187;182;188m[38;2;30;20;69m▅[48;2;22;17;25m[38;2;28;7;127m▂[48;2;207;202;209m[38;2;47;34;87m▅[48;2;249;249;251m[38;2;249;249;251m  [48;2;250;250;252m[38;2;250;250;252m  [48;2;91;83;104m[38;2;238;233;238m▊[48;2;10;5;12m[38;2;28;5;127m▂[48;2;4;2;10m[38;2;23;2;126m▂▂▂▂▂▂▂▂▂▂[0m
[48;2;38;3;183m[38;2;38;3;183m                                [48;2;43;13;181m[38;2;19;0;166m╷[48;2;62;33;190m[38;2;216;207;239m▆[48;2;249;249;251m[38;2;249;249;251m  [48;2;250;250;252m[38;2;250;250;252m  [48;2;244;242;250m[38;2;0;0;0m [48;2;227;226;229m[38;2;64;47;173m▂[48;2;209;197;233m[38;2;52;21;182m▆[48;2;41;10;185m[38;2;0;0;0m [48;2;30;0;168m[38;2;45;11;190m▌[48;2;114;90;200m[38;2;41;9;187m▊[48;2;242;241;243m[38;2;104;86;192m▂[48;2;243;242;246m[38;2;0;0;0m [48;2;250;250;252m[38;2;250;250;252m  [48;2;131;112;220m[38;2;238;236;234m▊[48;2;38;12;180m[38;2;174;162;222m▂[48;2;38;3;183m[38;2;38;3;183m          [0m
[48;2;38;3;183m[38;2;38;3;183m                              [48;2;39;4;184m[38;2;39;4;184m  [48;2;53;37;174m[38;2;225;221;238m▆[48;2;243;242;244m[38;2;0;0;0m [48;2;250;250;252m[38;2;250;250;252m  [48;2;240;239;246m[38;2;0;0;0m [48;2;233;232;234m[38;2;71;52;177m▂[48;2;210;200;234m[38;2;48;18;177m▆[48;2;44;12;188m[38;2;0;0;0m [48;2;38;3;183m[38;2;38;3;183m    [48;2;112;98;169m[38;2;41;11;191m▊[48;2;238;234;242m[38;2;94;77;173m▂[48;2;250;250;252m[38;2;250;250;252m  [48;2;248;248;249m[38;2;229;228;236m╵[48;2;140;129;196m[38;2;240;240;237m▊[48;2;56;27;190m[38;2;195;184;220m▁[48;2;44;11;185m[38;2;32;2;172m┗[48;2;38;3;183m[38;2;38;3;183m        [0m
[48;2;38;3;185m[38;2;38;3;185m                              [48;2;44;13;190m[38;2;43;14;185m▄[48;2;61;36;174m[38;2;223;217;230m▆[48;2;248;248;250m[38;2;248;248;250m  [48;2;249;249;251m[38;2;249;249;251m  [48;2;222;215;232m[38;2;56;35;171m▂[48;2;41;7;196m[38;2;42;16;179m▌[48;2;38;3;185m[38;2;38;3;185m      [48;2;34;3;158m[38;2;36;5;189m▊[48;2;173;157;220m[38;2;41;8;179m▊[48;2;250;250;252m[38;2;250;250;252m    [48;2;67;44;161m[38;2;241;237;237m▊[48;2;28;0;193m[38;2;43;9;194m▊[48;2;38;3;185m[38;2;38;3;185m        [0m
[48;2;38;3;185m[38;2;38;3;185m                              [48;2;145;104;161m[38;2;233;228;223m━[48;2;243;237;244m[38;2;0;0;0m [48;2;249;249;251m[38;2;249;249;251m  [48;2;228;224;238m[38;2;66;39;197m▂[48;2;211;206;224m[38;2;47;23;179m▆[48;2;39;4;184m[38;2;39;4;184m  [48;2;38;3;185m[38;2;38;3;185m      [48;2;33;1;176m[38;2;46;11;189m▘[48;2;37;4;180m[38;2;76;41;219m▝[48;2;207;202;224m[38;2;81;59;186m▆[48;2;247;244;253m[38;2;246;247;229m▗[48;2;250;249;252m[38;2;235;234;239m┓[48;2;238;237;240m[38;2;0;0;0m [48;2;189;177;226m[38;2;54;29;196m▂[48;2;33;6;174m[38;2;39;11;185m▄[48;2;38;3;185m[38;2;38;3;185m        [0m
[48;2;38;3;185m[38;2;38;3;185m                              [48;2;220;77;102m[38;2;96;33;98m▎[48;2;237;191;189m[38;2;206;76;102m▆[48;2;233;228;231m[38;2;31;25;29m▂[48;2;222;216;220m[38;2;21;16;19m▂[48;2;46;16;174m[38;2;16;8;37m▂[48;2;37;5;175m[38;2;11;1;52m▃[48;2;36;3;185m[38;2;20;8;51m▃▃▃▃▃▃[48;2;35;3;182m[38;2;19;8;48m▃▃[48;2;39;5;187m[38;2;12;1;43m▃▃[48;2;53;23;177m[38;2;10;4;21m▂[48;2;208;192;225m[38;2;57;24;115m▆[48;2;220;216;206m[38;2;216;75;111m▆[48;2;200;178;185m[38;2;188;69;109m▆[48;2;38;3;185m[38;2;38;3;185m          [0m
[48;2;38;3;185m[38;2;38;3;185m                            [48;2;37;5;169m[38;2;41;3;197m┫[48;2;28;7;105m[38;2;28;7;105m▄[48;2;136;51;85m[38;2;16;8;15m▆[48;2;184;60;84m[38;2;23;13;5m▂[48;2;69;29;39m[38;2;194;70;107m━[48;2;18;6;6m[38;2;0;0;0m [48;2;3;1;6m[38;2;3;1;6m            [48;2;21;8;7m[38;2;91;34;48m╺[48;2;138;46;71m[38;2;16;17;10m▂[48;2;186;64;84m[38;2;43;18;25m▃[48;2;114;48;64m[38;2;13;9;24m▆[48;2;29;7;116m[38;2;29;7;116m▄[48;2;40;5;187m[38;2;40;5;187m▄[48;2;38;3;185m[38;2;38;3;185m        [0m
[48;2;38;3;185m[38;2;38;3;185m                              [48;2;20;8;47m[38;2;39;5;183m▆▆[48;2;19;7;46m[38;2;38;4;182m▆▆[48;2;15;4;39m[38;2;40;6;180m▆▆[48;2;19;8;43m[38;2;38;5;179m▆▆▆▆▆▆▆▆[48;2;19;7;45m[38;2;38;5;181m▆▆▆▆[48;2;20;7;50m[38;2;39;5;185m▆[48;2;20;2;76m[38;2;39;6;176m▆[48;2;38;3;185m[38;2;38;3;185m          [0m
[48;2;40;2;185m[38;2;40;2;185m                                                            [0m
[48;2;40;2;185m[38;2;40;2;185m                                                            [0m
