[48;2;1;1;1m[38;2;1;1;1m                                                            [0m
[48;2;1;1;1m[38;2;1;1;1m                                                            [0m
[48;2;1;1;1m[38;2;1;1;1m                                                            [0m
[48;2;1;1;1m[38;2;1;1;1m                                                      [48;2;1;1;3m[38;2;1;1;3m  [48;2;1;1;1m[38;2;1;1;1m    [0m
[48;2;1;1;1m[38;2;1;1;1m                          [48;2;3;1;6m[38;2;3;1;6m  [48;2;1;1;3m[38;2;1;1;3m  [48;2;1;1;1m[38;2;1;1;1m        [48;2;3;1;4m[38;2;3;1;4m  [48;2;3;1;6m[38;2;3;1;6m  [48;2;3;1;4m[38;2;3;1;4m  [48;2;1;1;3m[38;2;1;1;3m  [48;2;1;1;1m[38;2;1;1;1m      [48;2;3;1;4m[38;2;3;1;4m  [48;2;3;1;6m[38;2;3;1;6m  [48;2;2;0;3m[38;2;2;0;3m  [48;2;1;1;1m[38;2;1;1;1m  [0m
[48;2;1;1;1m[38;2;1;1;1m                        [48;2;1;1;3m[38;2;1;1;3m  [48;2;3;1;6m[38;2;3;1;6m    [48;2;2;0;3m[38;2;2;0;3m  [48;2;1;1;3m[38;2;1;1;3m  [48;2;2;0;3m[38;2;2;0;3m  [48;2;1;1;3m[38;2;1;1;3m  [48;2;2;0;3m[38;2;2;0;3m  [48;2;5;3;8m[38;2;5;3;8m    [48;2;3;1;6m[38;2;3;1;6m  [48;2;1;1;1m[38;2;1;1;1m    [48;2;3;1;6m[38;2;3;1;6m      [48;2;1;1;3m[38;2;1;1;3m  [48;2;1;1;1m[38;2;1;1;1m  [0m
[48;2;1;1;1m[38;2;1;1;1m                    [48;2;3;1;6m[38;2;3;1;6m    [48;2;3;1;4m[38;2;3;1;4m  [48;2;3;1;6m[38;2;3;1;6m    [48;2;2;0;3m[38;2;2;0;3m  [48;2;3;1;6m[38;2;3;1;6m      [48;2;17;13;16m[38;2;0;0;0m [48;2;37;33;36m[38;2;217;212;216m▄[48;2;163;161;164m[38;2;244;243;245m▇▇[48;2;161;159;162m[38;2;245;243;245m▇[48;2;136;134;137m[38;2;231;229;231m▇[48;2;40;39;41m[38;2;201;199;202m▃[48;2;10;8;11m[38;2;1;0;2m┏[48;2;2;0;3m[38;2;2;0;3m  [48;2;3;1;4m[38;2;3;1;4m  [48;2;3;1;6m[38;2;3;1;6m      [48;2;1;1;3m[38;2;1;1;3m  [48;2;1;1;1m[38;2;1;1;1m  [0m
[48;2;1;1;1m[38;2;1;1;1m                    [48;2;1;1;3m[38;2;1;1;3m  [48;2;3;1;6m[38;2;3;1;6m          [48;2;1;1;3m[38;2;1;1;3m  [48;2;3;1;4m[38;2;3;1;4m  [48;2;3;1;6m[38;2;3;1;6m  [48;2;98;92;96m[38;2;11;6;9m▊[48;2;209;203;207m[38;2;250;247;250m┃[48;2;238;224;220m[38;2;188;63;95m▄[48;2;209;85;117m[38;2;42;26;22m▄[48;2;216;75;109m[38;2;150;51;71m▗[48;2;189;79;103m[38;2;28;17;9m▄[48;2;70;68;73m[38;2;10;8;13m▇[48;2;4;2;7m[38;2;0;0;0m [48;2;2;0;3m[38;2;2;0;3m  [48;2;3;1;4m[38;2;3;1;4m  [48;2;3;1;6m[38;2;3;1;6m        [48;2;3;1;4m[38;2;3;1;4m  [0m
[48;2;1;1;1m[38;2;1;1;1m                    [48;2;2;2;4m[38;2;2;2;4m  [48;2;3;1;4m[38;2;3;1;4m  [48;2;3;1;6m[38;2;3;1;6m              [48;2;104;98;100m[38;2;5;8;6m▊[48;2;210;187;195m[38;2;252;235;243m┃[48;2;212;70;96m[38;2;212;70;96m  [48;2;213;56;87m[38;2;219;77;103m▊[48;2;129;33;44m[38;2;203;72;95m▊[48;2;2;2;4m[38;2;2;2;4m  [48;2;3;1;6m[38;2;3;1;6m  [48;2;1;1;3m[38;2;1;1;3m    [48;2;3;1;4m[38;2;3;1;4m  [48;2;3;1;6m[38;2;3;1;6m    [48;2;1;1;3m[38;2;1;1;3m  [0m
[48;2;1;1;1m[38;2;1;1;1m                [48;2;2;0;3m[38;2;2;0;3m  [48;2;3;1;4m[38;2;3;1;4m  [48;2;2;0;3m[38;2;2;0;3m  [48;2;1;1;1m[38;2;1;1;1m  [48;2;1;1;3m[38;2;1;1;3m    [48;2;2;0;3m[38;2;2;0;3m  [48;2;3;1;6m[38;2;3;1;6m      [48;2;6;4;7m[38;2;17;15;18m▁[48;2;1;0;2m[38;2;37;35;38m▂[48;2;102;96;100m[38;2;16;10;14m▊[48;2;240;236;239m[38;2;210;204;208m▎[48;2;217;86;112m[38;2;246;212;207m▄[48;2;205;72;98m[38;2;0;0;0m [48;2;203;70;101m[38;2;214;135;148m▗[48;2;194;76;102m[38;2;249;230;225m▄[48;2;27;25;28m[38;2;232;230;233m▄[48;2;17;15;18m[38;2;208;206;208m▄[48;2;1;0;2m[38;2;36;34;37m▂[48;2;5;4;6m[38;2;16;14;17m▁[48;2;3;1;4m[38;2;3;1;4m  [48;2;2;2;4m[38;2;2;2;4m  [48;2;1;1;1m[38;2;1;1;1m  [48;2;2;0;3m[38;2;2;0;3m  [48;2;3;1;6m[38;2;3;1;6m  [48;2;1;1;1m[38;2;1;1;1m  [0m
[48;2;1;1;1m[38;2;1;1;1m            [48;2;1;1;3m[38;2;1;1;3m  [48;2;3;1;6m[38;2;3;1;6m      [48;2;1;1;3m[38;2;1;1;3m  [48;2;1;1;1m[38;2;1;1;1m      [48;2;1;1;3m[38;2;1;1;3m    [48;2;2;0;3m[38;2;2;0;3m  [48;2;10;8;13m[38;2;3;1;6m▚[48;2;6;4;9m[38;2;1;0;4m▌[48;2;54;52;55m[38;2;234;232;235m▄[48;2;238;236;239m[38;2;0;0;0m [48;2;249;249;251m[38;2;249;249;251m  [48;2;241;243;239m[38;2;0;0;0m [48;2;220;111;143m[38;2;243;236;235m▄[48;2;249;249;251m[38;2;249;249;251m  [48;2;250;250;252m[38;2;250;250;252m  [48;2;228;226;228m[38;2;0;0;0m [48;2;27;26;28m[38;2;202;200;203m▄[48;2;8;6;11m[38;2;77;75;80m▁[48;2;1;0;4m[38;2;12;10;15m━[48;2;3;1;4m[38;2;3;1;4m  [48;2;3;1;6m[38;2;3;1;6m  [48;2;1;1;3m[38;2;1;1;3m  [48;2;1;1;1m[38;2;1;1;1m    [0m
[48;2;1;1;1m[38;2;1;1;1m            [48;2;3;1;6m[38;2;3;1;6m      [48;2;3;1;4m[38;2;3;1;4m  [48;2;1;1;3m[38;2;1;1;3m  [48;2;1;1;1m[38;2;1;1;1m    [48;2;3;1;6m[38;2;3;1;6m  [48;2;2;0;3m[38;2;2;0;3m    [48;2;1;1;3m[38;2;1;1;3m  [48;2;3;0;2m[38;2;21;16;20m▄[48;2;34;29;33m[38;2;212;207;211m▅[48;2;248;248;250m[38;2;248;248;250m  [48;2;250;250;252m[38;2;250;250;252m          [48;2;84;82;85m[38;2;234;232;234m▊[48;2;2;0;3m[38;2;16;14;17m│[48;2;3;1;4m[38;2;3;1;4m  [48;2;3;1;6m[38;2;3;1;6m    [48;2;1;1;3m[38;2;1;1;3m  [48;2;1;1;1m[38;2;1;1;1m  [0m
[48;2;1;1;1m[38;2;1;1;1m            [48;2;1;1;3m[38;2;1;1;3m  [48;2;3;1;6m[38;2;3;1;6m  [48;2;2;0;3m[38;2;2;0;3m  [48;2;1;1;1m[38;2;1;1;1m  [48;2;3;1;6m[38;2;3;1;6m    [48;2;1;1;1m[38;2;1;1;1m    [48;2;1;1;3m[38;2;1;1;3m    [48;2;3;1;4m[38;2;3;1;4m  [48;2;30;25;29m[38;2;141;136;140m▁[48;2;252;249;252m[38;2;203;198;202m▎[48;2;250;250;252m[38;2;250;250;252m            [48;2;82;77;81m[38;2;246;242;246m▊[48;2;3;0;2m[38;2;16;11;15m│[48;2;3;1;6m[38;2;3;1;6m  [48;2;3;1;4m[38;2;3;1;4m  [48;2;3;1;6m[38;2;3;1;6m    [48;2;1;1;1m[38;2;1;1;1m  [0m
[48;2;1;1;1m[38;2;1;1;1m              [48;2;2;0;3m[38;2;2;0;3m  [48;2;1;1;3m[38;2;1;1;3m    [48;2;3;1;6m[38;2;3;1;6m  [48;2;3;1;4m[38;2;3;1;4m  [48;2;1;1;3m[38;2;1;1;3m  [48;2;1;1;1m[38;2;1;1;1m    [48;2;3;1;4m[38;2;3;1;4m  [48;2;12;10;15m[38;2;1;0;4m┃[48;2;47;45;50m[38;2;4;3;7m▊[48;2;229;227;230m[38;2;127;125;128m▁[48;2;255;254;255m[38;2;254;252;255m▄[48;2;249;242;245m[38;2;0;0;0m [48;2;247;248;250m[38;2;214;173;187m▂[48;2;247;239;243m[38;2;207;92;110m▅▅[48;2;249;249;251m[38;2;249;249;251m  [48;2;250;250;252m[38;2;250;250;252m    [48;2;255;255;255m[38;2;253;253;255m▌[48;2;220;220;222m[38;2;0;0;0m [48;2;194;192;197m[38;2;21;19;24m▅[48;2;1;0;4m[38;2;7;5;10m▄[48;2;3;1;6m[38;2;3;1;6m        [48;2;2;0;3m[38;2;2;0;3m  [0m
[48;2;1;1;1m[38;2;1;1;1m                [48;2;3;1;4m[38;2;3;1;4m  [48;2;3;1;6m[38;2;3;1;6m  [48;2;2;0;3m[38;2;2;0;3m  [48;2;3;1;6m[38;2;3;1;6m  [48;2;2;0;3m[38;2;2;0;3m  [48;2;1;1;1m[38;2;1;1;1m    [48;2;3;1;6m[38;2;3;1;6m  [48;2;3;1;4m[38;2;3;1;4m  [48;2;13;12;14m[38;2;0;0;0m [48;2;213;211;214m[38;2;25;23;26m▅[48;2;225;214;217m[38;2;23;23;20m▅[48;2;195;79;115m[38;2;43;28;31m▅[48;2;200;83;101m[38;2;222;207;213m▅[48;2;199;83;100m[38;2;90;75;81m▅[48;2;241;236;240m[38;2;76;71;75m▁▁[48;2;242;239;240m[38;2;78;74;75m▁▁[48;2;223;219;223m[38;2;86;81;85m▁[48;2;214;210;213m[38;2;90;85;89m▄[48;2;250;248;250m[38;2;250;248;250m▄[48;2;84;82;85m[38;2;247;245;248m▊[48;2;3;1;6m[38;2;3;1;6m          [48;2;1;1;3m[38;2;1;1;3m  [0m
[48;2;1;1;1m[38;2;1;1;1m                    [48;2;0;0;0m[38;2;0;0;0m  [48;2;1;1;3m[38;2;1;1;3m  [48;2;1;1;1m[38;2;1;1;1m    [48;2;2;0;3m[38;2;2;0;3m  [48;2;1;1;3m[38;2;1;1;3m  [48;2;3;1;6m[38;2;3;1;6m  [48;2;1;1;3m[38;2;1;1;3m  [48;2;50;45;49m[38;2;11;7;10m▊[48;2;53;48;52m[38;2;222;218;222m▅[48;2;248;246;248m[38;2;235;233;236m▎[48;2;180;178;181m[38;2;243;241;244m▊[48;2;15;11;16m[38;2;0;0;0m [48;2;18;13;19m[38;2;134;129;135m▁[48;2;11;7;10m[38;2;0;0;0m [48;2;37;32;36m[38;2;179;174;178m▁[48;2;60;58;61m[38;2;234;232;235m▅[48;2;244;242;244m[38;2;0;0;0m [48;2;166;164;167m[38;2;241;239;241m▊[48;2;188;186;189m[38;2;24;22;25m▅[48;2;3;1;6m[38;2;3;1;6m    [48;2;1;1;3m[38;2;1;1;3m      [48;2;1;1;1m[38;2;1;1;1m  [0m
[48;2;1;1;1m[38;2;1;1;1m                        [48;2;1;1;3m[38;2;1;1;3m  [48;2;3;1;6m[38;2;3;1;6m  [48;2;2;0;3m[38;2;2;0;3m    [48;2;3;1;6m[38;2;3;1;6m  [48;2;1;1;3m[38;2;1;1;3m  [48;2;79;77;80m[38;2;8;6;9m▊[48;2;248;247;249m[38;2;202;200;203m▎[48;2;243;241;244m[38;2;0;0;0m [48;2;224;222;225m[38;2;128;126;129m▂[48;2;52;46;50m[38;2;170;164;168m▁[48;2;159;153;157m[38;2;233;228;232m▊[48;2;127;125;128m[38;2;19;17;20m▊[48;2;250;249;251m[38;2;222;220;223m▎[48;2;250;250;252m[38;2;250;250;252m  [48;2;125;120;124m[38;2;241;237;240m▊[48;2;22;17;21m[38;2;138;133;137m▁[48;2;3;1;6m[38;2;3;1;6m  [48;2;3;1;4m[38;2;3;1;4m  [48;2;1;1;1m[38;2;1;1;1m      [48;2;1;1;3m[38;2;1;1;3m  [0m
[48;2;1;1;1m[38;2;1;1;1m                    [48;2;2;0;3m[38;2;2;0;3m  [48;2;1;1;1m[38;2;1;1;1m  [48;2;3;1;6m[38;2;3;1;6m    [48;2;1;1;3m[38;2;1;1;3m  [48;2;2;0;3m[38;2;2;0;3m  [48;2;1;1;3m[38;2;1;1;3m  [48;2;14;12;15m[38;2;4;3;5m▊[48;2;16;14;17m[38;2;0;0;0m [48;2;54;52;55m[38;2;227;225;228m▅[48;2;245;244;246m[38;2;0;0;0m [48;2;175;171;172m[38;2;246;242;243m▊[48;2;82;78;79m[38;2;13;9;10m┃[48;2;181;177;180m[38;2;237;233;236m▊[48;2;198;194;197m[38;2;50;45;49m▅[48;2;75;73;76m[38;2;232;231;233m▅[48;2;244;242;244m[38;2;0;0;0m [48;2;250;250;252m[38;2;250;250;252m  [48;2;250;248;250m[38;2;250;248;250m▄[48;2;84;82;85m[38;2;247;245;248m▊[48;2;3;1;6m[38;2;3;1;6m  [48;2;1;1;3m[38;2;1;1;3m  [48;2;1;1;1m[38;2;1;1;1m        [0m
[48;2;1;1;1m[38;2;1;1;1m                  [48;2;1;1;3m[38;2;1;1;3m  [48;2;2;0;3m[38;2;2;0;3m  [48;2;1;1;3m[38;2;1;1;3m  [48;2;3;1;6m[38;2;3;1;6m    [48;2;2;0;3m[38;2;2;0;3m  [48;2;1;1;3m[38;2;1;1;3m  [48;2;1;1;1m[38;2;1;1;1m  [48;2;3;0;2m[38;2;20;15;19m▄[48;2;40;36;39m[38;2;219;215;219m▁[48;2;255;254;255m[38;2;238;236;239m▌[48;2;253;252;254m[38;2;246;244;247m┃[48;2;241;239;242m[38;2;0;0;0m [48;2;72;70;73m[38;2;239;237;239m▅[48;2;234;232;235m[38;2;0;0;0m [48;2;72;70;73m[38;2;245;243;245m▅[48;2;249;249;251m[38;2;249;249;251m  [48;2;250;250;252m[38;2;250;250;252m  [48;2;252;251;252m[38;2;239;237;240m│[48;2;125;123;126m[38;2;242;240;243m▊[48;2;15;13;18m[38;2;155;153;158m▁[48;2;8;6;11m[38;2;0;0;0m [48;2;2;0;3m[38;2;2;0;3m  [48;2;1;1;1m[38;2;1;1;1m        [0m
[48;2;1;1;1m[38;2;1;1;1m                  [48;2;2;0;3m[38;2;2;0;3m    [48;2;3;1;6m[38;2;3;1;6m      [48;2;1;1;3m[38;2;1;1;3m  [48;2;1;1;1m[38;2;1;1;1m  [48;2;2;2;4m[38;2;2;2;4m  [48;2;21;17;20m[38;2;169;164;168m▂[48;2;250;247;250m[38;2;208;203;207m▎[48;2;250;250;252m[38;2;250;250;252m    [48;2;241;241;243m[38;2;251;251;252m▄[48;2;250;250;251m[38;2;240;240;242m▃[48;2;233;231;234m[38;2;59;57;60m▁[48;2;252;250;253m[38;2;255;254;255m┏[48;2;250;250;252m[38;2;250;250;252m    [48;2;87;85;90m[38;2;239;237;241m▊[48;2;1;0;4m[38;2;10;8;13m│[48;2;1;1;3m[38;2;1;1;3m  [48;2;1;1;1m[38;2;1;1;1m        [0m
[48;2;4;2;10m[38;2;23;2;126m▂▂▂▂▂▂▂▂▂▂▂▂▂▂▂▂▂▂[48;2;5;3;12m[38;2;24;2;129m▂▂[48;2;4;2;10m[38;2;23;2;126m▂▂[48;2;5;3;12m[38;2;24;2;129m▂▂▂▂▂▂[48;2;5;3;11m[38;2;24;3;127m▂▂▂▂[48;2;19;17;20m[38;2;172;170;173m▂[48;2;62;60;63m[38;2;230;228;231m▅[48;2;248;248;250m[38;2;248;248;250m  [48;2;250;250;252m[38;2;250;250;252m    [48;2;243;241;245m[38;2;0;0;0m [48;2;207;204;212m[38;2;52;34;174m▁[48;2;28;22;42m[38;2;41;17;166m▁[48;2;209;204;213m[38;2;45;33;86m▅[48;2;249;249;251m[38;2;249;249;251m  [48;2;250;250;252m[38;2;250;250;252m  [48;2;235;234;238m[38;2;0;0;0m [48;2;80;78;83m[38;2;230;228;232m┓[48;2;4;2;11m[38;2;23;1;128m▂▂[48;2;4;2;10m[38;2;23;2;126m▂▂▂▂▂▂▂▂[0m
[48;2;38;3;183m[38;2;38;3;183m                              [48;2;37;11;177m[38;2;44;16;180m▄[48;2;55;25;181m[38;2;218;209;239m▆[48;2;248;248;250m[38;2;248;248;250m  [48;2;250;250;252m[38;2;250;250;252m    [48;2;244;242;250m[38;2;0;0;0m [48;2;227;226;229m[38;2;64;47;173m▂[48;2;209;197;233m[38;2;52;21;182m▆[48;2;41;10;185m[38;2;0;0;0m [48;2;33;1;174m[38;2;46;12;187m▘[48;2;37;5;178m[38;2;76;42;217m▝[48;2;203;196;228m[38;2;63;42;182m▅[48;2;246;244;247m[38;2;0;0;0m [48;2;250;250;252m[38;2;250;250;252m  [48;2;246;245;250m[38;2;245;244;249m▄[48;2;236;235;239m[38;2;0;0;0m [48;2;104;82;198m[38;2;228;220;243m┓[48;2;33;4;180m[38;2;38;7;181m▄[48;2;38;3;183m[38;2;38;3;183m        [0m
[48;2;38;3;183m[38;2;38;3;183m                            [48;2;39;4;184m[38;2;39;4;184m  [48;2;64;44;184m[38;2;220;217;232m▆[48;2;242;241;242m[38;2;0;0;0m [48;2;250;250;252m[38;2;250;250;252m  [48;2;249;249;251m[38;2;249;249;251m  [48;2;228;224;236m[38;2;52;27;179m▂[48;2;243;239;245m[38;2;52;26;180m▆[48;2;209;198;234m[38;2;49;17;181m▆[48;2;39;7;185m[38;2;0;0;0m [48;2;38;3;183m[38;2;38;3;183m    [48;2;42;13;176m[38;2;0;0;0m [48;2;230;223;242m[38;2;75;48;195m▆[48;2;228;225;238m[38;2;87;70;175m▁[48;2;245;244;249m[38;2;0;0;0m [48;2;250;250;252m[38;2;250;250;252m  [48;2;235;231;241m[38;2;0;0;0m [48;2;49;26;171m[38;2;175;165;216m▆[48;2;38;3;183m[38;2;38;3;183m        [0m
[48;2;38;3;185m[38;2;38;3;185m                            [48;2;43;12;189m[38;2;42;13;184m▄[48;2;60;35;173m[38;2;222;216;230m▆[48;2;241;241;243m[38;2;251;251;252m▅[48;2;251;251;252m[38;2;241;241;243m▃[48;2;249;249;251m[38;2;249;249;251m  [48;2;231;227;239m[38;2;60;34;188m▂[48;2;220;215;231m[38;2;46;22;176m▆[48;2;39;4;184m[38;2;39;4;184m  [48;2;38;3;185m[38;2;38;3;185m        [48;2;46;18;182m[38;2;0;0;0m [48;2;221;214;234m[38;2;70;47;192m▆[48;2;222;219;234m[38;2;72;58;176m▁[48;2;247;246;249m[38;2;0;0;0m [48;2;246;245;249m[38;2;235;234;240m╺[48;2;236;235;239m[38;2;0;0;0m [48;2;105;86;186m[38;2;217;207;237m┓[48;2;37;5;182m[38;2;41;9;183m▄[48;2;38;3;185m[38;2;38;3;185m      [0m
[48;2;38;3;185m[38;2;38;3;185m                            [48;2;147;88;163m[38;2;229;230;232m━[48;2;238;226;235m[38;2;200;88;97m▂[48;2;249;247;250m[38;2;249;247;250m  [48;2;230;226;238m[38;2;68;42;197m▂[48;2;213;208;224m[38;2;49;25;179m▆[48;2;39;4;184m[38;2;39;4;184m  [48;2;38;3;185m[38;2;38;3;185m            [48;2;146;133;203m[38;2;36;13;186m▊[48;2;237;233;243m[38;2;96;80;176m▂[48;2;250;250;252m[38;2;250;250;252m  [48;2;230;228;238m[38;2;0;0;0m [48;2;108;91;198m[38;2;224;220;234m┓[48;2;38;3;185m[38;2;38;3;185m      [0m
[48;2;38;3;185m[38;2;38;3;185m                            [48;2;213;81;100m[38;2;143;34;113m▎[48;2;210;65;86m[38;2;224;73;112m┃[48;2;235;209;207m[38;2;207;72;103m▆[48;2;191;203;209m[38;2;47;24;117m▆[48;2;39;9;169m[38;2;9;0;32m▂▂[48;2;36;3;185m[38;2;20;8;51m▃▃[48;2;34;4;166m[38;2;15;5;40m▂▂[48;2;36;3;185m[38;2;20;8;51m▃▃[48;2;34;4;166m[38;2;15;5;40m▂▂[48;2;39;5;187m[38;2;12;1;43m▃▃▃▃▃▃[48;2;34;5;161m[38;2;14;8;17m▂[48;2;82;53;197m[38;2;46;35;81m▃[48;2;237;210;207m[38;2;212;63;100m▂[48;2;240;224;216m[38;2;213;76;109m▆[48;2;227;219;210m[38;2;213;70;105m▆[48;2;172;165;189m[38;2;169;66;122m▆[48;2;38;3;185m[38;2;38;3;185m      [0m
[48;2;38;3;185m[38;2;38;3;185m                          [48;2;40;7;172m[38;2;41;4;198m┫[48;2;29;9;105m[38;2;29;9;105m▄[48;2;166;51;90m[38;2;7;6;5m▆▆[48;2;184;62;89m[38;2;27;9;7m▂[48;2;79;32;35m[38;2;214;59;98m━[48;2;67;29;38m[38;2;186;64;101m━[48;2;16;4;5m[38;2;0;0;0m [48;2;3;1;6m[38;2;3;1;6m            [48;2;10;4;8m[38;2;10;4;8m▄[48;2;33;27;31m[38;2;4;0;2m▊[48;2;137;50;67m[38;2;98;30;39m▄▄[48;2;209;66;92m[38;2;53;14;25m▃[48;2;183;65;82m[38;2;38;20;26m▃[48;2;153;60;63m[38;2;9;6;17m▆[48;2;118;49;84m[38;2;18;5;28m▆[48;2;35;10;125m[38;2;35;10;125m▄[48;2;35;0;190m[38;2;35;2;168m━[48;2;38;3;185m[38;2;38;3;185m    [0m
[48;2;38;3;185m[38;2;38;3;185m                            [48;2;20;8;47m[38;2;39;5;183m▆▆[48;2;19;7;45m[38;2;38;5;181m▆▆[48;2;19;7;46m[38;2;38;4;182m▆▆[48;2;15;4;39m[38;2;40;6;180m▆▆[48;2;19;8;43m[38;2;38;5;179m▆▆▆▆▆▆▆▆[48;2;19;7;45m[38;2;38;5;181m▆▆▆▆▆▆[48;2;19;8;43m[38;2;38;5;179m▆▆[48;2;27;14;57m[38;2;37;3;182m▆[48;2;27;9;82m[38;2;37;5;174m▆[48;2;38;3;185m[38;2;38;3;185m      [0m
[48;2;40;2;185m[38;2;40;2;185m                                                            [0m
[48;2;40;2;185m[38;2;40;2;185m                                                            [0m
