[48;2;1;1;1m[38;2;1;1;1m                                                            [0m
[48;2;1;1;1m[38;2;1;1;1m                                                            [0m
[48;2;1;1;1m[38;2;1;1;1m                                                            [0m
[48;2;1;1;1m[38;2;1;1;1m                                                      [48;2;1;1;3m[38;2;1;1;3m  [48;2;1;1;1m[38;2;1;1;1m    [0m
[48;2;1;1;1m[38;2;1;1;1m                          [48;2;3;1;6m[38;2;3;1;6m  [48;2;1;1;3m[38;2;1;1;3m  [48;2;1;1;1m[38;2;1;1;1m        [48;2;3;1;4m[38;2;3;1;4m  [48;2;3;1;6m[38;2;3;1;6m  [48;2;3;1;4m[38;2;3;1;4m  [48;2;1;1;3m[38;2;1;1;3m  [48;2;1;1;1m[38;2;1;1;1m      [48;2;3;1;4m[38;2;3;1;4m  [48;2;3;1;6m[38;2;3;1;6m  [48;2;2;0;3m[38;2;2;0;3m  [48;2;1;1;1m[38;2;1;1;1m  [0m
[48;2;1;1;1m[38;2;1;1;1m                        [48;2;1;1;3m[38;2;1;1;3m  [48;2;3;1;6m[38;2;3;1;6m    [48;2;2;0;3m[38;2;2;0;3m  [48;2;1;1;3m[38;2;1;1;3m  [48;2;2;0;3m[38;2;2;0;3m  [48;2;1;1;3m[38;2;1;1;3m    [48;2;4;2;7m[38;2;4;2;7m  [48;2;5;3;8m[38;2;5;3;8m  [48;2;4;2;7m[38;2;4;2;7m  [48;2;1;1;1m[38;2;1;1;1m    [48;2;3;1;6m[38;2;3;1;6m      [48;2;1;1;3m[38;2;1;1;3m  [48;2;1;1;1m[38;2;1;1;1m  [0m
[48;2;1;1;1m[38;2;1;1;1m                    [48;2;3;1;6m[38;2;3;1;6m    [48;2;3;1;4m[38;2;3;1;4m  [48;2;3;1;6m[38;2;3;1;6m    [48;2;2;0;3m[38;2;2;0;3m  [48;2;3;1;6m[38;2;3;1;6m      [48;2;3;2;4m[38;2;19;17;20m╷[48;2;15;14;16m[38;2;0;0;0m [48;2;40;35;39m[38;2;219;214;218m▄[48;2;154;149;153m[38;2;243;239;243m▇[48;2;168;166;169m[38;2;245;243;246m▇▇[48;2;144;139;143m[38;2;228;223;227m▇[48;2;21;17;20m[38;2;185;180;184m▄[48;2;2;0;3m[38;2;2;0;3m  [48;2;3;1;4m[38;2;3;1;4m  [48;2;3;1;6m[38;2;3;1;6m      [48;2;1;1;3m[38;2;1;1;3m  [48;2;1;1;1m[38;2;1;1;1m  [0m
[48;2;1;1;1m[38;2;1;1;1m                    [48;2;1;1;3m[38;2;1;1;3m  [48;2;3;1;6m[38;2;3;1;6m          [48;2;1;1;3m[38;2;1;1;3m  [48;2;3;1;4m[38;2;3;1;4m  [48;2;3;1;6m[38;2;3;1;6m  [48;2;2;1;3m[38;2;11;9;12m│[48;2;100;98;101m[38;2;9;8;10m▊[48;2;225;212;212m[38;2;251;246;245m┃[48;2;233;223;223m[38;2;188;77;110m▄[48;2;209;80;108m[38;2;42;28;18m▄[48;2;231;147;160m[38;2;200;62;93m▇[48;2;182;72;107m[38;2;16;14;11m▄[48;2;8;9;7m[38;2;64;35;42m▘[48;2;2;0;3m[38;2;2;0;3m  [48;2;3;1;4m[38;2;3;1;4m  [48;2;3;1;6m[38;2;3;1;6m        [48;2;3;1;4m[38;2;3;1;4m  [0m
[48;2;1;1;1m[38;2;1;1;1m                    [48;2;2;2;4m[38;2;2;2;4m  [48;2;3;1;4m[38;2;3;1;4m  [48;2;3;1;6m[38;2;3;1;6m              [48;2;1;0;2m[38;2;8;6;9m│[48;2;89;87;90m[38;2;12;10;13m▊[48;2;215;185;194m[38;2;249;249;249m┃[48;2;209;82;102m[38;2;214;58;87m┃[48;2;214;72;98m[38;2;214;72;98m  [48;2;95;29;39m[38;2;197;73;93m▊[48;2;17;3;7m[38;2;1;5;6m┃[48;2;3;1;6m[38;2;3;1;6m  [48;2;1;1;3m[38;2;1;1;3m    [48;2;3;1;4m[38;2;3;1;4m  [48;2;3;1;6m[38;2;3;1;6m    [48;2;1;1;3m[38;2;1;1;3m  [0m
[48;2;1;1;1m[38;2;1;1;1m                [48;2;2;0;3m[38;2;2;0;3m  [48;2;3;1;4m[38;2;3;1;4m  [48;2;2;0;3m[38;2;2;0;3m  [48;2;1;1;1m[38;2;1;1;1m  [48;2;1;1;3m[38;2;1;1;3m    [48;2;2;0;3m[38;2;2;0;3m  [48;2;3;1;6m[38;2;3;1;6m      [48;2;6;4;7m[38;2;17;15;18m▁[48;2;1;0;2m[38;2;37;35;38m▂[38;2;130;128;131m [48;2;50;48;51m[38;2;231;229;232m▄[48;2;243;232;231m[38;2;0;0;0m [48;2;197;88;119m[38;2;237;221;222m▄[48;2;209;74;98m[38;2;199;60;85m▖[48;2;225;72;102m[38;2;205;98;113m▃[48;2;173;71;104m[38;2;246;240;241m▄[48;2;22;14;12m[38;2;206;202;202m▄[48;2;1;0;2m[38;2;36;34;37m▂[48;2;5;4;6m[38;2;16;14;17m▁[48;2;3;1;4m[38;2;3;1;4m  [48;2;2;2;4m[38;2;2;2;4m  [48;2;1;1;1m[38;2;1;1;1m  [48;2;2;0;3m[38;2;2;0;3m  [48;2;3;1;6m[38;2;3;1;6m  [48;2;1;1;1m[38;2;1;1;1m  [0m
[48;2;1;1;1m[38;2;1;1;1m            [48;2;1;1;3m[38;2;1;1;3m  [48;2;3;1;6m[38;2;3;1;6m      [48;2;1;1;3m[38;2;1;1;3m  [48;2;1;1;1m[38;2;1;1;1m      [48;2;1;1;3m[38;2;1;1;3m    [48;2;2;0;3m[38;2;2;0;3m  [48;2;10;8;13m[38;2;3;1;6m▚[48;2;6;4;9m[38;2;1;0;4m▌[48;2;54;52;55m[38;2;234;232;235m▄[48;2;238;236;239m[38;2;0;0;0m [48;2;249;249;251m[38;2;249;249;251m  [48;2;253;252;254m[38;2;247;245;248m▃[48;2;245;243;246m[38;2;232;230;233m▝[48;2;209;112;142m[38;2;246;241;242m▄[48;2;230;239;234m[38;2;250;245;245m▊[48;2;250;250;252m[38;2;250;250;252m  [48;2;227;225;228m[38;2;0;0;0m [48;2;28;26;29m[38;2;199;197;200m▄[48;2;3;1;6m[38;2;3;1;6m  [48;2;3;1;4m[38;2;3;1;4m  [48;2;3;1;6m[38;2;3;1;6m  [48;2;1;1;3m[38;2;1;1;3m  [48;2;1;1;1m[38;2;1;1;1m    [0m
[48;2;1;1;1m[38;2;1;1;1m            [48;2;3;1;6m[38;2;3;1;6m      [48;2;3;1;4m[38;2;3;1;4m  [48;2;1;1;3m[38;2;1;1;3m  [48;2;1;1;1m[38;2;1;1;1m    [48;2;3;1;6m[38;2;3;1;6m  [48;2;2;0;3m[38;2;2;0;3m    [48;2;1;1;3m[38;2;1;1;3m  [48;2;3;0;2m[38;2;26;21;25m╸[48;2;40;36;39m[38;2;0;0;0m [48;2;250;250;251m[38;2;232;232;234m▌[48;2;250;250;252m[38;2;255;255;255m▌[38;2;250;250;252m        [48;2;246;244;247m[38;2;246;244;247m▄[48;2;92;90;93m[38;2;250;248;250m▊[48;2;2;0;5m[38;2;2;0;5m  [48;2;3;1;4m[38;2;3;1;4m  [48;2;3;1;6m[38;2;3;1;6m    [48;2;1;1;3m[38;2;1;1;3m  [48;2;1;1;1m[38;2;1;1;1m  [0m
[48;2;1;1;1m[38;2;1;1;1m            [48;2;1;1;3m[38;2;1;1;3m  [48;2;3;1;6m[38;2;3;1;6m  [48;2;2;0;3m[38;2;2;0;3m  [48;2;1;1;1m[38;2;1;1;1m  [48;2;3;1;6m[38;2;3;1;6m    [48;2;1;1;1m[38;2;1;1;1m    [48;2;1;1;3m[38;2;1;1;3m    [48;2;3;1;4m[38;2;3;1;4m  [48;2;68;66;69m[38;2;8;6;9m▊[48;2;251;249;252m[38;2;192;190;193m▎[48;2;250;250;252m[38;2;250;250;252m          [48;2;239;237;240m[38;2;251;250;252m▌[48;2;102;100;103m[38;2;248;247;249m▊[48;2;2;0;5m[38;2;2;0;5m  [48;2;3;1;6m[38;2;3;1;6m  [48;2;3;1;4m[38;2;3;1;4m  [48;2;3;1;6m[38;2;3;1;6m    [48;2;1;1;1m[38;2;1;1;1m  [0m
[48;2;1;1;1m[38;2;1;1;1m              [48;2;2;0;3m[38;2;2;0;3m  [48;2;1;1;3m[38;2;1;1;3m    [48;2;3;1;6m[38;2;3;1;6m  [48;2;3;1;4m[38;2;3;1;4m  [48;2;1;1;3m[38;2;1;1;3m  [48;2;1;1;1m[38;2;1;1;1m    [48;2;3;1;4m[38;2;3;1;4m  [48;2;1;0;4m[38;2;6;4;9m▘[48;2;7;6;10m[38;2;29;27;32m▗[48;2;29;27;30m[38;2;215;214;216m▅[48;2;243;241;243m[38;2;0;0;0m [48;2;244;242;244m [48;2;244;243;245m[38;2;143;141;144m▁[48;2;249;249;251m[38;2;249;249;251m  [48;2;250;250;252m[38;2;250;250;252m      [48;2;246;244;247m[38;2;246;244;247m▄[48;2;92;90;93m[38;2;250;248;250m▊[48;2;2;0;5m[38;2;2;0;5m  [48;2;3;1;6m[38;2;3;1;6m        [48;2;2;0;3m[38;2;2;0;3m  [0m
[48;2;1;1;1m[38;2;1;1;1m                [48;2;3;1;4m[38;2;3;1;4m  [48;2;3;1;6m[38;2;3;1;6m  [48;2;2;0;3m[38;2;2;0;3m  [48;2;3;1;6m[38;2;3;1;6m  [48;2;2;0;3m[38;2;2;0;3m  [48;2;1;1;1m[38;2;1;1;1m    [48;2;3;1;6m[38;2;3;1;6m  [48;2;4;2;7m[38;2;12;10;15m▂[48;2;11;9;14m[38;2;2;1;5m▅[48;2;226;222;225m[38;2;32;28;31m▅[48;2;230;226;230m[38;2;85;80;84m▁[48;2;223;208;215m[38;2;209;87;108m▅[48;2;61;45;52m[38;2;199;78;99m▅[48;2;233;229;233m[38;2;0;0;0m [48;2;225;221;225m[38;2;88;83;87m▅[48;2;242;237;241m[38;2;77;72;76m▁▁[48;2;242;239;240m[38;2;78;74;75m▁▁[48;2;223;219;223m[38;2;86;81;85m▁[48;2;214;210;213m[38;2;90;85;89m▄[48;2;249;247;250m[38;2;249;247;250m▄[48;2;83;81;84m[38;2;246;245;247m▊[48;2;3;1;6m[38;2;3;1;6m          [48;2;1;1;3m[38;2;1;1;3m  [0m
[48;2;1;1;1m[38;2;1;1;1m                    [48;2;0;0;0m[38;2;0;0;0m  [48;2;1;1;3m[38;2;1;1;3m  [48;2;1;1;1m[38;2;1;1;1m    [48;2;2;0;3m[38;2;2;0;3m  [48;2;1;1;3m[38;2;1;1;3m  [48;2;3;1;6m[38;2;3;1;6m  [48;2;3;1;4m[38;2;3;1;4m  [48;2;195;72;94m[38;2;34;23;29m▅[48;2;206;83;104m[38;2;233;224;229m▅[48;2;241;241;243m[38;2;254;254;255m┃[48;2;182;182;184m[38;2;245;245;246m▊[48;2;22;17;21m[38;2;137;132;136m▁[48;2;13;9;12m[38;2;0;0;0m [48;2;16;11;15m[38;2;143;138;142m▁[48;2;12;8;11m[38;2;71;66;70m▗[48;2;55;53;56m[38;2;232;230;233m▅[48;2;246;244;247m[38;2;0;0;0m [48;2;231;189;198m[38;2;252;247;244m▊[48;2;192;178;178m[38;2;176;67;98m▅[48;2;7;6;8m[38;2;56;34;43m▂[48;2;14;0;3m[38;2;4;4;5m▅[48;2;3;1;6m[38;2;3;1;6m  [48;2;1;1;3m[38;2;1;1;3m      [48;2;1;1;1m[38;2;1;1;1m  [0m
[48;2;1;1;1m[38;2;1;1;1m                        [48;2;1;1;3m[38;2;1;1;3m  [48;2;3;1;6m[38;2;3;1;6m  [48;2;2;0;3m[38;2;2;0;3m    [48;2;3;1;6m[38;2;3;1;6m  [48;2;1;1;3m[38;2;1;1;3m  [48;2;79;77;80m[38;2;8;6;9m▊[48;2;248;247;249m[38;2;202;200;203m▎[48;2;250;250;252m[38;2;250;250;252m  [48;2;147;141;143m[38;2;248;243;245m▊[48;2;92;86;88m[38;2;29;24;25m▊[48;2;145;139;141m[38;2;238;232;234m▊[48;2;104;98;100m[38;2;25;19;21m▊[48;2;248;248;250m[38;2;248;248;250m  [48;2;221;159;174m[38;2;242;238;243m▊[48;2;214;77;102m[38;2;213;137;141m▂[48;2;48;26;24m[38;2;185;64;85m▊[48;2;1;6;7m[38;2;17;0;9m┃[48;2;3;1;4m[38;2;3;1;4m  [48;2;1;1;1m[38;2;1;1;1m      [48;2;1;1;3m[38;2;1;1;3m  [0m
[48;2;1;1;1m[38;2;1;1;1m                    [48;2;2;0;3m[38;2;2;0;3m  [48;2;1;1;1m[38;2;1;1;1m  [48;2;3;1;6m[38;2;3;1;6m    [48;2;1;1;3m[38;2;1;1;3m  [48;2;2;0;3m[38;2;2;0;3m  [48;2;1;1;3m[38;2;1;1;3m  [48;2;4;2;5m[38;2;4;2;5m  [48;2;36;34;37m[38;2;181;179;182m▁[48;2;248;246;248m[38;2;214;212;215m▎[48;2;245;245;247m[38;2;245;245;247m▄[48;2;215;215;217m[38;2;247;247;248m▊[48;2;199;194;198m[38;2;99;93;97m▅[48;2;60;54;58m[38;2;212;207;210m▅[48;2;198;193;197m[38;2;54;49;53m▅[48;2;69;64;68m[38;2;237;232;236m▅[48;2;249;249;251m[38;2;249;249;251m  [48;2;248;248;250m[38;2;248;248;250m▄[48;2;82;82;84m[38;2;246;246;247m▊[48;2;3;1;6m[38;2;3;1;6m  [48;2;1;1;3m[38;2;1;1;3m  [48;2;1;1;1m[38;2;1;1;1m        [0m
[48;2;1;1;1m[38;2;1;1;1m                  [48;2;1;1;3m[38;2;1;1;3m  [48;2;2;0;3m[38;2;2;0;3m  [48;2;1;1;3m[38;2;1;1;3m  [48;2;3;1;6m[38;2;3;1;6m    [48;2;2;0;3m[38;2;2;0;3m  [48;2;1;1;3m[38;2;1;1;3m  [48;2;1;1;1m[38;2;1;1;1m  [48;2;1;0;2m[38;2;13;11;14m│[48;2;78;76;79m[38;2;7;6;8m▊[48;2;255;254;255m[38;2;237;235;238m▌[48;2;253;251;253m[38;2;245;243;246m┃[48;2;250;250;252m[38;2;250;250;252m  [48;2;249;249;250m[38;2;0;0;0m [48;2;248;248;249m[38;2;210;210;212m▝[48;2;76;74;77m[38;2;238;236;238m▅[48;2;247;246;248m[38;2;0;0;0m [48;2;250;250;252m[38;2;250;250;252m  [48;2;250;248;250m[38;2;250;248;250m▄[48;2;84;82;85m[38;2;247;245;248m▊[48;2;3;1;6m[38;2;3;1;6m  [48;2;2;0;3m[38;2;2;0;3m  [48;2;1;1;1m[38;2;1;1;1m        [0m
[48;2;1;1;1m[38;2;1;1;1m                  [48;2;2;0;3m[38;2;2;0;3m    [48;2;3;1;6m[38;2;3;1;6m      [48;2;1;1;3m[38;2;1;1;3m  [48;2;1;1;1m[38;2;1;1;1m  [48;2;2;2;4m[38;2;2;2;4m  [48;2;34;29;33m[38;2;222;217;221m▁[48;2;57;53;56m[38;2;231;227;230m▅[48;2;248;248;250m[38;2;248;248;250m  [48;2;250;250;252m[38;2;250;250;252m  [48;2;241;241;243m[38;2;251;251;252m▄[48;2;250;250;251m[38;2;240;240;242m▃[48;2;247;245;247m[38;2;108;106;109m▂[48;2;245;244;246m[38;2;0;0;0m [48;2;250;250;252m[38;2;250;250;252m  [48;2;249;249;251m[38;2;238;238;240m┏[48;2;251;251;253m[38;2;255;255;255m▌[48;2;80;78;83m[38;2;221;219;223m┓[48;2;1;0;4m[38;2;9;7;12m▄[48;2;1;1;3m[38;2;1;1;3m  [48;2;1;1;1m[38;2;1;1;1m        [0m
[48;2;4;2;10m[38;2;23;2;126m▂▂▂▂▂▂▂▂▂▂▂▂▂▂▂▂▂▂[48;2;5;3;12m[38;2;24;2;129m▂▂[48;2;4;2;10m[38;2;23;2;126m▂▂[48;2;5;3;12m[38;2;24;2;129m▂▂▂▂▂▂[48;2;5;3;11m[38;2;24;3;127m▂▂▂▂[48;2;19;17;20m[38;2;172;170;173m▂[48;2;62;60;63m[38;2;230;228;231m▅[48;2;248;248;250m[38;2;248;248;250m  [48;2;250;250;252m[38;2;250;250;252m    [48;2;243;241;245m[38;2;0;0;0m [48;2;207;204;212m[38;2;52;34;174m▁[48;2;111;102;134m[38;2;23;16;48m▊[48;2;229;223;236m[38;2;70;41;193m▁[48;2;250;250;252m[38;2;250;250;252m    [48;2;232;231;233m[38;2;0;0;0m [48;2;47;45;48m[38;2;207;205;208m▅[48;2;21;19;28m[38;2;195;185;232m▁[48;2;6;3;21m[38;2;56;29;181m▁[48;2;4;2;10m[38;2;23;2;126m▂▂▂▂▂▂▂▂[0m
[48;2;38;3;183m[38;2;38;3;183m                              [48;2;42;19;181m[38;2;191;185;211m▂[48;2;46;19;184m[38;2;223;218;239m▆[48;2;248;248;250m[38;2;248;248;250m  [48;2;250;250;252m[38;2;250;250;252m    [48;2;244;242;250m[38;2;0;0;0m [48;2;227;226;229m[38;2;64;47;173m▂[48;2;209;197;233m[38;2;52;21;182m▆[48;2;41;10;185m[38;2;0;0;0m [48;2;30;0;168m[38;2;45;11;190m▌[48;2;114;90;200m[38;2;41;9;187m▊[48;2;244;243;244m[38;2;104;87;192m▂[48;2;244;242;245m[38;2;0;0;0m [48;2;250;250;252m[38;2;250;250;252m    [48;2;122;102;215m[38;2;238;235;237m▊[48;2;48;25;180m[38;2;189;176;231m▁[48;2;38;3;183m[38;2;38;3;183m        [0m
[48;2;38;3;183m[38;2;38;3;183m                            [48;2;41;12;179m[38;2;40;13;175m▄[48;2;58;33;183m[38;2;220;212;237m▆[48;2;241;241;243m[38;2;251;251;252m▄[48;2;250;250;251m[38;2;240;240;242m▃[48;2;250;250;252m[38;2;250;250;252m  [48;2;243;242;247m[38;2;0;0;0m [48;2;242;241;240m[38;2;90;69;195m▂[48;2;232;229;235m[38;2;46;21;168m▂[48;2;241;236;249m[38;2;55;29;188m▆[48;2;209;198;234m[38;2;49;17;181m▆[48;2;39;7;185m[38;2;0;0;0m [48;2;38;3;183m[38;2;38;3;183m    [48;2;41;14;175m[38;2;0;0;0m [48;2;234;227;247m[38;2;73;47;193m▆[48;2;228;225;238m[38;2;87;70;175m▁[48;2;245;244;249m[38;2;0;0;0m [48;2;250;250;252m[38;2;250;250;252m  [48;2;250;249;248m[38;2;238;242;220m│[48;2;106;87;201m[38;2;232;230;235m▊[48;2;55;25;189m[38;2;191;179;218m▁[48;2;37;4;179m[38;2;40;7;179m▄[48;2;38;3;183m[38;2;38;3;183m      [0m
[48;2;38;3;185m[38;2;38;3;185m                          [48;2;38;3;183m[38;2;38;3;183m  [48;2;57;39;166m[38;2;213;209;232m▆[48;2;245;245;245m[38;2;0;0;0m [48;2;250;250;252m[38;2;250;250;252m  [48;2;241;239;246m[38;2;0;0;0m [48;2;237;236;238m[38;2;72;53;179m▂[48;2;208;198;232m[38;2;46;19;176m▆[48;2;43;10;184m[38;2;43;9;189m▄[48;2;38;3;185m[38;2;38;3;185m          [48;2;46;18;182m[38;2;0;0;0m [48;2;221;214;234m[38;2;70;47;192m▆[48;2;222;219;234m[38;2;72;58;176m▁[48;2;247;246;249m[38;2;0;0;0m [48;2;250;250;252m[38;2;250;250;252m  [48;2;121;100;214m[38;2;234;230;242m▊[48;2;38;17;167m[38;2;169;156;220m▂[48;2;38;3;185m[38;2;38;3;185m      [0m
[48;2;38;3;185m[38;2;38;3;185m                            [48;2;216;211;228m[38;2;54;29;172m▂[48;2;243;237;240m[38;2;166;77;111m▂[48;2;244;242;246m[38;2;0;0;0m [48;2;233;232;233m[38;2;76;58;183m▂[48;2;212;202;234m[38;2;50;21;177m▆[48;2;37;7;177m[38;2;56;20;204m│[48;2;38;3;185m[38;2;38;3;185m              [48;2;46;18;182m[38;2;0;0;0m [48;2;221;214;234m[38;2;70;47;192m▆[48;2;223;220;233m[38;2;72;61;160m▁[48;2;248;247;251m[38;2;0;0;0m [48;2;249;246;255m[38;2;251;252;244m┃[48;2;51;28;171m[38;2;228;226;234m▊[48;2;38;3;185m[38;2;38;3;185m      [0m
[48;2;38;3;185m[38;2;38;3;185m                            [48;2;40;9;169m[38;2;30;18;45m▂[48;2;206;71;102m[38;2;108;55;100m▎[48;2;229;180;185m[38;2;209;78;105m▆[48;2;50;22;169m[38;2;21;10;34m▂[48;2;34;4;166m[38;2;15;5;40m▂▂▂▂▂▂[48;2;35;3;182m[38;2;19;8;48m▃▃[48;2;36;3;185m[38;2;20;8;51m▃▃[48;2;39;5;187m[38;2;12;1;43m▃▃▃▃▃▃[48;2;38;4;183m[38;2;17;3;44m▃[48;2;41;7;174m[38;2;40;29;45m▂[48;2;83;33;159m[38;2;193;62;98m▂[48;2;239;208;213m[38;2;208;79;112m▆[48;2;227;219;210m[38;2;213;70;105m▆[48;2;172;165;189m[38;2;169;66;122m▆[48;2;38;3;185m[38;2;38;3;185m      [0m
[48;2;38;3;185m[38;2;38;3;185m                          [48;2;38;6;170m[38;2;42;4;198m┫[48;2;29;7;106m[38;2;29;7;106m▄[48;2;10;6;22m[38;2;0;0;0m [48;2;128;43;65m[38;2;11;7;2m▆[48;2;184;61;89m[38;2;26;9;7m▂[48;2;83;29;35m[38;2;200;66;98m━[48;2;69;29;39m[38;2;189;65;102m━[48;2;18;4;5m[38;2;0;0;0m [48;2;3;1;6m[38;2;3;1;6m            [48;2;10;4;8m[38;2;10;4;8m▄[48;2;33;27;31m[38;2;4;0;2m▊[48;2;137;50;67m[38;2;98;29;42m▄▄[48;2;218;75;98m[38;2;44;12;21m▃▃[48;2;219;75;101m[38;2;55;19;41m▃[48;2;80;34;66m[38;2;173;67;79m┛[48;2;35;10;125m[38;2;35;10;125m▄[48;2;35;0;190m[38;2;35;2;168m━[48;2;38;3;185m[38;2;38;3;185m    [0m
[48;2;38;3;185m[38;2;38;3;185m                            [48;2;20;8;47m[38;2;39;5;183m▆▆[48;2;19;7;45m[38;2;38;5;181m▆▆[48;2;19;7;46m[38;2;38;4;182m▆▆[48;2;15;4;39m[38;2;40;6;180m▆▆[48;2;19;8;43m[38;2;38;5;179m▆▆▆▆▆▆▆▆[48;2;19;7;45m[38;2;38;5;181m▆▆▆▆▆▆[48;2;19;8;43m[38;2;38;5;179m▆▆[48;2;27;14;57m[38;2;37;3;182m▆[48;2;27;9;82m[38;2;37;5;174m▆[48;2;38;3;185m[38;2;38;3;185m      [0m
[48;2;40;2;185m[38;2;40;2;185m                                                            [0m
[48;2;40;2;185m[38;2;40;2;185m                                                            [0m
