[48;2;1;1;1m[38;2;1;1;1m                                                            [0m
[48;2;1;1;1m[38;2;1;1;1m                                                            [0m
[48;2;1;1;1m[38;2;1;1;1m                                                            [0m
[48;2;1;1;1m[38;2;1;1;1m                                                      [48;2;1;1;3m[38;2;1;1;3m  [48;2;1;1;1m[38;2;1;1;1m    [0m
[48;2;1;1;1m[38;2;1;1;1m                          [48;2;3;1;6m[38;2;3;1;6m  [48;2;1;1;3m[38;2;1;1;3m  [48;2;1;1;1m[38;2;1;1;1m        [48;2;3;1;4m[38;2;3;1;4m  [48;2;3;1;6m[38;2;3;1;6m  [48;2;3;1;4m[38;2;3;1;4m  [48;2;1;1;3m[38;2;1;1;3m  [48;2;1;1;1m[38;2;1;1;1m      [48;2;3;1;4m[38;2;3;1;4m  [48;2;3;1;6m[38;2;3;1;6m  [48;2;2;0;3m[38;2;2;0;3m  [48;2;1;1;1m[38;2;1;1;1m  [0m
[48;2;1;1;1m[38;2;1;1;1m                        [48;2;1;1;3m[38;2;1;1;3m  [48;2;3;1;6m[38;2;3;1;6m    [48;2;2;0;3m[38;2;2;0;3m  [48;2;1;1;3m[38;2;1;1;3m  [48;2;2;0;3m[38;2;2;0;3m  [48;2;1;1;3m[38;2;1;1;3m    [48;2;7;5;10m[38;2;17;15;20m╷[48;2;1;0;4m[38;2;51;49;54m▗[48;2;13;9;12m[38;2;217;213;216m▄▄[48;2;21;16;20m[38;2;214;210;213m▄[48;2;32;28;31m[38;2;215;211;214m▃[48;2;2;2;2m[38;2;2;2;2m  [48;2;1;1;1m[38;2;1;1;1m  [48;2;3;1;6m[38;2;3;1;6m      [48;2;1;1;3m[38;2;1;1;3m  [48;2;1;1;1m[38;2;1;1;1m  [0m
[48;2;1;1;1m[38;2;1;1;1m                    [48;2;3;1;6m[38;2;3;1;6m    [48;2;3;1;4m[38;2;3;1;4m  [48;2;3;1;6m[38;2;3;1;6m    [48;2;2;0;3m[38;2;2;0;3m  [48;2;3;1;6m[38;2;3;1;6m      [48;2;3;1;4m[38;2;3;1;4m  [48;2;90;88;91m[38;2;10;8;11m▊[48;2;158;156;159m[38;2;238;236;239m▇[48;2;248;247;244m[38;2;227;182;193m▗[48;2;242;240;238m[38;2;205;88;123m▄[48;2;249;239;244m[38;2;199;85;104m▄[48;2;242;232;238m[38;2;194;80;98m▄[48;2;179;174;178m[38;2;27;23;26m▄[48;2;3;0;2m[38;2;17;12;16m┓[48;2;3;1;4m[38;2;3;1;4m  [48;2;3;1;6m[38;2;3;1;6m      [48;2;1;1;3m[38;2;1;1;3m  [48;2;1;1;1m[38;2;1;1;1m  [0m
[48;2;1;1;1m[38;2;1;1;1m                    [48;2;1;1;3m[38;2;1;1;3m  [48;2;3;1;6m[38;2;3;1;6m          [48;2;1;1;3m[38;2;1;1;3m  [48;2;3;1;4m[38;2;3;1;4m  [48;2;3;1;6m[38;2;3;1;6m  [48;2;1;1;3m[38;2;1;1;3m  [48;2;107;101;103m[38;2;4;0;0m▊[48;2;208;202;204m[38;2;251;247;249m┃[48;2;164;59;79m[38;2;205;73;102m▊[48;2;68;18;21m[38;2;196;67;95m▄[48;2;153;45;66m[38;2;215;74;106m▊[48;2;31;17;8m[38;2;161;54;74m▄[48;2;1;1;3m[38;2;1;1;3m  [48;2;3;1;4m[38;2;3;1;4m  [48;2;3;1;6m[38;2;3;1;6m        [48;2;3;1;4m[38;2;3;1;4m  [0m
[48;2;1;1;1m[38;2;1;1;1m                    [48;2;2;2;4m[38;2;2;2;4m  [48;2;3;1;4m[38;2;3;1;4m  [48;2;3;1;6m[38;2;3;1;6m              [48;2;5;3;6m[38;2;5;3;6m  [48;2;111;105;107m[38;2;16;10;12m▊[48;2;206;200;202m[38;2;248;244;246m┃[48;2;216;74;100m[38;2;216;74;100m  [48;2;209;66;94m[38;2;210;84;107m┃[48;2;111;42;45m[38;2;209;69;96m▊[48;2;5;3;8m[38;2;5;3;8m  [48;2;1;1;3m[38;2;1;1;3m    [48;2;3;1;4m[38;2;3;1;4m  [48;2;3;1;6m[38;2;3;1;6m    [48;2;1;1;3m[38;2;1;1;3m  [0m
[48;2;1;1;1m[38;2;1;1;1m                [48;2;2;0;3m[38;2;2;0;3m  [48;2;3;1;4m[38;2;3;1;4m  [48;2;2;0;3m[38;2;2;0;3m  [48;2;1;1;1m[38;2;1;1;1m  [48;2;1;1;3m[38;2;1;1;3m    [48;2;2;0;3m[38;2;2;0;3m  [48;2;3;1;6m[38;2;3;1;6m      [48;2;18;16;19m[38;2;77;75;78m▁[48;2;19;18;20m[38;2;222;220;223m▄[48;2;43;41;44m[38;2;239;238;240m▄[48;2;235;233;235m[38;2;0;0;0m [48;2;241;241;243m[38;2;252;252;253m▄▄[48;2;229;164;181m[38;2;246;239;245m▊[48;2;215;104;121m[38;2;208;71;95m┃[48;2;209;109;138m[38;2;247;239;238m▄[48;2;246;241;239m[38;2;0;0;0m [48;2;225;221;225m [48;2;26;21;25m[38;2;200;195;199m▄[48;2;3;1;4m[38;2;19;17;20m▃[48;2;8;6;9m[38;2;3;2;4m▚[48;2;2;2;4m[38;2;2;2;4m  [48;2;1;1;1m[38;2;1;1;1m  [48;2;2;0;3m[38;2;2;0;3m  [48;2;3;1;6m[38;2;3;1;6m  [48;2;1;1;1m[38;2;1;1;1m  [0m
[48;2;1;1;1m[38;2;1;1;1m            [48;2;1;1;3m[38;2;1;1;3m  [48;2;3;1;6m[38;2;3;1;6m      [48;2;1;1;3m[38;2;1;1;3m  [48;2;1;1;1m[38;2;1;1;1m      [48;2;1;1;3m[38;2;1;1;3m    [48;2;2;0;3m[38;2;2;0;3m  [48;2;3;0;2m[38;2;21;16;20m╸[48;2;38;34;37m[38;2;0;0;0m [48;2;247;247;249m[38;2;229;229;231m▌[48;2;245;245;247m[38;2;254;254;255m▌[48;2;250;250;252m[38;2;250;250;252m    [48;2;249;249;251m[38;2;249;249;251m  [48;2;250;250;252m[38;2;250;250;252m    [48;2;85;80;84m[38;2;234;230;234m▊[48;2;3;0;2m[38;2;17;12;16m│[48;2;3;1;4m[38;2;3;1;4m  [48;2;3;1;6m[38;2;3;1;6m  [48;2;1;1;3m[38;2;1;1;3m  [48;2;1;1;1m[38;2;1;1;1m    [0m
[48;2;1;1;1m[38;2;1;1;1m            [48;2;3;1;6m[38;2;3;1;6m      [48;2;3;1;4m[38;2;3;1;4m  [48;2;1;1;3m[38;2;1;1;3m  [48;2;1;1;1m[38;2;1;1;1m    [48;2;3;1;6m[38;2;3;1;6m  [48;2;2;0;3m[38;2;2;0;3m    [48;2;3;1;4m[38;2;3;1;4m  [48;2;26;22;25m[38;2;127;122;126m▁[48;2;248;245;248m[38;2;198;193;197m▎[48;2;250;250;252m[38;2;250;250;252m            [48;2;228;226;229m[38;2;0;0;0m [48;2;32;30;33m[38;2;186;184;186m▄[48;2;2;0;3m[38;2;2;0;3m  [48;2;3;1;6m[38;2;3;1;6m    [48;2;1;1;3m[38;2;1;1;3m  [48;2;1;1;1m[38;2;1;1;1m  [0m
[48;2;1;1;1m[38;2;1;1;1m            [48;2;1;1;3m[38;2;1;1;3m  [48;2;3;1;6m[38;2;3;1;6m  [48;2;2;0;3m[38;2;2;0;3m  [48;2;1;1;1m[38;2;1;1;1m  [48;2;3;1;6m[38;2;3;1;6m    [48;2;1;1;1m[38;2;1;1;1m    [48;2;1;1;3m[38;2;1;1;3m    [48;2;15;13;16m[38;2;1;0;2m▊[48;2;58;56;59m[38;2;8;7;9m▊[48;2;255;255;255m[38;2;236;236;238m▌[48;2;252;252;253m[38;2;244;244;246m┃[48;2;245;245;246m[38;2;0;0;0m [48;2;244;244;245m[38;2;135;135;137m▁[48;2;250;250;252m[38;2;250;250;252m          [48;2;246;246;248m[38;2;246;246;248m▄[48;2;79;79;81m[38;2;243;243;245m▊[48;2;3;1;6m[38;2;3;1;6m  [48;2;3;1;4m[38;2;3;1;4m  [48;2;3;1;6m[38;2;3;1;6m    [48;2;1;1;1m[38;2;1;1;1m  [0m
[48;2;1;1;1m[38;2;1;1;1m              [48;2;2;0;3m[38;2;2;0;3m  [48;2;1;1;3m[38;2;1;1;3m    [48;2;3;1;6m[38;2;3;1;6m  [48;2;3;1;4m[38;2;3;1;4m  [48;2;1;1;3m[38;2;1;1;3m  [48;2;1;1;1m[38;2;1;1;1m    [48;2;3;1;4m[38;2;3;1;4m  [48;2;1;0;2m[38;2;7;5;8m│[48;2;66;64;67m[38;2;8;6;9m▊[48;2;249;249;250m[38;2;206;206;208m▎[48;2;241;241;243m[38;2;253;253;254m┃[48;2;219;215;218m[38;2;105;100;104m▁[48;2;95;90;94m[38;2;22;17;21m▊[48;2;231;229;232m[38;2;119;117;120m▁[48;2;255;254;255m[38;2;248;246;249m▄[48;2;250;250;252m[38;2;250;250;252m    [48;2;248;248;250m[38;2;248;248;250m  [48;2;222;217;221m[38;2;93;88;92m▁[48;2;185;181;184m[38;2;44;39;43m┓[48;2;246;245;247m[38;2;231;229;232m╸[48;2;228;226;228m[38;2;0;0;0m [48;2;64;56;60m[38;2;197;188;193m┓[48;2;10;2;6m[38;2;0;0;0m [48;2;3;1;6m[38;2;3;1;6m      [48;2;2;0;3m[38;2;2;0;3m  [0m
[48;2;1;1;1m[38;2;1;1;1m                [48;2;3;1;4m[38;2;3;1;4m  [48;2;3;1;6m[38;2;3;1;6m  [48;2;2;0;3m[38;2;2;0;3m  [48;2;3;1;6m[38;2;3;1;6m  [48;2;2;0;3m[38;2;2;0;3m  [48;2;1;1;1m[38;2;1;1;1m    [48;2;3;1;6m[38;2;3;1;6m  [48;2;14;12;17m[38;2;1;0;4m▊[48;2;57;55;60m[38;2;8;6;11m▊[48;2;238;232;233m[38;2;215;120;150m▁[48;2;229;223;223m[38;2;204;109;139m▁[48;2;11;7;8m[38;2;41;37;38m▎[48;2;26;23;23m[38;2;160;156;157m▁[48;2;42;36;40m[38;2;211;205;209m▅[48;2;221;217;220m[38;2;83;77;81m▅[48;2;237;233;237m[38;2;48;43;47m▅[48;2;233;229;232m[38;2;81;76;80m▁[48;2;242;239;240m[38;2;78;74;75m▁▁[48;2;237;234;235m[38;2;87;83;84m▁[48;2;210;206;207m[38;2;75;71;72m▁[48;2;3;1;4m[38;2;1;0;2m┗[48;2;22;21;23m[38;2;0;0;0m [48;2;228;226;223m[38;2;60;34;36m▅[48;2;232;192;203m[38;2;182;72;103m▅[48;2;199;66;97m[38;2;0;0;0m [48;2;39;14;13m[38;2;153;57;76m▄[48;2;3;1;6m[38;2;3;1;6m      [48;2;1;1;3m[38;2;1;1;3m  [0m
[48;2;1;1;1m[38;2;1;1;1m                    [48;2;0;0;0m[38;2;0;0;0m  [48;2;1;1;3m[38;2;1;1;3m  [48;2;1;1;1m[38;2;1;1;1m    [48;2;2;0;3m[38;2;2;0;3m  [48;2;1;1;3m[38;2;1;1;3m  [48;2;7;2;8m[38;2;7;2;8m  [48;2;198;63;91m[38;2;64;37;28m▁▁[48;2;42;33;32m[38;2;202;117;141m▅[48;2;250;248;246m[38;2;221;196;200m▎[48;2;249;249;250m[38;2;0;0;0m [48;2;248;248;249m[38;2;210;210;212m▝[48;2;30;25;29m[38;2;235;230;234m▅[48;2;24;20;23m[38;2;211;206;210m▅[48;2;12;10;13m[38;2;0;0;0m [48;2;14;13;15m[38;2;130;128;131m▁[48;2;89;87;90m[38;2;10;9;11m▊[48;2;23;21;24m[38;2;228;227;229m▅[48;2;71;69;72m[38;2;218;216;219m┓[48;2;9;8;10m[38;2;0;0;0m [48;2;4;0;2m[38;2;6;0;4m▘[48;2;8;3;6m[38;2;44;38;42m▝[48;2;205;60;89m[38;2;19;6;11m▅[48;2;159;66;77m[38;2;13;8;11m▅[48;2;1;1;3m[38;2;1;1;3m      [48;2;1;1;1m[38;2;1;1;1m  [0m
[48;2;1;1;1m[38;2;1;1;1m                        [48;2;1;1;3m[38;2;1;1;3m  [48;2;3;1;6m[38;2;3;1;6m  [48;2;2;0;3m[38;2;2;0;3m    [48;2;3;1;6m[38;2;3;1;6m  [48;2;8;4;7m[38;2;32;27;31m▁[48;2;39;34;38m[38;2;155;150;154m▁[48;2;250;250;251m[38;2;232;232;234m▌[48;2;250;250;252m[38;2;255;255;255m▌[48;2;248;248;250m[38;2;248;248;250m  [48;2;224;219;221m[38;2;81;75;77m▁[48;2;206;200;202m[38;2;95;89;91m▅[48;2;67;62;66m[38;2;221;217;220m▅[48;2;219;215;219m[38;2;121;116;120m▂[48;2;155;150;154m[38;2;52;47;51m▊[48;2;249;245;248m[38;2;226;221;225m▎[48;2;124;119;123m[38;2;240;236;240m▊[48;2;21;17;20m[38;2;137;132;136m▁[48;2;2;0;3m[38;2;2;0;3m  [48;2;3;1;4m[38;2;3;1;4m  [48;2;1;1;1m[38;2;1;1;1m      [48;2;1;1;3m[38;2;1;1;3m  [0m
[48;2;1;1;1m[38;2;1;1;1m                    [48;2;2;0;3m[38;2;2;0;3m  [48;2;1;1;1m[38;2;1;1;1m  [48;2;3;1;6m[38;2;3;1;6m    [48;2;1;1;3m[38;2;1;1;3m  [48;2;2;0;3m[38;2;2;0;3m  [48;2;1;1;3m[38;2;1;1;3m  [48;2;68;63;67m[38;2;8;3;7m▊[48;2;251;246;250m[38;2;192;187;191m▎[48;2;250;250;252m[38;2;250;250;252m  [48;2;250;250;251m[38;2;0;0;0m [48;2;249;249;250m[38;2;211;211;213m▝[48;2;72;70;73m[38;2;237;236;238m▅[48;2;240;238;241m[38;2;0;0;0m [48;2;136;130;134m[38;2;211;206;209m▊[48;2;57;52;55m[38;2;188;182;186m▁[48;2;249;249;251m[38;2;249;249;251m  [48;2;249;249;250m[38;2;249;249;250m▄[48;2;83;83;85m[38;2;246;246;248m▊[48;2;3;1;6m[38;2;3;1;6m  [48;2;1;1;3m[38;2;1;1;3m  [48;2;1;1;1m[38;2;1;1;1m        [0m
[48;2;1;1;1m[38;2;1;1;1m                  [48;2;1;1;3m[38;2;1;1;3m  [48;2;2;0;3m[38;2;2;0;3m  [48;2;1;1;3m[38;2;1;1;3m  [48;2;3;1;6m[38;2;3;1;6m    [48;2;2;0;3m[38;2;2;0;3m  [48;2;1;1;3m[38;2;1;1;3m  [48;2;1;1;1m[38;2;1;1;1m  [48;2;69;64;68m[38;2;9;4;8m▊[48;2;252;247;251m[38;2;193;188;192m▎[48;2;250;250;252m[38;2;250;250;252m    [48;2;242;240;244m[38;2;0;0;0m [48;2;210;208;212m[38;2;30;28;33m▁[48;2;127;125;128m[38;2;19;17;20m▊[48;2;250;249;251m[38;2;222;220;223m▎[48;2;250;250;252m[38;2;250;250;252m  [48;2;250;248;250m[38;2;250;248;250m▄[48;2;84;82;85m[38;2;247;245;248m▊[48;2;3;1;6m[38;2;3;1;6m  [48;2;2;0;3m[38;2;2;0;3m  [48;2;1;1;1m[38;2;1;1;1m        [0m
[48;2;1;1;1m[38;2;1;1;1m                  [48;2;2;0;3m[38;2;2;0;3m    [48;2;3;1;6m[38;2;3;1;6m      [48;2;1;1;3m[38;2;1;1;3m  [48;2;1;1;1m[38;2;1;1;1m  [48;2;4;3;5m[38;2;14;12;15m╵[48;2;35;33;36m[38;2;6;4;7m▊[48;2;57;55;58m[38;2;235;233;236m▅[48;2;243;241;243m[38;2;0;0;0m [48;2;250;250;252m[38;2;250;250;252m  [48;2;248;248;250m[38;2;248;248;250m  [48;2;218;213;217m[38;2;76;71;75m▂[48;2;3;0;2m[38;2;70;65;69m▎[48;2;122;120;123m[38;2;12;10;13m▊[48;2;250;248;251m[38;2;255;254;255m┃[48;2;250;250;252m[38;2;250;250;252m  [48;2;255;255;255m[38;2;254;254;255m▄[48;2;131;131;133m[38;2;239;239;240m▊[48;2;21;20;24m[38;2;180;178;183m▁[48;2;6;4;9m[38;2;0;0;0m [48;2;1;1;3m[38;2;1;1;3m  [48;2;1;1;1m[38;2;1;1;1m        [0m
[48;2;4;2;10m[38;2;23;2;126m▂▂▂▂▂▂▂▂▂▂▂▂▂▂▂▂▂▂[48;2;5;3;12m[38;2;24;2;129m▂▂[48;2;4;2;10m[38;2;23;2;126m▂▂[48;2;5;3;12m[38;2;24;2;129m▂▂▂▂▂▂[48;2;5;3;11m[38;2;24;3;127m▂▂[48;2;4;2;10m[38;2;23;2;126m▂▂[48;2;10;7;22m[38;2;50;25;172m▁[48;2;23;21;22m[38;2;175;168;198m▂[48;2;255;255;255m[38;2;237;237;239m▌[48;2;253;253;254m[38;2;245;245;247m┃[48;2;250;250;252m[38;2;250;250;252m  [48;2;241;241;243m[38;2;254;254;255m┃[48;2;182;182;184m[38;2;245;245;246m▊[48;2;14;12;21m[38;2;31;12;136m▂[48;2;7;4;13m[38;2;25;4;130m▂[48;2;23;18;25m[38;2;24;4;123m▂[48;2;204;199;206m[38;2;47;35;88m▅[48;2;249;249;251m[38;2;249;249;251m  [48;2;250;250;252m[38;2;250;250;252m  [48;2;91;83;104m[38;2;238;233;238m▊[48;2;10;5;12m[38;2;28;5;127m▂[48;2;4;2;10m[38;2;23;2;126m▂▂▂▂▂▂▂▂▂▂[0m
[48;2;38;3;183m[38;2;38;3;183m                                [48;2;83;61;187m[38;2;33;2;183m▊[48;2;248;247;246m[38;2;199;189;242m▎[48;2;250;250;252m[38;2;250;250;252m    [48;2;207;200;235m[38;2;241;239;239m▊[48;2;222;216;234m[38;2;55;31;178m▆[48;2;39;4;184m[38;2;39;4;184m  [48;2;33;1;176m[38;2;46;11;189m▘[48;2;37;4;180m[38;2;76;41;219m▝[48;2;221;217;230m[38;2;79;58;193m▆[48;2;248;246;240m[38;2;247;245;247m▄[48;2;250;250;252m[38;2;250;250;252m  [48;2;236;233;244m[38;2;0;0;0m [48;2;102;88;180m[38;2;229;226;240m┓[48;2;38;3;185m[38;2;38;3;185m  [48;2;38;3;183m[38;2;38;3;183m        [0m
[48;2;38;3;183m[38;2;38;3;183m                              [48;2;39;4;184m[38;2;39;4;184m  [48;2;53;37;174m[38;2;225;221;238m▆[48;2;243;242;244m[38;2;0;0;0m [48;2;250;250;252m[38;2;250;250;252m  [48;2;245;243;250m[38;2;0;0;0m [48;2;230;229;232m[38;2;65;50;174m▂[48;2;208;198;232m[38;2;46;19;176m▆[48;2;43;10;184m[38;2;43;9;189m▄[48;2;38;3;183m[38;2;38;3;183m    [48;2;41;10;185m[38;2;0;0;0m [48;2;227;223;232m[38;2;74;49;185m▆[48;2;229;225;240m[38;2;77;63;165m▁[48;2;244;244;248m[38;2;0;0;0m [48;2;251;250;253m[38;2;236;235;240m┛[48;2;239;238;241m[38;2;0;0;0m [48;2;112;91;201m[38;2;230;222;241m┓[48;2;40;9;185m[38;2;35;5;166m▎[48;2;38;3;183m[38;2;38;3;183m        [0m
[48;2;38;3;185m[38;2;38;3;185m                              [48;2;45;14;191m[38;2;44;15;186m▄[48;2;62;37;175m[38;2;224;218;231m▆[48;2;249;249;251m[38;2;249;249;251m    [48;2;220;213;233m[38;2;64;41;165m▂[48;2;46;17;181m[38;2;37;7;194m▄[48;2;38;3;185m[38;2;38;3;185m        [48;2;125;113;180m[38;2;41;14;189m▊[48;2;238;235;241m[38;2;92;78;170m▂[48;2;250;250;252m[38;2;250;250;252m  [48;2;239;235;244m[38;2;0;0;0m [48;2;54;36;167m[38;2;176;166;217m▆[48;2;38;3;185m[38;2;38;3;185m        [0m
[48;2;38;3;185m[38;2;38;3;185m                              [48;2;39;7;184m[38;2;0;0;0m [48;2;202;190;226m[38;2;45;16;176m▆[48;2;235;231;233m[38;2;199;91;127m▂[48;2;243;239;241m[38;2;0;0;0m [48;2;243;241;249m [48;2;228;227;231m[38;2;58;43;167m▂[48;2;38;4;181m[38;2;56;21;199m▌[48;2;41;6;184m[38;2;32;0;175m▌[48;2;38;3;185m[38;2;38;3;185m        [48;2;39;7;185m[38;2;33;3;161m▃[48;2;134;111;218m[38;2;41;10;185m▊[48;2;236;235;238m[38;2;86;71;176m▂[48;2;249;247;254m[38;2;244;245;230m▗[48;2;246;245;249m[38;2;235;234;240m╺[48;2;236;235;239m[38;2;0;0;0m [48;2;105;87;187m[38;2;217;208;238m┓[48;2;38;6;183m[38;2;42;9;184m▄[48;2;38;3;185m[38;2;38;3;185m      [0m
[48;2;38;3;185m[38;2;38;3;185m                              [48;2;39;1;190m[38;2;32;13;64m▃[48;2;49;12;165m[38;2;152;58;87m▂[48;2;209;73;101m[38;2;0;0;0m [48;2;229;196;189m[38;2;212;73;102m▆[48;2;223;209;211m[38;2;117;46;64m▆[48;2;49;10;169m[38;2;7;4;34m▂[48;2;35;3;182m[38;2;19;8;48m▃▃▃▃[48;2;36;3;185m[38;2;20;8;51m▃▃[48;2;39;5;187m[38;2;12;1;43m▃▃[48;2;35;3;182m[38;2;19;8;48m▃▃[48;2;39;5;187m[38;2;12;1;43m▃▃[48;2;43;21;170m[38;2;5;6;18m▂[48;2;216;196;229m[38;2;65;30;119m▆[48;2;245;220;212m[38;2;213;73;102m▆▆[48;2;174;155;184m[38;2;161;59;116m▆[48;2;42;8;183m[38;2;28;3;187m▘[48;2;38;3;185m[38;2;38;3;185m      [0m
[48;2;38;3;185m[38;2;38;3;185m                            [48;2;37;5;169m[38;2;41;3;197m┫[48;2;28;7;105m[38;2;28;7;105m▄[48;2;32;9;16m[38;2;9;6;16m▊[48;2;185;57;85m[38;2;41;21;14m▃[48;2;194;64;87m[38;2;17;8;10m▂▂[48;2;4;2;7m[38;2;4;2;7m  [48;2;3;1;6m[38;2;3;1;6m          [48;2;3;1;4m[38;2;3;1;4m  [48;2;28;16;16m[38;2;0;0;0m [48;2;152;43;74m[38;2;24;14;12m▂[48;2;209;66;91m[38;2;56;17;29m▃[48;2;183;64;82m[38;2;40;21;27m▃[48;2;132;43;87m[38;2;20;9;32m▆[48;2;34;10;152m[38;2;19;9;74m┛[48;2;38;3;185m[38;2;38;3;185m      [0m
[48;2;38;3;185m[38;2;38;3;185m                              [48;2;20;8;47m[38;2;39;5;183m▆▆[48;2;19;7;45m[38;2;38;5;181m▆▆[48;2;15;4;39m[38;2;40;6;180m▆▆[48;2;19;8;43m[38;2;38;5;179m▆▆▆▆▆▆▆▆[48;2;19;7;45m[38;2;38;5;181m▆▆[48;2;19;8;43m[38;2;38;5;179m▆▆[48;2;19;7;45m[38;2;38;5;181m▆▆[48;2;19;8;43m[38;2;38;5;179m▆▆[48;2;37;16;109m[38;2;37;3;178m▆[48;2;37;1;184m[38;2;37;3;172m▘[48;2;38;3;185m[38;2;38;3;185m      [0m
[48;2;40;2;185m[38;2;40;2;185m                                                            [0m
[48;2;40;2;185m[38;2;40;2;185m                                                            [0m
