[48;2;1;1;1m[38;2;1;1;1m                                                            [0m
[48;2;1;1;1m[38;2;1;1;1m                                                            [0m
[48;2;1;1;1m[38;2;1;1;1m                                                            [0m
[48;2;1;1;1m[38;2;1;1;1m                                                      [48;2;1;1;3m[38;2;1;1;3m  [48;2;1;1;1m[38;2;1;1;1m    [0m
[48;2;1;1;1m[38;2;1;1;1m                          [48;2;3;1;6m[38;2;3;1;6m  [48;2;1;1;3m[38;2;1;1;3m  [48;2;1;1;1m[38;2;1;1;1m        [48;2;3;1;4m[38;2;3;1;4m  [48;2;3;1;6m[38;2;3;1;6m  [48;2;3;1;4m[38;2;3;1;4m  [48;2;1;1;3m[38;2;1;1;3m  [48;2;1;1;1m[38;2;1;1;1m      [48;2;3;1;4m[38;2;3;1;4m  [48;2;3;1;6m[38;2;3;1;6m  [48;2;2;0;3m[38;2;2;0;3m  [48;2;1;1;1m[38;2;1;1;1m  [0m
[48;2;1;1;1m[38;2;1;1;1m                        [48;2;1;1;3m[38;2;1;1;3m  [48;2;3;1;6m[38;2;3;1;6m    [48;2;2;0;3m[38;2;2;0;3m  [48;2;1;1;3m[38;2;1;1;3m  [48;2;2;0;3m[38;2;2;0;3m  [48;2;1;1;3m[38;2;1;1;3m    [48;2;7;5;10m[38;2;17;15;20m╷[48;2;1;0;4m[38;2;51;49;54m▗[48;2;13;9;12m[38;2;217;213;216m▄▄[48;2;21;16;20m[38;2;214;210;213m▄[48;2;32;28;31m[38;2;215;211;214m▃[48;2;2;2;2m[38;2;2;2;2m  [48;2;1;1;1m[38;2;1;1;1m  [48;2;3;1;6m[38;2;3;1;6m      [48;2;1;1;3m[38;2;1;1;3m  [48;2;1;1;1m[38;2;1;1;1m  [0m
[48;2;1;1;1m[38;2;1;1;1m                    [48;2;3;1;6m[38;2;3;1;6m    [48;2;3;1;4m[38;2;3;1;4m  [48;2;3;1;6m[38;2;3;1;6m    [48;2;2;0;3m[38;2;2;0;3m  [48;2;3;1;6m[38;2;3;1;6m      [48;2;3;1;4m[38;2;3;1;4m  [48;2;90;88;91m[38;2;10;8;11m▊[48;2;158;156;159m[38;2;238;236;239m▇[48;2;248;247;244m[38;2;227;182;193m▗[48;2;242;240;238m[38;2;205;88;123m▄[48;2;248;239;244m[38;2;198;86;104m▄[48;2;241;233;238m[38;2;192;80;98m▄[48;2;179;174;178m[38;2;27;23;26m▄[48;2;3;0;2m[38;2;17;12;16m┓[48;2;3;1;4m[38;2;3;1;4m  [48;2;3;1;6m[38;2;3;1;6m      [48;2;1;1;3m[38;2;1;1;3m  [48;2;1;1;1m[38;2;1;1;1m  [0m
[48;2;1;1;1m[38;2;1;1;1m                    [48;2;1;1;3m[38;2;1;1;3m  [48;2;3;1;6m[38;2;3;1;6m          [48;2;1;1;3m[38;2;1;1;3m  [48;2;3;1;4m[38;2;3;1;4m  [48;2;3;1;6m[38;2;3;1;6m  [48;2;1;1;3m[38;2;1;1;3m  [48;2;107;101;103m[38;2;4;0;0m▊[48;2;208;202;204m[38;2;251;247;249m┃[48;2;164;59;79m[38;2;205;73;102m▊[48;2;68;18;21m[38;2;196;67;95m▄[48;2;153;45;66m[38;2;215;74;106m▊[48;2;31;17;8m[38;2;161;54;74m▄[48;2;1;1;3m[38;2;1;1;3m  [48;2;3;1;4m[38;2;3;1;4m  [48;2;3;1;6m[38;2;3;1;6m        [48;2;3;1;4m[38;2;3;1;4m  [0m
[48;2;1;1;1m[38;2;1;1;1m                    [48;2;2;2;4m[38;2;2;2;4m  [48;2;3;1;4m[38;2;3;1;4m  [48;2;3;1;6m[38;2;3;1;6m            [48;2;6;4;9m[38;2;6;4;9m  [48;2;24;23;25m[38;2;0;0;0m [48;2;16;14;17m[38;2;220;218;221m▄[48;2;51;46;47m[38;2;233;227;229m▄[48;2;209;203;205m[38;2;237;232;234m▊[48;2;216;74;100m[38;2;216;74;100m  [48;2;209;66;94m[38;2;210;84;107m┃[48;2;111;42;45m[38;2;209;69;96m▊[48;2;5;3;8m[38;2;35;33;38m▁▁[48;2;1;1;3m[38;2;1;1;3m    [48;2;3;1;4m[38;2;3;1;4m  [48;2;3;1;6m[38;2;3;1;6m    [48;2;1;1;3m[38;2;1;1;3m  [0m
[48;2;1;1;1m[38;2;1;1;1m                [48;2;2;0;3m[38;2;2;0;3m  [48;2;3;1;4m[38;2;3;1;4m  [48;2;2;0;3m[38;2;2;0;3m  [48;2;1;1;1m[38;2;1;1;1m  [48;2;1;1;3m[38;2;1;1;3m    [48;2;2;0;3m[38;2;2;0;3m  [48;2;3;1;6m[38;2;3;1;6m    [48;2;6;4;7m[38;2;16;14;17m▁[48;2;14;12;15m[38;2;43;41;44m▁[48;2;45;43;46m[38;2;232;230;233m▄[48;2;182;180;183m[38;2;240;238;240m▇[48;2;233;233;235m[38;2;251;251;252m▅[48;2;249;249;251m[38;2;244;244;246m▚[48;2;250;250;252m[38;2;250;250;252m  [48;2;229;164;181m[38;2;246;239;245m▊[48;2;215;104;121m[38;2;208;71;95m┃[48;2;209;109;138m[38;2;247;239;238m▄[48;2;246;241;239m[38;2;0;0;0m [48;2;202;200;203m[38;2;245;243;245m▇[48;2;222;220;223m[38;2;0;0;0m [48;2;21;19;22m[38;2;183;181;184m▄[48;2;5;3;6m[38;2;14;12;15m╷[48;2;2;2;4m[38;2;2;2;4m  [48;2;1;1;1m[38;2;1;1;1m  [48;2;2;0;3m[38;2;2;0;3m  [48;2;3;1;6m[38;2;3;1;6m  [48;2;1;1;1m[38;2;1;1;1m  [0m
[48;2;1;1;1m[38;2;1;1;1m            [48;2;1;1;3m[38;2;1;1;3m  [48;2;3;1;6m[38;2;3;1;6m      [48;2;1;1;3m[38;2;1;1;3m  [48;2;1;1;1m[38;2;1;1;1m      [48;2;1;1;3m[38;2;1;1;3m    [48;2;3;1;4m[38;2;3;1;4m  [48;2;26;21;25m[38;2;107;102;106m▁[48;2;245;241;245m[38;2;196;191;195m▎[48;2;250;250;252m[38;2;250;250;252m      [48;2;249;249;251m[38;2;249;249;251m  [48;2;250;250;252m[38;2;250;250;252m    [48;2;227;226;228m[38;2;0;0;0m [48;2;21;19;22m[38;2;190;188;190m▄[48;2;2;0;3m[38;2;2;0;3m  [48;2;3;1;6m[38;2;3;1;6m  [48;2;1;1;3m[38;2;1;1;3m  [48;2;1;1;1m[38;2;1;1;1m    [0m
[48;2;1;1;1m[38;2;1;1;1m            [48;2;3;1;6m[38;2;3;1;6m      [48;2;3;1;4m[38;2;3;1;4m  [48;2;1;1;3m[38;2;1;1;3m  [48;2;1;1;1m[38;2;1;1;1m    [48;2;3;1;6m[38;2;3;1;6m  [48;2;2;0;3m[38;2;2;0;3m    [48;2;28;27;29m[38;2;9;8;10m▊[48;2;45;43;46m[38;2;224;222;225m▄[48;2;244;244;246m[38;2;231;231;233m▘[48;2;253;253;254m[38;2;246;246;248m▃[48;2;245;245;247m[38;2;0;0;0m [48;2;245;245;246m[38;2;164;164;166m▁[48;2;250;250;252m[38;2;250;250;252m          [48;2;248;246;248m[38;2;248;246;248m▄[48;2;81;79;82m[38;2;245;243;246m▊[48;2;8;6;9m[38;2;87;85;88m▁[48;2;4;3;5m[38;2;0;0;0m [48;2;3;1;6m[38;2;3;1;6m    [48;2;1;1;3m[38;2;1;1;3m  [48;2;1;1;1m[38;2;1;1;1m  [0m
[48;2;1;1;1m[38;2;1;1;1m            [48;2;1;1;3m[38;2;1;1;3m  [48;2;3;1;6m[38;2;3;1;6m  [48;2;2;0;3m[38;2;2;0;3m  [48;2;1;1;1m[38;2;1;1;1m  [48;2;3;1;6m[38;2;3;1;6m    [48;2;1;1;1m[38;2;1;1;1m    [48;2;1;1;3m[38;2;1;1;3m    [48;2;52;50;53m[38;2;6;4;7m▊[48;2;246;245;247m[38;2;175;173;176m▎[48;2;250;250;251m[38;2;241;241;243m┗[48;2;216;216;218m[38;2;248;248;249m▊[48;2;219;215;218m[38;2;36;31;35m▅[48;2;92;87;91m[38;2;20;15;19m▊[48;2;255;254;255m[38;2;237;235;238m▌[48;2;253;251;253m[38;2;245;243;246m┃[48;2;250;250;252m[38;2;250;250;252m      [48;2;244;242;245m[38;2;0;0;0m [48;2;244;242;244m[38;2;134;132;135m▁[48;2;245;245;246m[38;2;146;146;148m▁[48;2;246;246;248m[38;2;0;0;0m [48;2;222;216;220m [48;2;39;30;35m[38;2;172;164;168m▄[48;2;2;0;3m[38;2;2;0;3m  [48;2;3;1;6m[38;2;3;1;6m    [48;2;1;1;1m[38;2;1;1;1m  [0m
[48;2;1;1;1m[38;2;1;1;1m              [48;2;2;0;3m[38;2;2;0;3m  [48;2;1;1;3m[38;2;1;1;3m    [48;2;3;1;6m[38;2;3;1;6m  [48;2;3;1;4m[38;2;3;1;4m  [48;2;1;1;3m[38;2;1;1;3m  [48;2;1;1;1m[38;2;1;1;1m    [48;2;3;1;4m[38;2;3;1;4m  [48;2;52;50;53m[38;2;6;4;7m▊[48;2;246;245;247m[38;2;175;173;176m▎[48;2;211;210;212m[38;2;247;245;247m▊[48;2;219;217;220m[38;2;33;31;34m▅[48;2;9;7;10m[38;2;0;0;0m [48;2;39;37;40m[38;2;9;7;10m▊[48;2;229;225;228m[38;2;82;78;81m▅[48;2;238;234;237m[38;2;87;82;86m▁[48;2;240;240;242m[38;2;128;128;130m▁[48;2;248;248;249m[38;2;0;0;0m [48;2;250;250;252m[38;2;250;250;252m  [38;2;235;235;237m╷[48;2;176;176;178m[38;2;245;245;246m▊[48;2;200;198;202m[38;2;19;17;22m▅[48;2;1;0;4m[38;2;46;44;49m [48;2;32;24;28m[38;2;0;0;0m [48;2;237;230;234m[38;2;48;40;44m▅[48;2;229;209;199m[38;2;192;77;97m▅[48;2;223;69;103m[38;2;133;42;55m▝[48;2;51;20;28m[38;2;199;65;108m▖[48;2;9;2;2m[38;2;18;10;11m━[48;2;3;1;6m[38;2;3;1;6m    [48;2;2;0;3m[38;2;2;0;3m  [0m
[48;2;1;1;1m[38;2;1;1;1m                [48;2;3;1;4m[38;2;3;1;4m  [48;2;3;1;6m[38;2;3;1;6m  [48;2;2;0;3m[38;2;2;0;3m  [48;2;3;1;6m[38;2;3;1;6m  [48;2;2;0;3m[38;2;2;0;3m  [48;2;1;1;1m[38;2;1;1;1m    [48;2;3;1;6m[38;2;3;1;6m  [48;2;15;11;9m[38;2;0;0;0m [48;2;234;209;215m[38;2;200;81;116m▅[48;2;231;225;221m[38;2;196;82;114m▅[48;2;26;12;12m[38;2;146;41;71m▁[48;2;58;53;57m[38;2;9;5;8m▊[48;2;39;34;38m[38;2;220;216;219m▅[48;2;236;233;236m[38;2;0;0;0m [48;2;31;27;30m[38;2;216;211;215m▅[48;2;32;27;30m[38;2;175;169;173m▁[48;2;223;218;222m[38;2;70;64;68m▅[48;2;232;230;235m[38;2;25;23;28m▅▅[48;2;234;230;233m[38;2;36;31;35m▅[48;2;200;196;199m[38;2;68;63;67m▅[48;2;1;0;2m[38;2;9;7;10m▄[48;2;6;4;7m[38;2;0;0;0m [48;2;3;1;6m[38;2;3;1;6m  [48;2;7;6;2m[38;2;83;38;49m▝[48;2;201;64;106m[38;2;20;7;7m▅[48;2;147;47;81m[38;2;19;5;7m▅[48;2;3;3;2m[38;2;0;0;0m [48;2;3;1;6m[38;2;3;1;6m    [48;2;1;1;3m[38;2;1;1;3m  [0m
[48;2;1;1;1m[38;2;1;1;1m                    [48;2;0;0;0m[38;2;0;0;0m  [48;2;1;1;3m[38;2;1;1;3m  [48;2;1;1;1m[38;2;1;1;1m    [48;2;2;0;3m[38;2;2;0;3m  [48;2;1;1;3m[38;2;1;1;3m  [48;2;11;6;4m[38;2;0;0;0m [48;2;177;61;98m[38;2;20;6;9m▅[48;2;198;72;93m[38;2;24;10;14m▅[48;2;197;72;92m[38;2;38;25;28m▅[48;2;54;49;53m[38;2;227;222;226m▅[48;2;242;238;241m[38;2;0;0;0m [48;2;250;250;252m[38;2;250;250;252m  [48;2;252;251;253m[38;2;245;243;246m┃[48;2;153;151;154m[38;2;244;242;245m▊[48;2;69;65;68m[38;2;18;14;17m▊[48;2;28;24;27m[38;2;197;193;197m▅[48;2;137;135;138m[38;2;17;16;18m▊[48;2;234;232;235m[38;2;252;250;252m┃[48;2;131;129;132m[38;2;237;235;237m▊[48;2;19;17;20m[38;2;134;132;135m▁[48;2;3;1;6m[38;2;3;1;6m    [48;2;1;1;1m[38;2;1;1;1m  [48;2;1;1;3m[38;2;1;1;3m    [48;2;1;1;1m[38;2;1;1;1m  [0m
[48;2;1;1;1m[38;2;1;1;1m                        [48;2;1;1;3m[38;2;1;1;3m  [48;2;3;1;6m[38;2;3;1;6m  [48;2;2;0;3m[38;2;2;0;3m    [48;2;3;1;6m[38;2;3;1;6m  [48;2;1;0;2m[38;2;13;11;14m│[48;2;78;76;79m[38;2;7;6;8m▊[48;2;249;249;251m[38;2;231;231;233m▌[38;2;255;255;255m▌[48;2;250;250;252m[38;2;250;250;252m  [48;2;182;178;181m[38;2;246;242;246m▊[48;2;200;196;200m[38;2;53;48;52m▅[48;2;58;53;54m[38;2;205;200;202m▅[48;2;199;193;195m[38;2;57;52;53m▅[48;2;78;76;79m[38;2;229;227;230m▅[48;2;234;232;235m[38;2;251;249;251m╋[48;2;249;247;250m[38;2;249;247;250m▄[48;2;83;81;84m[38;2;246;245;247m▊[48;2;2;0;5m[38;2;2;0;5m  [48;2;3;1;4m[38;2;3;1;4m  [48;2;1;1;1m[38;2;1;1;1m      [48;2;1;1;3m[38;2;1;1;3m  [0m
[48;2;1;1;1m[38;2;1;1;1m                    [48;2;2;0;3m[38;2;2;0;3m  [48;2;1;1;1m[38;2;1;1;1m  [48;2;3;1;6m[38;2;3;1;6m    [48;2;1;1;3m[38;2;1;1;3m  [48;2;2;0;3m[38;2;2;0;3m  [48;2;1;1;3m[38;2;1;1;3m  [48;2;1;0;2m[38;2;13;11;14m│[48;2;78;76;79m[38;2;7;6;8m▊[48;2;249;249;251m[38;2;231;231;233m▌[38;2;255;255;255m▌[48;2;250;250;252m[38;2;250;250;252m  [48;2;239;237;240m[38;2;0;0;0m [48;2;74;72;75m[38;2;232;230;233m▅[48;2;155;149;153m[38;2;240;235;239m▊[48;2;59;53;57m[38;2;195;190;194m▁[48;2;248;248;250m[38;2;248;248;250m  [48;2;248;248;249m[38;2;0;0;0m [48;2;230;230;232m [48;2;72;67;73m[38;2;222;218;223m┓[48;2;11;7;12m[38;2;0;0;0m [48;2;1;1;3m[38;2;1;1;3m  [48;2;1;1;1m[38;2;1;1;1m        [0m
[48;2;1;1;1m[38;2;1;1;1m                  [48;2;1;1;3m[38;2;1;1;3m  [48;2;2;0;3m[38;2;2;0;3m  [48;2;1;1;3m[38;2;1;1;3m  [48;2;3;1;6m[38;2;3;1;6m    [48;2;2;0;3m[38;2;2;0;3m  [48;2;1;1;3m[38;2;1;1;3m  [48;2;1;1;1m[38;2;1;1;1m  [48;2;18;14;17m[38;2;0;0;0m [48;2;53;49;52m[38;2;230;226;230m▅[48;2;249;249;251m[38;2;249;249;251m  [48;2;250;250;252m[38;2;250;250;252m  [48;2;241;241;243m[38;2;251;251;252m▅[48;2;251;251;252m[38;2;241;241;243m▃[48;2;232;230;232m[38;2;69;67;70m▁[48;2;247;245;248m[38;2;0;0;0m [48;2;250;250;252m[38;2;250;250;252m    [48;2;89;84;88m[38;2;240;236;240m▊[48;2;3;0;2m[38;2;12;7;11m│[48;2;2;0;3m[38;2;2;0;3m  [48;2;1;1;1m[38;2;1;1;1m        [0m
[48;2;1;1;1m[38;2;1;1;1m                  [48;2;2;0;3m[38;2;2;0;3m    [48;2;3;1;6m[38;2;3;1;6m      [48;2;1;1;3m[38;2;1;1;3m  [48;2;1;1;1m[38;2;1;1;1m  [48;2;1;1;3m[38;2;1;1;3m  [48;2;69;67;70m[38;2;9;7;10m▊[48;2;252;250;252m[38;2;193;191;194m▎[48;2;250;250;252m[38;2;250;250;252m    [48;2;187;183;184m[38;2;243;239;240m▊[48;2;190;186;187m[38;2;22;19;19m▅[48;2;95;90;94m[38;2;20;15;19m▊[48;2;243;239;242m[38;2;98;93;97m▂[48;2;250;250;252m[38;2;250;250;252m    [48;2;120;115;119m[38;2;240;236;239m▊[48;2;22;17;21m[38;2;174;169;173m▁[48;2;1;1;3m[38;2;1;1;3m  [48;2;1;1;1m[38;2;1;1;1m        [0m
[48;2;4;2;10m[38;2;23;2;126m▂▂▂▂▂▂▂▂▂▂▂▂▂▂▂▂▂▂[48;2;5;3;12m[38;2;24;2;129m▂▂[48;2;4;2;10m[38;2;23;2;126m▂▂[48;2;5;3;12m[38;2;24;2;129m▂▂▂▂▂▂[48;2;5;3;11m[38;2;24;3;127m▂▂[48;2;4;2;10m[38;2;23;2;126m▂▂[48;2;4;2;9m[38;2;33;11;136m▂▂[48;2;24;22;25m[38;2;185;183;186m▂[48;2;248;246;248m[38;2;207;205;208m▎[48;2;250;250;252m[38;2;250;250;252m  [48;2;248;248;250m[38;2;248;248;250m  [48;2;206;200;215m[38;2;49;17;188m▁[48;2;19;14;30m[38;2;46;14;185m▁[48;2;9;5;14m[38;2;27;6;129m▂[48;2;33;26;48m[38;2;34;13;160m▁[48;2;229;226;239m[38;2;74;57;161m▁[48;2;245;245;247m[38;2;0;0;0m [48;2;250;250;252m[38;2;250;250;252m  [48;2;246;245;249m[38;2;246;245;249m▄[48;2;79;78;83m[38;2;243;242;246m▊[48;2;4;2;11m[38;2;23;1;128m▂▂[48;2;4;2;10m[38;2;23;2;126m▂▂▂▂▂▂▂▂[0m
[48;2;38;3;183m[38;2;38;3;183m                                [48;2;40;7;185m[38;2;0;0;0m [48;2;50;19;181m[38;2;192;180;219m▂[48;2;249;249;251m[38;2;231;231;233m▌[38;2;255;255;255m▌[48;2;250;250;252m[38;2;250;250;252m  [48;2;255;254;255m[38;2;245;244;250m▌[48;2;174;173;179m[38;2;245;244;249m▊[48;2;40;5;183m[38;2;40;5;183m  [48;2;38;3;183m[38;2;38;3;183m  [48;2;106;87;180m[38;2;41;9;185m▊[48;2;240;235;238m[38;2;98;75;190m▂[48;2;250;250;252m[38;2;250;250;252m  [48;2;248;247;250m[38;2;248;247;250m▄[48;2;82;67;162m[38;2;246;245;242m▊[48;2;37;2;184m[38;2;37;2;184m  [48;2;38;3;183m[38;2;38;3;183m        [0m
[48;2;38;3;183m[38;2;38;3;183m                                [48;2;71;49;176m[38;2;34;5;186m▊[48;2;249;248;248m[38;2;188;177;233m▎[48;2;250;250;252m[38;2;250;250;252m    [48;2;209;202;239m[38;2;248;246;246m▊[48;2;207;201;222m[38;2;50;26;175m▆[48;2;39;4;184m[38;2;39;4;184m  [48;2;38;3;183m[38;2;38;3;183m  [48;2;35;4;157m[38;2;37;5;188m▊[48;2;174;158;220m[38;2;42;9;178m▊[48;2;250;250;252m[38;2;250;250;252m  [48;2;248;247;250m[38;2;248;247;250m▄[48;2;82;67;162m[38;2;246;245;242m▊[48;2;38;3;185m[38;2;38;3;185m  [48;2;38;3;183m[38;2;38;3;183m        [0m
[48;2;38;3;185m[38;2;38;3;185m                                [48;2;84;62;188m[38;2;34;3;184m▊[48;2;249;248;247m[38;2;200;190;243m▎[48;2;250;250;252m[38;2;250;250;252m  [48;2;238;237;242m[38;2;251;250;253m▊[48;2;195;194;199m[38;2;244;243;247m▊[48;2;203;191;228m[38;2;47;19;178m▆[48;2;41;7;186m[38;2;0;0;0m [48;2;38;3;185m[38;2;38;3;185m    [48;2;39;7;185m[38;2;33;3;161m▃[48;2;134;111;218m[38;2;41;10;185m▊[48;2;237;237;237m[38;2;87;70;192m▂[48;2;245;244;248m[38;2;0;0;0m [48;2;248;247;250m[38;2;248;247;250m▄[48;2;82;67;162m[38;2;246;245;242m▊[48;2;38;3;185m[38;2;38;3;185m          [0m
[48;2;38;3;185m[38;2;38;3;185m                                [48;2;41;7;186m[38;2;0;0;0m [48;2;203;191;228m[38;2;47;19;178m▆[48;2;242;232;231m[38;2;203;86;121m▂▂[48;2;225;220;220m[38;2;185;72;114m▂[48;2;185;189;220m[38;2;59;20;185m▆[48;2;39;4;186m[38;2;39;4;186m  [48;2;38;3;185m[38;2;38;3;185m      [48;2;125;114;180m[38;2;41;14;189m▊[48;2;237;234;240m[38;2;95;80;173m▂[48;2;248;247;250m[38;2;248;247;250m▄[48;2;82;67;162m[38;2;246;245;242m▊[48;2;37;2;184m[38;2;37;2;184m  [48;2;38;3;185m[38;2;38;3;185m        [0m
[48;2;38;3;185m[38;2;38;3;185m                                [48;2;39;4;184m[38;2;39;4;184m  [48;2;86;33;145m[38;2;26;10;38m▂[48;2;211;70;93m[38;2;180;67;78m━[48;2;157;50;106m[38;2;218;74;100m▊[48;2;37;8;158m[38;2;19;7;35m▂[48;2;36;3;185m[38;2;20;8;51m▃▃[48;2;34;4;166m[38;2;15;5;40m▂▂[48;2;35;3;182m[38;2;19;8;48m▃▃[48;2;39;5;187m[38;2;12;1;43m▃▃[48;2;35;7;178m[38;2;13;6;42m▃[48;2;72;27;176m[38;2;50;22;74m▃[48;2;227;195;206m[38;2;225;80;107m▆[48;2;187;177;193m[38;2;194;71;103m▆[48;2;39;9;168m[38;2;133;40;83m▂[48;2;40;7;183m[38;2;22;6;74m▂[48;2;38;3;185m[38;2;38;3;185m        [0m
[48;2;38;3;185m[38;2;38;3;185m                                [48;2;37;6;164m[38;2;41;4;192m┫[48;2;28;7;100m[38;2;28;7;100m▄[48;2;45;19;27m[38;2;10;4;15m▊[48;2;191;59;88m[38;2;47;23;18m▃[48;2;194;63;90m[38;2;50;26;18m▃[48;2;6;1;9m[38;2;42;15;22m▎[48;2;3;1;6m[38;2;3;1;6m        [48;2;6;1;5m[38;2;6;1;5m  [48;2;194;63;81m[38;2;37;12;16m▆[48;2;206;69;97m[38;2;56;21;37m▃[48;2;180;56;90m[38;2;32;10;12m▂[48;2;68;25;56m[38;2;158;71;64m━[48;2;29;7;116m[38;2;29;7;116m▄[48;2;40;5;187m[38;2;40;5;187m▄[48;2;38;3;185m[38;2;38;3;185m      [0m
[48;2;38;3;185m[38;2;38;3;185m                                  [48;2;20;8;46m[38;2;39;6;182m▆▆[48;2;19;8;43m[38;2;38;5;179m▆▆▆▆▆▆▆▆[48;2;19;7;45m[38;2;38;5;181m▆▆[48;2;19;8;43m[38;2;38;5;179m▆▆[48;2;19;7;45m[38;2;38;5;181m▆▆[48;2;20;7;50m[38;2;39;5;185m▆[48;2;20;2;76m[38;2;39;6;176m▆[48;2;38;3;185m[38;2;38;3;185m        [0m
[48;2;40;2;185m[38;2;40;2;185m                                                            [0m
[48;2;40;2;185m[38;2;40;2;185m                                                            [0m
