[48;2;1;1;1m[38;2;1;1;1m                                                            [0m
[48;2;1;1;1m[38;2;1;1;1m                                                            [0m
[48;2;1;1;1m[38;2;1;1;1m                                                            [0m
[48;2;1;1;1m[38;2;1;1;1m                                                      [48;2;1;1;3m[38;2;1;1;3m  [48;2;1;1;1m[38;2;1;1;1m    [0m
[48;2;1;1;1m[38;2;1;1;1m                          [48;2;3;1;6m[38;2;3;1;6m  [48;2;1;1;3m[38;2;1;1;3m  [48;2;1;1;1m[38;2;1;1;1m        [48;2;3;1;4m[38;2;3;1;4m  [48;2;3;1;6m[38;2;3;1;6m  [48;2;3;1;4m[38;2;3;1;4m  [48;2;1;1;3m[38;2;1;1;3m  [48;2;1;1;1m[38;2;1;1;1m      [48;2;3;1;4m[38;2;3;1;4m  [48;2;3;1;6m[38;2;3;1;6m  [48;2;2;0;3m[38;2;2;0;3m  [48;2;1;1;1m[38;2;1;1;1m  [0m
[48;2;1;1;1m[38;2;1;1;1m                        [48;2;1;1;3m[38;2;1;1;3m  [48;2;3;1;6m[38;2;3;1;6m    [48;2;2;0;3m[38;2;2;0;3m  [48;2;1;1;3m[38;2;1;1;3m  [48;2;2;0;3m[38;2;2;0;3m  [48;2;1;1;3m[38;2;1;1;3m    [48;2;7;5;10m[38;2;17;15;20m╷[48;2;1;0;4m[38;2;51;49;54m▗[48;2;13;9;12m[38;2;217;213;216m▄▄[48;2;21;16;20m[38;2;214;210;213m▄[48;2;32;28;31m[38;2;215;211;214m▃[48;2;2;2;2m[38;2;2;2;2m  [48;2;1;1;1m[38;2;1;1;1m  [48;2;3;1;6m[38;2;3;1;6m      [48;2;1;1;3m[38;2;1;1;3m  [48;2;1;1;1m[38;2;1;1;1m  [0m
[48;2;1;1;1m[38;2;1;1;1m                    [48;2;3;1;6m[38;2;3;1;6m    [48;2;3;1;4m[38;2;3;1;4m  [48;2;3;1;6m[38;2;3;1;6m    [48;2;2;0;3m[38;2;2;0;3m  [48;2;3;1;6m[38;2;3;1;6m      [48;2;3;1;4m[38;2;3;1;4m  [48;2;90;88;91m[38;2;10;8;11m▊[48;2;158;156;159m[38;2;238;236;239m▇[48;2;248;247;244m[38;2;227;182;193m▗[48;2;242;240;238m[38;2;205;88;123m▄[48;2;248;239;244m[38;2;198;86;104m▄[48;2;241;233;238m[38;2;192;80;98m▄[48;2;179;174;178m[38;2;27;23;26m▄[48;2;3;0;2m[38;2;17;12;16m┓[48;2;3;1;4m[38;2;3;1;4m  [48;2;3;1;6m[38;2;3;1;6m      [48;2;1;1;3m[38;2;1;1;3m  [48;2;1;1;1m[38;2;1;1;1m  [0m
[48;2;1;1;1m[38;2;1;1;1m                    [48;2;1;1;3m[38;2;1;1;3m  [48;2;3;1;6m[38;2;3;1;6m          [48;2;1;1;3m[38;2;1;1;3m  [48;2;3;1;4m[38;2;3;1;4m  [48;2;3;1;6m[38;2;3;1;6m  [48;2;1;1;3m[38;2;1;1;3m  [48;2;107;101;103m[38;2;4;0;0m▊[48;2;208;202;204m[38;2;251;247;249m┃[48;2;164;59;79m[38;2;205;73;102m▊[48;2;68;18;21m[38;2;196;67;95m▄[48;2;153;45;66m[38;2;215;74;106m▊[48;2;31;17;8m[38;2;161;54;74m▄[48;2;1;1;3m[38;2;1;1;3m  [48;2;3;1;4m[38;2;3;1;4m  [48;2;3;1;6m[38;2;3;1;6m        [48;2;3;1;4m[38;2;3;1;4m  [0m
[48;2;1;1;1m[38;2;1;1;1m                    [48;2;2;2;4m[38;2;2;2;4m  [48;2;3;1;4m[38;2;3;1;4m  [48;2;3;1;6m[38;2;3;1;6m            [48;2;7;5;8m[38;2;26;24;27m▂[48;2;6;5;7m[38;2;58;56;59m▗[48;2;16;15;17m[38;2;228;226;229m▄▄[48;2;51;46;47m[38;2;233;227;229m▄[48;2;209;203;205m[38;2;237;232;234m▊[48;2;216;74;100m[38;2;216;74;100m  [48;2;209;66;94m[38;2;210;84;107m┃[48;2;111;42;45m[38;2;209;69;96m▊[48;2;5;3;8m[38;2;35;33;38m▁▁[48;2;1;1;3m[38;2;1;1;3m    [48;2;3;1;4m[38;2;3;1;4m  [48;2;3;1;6m[38;2;3;1;6m    [48;2;1;1;3m[38;2;1;1;3m  [0m
[48;2;1;1;1m[38;2;1;1;1m                [48;2;2;0;3m[38;2;2;0;3m  [48;2;3;1;4m[38;2;3;1;4m  [48;2;2;0;3m[38;2;2;0;3m  [48;2;1;1;1m[38;2;1;1;1m  [48;2;1;1;3m[38;2;1;1;3m    [48;2;2;0;3m[38;2;2;0;3m  [48;2;3;1;6m[38;2;3;1;6m    [48;2;18;14;17m[38;2;71;66;70m▁[48;2;38;34;37m[38;2;227;223;227m▄[48;2;206;204;207m[38;2;247;245;248m▇▇[48;2;250;250;252m[38;2;250;250;252m    [48;2;229;164;181m[38;2;246;239;245m▊[48;2;215;104;121m[38;2;208;71;95m┃[48;2;209;109;138m[38;2;247;239;238m▄[48;2;246;241;239m[38;2;0;0;0m [48;2;202;200;203m[38;2;245;243;245m▇[48;2;222;220;223m[38;2;0;0;0m [48;2;18;16;19m[38;2;194;192;195m▄[48;2;10;9;11m[38;2;49;47;50m▁[48;2;2;2;4m[38;2;2;2;4m  [48;2;1;1;1m[38;2;1;1;1m  [48;2;2;0;3m[38;2;2;0;3m  [48;2;3;1;6m[38;2;3;1;6m  [48;2;1;1;1m[38;2;1;1;1m  [0m
[48;2;1;1;1m[38;2;1;1;1m            [48;2;1;1;3m[38;2;1;1;3m  [48;2;3;1;6m[38;2;3;1;6m      [48;2;1;1;3m[38;2;1;1;3m  [48;2;1;1;1m[38;2;1;1;1m      [48;2;1;1;3m[38;2;1;1;3m    [48;2;12;10;13m[38;2;0;0;0m [48;2;36;34;37m[38;2;221;219;221m▄[48;2;228;228;230m[38;2;249;249;251m▄[48;2;250;250;252m[38;2;0;0;0m [38;2;250;250;252m      [48;2;249;249;251m[38;2;249;249;251m  [48;2;250;250;252m[38;2;250;250;252m    [48;2;245;243;246m[38;2;246;244;247m▄[48;2;83;81;84m[38;2;236;234;237m▊[48;2;9;8;10m[38;2;69;67;70m▁[48;2;1;0;2m[38;2;3;1;4m▄[48;2;3;1;6m[38;2;3;1;6m  [48;2;1;1;3m[38;2;1;1;3m  [48;2;1;1;1m[38;2;1;1;1m    [0m
[48;2;1;1;1m[38;2;1;1;1m            [48;2;3;1;6m[38;2;3;1;6m      [48;2;3;1;4m[38;2;3;1;4m  [48;2;1;1;3m[38;2;1;1;3m  [48;2;1;1;1m[38;2;1;1;1m    [48;2;3;1;6m[38;2;3;1;6m  [48;2;2;0;3m[38;2;2;0;3m  [48;2;5;3;6m[38;2;5;3;6m  [48;2;45;44;46m[38;2;225;223;226m▄[48;2;241;239;242m[38;2;0;0;0m [48;2;246;246;248m [48;2;245;245;246m[38;2;146;146;148m▁[48;2;235;234;236m[38;2;130;128;131m▁[48;2;224;222;224m[38;2;41;39;42m▄[48;2;243;243;245m[38;2;239;239;241m▌[48;2;254;254;255m[38;2;250;250;252m▌[48;2;250;250;252m          [48;2;80;78;81m[38;2;227;226;228m▊[48;2;11;10;12m[38;2;90;88;91m▁[48;2;3;1;6m[38;2;3;1;6m    [48;2;1;1;3m[38;2;1;1;3m  [48;2;1;1;1m[38;2;1;1;1m  [0m
[48;2;1;1;1m[38;2;1;1;1m            [48;2;1;1;3m[38;2;1;1;3m  [48;2;3;1;6m[38;2;3;1;6m  [48;2;2;0;3m[38;2;2;0;3m  [48;2;1;1;1m[38;2;1;1;1m  [48;2;3;1;6m[38;2;3;1;6m    [48;2;1;1;1m[38;2;1;1;1m    [48;2;1;1;3m[38;2;1;1;3m  [48;2;1;0;2m[38;2;51;49;52m [48;2;43;42;44m[38;2;218;216;219m▄[48;2;250;250;251m[38;2;231;231;233m▘▗[48;2;223;222;225m[38;2;124;122;127m▁[48;2;4;3;7m[38;2;43;41;46m▎[48;2;2;1;5m[38;2;11;9;14m│[48;2;100;98;103m[38;2;9;8;12m▊[48;2;255;254;255m[38;2;237;235;238m▌[48;2;253;251;253m[38;2;245;243;246m┃[48;2;250;250;252m[38;2;250;250;252m      [48;2;161;159;162m[38;2;239;238;240m▊[48;2;214;212;214m[38;2;15;13;16m▄[48;2;220;219;221m[38;2;51;49;52m▄[48;2;243;241;244m[38;2;143;141;144m▁[48;2;239;233;235m[38;2;251;246;248m┣[48;2;217;212;214m[38;2;0;0;0m [48;2;56;47;50m[38;2;185;174;178m┓[48;2;10;5;5m[38;2;79;35;47m▁[48;2;3;1;6m[38;2;3;1;6m    [48;2;1;1;1m[38;2;1;1;1m  [0m
[48;2;1;1;1m[38;2;1;1;1m              [48;2;2;0;3m[38;2;2;0;3m  [48;2;1;1;3m[38;2;1;1;3m    [48;2;3;1;6m[38;2;3;1;6m  [48;2;3;1;4m[38;2;3;1;4m  [48;2;1;1;3m[38;2;1;1;3m  [48;2;1;1;1m[38;2;1;1;1m    [48;2;37;31;33m[38;2;12;7;8m▊[48;2;236;231;233m[38;2;157;151;153m▎[48;2;246;242;244m[38;2;159;132;141m▁[48;2;232;228;230m[38;2;126;99;108m▁[48;2;1;0;2m[38;2;37;35;38m▎[48;2;2;1;3m[38;2;10;8;11m┃[48;2;3;1;6m[38;2;9;7;12m┃[48;2;7;5;10m[38;2;40;38;43m▝[48;2;229;225;228m[38;2;82;78;81m▅[48;2;238;234;237m[38;2;87;82;86m▁[48;2;240;240;242m[38;2;128;128;130m▁[48;2;248;248;249m[38;2;0;0;0m [48;2;250;250;252m[38;2;250;250;252m  [38;2;235;235;237m╷[48;2;176;176;178m[38;2;245;245;246m▊[48;2;199;197;201m[38;2;18;17;21m▅[48;2;1;0;4m[38;2;45;43;48m [38;2;12;10;15m▎[48;2;26;24;29m[38;2;0;0;0m [48;2;217;191;194m[38;2;27;25;21m▅[48;2;175;58;92m[38;2;58;14;22m▄[48;2;208;69;98m[38;2;86;36;35m▁[48;2;56;21;16m[38;2;170;59;78m▊[48;2;3;1;6m[38;2;3;1;6m    [48;2;2;0;3m[38;2;2;0;3m  [0m
[48;2;1;1;1m[38;2;1;1;1m                [48;2;3;1;4m[38;2;3;1;4m  [48;2;3;1;6m[38;2;3;1;6m  [48;2;2;0;3m[38;2;2;0;3m  [48;2;3;1;6m[38;2;3;1;6m  [48;2;2;0;3m[38;2;2;0;3m  [48;2;1;1;1m[38;2;1;1;1m    [48;2;40;11;17m[38;2;4;3;8m▊[48;2;185;65;86m[38;2;108;30;37m▂[48;2;200;67;91m[38;2;115;44;47m▂[48;2;12;5;9m[38;2;54;16;23m▎[48;2;4;2;7m[38;2;4;2;7m  [48;2;27;23;26m[38;2;185;180;184m▁[48;2;37;32;36m[38;2;225;220;224m▅[48;2;236;233;236m[38;2;0;0;0m [48;2;31;27;30m[38;2;216;211;215m▅[48;2;32;27;30m[38;2;175;169;173m▁[48;2;223;218;222m[38;2;70;64;68m▅[48;2;232;230;235m[38;2;25;23;28m▅▅[48;2;234;230;233m[38;2;36;31;35m▅[48;2;200;196;199m[38;2;68;63;67m▅[48;2;1;0;2m[38;2;9;7;10m▄[48;2;6;4;7m[38;2;0;0;0m [48;2;3;1;6m[38;2;3;1;6m          [48;2;1;1;3m[38;2;1;1;3m  [0m
[48;2;1;1;1m[38;2;1;1;1m                    [48;2;0;0;0m[38;2;0;0;0m  [48;2;1;1;3m[38;2;1;1;3m  [48;2;1;1;1m[38;2;1;1;1m    [48;2;2;0;3m[38;2;2;0;3m  [48;2;1;1;3m[38;2;1;1;3m  [48;2;3;1;6m[38;2;3;1;6m  [48;2;1;0;2m[38;2;13;11;14m│[48;2;78;76;79m[38;2;7;6;8m▊[48;2;255;255;255m[38;2;236;236;238m▌[48;2;252;252;253m[38;2;244;244;246m┃[48;2;250;250;252m[38;2;250;250;252m  [48;2;252;251;253m[38;2;245;243;246m┃[48;2;153;151;154m[38;2;244;242;245m▊[48;2;69;65;68m[38;2;18;14;17m▊[48;2;28;24;27m[38;2;197;193;197m▅[48;2;137;135;138m[38;2;17;16;18m▊[48;2;234;232;235m[38;2;252;250;252m┃[48;2;131;129;132m[38;2;237;235;237m▊[48;2;19;17;20m[38;2;134;132;135m▁[48;2;3;1;6m[38;2;3;1;6m    [48;2;1;1;1m[38;2;1;1;1m  [48;2;1;1;3m[38;2;1;1;3m    [48;2;1;1;1m[38;2;1;1;1m  [0m
[48;2;1;1;1m[38;2;1;1;1m                        [48;2;1;1;3m[38;2;1;1;3m  [48;2;3;1;6m[38;2;3;1;6m  [48;2;2;0;3m[38;2;2;0;3m    [48;2;3;1;6m[38;2;3;1;6m  [48;2;1;0;2m[38;2;13;11;14m│[48;2;78;76;79m[38;2;7;6;8m▊[48;2;249;249;251m[38;2;231;231;233m▌[38;2;255;255;255m▌[48;2;250;250;252m[38;2;250;250;252m  [48;2;241;241;243m[38;2;254;254;255m┃[48;2;182;182;184m[38;2;245;245;246m▊[48;2;129;124;128m[38;2;49;44;48m▊[48;2;222;218;222m[38;2;94;89;93m▁[48;2;65;59;63m[38;2;210;205;209m▅[48;2;227;222;226m[38;2;60;54;58m▅[48;2;250;248;250m[38;2;250;248;250m▄[48;2;84;82;85m[38;2;247;245;248m▊[48;2;2;0;5m[38;2;2;0;5m  [48;2;3;1;4m[38;2;3;1;4m  [48;2;1;1;1m[38;2;1;1;1m      [48;2;1;1;3m[38;2;1;1;3m  [0m
[48;2;1;1;1m[38;2;1;1;1m                    [48;2;2;0;3m[38;2;2;0;3m  [48;2;1;1;1m[38;2;1;1;1m  [48;2;3;1;6m[38;2;3;1;6m    [48;2;1;1;3m[38;2;1;1;3m  [48;2;2;0;3m[38;2;2;0;3m  [48;2;1;1;3m[38;2;1;1;3m  [48;2;1;0;2m[38;2;7;5;8m▂[48;2;8;6;9m[38;2;21;19;22m▝[48;2;207;205;208m[38;2;38;36;39m▅[48;2;245;243;245m[38;2;222;221;223m▎[48;2;250;250;252m[38;2;250;250;252m    [48;2;156;151;155m[38;2;244;240;243m▊[48;2;53;49;52m[38;2;198;193;197m▁[48;2;145;139;143m[38;2;245;239;243m▊[48;2;70;65;68m[38;2;0;0;0m [48;2;248;248;249m [48;2;230;230;232m [48;2;72;67;73m[38;2;222;218;223m┓[48;2;11;7;12m[38;2;0;0;0m [48;2;1;1;3m[38;2;1;1;3m  [48;2;1;1;1m[38;2;1;1;1m        [0m
[48;2;1;1;1m[38;2;1;1;1m                  [48;2;1;1;3m[38;2;1;1;3m  [48;2;2;0;3m[38;2;2;0;3m  [48;2;1;1;3m[38;2;1;1;3m  [48;2;3;1;6m[38;2;3;1;6m    [48;2;2;0;3m[38;2;2;0;3m  [48;2;1;1;3m[38;2;1;1;3m  [48;2;1;1;1m[38;2;1;1;1m  [48;2;3;1;6m[38;2;3;1;6m  [48;2;79;77;80m[38;2;8;6;9m▊[48;2;248;247;249m[38;2;202;200;203m▎[48;2;250;250;252m[38;2;250;250;252m          [48;2;89;84;88m[38;2;240;236;240m▊[48;2;3;0;2m[38;2;12;7;11m│[48;2;2;0;3m[38;2;2;0;3m  [48;2;1;1;1m[38;2;1;1;1m        [0m
[48;2;1;1;1m[38;2;1;1;1m                  [48;2;2;0;3m[38;2;2;0;3m    [48;2;3;1;6m[38;2;3;1;6m      [48;2;1;1;3m[38;2;1;1;3m  [48;2;1;1;1m[38;2;1;1;1m  [48;2;1;1;3m[38;2;1;1;3m  [48;2;3;1;6m[38;2;3;1;6m  [48;2;79;77;80m[38;2;8;6;9m▊[48;2;248;247;249m[38;2;202;200;203m▎[48;2;250;250;252m[38;2;250;250;252m  [48;2;249;249;251m[38;2;238;238;240m▎[48;2;183;183;185m[38;2;244;244;245m▊[48;2;214;212;215m[38;2;52;50;53m▅[48;2;249;247;250m[38;2;232;230;233m▎[48;2;250;250;252m[38;2;250;250;252m    [48;2;88;83;87m[38;2;240;236;239m▊[48;2;3;0;2m[38;2;11;6;10m│[48;2;1;1;3m[38;2;1;1;3m  [48;2;1;1;1m[38;2;1;1;1m        [0m
[48;2;4;2;10m[38;2;23;2;126m▂▂▂▂▂▂▂▂▂▂▂▂▂▂▂▂▂▂[48;2;5;3;12m[38;2;24;2;129m▂▂[48;2;4;2;10m[38;2;23;2;126m▂▂[48;2;5;3;12m[38;2;24;2;129m▂▂▂▂▂▂[48;2;5;3;11m[38;2;24;3;127m▂▂[48;2;4;2;10m[38;2;23;2;126m▂▂[48;2;4;2;11m[38;2;23;1;128m▂▂[48;2;8;6;13m[38;2;28;7;131m▂[48;2;16;13;20m[38;2;34;14;137m▂[48;2;65;63;66m[38;2;238;236;239m▅[48;2;244;242;244m[38;2;0;0;0m [48;2;250;250;252m[38;2;250;250;252m  [48;2;242;240;242m[38;2;0;0;0m [48;2;219;217;222m[38;2;85;71;169m▂[48;2;23;17;35m[38;2;46;22;169m▁[48;2;206;201;208m[38;2;48;36;86m▅[48;2;249;249;251m[38;2;249;249;251m  [48;2;252;251;254m[38;2;244;243;248m▝[48;2;245;244;248m[38;2;217;216;221m▗[48;2;88;78;116m[38;2;198;188;224m▊[48;2;11;5;23m[38;2;45;19;186m▁[48;2;4;2;10m[38;2;23;2;126m▂▂▂▂▂▂▂▂▂▂[0m
[48;2;38;3;183m[38;2;38;3;183m                                  [48;2;42;9;186m[38;2;0;0;0m [48;2;48;21;173m[38;2;204;190;237m▂[48;2;247;247;249m[38;2;247;247;249m  [48;2;250;250;252m[38;2;250;250;252m  [48;2;184;173;229m[38;2;246;244;245m▊[48;2;30;3;182m[38;2;67;45;172m▎[48;2;34;2;161m[38;2;44;10;193m┃[48;2;143;123;208m[38;2;41;6;189m▊[48;2;249;249;251m[38;2;249;249;251m  [48;2;252;250;255m[38;2;240;241;235m▎[48;2;114;102;174m[38;2;245;245;240m▊[48;2;37;2;184m[38;2;37;2;184m  [48;2;38;3;183m[38;2;38;3;183m          [0m
[48;2;38;3;183m[38;2;38;3;183m                                  [48;2;87;66;187m[38;2;37;7;183m▊[48;2;252;251;245m[38;2;203;193;243m▎[48;2;250;250;252m[38;2;250;250;252m  [48;2;237;236;242m[38;2;248;247;251m▊[48;2;204;203;209m[38;2;247;246;250m▊[48;2;206;195;231m[38;2;47;17;177m▆[48;2;43;10;186m[38;2;0;0;0m [48;2;86;64;198m[38;2;34;6;182m▊[48;2;80;60;176m[38;2;235;231;239m▆[48;2;250;250;252m[38;2;250;250;252m  [48;2;240;238;245m[38;2;0;0;0m [48;2;208;203;230m[38;2;63;44;176m▂[48;2;38;3;185m[38;2;38;3;185m  [48;2;38;3;183m[38;2;38;3;183m          [0m
[48;2;38;3;185m[38;2;38;3;185m                                  [48;2;88;64;186m[38;2;38;5;182m▊[48;2;252;250;245m[38;2;204;192;242m▎[48;2;250;250;252m[38;2;250;250;252m  [48;2;255;254;255m[38;2;247;246;252m▌[48;2;176;175;181m[38;2;247;246;250m▊[48;2;40;5;183m[38;2;40;5;183m  [48;2;113;96;192m[38;2;36;5;185m▊[48;2;250;249;243m[38;2;229;224;247m▎[48;2;250;250;252m[38;2;250;250;252m  [48;2;162;148;209m[38;2;250;245;250m▊[48;2;41;6;195m[38;2;34;9;162m▌[48;2;38;3;185m[38;2;38;3;185m            [0m
[48;2;38;3;185m[38;2;38;3;185m                                  [48;2;43;11;187m[38;2;0;0;0m [48;2;210;199;233m[38;2;47;17;176m▆[48;2;231;225;240m[38;2;78;31;160m▂[48;2;245;238;240m[38;2;186;77;95m▂[48;2;227;222;222m[38;2;186;74;115m▂[48;2;186;190;218m[38;2;60;22;186m▆[48;2;38;3;185m[38;2;38;3;185m  [48;2;88;64;198m[38;2;36;6;182m▊[48;2;234;229;237m[38;2;86;62;179m▂[48;2;253;252;254m[38;2;241;240;245m▌[48;2;173;172;178m[38;2;243;242;246m▊[48;2;184;169;226m[38;2;42;10;189m▆[48;2;35;6;174m[38;2;45;12;192m▖[48;2;38;3;185m[38;2;38;3;185m            [0m
[48;2;38;3;185m[38;2;38;3;185m                                  [48;2;39;4;184m[38;2;39;4;184m  [48;2;47;10;158m[38;2;47;31;53m▂[48;2;220;70;92m[38;2;165;52;104m▎[48;2;220;73;103m[38;2;128;44;96m▝[48;2;48;11;173m[38;2;166;48;99m▂[48;2;36;3;185m[38;2;20;8;51m▃▃[48;2;42;7;166m[38;2;21;6;37m▂[48;2;51;19;174m[38;2;29;16;55m▃[48;2;242;211;214m[38;2;215;71;91m▆[48;2;206;195;212m[38;2;198;74;110m▆[48;2;38;3;174m[38;2;146;51;94m▂[48;2;41;8;171m[38;2;30;14;58m▂[48;2;38;3;185m[38;2;38;3;185m            [0m
[48;2;38;3;185m[38;2;38;3;185m                                  [48;2;36;7;158m[38;2;41;8;188m▌[48;2;27;8;102m[38;2;27;8;102m▄[48;2;12;5;6m[38;2;0;0;0m [48;2;131;53;80m[38;2;22;8;11m▆[48;2;210;70;93m[38;2;46;18;26m▃▃[48;2;61;27;34m[38;2;179;62;97m━[48;2;12;4;3m[38;2;0;0;0m [48;2;6;1;7m[38;2;6;1;7m  [48;2;168;50;88m[38;2;8;6;4m▆▆[48;2;162;55;76m[38;2;20;11;19m▆[48;2;73;27;49m[38;2;190;59;84m━[48;2;29;7;114m[38;2;29;7;114m▄[48;2;40;5;185m[38;2;40;5;185m▄[48;2;38;3;185m[38;2;38;3;185m          [0m
[48;2;38;3;185m[38;2;38;3;185m                                  [48;2;38;3;183m[38;2;38;3;183m  [48;2;19;7;45m[38;2;38;5;181m▆▆[48;2;19;8;43m[38;2;38;5;179m▆▆▆▆▆▆[48;2;19;7;45m[38;2;38;5;181m▆▆[48;2;20;5;61m[38;2;39;6;179m▆▆[48;2;38;3;185m[38;2;38;3;185m            [0m
[48;2;40;2;185m[38;2;40;2;185m                                                            [0m
[48;2;40;2;185m[38;2;40;2;185m                                                            [0m
