[48;2;1;1;1m[38;2;1;1;1m                                                            [0m
[48;2;1;1;1m[38;2;1;1;1m                                                            [0m
[48;2;1;1;1m[38;2;1;1;1m                                                            [0m
[48;2;1;1;1m[38;2;1;1;1m                                                      [48;2;1;1;3m[38;2;1;1;3m  [48;2;1;1;1m[38;2;1;1;1m    [0m
[48;2;1;1;1m[38;2;1;1;1m                          [48;2;3;1;6m[38;2;3;1;6m  [48;2;1;1;3m[38;2;1;1;3m  [48;2;1;1;1m[38;2;1;1;1m        [48;2;3;1;4m[38;2;3;1;4m  [48;2;3;1;6m[38;2;3;1;6m  [48;2;3;1;4m[38;2;3;1;4m  [48;2;1;1;3m[38;2;1;1;3m  [48;2;1;1;1m[38;2;1;1;1m      [48;2;3;1;4m[38;2;3;1;4m  [48;2;3;1;6m[38;2;3;1;6m  [48;2;2;0;3m[38;2;2;0;3m  [48;2;1;1;1m[38;2;1;1;1m  [0m
[48;2;1;1;1m[38;2;1;1;1m                        [48;2;1;1;3m[38;2;1;1;3m  [48;2;3;1;6m[38;2;3;1;6m    [48;2;2;0;3m[38;2;2;0;3m  [48;2;1;1;3m[38;2;1;1;3m  [48;2;2;0;3m[38;2;2;0;3m  [48;2;1;1;3m[38;2;1;1;3m    [48;2;7;5;10m[38;2;17;15;20m╷[48;2;1;0;4m[38;2;51;49;54m▗[48;2;13;9;12m[38;2;217;213;216m▄▄[48;2;21;16;20m[38;2;214;210;213m▄[48;2;32;28;31m[38;2;215;211;214m▃[48;2;2;2;2m[38;2;2;2;2m  [48;2;1;1;1m[38;2;1;1;1m  [48;2;3;1;6m[38;2;3;1;6m      [48;2;1;1;3m[38;2;1;1;3m  [48;2;1;1;1m[38;2;1;1;1m  [0m
[48;2;1;1;1m[38;2;1;1;1m                    [48;2;3;1;6m[38;2;3;1;6m    [48;2;3;1;4m[38;2;3;1;4m  [48;2;3;1;6m[38;2;3;1;6m    [48;2;2;0;3m[38;2;2;0;3m  [48;2;3;1;6m[38;2;3;1;6m      [48;2;3;1;4m[38;2;3;1;4m  [48;2;90;88;91m[38;2;10;8;11m▊[48;2;158;156;159m[38;2;238;236;239m▇[48;2;248;247;244m[38;2;227;182;193m▗[48;2;242;240;238m[38;2;205;88;123m▄[48;2;248;239;244m[38;2;198;86;104m▄[48;2;241;233;238m[38;2;192;80;98m▄[48;2;179;174;178m[38;2;27;23;26m▄[48;2;3;0;2m[38;2;17;12;16m┓[48;2;3;1;4m[38;2;3;1;4m  [48;2;3;1;6m[38;2;3;1;6m      [48;2;1;1;3m[38;2;1;1;3m  [48;2;1;1;1m[38;2;1;1;1m  [0m
[48;2;1;1;1m[38;2;1;1;1m                    [48;2;1;1;3m[38;2;1;1;3m  [48;2;3;1;6m[38;2;3;1;6m          [48;2;1;1;3m[38;2;1;1;3m  [48;2;3;1;4m[38;2;3;1;4m  [48;2;3;1;6m[38;2;3;1;6m  [48;2;1;1;3m[38;2;1;1;3m  [48;2;107;101;103m[38;2;4;0;0m▊[48;2;208;202;204m[38;2;251;247;249m┃[48;2;164;59;79m[38;2;205;73;102m▊[48;2;68;18;21m[38;2;196;67;95m▄[48;2;153;45;66m[38;2;215;74;106m▊[48;2;31;17;8m[38;2;161;54;74m▄[48;2;1;1;3m[38;2;1;1;3m  [48;2;3;1;4m[38;2;3;1;4m  [48;2;3;1;6m[38;2;3;1;6m        [48;2;3;1;4m[38;2;3;1;4m  [0m
[48;2;1;1;1m[38;2;1;1;1m                    [48;2;2;2;4m[38;2;2;2;4m  [48;2;3;1;4m[38;2;3;1;4m  [48;2;3;1;6m[38;2;3;1;6m          [38;2;13;11;16m▃▃[48;2;16;14;17m[38;2;74;72;75m▁[48;2;14;12;15m[38;2;218;216;218m▄[48;2;18;17;19m[38;2;231;229;232m▄▄[48;2;51;46;47m[38;2;233;227;229m▄[48;2;209;203;205m[38;2;237;232;234m▊[48;2;216;74;100m[38;2;216;74;100m  [48;2;209;66;94m[38;2;210;84;107m┃[48;2;111;42;45m[38;2;209;69;96m▊[48;2;5;3;8m[38;2;35;33;38m▁▁[48;2;1;1;3m[38;2;1;1;3m    [48;2;3;1;4m[38;2;3;1;4m  [48;2;3;1;6m[38;2;3;1;6m    [48;2;1;1;3m[38;2;1;1;3m  [0m
[48;2;1;1;1m[38;2;1;1;1m                [48;2;2;0;3m[38;2;2;0;3m  [48;2;3;1;4m[38;2;3;1;4m  [48;2;2;0;3m[38;2;2;0;3m  [48;2;1;1;1m[38;2;1;1;1m  [48;2;1;1;3m[38;2;1;1;3m    [48;2;2;0;3m[38;2;2;0;3m  [48;2;3;1;6m[38;2;3;1;6m  [48;2;22;18;21m[38;2;0;0;0m [48;2;25;20;24m[38;2;220;215;219m▄[48;2;42;40;43m[38;2;239;237;239m▄[48;2;234;232;235m[38;2;0;0;0m [48;2;241;241;243m[38;2;252;252;253m▄▄[48;2;250;250;252m[38;2;250;250;252m    [48;2;229;164;181m[38;2;246;239;245m▊[48;2;215;104;121m[38;2;208;71;95m┃[48;2;209;109;138m[38;2;247;239;238m▄[48;2;246;241;239m[38;2;0;0;0m [48;2;202;200;203m[38;2;245;243;245m▇[48;2;222;220;223m[38;2;0;0;0m [48;2;18;16;19m[38;2;194;192;195m▄[48;2;10;9;11m[38;2;49;47;50m▁[48;2;2;2;4m[38;2;2;2;4m  [48;2;1;1;1m[38;2;1;1;1m  [48;2;2;0;3m[38;2;2;0;3m  [48;2;3;1;6m[38;2;3;1;6m  [48;2;1;1;1m[38;2;1;1;1m  [0m
[48;2;1;1;1m[38;2;1;1;1m            [48;2;1;1;3m[38;2;1;1;3m  [48;2;3;1;6m[38;2;3;1;6m      [48;2;1;1;3m[38;2;1;1;3m  [48;2;1;1;1m[38;2;1;1;1m      [48;2;1;1;3m[38;2;1;1;3m  [48;2;13;9;12m[38;2;79;74;78m▁[48;2;35;30;34m[38;2;222;217;221m▄[48;2;245;245;247m[38;2;217;217;219m▘[48;2;244;244;246m[38;2;251;251;253m▊[48;2;255;255;255m[38;2;239;239;241m━[48;2;244;244;245m[38;2;173;173;175m▁[48;2;249;247;250m[38;2;151;149;152m▁▁[48;2;250;250;252m[38;2;250;250;252m    [48;2;249;249;251m[38;2;249;249;251m  [48;2;250;250;252m[38;2;250;250;252m    [48;2;245;243;246m[38;2;246;244;247m▄[48;2;83;81;84m[38;2;236;234;237m▊[48;2;9;8;10m[38;2;69;67;70m▁[48;2;1;0;2m[38;2;3;1;4m▄[48;2;3;1;6m[38;2;3;1;6m  [48;2;1;1;3m[38;2;1;1;3m  [48;2;1;1;1m[38;2;1;1;1m    [0m
[48;2;1;1;1m[38;2;1;1;1m            [48;2;3;1;6m[38;2;3;1;6m      [48;2;3;1;4m[38;2;3;1;4m  [48;2;1;1;3m[38;2;1;1;3m  [48;2;1;1;1m[38;2;1;1;1m    [48;2;3;1;6m[38;2;3;1;6m  [48;2;6;4;7m[38;2;0;0;0m [48;2;9;7;10m[38;2;106;104;107m▁[48;2;244;244;245m[38;2;153;153;155m▎[48;2;251;251;252m[38;2;242;242;244m│[48;2;239;237;240m[38;2;130;128;131m▁[48;2;217;215;218m[38;2;27;25;28m▄[48;2;216;214;216m[38;2;30;28;31m▅[48;2;15;13;16m[38;2;0;0;0m [48;2;3;1;4m[38;2;12;10;13m│[48;2;101;99;102m[38;2;10;8;11m▊[48;2;255;254;255m[38;2;237;235;238m▌[48;2;253;251;253m[38;2;245;243;246m┃[48;2;250;250;252m[38;2;250;250;252m          [48;2;167;107;119m[38;2;235;233;227m▊[48;2;41;12;15m[38;2;213;68;109m▄[48;2;46;20;26m[38;2;205;60;108m▖[48;2;9;2;2m[38;2;0;0;0m [48;2;3;1;6m[38;2;3;1;6m  [48;2;1;1;3m[38;2;1;1;3m  [48;2;1;1;1m[38;2;1;1;1m  [0m
[48;2;1;1;1m[38;2;1;1;1m            [48;2;1;1;3m[38;2;1;1;3m  [48;2;3;1;6m[38;2;3;1;6m  [48;2;2;0;3m[38;2;2;0;3m  [48;2;1;1;1m[38;2;1;1;1m  [48;2;3;1;6m[38;2;3;1;6m    [48;2;1;1;1m[38;2;1;1;1m    [48;2;12;8;8m[38;2;100;30;54m▁[48;2;240;230;234m[38;2;148;138;141m▎[48;2;240;236;239m[38;2;117;112;116m▁[48;2;235;231;234m[38;2;47;43;46m▅[48;2;24;22;25m[38;2;5;4;6m▅[48;2;1;0;2m[38;2;3;1;4m▘[48;2;1;1;3m[38;2;1;1;3m  [48;2;2;1;5m[38;2;11;9;14m│[48;2;100;98;103m[38;2;9;8;12m▊[48;2;255;254;255m[38;2;237;235;238m▌[48;2;253;251;253m[38;2;245;243;246m┃[48;2;250;250;252m[38;2;250;250;252m      [48;2;226;221;225m[38;2;0;0;0m [48;2;216;213;216m[38;2;49;44;48m▄[48;2;244;242;245m[38;2;121;119;122m▁▁[48;2;237;224;225m[38;2;125;114;113m▁[48;2;199;129;148m[38;2;55;62;55m▁[48;2;36;13;18m[38;2;177;54;93m▘[48;2;3;4;1m[38;2;0;0;0m [48;2;3;1;6m[38;2;3;1;6m    [48;2;1;1;1m[38;2;1;1;1m  [0m
[48;2;1;1;1m[38;2;1;1;1m              [48;2;2;0;3m[38;2;2;0;3m  [48;2;1;1;3m[38;2;1;1;3m    [48;2;3;1;6m[38;2;3;1;6m  [48;2;3;1;4m[38;2;3;1;4m  [48;2;1;1;3m[38;2;1;1;3m  [48;2;1;1;1m[38;2;1;1;1m  [48;2;182;58;80m[38;2;110;50;50m▁[48;2;192;60;85m[38;2;223;79;107m╋[48;2;4;2;3m[38;2;20;18;19m▌[48;2;7;5;6m[38;2;1;0;0m▊[48;2;1;1;1m[38;2;1;1;1m  [48;2;3;1;4m[38;2;3;1;4m  [48;2;3;1;6m[38;2;9;7;12m┃[48;2;7;5;10m[38;2;40;38;43m▝[48;2;233;228;232m[38;2;79;74;78m▅[48;2;235;231;234m[38;2;124;119;123m▁[48;2;250;250;252m[38;2;250;250;252m    [38;2;235;235;237m╷[48;2;176;176;178m[38;2;245;245;246m▊[48;2;199;197;201m[38;2;18;17;21m▅[48;2;1;0;4m[38;2;45;43;48m [48;2;3;1;4m[38;2;3;1;4m    [48;2;1;1;1m[38;2;1;1;1m  [48;2;3;1;6m[38;2;3;1;6m    [48;2;2;0;3m[38;2;2;0;3m  [0m
[48;2;1;1;1m[38;2;1;1;1m                [48;2;3;1;4m[38;2;3;1;4m  [48;2;3;1;6m[38;2;3;1;6m  [48;2;2;0;3m[38;2;2;0;3m  [48;2;3;1;6m[38;2;3;1;6m  [48;2;2;0;3m[38;2;2;0;3m  [48;2;1;1;1m[38;2;1;1;1m  [48;2;9;6;2m[38;2;0;0;0m [48;2;165;54;87m[38;2;19;8;8m▅[48;2;4;2;5m[38;2;4;2;5m  [48;2;1;1;3m[38;2;1;1;3m  [48;2;3;1;6m[38;2;3;1;6m  [48;2;58;53;57m[38;2;9;5;8m▊[48;2;39;34;38m[38;2;220;216;219m▅[48;2;231;227;230m[38;2;0;0;0m [48;2;58;53;57m[38;2;221;217;221m▅[48;2;222;216;220m[38;2;80;74;78m▅[48;2;232;228;231m[38;2;73;67;71m▅[48;2;224;220;225m[38;2;70;66;71m▅[48;2;233;228;234m[38;2;31;27;32m▅[48;2;235;230;234m[38;2;38;34;37m▅[48;2;196;191;195m[38;2;62;58;61m▅[48;2;2;0;3m[38;2;2;0;3m  [48;2;3;1;6m[38;2;3;1;6m          [48;2;1;1;3m[38;2;1;1;3m  [0m
[48;2;1;1;1m[38;2;1;1;1m                    [48;2;0;0;0m[38;2;0;0;0m  [48;2;1;1;3m[38;2;1;1;3m  [48;2;1;1;1m[38;2;1;1;1m    [48;2;2;0;3m[38;2;2;0;3m  [48;2;1;1;3m[38;2;1;1;3m  [48;2;3;1;6m[38;2;3;1;6m  [48;2;11;9;12m[38;2;4;2;5m▚[48;2;7;5;8m[38;2;1;0;2m▌[48;2;48;46;49m[38;2;226;224;227m▅[48;2;241;239;242m[38;2;0;0;0m [48;2;250;250;252m[38;2;250;250;252m  [48;2;249;249;251m[38;2;249;249;251m  [48;2;154;150;151m[38;2;245;242;243m▊[48;2;30;26;27m[38;2;129;125;126m▂[48;2;86;80;84m[38;2;162;156;160m▄[48;2;198;192;196m[38;2;55;50;53m▅[48;2;72;70;71m[38;2;215;213;214m┓[48;2;1;0;0m[38;2;7;5;6m▄[48;2;3;1;6m[38;2;3;1;6m    [48;2;1;1;1m[38;2;1;1;1m  [48;2;1;1;3m[38;2;1;1;3m    [48;2;1;1;1m[38;2;1;1;1m  [0m
[48;2;1;1;1m[38;2;1;1;1m                        [48;2;1;1;3m[38;2;1;1;3m  [48;2;3;1;6m[38;2;3;1;6m  [48;2;2;0;3m[38;2;2;0;3m    [48;2;3;1;6m[38;2;3;1;6m  [48;2;1;0;2m[38;2;13;11;14m│[48;2;78;76;79m[38;2;7;6;8m▊[48;2;249;249;251m[38;2;231;231;233m▌[38;2;255;255;255m▌[48;2;250;250;252m[38;2;250;250;252m    [48;2;247;245;248m[38;2;255;254;255m┃[48;2;174;172;175m[38;2;241;239;242m▊[48;2;43;38;41m[38;2;197;191;195m▁[48;2;61;56;59m[38;2;204;199;202m▅[48;2;191;186;190m[38;2;27;23;26m▅[48;2;21;17;20m[38;2;152;147;151m▁[48;2;2;0;3m[38;2;2;0;3m  [48;2;3;1;4m[38;2;3;1;4m  [48;2;1;1;1m[38;2;1;1;1m      [48;2;1;1;3m[38;2;1;1;3m  [0m
[48;2;1;1;1m[38;2;1;1;1m                    [48;2;2;0;3m[38;2;2;0;3m  [48;2;1;1;1m[38;2;1;1;1m  [48;2;3;1;6m[38;2;3;1;6m    [48;2;1;1;3m[38;2;1;1;3m  [48;2;2;0;3m[38;2;2;0;3m  [48;2;1;1;3m[38;2;1;1;3m  [48;2;1;0;2m[38;2;7;5;8m▂[48;2;8;6;9m[38;2;21;19;22m▝[48;2;207;205;208m[38;2;38;36;39m▅[48;2;245;243;245m[38;2;222;221;223m▎[48;2;250;250;252m[38;2;250;250;252m      [48;2;249;249;250m[38;2;232;232;234m╵[48;2;238;238;239m[38;2;0;0;0m [48;2;73;71;74m[38;2;241;239;241m▅[48;2;99;97;100m[38;2;238;236;238m▊[48;2;3;1;6m[38;2;3;1;6m  [48;2;1;1;3m[38;2;1;1;3m  [48;2;1;1;1m[38;2;1;1;1m        [0m
[48;2;1;1;1m[38;2;1;1;1m                  [48;2;1;1;3m[38;2;1;1;3m  [48;2;2;0;3m[38;2;2;0;3m  [48;2;1;1;3m[38;2;1;1;3m  [48;2;3;1;6m[38;2;3;1;6m    [48;2;2;0;3m[38;2;2;0;3m  [48;2;1;1;3m[38;2;1;1;3m  [48;2;1;1;1m[38;2;1;1;1m  [48;2;3;1;6m[38;2;3;1;6m  [48;2;12;10;13m[38;2;0;0;0m [48;2;205;203;206m[38;2;44;42;45m▅[48;2;244;242;245m[38;2;240;238;241m▌[48;2;255;253;255m[38;2;251;249;252m▌[48;2;250;250;252m[38;2;250;250;252m      [48;2;246;244;247m[38;2;246;244;247m▄[48;2;92;90;93m[38;2;250;248;250m▊[48;2;2;0;5m[38;2;2;0;5m  [48;2;2;0;3m[38;2;2;0;3m  [48;2;1;1;1m[38;2;1;1;1m        [0m
[48;2;1;1;1m[38;2;1;1;1m                  [48;2;2;0;3m[38;2;2;0;3m    [48;2;3;1;6m[38;2;3;1;6m      [48;2;1;1;3m[38;2;1;1;3m  [48;2;1;1;1m[38;2;1;1;1m  [48;2;1;1;3m[38;2;1;1;3m  [48;2;3;1;6m[38;2;3;1;6m  [48;2;1;0;2m[38;2;19;17;20m▖[48;2;78;76;79m[38;2;7;6;8m▊[48;2;224;222;225m[38;2;48;46;49m▁[48;2;247;245;248m[38;2;255;254;255m┳[48;2;250;250;252m[38;2;250;250;252m      [48;2;250;248;250m[38;2;250;248;250m▄[48;2;84;82;85m[38;2;247;245;248m▊[48;2;2;0;5m[38;2;2;0;5m  [48;2;1;1;3m[38;2;1;1;3m  [48;2;1;1;1m[38;2;1;1;1m        [0m
[48;2;4;2;10m[38;2;23;2;126m▂▂▂▂▂▂▂▂▂▂▂▂▂▂▂▂▂▂[48;2;5;3;12m[38;2;24;2;129m▂▂[48;2;4;2;10m[38;2;23;2;126m▂▂[48;2;5;3;12m[38;2;24;2;129m▂▂▂▂▂▂[48;2;5;3;11m[38;2;24;3;127m▂▂[48;2;4;2;10m[38;2;23;2;126m▂▂[48;2;4;2;11m[38;2;23;1;128m▂▂[48;2;5;3;12m[38;2;24;2;129m▂▂[48;2;4;2;10m[38;2;23;2;126m▂▂[48;2;28;26;36m[38;2;46;30;121m▂[48;2;253;251;251m[38;2;209;205;219m▎[48;2;250;250;252m[38;2;250;250;252m      [48;2;173;166;183m[38;2;244;240;242m▊[48;2;203;198;203m[38;2;32;22;65m▆[48;2;5;3;12m[38;2;24;2;129m▂▂[48;2;4;2;10m[38;2;23;2;126m▂▂▂▂▂▂▂▂▂▂[0m
[48;2;38;3;183m[38;2;38;3;183m                                      [48;2;42;14;184m[38;2;0;0;0m [48;2;238;230;250m[38;2;73;48;177m▆[48;2;249;249;251m[38;2;249;249;251m  [48;2;250;250;252m[38;2;250;250;252m  [48;2;249;248;252m[38;2;233;232;238m╷[48;2;174;173;179m[38;2;244;243;247m▊[48;2;205;193;232m[38;2;50;20;182m▆[48;2;50;14;206m[38;2;36;7;178m▊[48;2;38;3;183m[38;2;38;3;183m            [0m
[48;2;38;3;183m[38;2;38;3;183m                                    [48;2;40;5;185m[38;2;40;5;185m  [48;2;53;30;180m[38;2;217;213;224m▂[48;2;72;47;197m[38;2;234;230;237m▆[48;2;249;249;251m[38;2;249;249;251m  [48;2;250;250;252m[38;2;250;250;252m  [48;2;176;168;209m[38;2;246;243;246m▊[48;2;206;200;223m[38;2;43;19;176m▆[48;2;38;3;183m[38;2;38;3;183m              [0m
[48;2;38;3;185m[38;2;38;3;185m                                    [48;2;47;11;198m[38;2;35;0;187m┃[48;2;82;51;207m[38;2;35;5;168m▊[48;2;249;249;250m[38;2;206;206;208m▎[48;2;241;241;243m[38;2;253;253;254m┃[48;2;250;250;252m[38;2;250;250;252m  [48;2;252;251;254m[38;2;0;0;0m [48;2;248;247;250m[38;2;228;227;232m▃[48;2;210;201;231m[38;2;50;28;179m▂[48;2;36;9;174m[38;2;37;7;178m▄[48;2;38;3;185m[38;2;38;3;185m              [0m
[48;2;38;3;185m[38;2;38;3;185m                                    [48;2;40;5;185m[38;2;40;5;185m  [48;2;203;211;222m[38;2;68;33;175m▆[48;2;238;231;232m[38;2;189;76;119m▂[48;2;247;237;240m[38;2;206;73;98m▂▂[48;2;243;235;240m[38;2;165;73;110m▂[48;2;216;208;228m[38;2;54;26;172m▂[48;2;38;3;185m[38;2;38;3;185m                [0m
[48;2;38;3;185m[38;2;38;3;185m                                    [48;2;37;1;183m[38;2;37;6;159m▗[48;2;37;5;163m[38;2;37;26;58m▂[48;2;77;22;150m[38;2;206;66;104m▆[48;2;212;77;98m[38;2;0;0;0m [48;2;220;76;101m[38;2;220;76;101m  [48;2;225;77;102m[38;2;189;74;114m▝[48;2;90;31;143m[38;2;186;64;92m▅[48;2;35;5;169m[38;2;16;6;42m▂▂[48;2;38;3;185m[38;2;38;3;185m              [0m
[48;2;38;3;185m[38;2;38;3;185m                                  [48;2;39;4;182m[38;2;39;4;182m  [48;2;18;8;61m[38;2;27;1;155m▂[48;2;9;7;17m[38;2;0;0;0m [48;2;165;47;82m[38;2;8;4;3m▆[48;2;177;58;94m[38;2;14;12;8m▆[48;2;204;70;93m[38;2;21;9;12m▂▂[48;2;197;69;91m[38;2;33;9;16m▂▂[48;2;56;24;27m[38;2;175;61;89m━[48;2;16;9;23m[38;2;0;0;0m [48;2;35;8;143m[38;2;10;0;29m━[48;2;40;5;185m[38;2;40;5;185m▄[48;2;38;3;185m[38;2;38;3;185m            [0m
[48;2;38;3;185m[38;2;38;3;185m                                    [48;2;36;1;181m[38;2;36;4;162m▝[48;2;36;21;77m[38;2;36;1;182m▆[48;2;19;8;43m[38;2;38;5;179m▆▆▆▆▆▆[48;2;20;8;47m[38;2;39;5;183m▆▆[48;2;38;3;185m[38;2;38;3;185m              [0m
[48;2;40;2;185m[38;2;40;2;185m                                                            [0m
[48;2;40;2;185m[38;2;40;2;185m                                                            [0m
