[48;2;1;1;1m[38;2;1;1;1m                                                            [0m
[48;2;1;1;1m[38;2;1;1;1m                                                            [0m
[48;2;1;1;1m[38;2;1;1;1m                                                            [0m
[48;2;1;1;1m[38;2;1;1;1m                                                      [48;2;1;1;3m[38;2;1;1;3m  [48;2;1;1;1m[38;2;1;1;1m    [0m
[48;2;1;1;1m[38;2;1;1;1m                          [48;2;3;1;6m[38;2;3;1;6m  [48;2;1;1;3m[38;2;1;1;3m  [48;2;1;1;1m[38;2;1;1;1m        [48;2;3;1;4m[38;2;3;1;4m  [48;2;3;1;6m[38;2;3;1;6m  [48;2;3;1;4m[38;2;3;1;4m  [48;2;1;1;3m[38;2;1;1;3m  [48;2;1;1;1m[38;2;1;1;1m      [48;2;3;1;4m[38;2;3;1;4m  [48;2;3;1;6m[38;2;3;1;6m  [48;2;2;0;3m[38;2;2;0;3m  [48;2;1;1;1m[38;2;1;1;1m  [0m
[48;2;1;1;1m[38;2;1;1;1m                        [48;2;1;1;3m[38;2;1;1;3m  [48;2;3;1;6m[38;2;3;1;6m    [48;2;2;0;3m[38;2;2;0;3m  [48;2;1;1;3m[38;2;1;1;3m  [48;2;2;0;3m[38;2;2;0;3m  [48;2;1;1;3m[38;2;1;1;3m    [48;2;7;5;10m[38;2;17;15;20m╷[48;2;1;0;4m[38;2;51;49;54m▗[48;2;13;9;12m[38;2;217;213;216m▄▄[48;2;21;16;20m[38;2;214;210;213m▄[48;2;32;28;31m[38;2;215;211;214m▃[48;2;2;2;2m[38;2;2;2;2m  [48;2;1;1;1m[38;2;1;1;1m  [48;2;3;1;6m[38;2;3;1;6m      [48;2;1;1;3m[38;2;1;1;3m  [48;2;1;1;1m[38;2;1;1;1m  [0m
[48;2;1;1;1m[38;2;1;1;1m                    [48;2;3;1;6m[38;2;3;1;6m    [48;2;3;1;4m[38;2;3;1;4m  [48;2;3;1;6m[38;2;3;1;6m    [48;2;2;0;3m[38;2;2;0;3m  [48;2;3;1;6m[38;2;3;1;6m      [48;2;3;1;4m[38;2;3;1;4m  [48;2;91;86;90m[38;2;11;7;10m▊[48;2;159;154;158m[38;2;239;234;238m▇[48;2;248;247;244m[38;2;227;182;193m▗[48;2;242;240;238m[38;2;205;88;123m▄[48;2;248;239;244m[38;2;198;86;104m▄[48;2;241;233;238m[38;2;192;80;98m▄[48;2;179;174;178m[38;2;27;23;26m▄[48;2;3;0;2m[38;2;17;12;16m┓[48;2;3;1;4m[38;2;3;1;4m  [48;2;3;1;6m[38;2;3;1;6m      [48;2;1;1;3m[38;2;1;1;3m  [48;2;1;1;1m[38;2;1;1;1m  [0m
[48;2;1;1;1m[38;2;1;1;1m                    [48;2;1;1;3m[38;2;1;1;3m  [48;2;3;1;6m[38;2;3;1;6m          [48;2;1;1;3m[38;2;1;1;3m  [48;2;3;1;4m[38;2;3;1;4m  [48;2;3;1;6m[38;2;3;1;6m  [48;2;1;0;2m[38;2;6;4;7m▃▃[48;2;110;104;106m[38;2;14;9;10m▊[48;2;205;199;201m[38;2;248;244;246m┃[48;2;164;59;79m[38;2;205;73;102m▊[48;2;68;18;21m[38;2;196;67;95m▄[48;2;153;45;66m[38;2;215;74;106m▊[48;2;31;17;8m[38;2;161;54;74m▄[48;2;1;1;3m[38;2;1;1;3m  [48;2;3;1;4m[38;2;3;1;4m  [48;2;3;1;6m[38;2;3;1;6m        [48;2;3;1;4m[38;2;3;1;4m  [0m
[48;2;1;1;1m[38;2;1;1;1m                    [48;2;2;2;4m[38;2;2;2;4m  [48;2;3;1;4m[38;2;3;1;4m  [48;2;3;1;6m[38;2;3;1;6m        [48;2;1;0;2m[38;2;36;34;37m▂[48;2;9;7;10m[38;2;39;37;40m▂[48;2;14;13;15m[38;2;223;221;224m▄[48;2;22;20;23m[38;2;235;233;235m▄[38;2;232;231;233m▄[48;2;40;38;41m[38;2;229;227;230m▄[48;2;176;174;177m[38;2;247;245;248m▇▇[48;2;211;206;210m[38;2;251;248;251m▆[48;2;213;208;212m[38;2;244;240;244m▊[48;2;216;74;100m[38;2;216;74;100m  [48;2;209;66;94m[38;2;210;84;107m┃[48;2;111;42;45m[38;2;209;69;96m▊[48;2;5;3;8m[38;2;35;33;38m▁▁[48;2;1;1;3m[38;2;1;1;3m    [48;2;3;1;4m[38;2;3;1;4m  [48;2;3;1;6m[38;2;3;1;6m    [48;2;1;1;3m[38;2;1;1;3m  [0m
[48;2;1;1;1m[38;2;1;1;1m                [48;2;2;0;3m[38;2;2;0;3m  [48;2;3;1;4m[38;2;3;1;4m  [48;2;2;0;3m[38;2;2;0;3m  [48;2;1;1;1m[38;2;1;1;1m  [48;2;1;1;3m[38;2;1;1;3m    [48;2;5;3;6m[38;2;1;0;2m▆[48;2;5;4;6m[38;2;34;32;35m▂[48;2;22;21;23m[38;2;212;210;213m▄[48;2;30;28;31m[38;2;237;235;237m▄[48;2;174;172;175m[38;2;243;241;244m▇[48;2;255;254;255m[38;2;255;253;255m▄[48;2;250;250;252m[38;2;250;250;252m        [48;2;229;164;181m[38;2;246;239;245m▊[48;2;215;104;121m[38;2;208;71;95m┃[48;2;209;109;138m[38;2;247;239;238m▄[48;2;246;241;239m[38;2;0;0;0m [48;2;202;200;203m[38;2;245;243;245m▇[48;2;222;220;223m[38;2;0;0;0m [48;2;21;19;22m[38;2;183;181;184m▄[48;2;5;3;6m[38;2;14;12;15m╷[48;2;2;2;4m[38;2;2;2;4m  [48;2;1;1;1m[38;2;1;1;1m  [48;2;2;0;3m[38;2;2;0;3m  [48;2;3;1;6m[38;2;3;1;6m  [48;2;1;1;1m[38;2;1;1;1m  [0m
[48;2;1;1;1m[38;2;1;1;1m            [48;2;1;1;3m[38;2;1;1;3m  [48;2;3;1;6m[38;2;3;1;6m      [48;2;1;1;3m[38;2;1;1;3m  [48;2;1;1;1m[38;2;1;1;1m    [48;2;0;0;0m[38;2;10;10;10m━[48;2;6;6;6m[38;2;75;75;75m▁[48;2;30;28;31m[38;2;215;213;216m▄[48;2;228;226;228m[38;2;0;0;0m [48;2;250;250;252m[38;2;250;250;252m  [48;2;248;246;249m[38;2;169;167;170m▁[48;2;239;237;240m[38;2;157;155;158m▁[48;2;233;232;234m[38;2;22;20;25m▄[48;2;223;221;226m[38;2;13;11;16m▄[48;2;232;231;233m[38;2;34;33;35m▄[48;2;238;236;239m[38;2;159;157;160m▁[48;2;250;250;252m[38;2;250;250;252m    [48;2;249;249;251m[38;2;249;249;251m  [48;2;250;250;252m[38;2;250;250;252m    [48;2;227;225;227m[38;2;0;0;0m [48;2;20;19;21m[38;2;190;188;190m▄[48;2;4;0;2m[38;2;24;18;22m▁[48;2;9;3;7m[38;2;59;53;57m▁[48;2;7;2;6m[38;2;7;2;6m  [48;2;1;1;3m[38;2;1;1;3m  [48;2;1;1;1m[38;2;1;1;1m    [0m
[48;2;1;1;1m[38;2;1;1;1m            [48;2;3;1;6m[38;2;3;1;6m      [48;2;3;1;4m[38;2;3;1;4m  [48;2;1;1;3m[38;2;1;1;3m  [48;2;1;1;1m[38;2;1;1;1m    [48;2;15;11;11m[38;2;69;22;38m▁[48;2;235;226;230m[38;2;124;115;118m▎[48;2;246;244;246m[38;2;0;0;0m [48;2;245;244;246m[38;2;156;154;157m▁[48;2;226;222;225m[38;2;28;23;27m▄[48;2;208;203;207m[38;2;11;7;10m▄[48;2;8;6;9m[38;2;35;33;36m▘[48;2;6;4;7m[38;2;1;0;2m▌[48;2;1;1;3m[38;2;1;1;3m  [48;2;1;0;2m[38;2;9;7;10m│[48;2;90;88;91m[38;2;13;11;14m▊[48;2;255;254;255m[38;2;237;235;238m▌[48;2;253;251;253m[38;2;245;243;246m┃[48;2;250;250;252m[38;2;250;250;252m          [48;2;234;125;154m[38;2;243;232;238m▊[48;2;210;74;97m[38;2;205;93;108m▃[48;2;52;11;15m[38;2;176;64;82m▊[48;2;4;5;13m[38;2;8;0;0m▎[48;2;3;1;6m[38;2;3;1;6m  [48;2;1;1;3m[38;2;1;1;3m  [48;2;1;1;1m[38;2;1;1;1m  [0m
[48;2;1;1;1m[38;2;1;1;1m            [48;2;1;1;3m[38;2;1;1;3m  [48;2;3;1;6m[38;2;3;1;6m  [48;2;2;0;3m[38;2;2;0;3m  [48;2;1;1;1m[38;2;1;1;1m  [48;2;3;1;6m[38;2;3;1;6m    [48;2;1;1;3m[38;2;1;1;3m  [48;2;214;70;99m[38;2;89;44;39m▎[48;2;177;57;77m[38;2;210;70;97m╋[48;2;234;215;223m[38;2;51;30;36m▅[48;2;20;21;21m[38;2;0;0;0m [48;2;3;1;6m[38;2;3;1;6m  [48;2;1;1;3m[38;2;1;1;3m    [48;2;2;1;5m[38;2;11;9;14m│[48;2;100;98;103m[38;2;9;8;12m▊[48;2;255;254;255m[38;2;237;235;238m▌[48;2;253;251;253m[38;2;245;243;246m┃[48;2;250;250;252m[38;2;250;250;252m    [48;2;248;248;250m[38;2;248;248;250m  [48;2;228;224;227m[38;2;100;95;99m▁[48;2;214;209;213m[38;2;48;44;47m▄[48;2;244;242;245m[38;2;121;119;122m▁▁[48;2;216;215;217m[38;2;87;85;88m▁[48;2;181;180;182m[38;2;22;20;23m▅[48;2;1;1;3m[38;2;1;1;3m  [48;2;3;1;6m[38;2;3;1;6m    [48;2;1;1;1m[38;2;1;1;1m  [0m
[48;2;1;1;1m[38;2;1;1;1m              [48;2;2;0;3m[38;2;2;0;3m  [48;2;1;1;3m[38;2;1;1;3m    [48;2;3;1;6m[38;2;3;1;6m  [48;2;3;1;4m[38;2;3;1;4m  [48;2;1;1;3m[38;2;1;1;3m  [48;2;156;61;89m[38;2;29;12;14m▅[48;2;17;8;8m[38;2;0;0;0m [48;2;3;1;6m[38;2;3;1;6m  [48;2;1;1;3m[38;2;1;1;3m  [48;2;1;1;1m[38;2;1;1;1m  [48;2;3;1;4m[38;2;3;1;4m  [48;2;3;1;6m[38;2;9;7;12m┃[48;2;7;5;10m[38;2;40;38;43m▝[48;2;228;224;228m[38;2;83;78;82m▅[48;2;236;232;235m[38;2;116;111;115m▁[48;2;250;250;252m[38;2;250;250;252m    [48;2;244;243;245m[38;2;0;0;0m [48;2;197;195;198m [48;2;3;1;6m[38;2;3;1;6m  [48;2;3;1;4m[38;2;3;1;4m  [48;2;2;0;3m[38;2;2;0;3m  [48;2;1;1;1m[38;2;1;1;1m  [48;2;3;1;6m[38;2;3;1;6m    [48;2;2;0;3m[38;2;2;0;3m  [0m
[48;2;1;1;1m[38;2;1;1;1m                [48;2;3;1;4m[38;2;3;1;4m  [48;2;3;1;6m[38;2;3;1;6m  [48;2;2;0;3m[38;2;2;0;3m  [48;2;3;1;6m[38;2;3;1;6m  [48;2;2;0;3m[38;2;2;0;3m  [48;2;1;1;1m[38;2;1;1;1m  [48;2;1;1;3m[38;2;1;1;3m  [48;2;2;0;3m[38;2;2;0;3m  [48;2;1;1;3m[38;2;1;1;3m  [48;2;3;1;6m[38;2;3;1;6m  [48;2;58;53;57m[38;2;9;5;8m▊[48;2;39;34;38m[38;2;220;216;219m▅[48;2;231;227;230m[38;2;0;0;0m [48;2;58;53;57m[38;2;221;217;221m▅[48;2;222;216;220m[38;2;80;74;78m▅[48;2;232;228;231m[38;2;73;67;71m▅[48;2;224;220;225m[38;2;70;66;71m▅[48;2;233;228;234m[38;2;31;27;32m▅[48;2;199;195;198m[38;2;26;22;25m▅[48;2;22;17;21m[38;2;145;140;144m▁[48;2;1;1;3m[38;2;1;1;3m  [48;2;3;1;6m[38;2;3;1;6m          [48;2;1;1;3m[38;2;1;1;3m  [0m
[48;2;1;1;1m[38;2;1;1;1m                    [48;2;0;0;0m[38;2;0;0;0m  [48;2;1;1;3m[38;2;1;1;3m  [48;2;1;1;1m[38;2;1;1;1m    [48;2;2;0;3m[38;2;2;0;3m  [48;2;1;1;3m[38;2;1;1;3m  [48;2;3;1;6m[38;2;3;1;6m    [48;2;79;77;80m[38;2;8;6;9m▊[48;2;248;247;249m[38;2;202;200;203m▎[48;2;250;250;252m[38;2;250;250;252m  [48;2;249;249;251m[38;2;249;249;251m  [48;2;237;235;237m[38;2;0;0;0m [48;2;31;29;32m[38;2;210;208;211m▅[48;2;35;30;34m[38;2;144;139;143m▁[48;2;185;180;184m[38;2;30;26;29m▅[48;2;13;11;14m[38;2;153;151;154m▁[48;2;7;5;8m[38;2;0;0;0m [48;2;3;1;6m[38;2;3;1;6m    [48;2;1;1;1m[38;2;1;1;1m  [48;2;1;1;3m[38;2;1;1;3m    [48;2;1;1;1m[38;2;1;1;1m  [0m
[48;2;1;1;1m[38;2;1;1;1m                        [48;2;1;1;3m[38;2;1;1;3m  [48;2;3;1;6m[38;2;3;1;6m  [48;2;2;0;3m[38;2;2;0;3m    [48;2;3;1;6m[38;2;3;1;6m  [48;2;1;1;3m[38;2;1;1;3m  [48;2;79;77;80m[38;2;8;6;9m▊[48;2;248;247;249m[38;2;202;200;203m▎[48;2;250;250;252m[38;2;250;250;252m      [48;2;236;232;236m[38;2;0;0;0m [48;2;67;63;66m[38;2;212;207;211m▅[48;2;179;175;179m[38;2;72;68;71m▅[48;2;19;14;18m[38;2;151;146;150m▁[48;2;2;0;3m[38;2;2;0;3m  [48;2;3;1;4m[38;2;3;1;4m  [48;2;1;1;1m[38;2;1;1;1m      [48;2;1;1;3m[38;2;1;1;3m  [0m
[48;2;1;1;1m[38;2;1;1;1m                    [48;2;2;0;3m[38;2;2;0;3m  [48;2;1;1;1m[38;2;1;1;1m  [48;2;3;1;6m[38;2;3;1;6m    [48;2;1;1;3m[38;2;1;1;3m  [48;2;2;0;3m[38;2;2;0;3m  [48;2;1;1;3m[38;2;1;1;3m  [48;2;3;1;4m[38;2;3;1;4m  [48;2;54;52;57m[38;2;9;7;12m▊[48;2;236;235;238m[38;2;112;110;115m▂[48;2;250;250;252m[38;2;250;250;252m        [48;2;249;249;250m[38;2;249;249;250m▄[48;2;83;83;85m[38;2;246;246;248m▊[48;2;3;1;6m[38;2;3;1;6m  [48;2;1;1;3m[38;2;1;1;3m  [48;2;1;1;1m[38;2;1;1;1m        [0m
[48;2;1;1;1m[38;2;1;1;1m                  [48;2;1;1;3m[38;2;1;1;3m  [48;2;2;0;3m[38;2;2;0;3m  [48;2;1;1;3m[38;2;1;1;3m  [48;2;3;1;6m[38;2;3;1;6m    [48;2;2;0;3m[38;2;2;0;3m  [48;2;1;1;3m[38;2;1;1;3m  [48;2;1;1;1m[38;2;1;1;1m  [48;2;3;1;6m[38;2;3;1;6m  [48;2;2;1;3m[38;2;11;9;12m│[48;2;100;98;101m[38;2;9;8;10m▊[48;2;255;254;255m[38;2;237;235;238m▌[48;2;253;251;253m[38;2;245;243;246m┃[48;2;250;250;252m[38;2;250;250;252m      [48;2;246;244;247m[38;2;246;244;247m▄[48;2;92;90;93m[38;2;250;248;250m▊[48;2;2;0;5m[38;2;2;0;5m  [48;2;2;0;3m[38;2;2;0;3m  [48;2;1;1;1m[38;2;1;1;1m        [0m
[48;2;1;1;1m[38;2;1;1;1m                  [48;2;2;0;3m[38;2;2;0;3m    [48;2;3;1;6m[38;2;3;1;6m      [48;2;1;1;3m[38;2;1;1;3m  [48;2;1;1;1m[38;2;1;1;1m  [48;2;1;1;3m[38;2;1;1;3m  [48;2;3;1;6m[38;2;3;1;6m  [48;2;1;0;2m[38;2;4;2;5m▌[48;2;6;5;7m[38;2;33;31;34m▝[48;2;208;206;209m[38;2;32;30;33m▅[48;2;250;249;251m[38;2;222;220;223m▎[48;2;250;250;252m[38;2;250;250;252m      [48;2;159;157;160m[38;2;246;244;247m▊[48;2;171;169;172m[38;2;12;11;13m▅[48;2;1;1;3m[38;2;1;1;3m    [48;2;1;1;1m[38;2;1;1;1m        [0m
[48;2;4;2;10m[38;2;23;2;126m▂▂▂▂▂▂▂▂▂▂▂▂▂▂▂▂▂▂[48;2;5;3;12m[38;2;24;2;129m▂▂[48;2;4;2;10m[38;2;23;2;126m▂▂[48;2;5;3;12m[38;2;24;2;129m▂▂▂▂▂▂[48;2;5;3;11m[38;2;24;3;127m▂▂[48;2;4;2;10m[38;2;23;2;126m▂▂[48;2;4;2;11m[38;2;23;1;128m▂▂[48;2;5;3;12m[38;2;24;2;129m▂▂[48;2;4;2;10m[38;2;23;2;126m▂▂[48;2;29;25;41m[38;2;44;15;185m▁[48;2;221;217;232m[38;2;62;33;203m▁[48;2;249;249;251m[38;2;249;249;251m  [48;2;250;250;252m[38;2;250;250;252m  [48;2;241;241;243m[38;2;251;251;252m▄[48;2;250;250;251m[38;2;240;240;242m▃[48;2;92;88;121m[38;2;205;197;232m▊[48;2;9;6;23m[38;2;38;15;181m▁[48;2;5;3;12m[38;2;24;2;129m▂▂[48;2;4;2;10m[38;2;23;2;126m▂▂▂▂▂▂▂▂▂▂[0m
[48;2;38;3;183m[38;2;38;3;183m                                      [48;2;95;75;171m[38;2;42;11;180m▊[48;2;99;77;188m[38;2;239;232;245m▅[48;2;249;249;251m[38;2;249;249;251m  [48;2;250;250;252m[38;2;250;250;252m  [48;2;250;249;251m[38;2;236;237;229m│[48;2;136;128;177m[38;2;249;246;253m▊[48;2;37;2;184m[38;2;37;2;184m  [48;2;38;3;183m[38;2;38;3;183m            [0m
[48;2;38;3;183m[38;2;38;3;183m                                    [48;2;43;12;186m[38;2;0;0;0m [48;2;49;20;178m[38;2;205;196;227m▂[48;2;73;55;180m[38;2;236;235;237m▆[48;2;242;241;247m[38;2;0;0;0m [48;2;250;250;252m[38;2;250;250;252m    [48;2;241;240;245m[38;2;0;0;0m [48;2;211;206;230m[38;2;65;45;176m▂[48;2;38;3;185m[38;2;38;3;185m  [48;2;38;3;183m[38;2;38;3;183m            [0m
[48;2;38;3;185m[38;2;38;3;185m                                    [48;2;88;70;169m[38;2;38;7;188m▊[48;2;252;251;247m[38;2;204;198;224m▎[48;2;250;250;252m[38;2;250;250;252m      [48;2;139;127;189m[38;2;243;241;248m▊[48;2;31;0;188m[38;2;60;37;171m▎[48;2;38;3;185m[38;2;38;3;185m              [0m
[48;2;38;3;185m[38;2;38;3;185m                                    [48;2;74;50;187m[38;2;40;10;190m▊[48;2;227;223;235m[38;2;71;50;167m▂[48;2;241;239;242m[38;2;253;251;253m▚[48;2;253;251;253m[38;2;241;239;242m▚[48;2;247;237;240m[38;2;206;73;98m▂▂[48;2;237;232;235m[38;2;168;77;112m▂[48;2;225;218;234m[38;2;54;25;170m▂[48;2;176;161;215m[38;2;42;10;187m▆[48;2;37;7;174m[38;2;56;21;200m▖[48;2;38;3;185m[38;2;38;3;185m              [0m
[48;2;38;3;185m[38;2;38;3;185m                                    [48;2;40;8;178m[38;2;0;0;0m [48;2;43;11;176m[38;2;21;7;61m▃[48;2;225;204;193m[38;2;217;78;107m▆▆[48;2;220;76;101m[38;2;220;76;101m  [48;2;225;77;102m[38;2;189;74;114m▝[48;2;90;31;143m[38;2;186;64;92m▅[48;2;35;5;169m[38;2;16;6;42m▂▂[48;2;38;3;185m[38;2;38;3;185m              [0m
[48;2;38;3;185m[38;2;38;3;185m                                  [48;2;39;4;182m[38;2;39;4;182m  [48;2;18;8;61m[38;2;27;1;155m▂[48;2;9;7;17m[38;2;0;0;0m [48;2;170;54;83m[38;2;25;8;6m▆[48;2;183;69;97m[38;2;25;7;7m▂[48;2;203;67;92m[38;2;26;12;16m▂▂[48;2;197;69;91m[38;2;33;9;16m▂▂[48;2;56;24;27m[38;2;175;61;89m━[48;2;16;9;23m[38;2;0;0;0m [48;2;35;8;143m[38;2;10;0;29m━[48;2;40;5;185m[38;2;40;5;185m▄[48;2;38;3;185m[38;2;38;3;185m            [0m
[48;2;38;3;185m[38;2;38;3;185m                                    [48;2;36;1;181m[38;2;36;4;162m▝[48;2;36;21;77m[38;2;36;1;182m▆[48;2;19;8;43m[38;2;38;5;179m▆▆▆▆▆▆[48;2;20;8;47m[38;2;39;5;183m▆▆[48;2;38;3;185m[38;2;38;3;185m              [0m
[48;2;40;2;185m[38;2;40;2;185m                                                            [0m
[48;2;40;2;185m[38;2;40;2;185m                                                            [0m
