[48;2;1;1;1m[38;2;1;1;1m                                                            [0m
[48;2;1;1;1m[38;2;1;1;1m                                                            [0m
[48;2;1;1;1m[38;2;1;1;1m                                                            [0m
[48;2;1;1;1m[38;2;1;1;1m                                                      [48;2;1;1;3m[38;2;1;1;3m  [48;2;1;1;1m[38;2;1;1;1m    [0m
[48;2;1;1;1m[38;2;1;1;1m                          [48;2;3;1;6m[38;2;3;1;6m  [48;2;1;1;3m[38;2;1;1;3m  [48;2;1;1;1m[38;2;1;1;1m        [48;2;3;1;4m[38;2;3;1;4m  [48;2;3;1;6m[38;2;3;1;6m  [48;2;3;1;4m[38;2;3;1;4m  [48;2;1;1;3m[38;2;1;1;3m  [48;2;1;1;1m[38;2;1;1;1m      [48;2;3;1;4m[38;2;3;1;4m  [48;2;3;1;6m[38;2;3;1;6m  [48;2;2;0;3m[38;2;2;0;3m  [48;2;1;1;1m[38;2;1;1;1m  [0m
[48;2;1;1;1m[38;2;1;1;1m                        [48;2;1;1;3m[38;2;1;1;3m  [48;2;3;1;6m[38;2;3;1;6m    [48;2;2;0;3m[38;2;2;0;3m  [48;2;1;1;3m[38;2;1;1;3m  [48;2;2;0;3m[38;2;2;0;3m  [48;2;1;1;3m[38;2;1;1;3m    [48;2;7;5;10m[38;2;17;15;20m╷[48;2;1;0;4m[38;2;51;49;54m▗[48;2;13;9;12m[38;2;217;213;216m▄▄[48;2;21;16;20m[38;2;214;210;213m▄[48;2;32;28;31m[38;2;215;211;214m▃[48;2;2;2;2m[38;2;2;2;2m  [48;2;1;1;1m[38;2;1;1;1m  [48;2;3;1;6m[38;2;3;1;6m      [48;2;1;1;3m[38;2;1;1;3m  [48;2;1;1;1m[38;2;1;1;1m  [0m
[48;2;1;1;1m[38;2;1;1;1m                    [48;2;3;1;6m[38;2;3;1;6m    [48;2;3;1;4m[38;2;3;1;4m  [48;2;3;1;6m[38;2;3;1;6m    [48;2;2;0;3m[38;2;2;0;3m  [48;2;3;1;6m[38;2;3;1;6m      [48;2;3;1;4m[38;2;3;1;4m  [48;2;91;86;90m[38;2;11;7;10m▊[48;2;159;154;158m[38;2;239;234;238m▇[48;2;248;247;244m[38;2;227;182;193m▗[48;2;242;240;238m[38;2;205;88;123m▄[48;2;248;239;244m[38;2;198;86;104m▄[48;2;241;233;238m[38;2;192;80;98m▄[48;2;179;174;178m[38;2;27;23;26m▄[48;2;3;0;2m[38;2;17;12;16m┓[48;2;3;1;4m[38;2;3;1;4m  [48;2;3;1;6m[38;2;3;1;6m      [48;2;1;1;3m[38;2;1;1;3m  [48;2;1;1;1m[38;2;1;1;1m  [0m
[48;2;1;1;1m[38;2;1;1;1m                    [48;2;1;1;3m[38;2;1;1;3m  [48;2;3;1;6m[38;2;3;1;6m          [48;2;1;1;3m[38;2;1;1;3m  [48;2;3;1;4m[38;2;13;11;14m▃▃[48;2;2;0;5m[38;2;12;10;15m▄▄[48;2;1;0;0m[38;2;6;4;5m▃▃[48;2;110;104;106m[38;2;14;9;10m▊[48;2;205;199;201m[38;2;248;244;246m┃[48;2;164;59;79m[38;2;205;73;102m▊[48;2;68;18;21m[38;2;196;67;95m▄[48;2;153;45;66m[38;2;215;74;106m▊[48;2;31;17;8m[38;2;161;54;74m▄[48;2;1;1;3m[38;2;1;1;3m  [48;2;3;1;4m[38;2;3;1;4m  [48;2;3;1;6m[38;2;3;1;6m        [48;2;3;1;4m[38;2;3;1;4m  [0m
[48;2;1;1;1m[38;2;1;1;1m                    [48;2;2;2;4m[38;2;2;2;4m  [48;2;3;1;4m[38;2;3;1;4m  [48;2;3;1;6m[38;2;3;1;6m    [48;2;6;4;9m[38;2;6;4;9m  [48;2;3;0;2m[38;2;9;4;8m▄[48;2;17;13;16m[38;2;210;206;209m▄[48;2;17;16;18m[38;2;238;236;238m▄[48;2;26;24;27m[38;2;229;227;230m▄[48;2;160;158;161m[38;2;242;240;243m▇[48;2;172;170;173m[38;2;250;248;250m▇[48;2;255;254;255m[38;2;243;241;246m▄▄[38;2;242;240;243m▄▄[48;2;211;206;210m[38;2;251;248;251m▆[48;2;213;208;212m[38;2;244;240;244m▊[48;2;216;74;100m[38;2;216;74;100m  [48;2;213;77;102m[38;2;209;73;99m▄[48;2;203;79;101m[38;2;0;0;0m [48;2;17;16;18m[38;2;228;227;229m▄[48;2;14;13;15m[38;2;196;194;196m▄[48;2;4;2;5m[38;2;4;2;5m  [48;2;1;1;3m[38;2;1;1;3m  [48;2;3;1;4m[38;2;3;1;4m  [48;2;3;1;6m[38;2;3;1;6m    [48;2;1;1;3m[38;2;1;1;3m  [0m
[48;2;1;1;1m[38;2;1;1;1m                [48;2;2;0;3m[38;2;2;0;3m  [48;2;3;1;4m[38;2;3;1;4m  [48;2;2;0;3m[38;2;2;0;3m  [48;2;1;1;1m[38;2;1;1;1m  [48;2;1;1;3m[38;2;1;1;3m  [48;2;1;0;0m[38;2;63;61;62m▁▁[48;2;28;26;29m[38;2;202;200;203m▄[48;2;229;227;230m[38;2;0;0;0m [48;2;241;241;243m[38;2;252;252;253m▄▄[48;2;249;247;249m[38;2;189;187;190m▁▁[48;2;255;254;255m[38;2;243;241;244m▄▄[48;2;251;251;252m[38;2;224;224;226m▂[48;2;247;247;248m[38;2;235;235;237m▁[48;2;250;250;252m[38;2;250;250;252m    [48;2;229;164;181m[38;2;246;239;245m▊[48;2;215;104;121m[38;2;208;71;95m┃[48;2;212;111;141m[38;2;246;238;237m▄[48;2;246;241;238m[38;2;0;0;0m [48;2;249;249;251m[38;2;249;249;251m  [48;2;81;79;82m[38;2;231;229;232m▊[48;2;11;9;12m[38;2;1;0;2m▆[48;2;2;2;4m[38;2;2;2;4m  [48;2;1;1;1m[38;2;1;1;1m  [48;2;2;0;3m[38;2;2;0;3m  [48;2;3;1;6m[38;2;3;1;6m  [48;2;1;1;1m[38;2;1;1;1m  [0m
[48;2;1;1;1m[38;2;1;1;1m            [48;2;1;1;3m[38;2;1;1;3m  [48;2;3;1;6m[38;2;3;1;6m      [48;2;1;1;3m[38;2;1;1;3m  [48;2;1;1;1m[38;2;1;1;1m  [48;2;9;3;2m[38;2;0;0;0m [48;2;22;13;12m[38;2;156;55;84m▄[48;2;194;185;182m[38;2;205;80;117m▄[48;2;243;230;230m[38;2;195;153;162m▁[48;2;248;246;248m[38;2;149;147;150m▁▁[48;2;233;231;233m[38;2;34;32;35m▄[48;2;212;210;212m[38;2;13;11;14m▄[48;2;37;35;40m[38;2;9;8;12m▆[48;2;15;13;18m[38;2;5;4;8m▇[48;2;13;11;14m[38;2;3;1;4m▅▅[48;2;78;73;77m[38;2;15;11;14m▊[48;2;237;232;236m[38;2;166;161;165m▁[48;2;250;250;252m[38;2;250;250;252m    [48;2;249;249;251m[38;2;249;249;251m  [48;2;250;250;252m[38;2;250;250;252m    [48;2;227;225;227m[38;2;0;0;0m [48;2;20;19;21m[38;2;190;188;190m▄[48;2;11;9;11m[38;2;92;89;93m▁[48;2;23;12;16m[38;2;113;42;69m▗[48;2;26;15;21m[38;2;201;64;91m▄[48;2;44;15;19m[38;2;198;83;102m▖[48;2;1;1;3m[38;2;1;1;3m  [48;2;1;1;1m[38;2;1;1;1m    [0m
[48;2;1;1;1m[38;2;1;1;1m            [48;2;3;1;6m[38;2;3;1;6m      [48;2;3;1;4m[38;2;3;1;4m  [48;2;1;1;3m[38;2;1;1;3m  [48;2;1;1;1m[38;2;1;1;1m  [48;2;6;6;2m[38;2;0;0;0m [48;2;40;12;17m[38;2;180;67;100m▝[48;2;179;60;96m[38;2;13;8;5m▄[48;2;11;8;6m[38;2;65;18;29m▘[48;2;5;3;8m[38;2;5;3;8m  [48;2;3;1;6m[38;2;3;1;6m  [48;2;3;1;4m[38;2;3;1;4m  [48;2;1;1;3m[38;2;1;1;3m  [48;2;1;0;2m[38;2;9;7;10m│[48;2;90;88;91m[38;2;13;11;14m▊[48;2;255;254;255m[38;2;237;235;238m▌[48;2;253;251;253m[38;2;245;243;246m┃[48;2;250;250;252m[38;2;250;250;252m      [48;2;245;245;246m[38;2;0;0;0m [48;2;244;244;245m[38;2;143;143;145m▁[48;2;246;246;247m[38;2;165;165;167m▁[48;2;234;234;236m[38;2;247;247;249m▇[48;2;240;245;244m[38;2;0;0;0m [48;2;246;238;242m[38;2;214;175;189m▝[48;2;181;83;104m[38;2;197;173;180m┓[48;2;158;59;70m[38;2;23;8;11m▅[48;2;3;1;6m[38;2;3;1;6m  [48;2;1;1;3m[38;2;1;1;3m  [48;2;1;1;1m[38;2;1;1;1m  [0m
[48;2;1;1;1m[38;2;1;1;1m            [48;2;1;1;3m[38;2;1;1;3m  [48;2;3;1;6m[38;2;3;1;6m  [48;2;2;0;3m[38;2;2;0;3m  [48;2;1;1;1m[38;2;1;1;1m  [48;2;3;1;6m[38;2;3;1;6m    [48;2;1;1;1m[38;2;1;1;1m  [48;2;3;1;6m[38;2;3;1;6m      [48;2;1;1;3m[38;2;1;1;3m    [48;2;2;1;5m[38;2;11;9;14m│[48;2;100;98;103m[38;2;9;8;12m▊[48;2;255;254;255m[38;2;237;235;238m▌[48;2;253;251;253m[38;2;245;243;246m┃[48;2;250;250;252m[38;2;250;250;252m    [48;2;237;237;239m[38;2;250;250;251m▊[48;2;231;231;232m[38;2;0;0;0m [48;2;200;195;199m[38;2;26;22;25m▅[48;2;8;4;7m[38;2;0;0;0m [48;2;30;26;29m [48;2;243;239;242m[38;2;31;26;30m▅[48;2;210;206;210m[38;2;13;9;12m▄[48;2;183;179;182m[38;2;27;23;26m▅[48;2;1;1;3m[38;2;1;1;3m  [48;2;3;1;6m[38;2;3;1;6m    [48;2;1;1;1m[38;2;1;1;1m  [0m
[48;2;1;1;1m[38;2;1;1;1m              [48;2;2;0;3m[38;2;2;0;3m  [48;2;1;1;3m[38;2;1;1;3m    [48;2;3;1;6m[38;2;3;1;6m  [48;2;3;1;4m[38;2;3;1;4m  [48;2;1;1;3m[38;2;1;1;3m    [48;2;3;1;6m[38;2;3;1;6m  [48;2;1;1;3m[38;2;1;1;3m  [48;2;1;1;1m[38;2;1;1;1m  [48;2;3;1;4m[38;2;3;1;4m  [48;2;3;0;2m[38;2;21;16;20m╸[48;2;27;23;26m[38;2;136;131;135m▁[48;2;229;225;228m[38;2;84;79;83m▅[48;2;236;232;236m[38;2;117;112;116m▁[48;2;250;250;252m[38;2;250;250;252m    [48;2;243;242;244m[38;2;0;0;0m [48;2;122;120;123m[38;2;222;220;223m▊[48;2;3;1;6m[38;2;3;1;6m    [48;2;1;1;3m[38;2;1;1;3m  [48;2;1;1;1m[38;2;1;1;1m  [48;2;3;1;6m[38;2;3;1;6m    [48;2;2;0;3m[38;2;2;0;3m  [0m
[48;2;1;1;1m[38;2;1;1;1m                [48;2;3;1;4m[38;2;3;1;4m  [48;2;3;1;6m[38;2;3;1;6m  [48;2;2;0;3m[38;2;2;0;3m  [48;2;3;1;6m[38;2;3;1;6m  [48;2;2;0;3m[38;2;2;0;3m  [48;2;1;1;1m[38;2;1;1;1m  [48;2;1;1;3m[38;2;1;1;3m  [48;2;2;0;3m[38;2;2;0;3m  [48;2;1;1;3m[38;2;1;1;3m  [48;2;3;1;6m[38;2;3;1;6m  [48;2;78;76;79m[38;2;7;5;8m▊[48;2;248;246;248m[38;2;201;199;202m▎[48;2;239;235;239m[38;2;0;0;0m [48;2;57;53;56m[38;2;217;212;216m▅[48;2;222;216;220m[38;2;80;74;78m▅[48;2;232;228;231m[38;2;73;67;71m▅[48;2;225;220;224m[38;2;74;69;73m▅[48;2;235;231;235m[38;2;67;62;66m▅[48;2;200;198;201m[38;2;23;21;24m▅[48;2;12;10;13m[38;2;1;0;2m┻[48;2;1;1;3m[38;2;1;1;3m  [48;2;3;1;6m[38;2;3;1;6m          [48;2;1;1;3m[38;2;1;1;3m  [0m
[48;2;1;1;1m[38;2;1;1;1m                    [48;2;0;0;0m[38;2;0;0;0m  [48;2;1;1;3m[38;2;1;1;3m  [48;2;1;1;1m[38;2;1;1;1m    [48;2;2;0;3m[38;2;2;0;3m  [48;2;1;1;3m[38;2;1;1;3m  [48;2;3;1;6m[38;2;3;1;6m    [48;2;79;77;80m[38;2;8;6;9m▊[48;2;248;247;249m[38;2;202;200;203m▎[48;2;250;250;252m[38;2;250;250;252m  [48;2;249;249;251m[38;2;249;249;251m  [48;2;249;249;250m[38;2;232;232;234m╵[48;2;238;238;239m[38;2;0;0;0m [48;2;80;78;81m[38;2;219;217;219m┓[48;2;1;0;2m[38;2;18;16;19m━[48;2;1;1;3m[38;2;1;1;3m  [48;2;3;1;6m[38;2;3;1;6m    [48;2;1;1;1m[38;2;1;1;1m  [48;2;1;1;3m[38;2;1;1;3m    [48;2;1;1;1m[38;2;1;1;1m  [0m
[48;2;1;1;1m[38;2;1;1;1m                        [48;2;1;1;3m[38;2;1;1;3m  [48;2;3;1;6m[38;2;3;1;6m  [48;2;2;0;3m[38;2;2;0;3m    [48;2;3;1;6m[38;2;3;1;6m  [48;2;1;1;3m[38;2;1;1;3m  [48;2;79;77;80m[38;2;8;6;9m▊[48;2;248;247;249m[38;2;202;200;203m▎[48;2;250;250;252m[38;2;250;250;252m      [48;2;237;235;237m[38;2;0;0;0m [48;2;31;29;32m[38;2;210;208;211m▅[48;2;1;0;2m[38;2;7;5;8m▃[38;2;9;7;10m━[48;2;2;0;3m[38;2;2;0;3m  [48;2;3;1;4m[38;2;3;1;4m  [48;2;1;1;1m[38;2;1;1;1m      [48;2;1;1;3m[38;2;1;1;3m  [0m
[48;2;1;1;1m[38;2;1;1;1m                    [48;2;2;0;3m[38;2;2;0;3m  [48;2;1;1;1m[38;2;1;1;1m  [48;2;3;1;6m[38;2;3;1;6m    [48;2;1;1;3m[38;2;1;1;3m  [48;2;2;0;3m[38;2;2;0;3m  [48;2;1;1;3m[38;2;1;1;3m  [48;2;3;1;4m[38;2;3;1;4m  [48;2;15;11;14m[38;2;0;0;0m [48;2;213;209;212m[38;2;44;40;43m▅[48;2;247;247;249m[38;2;247;247;249m  [48;2;250;250;252m[38;2;250;250;252m      [48;2;135;130;134m[38;2;240;235;239m▊[48;2;22;18;21m[38;2;138;133;137m▁[48;2;3;1;6m[38;2;3;1;6m  [48;2;1;1;3m[38;2;1;1;3m  [48;2;1;1;1m[38;2;1;1;1m        [0m
[48;2;1;1;1m[38;2;1;1;1m                  [48;2;1;1;3m[38;2;1;1;3m  [48;2;2;0;3m[38;2;2;0;3m  [48;2;1;1;3m[38;2;1;1;3m  [48;2;3;1;6m[38;2;3;1;6m    [48;2;2;0;3m[38;2;2;0;3m  [48;2;1;1;3m[38;2;1;1;3m  [48;2;1;1;1m[38;2;1;1;1m  [48;2;3;1;6m[38;2;3;1;6m  [48;2;1;0;2m[38;2;19;17;20m▖[48;2;78;76;79m[38;2;7;6;8m▊[48;2;228;227;229m[38;2;73;71;74m▁[48;2;245;243;245m[38;2;0;0;0m [48;2;250;250;252m[38;2;250;250;252m      [48;2;246;244;247m[38;2;246;244;247m▄[48;2;92;90;93m[38;2;250;248;250m▊[48;2;2;0;5m[38;2;2;0;5m  [48;2;2;0;3m[38;2;2;0;3m  [48;2;1;1;1m[38;2;1;1;1m        [0m
[48;2;1;1;1m[38;2;1;1;1m                  [48;2;2;0;3m[38;2;2;0;3m    [48;2;3;1;6m[38;2;3;1;6m      [48;2;1;1;3m[38;2;1;1;3m  [48;2;1;1;1m[38;2;1;1;1m  [48;2;1;1;3m[38;2;1;1;3m  [48;2;3;1;6m[38;2;3;1;6m  [48;2;1;1;3m[38;2;1;1;3m  [48;2;82;80;83m[38;2;10;8;11m▊[48;2;250;249;251m[38;2;205;203;206m▎[48;2;250;250;252m[38;2;250;250;252m      [48;2;250;248;250m[38;2;250;248;250m▄[48;2;84;82;85m[38;2;247;245;248m▊[48;2;2;0;5m[38;2;2;0;5m  [48;2;1;1;3m[38;2;1;1;3m  [48;2;1;1;1m[38;2;1;1;1m        [0m
[48;2;4;2;10m[38;2;23;2;126m▂▂▂▂▂▂▂▂▂▂▂▂▂▂▂▂▂▂[48;2;5;3;12m[38;2;24;2;129m▂▂[48;2;4;2;10m[38;2;23;2;126m▂▂[48;2;5;3;12m[38;2;24;2;129m▂▂▂▂▂▂[48;2;5;3;11m[38;2;24;3;127m▂▂[48;2;4;2;10m[38;2;23;2;126m▂▂[48;2;4;2;11m[38;2;23;1;128m▂▂[48;2;5;3;12m[38;2;24;2;129m▂▂[48;2;4;2;10m[38;2;23;2;126m▂▂[48;2;96;91;111m[38;2;12;6;40m▊[48;2;250;248;249m[38;2;219;215;229m▎[48;2;250;250;252m[38;2;250;250;252m      [48;2;173;166;183m[38;2;244;240;242m▊[48;2;203;198;203m[38;2;32;22;65m▆[48;2;5;3;12m[38;2;24;2;129m▂▂[48;2;4;2;10m[38;2;23;2;126m▂▂▂▂▂▂▂▂▂▂[0m
[48;2;38;3;183m[38;2;38;3;183m                                    [48;2;39;4;184m[38;2;39;4;184m  [48;2;63;40;183m[38;2;206;201;221m▂[48;2;251;249;248m[38;2;215;211;223m▎[48;2;250;250;252m[38;2;250;250;252m    [48;2;252;251;254m[38;2;245;244;249m▝[48;2;246;245;249m[38;2;218;217;222m▗[48;2;215;208;230m[38;2;76;53;180m▂[48;2;35;8;172m[38;2;37;6;196m▄[48;2;38;3;183m[38;2;38;3;183m            [0m
[48;2;38;3;183m[38;2;38;3;183m                                    [48;2;43;12;184m[38;2;0;0;0m [48;2;53;27;180m[38;2;209;200;228m▂[48;2;255;255;255m[38;2;237;237;239m▌[48;2;253;253;254m[38;2;245;245;247m┃[48;2;250;250;252m[38;2;250;250;252m    [48;2;252;252;246m[38;2;236;236;238m│[48;2;142;134;181m[38;2;245;243;251m▊[48;2;38;3;185m[38;2;38;3;185m  [48;2;38;3;183m[38;2;38;3;183m            [0m
[48;2;38;3;185m[38;2;38;3;185m                                    [48;2;88;70;169m[38;2;38;7;188m▊[48;2;252;251;247m[38;2;204;198;224m▎[48;2;250;250;252m[38;2;250;250;252m      [48;2;174;165;207m[38;2;243;242;239m▊[48;2;190;179;227m[38;2;44;19;182m▆[48;2;38;3;185m[38;2;38;3;185m              [0m
[48;2;38;3;185m[38;2;38;3;185m                                    [48;2;74;50;187m[38;2;40;10;190m▊[48;2;227;223;235m[38;2;71;50;167m▂[48;2;241;239;242m[38;2;253;251;253m▚[48;2;253;251;253m[38;2;241;239;242m▚[48;2;247;237;240m[38;2;206;73;98m▂▂[48;2;240;235;239m[38;2;173;82;117m▂[48;2;221;214;230m[38;2;48;19;164m▂[48;2;176;161;215m[38;2;42;10;187m▆[48;2;37;7;174m[38;2;56;21;200m▖[48;2;38;3;185m[38;2;38;3;185m              [0m
[48;2;38;3;185m[38;2;38;3;185m                                    [48;2;40;8;178m[38;2;0;0;0m [48;2;43;11;176m[38;2;21;7;61m▃[48;2;225;204;193m[38;2;217;78;107m▆▆[48;2;220;76;101m[38;2;220;76;101m  [48;2;215;76;100m[38;2;154;58;111m▝[48;2;48;11;169m[38;2;154;54;95m▂[48;2;35;5;169m[38;2;16;6;42m▂▂[48;2;38;3;185m[38;2;38;3;185m              [0m
[48;2;38;3;185m[38;2;38;3;185m                                  [48;2;39;4;182m[38;2;39;4;182m  [48;2;18;8;61m[38;2;27;1;155m▂[48;2;9;7;17m[38;2;0;0;0m [48;2;170;54;83m[38;2;25;8;6m▆[48;2;183;69;97m[38;2;25;7;7m▂[48;2;203;67;92m[38;2;26;12;16m▂▂[48;2;197;69;91m[38;2;33;9;16m▂▂[48;2;56;24;27m[38;2;175;61;89m━[48;2;16;9;23m[38;2;0;0;0m [48;2;35;8;143m[38;2;10;0;29m━[48;2;40;5;185m[38;2;40;5;185m▄[48;2;38;3;185m[38;2;38;3;185m            [0m
[48;2;38;3;185m[38;2;38;3;185m                                    [48;2;36;1;181m[38;2;36;4;162m▝[48;2;36;21;77m[38;2;36;1;182m▆[48;2;19;8;43m[38;2;38;5;179m▆▆▆▆▆▆[48;2;20;8;47m[38;2;39;5;183m▆▆[48;2;38;3;185m[38;2;38;3;185m              [0m
[48;2;40;2;185m[38;2;40;2;185m                                                            [0m
[48;2;40;2;185m[38;2;40;2;185m                                                            [0m
