[48;2;1;1;1m[38;2;1;1;1m                                                            [0m
[48;2;1;1;1m[38;2;1;1;1m                                                            [0m
[48;2;1;1;1m[38;2;1;1;1m                                                            [0m
[48;2;1;1;1m[38;2;1;1;1m                                                      [48;2;1;1;3m[38;2;1;1;3m  [48;2;1;1;1m[38;2;1;1;1m    [0m
[48;2;1;1;1m[38;2;1;1;1m                          [48;2;3;1;6m[38;2;3;1;6m  [48;2;1;1;3m[38;2;1;1;3m  [48;2;1;1;1m[38;2;1;1;1m        [48;2;3;1;4m[38;2;3;1;4m  [48;2;3;1;6m[38;2;3;1;6m  [48;2;3;1;4m[38;2;3;1;4m  [48;2;1;1;3m[38;2;1;1;3m  [48;2;1;1;1m[38;2;1;1;1m      [48;2;3;1;4m[38;2;3;1;4m  [48;2;3;1;6m[38;2;3;1;6m  [48;2;2;0;3m[38;2;2;0;3m  [48;2;1;1;1m[38;2;1;1;1m  [0m
[48;2;1;1;1m[38;2;1;1;1m                        [48;2;1;1;3m[38;2;1;1;3m  [48;2;3;1;6m[38;2;3;1;6m    [48;2;2;0;3m[38;2;2;0;3m  [48;2;1;1;3m[38;2;1;1;3m  [48;2;2;0;3m[38;2;2;0;3m  [48;2;1;1;3m[38;2;1;1;3m    [48;2;7;5;10m[38;2;17;15;20m╷[48;2;1;0;4m[38;2;51;49;54m▗[48;2;13;9;12m[38;2;217;213;216m▄▄[48;2;21;16;20m[38;2;214;210;213m▄[48;2;32;28;31m[38;2;215;211;214m▃[48;2;2;2;2m[38;2;2;2;2m  [48;2;1;1;1m[38;2;1;1;1m  [48;2;3;1;6m[38;2;3;1;6m      [48;2;1;1;3m[38;2;1;1;3m  [48;2;1;1;1m[38;2;1;1;1m  [0m
[48;2;1;1;1m[38;2;1;1;1m                    [48;2;3;1;6m[38;2;3;1;6m    [48;2;3;1;4m[38;2;3;1;4m  [48;2;3;1;6m[38;2;3;1;6m    [48;2;2;0;3m[38;2;2;0;3m  [48;2;3;1;6m[38;2;3;1;6m      [48;2;3;1;4m[38;2;3;1;4m  [48;2;91;86;90m[38;2;11;7;10m▊[48;2;159;154;158m[38;2;239;234;238m▇[48;2;248;247;244m[38;2;227;182;193m▗[48;2;242;240;238m[38;2;205;88;123m▄[48;2;248;239;244m[38;2;198;86;104m▄[48;2;241;233;238m[38;2;192;80;98m▄[48;2;179;174;178m[38;2;27;23;26m▄[48;2;3;0;2m[38;2;17;12;16m┓[48;2;3;1;4m[38;2;3;1;4m  [48;2;3;1;6m[38;2;3;1;6m      [48;2;1;1;3m[38;2;1;1;3m  [48;2;1;1;1m[38;2;1;1;1m  [0m
[48;2;1;1;1m[38;2;1;1;1m                    [48;2;1;1;3m[38;2;1;1;3m  [48;2;3;1;6m[38;2;3;1;6m        [48;2;4;2;5m[38;2;4;2;5m  [48;2;7;5;8m[38;2;1;0;2m▆[38;2;36;34;37m▂[48;2;14;12;15m[38;2;225;223;226m▄▄[48;2;16;14;19m[38;2;228;226;230m▄▄[48;2;12;10;13m[38;2;207;205;208m▄[48;2;17;15;18m[38;2;0;0;0m [48;2;110;104;106m[38;2;14;9;10m▊[48;2;205;199;201m[38;2;248;244;246m┃[48;2;164;59;79m[38;2;205;73;102m▊[48;2;68;18;21m[38;2;196;67;95m▄[48;2;153;45;66m[38;2;215;74;106m▊[48;2;31;17;8m[38;2;161;54;74m▄[48;2;1;1;3m[38;2;1;1;3m  [48;2;3;1;4m[38;2;3;1;4m  [48;2;3;1;6m[38;2;3;1;6m        [48;2;3;1;4m[38;2;3;1;4m  [0m
[48;2;1;1;1m[38;2;1;1;1m                    [48;2;2;2;4m[38;2;2;2;4m  [48;2;3;1;4m[38;2;3;1;4m  [48;2;3;1;6m[38;2;3;1;6m    [48;2;1;0;4m[38;2;32;30;35m▁[48;2;16;14;19m[38;2;201;199;204m▄[48;2;26;24;27m[38;2;228;226;228m▄[48;2;167;165;168m[38;2;237;235;238m▇[48;2;255;254;255m[38;2;243;241;244m▄▄[48;2;250;250;252m[38;2;250;250;252m    [48;2;255;254;255m[38;2;242;240;243m━[48;2;176;174;177m[38;2;246;244;247m▇[48;2;211;206;210m[38;2;251;248;251m▆[48;2;213;208;212m[38;2;244;240;244m▊[48;2;216;74;100m[38;2;216;74;100m  [48;2;213;77;102m[38;2;209;73;99m▄[48;2;203;79;101m[38;2;0;0;0m [48;2;17;16;18m[38;2;228;227;229m▄[48;2;14;13;15m[38;2;196;194;196m▄[48;2;4;2;5m[38;2;4;2;5m  [48;2;1;1;3m[38;2;1;1;3m  [48;2;3;1;4m[38;2;3;1;4m  [48;2;3;1;6m[38;2;3;1;6m    [48;2;1;1;3m[38;2;1;1;3m  [0m
[48;2;1;1;1m[38;2;1;1;1m                [48;2;2;0;3m[38;2;2;0;3m  [48;2;3;1;4m[38;2;3;1;4m  [48;2;2;0;3m[38;2;2;0;3m  [48;2;1;1;1m[38;2;1;1;1m  [48;2;1;1;3m[38;2;1;1;3m  [48;2;6;5;7m[38;2;0;0;0m [48;2;27;25;28m[38;2;191;189;192m▄[48;2;229;227;230m[38;2;0;0;0m [48;2;249;247;249m[38;2;236;234;237m▘[48;2;233;231;234m[38;2;0;0;0m [48;2;236;235;237m[38;2;41;39;42m▄[48;2;232;230;233m[38;2;19;17;20m▄▄[48;2;234;232;235m[38;2;16;14;17m▄[48;2;235;234;236m[38;2;34;32;35m▄[48;2;245;245;247m[38;2;216;216;218m▂[48;2;240;240;242m[38;2;249;249;250m▇[48;2;250;250;252m[38;2;250;250;252m    [48;2;229;164;181m[38;2;246;239;245m▊[48;2;215;104;121m[38;2;208;71;95m┃[48;2;212;111;141m[38;2;246;238;237m▄[48;2;246;241;238m[38;2;0;0;0m [48;2;249;249;251m[38;2;249;249;251m  [48;2;96;91;95m[38;2;232;228;231m▊[48;2;8;4;7m[38;2;45;40;44m▁[48;2;2;2;4m[38;2;2;2;4m  [48;2;1;1;1m[38;2;1;1;1m  [48;2;3;1;4m[38;2;3;1;4m  [48;2;5;1;4m[38;2;15;10;14m▃▃[48;2;1;1;1m[38;2;1;1;1m  [0m
[48;2;1;1;1m[38;2;1;1;1m            [48;2;1;1;3m[38;2;1;1;3m  [48;2;3;1;6m[38;2;3;1;6m      [48;2;1;1;3m[38;2;1;1;3m  [48;2;1;1;1m[38;2;1;1;1m    [48;2;28;10;16m[38;2;177;55;75m▄[48;2;217;198;205m[38;2;207;85;104m▄[48;2;241;236;239m[38;2;161;155;159m▁[48;2;222;217;220m[38;2;44;38;42m▄[48;2;1;0;2m[38;2;8;6;9m▌[48;2;12;10;13m[38;2;4;3;5m▚[48;2;3;1;6m[38;2;3;1;6m    [48;2;80;78;81m[38;2;8;7;9m▊[48;2;249;247;250m[38;2;203;201;204m▎[48;2;250;250;252m[38;2;250;250;252m    [48;2;249;249;251m[38;2;249;249;251m  [48;2;250;250;252m[38;2;250;250;252m    [48;2;246;245;247m[38;2;248;246;248m▄[48;2;220;219;221m[38;2;0;0;0m [48;2;29;27;30m[38;2;236;234;236m▄[48;2;21;20;22m[38;2;188;186;189m▄[48;2;14;9;13m[38;2;112;107;111m▁[48;2;16;12;15m[38;2;154;149;153m▗[48;2;28;25;23m[38;2;239;237;237m▄[48;2;83;41;53m[38;2;219;179;190m▄[48;2;206;66;96m[38;2;206;66;96m▄[48;2;53;32;24m[38;2;200;64;92m▌[48;2;1;1;1m[38;2;1;1;1m  [0m
[48;2;1;1;1m[38;2;1;1;1m            [48;2;3;1;6m[38;2;3;1;6m      [48;2;3;1;4m[38;2;3;1;4m  [48;2;1;1;3m[38;2;1;1;3m  [48;2;1;1;1m[38;2;1;1;1m    [48;2;167;60;75m[38;2;35;5;14m▅[48;2;186;64;85m[38;2;9;9;11m▄[48;2;28;22;26m[38;2;9;4;7m▅[48;2;4;0;2m[38;2;5;0;3m▘[48;2;3;1;6m[38;2;3;1;6m  [48;2;3;1;4m[38;2;3;1;4m  [48;2;1;1;3m[38;2;1;1;3m  [48;2;79;77;80m[38;2;8;6;9m▊[48;2;248;247;249m[38;2;202;200;203m▎[48;2;250;250;252m[38;2;250;250;252m      [48;2;248;248;249m[38;2;0;0;0m [48;2;230;230;231m [48;2;218;216;219m[38;2;7;5;8m▄▄[48;2;224;222;224m[38;2;47;46;48m▄[48;2;243;241;244m[38;2;142;140;143m▁[48;2;244;244;245m[38;2;173;173;175m▁[48;2;255;255;255m[38;2;239;239;241m━[48;2;242;242;244m[38;2;0;0;0m [48;2;242;242;243m[38;2;150;150;152m▁[48;2;233;229;232m[38;2;93;88;92m▗[48;2;36;32;35m[38;2;212;208;211m▘[48;2;2;2;4m[38;2;2;2;4m  [48;2;1;1;1m[38;2;1;1;1m  [0m
[48;2;1;1;1m[38;2;1;1;1m            [48;2;1;1;3m[38;2;1;1;3m  [48;2;3;1;6m[38;2;3;1;6m  [48;2;2;0;3m[38;2;2;0;3m  [48;2;1;1;1m[38;2;1;1;1m  [48;2;3;1;6m[38;2;3;1;6m    [48;2;1;1;1m[38;2;1;1;1m  [48;2;3;1;6m[38;2;3;1;6m      [48;2;1;1;3m[38;2;1;1;3m    [48;2;79;77;80m[38;2;8;6;9m▊[48;2;248;247;249m[38;2;202;200;203m▎[48;2;250;250;252m[38;2;250;250;252m      [48;2;188;186;189m[38;2;241;239;242m▊[48;2;203;201;204m[38;2;32;30;33m▅[48;2;3;1;6m[38;2;3;1;6m    [48;2;28;27;29m[38;2;0;0;0m [48;2;242;240;242m[38;2;29;27;30m▅[48;2;179;177;180m[38;2;23;21;24m▅[48;2;5;4;6m[38;2;14;12;15m╵[48;2;3;1;6m[38;2;3;1;6m    [48;2;1;1;1m[38;2;1;1;1m  [0m
[48;2;1;1;1m[38;2;1;1;1m              [48;2;2;0;3m[38;2;2;0;3m  [48;2;1;1;3m[38;2;1;1;3m    [48;2;3;1;6m[38;2;3;1;6m  [48;2;3;1;4m[38;2;3;1;4m  [48;2;1;1;3m[38;2;1;1;3m    [48;2;3;1;6m[38;2;3;1;6m  [48;2;1;1;3m[38;2;1;1;3m  [48;2;1;1;1m[38;2;1;1;1m  [48;2;3;1;4m[38;2;3;1;4m  [48;2;27;21;25m[38;2;155;149;153m▁[48;2;221;216;220m[38;2;82;76;80m▅[48;2;239;238;240m[38;2;127;125;128m▁[48;2;247;245;248m[38;2;0;0;0m [48;2;250;250;252m[38;2;250;250;252m  [48;2;248;248;250m[38;2;248;248;250m  [48;2;110;108;111m[38;2;216;214;217m▊[48;2;5;4;6m[38;2;33;31;34m▎[48;2;3;1;6m[38;2;3;1;6m    [48;2;1;1;3m[38;2;1;1;3m  [48;2;1;1;1m[38;2;1;1;1m  [48;2;3;1;6m[38;2;3;1;6m    [48;2;2;0;3m[38;2;2;0;3m  [0m
[48;2;1;1;1m[38;2;1;1;1m                [48;2;3;1;4m[38;2;3;1;4m  [48;2;3;1;6m[38;2;3;1;6m  [48;2;2;0;3m[38;2;2;0;3m  [48;2;3;1;6m[38;2;3;1;6m  [48;2;2;0;3m[38;2;2;0;3m  [48;2;1;1;1m[38;2;1;1;1m  [48;2;1;1;3m[38;2;1;1;3m  [48;2;2;0;3m[38;2;2;0;3m  [48;2;1;1;3m[38;2;1;1;3m  [48;2;3;0;2m[38;2;15;10;14m│[48;2;80;75;79m[38;2;9;5;8m▊[48;2;247;246;248m[38;2;222;220;223m▎[48;2;239;238;240m[38;2;0;0;0m [48;2;52;46;50m[38;2;216;211;215m▅[48;2;218;214;217m[38;2;82;77;80m▅[48;2;231;227;231m[38;2;69;64;68m▅▅[48;2;222;220;225m[38;2;26;24;29m▅[48;2;208;206;210m[38;2;24;23;27m▅[48;2;3;1;6m[38;2;3;1;6m  [48;2;1;1;3m[38;2;1;1;3m  [48;2;3;1;6m[38;2;3;1;6m          [48;2;1;1;3m[38;2;1;1;3m  [0m
[48;2;1;1;1m[38;2;1;1;1m                    [48;2;0;0;0m[38;2;0;0;0m  [48;2;1;1;3m[38;2;1;1;3m  [48;2;1;1;1m[38;2;1;1;1m    [48;2;2;0;3m[38;2;2;0;3m  [48;2;1;1;3m[38;2;1;1;3m  [48;2;3;1;6m[38;2;3;1;6m  [48;2;1;0;2m[38;2;13;11;14m│[48;2;78;76;79m[38;2;7;6;8m▊[48;2;249;249;251m[38;2;231;231;233m▌[38;2;255;255;255m▌[48;2;250;250;252m[38;2;250;250;252m  [38;2;243;243;245m▚[48;2;250;250;251m[38;2;206;206;208m▝[48;2;27;22;26m[38;2;235;231;235m▅[48;2;22;17;21m[38;2;211;206;210m▅[48;2;14;10;13m[38;2;0;0;0m [48;2;18;14;17m[38;2;136;131;135m▁[48;2;1;1;3m[38;2;1;1;3m  [48;2;3;1;6m[38;2;3;1;6m    [48;2;1;1;1m[38;2;1;1;1m  [48;2;1;1;3m[38;2;1;1;3m    [48;2;1;1;1m[38;2;1;1;1m  [0m
[48;2;1;1;1m[38;2;1;1;1m                        [48;2;1;1;3m[38;2;1;1;3m  [48;2;3;1;6m[38;2;3;1;6m  [48;2;2;0;3m[38;2;2;0;3m    [48;2;3;1;6m[38;2;3;1;6m  [48;2;1;0;2m[38;2;10;8;11m▂[48;2;5;4;6m[38;2;35;33;36m▝[48;2;209;207;210m[38;2;40;38;41m▅[48;2;246;244;247m[38;2;224;222;225m▎[48;2;250;250;252m[38;2;250;250;252m    [48;2;249;249;250m[38;2;232;232;234m╵[48;2;238;238;239m[38;2;0;0;0m [48;2;66;60;64m[38;2;212;207;210m▅[48;2;198;192;196m[38;2;102;96;100m▅[48;2;76;72;75m[38;2;221;217;221m┓[48;2;13;8;12m[38;2;0;0;0m [48;2;2;0;3m[38;2;2;0;3m  [48;2;3;1;4m[38;2;3;1;4m  [48;2;1;1;1m[38;2;1;1;1m      [48;2;1;1;3m[38;2;1;1;3m  [0m
[48;2;1;1;1m[38;2;1;1;1m                    [48;2;2;0;3m[38;2;2;0;3m  [48;2;1;1;1m[38;2;1;1;1m  [48;2;3;1;6m[38;2;3;1;6m    [48;2;1;1;3m[38;2;1;1;3m  [48;2;2;0;3m[38;2;2;0;3m  [48;2;1;1;3m[38;2;1;1;3m  [48;2;3;1;4m[38;2;3;1;4m  [48;2;15;11;14m[38;2;0;0;0m [48;2;213;209;212m[38;2;44;40;43m▅[48;2;247;247;249m[38;2;247;247;249m  [48;2;250;250;252m[38;2;250;250;252m      [48;2;234;232;235m[38;2;0;0;0m [48;2;31;30;32m[38;2;196;194;197m▅[48;2;3;1;6m[38;2;3;1;6m  [48;2;1;1;3m[38;2;1;1;3m  [48;2;1;1;1m[38;2;1;1;1m        [0m
[48;2;1;1;1m[38;2;1;1;1m                  [48;2;1;1;3m[38;2;1;1;3m  [48;2;2;0;3m[38;2;2;0;3m  [48;2;1;1;3m[38;2;1;1;3m  [48;2;3;1;6m[38;2;3;1;6m    [48;2;2;0;3m[38;2;2;0;3m  [48;2;1;1;3m[38;2;1;1;3m  [48;2;1;1;1m[38;2;1;1;1m  [48;2;3;1;6m[38;2;3;1;6m  [48;2;1;0;2m[38;2;3;1;4m▘[48;2;5;3;6m[38;2;41;39;42m▝[48;2;212;210;213m[38;2;39;37;40m▅[48;2;246;244;247m[38;2;223;221;224m▎[48;2;250;250;252m[38;2;250;250;252m      [48;2;249;249;251m[38;2;238;238;240m┏[48;2;251;251;253m[38;2;255;255;255m▌[48;2;78;73;77m[38;2;226;222;225m┓[48;2;3;0;2m[38;2;5;0;4m▄[48;2;2;0;3m[38;2;2;0;3m  [48;2;1;1;1m[38;2;1;1;1m        [0m
[48;2;1;1;1m[38;2;1;1;1m                  [48;2;2;0;3m[38;2;2;0;3m    [48;2;3;1;6m[38;2;3;1;6m      [48;2;1;1;3m[38;2;1;1;3m  [48;2;1;1;1m[38;2;1;1;1m  [48;2;1;1;3m[38;2;1;1;3m  [48;2;3;1;6m[38;2;3;1;6m  [48;2;1;1;3m[38;2;1;1;3m  [48;2;82;80;83m[38;2;10;8;11m▊[48;2;250;249;251m[38;2;205;203;206m▎[48;2;250;250;252m[38;2;250;250;252m      [48;2;255;255;255m[38;2;251;251;253m▄[48;2;249;249;251m[38;2;211;211;213m▗[48;2;84;79;83m[38;2;196;192;195m▊[48;2;3;0;2m[38;2;19;14;18m⎺[48;2;1;1;3m[38;2;1;1;3m  [48;2;1;1;1m[38;2;1;1;1m        [0m
[48;2;4;2;10m[38;2;23;2;126m▂▂▂▂▂▂▂▂▂▂▂▂▂▂▂▂▂▂[48;2;5;3;12m[38;2;24;2;129m▂▂[48;2;4;2;10m[38;2;23;2;126m▂▂[48;2;5;3;12m[38;2;24;2;129m▂▂▂▂▂▂[48;2;5;3;11m[38;2;24;3;127m▂▂[48;2;4;2;10m[38;2;23;2;126m▂▂[48;2;4;2;11m[38;2;23;1;128m▂▂[48;2;5;3;12m[38;2;24;2;129m▂▂[48;2;9;6;14m[38;2;28;7;131m▂[48;2;19;17;24m[38;2;35;16;138m▂[48;2;75;74;76m[38;2;236;234;237m▅[48;2;242;240;242m[38;2;0;0;0m [48;2;250;250;252m[38;2;250;250;252m      [48;2;238;237;242m[38;2;251;250;253m▌[48;2;101;100;105m[38;2;248;247;250m▊[48;2;4;2;11m[38;2;23;1;128m▂▂[48;2;4;2;10m[38;2;23;2;126m▂▂▂▂▂▂▂▂▂▂[0m
[48;2;38;3;183m[38;2;38;3;183m                                    [48;2;84;60;194m[38;2;37;8;174m▊[48;2;59;36;178m[38;2;229;222;241m▆[48;2;249;249;251m[38;2;249;249;251m  [48;2;250;250;252m[38;2;250;250;252m      [48;2;178;168;220m[38;2;243;239;247m▊[48;2;212;207;226m[38;2;43;20;170m▆[48;2;38;3;183m[38;2;38;3;183m            [0m
[48;2;38;3;183m[38;2;38;3;183m                                  [48;2;38;4;179m[38;2;34;0;175m▌[48;2;50;16;191m[38;2;45;11;186m▌[48;2;68;53;177m[38;2;231;230;233m▆[48;2;244;242;248m[38;2;0;0;0m [48;2;250;250;252m[38;2;250;250;252m  [48;2;242;240;244m[38;2;0;0;0m [48;2;240;240;239m[38;2;88;66;201m▂[48;2;243;242;244m[38;2;92;74;182m▂[48;2;245;244;246m[38;2;0;0;0m [48;2;249;248;252m[38;2;233;232;238m╷[48;2;174;173;179m[38;2;244;243;247m▊[48;2;205;194;232m[38;2;47;16;180m▆[48;2;37;7;184m[38;2;0;0;0m [48;2;38;3;183m[38;2;38;3;183m            [0m
[48;2;38;3;185m[38;2;38;3;185m                                [48;2;39;4;184m[38;2;39;4;184m  [48;2;53;28;180m[38;2;217;213;225m▂[48;2;72;46;198m[38;2;233;230;239m▆[48;2;249;249;251m[38;2;249;249;251m  [48;2;242;242;243m[38;2;0;0;0m [48;2;227;224;239m[38;2;54;40;174m▂[48;2;204;193;232m[38;2;44;15;177m▆[48;2;40;8;187m[38;2;0;0;0m [48;2;113;96;192m[38;2;36;5;185m▊[48;2;250;249;243m[38;2;229;224;247m▎[48;2;237;236;243m[38;2;0;0;0m [48;2;210;206;228m[38;2;50;30;175m▂[48;2;38;3;185m[38;2;38;3;185m              [0m
[48;2;38;3;185m[38;2;38;3;185m                                [48;2;41;7;190m[38;2;44;3;166m▚[48;2;57;33;159m[38;2;194;66;109m▆[48;2;233;232;232m[38;2;223;98;138m▂[48;2;246;242;242m[38;2;0;0;0m [48;2;240;238;248m [48;2;226;225;230m[38;2;60;43;170m▂[48;2;194;182;221m[38;2;47;19;181m▆[48;2;38;6;185m[38;2;45;10;194m╷[48;2;41;4;182m[38;2;41;4;182m  [48;2;68;42;149m[38;2;205;85;116m▆[48;2;242;223;230m[38;2;210;86;97m▂[48;2;211;199;219m[38;2;180;84;132m▂[48;2;43;10;181m[38;2;0;0;0m [48;2;38;3;185m[38;2;38;3;185m              [0m
[48;2;38;3;185m[38;2;38;3;185m                                [48;2;39;5;185m[38;2;0;0;0m [48;2;155;60;105m[38;2;36;11;107m▆[48;2;207;73;100m[38;2;0;0;0m [48;2;240;195;193m[38;2;204;73;99m▆[48;2;194;186;212m[38;2;39;19;118m▆[48;2;35;8;174m[38;2;14;2;60m▃[48;2;39;5;187m[38;2;12;1;43m▃▃[48;2;38;7;164m[38;2;8;0;26m▂▂[48;2;100;36;130m[38;2;9;12;18m▂[48;2;193;63;92m[38;2;50;18;20m▂[48;2;112;53;98m[38;2;217;66;100m▊[48;2;33;11;168m[38;2;22;21;43m▂[48;2;38;3;185m[38;2;38;3;185m              [0m
[48;2;38;3;185m[38;2;38;3;185m                              [48;2;38;3;183m[38;2;38;3;183m  [48;2;24;12;75m[38;2;33;7;152m▂[48;2;6;3;18m[38;2;0;0;0m [48;2;134;50;68m[38;2;19;10;6m▆[48;2;185;57;90m[38;2;25;13;9m▂[48;2;65;28;36m[38;2;183;63;99m━[48;2;14;4;4m[38;2;0;0;0m [48;2;1;1;3m[38;2;1;1;3m  [48;2;1;1;1m[38;2;1;1;1m  [48;2;3;1;2m[38;2;3;1;2m  [48;2;139;53;66m[38;2;21;10;19m▆[48;2;71;31;48m[38;2;177;48;70m━[48;2;34;7;142m[38;2;9;0;28m━[48;2;39;4;184m[38;2;39;4;184m▄[48;2;38;3;185m[38;2;38;3;185m            [0m
[48;2;38;3;185m[38;2;38;3;185m                                [48;2;36;0;184m[38;2;36;5;159m▝[48;2;36;18;92m[38;2;36;2;180m▆[48;2;18;3;63m[38;2;37;3;180m▆▆[48;2;19;4;62m[38;2;38;4;180m▆▆[48;2;19;8;43m[38;2;38;5;179m▆▆▆▆[48;2;19;7;45m[38;2;38;5;181m▆▆[48;2;20;8;47m[38;2;39;5;183m▆▆[48;2;38;3;185m[38;2;38;3;185m              [0m
[48;2;40;2;185m[38;2;40;2;185m                                                            [0m
[48;2;40;2;185m[38;2;40;2;185m                                                            [0m
