[48;2;1;1;1m[38;2;1;1;1m                                                            [0m
[48;2;1;1;1m[38;2;1;1;1m                                                            [0m
[48;2;1;1;1m[38;2;1;1;1m                                                            [0m
[48;2;1;1;1m[38;2;1;1;1m                                                      [48;2;1;1;3m[38;2;1;1;3m  [48;2;1;1;1m[38;2;1;1;1m    [0m
[48;2;1;1;1m[38;2;1;1;1m                          [48;2;3;1;6m[38;2;3;1;6m  [48;2;1;1;3m[38;2;1;1;3m  [48;2;1;1;1m[38;2;1;1;1m        [48;2;3;1;4m[38;2;3;1;4m  [48;2;3;1;6m[38;2;3;1;6m  [48;2;3;1;4m[38;2;3;1;4m  [48;2;1;1;3m[38;2;1;1;3m  [48;2;1;1;1m[38;2;1;1;1m      [48;2;3;1;4m[38;2;3;1;4m  [48;2;3;1;6m[38;2;3;1;6m  [48;2;2;0;3m[38;2;2;0;3m  [48;2;1;1;1m[38;2;1;1;1m  [0m
[48;2;1;1;1m[38;2;1;1;1m                        [48;2;1;1;3m[38;2;1;1;3m  [48;2;3;1;6m[38;2;3;1;6m    [48;2;2;0;3m[38;2;2;0;3m  [48;2;1;1;3m[38;2;1;1;3m  [48;2;2;0;3m[38;2;2;0;3m  [48;2;1;1;3m[38;2;1;1;3m    [48;2;7;5;10m[38;2;17;15;20m╷[48;2;1;0;4m[38;2;51;49;54m▗[48;2;13;9;12m[38;2;217;213;216m▄▄[48;2;21;16;20m[38;2;214;210;213m▄[48;2;32;28;31m[38;2;215;211;214m▃[48;2;2;2;2m[38;2;2;2;2m  [48;2;1;1;1m[38;2;1;1;1m  [48;2;3;1;6m[38;2;3;1;6m      [48;2;1;1;3m[38;2;1;1;3m  [48;2;1;1;1m[38;2;1;1;1m  [0m
[48;2;1;1;1m[38;2;1;1;1m                    [48;2;3;1;6m[38;2;3;1;6m    [48;2;3;1;4m[38;2;3;1;4m  [48;2;3;1;6m[38;2;3;1;6m    [48;2;2;0;3m[38;2;2;0;3m  [48;2;3;1;6m[38;2;3;1;6m      [48;2;3;1;4m[38;2;3;1;4m  [48;2;91;86;90m[38;2;11;7;10m▊[48;2;159;154;158m[38;2;239;234;238m▇[48;2;248;247;244m[38;2;227;182;193m▗[48;2;242;240;238m[38;2;205;88;123m▄[48;2;248;239;244m[38;2;198;86;104m▄[48;2;241;233;238m[38;2;192;80;98m▄[48;2;179;174;178m[38;2;27;23;26m▄[48;2;3;0;2m[38;2;17;12;16m┓[48;2;3;1;4m[38;2;3;1;4m  [48;2;3;1;6m[38;2;3;1;6m      [48;2;1;1;3m[38;2;1;1;3m  [48;2;1;1;1m[38;2;1;1;1m  [0m
[48;2;1;1;1m[38;2;1;1;1m                    [48;2;1;1;3m[38;2;1;1;3m  [48;2;3;1;6m[38;2;3;1;6m          [48;2;1;0;2m[38;2;7;5;8m▃▃[48;2;18;16;19m[38;2;0;0;0m [38;2;213;212;214m▄[48;2;16;14;19m[38;2;228;226;230m▄▄[48;2;12;10;13m[38;2;207;205;208m▄[48;2;17;15;18m[38;2;0;0;0m [48;2;110;104;106m[38;2;14;9;10m▊[48;2;205;199;201m[38;2;248;244;246m┃[48;2;164;59;79m[38;2;205;73;102m▊[48;2;68;18;21m[38;2;196;67;95m▄[48;2;153;45;66m[38;2;215;74;106m▊[48;2;31;17;8m[38;2;161;54;74m▄[48;2;1;1;3m[38;2;1;1;3m  [48;2;3;1;4m[38;2;3;1;4m  [48;2;3;1;6m[38;2;3;1;6m        [48;2;3;1;4m[38;2;3;1;4m  [0m
[48;2;1;1;1m[38;2;1;1;1m                    [48;2;2;2;4m[38;2;2;2;4m  [48;2;3;1;4m[38;2;3;1;4m  [48;2;3;1;6m[38;2;3;1;6m    [48;2;12;10;15m▅[48;2;3;1;6m[38;2;12;10;15m▃[48;2;20;18;21m[38;2;211;209;212m▄[48;2;27;26;28m[38;2;231;229;232m▄[48;2;159;157;160m[38;2;240;238;241m▇[48;2;171;169;172m[38;2;249;247;249m▇[48;2;184;184;186m[38;2;244;244;245m▇[48;2;250;250;251m[38;2;0;0;0m [48;2;250;250;252m[38;2;250;250;252m  [48;2;255;254;255m[38;2;242;240;243m━[48;2;176;174;177m[38;2;246;244;247m▇[48;2;211;206;210m[38;2;251;248;251m▆[48;2;213;208;212m[38;2;244;240;244m▊[48;2;216;74;100m[38;2;216;74;100m  [48;2;213;77;102m[38;2;209;73;99m▄[48;2;203;79;101m[38;2;0;0;0m [48;2;17;16;18m[38;2;228;227;229m▄[48;2;14;13;15m[38;2;196;194;196m▄[48;2;4;2;5m[38;2;4;2;5m  [48;2;1;1;3m[38;2;1;1;3m  [48;2;3;1;4m[38;2;3;1;4m  [48;2;3;1;6m[38;2;3;1;6m    [48;2;1;1;3m[38;2;1;1;3m  [0m
[48;2;1;1;1m[38;2;1;1;1m                [48;2;2;0;3m[38;2;2;0;3m  [48;2;3;1;4m[38;2;3;1;4m  [48;2;2;0;3m[38;2;2;0;3m  [48;2;1;1;1m[38;2;1;1;1m  [48;2;1;1;3m[38;2;1;1;3m  [48;2;4;2;5m[38;2;1;0;2m▆[48;2;5;3;6m[38;2;33;31;34m▂[48;2;30;28;31m[38;2;208;206;208m▄[48;2;223;222;224m[38;2;0;0;0m [48;2;250;250;252m[38;2;250;250;252m  [48;2;249;247;250m[38;2;199;197;200m▁[48;2;241;239;242m[38;2;172;170;173m▁[48;2;233;231;234m[38;2;34;32;35m▄▄[48;2;245;245;247m[38;2;216;216;218m▂[48;2;240;240;242m[38;2;249;249;250m▇[48;2;250;250;252m[38;2;250;250;252m    [48;2;229;164;181m[38;2;246;239;245m▊[48;2;215;104;121m[38;2;208;71;95m┃[48;2;212;111;141m[38;2;246;238;237m▄[48;2;246;241;238m[38;2;0;0;0m [48;2;249;249;251m[38;2;249;249;251m  [48;2;96;91;95m[38;2;232;228;231m▊[48;2;8;4;7m[38;2;45;40;44m▁[48;2;2;2;4m[38;2;2;2;4m  [48;2;1;1;1m[38;2;1;1;1m  [48;2;1;1;3m[38;2;1;1;3m  [48;2;4;0;3m[38;2;14;9;13m▃▃[48;2;2;2;2m[38;2;2;2;2m  [0m
[48;2;1;1;1m[38;2;1;1;1m            [48;2;1;1;3m[38;2;1;1;3m  [48;2;3;1;6m[38;2;3;1;6m      [48;2;1;1;3m[38;2;1;1;3m  [48;2;1;1;1m[38;2;1;1;1m    [48;2;30;10;10m[38;2;4;2;0m▊[48;2;203;194;193m[38;2;169;68;97m▄[48;2;236;229;226m[38;2;204;82;118m▄[48;2;245;233;232m[38;2;178;139;146m▁[48;2;232;230;233m[38;2;33;31;34m▄[48;2;211;209;212m[38;2;12;10;13m▄[48;2;37;35;38m[38;2;9;8;10m▆[48;2;15;13;16m[38;2;5;4;6m▇[48;2;3;1;6m[38;2;3;1;6m  [48;2;80;78;81m[38;2;8;7;9m▊[48;2;249;247;250m[38;2;203;201;204m▎[48;2;250;250;252m[38;2;250;250;252m    [48;2;249;249;251m[38;2;249;249;251m  [48;2;250;250;252m[38;2;250;250;252m    [48;2;246;245;247m[38;2;248;246;248m▄[48;2;220;219;221m[38;2;0;0;0m [48;2;29;27;30m[38;2;236;234;236m▄[48;2;21;20;22m[38;2;188;186;189m▄[48;2;14;9;13m[38;2;112;107;111m▁[48;2;16;12;15m[38;2;154;149;153m▗[48;2;26;24;27m[38;2;238;237;239m▄▄[48;2;203;142;159m[38;2;29;29;31m▘[48;2;207;68;90m[38;2;218;80;101m▄[48;2;75;29;29m[38;2;212;71;95m▌[48;2;12;4;12m[38;2;0;5;3m▌[0m
[48;2;1;1;1m[38;2;1;1;1m            [48;2;3;1;6m[38;2;3;1;6m      [48;2;3;1;4m[38;2;3;1;4m  [48;2;1;1;3m[38;2;1;1;3m  [48;2;1;1;1m[38;2;1;1;1m    [48;2;8;3;3m[38;2;0;0;0m [48;2;151;54;85m[38;2;18;12;11m▄[48;2;175;56;92m[38;2;13;8;6m▄[48;2;21;9;8m[38;2;0;0;0m [48;2;3;1;6m[38;2;3;1;6m  [48;2;3;1;4m[38;2;3;1;4m  [48;2;1;1;3m[38;2;1;1;3m  [48;2;79;77;80m[38;2;8;6;9m▊[48;2;248;247;249m[38;2;202;200;203m▎[48;2;250;250;252m[38;2;250;250;252m      [48;2;249;249;251m[38;2;249;249;251m  [48;2;222;220;223m[38;2;112;110;113m▁[48;2;217;216;218m[38;2;13;11;14m▄[48;2;224;222;224m[38;2;47;46;48m▄[48;2;243;241;244m[38;2;142;140;143m▁[48;2;249;247;249m[38;2;129;127;130m▁▁[48;2;248;246;249m[38;2;128;126;129m▁▁[48;2;244;242;245m[38;2;126;124;127m▁[48;2;233;231;233m[38;2;76;74;77m▗[48;2;223;221;223m[38;2;9;7;10m▄[48;2;32;30;33m[38;2;207;206;208m▘[48;2;1;1;1m[38;2;1;1;1m  [0m
[48;2;1;1;1m[38;2;1;1;1m            [48;2;1;1;3m[38;2;1;1;3m  [48;2;3;1;6m[38;2;3;1;6m  [48;2;2;0;3m[38;2;2;0;3m  [48;2;1;1;1m[38;2;1;1;1m  [48;2;3;1;6m[38;2;3;1;6m    [48;2;1;1;1m[38;2;1;1;1m  [48;2;3;1;6m[38;2;3;1;6m      [48;2;1;1;3m[38;2;1;1;3m    [48;2;79;77;80m[38;2;8;6;9m▊[48;2;248;247;249m[38;2;202;200;203m▎[48;2;250;250;252m[38;2;250;250;252m      [48;2;189;187;190m[38;2;246;244;247m▊[48;2;198;196;199m[38;2;28;26;29m▅[48;2;3;1;4m[38;2;3;1;4m  [48;2;3;1;6m[38;2;3;1;6m  [48;2;4;2;5m[38;2;4;2;5m  [48;2;3;1;4m[38;2;3;1;4m  [48;2;4;2;7m[38;2;4;2;7m  [48;2;3;1;6m[38;2;3;1;6m  [48;2;1;1;1m[38;2;1;1;1m  [0m
[48;2;1;1;1m[38;2;1;1;1m              [48;2;2;0;3m[38;2;2;0;3m  [48;2;1;1;3m[38;2;1;1;3m    [48;2;3;1;6m[38;2;3;1;6m  [48;2;3;1;4m[38;2;3;1;4m  [48;2;1;1;3m[38;2;1;1;3m    [48;2;3;1;6m[38;2;3;1;6m  [48;2;1;1;3m[38;2;1;1;3m  [48;2;1;1;1m[38;2;1;1;1m  [48;2;3;1;4m[38;2;3;1;4m  [48;2;62;57;61m[38;2;10;6;9m▊[48;2;233;229;232m[38;2;133;128;132m▁[48;2;249;249;251m[38;2;249;249;251m  [48;2;250;250;252m[38;2;250;250;252m  [48;2;248;248;250m[38;2;248;248;250m  [48;2;110;108;111m[38;2;216;214;217m▊[48;2;5;4;6m[38;2;33;31;34m▎[48;2;3;1;6m[38;2;3;1;6m    [48;2;1;1;3m[38;2;1;1;3m  [48;2;1;1;1m[38;2;1;1;1m  [48;2;3;1;6m[38;2;3;1;6m    [48;2;2;0;3m[38;2;2;0;3m  [0m
[48;2;1;1;1m[38;2;1;1;1m                [48;2;3;1;4m[38;2;3;1;4m  [48;2;3;1;6m[38;2;3;1;6m  [48;2;2;0;3m[38;2;2;0;3m  [48;2;3;1;6m[38;2;3;1;6m  [48;2;2;0;3m[38;2;2;0;3m  [48;2;1;1;1m[38;2;1;1;1m  [48;2;1;1;3m[38;2;1;1;3m  [48;2;2;0;3m[38;2;2;0;3m  [48;2;1;1;3m[38;2;1;1;3m  [48;2;11;9;12m[38;2;4;2;5m▚[48;2;7;5;8m[38;2;1;0;2m▌[48;2;26;21;25m[38;2;226;222;225m▅[48;2;40;35;39m[38;2;216;211;215m▅[48;2;227;221;225m[38;2;75;69;73m▅▅[48;2;231;226;230m[38;2;67;62;66m▅[48;2;229;225;228m[38;2;35;31;34m▅[48;2;232;231;234m[38;2;26;24;29m▅[48;2;204;202;206m▅[48;2;14;12;17m[38;2;136;134;139m▁[48;2;6;4;9m[38;2;0;0;0m [48;2;1;1;3m[38;2;1;1;3m  [48;2;3;1;6m[38;2;3;1;6m          [48;2;1;1;3m[38;2;1;1;3m  [0m
[48;2;1;1;1m[38;2;1;1;1m                    [48;2;0;0;0m[38;2;0;0;0m  [48;2;1;1;3m[38;2;1;1;3m  [48;2;1;1;1m[38;2;1;1;1m    [48;2;2;0;3m[38;2;2;0;3m  [48;2;1;1;3m[38;2;1;1;3m  [48;2;3;1;6m[38;2;3;1;6m  [48;2;1;0;2m[38;2;13;11;14m│[48;2;78;76;79m[38;2;7;6;8m▊[48;2;249;249;251m[38;2;231;231;233m▌[38;2;255;255;255m▌[38;2;249;249;251m  [48;2;236;234;236m[38;2;0;0;0m [48;2;28;26;29m[38;2;209;208;210m▅[48;2;15;11;14m[38;2;0;0;0m [48;2;108;103;107m[38;2;42;37;41m▊[48;2;221;217;221m[38;2;94;89;93m▁[48;2;24;20;23m[38;2;207;203;206m▅[48;2;1;0;2m[38;2;6;4;7m▃[38;2;8;6;9m━[48;2;3;1;6m[38;2;3;1;6m    [48;2;1;1;1m[38;2;1;1;1m  [48;2;1;1;3m[38;2;1;1;3m    [48;2;1;1;1m[38;2;1;1;1m  [0m
[48;2;1;1;1m[38;2;1;1;1m                        [48;2;1;1;3m[38;2;1;1;3m  [48;2;3;1;6m[38;2;3;1;6m  [48;2;2;0;3m[38;2;2;0;3m    [48;2;3;1;6m[38;2;3;1;6m  [48;2;1;0;2m[38;2;7;5;8m│[48;2;66;64;67m[38;2;8;6;9m▊[48;2;231;229;232m[38;2;98;96;99m▁[48;2;246;244;247m[38;2;0;0;0m [48;2;250;250;252m[38;2;250;250;252m  [48;2;249;249;250m[38;2;0;0;0m [48;2;248;248;249m[38;2;210;210;212m▝[48;2;62;56;58m[38;2;212;207;209m▅[48;2;199;194;196m[38;2;50;45;46m▅[48;2;66;61;64m[38;2;204;199;203m▅[48;2;220;215;219m[38;2;59;53;57m▅[48;2;232;228;232m[38;2;0;0;0m [48;2;80;75;79m[38;2;222;218;222m┓[48;2;2;0;3m[38;2;2;0;3m  [48;2;3;1;4m[38;2;3;1;4m  [48;2;1;1;1m[38;2;1;1;1m      [48;2;1;1;3m[38;2;1;1;3m  [0m
[48;2;1;1;1m[38;2;1;1;1m                    [48;2;2;0;3m[38;2;2;0;3m  [48;2;1;1;1m[38;2;1;1;1m  [48;2;3;1;6m[38;2;3;1;6m    [48;2;1;1;3m[38;2;1;1;3m  [48;2;2;0;3m[38;2;2;0;3m  [48;2;1;1;3m[38;2;1;1;3m  [48;2;3;1;4m[38;2;3;1;4m  [48;2;54;52;55m[38;2;9;7;10m▊[48;2;236;234;236m[38;2;115;113;116m▂[48;2;249;249;251m[38;2;249;249;251m  [48;2;250;250;252m[38;2;250;250;252m  [48;2;236;235;237m[38;2;0;0;0m [48;2;66;64;67m[38;2;237;235;238m▅[48;2;138;133;137m[38;2;242;238;241m▊[48;2;58;53;57m[38;2;185;180;184m▁[48;2;248;247;249m[38;2;0;0;0m [48;2;231;229;232m [48;2;76;71;77m[38;2;227;223;228m┓[48;2;3;0;4m[38;2;9;4;10m▄[48;2;1;1;3m[38;2;1;1;3m  [48;2;1;1;1m[38;2;1;1;1m        [0m
[48;2;1;1;1m[38;2;1;1;1m                  [48;2;1;1;3m[38;2;1;1;3m  [48;2;2;0;3m[38;2;2;0;3m  [48;2;1;1;3m[38;2;1;1;3m  [48;2;3;1;6m[38;2;3;1;6m    [48;2;2;0;3m[38;2;2;0;3m  [48;2;1;1;3m[38;2;1;1;3m  [48;2;1;1;1m[38;2;1;1;1m  [48;2;3;1;6m[38;2;3;1;6m  [48;2;2;1;3m[38;2;11;9;12m│[48;2;100;98;101m[38;2;9;8;10m▊[48;2;255;254;255m[38;2;237;235;238m▌[48;2;253;251;253m[38;2;245;243;246m┃[48;2;250;250;252m[38;2;250;250;252m        [48;2;231;229;232m[38;2;0;0;0m [48;2;77;75;78m[38;2;225;224;226m┓[48;2;2;0;3m[38;2;2;0;3m  [48;2;1;1;1m[38;2;1;1;1m        [0m
[48;2;1;1;1m[38;2;1;1;1m                  [48;2;2;0;3m[38;2;2;0;3m    [48;2;3;1;6m[38;2;3;1;6m      [48;2;1;1;3m[38;2;1;1;3m  [48;2;1;1;1m[38;2;1;1;1m  [48;2;1;1;3m[38;2;1;1;3m  [48;2;3;1;6m[38;2;3;1;6m  [48;2;2;1;3m[38;2;11;9;12m│[48;2;100;98;101m[38;2;9;8;10m▊[48;2;255;254;255m[38;2;237;235;238m▌[48;2;253;251;253m[38;2;245;243;246m┃[48;2;250;250;252m[38;2;250;250;252m  [48;2;241;239;242m[38;2;0;0;0m [48;2;233;231;234m[38;2;61;59;62m▁[48;2;250;250;252m[38;2;250;250;252m    [48;2;246;246;248m[38;2;246;246;248m▄[48;2;79;79;81m[38;2;243;243;245m▊[48;2;1;1;3m[38;2;1;1;3m  [48;2;1;1;1m[38;2;1;1;1m        [0m
[48;2;4;2;10m[38;2;23;2;126m▂▂▂▂▂▂▂▂▂▂▂▂▂▂▂▂▂▂[48;2;5;3;12m[38;2;24;2;129m▂▂[48;2;4;2;10m[38;2;23;2;126m▂▂[48;2;5;3;12m[38;2;24;2;129m▂▂▂▂▂▂[48;2;5;3;11m[38;2;24;3;127m▂▂[48;2;4;2;10m[38;2;23;2;126m▂▂[48;2;4;2;11m[38;2;23;1;128m▂▂[48;2;4;2;9m[38;2;34;12;137m▂▂[48;2;37;35;38m[38;2;235;233;236m▁[48;2;67;65;68m[38;2;232;230;233m▅[48;2;248;248;250m[38;2;248;248;250m  [48;2;250;250;252m[38;2;250;250;252m  [48;2;140;133;150m[38;2;241;236;238m▊[48;2;28;24;29m[38;2;48;24;144m▂[48;2;163;157;181m[38;2;23;17;48m┓[48;2;243;241;244m[38;2;0;0;0m [48;2;250;250;252m[38;2;250;250;252m  [48;2;239;237;240m[38;2;0;0;0m [48;2;67;60;97m[38;2;199;193;222m▊[48;2;4;2;10m[38;2;23;2;126m▂▂▂▂▂▂▂▂▂▂[0m
[48;2;38;3;183m[38;2;38;3;183m                                [48;2;39;4;184m[38;2;39;4;184m  [48;2;46;20;179m[38;2;208;204;223m▂[48;2;57;29;189m[38;2;229;224;240m▆[48;2;249;249;251m[38;2;249;249;251m  [48;2;250;250;252m[38;2;250;250;252m  [48;2;244;242;248m[38;2;0;0;0m [48;2;223;222;225m[38;2;78;57;187m▂[48;2;209;197;238m[38;2;52;21;190m▆[48;2;43;14;174m[38;2;0;0;0m [48;2;67;45;185m[38;2;207;203;220m▂[48;2;250;248;245m[38;2;235;231;240m▎[48;2;250;250;252m[38;2;250;250;252m  [48;2;94;71;185m[38;2;243;238;239m▊[48;2;36;6;187m[38;2;36;6;187m▄[48;2;38;3;183m[38;2;38;3;183m          [0m
[48;2;38;3;183m[38;2;38;3;183m                              [48;2;39;4;184m[38;2;39;4;184m  [48;2;46;22;178m[38;2;210;205;223m▂[48;2;65;38;196m[38;2;228;223;238m▆[48;2;249;249;251m[38;2;249;249;251m  [48;2;250;250;252m[38;2;250;250;252m  [48;2;240;238;247m[38;2;0;0;0m [48;2;234;233;236m[38;2;62;45;170m▂[48;2;206;195;231m[38;2;47;17;177m▆[48;2;43;10;186m[38;2;0;0;0m [48;2;33;1;160m[38;2;43;10;192m┃[48;2;142;122;207m[38;2;40;5;188m▊[48;2;249;249;251m[38;2;249;249;251m  [48;2;250;250;252m[38;2;250;250;252m  [48;2;95;72;186m[38;2;244;239;239m▊[48;2;37;6;188m[38;2;37;6;188m▄[48;2;38;3;183m[38;2;38;3;183m          [0m
[48;2;38;3;185m[38;2;38;3;185m                            [48;2;38;3;183m[38;2;38;3;183m  [48;2;47;23;179m[38;2;211;206;224m▂[48;2;66;39;197m[38;2;229;224;239m▆[48;2;249;249;251m[38;2;249;249;251m  [48;2;250;250;252m[38;2;250;250;252m  [48;2;240;239;241m[38;2;0;0;0m [48;2;229;226;241m[38;2;50;32;170m▂[48;2;208;197;233m[38;2;45;15;176m▆[48;2;41;9;186m[38;2;0;0;0m [48;2;38;3;185m[38;2;38;3;185m  [48;2;34;2;161m[38;2;44;10;193m┃[48;2;143;123;208m[38;2;41;6;189m▊[48;2;249;249;251m[38;2;249;249;251m  [48;2;251;250;253m[38;2;236;235;240m┓[48;2;239;238;241m[38;2;0;0;0m [48;2;192;182;222m[38;2;47;24;182m▂[48;2;39;8;186m[38;2;0;0;0m [48;2;38;3;185m[38;2;38;3;185m          [0m
[48;2;38;3;185m[38;2;38;3;185m                              [48;2;212;196;193m[38;2;181;75;101m▆[48;2;247;222;231m[38;2;198;82;122m▂[48;2;248;248;250m[38;2;248;248;250m  [48;2;229;224;239m[38;2;66;39;197m▂[48;2;211;206;224m[38;2;47;23;179m▆[48;2;195;181;231m[38;2;42;10;185m▆[48;2;41;9;178m[38;2;0;0;0m [48;2;38;3;185m[38;2;38;3;185m    [48;2;38;4;181m[38;2;25;0;168m▘[48;2;43;8;186m[38;2;56;21;199m▝[48;2;222;216;226m[38;2;59;34;181m▆[48;2;234;229;235m[38;2;73;45;194m▂[48;2;240;233;235m[38;2;197;82;123m▂[48;2;125;80;175m[38;2;230;196;199m▊[48;2;38;3;185m[38;2;38;3;185m            [0m
[48;2;38;3;185m[38;2;38;3;185m                              [48;2;80;32;141m[38;2;22;9;33m▂[48;2;205;67;99m[38;2;174;63;84m━[48;2;211;205;213m[38;2;36;15;118m▆▆[48;2;40;7;186m[38;2;12;2;42m▃▃[48;2;35;3;182m[38;2;19;8;48m▃▃[48;2;39;5;187m[38;2;12;1;43m▃▃▃▃▃▃[48;2;56;11;171m[38;2;13;12;17m▂[48;2;135;52;107m[38;2;36;18;17m▂[48;2;220;79;102m[38;2;198;72;76m▎[48;2;91;19;147m[38;2;221;69;107m▊[48;2;38;3;185m[38;2;38;3;185m            [0m
[48;2;38;3;185m[38;2;38;3;185m                            [48;2;39;4;182m[38;2;39;4;182m▄[48;2;34;7;140m[38;2;9;0;28m━[48;2;11;7;10m[38;2;0;0;0m [48;2;130;41;73m[38;2;12;5;7m▆[48;2;70;26;35m[38;2;193;66;103m━[48;2;13;6;4m[38;2;0;0;0m [48;2;1;1;1m[38;2;1;1;1m  [48;2;1;1;3m[38;2;1;1;3m    [48;2;1;1;1m[38;2;1;1;1m  [48;2;1;1;3m[38;2;1;1;3m  [48;2;3;1;2m[38;2;3;1;2m  [48;2;168;53;84m[38;2;26;19;14m▆[48;2;190;61;97m[38;2;57;17;23m▃[48;2;69;28;149m[38;2;104;42;64m▆[48;2;36;14;113m[38;2;35;12;120m▄[48;2;38;3;185m[38;2;38;3;185m          [0m
[48;2;38;3;185m[38;2;38;3;185m                              [48;2;20;8;46m[38;2;39;6;182m▆▆[48;2;19;7;45m[38;2;38;5;181m▆▆[48;2;19;7;46m[38;2;38;4;182m▆▆▆▆[48;2;19;8;43m[38;2;38;5;179m▆▆▆▆[48;2;19;7;45m[38;2;38;5;181m▆▆[48;2;19;8;43m[38;2;38;5;179m▆▆[48;2;19;7;45m[38;2;38;5;181m▆▆[48;2;37;21;80m[38;2;37;2;185m▆[48;2;37;1;184m[38;2;37;4;165m▘[48;2;38;3;185m[38;2;38;3;185m          [0m
[48;2;40;2;185m[38;2;40;2;185m                                                            [0m
[48;2;40;2;185m[38;2;40;2;185m                                                            [0m
