[48;2;1;1;1m[38;2;1;1;1m                                                            [0m
[48;2;1;1;1m[38;2;1;1;1m                                                            [0m
[48;2;1;1;1m[38;2;1;1;1m                                                            [0m
[48;2;1;1;1m[38;2;1;1;1m                                                      [48;2;1;1;3m[38;2;1;1;3m  [48;2;1;1;1m[38;2;1;1;1m    [0m
[48;2;1;1;1m[38;2;1;1;1m                          [48;2;3;1;6m[38;2;3;1;6m  [48;2;1;1;3m[38;2;1;1;3m  [48;2;1;1;1m[38;2;1;1;1m        [48;2;3;1;4m[38;2;3;1;4m  [48;2;3;1;6m[38;2;3;1;6m  [48;2;3;1;4m[38;2;3;1;4m  [48;2;1;1;3m[38;2;1;1;3m  [48;2;1;1;1m[38;2;1;1;1m      [48;2;3;1;4m[38;2;3;1;4m  [48;2;3;1;6m[38;2;3;1;6m  [48;2;2;0;3m[38;2;2;0;3m  [48;2;1;1;1m[38;2;1;1;1m  [0m
[48;2;1;1;1m[38;2;1;1;1m                        [48;2;1;1;3m[38;2;1;1;3m  [48;2;3;1;6m[38;2;3;1;6m    [48;2;2;0;3m[38;2;2;0;3m  [48;2;1;1;3m[38;2;1;1;3m  [48;2;2;0;3m[38;2;2;0;3m  [48;2;1;1;3m[38;2;1;1;3m    [48;2;4;2;7m[38;2;4;2;7m  [48;2;5;3;8m[38;2;5;3;8m  [48;2;3;1;4m[38;2;3;1;4m  [48;2;1;1;1m[38;2;1;1;1m    [48;2;3;1;6m[38;2;3;1;6m      [48;2;1;1;3m[38;2;1;1;3m  [48;2;1;1;1m[38;2;1;1;1m  [0m
[48;2;1;1;1m[38;2;1;1;1m                    [48;2;3;1;6m[38;2;3;1;6m    [48;2;3;1;4m[38;2;3;1;4m  [48;2;3;1;6m[38;2;3;1;6m    [48;2;2;0;3m[38;2;2;0;3m  [48;2;3;1;6m[38;2;3;1;6m      [48;2;10;8;11m[38;2;3;1;4m▚[48;2;6;4;7m[38;2;1;0;2m▌[48;2;38;36;39m[38;2;217;215;218m▄[48;2;152;150;153m[38;2;242;240;243m▇[48;2;174;172;175m[38;2;245;244;246m▇▇[48;2;140;135;139m[38;2;228;223;227m▇[48;2;18;14;17m[38;2;185;180;184m▄[48;2;2;0;3m[38;2;2;0;3m  [48;2;3;1;4m[38;2;3;1;4m  [48;2;3;1;6m[38;2;3;1;6m      [48;2;1;1;3m[38;2;1;1;3m  [48;2;1;1;1m[38;2;1;1;1m  [0m
[48;2;1;1;1m[38;2;1;1;1m                    [48;2;1;1;3m[38;2;1;1;3m  [48;2;3;1;6m[38;2;3;1;6m          [48;2;1;1;3m[38;2;1;1;3m      [48;2;1;0;0m[38;2;8;6;7m│[48;2;89;87;88m[38;2;12;10;11m▊[48;2;221;208;208m[38;2;249;242;240m┃[48;2;243;226;229m[38;2;187;87;116m▄[48;2;205;77;104m[38;2;45;28;19m▄[48;2;216;82;111m[38;2;162;42;67m▗[48;2;183;73;106m[38;2;17;15;10m▄[48;2;9;10;6m[38;2;65;36;41m▘[48;2;2;0;3m[38;2;2;0;3m  [48;2;3;1;4m[38;2;3;1;4m  [48;2;3;1;6m[38;2;3;1;6m        [48;2;3;1;4m[38;2;3;1;4m  [0m
[48;2;1;1;1m[38;2;1;1;1m                    [48;2;2;2;4m[38;2;2;2;4m  [48;2;3;1;4m[38;2;3;1;4m  [48;2;3;1;6m[38;2;3;1;6m      [48;2;1;1;3m[38;2;1;1;3m  [48;2;1;1;1m[38;2;1;1;1m  [48;2;0;0;0m[38;2;43;43;43m▁▁[48;2;24;22;25m[38;2;0;0;0m [48;2;15;14;16m[38;2;219;218;220m▄[48;2;22;20;23m[38;2;232;230;233m▄[48;2;39;37;40m[38;2;228;226;229m▄[48;2;214;167;175m[38;2;247;242;245m▊[48;2;217;65;90m[38;2;198;89;110m▎[48;2;212;72;98m[38;2;212;72;98m  [48;2;97;31;41m[38;2;194;70;90m▊[48;2;21;5;11m[38;2;8;15;16m┃[48;2;4;3;5m[38;2;45;43;46m▁▁[48;2;1;1;3m[38;2;1;1;3m    [48;2;3;1;4m[38;2;3;1;4m  [48;2;3;1;6m[38;2;3;1;6m    [48;2;1;1;3m[38;2;1;1;3m  [0m
[48;2;1;1;1m[38;2;1;1;1m                [48;2;2;0;3m[38;2;2;0;3m  [48;2;3;1;4m[38;2;3;1;4m  [48;2;2;0;3m[38;2;2;0;3m  [48;2;1;1;1m[38;2;1;1;1m  [48;2;1;1;3m[38;2;1;1;3m    [48;2;1;1;1m[38;2;1;1;1m  [48;2;1;0;0m[38;2;2;0;1m▗[48;2;5;3;4m[38;2;23;21;22m▃[48;2;22;18;21m[38;2;220;216;219m▄[48;2;38;34;37m[38;2;237;232;236m▄[48;2;188;186;189m[38;2;248;246;249m▇▇[48;2;241;241;243m[38;2;252;252;253m▄▄[48;2;250;250;252m[38;2;250;250;252m  [48;2;239;236;232m[38;2;0;0;0m [48;2;209;89;124m[38;2;245;220;225m▄[48;2;217;72;99m[38;2;211;55;86m▖[48;2;215;80;104m[38;2;199;107;117m▗[48;2;210;109;139m[38;2;244;236;235m▄[48;2;203;193;192m[38;2;248;243;241m▇[48;2;203;201;204m[38;2;245;244;246m▇[48;2;223;221;224m[38;2;0;0;0m [48;2;20;18;21m[38;2;194;192;194m▄[48;2;1;0;2m[38;2;12;10;13m▄[48;2;3;1;4m[38;2;19;17;20m▃[48;2;8;6;9m[38;2;3;2;4m▚[48;2;1;1;1m[38;2;1;1;1m  [48;2;6;5;7m[38;2;27;25;28m▁[48;2;1;0;2m[38;2;4;2;5m▂[38;2;64;62;65m▁▁[48;2;17;13;8m[38;2;143;49;73m▗[48;2;19;9;7m[38;2;205;68;106m▄[0m
[48;2;1;1;1m[38;2;1;1;1m            [48;2;1;1;3m[38;2;1;1;3m  [48;2;3;1;6m[38;2;3;1;6m      [48;2;1;1;3m[38;2;1;1;3m  [48;2;1;1;1m[38;2;1;1;1m        [48;2;32;13;8m[38;2;183;72;94m▄[48;2;200;63;93m[38;2;0;0;0m [48;2;203;85;109m[38;2;205;70;99m▄[48;2;241;217;211m[38;2;201;70;99m▄[48;2;235;230;234m[38;2;150;145;149m▁[48;2;233;230;233m[38;2;40;36;39m▄[48;2;245;243;246m[38;2;174;172;175m▁[48;2;246;245;247m[38;2;231;229;232m─[48;2;250;250;252m[38;2;250;250;252m  [48;2;253;252;254m[38;2;247;245;248m▃[48;2;245;243;246m[38;2;232;230;233m▝[48;2;209;112;140m[38;2;246;242;240m▄[48;2;246;244;241m[38;2;0;0;0m [48;2;250;250;252m[38;2;250;250;252m    [48;2;247;247;249m[38;2;247;247;249m  [48;2;218;216;218m[38;2;0;0;0m [48;2;27;25;28m[38;2;242;240;242m▄[48;2;27;25;30m[38;2;239;237;241m▄▄[48;2;87;85;88m[38;2;243;242;244m▄[48;2;207;205;208m[38;2;246;245;247m▇[48;2;218;216;219m[38;2;246;244;247m▇[48;2;246;244;247m[38;2;218;216;219m▁[48;2;122;62;74m[38;2;206;195;191m▊[48;2;195;61;98m[38;2;14;7;3m▄[0m
[48;2;1;1;1m[38;2;1;1;1m            [48;2;3;1;6m[38;2;3;1;6m      [48;2;3;1;4m[38;2;3;1;4m  [48;2;1;1;3m[38;2;1;1;3m  [48;2;1;1;1m[38;2;1;1;1m    [48;2;2;0;3m[38;2;2;0;3m  [48;2;3;1;4m[38;2;3;1;4m  [48;2;202;74;95m[38;2;29;9;14m▅▅[48;2;15;10;14m[38;2;5;1;4m▅▅[48;2;3;1;4m[38;2;3;1;4m  [48;2;80;78;81m[38;2;8;7;9m▊[48;2;249;247;250m[38;2;203;201;204m▎[48;2;250;250;252m[38;2;250;250;252m        [48;2;168;166;169m[38;2;244;242;244m▊[48;2;221;219;222m[38;2;46;44;47m▄[48;2;249;247;249m[38;2;120;118;121m▁▁▁▁[48;2;244;243;245m[38;2;127;125;128m▁[48;2;234;232;235m[38;2;79;77;80m▗[48;2;220;218;221m[38;2;10;8;11m▄▄[48;2;223;222;224m[38;2;9;8;10m▄[48;2;32;31;33m[38;2;208;206;209m▘[48;2;1;1;1m[38;2;1;1;1m  [0m
[48;2;1;1;1m[38;2;1;1;1m            [48;2;1;1;3m[38;2;1;1;3m  [48;2;3;1;6m[38;2;3;1;6m  [48;2;2;0;3m[38;2;2;0;3m  [48;2;1;1;1m[38;2;1;1;1m  [48;2;3;1;6m[38;2;3;1;6m    [48;2;1;1;1m[38;2;1;1;1m  [48;2;3;1;6m[38;2;3;1;6m      [48;2;1;1;3m[38;2;1;1;3m    [48;2;63;58;62m[38;2;9;5;8m▊[48;2;232;229;232m[38;2;125;120;124m▁[48;2;250;250;252m[38;2;250;250;252m      [48;2;248;248;250m[38;2;248;248;250m  [48;2;100;95;99m[38;2;217;213;216m▊[48;2;6;2;5m[38;2;23;18;22m▎[48;2;4;2;5m[38;2;4;2;5m    [48;2;3;1;4m[38;2;3;1;4m  [48;2;3;1;6m[38;2;3;1;6m    [48;2;1;1;1m[38;2;1;1;1m  [0m
[48;2;1;1;1m[38;2;1;1;1m              [48;2;2;0;3m[38;2;2;0;3m  [48;2;1;1;3m[38;2;1;1;3m    [48;2;3;1;6m[38;2;3;1;6m  [48;2;3;1;4m[38;2;3;1;4m  [48;2;1;1;3m[38;2;1;1;3m    [48;2;3;1;6m[38;2;3;1;6m  [48;2;1;1;3m[38;2;1;1;3m  [48;2;1;1;1m[38;2;1;1;1m  [48;2;3;1;4m[38;2;3;1;4m  [48;2;2;1;3m[38;2;11;9;12m│[48;2;100;98;101m[38;2;9;8;10m▊[48;2;255;254;255m[38;2;237;235;238m▌[48;2;253;251;253m[38;2;245;243;246m┃[48;2;250;250;252m[38;2;250;250;252m    [48;2;246;244;247m[38;2;246;244;247m▄[48;2;136;134;137m[38;2;249;247;250m▊[48;2;3;1;4m[38;2;3;1;4m  [48;2;3;1;6m[38;2;3;1;6m  [48;2;1;1;3m[38;2;1;1;3m  [48;2;1;1;1m[38;2;1;1;1m  [48;2;3;1;6m[38;2;3;1;6m    [48;2;2;0;3m[38;2;2;0;3m  [0m
[48;2;1;1;1m[38;2;1;1;1m                [48;2;3;1;4m[38;2;3;1;4m  [48;2;3;1;6m[38;2;3;1;6m  [48;2;2;0;3m[38;2;2;0;3m  [48;2;3;1;6m[38;2;3;1;6m  [48;2;2;0;3m[38;2;2;0;3m  [48;2;1;1;1m[38;2;1;1;1m  [48;2;1;1;3m[38;2;1;1;3m  [48;2;2;0;3m[38;2;2;0;3m  [48;2;1;1;3m[38;2;1;1;3m  [48;2;3;1;6m[38;2;3;1;6m  [48;2;3;2;2m[38;2;11;9;10m┏[48;2;36;34;35m[38;2;6;5;5m▊[48;2;224;219;223m[38;2;82;77;81m▅[48;2;238;234;237m[38;2;57;52;56m▁[48;2;243;240;241m[38;2;79;75;76m▁▁[48;2;242;239;240m[38;2;78;74;75m▁▁[48;2;222;218;221m[38;2;68;63;67m▁[48;2;205;200;204m[38;2;24;19;23m▅[48;2;1;1;3m[38;2;1;1;3m  [48;2;3;1;6m[38;2;3;1;6m          [48;2;1;1;3m[38;2;1;1;3m  [0m
[48;2;1;1;1m[38;2;1;1;1m                    [48;2;0;0;0m[38;2;0;0;0m  [48;2;1;1;3m[38;2;1;1;3m  [48;2;1;1;1m[38;2;1;1;1m    [48;2;2;0;3m[38;2;2;0;3m  [48;2;1;1;3m[38;2;1;1;3m  [48;2;3;1;6m[38;2;3;1;6m    [48;2;49;44;48m[38;2;11;7;10m▊[48;2;52;47;51m[38;2;222;218;221m▅[48;2;234;232;235m[38;2;0;0;0m [48;2;39;38;40m[38;2;233;231;234m▅[48;2;23;19;22m[38;2;205;201;204m▅[48;2;11;7;10m[38;2;36;32;35m▎[48;2;4;0;3m[38;2;3;0;2m━[48;2;11;7;10m[38;2;70;65;69m▗[48;2;32;28;31m[38;2;203;198;202m▅[48;2;19;15;18m[38;2;148;143;147m▁[48;2;1;1;3m[38;2;1;1;3m  [48;2;3;1;6m[38;2;3;1;6m    [48;2;1;1;1m[38;2;1;1;1m  [48;2;1;1;3m[38;2;1;1;3m    [48;2;1;1;1m[38;2;1;1;1m  [0m
[48;2;1;1;1m[38;2;1;1;1m                        [48;2;1;1;3m[38;2;1;1;3m  [48;2;3;1;6m[38;2;3;1;6m  [48;2;2;0;3m[38;2;2;0;3m    [48;2;3;1;6m[38;2;3;1;6m  [48;2;6;5;7m[38;2;0;0;0m [48;2;15;14;16m [48;2;50;49;51m[38;2;230;228;231m▅[48;2;244;243;245m[38;2;0;0;0m [48;2;250;250;252m[38;2;250;250;252m  [48;2;166;160;164m[38;2;244;239;243m▊[48;2;56;50;54m[38;2;172;166;170m▁[48;2;143;134;137m[38;2;207;198;201m▊[48;2;47;39;41m[38;2;141;132;135m▂[48;2;233;231;234m[38;2;108;106;109m▁[48;2;233;232;234m[38;2;0;0;0m [48;2;77;75;78m[38;2;224;223;225m┓[48;2;1;0;2m[38;2;14;12;15m┛[48;2;2;0;3m[38;2;2;0;3m  [48;2;3;1;4m[38;2;3;1;4m  [48;2;1;1;1m[38;2;1;1;1m      [48;2;1;1;3m[38;2;1;1;3m  [0m
[48;2;1;1;1m[38;2;1;1;1m                    [48;2;2;0;3m[38;2;2;0;3m  [48;2;1;1;1m[38;2;1;1;1m  [48;2;3;1;6m[38;2;3;1;6m    [48;2;1;1;3m[38;2;1;1;3m  [48;2;2;0;3m[38;2;2;0;3m  [48;2;1;1;3m[38;2;1;1;3m  [48;2;1;0;2m[38;2;13;11;14m│[48;2;78;76;79m[38;2;7;6;8m▊[48;2;243;243;245m[38;2;239;239;241m▌[48;2;254;254;255m[38;2;250;250;252m▌[48;2;250;250;252m  [48;2;246;246;248m[38;2;255;255;255m┃[48;2;173;173;175m[38;2;240;240;242m▊[48;2;118;112;116m[38;2;54;48;52m▊[48;2;213;208;212m[38;2;120;114;118m▂[48;2;131;126;130m[38;2;53;48;52m▊[48;2;232;228;232m[38;2;101;96;100m▁[48;2;234;232;235m[38;2;0;0;0m [48;2;31;30;32m[38;2;196;194;197m▅[48;2;2;0;5m[38;2;2;0;5m  [48;2;1;1;3m[38;2;1;1;3m  [48;2;1;1;1m[38;2;1;1;1m        [0m
[48;2;1;1;1m[38;2;1;1;1m                  [48;2;1;1;3m[38;2;1;1;3m  [48;2;2;0;3m[38;2;2;0;3m  [48;2;1;1;3m[38;2;1;1;3m  [48;2;3;1;6m[38;2;3;1;6m    [48;2;2;0;3m[38;2;2;0;3m  [48;2;1;1;3m[38;2;1;1;3m  [48;2;1;1;1m[38;2;1;1;1m  [48;2;3;0;2m[38;2;20;15;19m▄[48;2;40;36;39m[38;2;219;215;219m▁[48;2;243;243;245m[38;2;239;239;241m▌[48;2;254;254;255m[38;2;250;250;252m▌[48;2;250;250;252m    [48;2;239;237;240m[38;2;0;0;0m [48;2;71;69;72m[38;2;236;234;237m▅[48;2;235;233;235m[38;2;0;0;0m [48;2;76;75;77m[38;2;242;241;243m▅[48;2;244;244;246m[38;2;0;0;0m [48;2;235;235;237m [48;2;77;75;78m[38;2;225;223;226m┓[48;2;6;5;7m[38;2;0;0;0m [48;2;2;0;3m[38;2;2;0;3m  [48;2;1;1;1m[38;2;1;1;1m        [0m
[48;2;1;1;1m[38;2;1;1;1m                  [48;2;2;0;3m[38;2;2;0;3m    [48;2;3;1;6m[38;2;3;1;6m      [48;2;1;1;3m[38;2;1;1;3m  [48;2;1;1;1m[38;2;1;1;1m  [48;2;2;2;4m[38;2;2;2;4m  [48;2;20;18;23m[38;2;168;166;171m▂[48;2;255;254;255m[38;2;238;236;241m▎[48;2;250;250;252m[38;2;250;250;252m    [48;2;244;242;244m[38;2;0;0;0m [48;2;213;211;214m[38;2;36;34;37m▁[48;2;214;212;215m[38;2;52;50;53m▅[48;2;249;247;250m[38;2;232;230;233m▎[48;2;250;250;252m[38;2;250;250;252m    [48;2;87;85;88m[38;2;239;237;240m▊[48;2;1;0;2m[38;2;10;8;11m│[48;2;1;1;3m[38;2;1;1;3m  [48;2;1;1;1m[38;2;1;1;1m        [0m
[48;2;4;2;10m[38;2;23;2;126m▂▂▂▂▂▂▂▂▂▂▂▂▂▂▂▂▂▂[48;2;5;3;12m[38;2;24;2;129m▂▂[48;2;4;2;10m[38;2;23;2;126m▂▂[48;2;5;3;12m[38;2;24;2;129m▂▂▂▂▂▂[48;2;5;3;11m[38;2;24;3;127m▂▂▂▂[48;2;18;16;19m[38;2;171;169;172m▂[48;2;61;60;62m[38;2;228;226;229m▅[48;2;248;248;250m[38;2;248;248;250m  [48;2;250;250;252m[38;2;250;250;252m  [48;2;241;241;243m[38;2;251;251;252m▅[48;2;251;251;252m[38;2;241;241;243m▃[48;2;205;199;215m[38;2;58;26;197m▁[48;2;20;15;31m[38;2;36;5;175m▁[48;2;22;17;25m[38;2;28;7;127m▂[48;2;207;202;209m[38;2;47;34;87m▅[48;2;249;249;251m[38;2;249;249;251m  [48;2;250;250;252m[38;2;250;250;252m  [48;2;233;231;233m[38;2;0;0;0m [48;2;47;46;48m[38;2;208;206;209m▅[48;2;21;19;28m[38;2;195;185;232m▁[48;2;6;3;21m[38;2;56;29;181m▁[48;2;4;2;10m[38;2;23;2;126m▂▂▂▂▂▂▂▂[0m
[48;2;38;3;183m[38;2;38;3;183m                              [48;2;43;19;182m[38;2;187;182;207m▂[48;2;43;19;180m[38;2;224;218;239m▆[48;2;248;248;250m[38;2;248;248;250m  [48;2;250;250;252m[38;2;250;250;252m  [48;2;241;240;246m[38;2;0;0;0m [48;2;241;240;240m[38;2;85;64;198m▂[48;2;234;231;241m[38;2;54;30;181m▂[48;2;226;222;231m[38;2;52;28;180m▆[48;2;39;4;184m[38;2;39;4;184m  [48;2;31;0;174m[38;2;41;6;184m▚[48;2;40;7;183m[38;2;70;35;213m▝[48;2;226;223;236m[38;2;77;56;191m▆[48;2;247;244;242m[38;2;0;0;0m [48;2;250;250;252m[38;2;250;250;252m    [48;2;67;44;161m[38;2;241;237;237m▊[48;2;28;0;193m[38;2;43;9;194m▊[48;2;38;3;183m[38;2;38;3;183m        [0m
[48;2;38;3;183m[38;2;38;3;183m                            [48;2;43;19;180m[38;2;197;191;215m▂[48;2;52;26;188m[38;2;223;218;237m▆[48;2;241;241;243m[38;2;251;251;252m▅[48;2;251;251;252m[38;2;241;241;243m▃[48;2;249;249;251m[38;2;249;249;251m  [48;2;244;242;250m[38;2;62;42;169m▂[48;2;240;238;247m[38;2;56;36;163m▂[48;2;219;210;241m[38;2;53;26;182m▆[48;2;38;9;180m[38;2;53;20;197m╴[48;2;38;3;183m[38;2;38;3;183m      [48;2;42;13;176m[38;2;0;0;0m [48;2;230;223;242m[38;2;75;48;195m▆[48;2;242;240;244m[38;2;102;87;178m▂[48;2;245;244;247m[38;2;0;0;0m [48;2;250;250;252m[38;2;250;250;252m  [48;2;236;232;245m[38;2;0;0;0m [48;2;52;32;167m[38;2;174;164;218m▆[48;2;38;3;183m[38;2;38;3;183m        [0m
[48;2;38;3;185m[38;2;38;3;185m                          [48;2;34;4;176m[38;2;44;9;205m▖[48;2;48;18;182m[38;2;198;187;227m▂[48;2;244;243;247m[38;2;185;184;190m▎[48;2;251;250;254m[38;2;238;237;243m╷[48;2;249;249;251m[38;2;249;249;251m  [48;2;232;228;240m[38;2;65;38;193m▂[48;2;216;212;227m[38;2;48;23;178m▆[48;2;40;5;185m[38;2;40;5;185m  [48;2;38;3;185m[38;2;38;3;185m          [48;2;125;113;180m[38;2;41;14;189m▊[48;2;238;235;241m[38;2;92;78;170m▂[48;2;250;250;252m[38;2;250;250;252m  [48;2;246;245;249m[38;2;235;234;240m╺[48;2;236;235;239m[38;2;0;0;0m [48;2;57;28;185m[38;2;204;194;226m▆[48;2;43;14;180m[38;2;179;166;216m▂[48;2;38;3;185m[38;2;38;3;185m      [0m
[48;2;38;3;185m[38;2;38;3;185m                          [48;2;46;6;171m[38;2;164;63;114m▂[48;2;195;193;212m[38;2;190;74;105m▆[48;2;247;228;233m[38;2;206;80;120m▂[48;2;238;239;238m[38;2;0;0;0m [48;2;233;229;239m[38;2;72;46;199m▂[48;2;217;213;226m[38;2;53;28;181m▆[48;2;40;5;185m[38;2;40;5;185m  [48;2;38;3;185m[38;2;38;3;185m            [48;2;40;8;186m[38;2;34;3;162m▃[48;2;135;112;219m[38;2;42;10;186m▊[48;2;235;234;237m[38;2;94;77;184m▂[48;2;248;246;253m[38;2;247;248;233m▗[48;2;250;250;252m[38;2;250;250;252m  [48;2;250;247;255m[38;2;252;252;245m┃[48;2;52;29;172m[38;2;229;226;235m▊[48;2;38;3;185m[38;2;38;3;185m      [0m
[48;2;38;3;185m[38;2;38;3;185m                          [48;2;178;60;113m[38;2;39;10;167m▂[48;2;224;78;95m[38;2;163;64;114m▖[48;2;213;73;100m[38;2;0;0;0m [48;2;240;190;188m[38;2;212;75;101m▆[48;2;58;22;171m[38;2;166;70;98m▂[48;2;40;2;188m[38;2;28;9;56m▃[48;2;39;5;187m[38;2;12;1;43m▃▃▃▃[48;2;35;3;182m[38;2;19;8;48m▃▃[48;2;39;5;187m[38;2;12;1;43m▃▃▃▃▃▃[48;2;36;3;185m[38;2;20;8;51m▃▃[48;2;39;5;187m[38;2;12;1;43m▃▃[48;2;45;22;170m[38;2;5;4;18m▂[48;2;130;116;197m[38;2;18;15;36m▂[48;2;237;231;232m[38;2;66;32;41m▂[48;2;245;236;239m[38;2;188;70;107m▂[48;2;214;191;218m[38;2;192;71;84m▂[48;2;165;155;213m[38;2;74;32;156m▆[48;2;38;3;185m[38;2;38;3;185m      [0m
[48;2;38;3;185m[38;2;38;3;185m                          [48;2;28;9;99m[38;2;29;11;122m▄[48;2;140;52;78m[38;2;18;9;24m▆[48;2;162;48;76m[38;2;22;7;5m▆[48;2;177;64;92m[38;2;18;5;2m▂[48;2;189;65;93m[38;2;32;11;8m▂[48;2;146;45;66m[38;2;20;14;6m▂[48;2;4;2;5m[38;2;4;2;5m  [48;2;1;1;1m[38;2;1;1;1m  [48;2;1;1;3m[38;2;1;1;3m    [48;2;1;1;1m[38;2;1;1;1m  [48;2;1;1;3m[38;2;1;1;3m  [48;2;1;1;1m[38;2;1;1;1m    [48;2;4;0;0m[38;2;13;7;9m┣[48;2;13;8;9m[38;2;53;47;49m╺[48;2;162;54;77m[38;2;16;20;6m▂[48;2;211;68;102m[38;2;49;17;17m▃[48;2;182;60;80m[38;2;42;17;25m▃[48;2;118;51;79m[38;2;10;6;35m▆[48;2;35;10;123m[38;2;35;10;123m▄[48;2;35;0;179m[38;2;35;0;186m┣[48;2;38;3;185m[38;2;38;3;185m    [0m
[48;2;38;3;185m[38;2;38;3;185m                          [48;2;37;1;184m[38;2;37;4;165m▝[48;2;37;21;80m[38;2;37;2;185m▆[48;2;19;7;45m[38;2;38;5;181m▆▆[48;2;15;4;39m[38;2;40;6;180m▆▆[48;2;19;7;45m[38;2;38;5;181m▆▆▆▆▆▆[48;2;19;8;43m[38;2;38;5;179m▆▆▆▆[48;2;19;7;45m[38;2;38;5;181m▆▆[48;2;19;8;43m[38;2;38;5;179m▆▆[48;2;19;7;45m[38;2;38;5;181m▆▆[48;2;19;7;46m[38;2;38;4;182m▆▆[48;2;19;8;43m[38;2;38;5;179m▆▆[48;2;27;11;72m[38;2;37;3;180m▆▆[48;2;38;3;185m[38;2;38;3;185m      [0m
[48;2;40;2;185m[38;2;40;2;185m                                                            [0m
[48;2;40;2;185m[38;2;40;2;185m                                                            [0m
