[48;2;1;1;1m[38;2;1;1;1m                                                            [0m
[48;2;1;1;1m[38;2;1;1;1m                                                            [0m
[48;2;1;1;1m[38;2;1;1;1m                                                            [0m
[48;2;1;1;1m[38;2;1;1;1m                                                      [48;2;1;1;3m[38;2;1;1;3m  [48;2;1;1;1m[38;2;1;1;1m    [0m
[48;2;1;1;1m[38;2;1;1;1m                          [48;2;3;1;6m[38;2;3;1;6m  [48;2;1;1;3m[38;2;1;1;3m  [48;2;1;1;1m[38;2;1;1;1m        [48;2;3;1;4m[38;2;3;1;4m  [48;2;3;1;6m[38;2;3;1;6m  [48;2;3;1;4m[38;2;3;1;4m  [48;2;1;1;3m[38;2;1;1;3m  [48;2;1;1;1m[38;2;1;1;1m      [48;2;3;1;4m[38;2;3;1;4m  [48;2;3;1;6m[38;2;3;1;6m  [48;2;2;0;3m[38;2;2;0;3m  [48;2;1;1;1m[38;2;1;1;1m  [0m
[48;2;1;1;1m[38;2;1;1;1m                        [48;2;1;1;3m[38;2;1;1;3m  [48;2;3;1;6m[38;2;3;1;6m    [48;2;2;0;3m[38;2;2;0;3m  [48;2;1;1;3m[38;2;1;1;3m  [48;2;2;0;3m[38;2;2;0;3m  [48;2;1;1;3m[38;2;1;1;3m    [48;2;4;2;7m[38;2;4;2;7m  [48;2;5;3;8m[38;2;5;3;8m  [48;2;3;1;4m[38;2;3;1;4m  [48;2;1;1;1m[38;2;1;1;1m    [48;2;3;1;6m[38;2;3;1;6m      [48;2;1;1;3m[38;2;1;1;3m  [48;2;1;1;1m[38;2;1;1;1m  [0m
[48;2;1;1;1m[38;2;1;1;1m                    [48;2;3;1;6m[38;2;3;1;6m    [48;2;3;1;4m[38;2;3;1;4m  [48;2;3;1;6m[38;2;3;1;6m    [48;2;2;0;3m[38;2;2;0;3m  [48;2;3;1;6m[38;2;3;1;6m      [48;2;10;8;11m[38;2;3;1;4m▚[48;2;6;4;7m[38;2;1;0;2m▌[48;2;38;36;39m[38;2;217;215;218m▄[48;2;152;150;153m[38;2;242;240;243m▇[48;2;174;172;175m[38;2;245;244;246m▇▇[48;2;140;135;139m[38;2;228;223;227m▇[48;2;18;14;17m[38;2;185;180;184m▄[48;2;2;0;3m[38;2;2;0;3m  [48;2;3;1;4m[38;2;3;1;4m  [48;2;3;1;6m[38;2;3;1;6m      [48;2;1;1;3m[38;2;1;1;3m  [48;2;1;1;1m[38;2;1;1;1m  [0m
[48;2;1;1;1m[38;2;1;1;1m                    [48;2;1;1;3m[38;2;1;1;3m  [48;2;3;1;6m[38;2;3;1;6m          [48;2;1;1;3m[38;2;1;1;3m      [48;2;1;0;0m[38;2;8;6;7m│[48;2;89;87;88m[38;2;12;10;11m▊[48;2;221;208;208m[38;2;249;242;240m┃[48;2;243;226;229m[38;2;187;87;116m▄[48;2;205;77;104m[38;2;45;28;19m▄[48;2;216;82;111m[38;2;162;42;67m▗[48;2;183;73;106m[38;2;17;15;10m▄[48;2;9;10;6m[38;2;65;36;41m▘[48;2;2;0;3m[38;2;2;0;3m  [48;2;3;1;4m[38;2;3;1;4m  [48;2;3;1;6m[38;2;3;1;6m        [48;2;3;1;4m[38;2;3;1;4m  [0m
[48;2;1;1;1m[38;2;1;1;1m                    [48;2;2;2;4m[38;2;2;2;4m  [48;2;3;1;4m[38;2;3;1;4m  [48;2;3;1;6m[38;2;3;1;6m      [48;2;1;1;3m[38;2;1;1;3m  [48;2;1;1;1m[38;2;1;1;1m  [48;2;0;0;0m[38;2;43;43;43m▁▁[48;2;6;5;7m[38;2;25;23;26m▂[48;2;6;4;7m[38;2;57;55;58m▗[48;2;16;14;17m[38;2;220;218;221m▄[48;2;43;41;44m[38;2;233;232;234m▄[48;2;214;167;175m[38;2;247;242;245m▊[48;2;217;65;90m[38;2;198;89;110m▎[48;2;212;72;98m[38;2;212;72;98m  [48;2;97;31;41m[38;2;194;70;90m▊[48;2;21;5;11m[38;2;8;15;16m┃[48;2;4;3;5m[38;2;45;43;46m▁▁[48;2;1;1;3m[38;2;1;1;3m    [48;2;3;1;4m[38;2;3;1;4m  [48;2;3;1;6m[38;2;3;1;6m    [48;2;4;2;3m[38;2;4;2;3m  [0m
[48;2;1;1;1m[38;2;1;1;1m                [48;2;2;0;3m[38;2;2;0;3m  [48;2;3;1;4m[38;2;3;1;4m  [48;2;2;0;3m[38;2;2;0;3m  [48;2;1;1;1m[38;2;1;1;1m  [48;2;1;1;3m[38;2;1;1;3m    [48;2;1;1;1m[38;2;1;1;1m  [48;2;1;0;0m[38;2;3;1;2m▗[48;2;5;4;4m[38;2;24;22;23m▃[48;2;22;18;21m[38;2;220;216;219m▄[48;2;38;34;37m[38;2;237;232;236m▄[48;2;188;186;189m[38;2;248;246;249m▇▇[48;2;208;206;209m[38;2;249;247;249m▇▇[48;2;250;250;252m[38;2;250;250;252m  [48;2;239;236;232m[38;2;0;0;0m [48;2;209;89;124m[38;2;245;220;225m▄[48;2;210;75;99m[38;2;200;61;86m▖[48;2;226;73;103m[38;2;206;99;114m▃[48;2;210;109;139m[38;2;244;236;235m▄[48;2;203;193;192m[38;2;248;243;241m▇[48;2;203;201;204m[38;2;245;244;246m▇[48;2;223;221;224m[38;2;0;0;0m [48;2;20;18;21m[38;2;194;192;194m▄[48;2;1;0;2m[38;2;12;10;13m▄[38;2;64;62;65m▁▁[48;2;11;9;10m[38;2;66;64;65m▁[48;2;42;41;41m[38;2;0;0;0m [48;2;23;21;24m[38;2;236;234;237m▄▄▄▄[48;2;88;38;51m[38;2;222;175;188m▄[48;2;214;70;93m[38;2;178;53;70m▂[0m
[48;2;1;1;1m[38;2;1;1;1m            [48;2;1;1;3m[38;2;1;1;3m  [48;2;3;1;6m[38;2;3;1;6m      [48;2;1;1;3m[38;2;1;1;3m  [48;2;1;1;1m[38;2;1;1;1m        [48;2;33;22;20m[38;2;5;2;5m▊[48;2;214;69;94m[38;2;118;42;54m▎[48;2;213;72;104m[38;2;232;88;121m⎽[48;2;230;223;211m[38;2;198;72;98m▄[48;2;246;245;247m[38;2;155;153;156m▁▁[48;2;250;250;252m[38;2;250;250;252m    [48;2;253;252;254m[38;2;247;245;248m▃[48;2;245;243;246m[38;2;232;230;233m▝[48;2;209;112;140m[38;2;246;242;240m▄[48;2;246;244;241m[38;2;0;0;0m [48;2;250;250;252m[38;2;250;250;252m    [48;2;247;247;249m[38;2;247;247;249m  [48;2;232;230;233m[38;2;251;249;251m▆▆[48;2;231;231;233m[38;2;250;250;251m▆[48;2;250;250;251m[38;2;231;231;233m▂[48;2;248;247;249m[38;2;150;148;151m▁▁[48;2;232;231;233m[38;2;85;83;86m▗[48;2;223;221;224m[38;2;15;13;16m▄[48;2;36;35;35m[38;2;211;209;210m▘[48;2;6;4;5m[38;2;1;0;0m▊[0m
[48;2;1;1;1m[38;2;1;1;1m            [48;2;3;1;6m[38;2;3;1;6m      [48;2;3;1;4m[38;2;3;1;4m  [48;2;1;1;3m[38;2;1;1;3m  [48;2;1;1;1m[38;2;1;1;1m    [48;2;2;0;3m[38;2;2;0;3m  [48;2;3;1;4m[38;2;3;1;4m  [48;2;9;2;3m[38;2;0;0;0m [48;2;157;56;88m[38;2;17;9;9m▄[48;2;163;60;90m[38;2;15;5;5m▄[48;2;16;8;7m[38;2;0;0;0m [48;2;3;2;4m[38;2;14;12;15m╵[48;2;68;66;69m[38;2;10;8;11m▊[48;2;237;236;238m[38;2;146;144;147m▁[48;2;248;246;249m[38;2;0;0;0m [48;2;250;250;252m[38;2;250;250;252m        [48;2;245;245;246m[38;2;0;0;0m [48;2;244;244;245m[38;2;143;143;145m▁[48;2;249;247;249m[38;2;120;118;121m▁▁[48;2;219;218;220m[38;2;98;96;99m▁[48;2;218;216;219m[38;2;9;7;10m▄[48;2;220;218;220m[38;2;7;6;8m▄[48;2;42;40;43m[38;2;217;216;218m▘[48;2;4;2;5m[38;2;4;2;5m  [48;2;3;1;4m[38;2;3;1;4m  [48;2;1;1;1m[38;2;1;1;1m  [0m
[48;2;1;1;1m[38;2;1;1;1m            [48;2;1;1;3m[38;2;1;1;3m  [48;2;3;1;6m[38;2;3;1;6m  [48;2;2;0;3m[38;2;2;0;3m  [48;2;1;1;1m[38;2;1;1;1m  [48;2;3;1;6m[38;2;3;1;6m    [48;2;1;1;1m[38;2;1;1;1m  [48;2;3;1;6m[38;2;3;1;6m      [48;2;1;1;3m[38;2;1;1;3m    [48;2;79;77;80m[38;2;8;6;9m▊[48;2;248;247;249m[38;2;202;200;203m▎[48;2;250;250;252m[38;2;250;250;252m        [48;2;112;110;113m[38;2;240;239;241m▊[48;2;1;0;2m[38;2;26;24;27m▎[48;2;4;2;5m[38;2;4;2;5m  [48;2;3;1;4m[38;2;3;1;4m  [48;2;1;1;3m[38;2;1;1;3m  [48;2;3;1;6m[38;2;3;1;6m    [48;2;1;1;1m[38;2;1;1;1m  [0m
[48;2;1;1;1m[38;2;1;1;1m              [48;2;2;0;3m[38;2;2;0;3m  [48;2;1;1;3m[38;2;1;1;3m    [48;2;3;1;6m[38;2;3;1;6m  [48;2;3;1;4m[38;2;3;1;4m  [48;2;1;1;3m[38;2;1;1;3m    [48;2;3;1;6m[38;2;3;1;6m  [48;2;1;1;3m[38;2;1;1;3m  [48;2;1;1;1m[38;2;1;1;1m  [48;2;3;1;4m[38;2;3;1;4m  [48;2;17;12;16m[38;2;0;0;0m [48;2;226;222;225m[38;2;43;38;42m▅[48;2;248;248;250m[38;2;248;248;250m  [48;2;250;250;252m[38;2;250;250;252m    [38;2;235;235;237m╷[48;2;176;176;178m[38;2;245;245;246m▊[48;2;201;196;200m[38;2;20;16;19m▅[48;2;3;0;2m[38;2;47;42;46m [48;2;3;1;6m[38;2;3;1;6m  [48;2;1;1;3m[38;2;1;1;3m  [48;2;1;1;1m[38;2;1;1;1m  [48;2;3;1;6m[38;2;3;1;6m    [48;2;2;0;3m[38;2;2;0;3m  [0m
[48;2;1;1;1m[38;2;1;1;1m                [48;2;3;1;4m[38;2;3;1;4m  [48;2;3;1;6m[38;2;3;1;6m  [48;2;2;0;3m[38;2;2;0;3m  [48;2;3;1;6m[38;2;3;1;6m  [48;2;2;0;3m[38;2;2;0;3m  [48;2;1;1;1m[38;2;1;1;1m  [48;2;1;1;3m[38;2;1;1;3m  [48;2;2;0;3m[38;2;2;0;3m  [48;2;1;1;3m[38;2;1;1;3m  [48;2;3;1;6m[38;2;3;1;6m  [48;2;3;2;2m[38;2;11;9;10m┏[48;2;36;34;35m[38;2;6;5;5m▊[48;2;224;219;223m[38;2;82;77;81m▅[48;2;238;234;237m[38;2;57;52;56m▁[48;2;243;240;241m[38;2;79;75;76m▁▁[48;2;242;239;240m[38;2;78;74;75m▁▁[48;2;222;218;221m[38;2;68;63;67m▁[48;2;205;200;204m[38;2;24;19;23m▅[48;2;1;1;3m[38;2;1;1;3m  [48;2;3;1;6m[38;2;3;1;6m          [48;2;1;1;3m[38;2;1;1;3m  [0m
[48;2;1;1;1m[38;2;1;1;1m                    [48;2;0;0;0m[38;2;0;0;0m  [48;2;1;1;3m[38;2;1;1;3m  [48;2;1;1;1m[38;2;1;1;1m    [48;2;2;0;3m[38;2;2;0;3m  [48;2;1;1;3m[38;2;1;1;3m  [48;2;3;1;6m[38;2;3;1;6m    [48;2;49;44;48m[38;2;11;7;10m▊[48;2;52;47;51m[38;2;222;218;221m▅[48;2;234;232;235m[38;2;0;0;0m [48;2;39;38;40m[38;2;233;231;234m▅[48;2;23;19;22m[38;2;205;201;204m▅[48;2;11;7;10m[38;2;36;32;35m▎[48;2;4;0;3m[38;2;3;0;2m━[48;2;11;7;10m[38;2;70;65;69m▗[48;2;32;28;31m[38;2;203;198;202m▅[48;2;19;15;18m[38;2;148;143;147m▁[48;2;1;1;3m[38;2;1;1;3m  [48;2;3;1;6m[38;2;3;1;6m    [48;2;1;1;1m[38;2;1;1;1m  [48;2;1;1;3m[38;2;1;1;3m    [48;2;1;1;1m[38;2;1;1;1m  [0m
[48;2;1;1;1m[38;2;1;1;1m                        [48;2;1;1;3m[38;2;1;1;3m  [48;2;3;1;6m[38;2;3;1;6m  [48;2;2;0;3m[38;2;2;0;3m    [48;2;3;1;6m[38;2;3;1;6m  [48;2;6;5;7m[38;2;0;0;0m [48;2;15;14;16m [48;2;50;49;51m[38;2;230;228;231m▅[48;2;244;243;245m[38;2;0;0;0m [48;2;250;250;252m[38;2;250;250;252m  [48;2;147;141;145m[38;2;248;243;247m▊[48;2;92;86;90m[38;2;29;24;27m▊[48;2;145;139;141m[38;2;238;232;234m▊[48;2;104;98;100m[38;2;25;19;21m▊[48;2;249;248;250m[38;2;231;229;232m▎[48;2;235;233;236m[38;2;0;0;0m [48;2;77;75;78m[38;2;224;223;225m┓[48;2;1;0;2m[38;2;14;12;15m┛[48;2;2;0;3m[38;2;2;0;3m  [48;2;3;1;4m[38;2;3;1;4m  [48;2;1;1;1m[38;2;1;1;1m      [48;2;1;1;3m[38;2;1;1;3m  [0m
[48;2;1;1;1m[38;2;1;1;1m                    [48;2;2;0;3m[38;2;2;0;3m  [48;2;1;1;1m[38;2;1;1;1m  [48;2;3;1;6m[38;2;3;1;6m    [48;2;1;1;3m[38;2;1;1;3m  [48;2;2;0;3m[38;2;2;0;3m  [48;2;1;1;3m[38;2;1;1;3m  [48;2;12;7;11m[38;2;0;0;0m [48;2;38;34;37m[38;2;169;164;168m▁[48;2;243;243;245m[38;2;239;239;241m▌[48;2;254;254;255m[38;2;250;250;252m▌[48;2;248;248;250m[38;2;248;248;250m  [48;2;217;212;214m[38;2;112;106;108m▂[48;2;58;52;54m[38;2;192;186;188m▁[48;2;146;140;142m[38;2;239;233;235m▊[48;2;105;99;101m[38;2;25;20;21m▊[48;2;248;248;250m[38;2;248;248;250m  [48;2;233;232;234m[38;2;0;0;0m [48;2;30;28;31m[38;2;208;206;209m▅[48;2;13;11;16m[38;2;152;150;155m▁[48;2;6;4;9m[38;2;0;0;0m [48;2;1;1;3m[38;2;1;1;3m  [48;2;1;1;1m[38;2;1;1;1m        [0m
[48;2;1;1;1m[38;2;1;1;1m                  [48;2;1;1;3m[38;2;1;1;3m  [48;2;2;0;3m[38;2;2;0;3m  [48;2;1;1;3m[38;2;1;1;3m  [48;2;3;1;6m[38;2;3;1;6m    [48;2;2;0;3m[38;2;2;0;3m  [48;2;1;1;3m[38;2;1;1;3m  [48;2;2;2;2m[38;2;2;2;2m  [48;2;37;33;36m[38;2;208;203;207m▁[48;2;249;246;249m[38;2;218;213;217m▎[48;2;250;250;252m[38;2;250;250;252m  [48;2;242;242;244m[38;2;254;254;255m┃[48;2;183;183;185m[38;2;245;245;247m▊[48;2;54;49;53m[38;2;222;217;221m▁[48;2;228;224;227m[38;2;0;0;0m [48;2;195;190;194m[38;2;105;100;104m▅[48;2;72;67;71m[38;2;236;232;235m▅[48;2;249;249;251m[38;2;249;249;251m  [48;2;250;250;252m[38;2;250;250;252m  [48;2;107;102;106m[38;2;239;236;239m▊[48;2;20;15;19m[38;2;171;166;170m▁[48;2;2;0;3m[38;2;2;0;3m  [48;2;1;1;1m[38;2;1;1;1m        [0m
[48;2;1;1;1m[38;2;1;1;1m                  [48;2;2;0;3m[38;2;2;0;3m    [48;2;3;1;6m[38;2;3;1;6m      [48;2;1;1;3m[38;2;1;1;3m  [48;2;1;1;1m[38;2;1;1;1m  [48;2;9;8;10m[38;2;0;0;0m [48;2;31;29;32m[38;2;216;214;217m▁[48;2;249;249;251m[38;2;231;231;233m▌[38;2;255;255;255m▌[48;2;250;250;252m[38;2;250;250;252m    [48;2;184;182;185m[38;2;243;242;244m▊[48;2;213;211;214m[38;2;26;25;27m▅[48;2;215;214;216m[38;2;37;35;38m▅[48;2;231;230;232m[38;2;48;46;49m▁[48;2;250;250;252m[38;2;250;250;252m    [48;2;246;246;248m[38;2;246;246;248m▄[48;2;79;79;81m[38;2;243;243;245m▊[48;2;1;1;3m[38;2;1;1;3m  [48;2;1;1;1m[38;2;1;1;1m        [0m
[48;2;4;2;10m[38;2;23;2;126m▂▂▂▂▂▂▂▂▂▂▂▂▂▂▂▂▂▂[48;2;5;3;12m[38;2;24;2;129m▂▂[48;2;4;2;10m[38;2;23;2;126m▂▂[48;2;5;3;12m[38;2;24;2;129m▂▂▂▂▂▂[48;2;5;3;11m[38;2;24;3;127m▂▂[48;2;10;7;22m[38;2;54;28;176m▁[48;2;9;8;12m[38;2;177;170;197m▂[48;2;57;55;58m[38;2;239;237;239m▅[48;2;239;238;240m[38;2;0;0;0m [48;2;250;250;252m[38;2;250;250;252m    [48;2;241;240;241m[38;2;0;0;0m [48;2;229;228;229m[38;2;99;82;181m▂[48;2;180;174;185m[38;2;29;16;72m▅[48;2;11;6;16m[38;2;29;7;132m▂[48;2;11;6;15m[38;2;29;6;132m▂[48;2;31;25;46m[38;2;32;12;158m▁[48;2;229;227;238m[38;2;93;76;177m▁[48;2;245;245;245m[38;2;0;0;0m [48;2;250;250;252m[38;2;250;250;252m  [48;2;248;248;249m[38;2;0;0;0m [48;2;230;230;231m [48;2;42;41;47m[38;2;195;191;204m▅[48;2;5;2;19m[38;2;54;28;178m▁[48;2;4;2;10m[38;2;23;2;126m▂▂▂▂▂▂▂▂[0m
[48;2;38;3;183m[38;2;38;3;183m                            [48;2;39;4;184m[38;2;39;4;184m  [48;2;43;22;167m[38;2;213;210;230m▆[48;2;240;239;243m[38;2;0;0;0m [48;2;250;250;252m[38;2;250;250;252m    [48;2;241;239;244m[38;2;0;0;0m [48;2;234;234;232m[38;2;72;52;185m▂[48;2;227;217;245m[38;2;55;24;183m▆[48;2;36;9;178m[38;2;54;20;196m╴[48;2;38;3;183m[38;2;38;3;183m    [48;2;105;87;174m[38;2;40;7;192m▊[48;2;240;236;237m[38;2;97;73;191m▂[48;2;250;250;252m[38;2;250;250;252m    [48;2;67;44;161m[38;2;241;237;237m▊[48;2;28;0;193m[38;2;43;9;194m▊[48;2;38;3;183m[38;2;38;3;183m        [0m
[48;2;38;3;183m[38;2;38;3;183m                            [48;2;39;10;178m[38;2;38;11;174m▄[48;2;56;31;183m[38;2;219;210;237m▆[48;2;241;241;243m[38;2;251;251;252m▄[48;2;250;250;251m[38;2;240;240;242m▃[48;2;250;250;252m[38;2;250;250;252m  [48;2;242;241;247m[38;2;0;0;0m [48;2;236;235;237m[38;2;81;61;188m▂[48;2;213;204;235m[38;2;54;26;183m▆[48;2;39;9;182m[38;2;0;0;0m [48;2;38;3;183m[38;2;38;3;183m      [48;2;34;5;168m[38;2;46;10;200m│[48;2;134;114;201m[38;2;41;11;190m▊[48;2;242;240;244m[38;2;102;87;178m▂[48;2;245;244;247m[38;2;0;0;0m [48;2;250;250;252m[38;2;250;250;252m  [48;2;124;107;195m[38;2;237;235;238m▊[48;2;44;17;184m[38;2;166;153;225m▂[48;2;38;3;183m[38;2;38;3;183m        [0m
[48;2;38;3;185m[38;2;38;3;185m                          [48;2;34;4;176m[38;2;44;9;205m▖[48;2;48;18;182m[38;2;198;187;227m▂[48;2;57;36;184m[38;2;222;219;232m▆[48;2;242;242;239m[38;2;0;0;0m [48;2;250;250;252m[38;2;250;250;252m  [48;2;242;240;247m[38;2;0;0;0m [48;2;235;234;236m[38;2;72;55;179m▂[48;2;208;197;233m[38;2;45;18;177m▆[48;2;40;5;196m[38;2;43;10;185m▊[48;2;38;3;185m[38;2;38;3;185m          [48;2;164;158;184m[38;2;48;20;185m▊[48;2;242;241;235m[38;2;251;245;255m┃[48;2;250;250;252m[38;2;250;250;252m  [48;2;247;245;251m[38;2;255;255;250m│[48;2;50;26;174m[38;2;227;225;238m▊[48;2;38;3;185m[38;2;38;3;185m        [0m
[48;2;38;3;185m[38;2;38;3;185m                          [48;2;52;18;145m[38;2;38;3;181m▊[48;2;196;173;190m[38;2;182;77;121m▆[48;2;247;228;233m[38;2;206;80;120m▂[48;2;238;239;238m[38;2;0;0;0m [48;2;245;243;249m [48;2;237;236;237m[38;2;74;55;181m▂[48;2;209;196;239m[38;2;53;24;177m▆[48;2;42;10;182m[38;2;43;11;187m▄[48;2;38;3;185m[38;2;38;3;185m            [48;2;46;16;184m[38;2;0;0;0m [48;2;216;204;238m[38;2;78;55;183m▆[48;2;250;250;252m[38;2;250;250;252m  [48;2;246;245;250m[38;2;236;235;241m╺[48;2;236;235;239m[38;2;0;0;0m [48;2;108;87;196m[38;2;214;207;228m┓[48;2;44;8;204m[38;2;38;8;167m┫[48;2;38;3;185m[38;2;38;3;185m      [0m
[48;2;38;3;185m[38;2;38;3;185m                          [48;2;40;26;149m[38;2;41;1;191m▊[48;2;210;74;99m[38;2;112;54;115m▎[48;2;214;74;101m[38;2;0;0;0m [48;2;241;191;189m[38;2;213;76;102m▆[48;2;206;204;223m[38;2;103;42;147m▆[48;2;46;13;174m[38;2;26;13;18m▂[48;2;39;5;187m[38;2;12;1;43m▃▃▃▃▃▃▃▃▃▃▃▃[48;2;36;3;185m[38;2;20;8;51m▃▃[48;2;33;5;176m[38;2;16;6;46m▃[48;2;48;20;178m[38;2;21;7;71m▃[48;2;222;220;218m[38;2;55;43;119m▆[48;2;233;231;233m[38;2;18;16;26m▂[48;2;236;230;231m[38;2;65;31;40m▂[48;2;244;236;238m[38;2;187;69;106m▂[48;2;68;26;177m[38;2;206;175;187m▊[48;2;44;6;203m[38;2;37;5;169m┃[48;2;38;3;185m[38;2;38;3;185m      [0m
[48;2;38;3;185m[38;2;38;3;185m                          [48;2;31;10;134m[38;2;20;12;42m━[48;2;140;53;78m[38;2;17;7;23m▆[48;2;200;60;92m[38;2;45;18;15m▃[48;2;196;68;95m[38;2;18;15;4m▂[48;2;189;65;93m[38;2;32;11;8m▂[48;2;146;45;66m[38;2;20;14;6m▂[48;2;4;2;5m[38;2;4;2;5m  [48;2;1;1;1m[38;2;1;1;1m  [48;2;1;1;3m[38;2;1;1;3m    [48;2;1;1;1m[38;2;1;1;1m  [48;2;1;1;3m[38;2;1;1;3m  [48;2;1;1;1m[38;2;1;1;1m    [48;2;4;0;0m[38;2;13;7;9m┣[48;2;13;8;9m[38;2;53;47;49m╺[48;2;162;54;77m[38;2;16;20;6m▂[48;2;211;68;102m[38;2;49;17;17m▃[48;2;83;25;65m[38;2;205;77;101m▘[48;2;39;12;149m[38;2;21;15;72m┛[48;2;38;3;185m[38;2;38;3;185m      [0m
[48;2;38;3;185m[38;2;38;3;185m                          [48;2;37;1;184m[38;2;37;4;165m▝[48;2;37;21;80m[38;2;37;2;185m▆[48;2;19;7;45m[38;2;38;5;181m▆▆[48;2;15;4;39m[38;2;40;6;180m▆▆[48;2;19;7;45m[38;2;38;5;181m▆▆▆▆▆▆[48;2;19;8;43m[38;2;38;5;179m▆▆▆▆[48;2;19;7;45m[38;2;38;5;181m▆▆[48;2;19;8;43m[38;2;38;5;179m▆▆[48;2;19;7;45m[38;2;38;5;181m▆▆[48;2;19;7;46m[38;2;38;4;182m▆▆[48;2;19;8;43m[38;2;38;5;179m▆▆[48;2;37;16;109m[38;2;37;3;178m▆[48;2;37;1;184m[38;2;37;3;172m▘[48;2;38;3;185m[38;2;38;3;185m      [0m
[48;2;40;2;185m[38;2;40;2;185m                                                            [0m
[48;2;40;2;185m[38;2;40;2;185m                                                            [0m
