[48;2;1;1;1m[38;2;1;1;1m                                                            [0m
[48;2;1;1;1m[38;2;1;1;1m                                                            [0m
[48;2;1;1;1m[38;2;1;1;1m                                                            [0m
[48;2;1;1;1m[38;2;1;1;1m                                                      [48;2;1;1;3m[38;2;1;1;3m  [48;2;1;1;1m[38;2;1;1;1m    [0m
[48;2;1;1;1m[38;2;1;1;1m                          [48;2;3;1;6m[38;2;3;1;6m  [48;2;1;1;3m[38;2;1;1;3m  [48;2;1;1;1m[38;2;1;1;1m        [48;2;3;1;4m[38;2;3;1;4m  [48;2;3;1;6m[38;2;3;1;6m  [48;2;3;1;4m[38;2;3;1;4m  [48;2;1;1;3m[38;2;1;1;3m  [48;2;1;1;1m[38;2;1;1;1m      [48;2;3;1;4m[38;2;3;1;4m  [48;2;3;1;6m[38;2;3;1;6m  [48;2;2;0;3m[38;2;2;0;3m  [48;2;1;1;1m[38;2;1;1;1m  [0m
[48;2;1;1;1m[38;2;1;1;1m                        [48;2;1;1;3m[38;2;1;1;3m  [48;2;3;1;6m[38;2;3;1;6m    [48;2;2;0;3m[38;2;2;0;3m  [48;2;1;1;3m[38;2;1;1;3m  [48;2;2;0;3m[38;2;2;0;3m  [48;2;1;1;3m[38;2;1;1;3m  [48;2;2;0;3m[38;2;2;0;3m  [48;2;25;20;24m[38;2;0;0;0m [48;2;18;14;17m[38;2;203;199;202m▄[48;2;14;10;13m[38;2;218;214;218m▄▄[48;2;13;11;14m[38;2;183;181;184m▄[48;2;9;8;10m[38;2;28;26;29m▁[48;2;1;1;1m[38;2;1;1;1m    [48;2;3;1;6m[38;2;3;1;6m      [48;2;1;1;3m[38;2;1;1;3m  [48;2;1;1;1m[38;2;1;1;1m  [0m
[48;2;1;1;1m[38;2;1;1;1m                    [48;2;3;1;6m[38;2;3;1;6m    [48;2;3;1;4m[38;2;3;1;4m  [48;2;3;1;6m[38;2;3;1;6m    [48;2;2;0;3m[38;2;2;0;3m  [48;2;3;1;6m[38;2;3;1;6m      [48;2;1;0;4m[38;2;16;14;19m▎[48;2;71;69;74m[38;2;9;7;12m▊[48;2;157;155;158m[38;2;238;236;239m▇[48;2;223;221;224m[38;2;244;242;244m▊[48;2;243;241;244m[38;2;215;86;108m▄▄[48;2;235;214;217m[38;2;171;60;93m▃[48;2;182;178;175m[38;2;37;28;26m▄[48;2;2;0;3m[38;2;2;0;3m  [48;2;3;1;4m[38;2;3;1;4m  [48;2;3;1;6m[38;2;3;1;6m      [48;2;1;1;3m[38;2;1;1;3m  [48;2;1;1;1m[38;2;1;1;1m  [0m
[48;2;1;1;1m[38;2;1;1;1m                    [48;2;1;1;3m[38;2;1;1;3m  [48;2;3;1;6m[38;2;3;1;6m          [48;2;1;1;3m[38;2;1;1;3m      [48;2;1;0;0m[38;2;12;10;11m▂[48;2;91;89;90m[38;2;16;14;15m▊[48;2;219;186;199m[38;2;247;240;245m┃[48;2;205;72;93m[38;2;201;99;120m▎[48;2;57;19;16m[38;2;192;72;95m▄[48;2;181;61;83m[38;2;225;68;103m▄[48;2;51;19;26m[38;2;194;67;105m▖[48;2;9;4;0m[38;2;32;7;11m▖[48;2;2;0;3m[38;2;2;0;3m  [48;2;3;1;4m[38;2;3;1;4m  [48;2;3;1;6m[38;2;3;1;6m        [48;2;3;1;4m[38;2;3;1;4m  [0m
[48;2;1;1;1m[38;2;1;1;1m                    [48;2;2;2;4m[38;2;2;2;4m  [48;2;3;1;4m[38;2;3;1;4m  [48;2;3;1;6m[38;2;3;1;6m      [48;2;3;3;5m[38;2;3;3;5m  [48;2;1;0;0m[38;2;2;0;1m▃[48;2;10;8;9m[38;2;30;28;29m▂[48;2;14;13;15m[38;2;222;220;223m▄[48;2;21;19;22m[38;2;234;232;235m▄[48;2;18;16;19m[38;2;235;233;236m▄[48;2;35;33;36m[38;2;233;231;234m▄[48;2;176;174;177m[38;2;247;245;248m▇▇[48;2;225;182;189m[38;2;246;245;247m▊[48;2;218;94;113m[38;2;210;59;86m┃[48;2;217;73;100m[38;2;217;73;100m  [48;2;206;82;104m[38;2;0;0;0m [48;2;17;19;20m[38;2;225;229;230m▄[48;2;18;16;19m[38;2;229;227;230m▄[48;2;15;13;16m[38;2;196;195;197m▄[48;2;4;2;5m[38;2;4;2;5m  [48;2;1;1;3m[38;2;1;1;3m  [48;2;3;1;4m[38;2;3;1;4m  [48;2;4;3;7m[38;2;45;43;48m▁▁[48;2;4;3;5m[38;2;45;43;46m▁▁[48;2;13;11;7m[38;2;136;43;69m▗[48;2;18;8;8m[38;2;197;62;102m▄[0m
[48;2;1;1;1m[38;2;1;1;1m                [48;2;2;0;3m[38;2;2;0;3m  [48;2;3;1;4m[38;2;3;1;4m  [48;2;2;0;3m[38;2;2;0;3m  [48;2;1;1;1m[38;2;1;1;1m  [48;2;1;1;3m[38;2;1;1;3m    [48;2;4;2;3m[38;2;4;2;3m  [48;2;39;21;28m[38;2;182;59;79m▄[48;2;215;197;205m[38;2;205;83;103m▄[48;2;199;194;198m[38;2;241;236;240m▇[48;2;211;206;210m[38;2;250;246;250m▇[48;2;250;250;252m[38;2;250;250;252m      [48;2;249;245;246m[38;2;254;251;252m▌[48;2;218;214;215m[38;2;253;250;251m▌[48;2;219;88;118m[38;2;0;0;0m [48;2;204;99;121m[38;2;245;236;227m▄[48;2;249;249;251m[38;2;249;249;251m    [48;2;217;215;218m[38;2;0;0;0m [48;2;22;21;23m[38;2;241;239;242m▄[48;2;23;21;24m[38;2;236;234;237m▄▄[48;2;25;23;26m[38;2;239;238;240m▄[48;2;81;79;82m[38;2;239;237;239m▄[48;2;208;206;209m[38;2;249;247;249m▇▇[48;2;241;240;242m[38;2;213;211;214m▁[48;2;244;242;244m[38;2;198;196;199m▁[48;2;122;61;76m[38;2;207;195;193m▊[48;2;195;60;100m[38;2;15;7;5m▄[0m
[48;2;1;1;1m[38;2;1;1;1m            [48;2;1;1;3m[38;2;1;1;3m  [48;2;3;1;6m[38;2;3;1;6m      [48;2;1;1;3m[38;2;1;1;3m  [48;2;1;1;1m[38;2;1;1;1m      [48;2;18;8;6m[38;2;2;6;7m▊[48;2;211;69;93m[38;2;102;29;40m▎[48;2;214;74;100m[38;2;195;55;81m▂▂[48;2;185;78;110m[38;2;24;10;10m▄[48;2;221;205;206m[38;2;22;12;11m▄[48;2;228;227;229m[38;2;12;11;13m▄[48;2;226;224;227m[38;2;29;27;30m▄[48;2;248;248;250m[38;2;248;248;250m  [48;2;250;250;252m[38;2;250;250;252m    [48;2;249;249;251m[38;2;249;249;251m  [48;2;250;250;252m[38;2;250;250;252m    [48;2;249;249;251m[38;2;249;249;251m  [48;2;249;247;250m[38;2;151;149;152m▁▁[48;2;245;243;246m[38;2;149;147;150m▁[48;2;239;237;239m[38;2;94;92;95m▗[48;2;223;221;224m[38;2;11;10;12m▄▄[48;2;42;40;43m[38;2;210;208;211m▘[48;2;14;12;15m[38;2;5;3;6m▆[48;2;2;2;4m[38;2;2;2;4m  [0m
[48;2;1;1;1m[38;2;1;1;1m            [48;2;3;1;6m[38;2;3;1;6m      [48;2;3;1;4m[38;2;3;1;4m  [48;2;1;1;3m[38;2;1;1;3m  [48;2;1;1;1m[38;2;1;1;1m    [48;2;2;0;3m[38;2;2;0;3m  [48;2;3;1;4m[38;2;3;1;4m  [48;2;2;2;4m[38;2;2;2;4m  [48;2;3;1;4m[38;2;3;1;4m  [48;2;2;1;3m[38;2;9;7;10m▚[48;2;5;3;6m[38;2;1;0;2m▌[48;2;232;230;233m[38;2;49;47;50m▅[48;2;242;240;242m[38;2;0;0;0m [48;2;250;250;252m[38;2;250;250;252m        [48;2;221;219;222m[38;2;0;0;0m [48;2;218;216;218m[38;2;15;14;16m▄[48;2;213;211;214m[38;2;11;9;12m▄[48;2;53;52;54m[38;2;222;220;222m▘[48;2;4;2;5m[38;2;4;2;5m    [48;2;1;1;3m[38;2;1;1;3m  [48;2;2;0;3m[38;2;2;0;3m  [48;2;1;1;1m[38;2;1;1;1m  [0m
[48;2;1;1;1m[38;2;1;1;1m            [48;2;1;1;3m[38;2;1;1;3m  [48;2;3;1;6m[38;2;3;1;6m  [48;2;2;0;3m[38;2;2;0;3m  [48;2;1;1;1m[38;2;1;1;1m  [48;2;3;1;6m[38;2;3;1;6m    [48;2;1;1;1m[38;2;1;1;1m  [48;2;3;1;6m[38;2;3;1;6m      [48;2;1;1;3m[38;2;1;1;3m    [48;2;79;77;80m[38;2;8;6;9m▊[48;2;248;247;249m[38;2;202;200;203m▎[48;2;250;250;252m[38;2;250;250;252m      [48;2;248;248;250m[38;2;248;248;250m  [48;2;101;96;100m[38;2;218;213;217m▊[48;2;7;3;6m[38;2;24;19;23m▎[48;2;3;1;6m[38;2;3;1;6m  [48;2;3;1;4m[38;2;3;1;4m  [48;2;1;1;3m[38;2;1;1;3m  [48;2;3;1;6m[38;2;3;1;6m    [48;2;1;1;1m[38;2;1;1;1m  [0m
[48;2;1;1;1m[38;2;1;1;1m              [48;2;2;0;3m[38;2;2;0;3m  [48;2;1;1;3m[38;2;1;1;3m    [48;2;3;1;6m[38;2;3;1;6m  [48;2;3;1;4m[38;2;3;1;4m  [48;2;1;1;3m[38;2;1;1;3m    [48;2;3;1;6m[38;2;3;1;6m  [48;2;1;1;3m[38;2;1;1;3m  [48;2;1;1;1m[38;2;1;1;1m  [48;2;3;1;4m[38;2;3;1;4m  [48;2;14;9;13m[38;2;3;0;2m▊[48;2;221;216;220m[38;2;84;79;83m▅[48;2;239;238;240m[38;2;127;125;128m▁[48;2;247;245;248m[38;2;0;0;0m [48;2;250;250;252m[38;2;250;250;252m    [48;2;244;243;245m[38;2;0;0;0m [48;2;197;195;198m [48;2;3;1;6m[38;2;3;1;6m    [48;2;1;1;3m[38;2;1;1;3m  [48;2;1;1;1m[38;2;1;1;1m  [48;2;3;1;6m[38;2;3;1;6m    [48;2;2;0;3m[38;2;2;0;3m  [0m
[48;2;1;1;1m[38;2;1;1;1m                [48;2;3;1;4m[38;2;3;1;4m  [48;2;3;1;6m[38;2;3;1;6m  [48;2;2;0;3m[38;2;2;0;3m  [48;2;3;1;6m[38;2;3;1;6m  [48;2;2;0;3m[38;2;2;0;3m  [48;2;1;1;1m[38;2;1;1;1m  [48;2;1;1;3m[38;2;1;1;3m  [48;2;2;0;3m[38;2;2;0;3m  [48;2;1;1;3m[38;2;1;1;3m  [48;2;4;2;7m[38;2;4;2;7m  [48;2;39;36;36m[38;2;168;164;165m▁[48;2;237;234;235m[38;2;196;192;193m▎[48;2;56;50;52m[38;2;215;210;212m▅[48;2;218;213;215m[38;2;83;78;79m▅[48;2;235;231;235m[38;2;66;62;65m▅[48;2;239;235;238m[38;2;31;26;30m▅[48;2;236;232;233m[38;2;29;25;26m▅▅[48;2;196;191;195m[38;2;70;66;69m▅[48;2;20;15;19m[38;2;124;119;123m▁[48;2;1;1;3m[38;2;1;1;3m  [48;2;3;1;6m[38;2;3;1;6m          [48;2;1;1;3m[38;2;1;1;3m  [0m
[48;2;1;1;1m[38;2;1;1;1m                    [48;2;0;0;0m[38;2;0;0;0m  [48;2;1;1;3m[38;2;1;1;3m  [48;2;1;1;1m[38;2;1;1;1m    [48;2;2;0;3m[38;2;2;0;3m  [48;2;1;1;3m[38;2;1;1;3m  [48;2;3;1;6m[38;2;3;1;6m  [48;2;1;0;2m[38;2;13;11;14m│[48;2;78;76;79m[38;2;7;6;8m▊[48;2;249;249;251m[38;2;231;231;233m▌[38;2;255;255;255m▌[48;2;250;250;252m[38;2;250;250;252m  [48;2;150;146;147m[38;2;245;242;243m▊[48;2;65;61;62m[38;2;23;19;20m▊[48;2;35;30;31m[38;2;202;196;198m▅[48;2;96;90;92m[38;2;23;18;19m▊[48;2;250;249;251m[38;2;233;231;234m▎[48;2;144;142;145m[38;2;241;239;242m▊[48;2;1;0;2m[38;2;6;4;7m▃[38;2;8;6;9m━[48;2;3;1;6m[38;2;3;1;6m    [48;2;1;1;1m[38;2;1;1;1m  [48;2;1;1;3m[38;2;1;1;3m    [48;2;1;1;1m[38;2;1;1;1m  [0m
[48;2;1;1;1m[38;2;1;1;1m                        [48;2;1;1;3m[38;2;1;1;3m  [48;2;3;1;6m[38;2;3;1;6m  [48;2;2;0;3m[38;2;2;0;3m    [48;2;3;1;6m[38;2;3;1;6m  [48;2;11;7;8m[38;2;0;0;0m [48;2;38;34;35m[38;2;158;154;155m▁[48;2;250;250;251m[38;2;232;232;234m▌[48;2;250;250;252m[38;2;255;255;255m▌[48;2;237;237;239m[38;2;248;248;249m▊[48;2;204;204;206m[38;2;247;247;248m▊[48;2;205;199;201m[38;2;57;51;53m▅[48;2;70;64;66m[38;2;219;213;215m▅[48;2;135;129;131m[38;2;212;206;208m▊[48;2;58;52;54m[38;2;175;169;171m▁[48;2;248;248;250m[38;2;248;248;250m  [48;2;134;129;133m[38;2;239;235;238m▊[48;2;22;17;21m[38;2;137;132;136m▁[48;2;2;0;3m[38;2;2;0;3m  [48;2;3;1;4m[38;2;3;1;4m  [48;2;1;1;1m[38;2;1;1;1m      [48;2;1;1;3m[38;2;1;1;3m  [0m
[48;2;1;1;1m[38;2;1;1;1m                    [48;2;2;0;3m[38;2;2;0;3m  [48;2;1;1;1m[38;2;1;1;1m  [48;2;3;1;6m[38;2;3;1;6m    [48;2;1;1;3m[38;2;1;1;3m  [48;2;2;0;3m[38;2;2;0;3m  [48;2;1;1;3m[38;2;1;1;3m  [48;2;67;65;68m[38;2;7;5;8m▊[48;2;250;248;251m[38;2;191;189;192m▎[48;2;250;250;252m[38;2;250;250;252m  [48;2;238;234;237m[38;2;0;0;0m [48;2;204;199;203m[38;2;100;95;99m▅[48;2;75;70;74m[38;2;227;223;226m▅[48;2;213;209;212m[38;2;109;104;108m▂[48;2;56;54;57m[38;2;193;191;194m▁[48;2;246;245;247m[38;2;231;229;232m▎[48;2;250;250;252m[38;2;250;250;252m  [48;2;252;251;252m[38;2;239;237;240m│[48;2;125;123;126m[38;2;242;240;243m▊[48;2;13;12;16m[38;2;153;151;156m▁[48;2;6;5;9m[38;2;0;0;0m [48;2;1;1;3m[38;2;1;1;3m  [48;2;1;1;1m[38;2;1;1;1m        [0m
[48;2;1;1;1m[38;2;1;1;1m                  [48;2;1;1;3m[38;2;1;1;3m  [48;2;2;0;3m[38;2;2;0;3m  [48;2;1;1;3m[38;2;1;1;3m  [48;2;3;1;6m[38;2;3;1;6m    [48;2;2;0;3m[38;2;2;0;3m  [48;2;1;1;3m[38;2;1;1;3m  [48;2;2;2;2m[38;2;2;2;2m  [48;2;37;33;36m[38;2;208;203;207m▁[48;2;249;246;249m[38;2;218;213;217m▎[48;2;250;250;252m[38;2;250;250;252m    [48;2;240;238;241m[38;2;0;0;0m [48;2;71;69;72m[38;2;238;236;239m▅[48;2;249;249;251m[38;2;249;249;251m  [48;2;250;250;252m[38;2;250;250;252m    [48;2;87;85;88m[38;2;239;237;240m▊[48;2;1;0;2m[38;2;10;8;11m│[48;2;2;0;3m[38;2;2;0;3m  [48;2;1;1;1m[38;2;1;1;1m        [0m
[48;2;1;1;1m[38;2;1;1;1m                  [48;2;2;0;3m[38;2;2;0;3m    [48;2;3;1;6m[38;2;3;1;6m      [48;2;1;1;3m[38;2;1;1;3m  [48;2;1;1;1m[38;2;1;1;1m  [48;2;9;8;10m[38;2;0;0;0m [48;2;31;29;32m[38;2;216;214;217m▁[48;2;249;249;251m[38;2;231;231;233m▌[38;2;255;255;255m▌[48;2;250;250;252m[38;2;250;250;252m    [48;2;186;182;185m[38;2;248;244;247m▊[48;2;218;214;218m[38;2;40;36;39m▅[48;2;230;229;231m[38;2;70;68;71m▁[48;2;245;243;245m[38;2;0;0;0m [48;2;250;250;252m[38;2;250;250;252m    [48;2;233;231;233m[38;2;0;0;0m [48;2;80;78;81m[38;2;225;223;225m┓[48;2;1;1;3m[38;2;1;1;3m  [48;2;1;1;1m[38;2;1;1;1m        [0m
[48;2;4;2;10m[38;2;23;2;126m▂▂▂▂▂▂▂▂▂▂▂▂▂▂▂▂▂▂[48;2;5;3;12m[38;2;24;2;129m▂▂[48;2;4;2;10m[38;2;23;2;126m▂▂[48;2;5;3;12m[38;2;24;2;129m▂▂▂▂▂▂[48;2;5;3;11m[38;2;24;3;127m▂▂[48;2;4;2;10m[38;2;23;2;126m▂▂[48;2;18;16;19m[38;2;35;16;133m▂[48;2;249;247;245m[38;2;179;174;191m▎[48;2;250;250;252m[38;2;250;250;252m    [48;2;241;240;241m[38;2;0;0;0m [48;2;229;228;229m[38;2;99;82;181m▂[48;2;180;174;185m[38;2;29;16;72m▅[48;2;11;6;16m[38;2;29;7;132m▂[48;2;25;20;26m[38;2;25;4;124m▂[48;2;164;155;189m[38;2;32;23;59m┳[48;2;249;249;251m[38;2;249;249;251m  [48;2;250;250;252m[38;2;250;250;252m  [48;2;246;245;249m[38;2;246;245;249m▄[48;2;79;78;83m[38;2;243;242;246m▊[48;2;4;2;10m[38;2;23;2;126m▂▂▂▂▂▂▂▂▂▂[0m
[48;2;38;3;183m[38;2;38;3;183m                              [48;2;39;4;184m[38;2;39;4;184m  [48;2;50;34;172m[38;2;224;220;237m▆[48;2;241;241;243m[38;2;0;0;0m [48;2;250;250;252m[38;2;250;250;252m  [48;2;243;242;247m[38;2;252;251;254m▎[48;2;246;245;248m[38;2;211;210;215m▗[48;2;220;210;242m[38;2;56;29;182m▆[48;2;41;11;181m[38;2;0;0;0m [48;2;38;3;183m[38;2;38;3;183m  [48;2;33;1;174m[38;2;46;12;187m▘[48;2;37;5;178m[38;2;76;42;217m▝[48;2;236;233;237m[38;2;82;61;190m▆[48;2;244;242;242m[38;2;219;216;223m╴[48;2;250;250;252m[38;2;250;250;252m  [48;2;249;248;252m[38;2;239;238;243m┛[48;2;237;236;240m[38;2;0;0;0m [48;2;103;80;204m[38;2;227;222;234m┓[48;2;36;5;203m[38;2;34;5;172m▊[48;2;38;3;183m[38;2;38;3;183m        [0m
[48;2;38;3;183m[38;2;38;3;183m                              [48;2;41;9;185m[38;2;0;0;0m [48;2;48;17;178m[38;2;200;189;226m▂[48;2;255;254;255m[38;2;236;235;240m▌[48;2;252;251;254m[38;2;244;243;248m┃[48;2;250;250;252m[38;2;250;250;252m  [48;2;198;191;230m[38;2;249;247;249m▊[48;2;210;204;226m[38;2;46;22;173m▆[48;2;39;4;184m[38;2;39;4;184m  [48;2;38;3;183m[38;2;38;3;183m    [48;2;44;15;183m[38;2;0;0;0m [48;2;236;228;249m[38;2;82;60;180m▆[48;2;250;250;252m[38;2;250;250;252m    [48;2;67;44;161m[38;2;241;237;237m▊[48;2;28;0;193m[38;2;43;9;194m▊[48;2;38;3;183m[38;2;38;3;183m        [0m
[48;2;38;3;185m[38;2;38;3;185m                              [48;2;72;47;175m[38;2;35;4;185m▊[48;2;250;246;247m[38;2;189;176;232m▎[48;2;250;250;252m[38;2;250;250;252m  [48;2;243;241;249m[38;2;0;0;0m [48;2;233;232;235m[38;2;57;43;165m▂[48;2;204;193;228m[38;2;48;20;177m▆[48;2;42;11;183m[38;2;42;8;188m▄[48;2;38;3;185m[38;2;38;3;185m      [48;2;35;4;159m[38;2;37;5;190m▊[48;2;174;158;221m[38;2;42;9;180m▊[48;2;250;250;252m[38;2;250;250;252m    [48;2;67;44;161m[38;2;241;237;237m▊[48;2;28;0;193m[38;2;43;9;194m▊[48;2;38;3;185m[38;2;38;3;185m        [0m
[48;2;38;3;185m[38;2;38;3;185m                              [48;2;68;53;164m[38;2;224;222;230m▆[48;2;245;243;249m[38;2;0;0;0m [48;2;249;249;251m[38;2;249;249;251m  [48;2;226;219;236m[38;2;60;39;159m▂[48;2;45;17;177m[38;2;46;13;200m▄[48;2;38;3;185m[38;2;38;3;185m        [48;2;33;0;176m[38;2;40;5;183m▝[48;2;57;22;200m[38;2;35;2;178m▄[48;2;207;202;224m[38;2;81;59;186m▆[48;2;247;244;253m[38;2;246;247;229m▗[48;2;249;247;250m[38;2;0;0;0m [48;2;131;119;190m[38;2;238;238;237m▊[48;2;165;151;209m[38;2;40;8;189m▆[48;2;40;6;181m[38;2;37;4;181m▄[48;2;38;3;185m[38;2;38;3;185m        [0m
[48;2;38;3;185m[38;2;38;3;185m                            [48;2;39;4;189m[38;2;59;14;175m▗[48;2;43;7;168m[38;2;157;56;123m▂[48;2;227;206;216m[38;2;206;71;99m▆[48;2;234;213;224m[38;2;212;77;105m▆[48;2;243;224;219m[38;2;212;72;107m▆[48;2;199;118;133m[38;2;28;17;9m▂[48;2;38;9;165m[38;2;8;0;27m▂▂[48;2;39;5;187m[38;2;12;1;43m▃▃▃▃▃▃▃▃[48;2;36;3;185m[38;2;20;8;51m▃▃[48;2;65;30;170m[38;2;55;18;39m▂[48;2;237;214;202m[38;2;204;78;95m▆[48;2;230;218;225m[38;2;217;97;119m▆[48;2;206;184;206m[38;2;208;78;115m▂[48;2;50;12;158m[38;2;148;47;52m▁[48;2;40;7;183m[38;2;22;8;65m▂[48;2;38;3;185m[38;2;38;3;185m        [0m
[48;2;38;3;185m[38;2;38;3;185m                          [48;2;39;4;184m[38;2;39;4;184m  [48;2;32;12;94m[38;2;41;1;168m▁[48;2;182;68;91m[38;2;50;19;46m▃[48;2;213;69;101m[38;2;49;20;15m▃▃[48;2;134;57;81m[38;2;19;5;7m▆[48;2;13;7;6m[38;2;0;0;0m [48;2;1;1;1m[38;2;1;1;1m  [48;2;1;1;3m[38;2;1;1;3m    [48;2;1;1;1m[38;2;1;1;1m  [48;2;1;1;3m[38;2;1;1;3m  [48;2;1;1;1m[38;2;1;1;1m  [48;2;11;5;4m[38;2;0;0;0m [48;2;164;56;90m[38;2;10;6;5m▆[48;2;140;41;62m[38;2;36;17;15m▅[48;2;189;71;99m[38;2;28;1;1m▂[48;2;178;55;89m[38;2;30;10;11m▂[48;2;66;25;56m[38;2;155;70;63m━[48;2;35;11;123m[38;2;35;11;123m▄[48;2;35;0;188m[38;2;35;2;167m━[48;2;38;3;185m[38;2;38;3;185m      [0m
[48;2;38;3;185m[38;2;38;3;185m                            [48;2;37;2;182m[38;2;37;5;163m▝[48;2;37;22;78m[38;2;37;2;183m▆[48;2;15;4;39m[38;2;40;6;180m▆▆[48;2;19;7;45m[38;2;38;5;181m▆▆▆▆▆▆[48;2;19;8;43m[38;2;38;5;179m▆▆▆▆[48;2;19;7;45m[38;2;38;5;181m▆▆[48;2;19;8;43m[38;2;38;5;179m▆▆[48;2;19;7;45m[38;2;38;5;181m▆▆[48;2;15;4;39m[38;2;40;6;180m▆▆[48;2;20;7;50m[38;2;39;5;185m▆[48;2;20;2;76m[38;2;39;6;176m▆[48;2;38;3;185m[38;2;38;3;185m        [0m
[48;2;40;2;185m[38;2;40;2;185m                                                            [0m
[48;2;40;2;185m[38;2;40;2;185m                                                            [0m
