[48;2;1;1;1m[38;2;1;1;1m                                                            [0m
[48;2;1;1;1m[38;2;1;1;1m                                                            [0m
[48;2;1;1;1m[38;2;1;1;1m                                                            [0m
[48;2;1;1;1m[38;2;1;1;1m                                                      [48;2;1;1;3m[38;2;1;1;3m  [48;2;1;1;1m[38;2;1;1;1m    [0m
[48;2;1;1;1m[38;2;1;1;1m                          [48;2;3;1;6m[38;2;3;1;6m  [48;2;1;1;3m[38;2;1;1;3m  [48;2;1;1;1m[38;2;1;1;1m        [48;2;3;1;4m[38;2;3;1;4m  [48;2;3;1;6m[38;2;3;1;6m  [48;2;3;1;4m[38;2;3;1;4m  [48;2;1;1;3m[38;2;1;1;3m  [48;2;1;1;1m[38;2;1;1;1m      [48;2;3;1;4m[38;2;3;1;4m  [48;2;3;1;6m[38;2;3;1;6m  [48;2;2;0;3m[38;2;2;0;3m  [48;2;1;1;1m[38;2;1;1;1m  [0m
[48;2;1;1;1m[38;2;1;1;1m                        [48;2;1;1;3m[38;2;1;1;3m  [48;2;3;1;6m[38;2;3;1;6m    [48;2;2;0;3m[38;2;2;0;3m  [48;2;1;1;3m[38;2;1;1;3m  [48;2;2;0;3m[38;2;2;0;3m  [48;2;1;1;3m[38;2;1;1;3m  [48;2;2;0;3m[38;2;2;0;3m  [48;2;5;3;6m[38;2;5;3;6m    [48;2;1;1;3m[38;2;1;1;3m  [48;2;1;1;1m[38;2;1;1;1m    [48;2;3;1;6m[38;2;3;1;6m      [48;2;1;1;3m[38;2;1;1;3m  [48;2;1;1;1m[38;2;1;1;1m  [0m
[48;2;1;1;1m[38;2;1;1;1m                    [48;2;3;1;6m[38;2;3;1;6m    [48;2;3;1;4m[38;2;3;1;4m  [48;2;3;1;6m[38;2;3;1;6m    [48;2;2;0;3m[38;2;2;0;3m  [48;2;3;1;6m[38;2;3;1;6m      [48;2;17;13;16m[38;2;0;0;0m [48;2;37;33;36m[38;2;217;212;216m▄[48;2;158;156;159m[38;2;245;243;246m▇▇[48;2;165;163;164m[38;2;245;243;244m▇[48;2;132;130;131m[38;2;231;229;230m▇[48;2;40;39;41m[38;2;201;199;202m▃[48;2;10;8;11m[38;2;1;0;2m┏[48;2;2;0;3m[38;2;2;0;3m  [48;2;3;1;4m[38;2;3;1;4m  [48;2;3;1;6m[38;2;3;1;6m      [48;2;1;1;3m[38;2;1;1;3m  [48;2;1;1;1m[38;2;1;1;1m  [0m
[48;2;1;1;1m[38;2;1;1;1m                    [48;2;1;1;3m[38;2;1;1;3m  [48;2;3;1;6m[38;2;3;1;6m          [48;2;1;1;3m[38;2;1;1;3m      [48;2;97;92;96m[38;2;10;6;9m▊[48;2;237;233;236m[38;2;205;200;204m▎[48;2;236;221;217m[38;2;191;67;99m▄[48;2;213;88;120m[38;2;41;24;21m▄[48;2;215;74;108m[38;2;149;50;70m▗[48;2;188;78;102m[38;2;26;17;9m▄[48;2;69;67;70m[38;2;9;8;10m▇[48;2;1;0;2m[38;2;3;1;4m▄[48;2;2;0;3m[38;2;2;0;3m  [48;2;3;1;4m[38;2;3;1;4m  [48;2;3;1;6m[38;2;3;1;6m        [48;2;3;1;4m[38;2;3;1;4m  [0m
[48;2;1;1;1m[38;2;1;1;1m                    [48;2;2;2;4m[38;2;2;2;4m  [48;2;3;1;4m[38;2;3;1;4m  [48;2;3;1;6m[38;2;3;1;6m      [48;2;1;1;3m[38;2;1;1;3m  [48;2;1;1;1m[38;2;1;1;1m    [48;2;6;5;5m[38;2;25;23;24m▂[48;2;6;4;5m[38;2;57;55;56m▗[48;2;48;40;42m[38;2;227;220;223m▄[48;2;196;187;190m[38;2;238;230;233m▊[48;2;212;70;96m[38;2;212;70;96m  [48;2;216;66;96m[38;2;217;85;109m▎[48;2;153;50;64m[38;2;214;73;100m▌[48;2;3;3;5m[38;2;44;44;46m▁▁[48;2;1;0;2m[38;2;44;42;45m▁▁[48;2;1;1;3m[38;2;1;1;3m    [48;2;3;1;4m[38;2;3;1;4m  [48;2;3;1;6m[38;2;3;1;6m    [48;2;1;1;3m[38;2;1;1;3m  [0m
[48;2;1;1;1m[38;2;1;1;1m                [48;2;2;0;3m[38;2;2;0;3m  [48;2;3;1;4m[38;2;3;1;4m  [48;2;2;0;3m[38;2;2;0;3m  [48;2;1;1;1m[38;2;1;1;1m  [48;2;1;1;3m[38;2;1;1;3m    [48;2;1;1;1m[38;2;1;1;1m      [48;2;16;15;17m[38;2;69;67;70m▁[48;2;36;35;37m[38;2;226;224;227m▄[48;2;207;205;208m[38;2;248;246;249m▇▇[48;2;250;249;251m[38;2;0;0;0m [48;2;249;248;250m[38;2;212;210;213m▝[48;2;211;79;108m[38;2;247;212;210m▄[48;2;213;79;108m[38;2;0;0;0m [48;2;218;87;117m [48;2;203;98;120m[38;2;245;236;227m▄[48;2;208;206;209m[38;2;249;247;249m▇▇[48;2;203;201;204m[38;2;245;244;246m▇[48;2;223;221;224m[38;2;0;0;0m [48;2;23;21;24m[38;2;236;234;237m▄▄[48;2;19;17;20m[38;2;192;190;193m▄[48;2;1;0;2m[38;2;10;8;11m▄[48;2;5;3;4m[38;2;46;44;45m▁▁[48;2;1;1;1m[38;2;1;1;1m      [0m
[48;2;1;1;1m[38;2;1;1;1m            [48;2;1;1;3m[38;2;1;1;3m  [48;2;3;1;6m[38;2;3;1;6m      [48;2;1;1;3m[38;2;1;1;3m  [48;2;1;1;1m[38;2;1;1;1m          [48;2;14;12;15m[38;2;85;83;86m▁[48;2;37;35;38m[38;2;225;223;225m▄[48;2;228;228;230m[38;2;249;249;251m▄[48;2;250;250;252m[38;2;0;0;0m [38;2;250;250;252m    [48;2;240;243;239m[38;2;0;0;0m [48;2;215;105;138m[38;2;246;239;239m▄[48;2;249;249;251m[38;2;249;249;251m  [48;2;250;250;252m[38;2;250;250;252m      [48;2;248;248;250m[38;2;248;248;250m  [48;2;243;241;244m[38;2;0;0;0m [48;2;215;213;216m [48;2;25;24;26m[38;2;240;238;241m▄[48;2;23;21;24m[38;2;174;172;175m▄[48;2;6;4;7m[38;2;83;81;84m▁[48;2;7;5;8m[38;2;68;66;69m▁[48;2;1;1;3m[38;2;1;1;3m  [0m
[48;2;1;1;1m[38;2;1;1;1m            [48;2;3;1;6m[38;2;3;1;6m      [48;2;3;1;4m[38;2;3;1;4m  [48;2;1;1;3m[38;2;1;1;3m  [48;2;1;1;1m[38;2;1;1;1m    [48;2;2;0;3m[38;2;2;0;3m  [48;2;3;1;4m[38;2;3;1;4m  [48;2;7;3;6m[38;2;17;12;16m▂[48;2;40;35;39m[38;2;9;5;8m▊[48;2;241;236;240m[38;2;185;180;184m▎[48;2;251;247;250m[38;2;239;234;238m╷[48;2;245;245;247m[38;2;0;0;0m [48;2;245;245;246m[38;2;164;164;166m▁[48;2;250;250;252m[38;2;250;250;252m          [48;2;221;219;222m[38;2;0;0;0m [48;2;218;216;218m[38;2;15;14;16m▄[48;2;221;219;222m[38;2;10;9;11m▄▄[48;2;226;224;227m[38;2;13;11;14m▄[48;2;228;226;229m[38;2;56;54;57m▄[48;2;249;247;249m[38;2;120;118;121m▁▁[48;2;244;244;246m[38;2;174;174;176m▁[48;2;255;255;255m[38;2;240;240;242m━[48;2;249;247;250m[38;2;251;249;252m│[48;2;81;79;82m[38;2;243;241;243m▌[48;2;4;2;3m[38;2;4;2;3m  [0m
[48;2;1;1;1m[38;2;1;1;1m            [48;2;1;1;3m[38;2;1;1;3m  [48;2;3;1;6m[38;2;3;1;6m  [48;2;2;0;3m[38;2;2;0;3m  [48;2;1;1;1m[38;2;1;1;1m  [48;2;3;1;6m[38;2;3;1;6m    [48;2;1;1;1m[38;2;1;1;1m  [48;2;3;1;6m[38;2;3;1;6m  [48;2;8;2;6m[38;2;4;0;2m▆[48;2;8;3;6m[38;2;37;31;35m▂[48;2;54;18;19m[38;2;193;66;93m▄[48;2;199;69;97m[38;2;0;0;0m [48;2;199;79;115m[38;2;211;193;195m▅[48;2;235;230;228m[38;2;131;105;109m▁[48;2;193;188;192m[38;2;23;19;22m▄[48;2;71;66;70m[38;2;16;12;15m▊[48;2;238;236;239m[38;2;126;124;127m▁[48;2;246;245;247m[38;2;0;0;0m [48;2;250;250;252m[38;2;250;250;252m      [48;2;248;248;250m[38;2;248;248;250m  [48;2;101;96;100m[38;2;218;213;217m▊[48;2;7;3;6m[38;2;24;19;23m▎[48;2;3;1;6m[38;2;3;1;6m  [48;2;3;1;4m[38;2;3;1;4m    [48;2;38;33;39m[38;2;0;0;0m [48;2;214;210;215m[38;2;12;8;13m▄[48;2;218;215;209m[38;2;64;20;27m▄[48;2;201;86;117m[38;2;247;225;227m▘[48;2;203;66;98m[38;2;100;45;50m▝[48;2;48;17;17m[38;2;209;79;109m▖[0m
[48;2;1;1;1m[38;2;1;1;1m              [48;2;2;0;3m[38;2;2;0;3m  [48;2;1;1;3m[38;2;1;1;3m    [48;2;3;1;6m[38;2;3;1;6m  [48;2;3;1;4m[38;2;3;1;4m  [48;2;1;1;3m[38;2;1;1;3m    [48;2;10;6;5m[38;2;0;0;0m [48;2;161;54;88m[38;2;30;10;14m▅[48;2;213;65;93m[38;2;18;10;12m▅▅[48;2;4;2;3m[38;2;4;2;3m  [48;2;3;1;4m[38;2;3;1;4m  [48;2;60;58;61m[38;2;8;6;9m▊[48;2;231;230;232m[38;2;131;129;132m▁[48;2;250;250;252m[38;2;250;250;252m      [48;2;246;244;247m[38;2;246;244;247m▄[48;2;136;134;137m[38;2;249;247;250m▊[48;2;3;1;4m[38;2;3;1;4m  [48;2;3;1;6m[38;2;3;1;6m  [48;2;1;1;3m[38;2;1;1;3m  [48;2;1;1;1m[38;2;1;1;1m  [48;2;3;1;6m[38;2;3;1;6m  [48;2;5;3;3m[38;2;12;13;15m▗[48;2;10;5;8m[38;2;119;35;65m▝[48;2;202;64;89m[38;2;26;9;15m▅[48;2;23;9;11m[38;2;173;62;80m▘[0m
[48;2;1;1;1m[38;2;1;1;1m                [48;2;3;1;4m[38;2;3;1;4m  [48;2;3;1;6m[38;2;3;1;6m  [48;2;2;0;3m[38;2;2;0;3m  [48;2;3;1;6m[38;2;3;1;6m  [48;2;2;0;3m[38;2;2;0;3m  [48;2;1;1;1m[38;2;1;1;1m  [48;2;1;1;3m[38;2;1;1;3m  [48;2;2;0;3m[38;2;2;0;3m  [48;2;1;1;3m[38;2;1;1;3m  [48;2;3;1;6m[38;2;3;1;6m  [48;2;9;8;10m[38;2;0;0;0m [48;2;37;35;38m[38;2;147;145;148m▁[48;2;232;229;230m[38;2;77;73;74m▁[48;2;242;239;240m[38;2;88;84;85m▁[38;2;78;74;75m▁▁▁▁[48;2;223;219;222m[38;2;96;91;95m▁[48;2;204;199;203m[38;2;61;56;60m▅[48;2;1;1;3m[38;2;1;1;3m  [48;2;3;1;6m[38;2;3;1;6m          [48;2;1;1;3m[38;2;1;1;3m  [0m
[48;2;1;1;1m[38;2;1;1;1m                    [48;2;0;0;0m[38;2;0;0;0m  [48;2;1;1;3m[38;2;1;1;3m  [48;2;1;1;1m[38;2;1;1;1m    [48;2;2;0;3m[38;2;2;0;3m  [48;2;1;1;3m[38;2;1;1;3m  [48;2;3;1;6m[38;2;3;1;6m  [48;2;14;12;15m[38;2;4;3;5m▊[48;2;16;14;17m[38;2;0;0;0m [48;2;45;44;46m[38;2;229;227;229m▅[48;2;233;231;233m[38;2;0;0;0m [48;2;34;32;35m[38;2;232;230;233m▅[48;2;20;18;21m[38;2;214;212;215m▅[48;2;13;11;14m[38;2;0;0;0m [48;2;15;13;16m[38;2;131;129;132m▁[48;2;77;75;78m[38;2;11;10;12m▊[48;2;20;19;21m[38;2;227;225;227m▅[48;2;59;57;60m[38;2;233;231;234m▅[48;2;232;230;232m[38;2;0;0;0m [48;2;28;23;27m[38;2;203;199;203m▅[48;2;16;12;15m[38;2;139;134;138m▁[48;2;3;1;6m[38;2;3;1;6m    [48;2;1;1;1m[38;2;1;1;1m  [48;2;1;1;3m[38;2;1;1;3m    [48;2;1;1;1m[38;2;1;1;1m  [0m
[48;2;1;1;1m[38;2;1;1;1m                        [48;2;1;1;3m[38;2;1;1;3m  [48;2;3;1;6m[38;2;3;1;6m  [48;2;2;0;3m[38;2;2;0;3m    [48;2;3;1;6m[38;2;3;1;6m  [48;2;11;7;8m[38;2;0;0;0m [48;2;38;34;35m[38;2;158;154;155m▁[48;2;250;250;251m[38;2;232;232;234m▌[48;2;250;250;252m[38;2;255;255;255m▌[48;2;242;242;244m[38;2;254;254;255m┃[48;2;183;183;185m[38;2;245;245;247m▊[48;2;52;46;50m[38;2;172;166;170m▁[48;2;203;197;201m[38;2;85;79;83m▁[48;2;129;124;128m[38;2;51;46;50m▊[48;2;232;228;231m[38;2;99;94;98m▁[48;2;250;250;252m[38;2;250;250;252m  [48;2;253;252;253m[38;2;239;237;240m│[48;2;124;122;125m[38;2;242;240;243m▊[48;2;1;0;2m[38;2;6;4;7m▃[38;2;8;6;9m━[48;2;3;1;4m[38;2;3;1;4m  [48;2;1;1;1m[38;2;1;1;1m      [48;2;1;1;3m[38;2;1;1;3m  [0m
[48;2;1;1;1m[38;2;1;1;1m                    [48;2;2;0;3m[38;2;2;0;3m  [48;2;1;1;1m[38;2;1;1;1m  [48;2;3;1;6m[38;2;3;1;6m    [48;2;1;1;3m[38;2;1;1;3m  [48;2;2;0;3m[38;2;2;0;3m  [48;2;3;1;4m[38;2;3;1;4m  [48;2;25;21;24m[38;2;137;132;136m▂[48;2;249;246;249m[38;2;206;201;205m▎[48;2;250;250;252m[38;2;250;250;252m  [48;2;248;248;250m[38;2;248;248;250m  [48;2;140;134;138m[38;2;210;204;208m▊[48;2;58;52;56m[38;2;191;185;189m▁[48;2;145;141;142m[38;2;238;234;235m▊[48;2;104;100;101m[38;2;24;21;21m▊[48;2;248;248;250m[38;2;248;248;250m  [48;2;250;250;252m[38;2;250;250;252m  [48;2;89;84;88m[38;2;240;236;240m▊[48;2;3;0;2m[38;2;12;7;11m│[48;2;1;1;3m[38;2;1;1;3m  [48;2;1;1;1m[38;2;1;1;1m        [0m
[48;2;1;1;1m[38;2;1;1;1m                  [48;2;1;1;3m[38;2;1;1;3m  [48;2;2;0;3m[38;2;2;0;3m  [48;2;1;1;3m[38;2;1;1;3m  [48;2;3;1;6m[38;2;3;1;6m    [48;2;2;0;3m[38;2;2;0;3m  [48;2;1;1;3m[38;2;1;1;3m  [48;2;1;0;0m[38;2;11;9;10m▄[48;2;33;31;32m[38;2;215;213;214m▁[48;2;255;255;255m[38;2;237;237;239m▌[48;2;253;253;254m[38;2;245;245;247m┃[48;2;250;250;252m[38;2;250;250;252m  [48;2;255;255;255m[38;2;248;248;250m▌[48;2;237;237;239m[38;2;0;0;0m [48;2;68;64;67m[38;2;233;230;233m▅[48;2;234;230;233m[38;2;101;96;100m▂[48;2;221;216;220m[38;2;104;98;102m▆[48;2;77;71;75m[38;2;239;234;238m▅[48;2;249;249;251m[38;2;249;249;251m  [48;2;250;250;252m[38;2;250;250;252m  [48;2;119;114;118m[38;2;239;236;239m▊[48;2;22;18;21m[38;2;173;168;172m▁[48;2;2;0;3m[38;2;2;0;3m  [48;2;1;1;1m[38;2;1;1;1m        [0m
[48;2;1;1;1m[38;2;1;1;1m                  [48;2;2;0;3m[38;2;2;0;3m    [48;2;3;1;6m[38;2;3;1;6m      [48;2;1;1;3m[38;2;1;1;3m  [48;2;1;1;1m[38;2;1;1;1m  [48;2;52;50;51m[38;2;6;4;5m▊[48;2;246;245;246m[38;2;175;173;174m▎[48;2;250;250;252m[38;2;250;250;252m    [48;2;252;252;254m[38;2;255;255;255m┃[48;2;194;194;196m[38;2;244;244;245m▊[48;2;186;181;185m[38;2;19;14;18m▅[48;2;20;15;19m[38;2;0;0;0m [48;2;212;210;213m[38;2;51;49;52m▅[48;2;246;245;247m[38;2;229;227;230m▎[48;2;250;250;252m[38;2;250;250;252m    [48;2;246;246;248m[38;2;246;246;248m▄[48;2;79;79;81m[38;2;243;243;245m▊[48;2;1;1;3m[38;2;1;1;3m  [48;2;1;1;1m[38;2;1;1;1m        [0m
[48;2;4;2;10m[38;2;23;2;126m▂▂▂▂▂▂▂▂▂▂▂▂▂▂▂▂▂▂[48;2;5;3;12m[38;2;24;2;129m▂▂[48;2;4;2;10m[38;2;23;2;126m▂▂[48;2;5;3;12m[38;2;24;2;129m▂▂▂▂▂▂[48;2;5;3;11m[38;2;24;3;127m▂▂[48;2;5;3;10m[38;2;35;13;138m▂▂[48;2;26;24;27m[38;2;214;212;215m▆[48;2;237;236;238m[38;2;0;0;0m [48;2;250;250;252m[38;2;250;250;252m  [48;2;248;248;250m[38;2;248;248;250m  [48;2;219;213;227m[38;2;52;20;191m▁[48;2;184;180;179m[38;2;30;19;72m▅[48;2;6;3;13m[38;2;25;3;130m▂▂[48;2;25;20;26m[38;2;25;4;124m▂[48;2;164;155;189m[38;2;32;23;59m┳[48;2;249;249;251m[38;2;249;249;251m  [48;2;250;250;252m[38;2;250;250;252m  [48;2;249;249;251m[38;2;232;232;234m╵[48;2;128;128;130m[38;2;234;234;236m▊[48;2;22;20;28m[38;2;190;180;226m▁[48;2;5;2;21m[38;2;56;29;181m▁[48;2;4;2;10m[38;2;23;2;126m▂▂▂▂▂▂▂▂[0m
[48;2;38;3;183m[38;2;38;3;183m                              [48;2;40;5;183m[38;2;40;5;183m  [48;2;235;234;239m[38;2;255;254;255m┃[48;2;250;249;254m[38;2;253;252;255m│[48;2;250;250;252m[38;2;250;250;252m  [48;2;255;254;255m[38;2;246;245;250m▌[48;2;175;174;179m[38;2;246;245;249m▊[48;2;41;6;184m[38;2;41;6;184m  [48;2;38;3;183m[38;2;38;3;183m  [48;2;30;0;168m[38;2;45;11;190m▌[48;2;114;90;200m[38;2;41;9;187m▊[48;2;244;242;246m[38;2;104;89;180m▂[48;2;244;243;247m[38;2;0;0;0m [48;2;250;250;252m[38;2;250;250;252m    [48;2;68;45;161m[38;2;242;238;236m▊[48;2;29;0;193m[38;2;44;10;193m▊[48;2;38;3;183m[38;2;38;3;183m        [0m
[48;2;38;3;183m[38;2;38;3;183m                              [48;2;43;14;181m[38;2;42;14;177m▄[48;2;60;34;185m[38;2;222;214;239m▆[48;2;248;248;250m[38;2;248;248;250m  [48;2;250;250;252m[38;2;250;250;252m  [48;2;198;191;230m[38;2;249;247;249m▊[48;2;210;204;226m[38;2;46;22;173m▆[48;2;39;4;184m[38;2;39;4;184m  [48;2;38;3;183m[38;2;38;3;183m    [48;2;126;113;183m[38;2;37;6;189m▊[48;2;248;247;245m[38;2;248;247;245m▄[48;2;250;250;252m[38;2;250;250;252m    [48;2;67;44;161m[38;2;241;237;237m▊[48;2;28;0;193m[38;2;43;9;194m▊[48;2;38;3;183m[38;2;38;3;183m        [0m
[48;2;38;3;185m[38;2;38;3;185m                              [48;2;71;46;174m[38;2;34;3;184m▊[48;2;249;245;247m[38;2;188;175;231m▎[48;2;250;250;252m[38;2;250;250;252m  [38;2;254;254;255m▌[48;2;239;239;241m[38;2;243;243;245m▌[48;2;206;195;233m[38;2;60;31;187m▆[48;2;35;7;171m[38;2;38;10;204m▗[48;2;38;3;185m[38;2;38;3;185m      [48;2;44;13;183m[38;2;0;0;0m [48;2;219;207;240m[38;2;74;52;180m▆[48;2;250;250;252m[38;2;250;250;252m    [48;2;67;44;161m[38;2;241;237;237m▊[48;2;28;0;193m[38;2;43;9;194m▊[48;2;38;3;185m[38;2;38;3;185m        [0m
[48;2;38;3;185m[38;2;38;3;185m                              [48;2;68;53;164m[38;2;224;222;230m▆[48;2;245;243;249m[38;2;0;0;0m [48;2;250;250;252m[38;2;250;250;252m  [48;2;243;241;248m[38;2;0;0;0m [48;2;230;230;233m[38;2;64;48;173m▂[48;2;38;4;181m[38;2;56;21;199m▌[48;2;41;6;184m[38;2;32;0;175m▌[48;2;38;3;185m[38;2;38;3;185m      [48;2;33;0;176m[38;2;40;5;183m▝[48;2;57;22;200m[38;2;35;2;178m▄[48;2;207;202;224m[38;2;81;59;186m▆[48;2;247;244;253m[38;2;246;247;229m▗[48;2;250;250;252m[38;2;250;250;252m  [48;2;67;44;161m[38;2;241;237;237m▊[48;2;28;0;193m[38;2;43;9;194m▊[48;2;38;3;185m[38;2;38;3;185m        [0m
[48;2;38;3;185m[38;2;38;3;185m                          [48;2;38;3;183m[38;2;38;3;183m  [48;2;42;4;166m[38;2;18;16;43m▂[48;2;43;10;180m[38;2;165;56;91m▂[48;2;227;206;216m[38;2;206;71;99m▆[48;2;234;213;224m[38;2;212;77;105m▆[48;2;243;221;214m[38;2;210;74;104m▆▆[48;2;108;87;193m[38;2;25;16;56m▃[48;2;38;11;170m[38;2;14;8;24m▂[48;2;39;5;187m[38;2;12;1;43m▃▃[48;2;36;3;183m[38;2;20;9;49m▃▃[48;2;39;5;187m[38;2;12;1;43m▃▃▃▃[48;2;36;3;183m[38;2;20;9;49m▃▃[48;2;49;23;169m[38;2;9;5;17m▂[48;2;213;199;226m[38;2;64;32;119m▆[48;2;242;221;214m[38;2;217;74;107m▆[48;2;241;213;208m[38;2;205;97;117m▆[48;2;178;112;156m[38;2;228;232;236m┛[48;2;42;8;173m[38;2;151;48;126m▂[48;2;38;3;185m[38;2;38;3;185m        [0m
[48;2;38;3;185m[38;2;38;3;185m                          [48;2;36;4;183m[38;2;25;0;142m╺[48;2;38;10;144m[38;2;25;15;38m━[48;2;79;27;54m[38;2;187;58;86m━[48;2;188;66;83m[38;2;20;13;8m▂[48;2;214;70;102m[38;2;50;21;16m▃▃[48;2;183;69;97m[38;2;25;7;7m▂[48;2;170;54;83m[38;2;25;8;6m▆[48;2;1;1;1m[38;2;1;1;1m  [48;2;1;1;3m[38;2;1;1;3m    [48;2;1;1;1m[38;2;1;1;1m  [48;2;1;1;3m[38;2;1;1;3m  [48;2;1;1;1m[38;2;1;1;1m  [48;2;4;2;3m[38;2;4;2;3m  [48;2;158;61;88m[38;2;11;10;5m▆[48;2;166;45;80m[38;2;38;14;17m▆[48;2;218;78;109m[38;2;45;19;22m▃[48;2;199;59;91m[38;2;45;20;23m▃[48;2;62;20;147m[38;2;96;34;62m▆[48;2;33;13;117m[38;2;32;10;124m▄[48;2;38;3;185m[38;2;38;3;185m      [0m
[48;2;38;3;185m[38;2;38;3;185m                            [48;2;20;5;61m[38;2;39;6;179m▆▆[48;2;15;4;39m[38;2;40;6;180m▆▆[48;2;19;7;45m[38;2;38;5;181m▆▆▆▆▆▆[48;2;19;8;43m[38;2;38;5;179m▆▆▆▆[48;2;19;7;45m[38;2;38;5;181m▆▆[48;2;19;8;43m[38;2;38;5;179m▆▆[48;2;19;7;45m[38;2;38;5;181m▆▆[48;2;15;4;39m[38;2;40;6;180m▆▆[48;2;19;7;45m[38;2;38;5;181m▆▆[48;2;37;16;109m[38;2;37;3;178m▆[48;2;37;1;184m[38;2;37;3;172m▘[48;2;38;3;185m[38;2;38;3;185m      [0m
[48;2;40;2;185m[38;2;40;2;185m                                                            [0m
[48;2;40;2;185m[38;2;40;2;185m                                                            [0m
