[48;2;1;1;1m[38;2;1;1;1m                                                            [0m
[48;2;1;1;1m[38;2;1;1;1m                                                            [0m
[48;2;1;1;1m[38;2;1;1;1m                                                            [0m
[48;2;1;1;1m[38;2;1;1;1m                                                      [48;2;1;1;3m[38;2;1;1;3m  [48;2;1;1;1m[38;2;1;1;1m    [0m
[48;2;1;1;1m[38;2;1;1;1m                          [48;2;3;1;6m[38;2;3;1;6m  [48;2;1;1;3m[38;2;1;1;3m  [48;2;1;1;1m[38;2;1;1;1m        [48;2;3;1;4m[38;2;3;1;4m  [48;2;3;1;6m[38;2;3;1;6m  [48;2;3;1;4m[38;2;3;1;4m  [48;2;1;1;3m[38;2;1;1;3m  [48;2;1;1;1m[38;2;1;1;1m      [48;2;3;1;4m[38;2;3;1;4m  [48;2;3;1;6m[38;2;3;1;6m  [48;2;2;0;3m[38;2;2;0;3m  [48;2;1;1;1m[38;2;1;1;1m  [0m
[48;2;1;1;1m[38;2;1;1;1m                        [48;2;1;1;3m[38;2;1;1;3m  [48;2;3;1;6m[38;2;3;1;6m    [48;2;2;0;3m[38;2;2;0;3m  [48;2;1;1;3m[38;2;1;1;3m  [48;2;2;0;3m[38;2;2;0;3m  [48;2;1;1;3m[38;2;1;1;3m    [48;2;3;1;4m[38;2;3;1;4m    [48;2;1;1;3m[38;2;1;1;3m  [48;2;1;1;1m[38;2;1;1;1m    [48;2;3;1;6m[38;2;3;1;6m      [48;2;1;1;3m[38;2;1;1;3m  [48;2;1;1;1m[38;2;1;1;1m  [0m
[48;2;1;1;1m[38;2;1;1;1m                    [48;2;3;1;6m[38;2;3;1;6m    [48;2;3;1;4m[38;2;3;1;4m  [48;2;3;1;6m[38;2;3;1;6m    [48;2;2;0;3m[38;2;2;0;3m  [48;2;3;1;6m[38;2;3;1;6m      [48;2;19;15;18m[38;2;0;0;0m [48;2;21;17;20m[38;2;207;203;206m▄[48;2;14;12;15m[38;2;225;223;226m▄▄[48;2;18;14;17m[38;2;192;188;192m▄[48;2;3;0;2m[38;2;8;3;7m▄[48;2;2;0;3m[38;2;2;0;3m    [48;2;3;1;4m[38;2;3;1;4m  [48;2;3;1;6m[38;2;3;1;6m      [48;2;1;1;3m[38;2;1;1;3m  [48;2;1;1;1m[38;2;1;1;1m  [0m
[48;2;1;1;1m[38;2;1;1;1m                    [48;2;1;1;3m[38;2;1;1;3m  [48;2;3;1;6m[38;2;3;1;6m          [48;2;1;1;3m[38;2;1;1;3m    [48;2;2;0;3m[38;2;10;8;11m│[48;2;99;97;100m[38;2;9;7;10m▊[48;2;180;174;176m[38;2;238;233;235m▇[48;2;241;236;238m[38;2;0;0;0m [48;2;247;243;245m[38;2;207;77;100m▄▄[48;2;237;231;229m[38;2;186;77;109m▄[48;2;187;186;182m[38;2;42;24;25m▄[48;2;3;1;4m[38;2;3;1;4m  [48;2;2;0;3m[38;2;2;0;3m  [48;2;3;1;4m[38;2;3;1;4m  [48;2;3;1;6m[38;2;3;1;6m        [48;2;3;1;4m[38;2;3;1;4m  [0m
[48;2;1;1;1m[38;2;1;1;1m                    [48;2;2;2;4m[38;2;2;2;4m  [48;2;3;1;4m[38;2;3;1;4m  [48;2;3;1;6m[38;2;3;1;6m      [48;2;1;1;3m[38;2;1;1;3m  [48;2;1;1;1m[38;2;1;1;1m    [48;2;1;0;0m[38;2;10;8;9m│[48;2;91;89;90m[38;2;14;12;13m▊[48;2;227;194;206m[38;2;255;248;252m┃[48;2;200;67;88m[38;2;202;100;121m▎[48;2;47;21;16m[38;2;197;68;96m▄[48;2;186;57;84m[38;2;216;71;104m▄[48;2;22;13;14m[38;2;158;57;89m▄[48;2;12;4;5m[38;2;0;0;0m [48;2;1;1;3m[38;2;1;1;3m        [48;2;3;1;4m[38;2;3;1;4m  [48;2;3;1;6m[38;2;3;1;6m    [48;2;1;1;3m[38;2;1;1;3m  [0m
[48;2;1;1;1m[38;2;1;1;1m                [48;2;2;0;3m[38;2;2;0;3m  [48;2;3;1;4m[38;2;3;1;4m  [48;2;2;0;3m[38;2;2;0;3m  [48;2;1;1;1m[38;2;1;1;1m  [48;2;1;1;3m[38;2;1;1;3m    [48;2;1;1;1m[38;2;1;1;1m      [48;2;23;21;24m[38;2;0;0;0m [48;2;22;20;23m[38;2;224;222;224m▄[48;2;43;41;44m[38;2;239;238;240m▄[48;2;235;233;235m[38;2;0;0;0m [48;2;226;185;193m[38;2;246;247;250m▊[48;2;218;97;117m[38;2;211;61;90m┃[48;2;216;72;99m[38;2;216;72;99m  [48;2;212;92;111m[38;2;146;52;69m▝[48;2;31;20;26m[38;2;238;229;235m▄[48;2;28;26;29m[38;2;233;231;234m▄[48;2;17;16;18m[38;2;208;207;209m▄[48;2;1;0;2m[38;2;63;61;64m▁▁[48;2;3;1;6m[38;2;3;1;6m  [48;2;3;1;4m[38;2;3;1;4m  [48;2;1;1;3m[38;2;1;1;3m  [48;2;1;1;1m[38;2;1;1;1m      [0m
[48;2;1;1;1m[38;2;1;1;1m            [48;2;1;1;3m[38;2;1;1;3m  [48;2;3;1;6m[38;2;3;1;6m      [48;2;1;1;3m[38;2;1;1;3m  [48;2;1;1;1m[38;2;1;1;1m          [48;2;14;12;15m[38;2;85;83;86m▁[48;2;37;35;38m[38;2;225;223;225m▄[48;2;228;228;230m[38;2;249;249;251m▄[48;2;250;250;252m[38;2;0;0;0m [38;2;250;250;252m  [48;2;238;236;237m[38;2;246;254;252m▊[48;2;211;185;194m[38;2;251;239;244m▊[48;2;213;78;110m[38;2;240;152;169m▁[48;2;205;102;123m[38;2;240;232;223m▄[48;2;249;249;251m[38;2;249;249;251m  [48;2;250;250;252m[38;2;250;250;252m  [48;2;244;242;244m[38;2;0;0;0m [48;2;226;224;227m [48;2;26;24;27m[38;2;240;238;241m▄[48;2;20;19;21m[38;2;195;193;196m▄[48;2;9;8;12m[38;2;69;67;72m▁[48;2;1;0;4m[38;2;3;1;6m▄[48;2;3;1;6m  [48;2;3;1;4m[38;2;3;1;4m  [48;2;1;1;3m[38;2;1;1;3m    [0m
[48;2;1;1;1m[38;2;1;1;1m            [48;2;3;1;6m[38;2;3;1;6m      [48;2;3;1;4m[38;2;3;1;4m  [48;2;1;1;3m[38;2;1;1;3m  [48;2;1;1;1m[38;2;1;1;1m    [48;2;2;0;3m[38;2;2;0;3m  [48;2;3;1;4m[38;2;3;1;4m  [48;2;1;0;2m▄[48;2;16;15;17m[38;2;108;106;109m▁[48;2;248;248;250m[38;2;205;205;207m▎[48;2;240;240;242m[38;2;252;252;253m┃[48;2;250;250;252m[38;2;250;250;252m                [48;2;222;217;221m[38;2;0;0;0m [48;2;34;30;33m[38;2;195;191;195m▄[48;2;8;6;11m[38;2;87;85;90m▁[48;2;4;3;7m[38;2;0;0;0m [48;2;3;1;6m[38;2;3;1;6m    [48;2;1;1;1m[38;2;1;1;1m  [0m
[48;2;1;1;1m[38;2;1;1;1m            [48;2;1;1;3m[38;2;1;1;3m  [48;2;3;1;6m[38;2;3;1;6m  [48;2;2;0;3m[38;2;2;0;3m  [48;2;1;1;1m[38;2;1;1;1m  [48;2;3;1;6m[38;2;3;1;6m    [48;2;1;1;1m[38;2;1;1;1m  [48;2;3;1;6m[38;2;3;1;6m    [48;2;38;36;39m[38;2;6;5;7m▊[48;2;247;245;248m[38;2;161;159;162m▎[48;2;255;255;255m[38;2;251;251;253m▘[48;2;245;245;247m[38;2;224;224;226m▗[48;2;244;241;242m[38;2;44;41;41m▅▅[48;2;243;243;245m[38;2;239;239;241m▌[48;2;254;254;255m[38;2;250;250;252m▌[48;2;250;250;252m      [48;2;248;248;249m[38;2;0;0;0m [48;2;230;230;231m [48;2;241;237;240m[38;2;32;28;31m▅[48;2;217;213;217m[38;2;46;41;45m▄[48;2;246;245;247m[38;2;116;114;117m▁[48;2;245;243;246m[38;2;132;130;133m▁[48;2;250;250;252m[38;2;250;250;252m  [48;2;81;76;80m[38;2;230;226;230m▊[48;2;14;10;13m[38;2;93;88;92m▁[48;2;3;1;6m[38;2;3;1;6m    [48;2;3;1;4m[38;2;3;1;4m  [0m
[48;2;1;1;1m[38;2;1;1;1m              [48;2;2;0;3m[38;2;2;0;3m  [48;2;1;1;3m[38;2;1;1;3m    [48;2;3;1;6m[38;2;3;1;6m  [48;2;3;1;4m[38;2;3;1;4m  [48;2;1;1;3m[38;2;1;1;3m    [48;2;3;1;6m[38;2;3;1;6m  [48;2;38;36;39m[38;2;6;5;7m▊[48;2;247;245;248m[38;2;161;159;162m▎[48;2;255;254;255m[38;2;248;246;249m▄[48;2;226;224;227m[38;2;114;112;115m▁[48;2;3;0;2m[38;2;68;63;67m▎[48;2;85;80;84m[38;2;8;3;7m▊[48;2;255;255;255m[38;2;236;236;238m▌[48;2;252;252;253m[38;2;244;244;246m┃[48;2;250;250;252m[38;2;250;250;252m      [48;2;244;243;245m[38;2;0;0;0m [48;2;197;195;198m [48;2;3;1;4m[38;2;3;1;4m  [48;2;3;1;6m[38;2;1;0;4m┃[48;2;27;25;30m[38;2;0;0;0m [48;2;234;233;235m[38;2;66;64;67m▅[48;2;240;238;241m[38;2;143;141;144m▁[48;2;247;242;246m[38;2;255;253;255m┃[48;2;48;43;47m[38;2;222;217;221m▊[48;2;2;0;5m[38;2;2;0;5m  [48;2;3;1;6m[38;2;3;1;6m  [48;2;3;1;4m[38;2;3;1;4m  [0m
[48;2;1;1;1m[38;2;1;1;1m                [48;2;3;1;4m[38;2;3;1;4m  [48;2;3;1;6m[38;2;3;1;6m  [48;2;2;0;3m[38;2;2;0;3m  [48;2;3;1;6m[38;2;3;1;6m  [48;2;2;0;3m[38;2;2;0;3m  [48;2;1;1;1m[38;2;1;1;1m  [48;2;1;1;3m[38;2;1;1;3m  [48;2;45;18;22m[38;2;6;8;4m▊[48;2;209;180;186m[38;2;181;60;96m▄[48;2;230;228;230m[38;2;218;78;105m▅[48;2;36;30;33m[38;2;152;52;66m▅[48;2;1;0;2m[38;2;6;4;7m▖[48;2;7;6;8m[38;2;29;27;30m▝[48;2;225;223;226m[38;2;39;37;40m▅[48;2;248;246;248m[38;2;224;222;224m▎[48;2;250;250;252m[38;2;250;250;252m    [48;2;248;248;250m[38;2;248;248;250m  [48;2;110;105;109m[38;2;217;212;216m▊[48;2;8;3;7m[38;2;35;30;34m▎[48;2;1;1;3m[38;2;1;1;3m  [48;2;3;1;6m[38;2;3;1;6m  [48;2;6;5;9m[38;2;0;0;0m [48;2;180;178;183m[38;2;21;20;24m▊[48;2;230;214;212m[38;2;138;78;90m▁[48;2;191;78;108m[38;2;241;207;211m▘[48;2;53;26;31m[38;2;164;49;83m▃[48;2;20;9;9m[38;2;0;0;0m [48;2;3;1;6m[38;2;3;1;6m  [48;2;1;1;3m[38;2;1;1;3m  [0m
[48;2;1;1;1m[38;2;1;1;1m                    [48;2;0;0;0m[38;2;0;0;0m  [48;2;1;1;3m[38;2;1;1;3m  [48;2;1;1;1m[38;2;1;1;1m    [48;2;2;0;3m[38;2;2;0;3m  [48;2;38;10;16m[38;2;3;3;7m▊[48;2;189;61;85m[38;2;86;40;36m▂[48;2;203;66;93m[38;2;89;34;33m▂[48;2;8;4;10m[38;2;59;22;30m▎[48;2;3;0;2m[38;2;23;18;22m▄[48;2;26;22;25m[38;2;152;147;151m▁[48;2;38;33;36m[38;2;214;209;213m▅[48;2;213;208;212m[38;2;80;74;78m▅[48;2;229;225;228m[38;2;63;57;61m▅[48;2;228;223;227m[38;2;27;22;25m▅[48;2;222;219;220m[38;2;24;20;21m▅▅[48;2;229;224;226m[38;2;71;66;67m▅[48;2;206;200;202m[38;2;86;80;82m▅[48;2;36;32;35m[38;2;231;227;230m▅[48;2;25;21;24m[38;2;209;204;208m▅[48;2;1;0;2m[38;2;6;4;7m▃[38;2;8;6;9m━[48;2;3;1;6m[38;2;3;1;6m    [48;2;22;12;10m[38;2;0;0;0m [48;2;179;63;94m[38;2;62;18;24m▄[48;2;190;62;93m[38;2;70;32;32m▂[48;2;135;52;67m[38;2;13;8;3m▅[48;2;1;1;3m[38;2;1;1;3m  [48;2;1;1;1m[38;2;1;1;1m  [0m
[48;2;1;1;1m[38;2;1;1;1m                        [48;2;1;1;3m[38;2;1;1;3m  [48;2;3;1;6m[38;2;3;1;6m  [48;2;2;0;3m[38;2;2;0;3m    [48;2;3;0;4m[38;2;23;18;24m▄[48;2;26;22;27m[38;2;152;147;153m▁[48;2;50;48;51m[38;2;225;223;225m▅[48;2;243;242;244m[38;2;0;0;0m [48;2;250;250;252m[38;2;250;250;252m  [48;2;168;163;167m[38;2;247;243;246m▊[48;2;41;37;40m[38;2;166;161;165m▁[48;2;24;19;24m[38;2;165;158;165m▅[48;2;52;46;52m[38;2;171;164;171m▁[48;2;232;230;233m[38;2;99;97;100m▁[48;2;247;245;247m[38;2;0;0;0m [48;2;250;250;252m[38;2;250;250;252m  [48;2;231;229;232m[38;2;0;0;0m [48;2;77;75;78m[38;2;222;220;223m┓[48;2;2;0;5m[38;2;2;0;5m  [48;2;3;1;4m[38;2;3;1;4m  [48;2;1;1;1m[38;2;1;1;1m      [48;2;1;1;3m[38;2;1;1;3m  [0m
[48;2;1;1;1m[38;2;1;1;1m                    [48;2;2;0;3m[38;2;2;0;3m  [48;2;1;1;1m[38;2;1;1;1m  [48;2;3;1;6m[38;2;3;1;6m    [48;2;1;1;3m[38;2;1;1;3m  [48;2;3;1;4m[38;2;3;1;4m  [48;2;31;27;30m[38;2;176;171;175m▁[48;2;247;243;246m[38;2;200;195;199m▎[48;2;250;250;252m[38;2;250;250;252m    [48;2;255;255;255m[38;2;244;244;246m▌[48;2;173;173;175m[38;2;245;245;246m▊[48;2;114;109;113m[38;2;19;15;18m▊[48;2;231;227;231m[38;2;0;0;0m [48;2;64;58;62m[38;2;214;209;212m▅[48;2;220;215;218m[38;2;53;47;51m▅[48;2;249;249;251m[38;2;249;249;251m  [48;2;244;244;246m[38;2;0;0;0m [48;2;235;235;237m [48;2;76;71;77m[38;2;227;223;228m┓[48;2;3;0;4m[38;2;9;4;10m▄[48;2;1;1;3m[38;2;1;1;3m  [48;2;1;1;1m[38;2;1;1;1m        [0m
[48;2;1;1;1m[38;2;1;1;1m                  [48;2;1;1;3m[38;2;1;1;3m  [48;2;2;0;3m[38;2;2;0;3m  [48;2;1;1;3m[38;2;1;1;3m  [48;2;3;1;6m[38;2;3;1;6m    [48;2;2;0;3m[38;2;2;0;3m  [48;2;1;0;2m[38;2;10;8;11m│[48;2;31;29;32m[38;2;199;197;200m▁[48;2;250;250;251m[38;2;207;207;209m▎[48;2;242;242;244m[38;2;253;253;254m┃[48;2;250;250;252m[38;2;250;250;252m    [48;2;239;235;238m[38;2;0;0;0m [48;2;199;194;198m[38;2;90;85;89m▅[48;2;78;73;77m[38;2;180;175;179m▅[48;2;232;227;231m[38;2;0;0;0m [48;2;195;190;192m[38;2;105;99;101m▅[48;2;72;66;68m[38;2;236;231;233m▅[48;2;249;249;251m[38;2;249;249;251m  [48;2;250;250;252m[38;2;250;250;252m  [48;2;87;85;88m[38;2;239;237;240m▊[48;2;1;0;2m[38;2;10;8;11m│[48;2;2;0;3m[38;2;2;0;3m  [48;2;1;1;1m[38;2;1;1;1m        [0m
[48;2;1;1;1m[38;2;1;1;1m                  [48;2;2;0;3m[38;2;2;0;3m    [48;2;3;1;6m[38;2;3;1;6m      [48;2;1;1;3m[38;2;1;1;3m  [48;2;38;36;37m[38;2;6;5;5m▊[48;2;247;245;246m[38;2;161;159;160m▎[48;2;250;250;252m[38;2;250;250;252m    [48;2;248;248;250m[38;2;248;248;250m  [48;2;221;216;220m[38;2;31;26;30m▁[48;2;195;191;194m[38;2;24;19;23m▅[48;2;12;7;11m[38;2;3;0;2m┏[48;2;212;207;211m[38;2;30;26;29m▅[48;2;231;229;232m[38;2;71;69;72m▁[48;2;245;244;246m[38;2;0;0;0m [48;2;250;250;252m[38;2;250;250;252m    [48;2;233;231;233m[38;2;0;0;0m [48;2;80;78;81m[38;2;225;223;225m┓[48;2;1;1;3m[38;2;1;1;3m  [48;2;1;1;1m[38;2;1;1;1m        [0m
[48;2;4;2;10m[38;2;23;2;126m▂▂▂▂▂▂▂▂▂▂▂▂▂▂▂▂▂▂[48;2;5;3;12m[38;2;24;2;129m▂▂[48;2;4;2;10m[38;2;23;2;126m▂▂[48;2;5;3;12m[38;2;24;2;129m▂▂▂▂▂▂[48;2;5;3;11m[38;2;24;3;127m▂▂[48;2;17;15;18m[38;2;177;175;178m▂[48;2;245;244;246m[38;2;173;171;174m▎[48;2;250;250;252m[38;2;250;250;252m    [48;2;196;192;208m[38;2;245;243;243m▊[48;2;183;181;186m[38;2;26;18;65m▅[48;2;6;3;13m[38;2;25;3;130m▂▂[48;2;5;3;12m[38;2;24;2;129m▂▂[48;2;39;38;36m[38;2;33;13;145m▂[48;2;239;237;242m[38;2;114;96;200m▂[48;2;250;250;252m[38;2;250;250;252m    [48;2;249;249;251m[38;2;232;232;234m╵[48;2;128;128;130m[38;2;234;234;236m▊[48;2;22;20;28m[38;2;190;180;226m▁[48;2;5;2;21m[38;2;56;29;181m▁[48;2;4;2;10m[38;2;23;2;126m▂▂▂▂▂▂▂▂[0m
[48;2;38;3;183m[38;2;38;3;183m                              [48;2;247;246;250m[38;2;176;175;181m▎[48;2;247;246;252m[38;2;255;254;255m▌[48;2;250;250;252m[38;2;250;250;252m  [38;2;254;254;255m▌[48;2;239;239;241m[38;2;243;243;245m▌[48;2;229;221;239m[38;2;59;31;186m▆[48;2;37;9;179m[38;2;43;13;179m▄[48;2;38;3;183m[38;2;38;3;183m    [48;2;33;1;174m[38;2;46;12;187m▘[48;2;37;5;178m[38;2;76;42;217m▝[48;2;227;225;230m[38;2;79;59;187m▆[48;2;247;244;245m[38;2;0;0;0m [48;2;250;250;252m[38;2;250;250;252m    [48;2;68;45;161m[38;2;242;238;236m▊[48;2;29;0;193m[38;2;44;10;193m▊[48;2;38;3;183m[38;2;38;3;183m        [0m
[48;2;38;3;183m[38;2;38;3;183m                            [48;2;39;4;184m[38;2;39;4;184m  [48;2;247;246;250m[38;2;176;175;181m▎[48;2;247;246;252m[38;2;255;254;255m▌[48;2;250;250;252m[38;2;250;250;252m  [48;2;255;255;255m[38;2;249;249;251m▌[48;2;231;231;233m▌[48;2;36;6;173m[38;2;83;55;191m▎[48;2;39;4;185m[38;2;50;12;209m▎[48;2;38;3;183m[38;2;38;3;183m      [48;2;44;15;183m[38;2;0;0;0m [48;2;236;228;249m[38;2;82;60;180m▆[48;2;250;250;252m[38;2;250;250;252m    [48;2;67;44;161m[38;2;241;237;237m▊[48;2;28;0;193m[38;2;43;9;194m▊[48;2;38;3;183m[38;2;38;3;183m        [0m
[48;2;38;3;185m[38;2;38;3;185m                            [48;2;39;4;184m[38;2;39;4;184m  [48;2;247;246;250m[38;2;176;175;181m▎[48;2;247;246;252m[38;2;255;254;255m▌[48;2;250;250;252m[38;2;250;250;252m  [48;2;213;206;241m[38;2;248;247;246m▊[48;2;209;203;224m[38;2;52;28;175m▆[48;2;39;4;184m[38;2;39;4;184m  [48;2;38;3;185m[38;2;38;3;185m      [48;2;35;4;159m[38;2;37;5;190m▊[48;2;174;158;221m[38;2;42;9;180m▊[48;2;250;250;252m[38;2;250;250;252m    [48;2;67;44;161m[38;2;241;237;237m▊[48;2;28;0;193m[38;2;43;9;194m▊[48;2;38;3;185m[38;2;38;3;185m        [0m
[48;2;38;3;185m[38;2;38;3;185m                            [48;2;39;4;184m[38;2;39;4;184m  [48;2;247;246;250m[38;2;176;175;181m▎[48;2;247;246;252m[38;2;255;254;255m▌[48;2;249;249;251m[38;2;249;249;251m  [48;2;225;219;232m[38;2;59;37;171m▂[48;2;36;5;188m[38;2;70;43;184m▎[48;2;38;3;185m[38;2;38;3;185m        [48;2;33;0;176m[38;2;40;5;183m▝[48;2;57;22;200m[38;2;35;2;178m▄[48;2;207;202;224m[38;2;81;59;186m▆[48;2;247;244;253m[38;2;246;247;229m▗[48;2;250;250;252m[38;2;250;250;252m  [48;2;67;44;161m[38;2;241;237;237m▊[48;2;28;0;193m[38;2;43;9;194m▊[48;2;38;3;185m[38;2;38;3;185m        [0m
[48;2;38;3;185m[38;2;38;3;185m                          [48;2;39;4;184m[38;2;39;4;184m  [48;2;45;3;185m[38;2;20;15;53m▃[48;2;43;11;177m[38;2;165;53;103m▂[48;2;227;206;216m[38;2;206;71;99m▆[48;2;234;213;224m[38;2;212;77;105m▆[48;2;244;212;212m[38;2;211;75;108m▆[48;2;205;118;135m[38;2;20;16;6m▂[48;2;38;8;166m[38;2;8;0;29m▂▂[48;2;39;5;187m[38;2;12;1;43m▃▃[48;2;36;3;183m[38;2;20;9;49m▃▃[48;2;39;5;187m[38;2;12;1;43m▃▃▃▃[48;2;36;3;185m[38;2;20;8;51m▃▃[48;2;77;52;189m[38;2;28;19;51m▃[48;2;233;228;230m[38;2;47;42;41m▂[48;2;246;247;248m[38;2;224;112;130m▃▃[48;2;178;112;156m[38;2;228;232;236m┛[48;2;42;8;173m[38;2;151;48;126m▂[48;2;38;3;185m[38;2;38;3;185m        [0m
[48;2;38;3;185m[38;2;38;3;185m                          [48;2;34;10;130m[38;2;18;13;47m━[48;2;92;39;139m[38;2;104;44;57m▅[48;2;151;53;74m[38;2;19;15;6m▂[48;2;186;63;92m[38;2;25;6;5m▂[48;2;213;69;101m[38;2;49;20;15m▃▃[48;2;145;52;81m[38;2;17;8;7m▆[48;2;12;6;6m[38;2;0;0;0m [48;2;1;1;1m[38;2;1;1;1m  [48;2;1;1;3m[38;2;1;1;3m    [48;2;1;1;1m[38;2;1;1;1m  [48;2;1;1;3m[38;2;1;1;3m  [48;2;1;1;1m[38;2;1;1;1m  [48;2;4;2;3m[38;2;4;2;3m  [48;2;158;61;88m[38;2;11;10;5m▆[48;2;166;45;80m[38;2;38;14;17m▆[48;2;218;78;109m[38;2;45;19;22m▃[48;2;199;59;91m[38;2;45;20;23m▃[48;2;62;20;147m[38;2;96;34;62m▆[48;2;33;13;117m[38;2;32;10;124m▄[48;2;38;3;185m[38;2;38;3;185m      [0m
[48;2;38;3;185m[38;2;38;3;185m                          [48;2;37;2;182m[38;2;37;5;163m▝[48;2;37;22;78m[38;2;37;2;183m▆[48;2;19;8;43m[38;2;38;5;179m▆▆[48;2;15;4;39m[38;2;40;6;180m▆▆[48;2;19;7;45m[38;2;38;5;181m▆▆▆▆▆▆[48;2;19;8;43m[38;2;38;5;179m▆▆▆▆[48;2;19;7;45m[38;2;38;5;181m▆▆[48;2;19;8;43m[38;2;38;5;179m▆▆[48;2;19;7;45m[38;2;38;5;181m▆▆[48;2;15;4;39m[38;2;40;6;180m▆▆[48;2;19;7;45m[38;2;38;5;181m▆▆[48;2;37;16;109m[38;2;37;3;178m▆[48;2;37;1;184m[38;2;37;3;172m▘[48;2;38;3;185m[38;2;38;3;185m      [0m
[48;2;40;2;185m[38;2;40;2;185m                                                            [0m
[48;2;40;2;185m[38;2;40;2;185m                                                            [0m
