[48;2;1;1;1m[38;2;1;1;1m                                                            [0m
[48;2;1;1;1m[38;2;1;1;1m                                                            [0m
[48;2;1;1;1m[38;2;1;1;1m                                                            [0m
[48;2;1;1;1m[38;2;1;1;1m                                                      [48;2;1;1;3m[38;2;1;1;3m  [48;2;1;1;1m[38;2;1;1;1m    [0m
[48;2;1;1;1m[38;2;1;1;1m                          [48;2;3;1;6m[38;2;3;1;6m  [48;2;1;1;3m[38;2;1;1;3m  [48;2;1;1;1m[38;2;1;1;1m        [48;2;3;1;4m[38;2;3;1;4m  [48;2;3;1;6m[38;2;3;1;6m  [48;2;3;1;4m[38;2;3;1;4m  [48;2;1;1;3m[38;2;1;1;3m  [48;2;1;1;1m[38;2;1;1;1m      [48;2;3;1;4m[38;2;3;1;4m  [48;2;3;1;6m[38;2;3;1;6m  [48;2;2;0;3m[38;2;2;0;3m  [48;2;1;1;1m[38;2;1;1;1m  [0m
[48;2;1;1;1m[38;2;1;1;1m                        [48;2;1;1;3m[38;2;1;1;3m  [48;2;3;1;6m[38;2;3;1;6m    [48;2;2;0;3m[38;2;2;0;3m  [48;2;1;1;3m[38;2;1;1;3m  [48;2;2;0;3m[38;2;2;0;3m  [48;2;1;1;3m[38;2;1;1;3m    [48;2;3;1;4m[38;2;3;1;4m    [48;2;1;1;3m[38;2;1;1;3m  [48;2;1;1;1m[38;2;1;1;1m    [48;2;3;1;6m[38;2;3;1;6m      [48;2;1;1;3m[38;2;1;1;3m  [48;2;1;1;1m[38;2;1;1;1m  [0m
[48;2;1;1;1m[38;2;1;1;1m                    [48;2;3;1;6m[38;2;3;1;6m    [48;2;3;1;4m[38;2;3;1;4m  [48;2;3;1;6m[38;2;3;1;6m    [48;2;2;0;3m[38;2;2;0;3m  [48;2;3;1;6m[38;2;3;1;6m    [48;2;19;14;18m[38;2;0;0;0m [48;2;20;16;19m[38;2;206;202;206m▄[48;2;15;11;14m[38;2;226;221;225m▄▄[48;2;19;14;18m[38;2;193;189;192m▄[48;2;3;0;2m[38;2;9;4;8m▄[48;2;3;1;6m[38;2;3;1;6m  [48;2;2;0;3m[38;2;2;0;3m    [48;2;3;1;4m[38;2;3;1;4m  [48;2;3;1;6m[38;2;3;1;6m      [48;2;1;1;3m[38;2;1;1;3m  [48;2;1;1;1m[38;2;1;1;1m  [0m
[48;2;1;1;1m[38;2;1;1;1m                    [48;2;1;1;3m[38;2;1;1;3m  [48;2;3;1;6m[38;2;3;1;6m          [48;2;1;1;3m[38;2;1;1;3m  [48;2;1;0;2m[38;2;5;3;6m▖[48;2;7;5;8m[38;2;28;26;29m▝[48;2;193;183;181m[38;2;35;14;16m▃[48;2;248;238;237m[38;2;185;72;104m▄[48;2;250;239;244m[38;2;205;89;107m▄▄[48;2;223;221;224m[38;2;244;243;245m▇[48;2;163;161;164m[38;2;230;228;231m▊[48;2;4;2;7m[38;2;20;18;23m▌[48;2;7;5;10m[38;2;1;0;4m▊[48;2;2;0;3m[38;2;2;0;3m    [48;2;3;1;4m[38;2;3;1;4m  [48;2;3;1;6m[38;2;3;1;6m        [48;2;3;1;4m[38;2;3;1;4m  [0m
[48;2;1;1;1m[38;2;1;1;1m                    [48;2;2;2;4m[38;2;2;2;4m  [48;2;3;1;4m[38;2;3;1;4m  [48;2;3;1;6m[38;2;3;1;6m      [48;2;1;1;3m[38;2;1;1;3m  [48;2;1;1;1m[38;2;1;1;1m    [48;2;16;9;6m[38;2;0;0;0m [48;2;38;14;17m[38;2;186;60;97m▄[48;2;192;55;85m[38;2;214;73;105m▄[48;2;47;23;17m[38;2;203;66;97m▄[48;2;226;131;151m[38;2;215;77;102m▊[48;2;154;157;166m[38;2;235;231;234m▊[48;2;5;4;8m[38;2;23;21;26m▌[48;2;10;8;13m[38;2;1;0;4m▌[48;2;1;1;3m[38;2;1;1;3m        [48;2;3;1;4m[38;2;3;1;4m  [48;2;3;1;6m[38;2;3;1;6m    [48;2;1;1;3m[38;2;1;1;3m  [0m
[48;2;1;1;1m[38;2;1;1;1m                [48;2;2;0;3m[38;2;2;0;3m  [48;2;3;1;4m[38;2;3;1;4m  [48;2;2;0;3m[38;2;2;0;3m  [48;2;1;1;1m[38;2;1;1;1m  [48;2;1;1;3m[38;2;1;1;3m    [48;2;1;1;1m[38;2;1;1;1m      [48;2;14;12;15m[38;2;82;80;83m▁[48;2;21;20;22m[38;2;224;222;225m▄[48;2;36;27;31m[38;2;223;214;219m▄[48;2;216;80;105m[38;2;0;0;0m [48;2;217;73;100m[38;2;217;73;100m  [48;2;233;139;157m[38;2;213;75;97m▊[48;2;241;226;232m[38;2;246;255;255m┃[48;2;244;243;245m[38;2;175;173;176m▝[48;2;32;30;33m[38;2;237;235;238m▄[48;2;20;19;21m[38;2;203;201;203m▄[48;2;11;9;12m[38;2;59;57;60m▁[48;2;3;1;6m[38;2;3;1;6m    [48;2;3;1;4m[38;2;3;1;4m  [48;2;1;1;3m[38;2;1;1;3m  [48;2;1;1;1m[38;2;1;1;1m      [0m
[48;2;1;1;1m[38;2;1;1;1m            [48;2;1;1;3m[38;2;1;1;3m  [48;2;3;1;6m[38;2;3;1;6m      [48;2;1;1;3m[38;2;1;1;3m  [48;2;1;1;1m[38;2;1;1;1m          [48;2;13;11;14m[38;2;0;0;0m [48;2;37;35;38m[38;2;221;219;222m▄[48;2;228;228;230m[38;2;249;249;251m▄[48;2;250;250;252m[38;2;0;0;0m [48;2;253;252;254m[38;2;247;245;248m▃[48;2;245;243;246m[38;2;232;230;233m▝[48;2;209;81;111m[38;2;235;234;222m▄[48;2;230;141;158m[38;2;214;78;110m▊[48;2;248;248;250m[38;2;248;248;250m  [48;2;250;250;252m[38;2;250;250;252m  [48;2;238;236;239m[38;2;255;254;255m▊[48;2;231;229;231m[38;2;0;0;0m [48;2;27;23;28m[38;2;202;198;203m▄[48;2;12;8;13m[38;2;90;85;91m▁[48;2;3;1;6m[38;2;3;1;6m      [48;2;3;1;4m[38;2;3;1;4m  [48;2;1;1;3m[38;2;1;1;3m    [0m
[48;2;1;1;1m[38;2;1;1;1m            [48;2;3;1;6m[38;2;3;1;6m      [48;2;3;1;4m[38;2;3;1;4m  [48;2;1;1;3m[38;2;1;1;3m  [48;2;1;1;1m[38;2;1;1;1m    [48;2;2;0;3m[38;2;2;0;3m  [48;2;3;1;4m[38;2;3;1;4m  [48;2;2;2;4m[38;2;0;0;2m▊[48;2;12;12;14m[38;2;7;7;9m▌[48;2;50;48;51m[38;2;230;228;230m▄[48;2;238;236;238m[38;2;0;0;0m [48;2;250;250;252m[38;2;250;250;252m            [48;2;236;236;238m[38;2;249;249;251m▊[48;2;229;229;230m[38;2;0;0;0m [48;2;34;30;35m[38;2;194;190;195m▄[48;2;7;3;8m[38;2;0;0;0m [48;2;3;1;6m[38;2;3;1;6m        [48;2;1;1;1m[38;2;1;1;1m  [0m
[48;2;1;1;1m[38;2;1;1;1m            [48;2;1;1;3m[38;2;1;1;3m  [48;2;3;1;6m[38;2;3;1;6m  [48;2;2;0;3m[38;2;2;0;3m  [48;2;1;1;1m[38;2;1;1;1m  [48;2;3;1;6m[38;2;3;1;6m    [48;2;1;1;1m[38;2;1;1;1m  [48;2;3;1;6m[38;2;3;1;6m    [48;2;54;49;53m[38;2;3;0;2m▊[48;2;46;42;45m[38;2;220;216;219m▄[48;2;241;241;243m[38;2;0;0;0m  [48;2;245;241;245m[38;2;57;53;56m▅[48;2;248;244;247m[38;2;214;209;213m▎[48;2;250;250;252m[38;2;250;250;252m        [48;2;244;244;245m[38;2;0;0;0m [48;2;243;243;245m[38;2;152;152;154m▁[48;2;250;250;252m[38;2;250;250;252m  [48;2;226;224;226m[38;2;0;0;0m [48;2;64;62;64m[38;2;199;198;200m┓[48;2;3;1;6m[38;2;3;1;6m        [48;2;3;1;4m[38;2;3;1;4m  [0m
[48;2;1;1;1m[38;2;1;1;1m              [48;2;2;0;3m[38;2;2;0;3m  [48;2;1;1;3m[38;2;1;1;3m    [48;2;3;1;6m[38;2;3;1;6m  [48;2;3;1;4m[38;2;3;1;4m  [48;2;1;1;3m[38;2;1;1;3m    [48;2;3;1;6m[38;2;3;1;6m  [48;2;38;36;39m[38;2;6;5;7m▊[48;2;247;245;248m[38;2;161;159;162m▎[48;2;255;254;255m[38;2;248;246;249m▄[48;2;226;224;227m[38;2;114;112;115m▁[48;2;58;53;57m[38;2;8;3;7m┃[48;2;251;247;250m[38;2;180;175;179m▎[48;2;250;250;252m[38;2;250;250;252m      [48;2;248;248;250m[38;2;248;248;250m  [48;2;111;106;110m[38;2;223;219;222m▊[48;2;108;103;107m[38;2;19;14;18m▊[48;2;241;239;242m[38;2;129;127;130m▁[48;2;249;247;249m[38;2;0;0;0m [48;2;249;248;252m[38;2;249;248;252m▄[48;2;69;68;73m[38;2;238;237;242m▊[48;2;3;1;6m[38;2;3;1;6m        [48;2;3;1;4m[38;2;3;1;4m  [0m
[48;2;1;1;1m[38;2;1;1;1m                [48;2;3;1;4m[38;2;3;1;4m  [48;2;3;1;6m[38;2;3;1;6m  [48;2;2;0;3m[38;2;2;0;3m  [48;2;3;1;6m[38;2;3;1;6m  [48;2;2;0;3m[38;2;2;0;3m  [48;2;1;1;1m[38;2;1;1;1m  [48;2;1;1;3m[38;2;1;1;3m  [48;2;36;28;31m[38;2;11;4;5m▊[48;2;232;227;230m[38;2;156;148;151m▎[48;2;231;235;238m[38;2;206;165;181m▂[48;2;12;4;8m[38;2;78;69;74m▎[48;2;59;54;58m[38;2;12;8;11m▊[48;2;226;221;225m[38;2;110;105;109m▁[48;2;250;250;252m[38;2;250;250;252m      [48;2;252;250;252m[38;2;244;242;245m┃[48;2;152;150;153m[38;2;243;242;244m▊[48;2;4;2;7m[38;2;4;2;7m  [48;2;165;163;166m[38;2;14;12;15m▊[48;2;252;250;253m[38;2;242;240;243m│[48;2;255;254;255m▄[48;2;72;70;73m[38;2;206;204;207m▊[48;2;3;1;6m[38;2;3;1;6m        [48;2;1;1;3m[38;2;1;1;3m  [0m
[48;2;1;1;1m[38;2;1;1;1m                    [48;2;0;0;0m[38;2;0;0;0m  [48;2;1;1;3m[38;2;1;1;3m  [48;2;1;1;1m[38;2;1;1;1m    [48;2;2;0;3m[38;2;2;0;3m  [48;2;34;20;19m[38;2;5;2;5m▊[48;2;214;67;93m[38;2;118;40;53m▎[48;2;163;57;79m[38;2;220;72;98m▊[48;2;37;25;31m[38;2;172;161;166m▁[48;2;29;24;28m[38;2;226;221;225m▅[48;2;38;34;37m[38;2;220;216;219m▅[48;2;220;216;220m[38;2;72;67;71m▅[48;2;231;227;230m[38;2;40;35;39m▅[48;2;239;234;238m[38;2;64;59;63m▁▁[48;2;239;238;240m[38;2;63;61;64m▁▁[48;2;223;218;220m[38;2;80;74;76m▁[48;2;205;199;201m[38;2;94;88;90m▅[48;2;32;28;31m[38;2;208;203;207m▅[48;2;21;17;20m[38;2;155;150;154m▁[48;2;133;82;93m[38;2;33;18;17m▊[48;2;241;226;228m[38;2;216;98;133m▅[48;2;81;72;77m[38;2;224;216;221m▊[48;2;8;1;4m[38;2;22;13;18m│[48;2;3;1;6m[38;2;3;1;6m  [48;2;1;1;3m[38;2;1;1;3m  [48;2;3;1;4m[38;2;3;1;4m  [48;2;1;1;3m[38;2;1;1;3m  [48;2;1;1;1m[38;2;1;1;1m  [0m
[48;2;1;1;1m[38;2;1;1;1m                        [48;2;1;1;3m[38;2;1;1;3m  [48;2;3;1;6m[38;2;3;1;6m  [48;2;2;0;3m[38;2;2;0;3m  [48;2;9;5;3m[38;2;0;0;0m [48;2;171;59;95m[38;2;27;16;18m▅[48;2;206;92;126m[38;2;230;217;217m▅[48;2;244;242;240m[38;2;0;0;0m [48;2;250;250;252m[38;2;250;250;252m  [48;2;240;239;241m[38;2;0;0;0m [48;2;43;41;44m[38;2;208;207;209m▅[48;2;12;8;13m[38;2;36;31;37m╸[48;2;18;14;19m[38;2;144;139;145m▁[48;2;67;62;66m[38;2;11;7;10m▊[48;2;46;41;45m[38;2;223;219;222m▅[48;2;60;58;61m[38;2;239;237;239m▅[48;2;244;243;245m[38;2;0;0;0m [48;2;239;237;238m[38;2;247;254;253m▊[48;2;212;186;195m[38;2;252;239;245m▊[48;2;219;73;104m[38;2;195;160;154m▁[48;2;184;62;85m[38;2;44;32;22m▁[48;2;152;44;81m[38;2;13;5;7m▅[48;2;6;4;2m[38;2;0;0;0m [48;2;3;1;4m[38;2;3;1;4m  [48;2;1;1;1m[38;2;1;1;1m      [48;2;1;1;3m[38;2;1;1;3m  [0m
[48;2;1;1;1m[38;2;1;1;1m                    [48;2;2;0;3m[38;2;2;0;3m  [48;2;1;1;1m[38;2;1;1;1m  [48;2;3;1;6m[38;2;3;1;6m    [48;2;2;0;3m[38;2;2;0;3m  [48;2;26;21;25m[38;2;168;163;167m▁[48;2;41;36;40m[38;2;217;213;216m▅[48;2;241;241;243m[38;2;251;251;252m▄[48;2;250;250;251m[38;2;240;240;242m▃[48;2;250;250;252m[38;2;250;250;252m  [48;2;255;255;255m[38;2;246;246;248m▌[48;2;175;175;177m[38;2;246;246;247m▊[48;2;49;44;47m[38;2;187;181;185m▁[48;2;221;216;220m[38;2;82;76;80m▁[48;2;67;61;63m[38;2;224;219;221m▅[48;2;217;212;214m[38;2;91;85;87m▅[48;2;232;230;233m[38;2;45;43;46m▁[48;2;239;238;240m[38;2;72;70;73m▁[48;2;250;250;252m[38;2;250;250;252m  [48;2;125;120;124m[38;2;241;237;240m▊[48;2;22;17;21m[38;2;138;133;137m▁[48;2;3;1;6m[38;2;3;1;6m  [48;2;1;1;3m[38;2;1;1;3m  [48;2;1;1;1m[38;2;1;1;1m        [0m
[48;2;1;1;1m[38;2;1;1;1m                  [48;2;1;1;3m[38;2;1;1;3m  [48;2;2;0;3m[38;2;2;0;3m  [48;2;1;1;3m[38;2;1;1;3m  [48;2;3;1;6m[38;2;3;1;6m    [48;2;4;2;5m[38;2;4;2;5m  [48;2;249;249;251m[38;2;148;148;150m▎[48;2;255;255;255m[38;2;235;235;237m│[48;2;250;250;252m[38;2;250;250;252m    [48;2;248;248;250m[38;2;248;248;250m  [48;2;225;220;224m[38;2;37;32;36m▁[48;2;67;62;66m[38;2;167;162;166m▅[48;2;207;202;206m[38;2;51;47;50m▅[48;2;235;231;234m[38;2;0;0;0m [48;2;44;39;43m[38;2;242;238;241m▅[48;2;59;54;58m[38;2;220;216;220m▅[48;2;223;221;224m[38;2;106;104;107m▅[48;2;244;243;245m[38;2;227;225;228m⎽[48;2;251;251;252m[38;2;229;229;231m╷[48;2;124;124;126m[38;2;241;241;242m▊[48;2;15;13;18m[38;2;155;153;158m▁[48;2;8;6;11m[38;2;0;0;0m [48;2;2;0;3m[38;2;2;0;3m  [48;2;1;1;1m[38;2;1;1;1m        [0m
[48;2;1;1;1m[38;2;1;1;1m                  [48;2;2;0;3m[38;2;2;0;3m    [48;2;3;1;6m[38;2;3;1;6m      [48;2;29;27;30m[38;2;6;4;7m▊[48;2;40;38;41m[38;2;206;204;207m▅[48;2;249;249;250m[38;2;211;211;213m▘[48;2;250;250;251m[38;2;0;0;0m [48;2;250;250;252m[38;2;250;250;252m  [48;2;248;248;250m[38;2;248;248;250m  [48;2;219;214;218m[38;2;41;36;40m▁[48;2;198;193;197m[38;2;22;18;21m▅[48;2;4;2;7m[38;2;4;2;7m  [48;2;18;14;17m[38;2;0;0;0m [48;2;199;195;199m[38;2;38;33;37m▅[48;2;248;248;250m[38;2;248;248;250m  [48;2;250;250;252m[38;2;250;250;252m    [48;2;89;84;88m[38;2;240;236;240m▊[48;2;3;0;2m[38;2;12;7;11m│[48;2;1;1;3m[38;2;1;1;3m  [48;2;1;1;1m[38;2;1;1;1m        [0m
[48;2;4;2;10m[38;2;23;2;126m▂▂▂▂▂▂▂▂▂▂▂▂▂▂▂▂▂▂[48;2;5;3;12m[38;2;24;2;129m▂▂[48;2;4;2;10m[38;2;23;2;126m▂▂[48;2;5;3;12m[38;2;24;2;129m▂▂▂▂▂▂[48;2;15;13;18m[38;2;173;171;176m▂[48;2;243;241;245m[38;2;168;166;170m▎[48;2;250;250;252m[38;2;250;250;252m  [48;2;249;249;251m[38;2;249;249;251m  [48;2;222;215;228m[38;2;56;24;193m▁[48;2;230;226;226m[38;2;43;34;75m▆[48;2;6;4;13m[38;2;25;4;130m▂▂[48;2;5;3;12m[38;2;24;2;129m▂▂[38;2;30;8;135m▂[48;2;18;15;25m[38;2;27;5;131m▂[48;2;237;237;224m[38;2;59;51;97m▆[48;2;232;228;239m[38;2;51;25;176m▁[48;2;250;250;252m[38;2;250;250;252m    [48;2;234;233;236m[38;2;0;0;0m [48;2;81;79;84m[38;2;228;226;230m┓[48;2;4;2;10m[38;2;23;2;126m▂▂▂▂▂▂▂▂▂▂[0m
[48;2;38;3;183m[38;2;38;3;183m                            [48;2;245;242;254m[38;2;154;150;177m▎[48;2;249;249;242m[38;2;250;250;251m▌[48;2;250;250;252m[38;2;250;250;252m  [48;2;241;241;243m[38;2;253;253;254m┃[48;2;206;206;208m[38;2;249;249;250m▊[48;2;35;5;168m[38;2;82;51;207m▎[48;2;47;11;198m[38;2;35;0;187m┃[48;2;38;3;183m[38;2;38;3;183m      [48;2;33;1;174m[38;2;46;12;187m▘[48;2;37;5;178m[38;2;76;42;217m▝[48;2;227;225;230m[38;2;79;59;187m▆[48;2;247;244;245m[38;2;0;0;0m [48;2;250;250;252m[38;2;250;250;252m  [48;2;251;250;253m[38;2;235;233;244m╵[48;2;131;119;189m[38;2;237;236;235m▊[48;2;55;25;191m[38;2;191;179;220m▁[48;2;37;4;181m[38;2;40;6;181m▄[48;2;38;3;183m[38;2;38;3;183m        [0m
[48;2;38;3;183m[38;2;38;3;183m                            [48;2;245;242;254m[38;2;154;150;177m▎[48;2;249;249;242m[38;2;250;250;251m▌[48;2;250;250;252m[38;2;250;250;252m  [48;2;243;241;246m[38;2;0;0;0m [48;2;233;232;234m[38;2;78;58;185m▂[48;2;38;4;179m[38;2;56;22;197m▌[48;2;41;7;182m[38;2;32;0;173m▌[48;2;38;3;183m[38;2;38;3;183m        [48;2;44;15;183m[38;2;0;0;0m [48;2;236;228;249m[38;2;82;60;180m▆[48;2;250;250;252m[38;2;250;250;252m    [48;2;67;44;161m[38;2;241;237;237m▊[48;2;28;0;193m[38;2;43;9;194m▊[48;2;38;3;183m[38;2;38;3;183m        [0m
[48;2;38;3;185m[38;2;38;3;185m                          [48;2;38;3;183m[38;2;38;3;183m  [48;2;245;242;254m[38;2;154;150;177m▎[48;2;249;249;242m[38;2;250;250;251m▌[48;2;250;250;252m[38;2;250;250;252m  [48;2;202;192;242m[38;2;251;251;245m▊[48;2;36;6;182m[38;2;86;65;186m▎[48;2;38;3;185m[38;2;38;3;185m          [48;2;35;4;159m[38;2;37;5;190m▊[48;2;174;158;221m[38;2;42;9;180m▊[48;2;250;250;252m[38;2;250;250;252m    [48;2;67;44;161m[38;2;241;237;237m▊[48;2;28;0;193m[38;2;43;9;194m▊[48;2;38;3;185m[38;2;38;3;185m        [0m
[48;2;38;3;185m[38;2;38;3;185m                          [48;2;38;3;183m[38;2;38;3;183m  [48;2;245;242;254m[38;2;154;150;177m▎[48;2;249;249;242m[38;2;250;250;251m▌[48;2;249;249;251m[38;2;249;249;251m  [48;2;226;220;234m[38;2;70;46;166m▂[48;2;39;7;189m[38;2;73;46;186m▎[48;2;38;3;185m[38;2;38;3;185m          [48;2;33;0;176m[38;2;40;5;183m▝[48;2;57;22;200m[38;2;35;2;178m▄[48;2;207;202;224m[38;2;81;59;186m▆[48;2;247;244;253m[38;2;246;247;229m▗[48;2;250;250;252m[38;2;250;250;252m  [48;2;67;44;161m[38;2;241;237;237m▊[48;2;28;0;193m[38;2;43;9;194m▊[48;2;38;3;185m[38;2;38;3;185m        [0m
[48;2;38;3;185m[38;2;38;3;185m                        [48;2;33;2;177m[38;2;43;4;206m▖[48;2;38;5;173m[38;2;28;15;58m▂[48;2;37;7;171m[38;2;22;10;27m▂[48;2;46;11;177m[38;2;144;50;94m▂[48;2;219;196;219m[38;2;207;70;113m▆[48;2;238;218;221m[38;2;208;75;93m▆[48;2;244;221;212m[38;2;213;74;103m▆▆[48;2;47;16;172m[38;2;17;8;35m▂[48;2;35;5;161m[38;2;7;0;25m▂[48;2;39;5;187m[38;2;12;1;43m▃▃▃▃[48;2;36;3;183m[38;2;20;9;49m▃▃[48;2;39;5;187m[38;2;12;1;43m▃▃▃▃[48;2;36;3;185m[38;2;20;8;51m▃▃[48;2;77;52;189m[38;2;28;19;51m▃[48;2;233;228;230m[38;2;47;42;41m▂[48;2;246;247;248m[38;2;224;112;130m▃▃[48;2;178;112;156m[38;2;228;232;236m┛[48;2;42;8;173m[38;2;151;48;126m▂[48;2;38;3;185m[38;2;38;3;185m        [0m
[48;2;38;3;185m[38;2;38;3;185m                        [48;2;32;12;88m[38;2;43;6;183m▂[48;2;65;22;51m[38;2;165;75;70m━[48;2;145;46;66m[38;2;15;11;2m▂[48;2;189;67;95m[38;2;27;8;6m▂[48;2;199;67;90m[38;2;20;10;13m▂▂[48;2;184;70;98m[38;2;30;6;7m▂[48;2;167;57;84m[38;2;28;7;7m▆[48;2;3;1;4m[38;2;3;1;4m  [48;2;1;1;1m[38;2;1;1;1m  [48;2;1;1;3m[38;2;1;1;3m    [48;2;1;1;1m[38;2;1;1;1m  [48;2;1;1;3m[38;2;1;1;3m  [48;2;1;1;1m[38;2;1;1;1m  [48;2;4;2;3m[38;2;4;2;3m  [48;2;158;61;88m[38;2;11;10;5m▆[48;2;166;45;80m[38;2;38;14;17m▆[48;2;218;78;109m[38;2;45;19;22m▃[48;2;199;59;91m[38;2;45;20;23m▃[48;2;62;20;147m[38;2;96;34;62m▆[48;2;33;13;117m[38;2;32;10;124m▄[48;2;38;3;185m[38;2;38;3;185m      [0m
[48;2;38;3;185m[38;2;38;3;185m                        [48;2;37;3;172m[38;2;37;0;199m▘[48;2;37;18;95m[38;2;37;2;180m▆[48;2;19;8;43m[38;2;38;5;179m▆▆▆▆[48;2;15;4;39m[38;2;40;6;180m▆▆[48;2;19;7;45m[38;2;38;5;181m▆▆▆▆▆▆[48;2;19;8;43m[38;2;38;5;179m▆▆▆▆[48;2;19;7;45m[38;2;38;5;181m▆▆[48;2;19;8;43m[38;2;38;5;179m▆▆[48;2;19;7;45m[38;2;38;5;181m▆▆[48;2;15;4;39m[38;2;40;6;180m▆▆[48;2;19;7;45m[38;2;38;5;181m▆▆[48;2;37;16;109m[38;2;37;3;178m▆[48;2;37;1;184m[38;2;37;3;172m▘[48;2;38;3;185m[38;2;38;3;185m      [0m
[48;2;40;2;185m[38;2;40;2;185m                                                            [0m
[48;2;40;2;185m[38;2;40;2;185m                                                            [0m
