[48;2;1;1;1m[38;2;1;1;1m                                                            [0m
[48;2;1;1;1m[38;2;1;1;1m                                                            [0m
[48;2;1;1;1m[38;2;1;1;1m                                                            [0m
[48;2;1;1;1m[38;2;1;1;1m                                                      [48;2;1;1;3m[38;2;1;1;3m  [48;2;1;1;1m[38;2;1;1;1m    [0m
[48;2;1;1;1m[38;2;1;1;1m                          [48;2;3;1;6m[38;2;3;1;6m  [48;2;1;1;3m[38;2;1;1;3m  [48;2;1;1;1m[38;2;1;1;1m        [48;2;3;1;4m[38;2;3;1;4m  [48;2;3;1;6m[38;2;3;1;6m  [48;2;3;1;4m[38;2;3;1;4m  [48;2;1;1;3m[38;2;1;1;3m  [48;2;1;1;1m[38;2;1;1;1m      [48;2;3;1;4m[38;2;3;1;4m  [48;2;3;1;6m[38;2;3;1;6m  [48;2;2;0;3m[38;2;2;0;3m  [48;2;1;1;1m[38;2;1;1;1m  [0m
[48;2;1;1;1m[38;2;1;1;1m                        [48;2;1;1;3m[38;2;1;1;3m  [48;2;3;1;6m[38;2;3;1;6m    [48;2;2;0;3m[38;2;2;0;3m  [48;2;1;1;3m[38;2;1;1;3m  [48;2;2;0;3m[38;2;2;0;3m  [48;2;1;1;3m[38;2;1;1;3m    [48;2;3;1;4m[38;2;3;1;4m    [48;2;1;1;3m[38;2;1;1;3m  [48;2;1;1;1m[38;2;1;1;1m    [48;2;3;1;6m[38;2;3;1;6m      [48;2;1;1;3m[38;2;1;1;3m  [48;2;1;1;1m[38;2;1;1;1m  [0m
[48;2;1;1;1m[38;2;1;1;1m                    [48;2;3;1;6m[38;2;3;1;6m    [48;2;3;1;4m[38;2;3;1;4m  [48;2;3;1;6m[38;2;3;1;6m    [48;2;2;0;3m[38;2;2;0;3m  [48;2;3;1;6m[38;2;3;1;6m  [48;2;1;0;2m[38;2;6;4;7m▌[48;2;8;6;9m[38;2;35;33;36m▗[48;2;14;10;13m[38;2;224;219;223m▄▄[48;2;20;15;19m[38;2;197;192;196m▄[48;2;14;10;13m[38;2;0;0;0m [48;2;3;1;6m[38;2;3;1;6m    [48;2;2;0;3m[38;2;2;0;3m    [48;2;3;1;4m[38;2;3;1;4m  [48;2;3;1;6m[38;2;3;1;6m      [48;2;1;1;3m[38;2;1;1;3m  [48;2;1;1;1m[38;2;1;1;1m  [0m
[48;2;1;1;1m[38;2;1;1;1m                    [48;2;1;1;3m[38;2;1;1;3m  [48;2;3;1;6m[38;2;3;1;6m          [48;2;6;4;7m[38;2;1;0;2m▅[48;2;7;5;8m[38;2;20;18;21m▗[48;2;28;26;29m[38;2;215;213;215m▄[48;2;157;155;158m[38;2;240;238;240m▇[48;2;248;248;250m[38;2;248;248;250m  [48;2;230;228;231m[38;2;248;247;249m▇[48;2;159;157;160m[38;2;234;233;235m▊[48;2;9;7;12m[38;2;14;12;17m▌[48;2;1;0;4m[38;2;4;2;7m▎[48;2;3;1;6m[38;2;3;1;6m  [48;2;2;0;3m[38;2;2;0;3m    [48;2;3;1;4m[38;2;3;1;4m  [48;2;3;1;6m[38;2;3;1;6m        [48;2;3;1;4m[38;2;3;1;4m  [0m
[48;2;1;1;1m[38;2;1;1;1m                    [48;2;2;2;4m[38;2;2;2;4m  [48;2;3;1;4m[38;2;3;1;4m  [48;2;3;1;6m[38;2;3;1;6m      [48;2;1;1;3m[38;2;1;1;3m  [48;2;1;1;1m[38;2;1;1;1m  [48;2;89;76;75m[38;2;19;8;8m▇[48;2;183;67;100m[38;2;25;19;14m▄[48;2;191;72;96m[38;2;223;82;114m┏[48;2;202;77;103m[38;2;53;19;18m▄[48;2;245;235;235m[38;2;206;104;134m▄[48;2;171;175;169m[38;2;244;233;233m▊[48;2;4;3;7m[38;2;21;19;24m▌[48;2;8;6;11m[38;2;1;0;4m▊[48;2;3;1;6m[38;2;3;1;6m  [48;2;1;1;3m[38;2;1;1;3m        [48;2;3;1;4m[38;2;3;1;4m  [48;2;3;1;6m[38;2;3;1;6m    [48;2;1;1;3m[38;2;1;1;3m  [0m
[48;2;1;1;1m[38;2;1;1;1m                [48;2;2;0;3m[38;2;2;0;3m  [48;2;3;1;4m[38;2;3;1;4m  [48;2;2;0;3m[38;2;2;0;3m  [48;2;1;1;1m[38;2;1;1;1m  [48;2;1;1;3m[38;2;1;1;3m    [48;2;1;1;1m[38;2;1;1;1m    [48;2;5;5;5m[38;2;25;25;25m▁[48;2;0;0;0m[38;2;2;2;2m▂[48;2;21;15;17m[38;2;0;0;0m [48;2;180;65;83m[38;2;222;81;107m┃[48;2;216;72;99m[38;2;216;72;99m  [48;2;227;151;163m[38;2;216;71;96m▊[48;2;232;231;233m[38;2;0;0;0m [48;2;25;23;26m[38;2;238;236;238m▄▄[48;2;17;15;18m[38;2;208;206;209m▄[48;2;12;11;13m[38;2;59;57;60m▁[48;2;3;1;6m[38;2;3;1;6m      [48;2;3;1;4m[38;2;3;1;4m  [48;2;1;1;3m[38;2;1;1;3m  [48;2;1;1;1m[38;2;1;1;1m      [0m
[48;2;1;1;1m[38;2;1;1;1m            [48;2;1;1;3m[38;2;1;1;3m  [48;2;3;1;6m[38;2;3;1;6m      [48;2;1;1;3m[38;2;1;1;3m  [48;2;1;1;1m[38;2;1;1;1m        [48;2;1;0;0m[38;2;13;11;12m▄[48;2;29;27;28m[38;2;211;209;210m▄[48;2;43;41;44m[38;2;239;238;240m▄[48;2;235;233;235m[38;2;0;0;0m [48;2;240;238;241m[38;2;251;249;252m▄▄[48;2;217;88;110m[38;2;244;242;246m▄▄[48;2;209;110;139m[38;2;247;241;240m▄[48;2;246;243;240m[38;2;0;0;0m [48;2;250;250;252m[38;2;250;250;252m  [48;2;250;248;250m[38;2;239;237;240m╵[48;2;247;246;248m[38;2;184;182;185m▝[48;2;27;23;28m[38;2;210;205;211m▄[48;2;15;11;16m[38;2;82;77;83m▁[48;2;3;1;6m[38;2;3;1;6m        [48;2;3;1;4m[38;2;3;1;4m  [48;2;1;1;3m[38;2;1;1;3m    [0m
[48;2;1;1;1m[38;2;1;1;1m            [48;2;3;1;6m[38;2;3;1;6m      [48;2;3;1;4m[38;2;3;1;4m  [48;2;1;1;3m[38;2;1;1;3m  [48;2;1;1;1m[38;2;1;1;1m    [48;2;2;0;3m[38;2;2;0;3m  [48;2;3;1;6m[38;2;3;1;6m  [48;2;22;20;23m[38;2;196;194;197m▅[48;2;236;234;237m[38;2;0;0;0m [48;2;250;250;252m[38;2;250;250;252m            [48;2;247;247;248m[38;2;0;0;0m [48;2;230;230;231m [48;2;35;31;34m[38;2;196;191;195m▄[48;2;9;4;8m[38;2;0;0;0m [48;2;3;1;6m[38;2;3;1;6m          [48;2;1;1;1m[38;2;1;1;1m  [0m
[48;2;1;1;1m[38;2;1;1;1m            [48;2;1;1;3m[38;2;1;1;3m  [48;2;3;1;6m[38;2;3;1;6m  [48;2;2;0;3m[38;2;2;0;3m  [48;2;1;1;1m[38;2;1;1;1m  [48;2;3;1;6m[38;2;3;1;6m    [48;2;1;1;1m[38;2;1;1;1m  [48;2;3;1;6m[38;2;3;1;6m  [48;2;39;37;40m[38;2;1;0;2m▊[48;2;45;43;46m[38;2;211;209;212m▄[48;2;238;238;239m[38;2;0;0;0m [48;2;249;249;251m[38;2;233;233;235m╵[48;2;250;250;252m[38;2;250;250;252m              [48;2;111;109;112m[38;2;240;238;240m▊[48;2;1;0;2m[38;2;25;23;26m▎[48;2;3;1;6m[38;2;3;1;6m          [48;2;3;1;4m[38;2;3;1;4m  [0m
[48;2;1;1;1m[38;2;1;1;1m              [48;2;2;0;3m[38;2;2;0;3m  [48;2;1;1;3m[38;2;1;1;3m    [48;2;3;1;6m[38;2;3;1;6m  [48;2;3;1;4m[38;2;3;1;4m  [48;2;1;1;3m[38;2;1;1;3m    [48;2;1;0;4m[38;2;23;21;26m▄[48;2;245;243;248m[38;2;146;144;149m▎[48;2;250;250;252m[38;2;250;250;252m  [48;2;244;244;245m[38;2;134;134;136m▁[38;2;0;0;0m [48;2;250;250;252m[38;2;250;250;252m        [48;2;236;232;236m[38;2;0;0;0m [48;2;235;231;235m[38;2;95;90;94m▅[48;2;249;249;251m[38;2;255;255;255m┃[48;2;228;228;230m[38;2;0;0;0m [48;2;201;196;201m[38;2;20;16;21m▅[48;2;3;0;4m[38;2;47;42;48m [48;2;3;1;6m[38;2;3;1;6m          [48;2;3;1;4m[38;2;3;1;4m  [0m
[48;2;1;1;1m[38;2;1;1;1m                [48;2;3;1;4m[38;2;3;1;4m  [48;2;3;1;6m[38;2;3;1;6m  [48;2;2;0;3m[38;2;2;0;3m  [48;2;3;1;6m[38;2;3;1;6m  [48;2;2;0;3m[38;2;2;0;3m  [48;2;1;1;1m[38;2;1;1;1m  [48;2;18;16;19m[38;2;8;6;9m▊[48;2;217;215;218m[38;2;129;127;130m▎[48;2;254;254;255m[38;2;246;246;248m▌[48;2;230;230;232m[38;2;248;248;250m▌[48;2;38;33;37m[38;2;156;151;155m▁[48;2;207;202;206m[38;2;41;36;40m▅[48;2;243;243;245m[38;2;239;239;241m▌[48;2;254;254;255m[38;2;250;250;252m▌[48;2;250;250;252m    [48;2;237;237;239m[38;2;248;248;249m▊[48;2;204;204;206m[38;2;247;247;248m▊[48;2;230;226;229m[38;2;101;96;100m▅[48;2;244;240;243m[38;2;0;0;0m [48;2;245;243;246m [48;2;205;203;206m[38;2;89;87;90m▁[48;2;3;1;6m[38;2;3;1;6m            [48;2;1;1;3m[38;2;1;1;3m  [0m
[48;2;1;1;1m[38;2;1;1;1m                    [48;2;0;0;0m[38;2;0;0;0m  [48;2;1;1;3m[38;2;1;1;3m  [48;2;1;1;1m[38;2;1;1;1m    [48;2;3;1;4m[38;2;3;1;4m  [48;2;208;207;209m[38;2;92;90;93m▁[48;2;255;254;255m[38;2;241;239;242m▄[48;2;211;202;207m[38;2;251;246;250m▊[48;2;26;29;29m[38;2;88;47;63m▂[48;2;210;216;214m[38;2;63;47;52m▅[48;2;241;238;240m[38;2;144;119;127m▂[48;2;241;239;241m[38;2;54;52;55m▁▁[48;2;248;247;249m[38;2;124;122;125m▂▂[48;2;221;220;221m[38;2;103;78;86m▁[48;2;229;225;227m[38;2;92;54;66m▅[48;2;242;239;239m[38;2;217;143;166m▁▁[48;2;107;105;108m[38;2;211;210;212m▊[48;2;1;0;2m[38;2;4;2;5m▄[48;2;3;1;6m[38;2;3;1;6m      [48;2;1;1;3m[38;2;1;1;3m  [48;2;3;1;4m[38;2;3;1;4m  [48;2;1;1;3m[38;2;1;1;3m  [48;2;1;1;1m[38;2;1;1;1m  [0m
[48;2;1;1;1m[38;2;1;1;1m                        [48;2;1;1;3m[38;2;1;1;3m  [48;2;3;1;6m[38;2;3;1;6m  [48;2;2;0;3m[38;2;2;0;3m  [48;2;3;0;2m[38;2;44;39;43m [48;2;206;201;205m[38;2;69;64;68m▅[48;2;240;214;207m[38;2;207;80;104m▅[48;2;214;77;105m[38;2;0;0;0m [48;2;208;77;100m[38;2;233;169;171m▂[48;2;37;27;31m[38;2;221;206;213m▅[48;2;13;9;14m[38;2;27;23;28m▎[48;2;3;0;4m[38;2;14;9;15m▃[48;2;66;61;65m[38;2;9;5;8m▊[48;2;40;36;39m[38;2;224;220;224m▅[48;2;50;38;43m[38;2;234;216;224m▅[48;2;204;69;93m[38;2;238;170;173m▂[48;2;213;87;118m[38;2;244;206;207m▁[48;2;176;80;100m[38;2;220;207;200m▅[48;2;15;13;18m[38;2;135;133;138m▁[48;2;1;0;4m[38;2;6;4;9m▄[48;2;3;1;6m[38;2;3;1;6m    [48;2;3;1;4m[38;2;3;1;4m  [48;2;1;1;1m[38;2;1;1;1m      [48;2;1;1;3m[38;2;1;1;3m  [0m
[48;2;1;1;1m[38;2;1;1;1m                    [48;2;2;0;3m[38;2;2;0;3m  [48;2;1;1;1m[38;2;1;1;1m  [48;2;3;1;6m[38;2;3;1;6m    [48;2;9;7;10m[38;2;0;0;0m [48;2;15;13;16m[38;2;156;154;157m▁[48;2;41;39;42m[38;2;220;218;221m▅[48;2;237;235;238m[38;2;0;0;0m [48;2;214;94;115m[38;2;246;239;243m▅▅[48;2;240;238;241m[38;2;252;250;253m┃[48;2;205;203;206m[38;2;248;247;249m▊[48;2;34;29;35m[38;2;145;140;146m▂[48;2;217;213;218m[38;2;78;73;79m▁[48;2;64;58;62m[38;2;225;219;223m▅[48;2;216;211;215m[38;2;88;82;86m▅[48;2;232;230;233m[38;2;95;93;96m▁[48;2;246;245;247m[38;2;0;0;0m [48;2;250;250;252m[38;2;250;250;252m  [48;2;237;236;238m[38;2;0;0;0m [48;2;32;30;33m[38;2;211;209;212m▅[48;2;16;12;17m[38;2;157;152;158m▁[48;2;10;6;11m[38;2;0;0;0m [48;2;3;1;6m[38;2;3;1;6m  [48;2;1;1;3m[38;2;1;1;3m  [48;2;1;1;1m[38;2;1;1;1m        [0m
[48;2;1;1;1m[38;2;1;1;1m                  [48;2;1;1;3m[38;2;1;1;3m  [48;2;2;0;3m[38;2;2;0;3m  [48;2;1;1;3m[38;2;1;1;3m  [48;2;3;1;6m[38;2;3;1;6m    [48;2;41;39;42m[38;2;209;207;209m▅[48;2;237;236;238m[38;2;0;0;0m [48;2;250;250;252m[38;2;250;250;252m      [48;2;237;235;238m[38;2;0;0;0m [48;2;70;68;71m[38;2;216;215;217m▅[48;2;208;203;207m[38;2;43;38;42m▅[48;2;224;220;224m[38;2;42;37;41m▁[48;2;66;61;65m[38;2;225;220;224m▅[48;2;207;202;206m[38;2;87;83;86m▅[48;2;226;224;226m[38;2;104;102;105m▅[48;2;241;239;242m[38;2;0;0;0m [48;2;250;250;252m[38;2;250;250;252m  [48;2;234;233;235m[38;2;0;0;0m [48;2;80;78;81m[38;2;230;228;230m┓[48;2;3;1;6m[38;2;3;1;6m  [48;2;2;0;3m[38;2;2;0;3m  [48;2;1;1;1m[38;2;1;1;1m        [0m
[48;2;1;1;1m[38;2;1;1;1m                  [48;2;2;0;3m[38;2;2;0;3m    [48;2;3;1;6m[38;2;3;1;6m    [48;2;9;8;10m[38;2;0;0;0m [48;2;88;86;89m[38;2;230;228;231m┏[48;2;238;238;239m[38;2;0;0;0m [48;2;249;249;251m[38;2;233;233;235m╵[48;2;250;250;252m[38;2;250;250;252m    [48;2;244;242;244m[38;2;0;0;0m [48;2;226;224;226m[38;2;31;30;32m▁[48;2;216;211;215m[38;2;17;13;16m▅[48;2;198;193;197m[38;2;16;11;15m▅[48;2;5;3;8m[38;2;20;18;23m▘[48;2;1;0;4m[38;2;2;0;5m┗[48;2;213;209;213m[38;2;36;31;35m▅[48;2;229;225;229m[38;2;46;41;45m▁[48;2;249;249;251m[38;2;249;249;251m  [48;2;250;250;252m[38;2;250;250;252m  [48;2;249;249;251m[38;2;238;238;240m┏[48;2;251;251;253m[38;2;255;255;255m▌[48;2;83;78;84m[38;2;223;219;224m┓[48;2;10;6;11m[38;2;0;0;0m [48;2;1;1;3m[38;2;1;1;3m  [48;2;1;1;1m[38;2;1;1;1m        [0m
[48;2;4;2;10m[38;2;23;2;126m▂▂▂▂▂▂▂▂▂▂▂▂▂▂▂▂▂▂[48;2;5;3;12m[38;2;24;2;129m▂▂[48;2;4;2;10m[38;2;23;2;126m▂▂[48;2;5;3;12m[38;2;24;2;129m▂▂▂▂[48;2;29;27;32m[38;2;212;210;215m▁[48;2;241;239;243m[38;2;143;141;146m▎[48;2;250;250;252m[38;2;250;250;252m    [48;2;227;224;234m[38;2;47;18;186m▁[48;2;239;238;236m[38;2;47;39;81m▆[48;2;190;185;191m[38;2;16;4;62m▅[48;2;17;11;30m[38;2;45;12;187m▁[48;2;7;3;23m[38;2;28;0;172m▁▁[48;2;5;3;12m[38;2;24;2;129m▂▂[38;2;30;8;135m▂[48;2;18;15;25m[38;2;27;5;131m▂[48;2;209;209;195m[38;2;41;33;90m▅[48;2;232;228;239m[38;2;59;33;184m▁[48;2;250;250;252m[38;2;250;250;252m    [48;2;234;233;236m[38;2;0;0;0m [48;2;81;79;84m[38;2;228;226;230m┓[48;2;4;2;10m[38;2;23;2;126m▂▂▂▂▂▂▂▂▂▂[0m
[48;2;38;3;183m[38;2;38;3;183m                        [48;2;38;3;185m[38;2;38;3;185m  [48;2;240;237;247m[38;2;130;122;171m▎[48;2;254;254;248m[38;2;240;239;244m│[48;2;250;250;252m[38;2;250;250;252m  [48;2;249;249;251m[38;2;249;249;251m  [48;2;43;8;191m[38;2;102;78;190m▎[48;2;37;4;184m[38;2;32;0;164m│[48;2;38;3;183m[38;2;38;3;183m        [48;2;30;0;168m[38;2;45;11;190m▌[48;2;114;90;200m[38;2;41;9;187m▊[48;2;244;242;246m[38;2;104;89;180m▂[48;2;244;243;247m[38;2;0;0;0m [48;2;250;250;252m[38;2;250;250;252m  [48;2;248;247;250m[38;2;248;247;250m▄[48;2;82;67;162m[38;2;246;245;242m▊[48;2;37;2;184m[38;2;37;2;184m  [48;2;38;3;183m[38;2;38;3;183m        [0m
[48;2;38;3;183m[38;2;38;3;183m                        [48;2;38;3;185m[38;2;38;3;185m  [48;2;240;238;248m[38;2;131;123;172m▎[48;2;254;254;248m[38;2;241;240;245m│[48;2;250;250;252m[38;2;250;250;252m  [48;2;249;249;251m[38;2;249;249;251m  [48;2;43;8;191m[38;2;102;78;190m▎[48;2;37;4;184m[38;2;32;0;164m│[48;2;38;3;183m[38;2;38;3;183m          [48;2;139;126;195m[38;2;37;11;187m▊[48;2;239;239;229m[38;2;255;253;255m┃[48;2;250;250;252m[38;2;250;250;252m  [48;2;248;247;250m[38;2;248;247;250m▄[48;2;82;67;162m[38;2;246;245;242m▊[48;2;38;3;185m[38;2;38;3;185m  [48;2;38;3;183m[38;2;38;3;183m        [0m
[48;2;38;3;185m[38;2;38;3;185m                          [48;2;240;238;248m[38;2;131;123;172m▎[48;2;254;254;248m[38;2;241;240;245m│[48;2;250;250;252m[38;2;250;250;252m  [48;2;225;221;233m[38;2;250;248;247m▊[48;2;212;207;226m[38;2;59;35;178m▆[48;2;40;5;185m[38;2;40;5;185m  [48;2;38;3;185m[38;2;38;3;185m          [48;2;127;114;184m[38;2;38;7;190m▊[48;2;248;247;246m[38;2;248;247;246m▄[48;2;250;250;252m[38;2;250;250;252m  [48;2;248;247;250m[38;2;248;247;250m▄[48;2;82;67;162m[38;2;246;245;242m▊[48;2;38;3;185m[38;2;38;3;185m          [0m
[48;2;38;3;185m[38;2;38;3;185m                          [48;2;212;200;222m[38;2;186;72;109m▂[48;2;242;235;233m[38;2;199;88;102m▂[48;2;249;247;250m[38;2;249;247;250m  [48;2;235;230;238m[38;2;81;59;174m▂[48;2;35;4;181m[38;2;87;64;196m▎[48;2;38;3;185m[38;2;38;3;185m            [48;2;45;15;183m[38;2;0;0;0m [48;2;215;204;239m[38;2;63;38;183m▆[48;2;238;235;242m[38;2;89;69;178m▂[48;2;240;237;241m[38;2;0;0;0m [48;2;241;237;231m[38;2;157;68;98m▂[48;2;197;188;224m[38;2;45;20;178m▂[48;2;38;3;185m[38;2;38;3;185m          [0m
[48;2;38;3;185m[38;2;38;3;185m                      [48;2;37;3;190m[38;2;56;13;176m▗[48;2;40;6;169m[38;2;154;56;123m▂[48;2;40;9;176m[38;2;45;19;31m▂[48;2;57;10;163m[38;2;149;65;65m▁[48;2;212;79;100m[38;2;143;46;116m▘[48;2;223;68;90m[38;2;210;73;110m▄[48;2;242;197;200m[38;2;213;74;107m▆[48;2;217;213;203m[38;2;144;52;70m▆[48;2;46;14;181m[38;2;10;0;49m▃[48;2;37;7;163m[38;2;16;7;35m▂[48;2;39;5;187m[38;2;12;1;43m▃▃▃▃▃▃▃▃▃▃▃▃[48;2;36;3;185m[38;2;20;8;51m▃▃[48;2;63;28;160m[38;2;55;24;37m▂[48;2;229;180;179m[38;2;214;82;105m▆[48;2;207;69;101m[38;2;0;0;0m [48;2;107;35;145m[38;2;198;74;92m▄[48;2;58;18;163m[38;2;155;51;77m▁[48;2;36;4;177m[38;2;18;5;68m▂[48;2;38;3;185m[38;2;38;3;185m        [0m
[48;2;38;3;185m[38;2;38;3;185m                      [48;2;44;10;187m[38;2;36;4;185m▄[48;2;56;13;127m[38;2;55;23;46m┗[48;2;82;26;35m[38;2;172;62;90m━[48;2;194;69;93m[38;2;56;16;32m▃[48;2;206;73;100m[38;2;54;24;38m▃[48;2;179;52;69m[38;2;30;9;12m▆[48;2;153;62;92m[38;2;14;5;6m▆[48;2;10;5;5m[38;2;0;0;0m [48;2;3;1;6m[38;2;3;1;6m  [48;2;1;1;3m[38;2;1;1;3m  [48;2;1;1;1m[38;2;1;1;1m  [48;2;1;1;3m[38;2;1;1;3m    [48;2;1;1;1m[38;2;1;1;1m  [48;2;1;1;3m[38;2;1;1;3m  [48;2;1;1;1m[38;2;1;1;1m  [48;2;11;5;4m[38;2;0;0;0m [48;2;164;56;90m[38;2;10;6;5m▆[48;2;172;60;86m[38;2;38;14;12m▆[48;2;201;76;106m[38;2;58;16;19m▃[48;2;179;61;86m[38;2;25;11;7m▂[48;2;77;29;64m[38;2;225;77;95m━[48;2;94;28;125m[38;2;94;21;163m▄[48;2;40;6;181m[38;2;40;6;182m▄[48;2;38;3;185m[38;2;38;3;185m      [0m
[48;2;38;3;185m[38;2;38;3;185m                        [48;2;20;8;47m[38;2;39;5;183m▆▆[48;2;19;8;43m[38;2;38;5;179m▆▆▆▆[48;2;15;4;39m[38;2;40;6;180m▆▆[48;2;19;7;45m[38;2;38;5;181m▆▆▆▆▆▆[48;2;19;8;43m[38;2;38;5;179m▆▆▆▆[48;2;19;7;45m[38;2;38;5;181m▆▆[48;2;19;8;43m[38;2;38;5;179m▆▆[48;2;19;7;45m[38;2;38;5;181m▆▆[48;2;15;4;39m[38;2;40;6;180m▆▆[48;2;20;7;50m[38;2;39;5;185m▆[48;2;20;2;76m[38;2;39;6;176m▆[48;2;38;3;185m[38;2;38;3;185m        [0m
[48;2;40;2;185m[38;2;40;2;185m                                                            [0m
[48;2;40;2;185m[38;2;40;2;185m                                                            [0m
