[48;2;1;1;1m[38;2;1;1;1m                                                            [0m
[48;2;1;1;1m[38;2;1;1;1m                                                            [0m
[48;2;1;1;1m[38;2;1;1;1m                                                            [0m
[48;2;1;1;1m[38;2;1;1;1m                                                      [48;2;1;1;3m[38;2;1;1;3m  [48;2;1;1;1m[38;2;1;1;1m    [0m
[48;2;1;1;1m[38;2;1;1;1m                          [48;2;3;1;6m[38;2;3;1;6m  [48;2;1;1;3m[38;2;1;1;3m  [48;2;1;1;1m[38;2;1;1;1m        [48;2;3;1;4m[38;2;3;1;4m  [48;2;3;1;6m[38;2;3;1;6m  [48;2;3;1;4m[38;2;3;1;4m  [48;2;1;1;3m[38;2;1;1;3m  [48;2;1;1;1m[38;2;1;1;1m      [48;2;3;1;4m[38;2;3;1;4m  [48;2;3;1;6m[38;2;3;1;6m  [48;2;2;0;3m[38;2;2;0;3m  [48;2;1;1;1m[38;2;1;1;1m  [0m
[48;2;1;1;1m[38;2;1;1;1m                        [48;2;1;1;3m[38;2;1;1;3m  [48;2;3;1;6m[38;2;3;1;6m    [48;2;2;0;3m[38;2;2;0;3m  [48;2;1;1;3m[38;2;1;1;3m  [48;2;2;0;3m[38;2;2;0;3m  [48;2;1;1;3m[38;2;1;1;3m    [48;2;3;1;4m[38;2;3;1;4m    [48;2;1;1;3m[38;2;1;1;3m  [48;2;1;1;1m[38;2;1;1;1m    [48;2;3;1;6m[38;2;3;1;6m      [48;2;1;1;3m[38;2;1;1;3m  [48;2;1;1;1m[38;2;1;1;1m  [0m
[48;2;1;1;1m[38;2;1;1;1m                    [48;2;3;1;6m[38;2;3;1;6m    [48;2;3;1;4m[38;2;3;1;4m  [48;2;3;1;6m[38;2;3;1;6m    [48;2;2;0;3m[38;2;2;0;3m  [48;2;1;0;4m[38;2;2;0;5m▗[48;2;6;4;9m[38;2;25;23;28m▃[48;2;11;7;10m[38;2;217;212;216m▄[48;2;17;12;16m[38;2;229;224;228m▄[48;2;20;16;19m[38;2;198;193;197m▄[48;2;15;11;14m[38;2;0;0;0m [48;2;3;1;4m[38;2;3;1;4m  [48;2;3;1;6m[38;2;3;1;6m    [48;2;2;0;3m[38;2;2;0;3m    [48;2;3;1;4m[38;2;3;1;4m  [48;2;3;1;6m[38;2;3;1;6m      [48;2;1;1;3m[38;2;1;1;3m  [48;2;1;1;1m[38;2;1;1;1m  [0m
[48;2;1;1;1m[38;2;1;1;1m                    [48;2;1;1;3m[38;2;1;1;3m  [48;2;3;1;6m[38;2;3;1;6m        [48;2;5;3;8m[38;2;5;3;8m  [48;2;28;23;27m[38;2;208;203;207m▄[48;2;147;142;146m[38;2;238;234;237m▇[48;2;248;248;250m[38;2;248;248;250m  [48;2;249;247;249m[38;2;231;229;232m╸[48;2;215;213;216m[38;2;0;0;0m [48;2;3;2;2m[38;2;19;17;18m▌[48;2;6;4;5m[38;2;1;0;0m▊[48;2;3;1;6m[38;2;3;1;6m    [48;2;2;0;3m[38;2;2;0;3m    [48;2;3;1;4m[38;2;3;1;4m  [48;2;3;1;6m[38;2;3;1;6m        [48;2;3;1;4m[38;2;3;1;4m  [0m
[48;2;1;1;1m[38;2;1;1;1m                    [48;2;2;2;4m[38;2;2;2;4m  [48;2;3;1;4m[38;2;3;1;4m  [48;2;3;1;6m[38;2;3;1;6m      [48;2;1;1;3m[38;2;1;1;3m  [48;2;99;70;74m[38;2;17;8;7m▇[48;2;174;70;99m[38;2;30;14;14m▄[48;2;198;81;104m[38;2;202;65;96m▄[48;2;204;80;106m[38;2;54;20;17m▄[48;2;242;232;232m[38;2;205;103;133m▄[48;2;155;159;153m[38;2;247;238;238m▊[48;2;3;2;2m[38;2;19;17;18m▌[48;2;6;4;5m[38;2;1;0;0m▊[48;2;3;1;6m[38;2;3;1;6m    [48;2;1;1;3m[38;2;1;1;3m        [48;2;3;1;4m[38;2;3;1;4m  [48;2;3;1;6m[38;2;3;1;6m    [48;2;1;1;3m[38;2;1;1;3m  [0m
[48;2;1;1;1m[38;2;1;1;1m                [48;2;2;0;3m[38;2;2;0;3m  [48;2;3;1;4m[38;2;3;1;4m  [48;2;2;0;3m[38;2;2;0;3m  [48;2;1;1;1m[38;2;1;1;1m  [48;2;1;1;3m[38;2;1;1;3m    [48;2;1;1;1m[38;2;1;1;1m  [48;2;13;11;12m[38;2;71;69;70m▁[48;2;19;18;18m[38;2;213;211;212m▄[48;2;34;28;31m[38;2;231;225;227m▄[48;2;207;76;99m[38;2;0;0;0m [48;2;217;73;100m[38;2;217;73;100m  [48;2;227;151;163m[38;2;216;71;96m▊[48;2;231;231;233m[38;2;0;0;0m [48;2;28;26;29m[38;2;238;236;238m▄[48;2;21;19;22m[38;2;210;208;211m▄[48;2;5;4;6m[38;2;65;63;66m▁▁[48;2;3;1;4m[38;2;3;1;4m  [48;2;3;1;6m[38;2;3;1;6m      [48;2;3;1;4m[38;2;3;1;4m  [48;2;1;1;3m[38;2;1;1;3m  [48;2;1;1;1m[38;2;1;1;1m      [0m
[48;2;1;1;1m[38;2;1;1;1m            [48;2;1;1;3m[38;2;1;1;3m  [48;2;3;1;6m[38;2;3;1;6m      [48;2;1;1;3m[38;2;1;1;3m  [48;2;1;1;1m[38;2;1;1;1m      [48;2;24;22;23m[38;2;1;0;0m┃[48;2;30;29;29m[38;2;206;204;205m▄[48;2;250;248;250m[38;2;205;203;206m▘[48;2;244;242;245m[38;2;251;250;252m▗[48;2;248;248;250m[38;2;248;248;250m  [48;2;216;89;110m[38;2;243;244;244m▄▄[48;2;210;110;139m[38;2;248;240;240m▄[48;2;248;242;240m[38;2;0;0;0m [48;2;250;250;252m[38;2;250;250;252m  [48;2;224;222;225m[38;2;249;248;250m▆[48;2;236;234;236m[38;2;0;0;0m [48;2;29;28;30m[38;2;215;213;216m▄[48;2;10;9;11m[38;2;76;74;77m▁[48;2;2;0;3m[38;2;2;0;3m  [48;2;3;1;6m[38;2;3;1;6m        [48;2;3;1;4m[38;2;3;1;4m  [48;2;1;1;3m[38;2;1;1;3m    [0m
[48;2;1;1;1m[38;2;1;1;1m            [48;2;3;1;6m[38;2;3;1;6m      [48;2;3;1;4m[38;2;3;1;4m  [48;2;1;1;3m[38;2;1;1;3m  [48;2;1;1;1m[38;2;1;1;1m    [48;2;2;0;3m[38;2;2;0;3m  [48;2;37;35;38m[38;2;206;204;207m▄[48;2;235;233;236m[38;2;0;0;0m [48;2;250;250;252m[38;2;250;250;252m            [48;2;245;245;246m[38;2;243;243;245m▄[48;2;250;250;252m[38;2;192;192;194m▝[48;2;37;35;38m[38;2;200;198;200m▄[48;2;5;4;6m[38;2;31;29;32m▎[48;2;3;1;6m[38;2;3;1;6m            [48;2;1;1;1m[38;2;1;1;1m  [0m
[48;2;1;1;1m[38;2;1;1;1m            [48;2;1;1;3m[38;2;1;1;3m  [48;2;3;1;6m[38;2;3;1;6m  [48;2;2;0;3m[38;2;2;0;3m  [48;2;1;1;1m[38;2;1;1;1m  [48;2;3;1;6m[38;2;3;1;6m    [48;2;1;1;1m[38;2;1;1;1m  [48;2;27;25;30m[38;2;1;0;4m▊[48;2;44;42;47m[38;2;207;206;210m▄[48;2;236;236;237m[38;2;0;0;0m [48;2;245;245;247m [48;2;250;250;252m[38;2;250;250;252m              [48;2;121;119;122m[38;2;243;241;244m▊[48;2;1;0;2m[38;2;23;21;24m▎[48;2;1;1;3m[38;2;1;1;3m  [48;2;3;1;6m[38;2;3;1;6m          [48;2;3;1;4m[38;2;3;1;4m  [0m
[48;2;1;1;1m[38;2;1;1;1m              [48;2;2;0;3m[38;2;2;0;3m  [48;2;1;1;3m[38;2;1;1;3m    [48;2;3;1;6m[38;2;3;1;6m  [48;2;3;1;4m[38;2;3;1;4m  [48;2;1;1;3m[38;2;1;1;3m  [48;2;23;21;24m[38;2;1;0;2m▊[48;2;243;241;244m[38;2;121;119;122m▎[48;2;250;250;252m[38;2;250;250;252m  [48;2;244;244;245m[38;2;139;139;141m▁[48;2;225;225;227m[38;2;245;245;246m▇[48;2;250;250;252m[38;2;250;250;252m        [48;2;236;232;236m[38;2;0;0;0m [48;2;235;231;235m[38;2;95;90;94m▅[48;2;248;246;249m[38;2;230;228;231m▎[48;2;192;190;193m[38;2;248;246;248m▊[48;2;201;199;201m[38;2;20;18;21m▅[48;2;1;0;2m[38;2;47;45;48m [48;2;3;1;6m[38;2;3;1;6m            [48;2;3;1;4m[38;2;3;1;4m  [0m
[48;2;1;1;1m[38;2;1;1;1m                [48;2;3;1;4m[38;2;3;1;4m  [48;2;3;1;6m[38;2;3;1;6m  [48;2;2;0;3m[38;2;2;0;3m  [48;2;3;1;6m[38;2;3;1;6m  [48;2;2;0;3m[38;2;2;0;3m  [48;2;1;0;2m[38;2;45;43;46m [48;2;199;197;200m[38;2;18;17;19m▅[48;2;229;228;230m[38;2;0;0;0m [48;2;248;246;249m [48;2;57;52;56m[38;2;224;219;223m▅[48;2;219;215;219m[38;2;51;46;50m▅[48;2;255;255;255m[38;2;237;237;239m▌[48;2;253;253;254m[38;2;245;245;247m┃[48;2;250;250;252m[38;2;250;250;252m    [48;2;249;249;251m[38;2;240;240;242m┗[48;2;215;215;217m[38;2;247;247;248m▊[48;2;203;198;202m[38;2;92;88;91m▄[48;2;247;243;246m[38;2;0;0;0m [48;2;247;245;246m [48;2;208;205;206m[38;2;93;89;90m▁[48;2;3;1;4m[38;2;3;1;4m  [48;2;3;1;6m[38;2;3;1;6m            [48;2;1;1;3m[38;2;1;1;3m  [0m
[48;2;1;1;1m[38;2;1;1;1m                    [48;2;0;0;0m[38;2;0;0;0m  [48;2;1;1;3m[38;2;1;1;3m  [48;2;1;1;1m[38;2;1;1;1m    [48;2;194;193;195m[38;2;25;24;26m▅[48;2;244;242;244m[38;2;188;186;189m▎[48;2;240;244;244m[38;2;0;0;0m [48;2;61;54;56m[38;2;218;190;200m▅[48;2;214;216;215m[38;2;76;56;62m▅[48;2;241;236;238m[38;2;134;104;114m▂[48;2;241;239;241m[38;2;54;52;55m▁▁▁▁[48;2;229;218;222m[38;2;96;81;86m▁[48;2;218;232;228m[38;2;86;56;66m▅[48;2;241;239;240m[38;2;208;134;159m▁▁[48;2;118;113;117m[38;2;216;212;215m▊[48;2;6;1;5m[38;2;3;0;2m┃[48;2;1;1;3m[38;2;1;1;3m  [48;2;3;1;6m[38;2;3;1;6m      [48;2;1;1;3m[38;2;1;1;3m  [48;2;3;1;4m[38;2;3;1;4m  [48;2;1;1;3m[38;2;1;1;3m  [48;2;1;1;1m[38;2;1;1;1m  [0m
[48;2;1;1;1m[38;2;1;1;1m                        [48;2;1;1;3m[38;2;1;1;3m  [48;2;3;1;6m[38;2;3;1;6m  [48;2;3;0;2m[38;2;5;0;4m▄[48;2;201;197;200m[38;2;67;62;66m▅[48;2;243;217;211m[38;2;198;77;100m▅[48;2;209;76;103m[38;2;214;76;104m▄[48;2;204;73;96m[38;2;231;165;166m▂[48;2;43;33;37m[38;2;226;212;219m▅[48;2;11;10;12m[38;2;25;23;26m▎[48;2;1;0;2m[38;2;12;10;13m▃[48;2;51;49;54m[38;2;7;5;10m▊[48;2;35;33;38m[38;2;220;218;222m▅[48;2;43;34;38m[38;2;229;215;221m▅[48;2;210;79;102m[38;2;237;171;173m▂[48;2;210;83;114m[38;2;241;202;203m▁[48;2;183;88;108m[38;2;226;215;207m▅[48;2;19;17;20m[38;2;151;149;152m▁[48;2;1;0;2m[38;2;6;4;7m━[48;2;3;1;6m[38;2;3;1;6m      [48;2;3;1;4m[38;2;3;1;4m  [48;2;1;1;1m[38;2;1;1;1m      [48;2;1;1;3m[38;2;1;1;3m  [0m
[48;2;1;1;1m[38;2;1;1;1m                    [48;2;2;0;3m[38;2;2;0;3m  [48;2;1;1;1m[38;2;1;1;1m  [48;2;3;1;6m[38;2;3;1;6m  [48;2;10;6;9m[38;2;0;0;0m [48;2;16;12;15m[38;2;157;152;156m▁[48;2;34;32;35m[38;2;213;211;214m▅[48;2;239;237;239m[38;2;0;0;0m [48;2;215;98;117m[38;2;242;238;241m▅▅[48;2;240;238;241m[38;2;252;250;253m┃[48;2;205;203;206m[38;2;248;247;249m▊[48;2;65;60;64m[38;2;8;4;7m┃[48;2;204;199;203m[38;2;253;251;253m┃[48;2;59;53;57m[38;2;218;213;217m▅[48;2;220;215;218m[38;2;60;54;58m▅[48;2;247;247;249m[38;2;247;247;249m  [48;2;250;250;252m[38;2;250;250;252m  [48;2;239;238;240m[38;2;0;0;0m [48;2;35;33;36m[38;2;214;212;215m▅[48;2;13;12;14m[38;2;154;152;155m▁[48;2;7;6;8m[38;2;0;0;0m [48;2;3;1;6m[38;2;3;1;6m    [48;2;1;1;3m[38;2;1;1;3m  [48;2;1;1;1m[38;2;1;1;1m        [0m
[48;2;1;1;1m[38;2;1;1;1m                  [48;2;1;1;3m[38;2;1;1;3m  [48;2;2;0;3m[38;2;2;0;3m  [48;2;1;1;3m[38;2;1;1;3m  [48;2;3;1;6m[38;2;3;1;6m  [48;2;23;22;24m[38;2;182;180;183m▁[48;2;242;240;242m[38;2;139;137;140m▎[48;2;250;250;252m[38;2;250;250;252m    [48;2;248;248;250m[38;2;248;248;250m  [48;2;65;60;64m[38;2;222;218;222m▅[48;2;201;197;200m[38;2;43;38;42m▅[48;2;222;218;222m[38;2;56;51;55m▁[48;2;73;68;72m[38;2;219;214;218m▅[48;2;220;215;218m[38;2;89;83;87m▅[48;2;232;227;230m[38;2;46;40;44m▁[48;2;249;249;251m[38;2;249;249;251m  [48;2;250;250;252m[38;2;250;250;252m  [48;2;236;235;237m[38;2;0;0;0m [48;2;38;36;39m[38;2;209;207;209m▅[48;2;1;1;3m[38;2;1;1;3m  [48;2;3;1;6m[38;2;3;1;6m  [48;2;2;0;3m[38;2;2;0;3m  [48;2;1;1;1m[38;2;1;1;1m        [0m
[48;2;1;1;1m[38;2;1;1;1m                  [48;2;2;0;3m[38;2;2;0;3m    [48;2;3;1;6m[38;2;3;1;6m    [48;2;239;237;240m[38;2;129;127;130m▎[48;2;254;252;254m[38;2;239;237;240m│[48;2;250;250;252m[38;2;250;250;252m    [48;2;245;243;245m[38;2;0;0;0m [48;2;228;226;228m[38;2;34;32;35m▁[48;2;198;196;199m[38;2;23;21;24m▅[48;2;1;0;2m[38;2;5;3;6m▄[48;2;13;11;14m[38;2;0;0;0m [48;2;201;199;202m[38;2;32;30;33m▅[48;2;219;215;218m[38;2;43;38;42m▁[48;2;69;64;68m[38;2;243;240;243m▅[48;2;248;248;250m[38;2;248;248;250m  [48;2;250;250;252m[38;2;250;250;252m  [48;2;249;249;250m[38;2;232;232;234m╵[48;2;238;238;239m[38;2;0;0;0m [48;2;85;83;86m[38;2;227;226;228m┓[48;2;7;6;8m[38;2;0;0;0m [48;2;2;0;3m[38;2;2;0;3m  [48;2;1;1;3m[38;2;1;1;3m  [48;2;1;1;1m[38;2;1;1;1m        [0m
[48;2;4;2;10m[38;2;23;2;126m▂▂▂▂▂▂▂▂▂▂▂▂▂▂▂▂▂▂[48;2;5;3;12m[38;2;24;2;129m▂▂[48;2;4;2;10m[38;2;23;2;126m▂▂[48;2;5;3;12m[38;2;24;2;129m▂▂[48;2;7;2;12m[38;2;26;1;129m▂▂[48;2;240;238;242m[38;2;130;128;133m▎[48;2;255;254;255m[38;2;253;251;255m┃[48;2;250;250;252m[38;2;250;250;252m  [48;2;248;248;250m[38;2;248;248;250m  [48;2;200;195;204m[38;2;40;28;82m▅[48;2;15;10;18m[38;2;36;12;137m▂[48;2;7;3;23m[38;2;28;0;172m▁▁▁▁[48;2;18;13;34m[38;2;51;21;177m▁[48;2;204;198;208m[38;2;36;24;79m▅[48;2;230;227;239m[38;2;70;55;157m▁[48;2;245;244;246m[38;2;0;0;0m [48;2;250;250;252m[38;2;250;250;252m    [48;2;234;232;236m[38;2;0;0;0m [48;2;88;86;91m[38;2;240;239;242m┓[48;2;4;2;11m[38;2;23;1;128m▂▂[48;2;4;2;10m[38;2;23;2;126m▂▂▂▂▂▂▂▂▂▂[0m
[48;2;38;3;183m[38;2;38;3;183m                        [48;2;40;6;180m[38;2;0;0;0m [48;2;56;25;190m[38;2;196;185;223m▁[48;2;242;239;250m[38;2;152;148;175m▎[48;2;247;247;243m[38;2;0;0;0m [48;2;250;250;252m[38;2;250;250;252m  [48;2;243;242;246m[38;2;0;0;0m [48;2;243;241;246m[38;2;103;88;179m▂[48;2;36;6;167m[38;2;83;52;207m▎[48;2;40;6;190m[38;2;50;14;199m▁[48;2;38;3;183m[38;2;38;3;183m      [48;2;43;15;186m[38;2;0;0;0m [48;2;237;233;230m[38;2;74;48;184m▆[48;2;249;249;251m[38;2;249;249;251m  [48;2;250;250;252m[38;2;250;250;252m  [48;2;253;253;251m[38;2;238;235;254m│[48;2;124;112;184m[38;2;242;242;240m▊[48;2;37;2;184m[38;2;37;2;184m  [48;2;38;3;183m[38;2;38;3;183m          [0m
[48;2;38;3;183m[38;2;38;3;183m                        [48;2;38;8;187m[38;2;38;8;187m▄[48;2;245;241;239m[38;2;96;74;185m▎[48;2;250;250;252m[38;2;250;250;252m    [48;2;216;210;236m[38;2;249;248;246m▊[48;2;37;7;187m[38;2;99;81;180m▎[48;2;38;3;183m[38;2;38;3;183m        [48;2;31;0;174m[38;2;41;6;184m▚[48;2;40;7;183m[38;2;70;35;213m▝[48;2;227;223;238m[38;2;70;47;186m▆[48;2;249;248;243m[38;2;227;224;231m▎[48;2;250;250;252m[38;2;250;250;252m  [48;2;251;250;253m[38;2;236;235;240m┛[48;2;239;238;241m[38;2;0;0;0m [48;2;54;30;190m[38;2;191;181;219m▆[48;2;42;11;191m[38;2;36;6;180m▄[48;2;38;3;183m[38;2;38;3;183m          [0m
[48;2;38;3;185m[38;2;38;3;185m                        [48;2;38;8;187m[38;2;38;8;187m▄[48;2;245;241;239m[38;2;96;74;185m▎[48;2;250;250;252m[38;2;250;250;252m  [48;2;249;249;251m[38;2;249;249;251m  [48;2;218;207;238m[38;2;64;37;183m▆[48;2;42;12;179m[38;2;0;0;0m [48;2;38;3;185m[38;2;38;3;185m          [48;2;89;66;186m[38;2;37;6;181m▊[48;2;238;232;238m[38;2;80;61;185m▂[48;2;250;250;252m[38;2;250;250;252m    [48;2;95;72;186m[38;2;244;239;239m▊[48;2;37;6;188m[38;2;37;6;188m▄[48;2;38;3;185m[38;2;38;3;185m          [0m
[48;2;38;3;185m[38;2;38;3;185m                        [48;2;38;8;187m[38;2;38;8;187m▄[48;2;245;241;239m[38;2;96;74;185m▎[48;2;250;250;252m[38;2;250;250;252m  [48;2;249;249;251m[38;2;249;249;251m  [48;2;33;0;184m[38;2;130;110;199m▎[48;2;35;3;165m[38;2;46;10;198m┃[48;2;38;3;185m[38;2;38;3;185m          [48;2;39;6;186m[38;2;28;2;160m│[48;2;113;89;201m[38;2;40;8;188m▊[48;2;239;238;238m[38;2;76;61;181m▂[48;2;245;244;247m[38;2;0;0;0m [48;2;252;251;253m [48;2;249;247;249m[38;2;229;227;230m▃[48;2;199;186;213m[38;2;169;73;128m▂[48;2;30;1;177m[38;2;62;24;203m│[48;2;38;3;185m[38;2;38;3;185m          [0m
[48;2;38;3;185m[38;2;38;3;185m                      [48;2;33;2;177m[38;2;43;4;206m▖[48;2;38;5;173m[38;2;28;15;58m▂[48;2;43;6;172m[38;2;165;49;105m▂[48;2;198;180;204m[38;2;188;77;106m▆[48;2;238;207;221m[38;2;210;83;109m▆[48;2;243;212;216m[38;2;213;85;100m▂[48;2;235;232;229m[38;2;197;68;109m▂[48;2;209;201;212m[38;2;63;36;128m▆[48;2;44;12;182m[38;2;11;0;52m▃[48;2;34;5;163m[38;2;23;14;44m▂[48;2;39;5;187m[38;2;12;1;43m▃▃▃▃▃▃▃▃▃▃▃▃[48;2;49;20;171m[38;2;14;9;21m▂[48;2;200;192;215m[38;2;33;12;127m▆[48;2;202;210;220m[38;2;69;28;108m▆[48;2;232;181;197m[38;2;211;78;102m▆[48;2;207;69;101m[38;2;0;0;0m [48;2;107;35;145m[38;2;198;74;92m▄[48;2;44;6;174m[38;2;134;51;118m▂[48;2;42;6;190m[38;2;22;8;179m▁[48;2;38;3;185m[38;2;38;3;185m        [0m
[48;2;38;3;185m[38;2;38;3;185m                    [48;2;35;1;179m[38;2;35;1;179m▄[48;2;35;7;142m[38;2;35;25;50m━[48;2;69;30;86m[38;2;173;67;67m━[48;2;133;48;71m[38;2;91;27;54m▄[48;2;206;64;96m[38;2;53;27;20m▃[48;2;214;72;104m[38;2;42;14;12m▃[48;2;218;73;98m[38;2;52;17;26m▃▃[48;2;192;65;88m[38;2;28;20;8m▂[48;2;11;3;9m[38;2;61;29;35m▎[48;2;3;1;6m[38;2;3;1;6m  [48;2;1;1;3m[38;2;1;1;3m  [48;2;1;1;1m[38;2;1;1;1m  [48;2;1;1;3m[38;2;1;1;3m    [48;2;1;1;1m[38;2;1;1;1m  [48;2;1;1;3m[38;2;1;1;3m  [48;2;1;1;1m[38;2;1;1;1m  [48;2;17;7;6m[38;2;0;0;0m [48;2;154;56;85m[38;2;32;19;20m▆[48;2;219;76;99m[38;2;45;13;22m▃▃[48;2;183;64;100m[38;2;26;9;19m▂[48;2;83;32;88m[38;2;219;73;83m━[48;2;94;28;125m[38;2;94;21;163m▄[48;2;40;6;181m[38;2;40;6;182m▄[48;2;38;3;185m[38;2;38;3;185m      [0m
[48;2;38;3;185m[38;2;38;3;185m                      [48;2;27;9;82m[38;2;37;5;174m▆[48;2;27;14;57m[38;2;37;3;182m▆[48;2;19;8;43m[38;2;38;5;179m▆▆▆▆▆▆[48;2;15;4;39m[38;2;40;6;180m▆▆[48;2;19;8;43m[38;2;38;5;179m▆▆[48;2;19;7;45m[38;2;38;5;181m▆▆[48;2;15;4;39m[38;2;40;6;180m▆▆[48;2;19;8;43m[38;2;38;5;179m▆▆▆▆[48;2;19;7;45m[38;2;38;5;181m▆▆[48;2;19;8;43m[38;2;38;5;179m▆▆[48;2;19;7;45m[38;2;38;5;181m▆▆[48;2;15;4;39m[38;2;40;6;180m▆▆[48;2;20;7;50m[38;2;39;5;185m▆[48;2;20;2;76m[38;2;39;6;176m▆[48;2;38;3;185m[38;2;38;3;185m        [0m
[48;2;40;2;185m[38;2;40;2;185m                                                            [0m
[48;2;40;2;185m[38;2;40;2;185m                                                            [0m
