[48;2;1;1;1m[38;2;1;1;1m                                                            [0m
[48;2;1;1;1m[38;2;1;1;1m                                                            [0m
[48;2;1;1;1m[38;2;1;1;1m                                                            [0m
[48;2;1;1;1m[38;2;1;1;1m                                                      [48;2;1;1;3m[38;2;1;1;3m  [48;2;1;1;1m[38;2;1;1;1m    [0m
[48;2;1;1;1m[38;2;1;1;1m                          [48;2;3;1;6m[38;2;3;1;6m  [48;2;1;1;3m[38;2;1;1;3m  [48;2;1;1;1m[38;2;1;1;1m        [48;2;3;1;4m[38;2;3;1;4m  [48;2;3;1;6m[38;2;3;1;6m  [48;2;3;1;4m[38;2;3;1;4m  [48;2;1;1;3m[38;2;1;1;3m  [48;2;1;1;1m[38;2;1;1;1m      [48;2;3;1;4m[38;2;3;1;4m  [48;2;3;1;6m[38;2;3;1;6m  [48;2;2;0;3m[38;2;2;0;3m  [48;2;1;1;1m[38;2;1;1;1m  [0m
[48;2;1;1;1m[38;2;1;1;1m                        [48;2;1;1;3m[38;2;1;1;3m  [48;2;3;1;6m[38;2;3;1;6m    [48;2;2;0;3m[38;2;2;0;3m  [48;2;2;1;3m[38;2;12;10;13m▃▃[48;2;4;2;5m[38;2;4;2;5m  [48;2;1;1;3m[38;2;1;1;3m    [48;2;3;1;4m[38;2;3;1;4m    [48;2;1;1;3m[38;2;1;1;3m  [48;2;1;1;1m[38;2;1;1;1m    [48;2;3;1;6m[38;2;3;1;6m      [48;2;1;1;3m[38;2;1;1;3m  [48;2;1;1;1m[38;2;1;1;1m  [0m
[48;2;1;1;1m[38;2;1;1;1m                    [48;2;3;1;6m[38;2;3;1;6m    [48;2;3;1;4m[38;2;3;1;4m  [48;2;3;1;6m[38;2;3;1;6m    [48;2;12;11;13m[38;2;0;0;0m [48;2;22;21;23m[38;2;198;196;199m▄[48;2;150;148;151m[38;2;239;237;240m▇[48;2;176;174;177m[38;2;247;246;248m▇[48;2;160;155;159m[38;2;236;232;236m▇[48;2;30;25;29m[38;2;207;202;206m▄[48;2;4;2;5m[38;2;4;2;5m  [48;2;3;1;4m[38;2;3;1;4m  [48;2;3;1;6m[38;2;3;1;6m    [48;2;2;0;3m[38;2;2;0;3m    [48;2;3;1;4m[38;2;3;1;4m  [48;2;3;1;6m[38;2;3;1;6m      [48;2;1;1;3m[38;2;1;1;3m  [48;2;1;1;1m[38;2;1;1;1m  [0m
[48;2;1;1;1m[38;2;1;1;1m                    [48;2;1;1;3m[38;2;1;1;3m  [48;2;3;1;6m[38;2;3;1;6m      [48;2;4;2;7m[38;2;4;2;7m  [48;2;188;187;183m[38;2;43;26;26m▄[48;2;241;234;233m[38;2;191;82;115m▄[48;2;244;240;243m[38;2;213;84;106m▄▄[48;2;247;245;248m[38;2;229;227;230m▎[48;2;192;190;193m[38;2;248;247;249m▊[48;2;1;0;0m[38;2;35;33;34m▎[38;2;8;6;7m┃[48;2;1;1;1m[38;2;1;1;1m  [48;2;3;1;6m[38;2;3;1;6m    [48;2;2;0;3m[38;2;2;0;3m    [48;2;3;1;4m[38;2;3;1;4m  [48;2;3;1;6m[38;2;3;1;6m        [48;2;3;1;4m[38;2;3;1;4m  [0m
[48;2;1;1;1m[38;2;1;1;1m                    [48;2;2;2;4m[38;2;2;2;4m  [48;2;3;1;4m[38;2;3;1;4m  [48;2;3;1;6m[38;2;3;1;6m    [48;2;5;3;8m[38;2;5;3;8m  [48;2;17;8;8m[38;2;0;0;0m [48;2;26;15;14m[38;2;167;64;94m▄[48;2;198;61;89m[38;2;210;70;99m▄[48;2;44;20;13m[38;2;209;73;101m▄[48;2;202;82;101m[38;2;202;82;101m▄[48;2;219;190;201m[38;2;253;250;251m┃[48;2;10;9;9m[38;2;40;38;39m▎[48;2;6;5;5m[38;2;37;35;36m▁[48;2;1;1;1m[38;2;1;1;1m  [48;2;3;1;6m[38;2;3;1;6m    [48;2;1;1;3m[38;2;1;1;3m        [48;2;3;1;4m[38;2;3;1;4m  [48;2;3;1;6m[38;2;3;1;6m    [48;2;1;1;3m[38;2;1;1;3m  [0m
[48;2;1;1;1m[38;2;1;1;1m                [48;2;2;0;3m[38;2;2;0;3m  [48;2;3;1;4m[38;2;3;1;4m  [48;2;2;0;3m[38;2;2;0;3m  [48;2;1;1;1m[38;2;1;1;1m  [48;2;1;1;3m[38;2;1;1;3m  [48;2;4;2;5m[38;2;1;0;2m▆[48;2;5;3;6m[38;2;33;31;34m▂[48;2;31;29;32m[38;2;206;204;207m▄[48;2;223;222;224m[38;2;0;0;0m [48;2;204;194;193m[38;2;246;242;239m▇[48;2;204;104;133m[38;2;244;236;235m▄[48;2;213;74;100m[38;2;239;122;140m▁▁[48;2;212;113;133m[38;2;218;76;100m▊[48;2;245;250;252m[38;2;252;215;222m▎[48;2;192;190;193m[38;2;247;246;248m▇[48;2;232;231;233m[38;2;0;0;0m [48;2;28;26;29m[38;2;238;236;238m▄[48;2;21;19;22m[38;2;210;208;211m▄[48;2;6;5;7m[38;2;26;24;27m▃[48;2;2;0;3m[38;2;1;0;2m▗[48;2;3;1;4m[38;2;3;1;4m  [48;2;3;1;6m[38;2;3;1;6m      [48;2;3;1;4m[38;2;3;1;4m  [48;2;1;1;3m[38;2;1;1;3m  [48;2;1;1;1m[38;2;1;1;1m      [0m
[48;2;1;1;1m[38;2;1;1;1m            [48;2;1;1;3m[38;2;1;1;3m  [48;2;3;1;6m[38;2;3;1;6m      [48;2;1;1;3m[38;2;1;1;3m  [48;2;1;1;1m[38;2;1;1;1m    [48;2;13;11;14m[38;2;71;69;72m▁[48;2;235;233;236m[38;2;138;136;139m▎[48;2;250;250;252m[38;2;250;250;252m    [48;2;249;249;251m[38;2;249;249;251m    [48;2;250;250;252m[38;2;250;250;252m    [48;2;156;151;155m[38;2;240;236;239m▊[48;2;19;15;18m[38;2;97;92;96m▁[48;2;1;1;3m[38;2;1;1;3m  [48;2;2;0;3m[38;2;2;0;3m  [48;2;3;1;6m[38;2;3;1;6m        [48;2;3;1;4m[38;2;3;1;4m  [48;2;1;1;3m[38;2;1;1;3m    [0m
[48;2;1;1;1m[38;2;1;1;1m            [48;2;3;1;6m[38;2;3;1;6m      [48;2;3;1;4m[38;2;3;1;4m  [48;2;1;1;3m[38;2;1;1;3m  [48;2;1;1;1m[38;2;1;1;1m  [48;2;5;4;4m[38;2;0;0;0m [48;2;8;6;7m[38;2;95;93;94m▁[48;2;239;237;240m[38;2;129;127;130m▎[48;2;254;252;254m[38;2;239;237;240m│[48;2;250;250;252m[38;2;250;250;252m            [48;2;248;248;249m[38;2;231;231;233m╵[48;2;237;237;238m[38;2;0;0;0m [48;2;43;38;42m[38;2;208;204;207m▄[48;2;3;0;2m[38;2;57;52;56m▎[48;2;1;1;3m[38;2;1;1;3m  [48;2;3;1;6m[38;2;3;1;6m            [48;2;1;1;1m[38;2;1;1;1m  [0m
[48;2;1;1;1m[38;2;1;1;1m            [48;2;1;1;3m[38;2;1;1;3m  [48;2;3;1;6m[38;2;3;1;6m  [48;2;2;0;3m[38;2;2;0;3m  [48;2;1;1;1m[38;2;1;1;1m  [48;2;3;1;6m[38;2;3;1;6m    [48;2;24;22;25m[38;2;1;0;2m▊[48;2;239;237;240m[38;2;110;108;111m▎[48;2;250;250;252m[38;2;250;250;252m            [48;2;244;244;246m[38;2;0;0;0m [48;2;244;244;245m[38;2;131;131;133m▁[48;2;249;249;251m[38;2;249;249;251m  [48;2;117;113;114m[38;2;225;221;222m▊[48;2;3;0;0m[38;2;7;3;4m▌[48;2;1;1;1m[38;2;1;1;1m  [48;2;1;1;3m[38;2;1;1;3m  [48;2;3;1;6m[38;2;3;1;6m          [48;2;3;1;4m[38;2;3;1;4m  [0m
[48;2;1;1;1m[38;2;1;1;1m              [48;2;2;0;3m[38;2;2;0;3m  [48;2;1;1;3m[38;2;1;1;3m    [48;2;3;1;6m[38;2;3;1;6m  [48;2;3;1;4m[38;2;3;1;4m  [48;2;3;1;6m[38;2;1;0;4m│[48;2;214;212;216m[38;2;96;94;99m▎[48;2;248;248;250m[38;2;248;248;250m  [48;2;241;237;241m[38;2;90;86;89m▅[48;2;231;226;230m[38;2;94;89;93m▁[48;2;249;249;251m[38;2;249;249;251m  [48;2;250;250;252m[38;2;250;250;252m    [48;2;249;249;251m[38;2;249;249;251m  [48;2;230;226;229m[38;2;133;128;132m▁[48;2;61;56;60m[38;2;231;227;230m▅[48;2;253;251;254m[38;2;232;230;233m▎[48;2;160;158;161m[38;2;240;238;241m▊[48;2;3;3;5m[38;2;19;19;21m▌[48;2;6;6;8m[38;2;0;0;2m▊[48;2;1;1;1m[38;2;1;1;1m  [48;2;3;1;6m[38;2;3;1;6m            [48;2;3;1;4m[38;2;3;1;4m  [0m
[48;2;1;1;1m[38;2;1;1;1m                [48;2;3;1;4m[38;2;3;1;4m  [48;2;3;1;6m[38;2;3;1;6m  [48;2;2;0;3m[38;2;2;0;3m  [48;2;3;1;6m[38;2;3;1;6m  [48;2;2;0;3m[38;2;2;0;3m  [48;2;197;196;198m[38;2;83;81;84m▁[48;2;245;243;245m[38;2;0;0;0m [48;2;238;236;239m[38;2;255;254;255m▊[48;2;38;36;39m[38;2;137;135;138m▎[48;2;218;216;219m[38;2;97;95;98m▁[48;2;245;243;245m[38;2;0;0;0m [48;2;250;250;252m[38;2;250;250;252m    [48;2;246;244;247m[38;2;0;0;0m [48;2;228;226;229m[38;2;120;118;121m▁[48;2;57;55;58m[38;2;234;232;235m▅[48;2;240;238;240m[38;2;0;0;0m [48;2;194;189;193m[38;2;243;239;243m▊[48;2;211;207;210m[38;2;32;28;31m▅[48;2;2;2;4m[38;2;2;2;4m  [48;2;0;0;2m[38;2;0;0;2m  [48;2;3;1;6m[38;2;3;1;6m            [48;2;1;1;3m[38;2;1;1;3m  [0m
[48;2;1;1;1m[38;2;1;1;1m                    [48;2;0;0;0m[38;2;0;0;0m  [48;2;1;1;3m[38;2;1;1;3m  [48;2;1;1;1m[38;2;1;1;1m  [48;2;1;0;2m[38;2;4;2;5m▄[48;2;211;209;212m[38;2;106;104;107m▎[48;2;247;236;236m[38;2;216;135;157m▁[48;2;241;235;232m[38;2;201;92;123m▅[48;2;77;38;44m[38;2;204;73;110m▄[48;2;210;199;195m[38;2;85;71;68m▅[48;2;226;223;224m[38;2;21;17;18m▅▅[48;2;227;223;225m[38;2;27;21;23m▅[48;2;226;220;222m[38;2;66;61;62m▅[48;2;204;198;202m[38;2;85;79;83m▅[48;2;57;51;55m[38;2;227;222;225m▅[48;2;238;234;236m[38;2;187;160;169m▁[48;2;207;199;202m[38;2;247;241;244m▊[48;2;194;189;193m[38;2;31;26;30m▅[48;2;3;0;2m[38;2;7;2;6m▄[48;2;1;1;3m[38;2;1;1;3m    [48;2;3;1;6m[38;2;3;1;6m      [48;2;1;1;3m[38;2;1;1;3m  [48;2;3;1;4m[38;2;3;1;4m  [48;2;1;1;3m[38;2;1;1;3m  [48;2;1;1;1m[38;2;1;1;1m  [0m
[48;2;1;1;1m[38;2;1;1;1m                        [48;2;1;1;3m[38;2;1;1;3m  [48;2;20;18;21m[38;2;151;149;152m▁[48;2;34;32;35m[38;2;207;205;208m▅[48;2;216;73;100m[38;2;191;86;100m▌[48;2;214;68;96m[38;2;227;76;105m┛[48;2;214;98;133m[38;2;237;222;223m▅[48;2;234;232;229m[38;2;0;0;0m [48;2;51;47;48m[38;2;12;8;9m┃[48;2;39;35;36m[38;2;204;200;201m▅[48;2;67;63;64m[38;2;18;14;15m▊[48;2;247;244;245m[38;2;201;197;198m▎[48;2;244;238;240m[38;2;254;250;252m┃[48;2;209;203;205m[38;2;251;246;248m▊[48;2;189;88;106m[38;2;216;71;104m▆[48;2;227;194;190m[38;2;208;93;116m▅[48;2;39;34;38m[38;2;208;203;207m▅[48;2;3;0;2m[38;2;52;47;51m▎[48;2;1;1;3m[38;2;1;1;3m  [48;2;3;1;6m[38;2;3;1;6m      [48;2;3;1;4m[38;2;3;1;4m  [48;2;1;1;1m[38;2;1;1;1m      [48;2;1;1;3m[38;2;1;1;3m  [0m
[48;2;1;1;1m[38;2;1;1;1m                    [48;2;2;0;3m[38;2;2;0;3m  [48;2;1;1;1m[38;2;1;1;1m  [48;2;1;0;2m[38;2;24;22;25m┗[48;2;78;77;79m[38;2;223;221;224m┏[48;2;237;237;238m[38;2;0;0;0m [48;2;248;248;249m[38;2;231;231;233m╵[48;2;229;112;132m[38;2;245;239;242m▅[48;2;205;88;108m[38;2;241;235;237m▅[48;2;250;248;251m[38;2;225;223;226m▎[48;2;225;223;226m[38;2;250;248;251m▊[48;2;38;33;37m[38;2;147;142;146m▂[48;2;214;209;213m[38;2;75;70;74m▁[48;2;55;49;53m[38;2;225;220;224m▅[48;2;211;206;210m[38;2;92;86;90m▅[48;2;234;230;233m[38;2;91;86;90m▁[48;2;241;236;240m[38;2;0;0;0m [48;2;212;95;115m[38;2;244;238;242m▅▅[48;2;237;236;238m[38;2;0;0;0m [48;2;40;38;41m[38;2;206;204;207m▅[48;2;3;3;5m[38;2;3;3;5m  [48;2;1;1;3m[38;2;1;1;3m  [48;2;3;1;6m[38;2;3;1;6m    [48;2;1;1;3m[38;2;1;1;3m  [48;2;1;1;1m[38;2;1;1;1m        [0m
[48;2;1;1;1m[38;2;1;1;1m                  [48;2;1;1;3m[38;2;1;1;3m  [48;2;2;0;3m[38;2;2;0;3m  [48;2;1;1;3m[38;2;1;1;3m  [48;2;80;76;79m[38;2;225;221;224m┏[48;2;233;228;232m[38;2;0;0;0m [48;2;250;250;252m[38;2;250;250;252m      [48;2;242;241;243m[38;2;0;0;0m [48;2;58;56;59m[38;2;174;172;175m▅[48;2;215;210;214m[38;2;45;40;44m▅[48;2;240;236;239m[38;2;218;213;217m▎[48;2;60;55;58m[38;2;229;223;227m▅[48;2;213;207;211m[38;2;110;104;108m▅[48;2;248;248;250m[38;2;248;248;250m  [48;2;250;250;251m[38;2;0;0;0m [48;2;249;249;250m[38;2;211;211;213m▝[48;2;41;39;40m[38;2;204;202;203m▅[48;2;11;9;10m[38;2;1;0;0m┣[48;2;1;1;1m[38;2;1;1;1m  [48;2;1;1;3m[38;2;1;1;3m  [48;2;3;1;6m[38;2;3;1;6m  [48;2;2;0;3m[38;2;2;0;3m  [48;2;1;1;1m[38;2;1;1;1m        [0m
[48;2;1;1;1m[38;2;1;1;1m                  [48;2;2;0;3m[38;2;2;0;3m    [48;2;1;0;2m[38;2;8;6;9m▄[48;2;79;78;80m[38;2;220;218;221m┏[48;2;231;231;232m[38;2;0;0;0m [48;2;250;250;251m[38;2;239;239;241m╵[48;2;250;250;252m[38;2;250;250;252m    [48;2;244;242;244m[38;2;0;0;0m [48;2;231;229;231m[38;2;51;49;52m▁[48;2;203;202;204m[38;2;28;26;29m▅[48;2;1;0;2m[38;2;17;15;18m╹[48;2;12;10;13m[38;2;0;0;0m [48;2;197;196;198m[38;2;28;26;29m▅[48;2;233;231;233m[38;2;45;43;46m▁[48;2;242;240;243m[38;2;0;0;0m [48;2;250;250;252m[38;2;250;250;252m    [48;2;240;239;241m[38;2;0;0;0m [48;2;43;41;44m[38;2;211;209;211m▅[48;2;2;2;2m[38;2;2;2;2m  [48;2;1;1;3m[38;2;1;1;3m  [48;2;2;0;3m[38;2;2;0;3m  [48;2;1;1;3m[38;2;1;1;3m  [48;2;1;1;1m[38;2;1;1;1m        [0m
[48;2;4;2;10m[38;2;23;2;126m▂▂▂▂▂▂▂▂▂▂▂▂▂▂▂▂▂▂[48;2;5;3;12m[38;2;24;2;129m▂▂[48;2;4;2;10m[38;2;23;2;126m▂▂[48;2;10;6;25m[38;2;26;2;151m▁[48;2;236;233;237m[38;2;98;93;114m▎[48;2;250;250;252m[38;2;250;250;252m    [48;2;245;245;247m[38;2;0;0;0m [48;2;231;228;240m[38;2;71;55;158m▁[48;2;159;149;188m[38;2;26;17;56m┳[48;2;15;11;20m[38;2;25;5;128m▂[48;2;7;3;21m[38;2;28;0;171m▁▁[48;2;7;3;23m[38;2;28;0;172m▁▁[48;2;16;10;28m[38;2;38;14;179m▁[48;2;201;197;199m[38;2;41;28;85m▅[48;2;249;249;251m[38;2;231;231;233m▌[38;2;255;255;255m▌[48;2;250;250;252m[38;2;250;250;252m  [48;2;249;249;251m[38;2;233;233;235m╵[48;2;238;238;239m[38;2;0;0;0m [48;2;19;20;14m[38;2;190;186;202m▆[48;2;11;8;25m[38;2;49;24;173m▁[48;2;4;2;10m[38;2;23;2;126m▂▂[48;2;4;2;11m[38;2;23;1;128m▂▂[48;2;4;2;10m[38;2;23;2;126m▂▂▂▂▂▂▂▂▂▂[0m
[48;2;38;3;183m[38;2;38;3;183m                      [48;2;31;1;182m[38;2;58;24;206m│[48;2;240;236;234m[38;2;86;63;177m▎[48;2;250;250;252m[38;2;250;250;252m    [48;2;238;235;240m[38;2;95;77;182m▂[48;2;42;11;192m[38;2;113;100;170m▎[48;2;38;3;183m[38;2;38;3;183m      [48;2;40;5;185m[38;2;40;5;185m  [48;2;233;231;234m[38;2;62;39;181m▆[48;2;240;236;244m[38;2;91;71;183m▂[48;2;250;250;252m[38;2;250;250;252m    [48;2;239;237;244m[38;2;0;0;0m [48;2;39;19;166m[38;2;205;200;224m▆[48;2;38;3;185m[38;2;38;3;185m  [48;2;38;3;183m[38;2;38;3;183m            [0m
[48;2;38;3;183m[38;2;38;3;183m                      [48;2;35;5;188m[38;2;35;5;188m▄[48;2;242;237;239m[38;2;93;70;186m▎[48;2;250;250;252m[38;2;250;250;252m    [48;2;39;4;184m[38;2;141;118;226m▎[48;2;31;0;174m[38;2;54;22;183m│[48;2;38;3;183m[38;2;38;3;183m        [48;2;38;5;185m[38;2;32;1;164m│[48;2;103;79;191m[38;2;44;11;191m▊[48;2;237;235;240m[38;2;96;81;172m▂[48;2;247;246;249m[38;2;0;0;0m [48;2;250;250;252m[38;2;250;250;252m  [48;2;250;249;252m[38;2;0;0;0m [48;2;249;248;251m[38;2;211;210;215m▝[48;2;52;28;182m[38;2;212;202;233m▆[48;2;39;10;182m[38;2;37;9;177m▄[48;2;38;3;183m[38;2;38;3;183m            [0m
[48;2;38;3;185m[38;2;38;3;185m                      [48;2;35;5;188m[38;2;35;5;188m▄[48;2;242;237;239m[38;2;93;70;186m▎[48;2;250;250;252m[38;2;250;250;252m    [48;2;41;10;186m[38;2;135;112;220m▎[48;2;26;0;176m[38;2;41;7;177m▊[48;2;38;3;185m[38;2;38;3;185m          [48;2;41;12;180m[38;2;0;0;0m [48;2;224;213;247m[38;2;60;35;182m▆[48;2;239;238;238m[38;2;76;61;181m▂[48;2;245;244;247m[38;2;0;0;0m [48;2;250;250;252m[38;2;250;250;252m  [48;2;176;167;208m[38;2;245;242;245m▊[48;2;46;20;178m[38;2;192;187;211m▂[48;2;38;3;185m[38;2;38;3;185m            [0m
[48;2;38;3;185m[38;2;38;3;185m                      [48;2;41;8;180m[38;2;38;4;180m▄[48;2;166;152;208m[38;2;41;9;188m▆[48;2;239;236;249m[38;2;163;159;186m▎[48;2;253;252;250m[38;2;242;244;235m▗[48;2;250;250;252m[38;2;250;250;252m  [48;2;39;4;184m[38;2;141;118;226m▎[48;2;31;0;174m[38;2;54;22;183m│[48;2;38;3;185m[38;2;38;3;185m            [48;2;41;9;179m[38;2;0;0;0m [48;2;213;200;239m[38;2;65;38;185m▆[48;2;239;238;238m[38;2;76;61;181m▂[48;2;245;244;247m[38;2;0;0;0m [48;2;253;253;251m[38;2;238;235;254m│[48;2;124;112;184m[38;2;242;242;240m▊[48;2;37;2;184m[38;2;37;2;184m  [48;2;38;3;185m[38;2;38;3;185m          [0m
[48;2;38;3;185m[38;2;38;3;185m                      [48;2;33;2;177m[38;2;43;4;206m▖[48;2;38;5;173m[38;2;28;15;58m▂[48;2;170;183;199m[38;2;88;35;140m▆[48;2;236;212;227m[38;2;190;65;110m▆[48;2;240;208;223m[38;2;210;83;109m▆[48;2;243;213;217m[38;2;213;85;100m▂[48;2;60;31;175m[38;2;30;24;39m▂[48;2;38;7;164m[38;2;10;2;28m▂[48;2;36;3;185m[38;2;20;8;51m▃▃[48;2;39;5;187m[38;2;12;1;43m▃▃▃▃▃▃▃▃▃▃▃▃[48;2;61;23;171m[38;2;21;12;45m▃[48;2;224;185;197m[38;2;111;40;60m▅[48;2;236;226;218m[38;2;147;45;68m▆[48;2;206;201;192m[38;2;214;77;111m▆[48;2;50;9;177m[38;2;181;66;106m▆[48;2;49;8;168m[38;2;181;67;97m▂[48;2;44;6;174m[38;2;134;51;118m▂[48;2;42;6;190m[38;2;22;8;179m▁[48;2;38;3;185m[38;2;38;3;185m        [0m
[48;2;38;3;185m[38;2;38;3;185m                    [48;2;35;1;179m[38;2;35;1;179m▄[48;2;35;7;142m[38;2;35;25;50m━[48;2;69;30;86m[38;2;173;67;67m━[48;2;133;48;71m[38;2;91;27;54m▄[48;2;205;63;95m[38;2;52;26;19m▃[48;2;213;71;103m[38;2;41;13;12m▃[48;2;174;51;88m[38;2;21;16;14m▆[48;2;177;54;91m[38;2;11;5;4m▆[48;2;3;1;4m[38;2;3;1;4m  [48;2;3;1;6m[38;2;3;1;6m  [48;2;1;1;3m[38;2;1;1;3m  [48;2;1;1;1m[38;2;1;1;1m  [48;2;1;1;3m[38;2;1;1;3m    [48;2;1;1;1m[38;2;1;1;1m  [48;2;1;1;3m[38;2;1;1;3m    [48;2;10;5;4m[38;2;0;0;0m [48;2;153;62;90m[38;2;14;5;5m▆[48;2;171;54;78m[38;2;10;5;12m▆▆[48;2;55;13;139m[38;2;53;23;45m┛[48;2;37;7;182m[38;2;0;0;0m [48;2;38;3;185m[38;2;38;3;185m        [0m
[48;2;38;3;185m[38;2;38;3;185m                      [48;2;27;9;82m[38;2;37;5;174m▆[48;2;27;14;57m[38;2;37;3;182m▆[48;2;19;8;43m[38;2;38;5;179m▆▆▆▆▆▆[48;2;15;4;39m[38;2;40;6;180m▆▆[48;2;19;8;43m[38;2;38;5;179m▆▆[48;2;19;7;45m[38;2;38;5;181m▆▆[48;2;15;4;39m[38;2;40;6;180m▆▆[48;2;19;8;43m[38;2;38;5;179m▆▆▆▆[48;2;19;7;45m[38;2;38;5;181m▆▆[48;2;19;8;43m[38;2;38;5;179m▆▆[48;2;19;7;45m[38;2;38;5;181m▆▆[48;2;27;14;57m[38;2;37;3;182m▆[48;2;27;9;82m[38;2;37;5;174m▆[48;2;38;3;185m[38;2;38;3;185m          [0m
[48;2;40;2;185m[38;2;40;2;185m                                                            [0m
[48;2;40;2;185m[38;2;40;2;185m                                                            [0m
