[48;2;1;1;1m[38;2;1;1;1m                                                            [0m
[48;2;1;1;1m[38;2;1;1;1m                                                            [0m
[48;2;1;1;1m[38;2;1;1;1m                                                            [0m
[48;2;1;1;1m[38;2;1;1;1m                                                      [48;2;1;1;3m[38;2;1;1;3m  [48;2;1;1;1m[38;2;1;1;1m    [0m
[48;2;1;1;1m[38;2;1;1;1m                          [48;2;3;1;6m[38;2;3;1;6m  [48;2;1;1;3m[38;2;1;1;3m  [48;2;1;1;1m[38;2;1;1;1m        [48;2;3;1;4m[38;2;3;1;4m  [48;2;3;1;6m[38;2;3;1;6m  [48;2;3;1;4m[38;2;3;1;4m  [48;2;1;1;3m[38;2;1;1;3m  [48;2;1;1;1m[38;2;1;1;1m      [48;2;3;1;4m[38;2;3;1;4m  [48;2;3;1;6m[38;2;3;1;6m  [48;2;2;0;3m[38;2;2;0;3m  [48;2;1;1;1m[38;2;1;1;1m  [0m
[48;2;1;1;1m[38;2;1;1;1m                        [48;2;1;1;3m[38;2;1;1;3m  [48;2;3;1;6m[38;2;3;1;6m    [48;2;4;2;5m[38;2;4;2;5m  [48;2;2;1;3m[38;2;12;10;13m▃▃[48;2;2;0;3m[38;2;2;0;3m  [48;2;1;1;3m[38;2;1;1;3m    [48;2;3;1;4m[38;2;3;1;4m    [48;2;1;1;3m[38;2;1;1;3m  [48;2;1;1;1m[38;2;1;1;1m    [48;2;3;1;6m[38;2;3;1;6m      [48;2;1;1;3m[38;2;1;1;3m  [48;2;1;1;1m[38;2;1;1;1m  [0m
[48;2;1;1;1m[38;2;1;1;1m                    [48;2;3;1;6m[38;2;3;1;6m    [48;2;3;1;4m[38;2;3;1;4m  [48;2;3;1;6m[38;2;3;1;6m  [48;2;5;3;8m[38;2;5;3;8m  [48;2;15;13;16m[38;2;203;201;204m▄[48;2;155;153;156m[38;2;237;235;238m▇[48;2;177;175;178m[38;2;248;247;249m▇[48;2;151;149;152m[38;2;241;239;242m▇[48;2;30;28;31m[38;2;208;206;209m▄[48;2;1;0;2m[38;2;4;2;5m▄[48;2;1;1;3m[38;2;1;1;3m  [48;2;3;1;4m[38;2;3;1;4m  [48;2;3;1;6m[38;2;3;1;6m    [48;2;2;0;3m[38;2;2;0;3m    [48;2;3;1;4m[38;2;3;1;4m  [48;2;3;1;6m[38;2;3;1;6m      [48;2;1;1;3m[38;2;1;1;3m  [48;2;1;1;1m[38;2;1;1;1m  [0m
[48;2;1;1;1m[38;2;1;1;1m                    [48;2;1;1;3m[38;2;1;1;3m  [48;2;3;1;6m[38;2;3;1;6m      [48;2;12;8;11m[38;2;0;0;0m [48;2;183;178;182m[38;2;28;24;27m▄[48;2;244;235;239m[38;2;188;74;91m▄[48;2;251;243;246m[38;2;199;85;102m▄[48;2;245;236;235m[38;2;194;92;122m▄[48;2;249;242;240m[38;2;0;0;0m [48;2;163;158;162m[38;2;249;244;248m▊[48;2;8;4;7m[38;2;40;35;39m▎[48;2;0;0;0m[38;2;0;0;0m  [48;2;1;1;1m[38;2;1;1;1m  [48;2;3;1;6m[38;2;3;1;6m    [48;2;2;0;3m[38;2;2;0;3m    [48;2;3;1;4m[38;2;3;1;4m  [48;2;3;1;6m[38;2;3;1;6m        [48;2;3;1;4m[38;2;3;1;4m  [0m
[48;2;1;1;1m[38;2;1;1;1m                    [48;2;2;2;4m[38;2;2;2;4m  [48;2;3;1;4m[38;2;3;1;4m  [48;2;3;1;6m[38;2;3;1;6m    [48;2;4;3;7m[38;2;45;43;48m▁▁[48;2;36;14;10m[38;2;185;73;95m▄[48;2;213;65;99m[38;2;170;56;79m▎[48;2;51;24;18m[38;2;194;65;93m▄[48;2;222;82;113m[38;2;186;57;85m▎[48;2;215;210;214m[38;2;255;253;255m┃[48;2;13;8;12m[38;2;59;54;58m▎[48;2;3;3;5m[38;2;3;3;5m  [48;2;1;1;1m[38;2;1;1;1m  [48;2;3;1;6m[38;2;3;1;6m    [48;2;1;1;3m[38;2;1;1;3m        [48;2;3;1;4m[38;2;3;1;4m  [48;2;3;1;6m[38;2;3;1;6m    [48;2;1;1;3m[38;2;1;1;3m  [0m
[48;2;1;1;1m[38;2;1;1;1m                [48;2;2;0;3m[38;2;2;0;3m  [48;2;3;1;4m[38;2;3;1;4m  [48;2;2;0;3m[38;2;2;0;3m  [48;2;1;1;1m[38;2;1;1;1m  [48;2;1;1;3m[38;2;1;1;3m  [48;2;10;8;11m[38;2;58;56;59m▁[48;2;20;18;21m[38;2;201;199;202m▄[48;2;230;228;231m[38;2;0;0;0m [48;2;190;188;191m[38;2;245;243;246m▇[48;2;202;94;117m[38;2;244;230;223m▄[48;2;212;70;104m[38;2;230;121;144m▎[48;2;213;77;102m[38;2;232;117;134m▁▁[48;2;239;237;240m[38;2;250;248;251m▄▄[48;2;179;177;180m[38;2;238;236;239m▇[48;2;36;35;37m[38;2;240;238;240m▄[48;2;19;17;20m[38;2;213;211;214m▄[48;2;21;20;22m[38;2;0;0;0m [48;2;3;1;4m[38;2;3;1;4m    [48;2;3;1;6m[38;2;3;1;6m      [48;2;3;1;4m[38;2;3;1;4m  [48;2;1;1;3m[38;2;1;1;3m  [48;2;1;1;1m[38;2;1;1;1m      [0m
[48;2;1;1;1m[38;2;1;1;1m            [48;2;1;1;3m[38;2;1;1;3m  [48;2;3;1;6m[38;2;3;1;6m      [48;2;1;1;3m[38;2;1;1;3m  [48;2;1;1;1m[38;2;1;1;1m  [48;2;1;0;0m[38;2;11;9;10m━[48;2;7;5;6m[38;2;76;74;75m▁[48;2;238;236;239m[38;2;128;126;129m▎[48;2;253;251;254m[38;2;238;236;239m│[48;2;250;250;252m[38;2;250;250;252m  [48;2;249;249;251m[38;2;249;249;251m    [48;2;250;250;252m[38;2;250;250;252m    [48;2;255;255;255m[38;2;252;252;254m▌[48;2;163;163;165m[38;2;239;239;241m▊[48;2;16;14;17m[38;2;88;86;89m▁[48;2;1;0;2m[38;2;15;13;16m╺[48;2;1;1;3m[38;2;1;1;3m  [48;2;2;0;3m[38;2;2;0;3m  [48;2;3;1;6m[38;2;3;1;6m        [48;2;3;1;4m[38;2;3;1;4m  [48;2;1;1;3m[38;2;1;1;3m    [0m
[48;2;1;1;1m[38;2;1;1;1m            [48;2;3;1;6m[38;2;3;1;6m      [48;2;3;1;4m[38;2;3;1;4m  [48;2;1;1;3m[38;2;1;1;3m  [48;2;1;1;1m[38;2;1;1;1m  [48;2;9;7;10m[38;2;87;85;88m▁[48;2;237;235;237m[38;2;103;101;104m▎[48;2;250;250;252m[38;2;250;250;252m              [48;2;233;231;234m[38;2;0;0;0m [48;2;18;17;19m[38;2;195;193;196m▅[48;2;3;1;4m[38;2;3;1;4m  [48;2;1;1;3m[38;2;1;1;3m  [48;2;3;1;6m[38;2;3;1;6m            [48;2;1;1;1m[38;2;1;1;1m  [0m
[48;2;1;1;1m[38;2;1;1;1m            [48;2;1;1;3m[38;2;1;1;3m  [48;2;3;1;6m[38;2;3;1;6m  [48;2;2;0;3m[38;2;2;0;3m  [48;2;1;1;1m[38;2;1;1;1m  [48;2;3;1;6m[38;2;3;1;6m    [48;2;233;232;234m[38;2;75;73;76m▎[48;2;253;252;254m[38;2;245;243;246m▎[48;2;250;250;252m[38;2;250;250;252m          [48;2;249;249;251m[38;2;249;249;251m  [48;2;244;244;245m[38;2;135;135;137m▁[48;2;245;245;246m[38;2;0;0;0m [48;2;249;248;250m[38;2;221;219;222m▁[48;2;204;202;205m[38;2;0;0;0m [48;2;2;2;4m[38;2;18;18;20m▌[48;2;5;5;7m[38;2;0;0;2m▊[48;2;1;1;1m[38;2;1;1;1m  [48;2;1;1;3m[38;2;1;1;3m  [48;2;3;1;6m[38;2;3;1;6m          [48;2;3;1;4m[38;2;3;1;4m  [0m
[48;2;1;1;1m[38;2;1;1;1m              [48;2;2;0;3m[38;2;2;0;3m  [48;2;1;1;3m[38;2;1;1;3m    [48;2;3;1;6m[38;2;3;1;6m    [48;2;188;186;189m[38;2;23;21;24m▅[48;2;237;235;238m[38;2;172;170;172m▎[48;2;244;242;244m[38;2;0;0;0m [48;2;214;213;215m[38;2;85;83;86m▄[48;2;225;223;226m[38;2;119;117;120m▁[48;2;255;254;255m[38;2;243;241;244m━[48;2;250;250;252m[38;2;250;250;252m      [48;2;244;242;245m[38;2;0;0;0m [48;2;233;231;234m[38;2;146;144;147m▁[48;2;54;52;55m[38;2;227;225;228m▅[48;2;243;241;244m[38;2;0;0;0m [48;2;149;144;148m[38;2;245;241;244m▊[48;2;3;0;2m[38;2;50;45;49m▎[48;2;1;1;1m[38;2;1;1;1m    [48;2;3;1;6m[38;2;3;1;6m            [48;2;3;1;4m[38;2;3;1;4m  [0m
[48;2;1;1;1m[38;2;1;1;1m                [48;2;3;1;4m[38;2;3;1;4m  [48;2;3;1;6m[38;2;3;1;6m  [48;2;2;0;3m[38;2;2;0;3m  [48;2;3;1;6m[38;2;3;1;6m  [48;2;19;17;20m[38;2;1;0;2m▊[48;2;196;194;196m[38;2;23;21;24m▅[48;2;228;226;228m[38;2;0;0;0m [48;2;246;244;247m [48;2;43;38;42m[38;2;128;123;127m▎[48;2;218;214;217m[38;2;130;125;129m▎[48;2;249;249;251m[38;2;249;249;251m  [48;2;250;250;252m[38;2;250;250;252m  [48;2;249;249;251m[38;2;249;249;251m  [48;2;230;226;230m[38;2;123;118;122m▁[48;2;57;52;56m[38;2;232;227;231m▅[48;2;245;245;246m[38;2;0;0;0m [48;2;213;213;215m[38;2;243;243;244m▊[48;2;206;201;205m[38;2;28;23;27m▅[48;2;13;9;12m[38;2;0;0;0m [48;2;1;1;3m[38;2;1;1;3m  [48;2;0;0;2m[38;2;0;0;2m  [48;2;3;1;6m[38;2;3;1;6m            [48;2;1;1;3m[38;2;1;1;3m  [0m
[48;2;1;1;1m[38;2;1;1;1m                    [48;2;0;0;0m[38;2;0;0;0m  [48;2;1;1;3m[38;2;1;1;3m  [48;2;2;0;1m[38;2;2;0;1m  [48;2;249;241;244m[38;2;119;110;113m▎[48;2;242;236;239m[38;2;185;176;179m▁[48;2;233;220;227m[38;2;218;95;118m▅[48;2;59;44;50m[38;2;201;75;97m▅[48;2;198;190;193m[38;2;83;74;77m▅[48;2;220;211;214m[38;2;29;21;23m▅[48;2;226;223;224m[38;2;20;16;17m▅▅[48;2;222;217;219m[38;2;75;69;71m▅[48;2;213;207;209m[38;2;81;75;77m▅[48;2;53;54;54m[38;2;225;224;225m▅[48;2;243;225;232m[38;2;196;137;157m▁[48;2;251;229;233m[38;2;193;74;109m▅[48;2;204;205;199m[38;2;29;24;22m▅[48;2;2;2;4m[38;2;2;2;4m  [48;2;1;1;3m[38;2;1;1;3m    [48;2;3;1;6m[38;2;3;1;6m      [48;2;1;1;3m[38;2;1;1;3m  [48;2;3;1;4m[38;2;3;1;4m  [48;2;1;1;3m[38;2;1;1;3m  [48;2;1;1;1m[38;2;1;1;1m  [0m
[48;2;1;1;1m[38;2;1;1;1m                        [48;2;1;0;2m[38;2;4;2;5m▄[48;2;15;13;16m[38;2;134;132;135m▁[48;2;237;243;242m[38;2;150;134;147m▎[48;2;209;64;89m[38;2;232;156;168m▎[48;2;212;84;111m[38;2;214;60;96m┫[48;2;220;92;120m[38;2;236;220;210m▅[48;2;227;221;223m[38;2;100;94;96m▁[48;2;42;36;38m[38;2;170;164;166m▁[48;2;29;25;28m[38;2;213;209;213m▅[48;2;54;49;53m[38;2;13;8;12m┃[48;2;255;255;255m[38;2;236;236;238m▌[48;2;252;252;253m[38;2;244;244;246m┃[48;2;238;204;210m[38;2;247;244;249m▊[48;2;211;77;101m[38;2;225;174;170m▂[48;2;204;77;101m[38;2;232;169;172m▂[48;2;39;34;38m[38;2;213;201;208m▅[48;2;8;6;9m[38;2;13;11;14m▌[48;2;1;0;2m[38;2;3;1;4m▎[48;2;1;1;3m[38;2;1;1;3m  [48;2;3;1;6m[38;2;3;1;6m      [48;2;3;1;4m[38;2;3;1;4m  [48;2;1;1;1m[38;2;1;1;1m      [48;2;1;1;3m[38;2;1;1;3m  [0m
[48;2;1;1;1m[38;2;1;1;1m                    [48;2;2;0;3m[38;2;2;0;3m  [48;2;0;0;0m[38;2;0;0;0m  [48;2;73;71;74m[38;2;216;214;217m┏[48;2;235;233;235m[38;2;0;0;0m [48;2;241;244;242m [48;2;219;111;145m[38;2;249;241;242m▅[48;2;207;91;126m[38;2;249;235;236m▅[48;2;241;238;235m[38;2;0;0;0m [48;2;17;13;14m[38;2;93;89;90m▎[48;2;243;240;241m[38;2;152;148;149m▎[48;2;212;207;211m[38;2;50;46;49m▅[48;2;60;56;59m[38;2;222;217;221m▅[48;2;248;248;250m[38;2;248;248;250m  [48;2;250;250;252m[38;2;250;250;252m  [48;2;252;252;253m[38;2;245;245;247m▎[48;2;246;246;247m[38;2;218;218;220m▝[48;2;35;31;34m[38;2;207;203;206m▅[48;2;6;2;5m[38;2;44;39;43m▎[48;2;1;1;3m[38;2;1;1;3m    [48;2;3;1;6m[38;2;3;1;6m    [48;2;1;1;3m[38;2;1;1;3m  [48;2;1;1;1m[38;2;1;1;1m        [0m
[48;2;1;1;1m[38;2;1;1;1m                  [48;2;1;1;3m[38;2;1;1;3m  [48;2;2;0;3m[38;2;2;0;3m  [48;2;1;0;0m[38;2;10;8;9m▄[48;2;78;76;77m[38;2;218;217;218m┏[48;2;231;231;232m[38;2;0;0;0m [48;2;250;250;251m[38;2;239;239;241m┏[48;2;250;250;252m[38;2;250;250;252m  [48;2;249;249;251m[38;2;249;249;251m  [48;2;69;64;68m[38;2;230;226;230m▅[48;2;196;192;195m[38;2;36;31;35m▅[48;2;18;17;19m[38;2;0;0;0m [48;2;196;194;197m[38;2;13;12;14m▅[48;2;227;222;226m[38;2;81;76;80m▅[48;2;228;224;227m[38;2;42;37;41m▁[48;2;249;249;251m[38;2;249;249;251m  [48;2;250;250;252m[38;2;250;250;252m  [48;2;168;163;167m[38;2;246;242;245m▊[48;2;27;22;26m[38;2;197;192;196m▁[48;2;1;1;1m[38;2;1;1;1m    [48;2;1;1;3m[38;2;1;1;3m  [48;2;3;1;6m[38;2;3;1;6m  [48;2;2;0;3m[38;2;2;0;3m  [48;2;1;1;1m[38;2;1;1;1m        [0m
[48;2;1;1;1m[38;2;1;1;1m                  [48;2;2;0;3m[38;2;2;0;3m  [48;2;1;1;3m[38;2;1;1;3m  [48;2;85;83;86m[38;2;214;212;215m┏[48;2;228;226;229m[38;2;0;0;0m [48;2;250;250;252m[38;2;250;250;252m    [48;2;245;243;246m[38;2;0;0;0m [48;2;231;230;232m[38;2;57;55;58m▁[48;2;207;205;208m[38;2;28;27;29m▅[48;2;1;0;2m[38;2;12;10;13m▘[48;2;13;11;14m[38;2;1;0;2m┃[48;2;46;44;47m[38;2;4;2;5m▊[48;2;218;214;218m[38;2;41;36;40m▁[48;2;62;57;61m[38;2;237;234;237m▅[48;2;249;249;251m[38;2;249;249;251m  [48;2;250;250;252m[38;2;250;250;252m  [48;2;251;251;252m[38;2;242;242;244m│[48;2;153;153;155m[38;2;244;244;245m▊[48;2;2;2;4m[38;2;18;18;20m▌[48;2;5;5;7m[38;2;0;0;2m▊[48;2;1;1;1m[38;2;1;1;1m  [48;2;1;1;3m[38;2;1;1;3m  [48;2;2;0;3m[38;2;2;0;3m  [48;2;1;1;3m[38;2;1;1;3m  [48;2;1;1;1m[38;2;1;1;1m        [0m
[48;2;4;2;10m[38;2;23;2;126m▂▂▂▂▂▂▂▂▂▂▂▂▂▂▂▂▂▂[48;2;5;3;12m[38;2;24;2;129m▂▂[48;2;4;2;11m[38;2;23;1;128m▂▂[48;2;230;229;235m[38;2;82;81;87m▎[48;2;253;252;255m[38;2;241;240;246m┃[48;2;250;250;252m[38;2;250;250;252m    [48;2;239;237;240m[38;2;114;93;208m▂[48;2;19;13;45m[38;2;94;87;119m▎[48;2;4;2;10m[38;2;23;2;126m▂▂[48;2;7;3;23m[38;2;28;0;172m▁▁[48;2;20;15;33m[38;2;31;4;173m▁[48;2;197;192;194m[38;2;27;14;73m▅[48;2;243;242;244m[38;2;112;98;186m▂[38;2;0;0;0m [48;2;250;250;252m[38;2;250;250;252m  [48;2;250;250;251m[38;2;0;0;0m [48;2;249;249;250m[38;2;211;211;213m▝[48;2;48;48;50m[38;2;212;208;222m▅[48;2;14;12;28m[38;2;53;27;175m▁[48;2;4;2;10m[38;2;23;2;126m▂▂▂▂[48;2;4;2;11m[38;2;23;1;128m▂▂[48;2;4;2;10m[38;2;23;2;126m▂▂▂▂▂▂▂▂▂▂[0m
[48;2;38;3;183m[38;2;38;3;183m                    [48;2;38;3;185m[38;2;38;3;185m  [48;2;232;230;237m[38;2;84;65;181m▎[48;2;251;250;249m[38;2;240;243;222m│[48;2;250;250;252m[38;2;250;250;252m    [48;2;39;4;184m[38;2;141;118;226m▎[48;2;31;0;174m[38;2;54;22;183m│[48;2;38;3;183m[38;2;38;3;183m      [48;2;88;70;169m[38;2;38;7;188m▊[48;2;252;251;247m[38;2;204;198;224m▎[48;2;250;250;252m[38;2;250;250;252m    [48;2;162;148;209m[38;2;250;245;250m▊[48;2;41;6;195m[38;2;34;9;162m▌[48;2;38;3;183m[38;2;38;3;183m                [0m
[48;2;38;3;183m[38;2;38;3;183m                    [48;2;38;3;185m[38;2;38;3;185m  [48;2;176;166;218m[38;2;44;20;175m▆[48;2;238;234;245m[38;2;127;110;200m▎[48;2;250;250;252m[38;2;250;250;252m    [48;2;41;10;186m[38;2;135;112;220m▎[48;2;26;0;176m[38;2;41;7;177m▊[48;2;38;3;183m[38;2;38;3;183m      [48;2;75;52;186m[38;2;36;8;185m▊[48;2;233;230;240m[38;2;79;59;174m▂[48;2;249;249;251m[38;2;249;249;251m  [48;2;250;250;252m[38;2;250;250;252m  [48;2;160;142;226m[38;2;248;244;243m▊[48;2;32;4;171m[38;2;46;11;199m│[48;2;38;3;183m[38;2;38;3;183m                [0m
[48;2;38;3;185m[38;2;38;3;185m                      [48;2;35;5;188m[38;2;35;5;188m▄[48;2;242;237;239m[38;2;93;70;186m▎[48;2;250;250;252m[38;2;250;250;252m    [48;2;41;10;186m[38;2;135;112;220m▎[48;2;26;0;176m[38;2;41;7;177m▊[48;2;38;3;185m[38;2;38;3;185m      [48;2;47;11;198m[38;2;35;0;187m┃[48;2;82;51;207m[38;2;35;5;168m▊[48;2;249;249;250m[38;2;206;206;208m▎[48;2;241;241;243m[38;2;253;253;254m┃[38;2;251;251;252m▅[48;2;251;251;252m[38;2;241;241;243m▃[48;2;211;202;233m[38;2;51;28;181m▂[48;2;37;9;177m[38;2;38;8;181m▄[48;2;38;3;185m[38;2;38;3;185m                [0m
[48;2;38;3;185m[38;2;38;3;185m                      [48;2;40;6;180m[38;2;0;0;0m [48;2;169;154;211m[38;2;41;9;188m▆[48;2;239;236;249m[38;2;163;159;186m▎[48;2;253;252;250m[38;2;242;244;235m▗[48;2;249;245;245m[38;2;0;0;0m [48;2;242;233;235m[38;2;209;119;147m▂[48;2;42;8;184m[38;2;114;91;197m▎[48;2;46;11;187m[38;2;30;0;164m▌[48;2;38;3;185m[38;2;38;3;185m      [48;2;40;5;185m[38;2;40;5;185m  [48;2;197;203;225m[38;2;72;34;189m▆[48;2;236;230;221m[38;2;193;82;113m▂[48;2;241;235;237m[38;2;208;66;96m▂[48;2;229;223;226m[38;2;217;75;105m▂[48;2;41;7;168m[38;2;155;57;123m▂[48;2;38;5;189m[38;2;57;15;175m▖[48;2;38;3;185m[38;2;38;3;185m                [0m
[48;2;38;3;185m[38;2;38;3;185m                      [48;2;41;8;180m[38;2;23;8;71m▂[48;2;51;13;155m[38;2;149;45;69m▁[48;2;210;182;207m[38;2;179;69;98m▆[48;2;241;214;224m[38;2;216;74;103m▆[48;2;243;205;201m[38;2;211;75;101m▆[48;2;187;86;123m[38;2;48;23;111m▆[48;2;38;7;164m[38;2;8;0;26m▂▂[48;2;36;3;185m[38;2;20;8;51m▃▃[48;2;39;5;187m[38;2;12;1;43m▃▃▃▃▃▃[48;2;48;9;162m[38;2;17;1;26m▂[48;2;203;66;100m[38;2;53;25;21m▃[48;2;201;69;92m[38;2;8;2;1m▂▂[48;2;211;70;99m[38;2;48;16;34m▃[48;2;65;23;93m[38;2;182;72;87m━[48;2;38;3;183m[38;2;38;3;183m  [48;2;38;3;185m[38;2;38;3;185m              [0m
[48;2;38;3;185m[38;2;38;3;185m                    [48;2;35;0;181m[38;2;35;0;181m▄[48;2;35;7;144m[38;2;35;25;52m━[48;2;65;28;60m[38;2;172;64;68m━[48;2;184;56;84m[38;2;23;16;7m▂[48;2;200;77;109m[38;2;58;19;23m▃[48;2;166;56;83m[38;2;31;9;9m▆[48;2;150;62;89m[38;2;13;5;4m▆[48;2;8;5;4m[38;2;0;0;0m [48;2;1;1;3m[38;2;1;1;3m  [48;2;3;1;6m[38;2;3;1;6m  [48;2;1;1;3m[38;2;1;1;3m  [48;2;1;1;1m[38;2;1;1;1m  [48;2;1;1;3m[38;2;1;1;3m    [48;2;1;1;1m[38;2;1;1;1m  [48;2;3;2;7m[38;2;3;2;7m  [48;2;35;9;138m[38;2;10;1;26m━[48;2;40;6;180m[38;2;40;6;180m▄[48;2;38;3;185m[38;2;38;3;185m              [0m
[48;2;38;3;185m[38;2;38;3;185m                      [48;2;27;9;82m[38;2;37;5;174m▆[48;2;27;14;57m[38;2;37;3;182m▆[48;2;19;8;43m[38;2;38;5;179m▆▆▆▆▆▆[48;2;15;4;39m[38;2;40;6;180m▆▆[48;2;19;8;43m[38;2;38;5;179m▆▆[48;2;19;7;45m[38;2;38;5;181m▆▆[48;2;15;4;39m[38;2;40;6;180m▆▆[48;2;19;8;43m[38;2;38;5;179m▆▆▆▆[48;2;20;5;63m[38;2;39;5;181m▆▆[48;2;38;3;185m[38;2;38;3;185m                [0m
[48;2;40;2;185m[38;2;40;2;185m                                                            [0m
[48;2;40;2;185m[38;2;40;2;185m                                                            [0m
