[48;2;1;1;1m[38;2;1;1;1m                                                            [0m
[48;2;1;1;1m[38;2;1;1;1m                                                            [0m
[48;2;1;1;1m[38;2;1;1;1m                                                            [0m
[48;2;1;1;1m[38;2;1;1;1m                                                      [48;2;1;1;3m[38;2;1;1;3m  [48;2;1;1;1m[38;2;1;1;1m    [0m
[48;2;1;1;1m[38;2;1;1;1m                          [48;2;3;1;6m[38;2;3;1;6m  [48;2;1;1;3m[38;2;1;1;3m  [48;2;1;1;1m[38;2;1;1;1m        [48;2;3;1;4m[38;2;3;1;4m  [48;2;3;1;6m[38;2;3;1;6m  [48;2;3;1;4m[38;2;3;1;4m  [48;2;1;1;3m[38;2;1;1;3m  [48;2;1;1;1m[38;2;1;1;1m      [48;2;3;1;4m[38;2;3;1;4m  [48;2;3;1;6m[38;2;3;1;6m  [48;2;2;0;3m[38;2;2;0;3m  [48;2;1;1;1m[38;2;1;1;1m  [0m
[48;2;1;1;1m[38;2;1;1;1m                        [48;2;1;1;3m[38;2;1;1;3m  [48;2;3;1;6m[38;2;3;1;6m  [48;2;5;3;8m[38;2;5;3;8m  [48;2;5;3;6m[38;2;5;3;6m  [48;2;1;1;3m[38;2;1;1;3m  [48;2;2;0;3m[38;2;2;0;3m  [48;2;1;1;3m[38;2;1;1;3m    [48;2;3;1;4m[38;2;3;1;4m    [48;2;1;1;3m[38;2;1;1;3m  [48;2;1;1;1m[38;2;1;1;1m    [48;2;3;1;6m[38;2;3;1;6m      [48;2;1;1;3m[38;2;1;1;3m  [48;2;1;1;1m[38;2;1;1;1m  [0m
[48;2;1;1;1m[38;2;1;1;1m                    [48;2;3;1;6m[38;2;3;1;6m    [48;2;3;1;4m[38;2;3;1;4m  [48;2;4;2;7m[38;2;4;2;7m  [48;2;13;8;12m[38;2;201;197;200m▄[48;2;239;235;239m[38;2;179;175;178m▘[48;2;164;162;165m[38;2;245;243;246m▇▇[48;2;33;31;34m[38;2;211;209;212m▄[48;2;1;0;2m[38;2;25;23;26m╵[48;2;1;1;1m[38;2;1;1;1m  [48;2;1;1;3m[38;2;1;1;3m  [48;2;3;1;4m[38;2;3;1;4m  [48;2;3;1;6m[38;2;3;1;6m    [48;2;2;0;3m[38;2;2;0;3m    [48;2;3;1;4m[38;2;3;1;4m  [48;2;3;1;6m[38;2;3;1;6m      [48;2;1;1;3m[38;2;1;1;3m  [48;2;1;1;1m[38;2;1;1;1m  [0m
[48;2;1;1;1m[38;2;1;1;1m                    [48;2;1;1;3m[38;2;1;1;3m  [48;2;3;1;6m[38;2;3;1;6m    [48;2;9;7;10m[38;2;0;0;0m [48;2;179;177;180m[38;2;26;24;27m▄[48;2;244;233;238m[38;2;188;72;90m▄[48;2;252;242;246m[38;2;199;83;101m▄[48;2;245;234;234m[38;2;195;90;121m▄[48;2;249;240;239m[38;2;0;0;0m [48;2;209;207;210m[38;2;246;244;247m▊[48;2;4;3;5m[38;2;72;70;73m▎[48;2;0;0;0m[38;2;0;0;0m    [48;2;1;1;1m[38;2;1;1;1m  [48;2;3;1;6m[38;2;3;1;6m    [48;2;2;0;3m[38;2;2;0;3m    [48;2;3;1;4m[38;2;3;1;4m  [48;2;3;1;6m[38;2;3;1;6m        [48;2;3;1;4m[38;2;3;1;4m  [0m
[48;2;1;1;1m[38;2;1;1;1m                    [48;2;2;2;4m[38;2;2;2;4m  [48;2;3;1;4m[38;2;3;1;4m  [48;2;3;1;6m[38;2;3;1;6m  [48;2;5;3;8m[38;2;5;3;8m  [48;2;24;13;6m[38;2;185;63;88m▄[48;2;221;76;109m[38;2;159;47;69m▎[48;2;53;20;18m[38;2;182;69;91m▄[48;2;203;96;116m[38;2;209;68;100m▆[48;2;208;202;206m[38;2;241;236;240m▊[48;2;13;7;11m[38;2;75;69;73m▎[48;2;1;0;0m[38;2;44;42;43m▁▁[48;2;1;1;3m[38;2;1;1;3m  [48;2;1;1;1m[38;2;1;1;1m  [48;2;3;1;6m[38;2;3;1;6m    [48;2;1;1;3m[38;2;1;1;3m        [48;2;3;1;4m[38;2;3;1;4m  [48;2;3;1;6m[38;2;3;1;6m    [48;2;1;1;3m[38;2;1;1;3m  [0m
[48;2;1;1;1m[38;2;1;1;1m                [48;2;2;0;3m[38;2;2;0;3m  [48;2;3;1;4m[38;2;3;1;4m  [48;2;2;0;3m[38;2;2;0;3m  [48;2;1;1;1m[38;2;1;1;1m  [48;2;5;3;6m[38;2;15;13;16m▁[48;2;1;0;2m[38;2;35;33;36m▂[48;2;25;23;26m[38;2;199;198;200m▄[48;2;227;225;227m[38;2;0;0;0m [48;2;204;99;121m[38;2;245;236;227m▄[48;2;219;88;118m[38;2;0;0;0m [48;2;211;74;100m[38;2;226;110;129m▁▁[48;2;251;247;250m[38;2;226;221;225m▎[48;2;239;234;238m[38;2;250;245;249m▃[48;2;209;207;210m[38;2;249;248;250m▇[48;2;182;180;183m[38;2;241;239;242m▇[48;2;35;33;36m[38;2;235;234;236m▄[48;2;18;16;19m[38;2;218;216;219m▄[48;2;6;4;7m[38;2;35;33;36m▂[38;2;1;0;2m▆[48;2;2;0;3m[38;2;2;0;3m  [48;2;3;1;4m[38;2;3;1;4m  [48;2;3;1;6m[38;2;3;1;6m      [48;2;3;1;4m[38;2;3;1;4m  [48;2;1;1;3m[38;2;1;1;3m  [48;2;1;1;1m[38;2;1;1;1m      [0m
[48;2;1;1;1m[38;2;1;1;1m            [48;2;1;1;3m[38;2;1;1;3m  [48;2;3;1;6m[38;2;3;1;6m      [48;2;1;1;3m[38;2;1;1;3m  [48;2;1;1;1m[38;2;1;1;1m  [48;2;11;9;12m[38;2;60;58;61m▁[48;2;234;233;235m[38;2;111;109;112m▎[48;2;250;250;252m[38;2;250;250;252m  [48;2;249;249;251m[38;2;249;249;251m  [48;2;248;248;250m[38;2;248;248;250m  [48;2;250;250;252m[38;2;250;250;252m      [48;2;173;168;172m[38;2;245;240;244m▊[48;2;5;1;4m[38;2;50;45;49m▎[48;2;1;1;3m[38;2;1;1;3m    [48;2;2;0;3m[38;2;2;0;3m  [48;2;3;1;6m[38;2;3;1;6m        [48;2;3;1;4m[38;2;3;1;4m  [48;2;1;1;3m[38;2;1;1;3m    [0m
[48;2;1;1;1m[38;2;1;1;1m            [48;2;3;1;6m[38;2;3;1;6m      [48;2;3;1;4m[38;2;3;1;4m  [48;2;1;1;3m[38;2;1;1;3m  [48;2;5;4;6m[38;2;0;0;0m [48;2;8;6;9m[38;2;95;93;96m▁[48;2;237;236;238m[38;2;96;94;97m▎[48;2;255;253;255m[38;2;239;237;240m┃[48;2;250;250;252m[38;2;250;250;252m            [48;2;237;236;238m[38;2;0;0;0m [48;2;23;21;24m[38;2;197;196;198m▅[48;2;3;3;5m[38;2;3;3;5m  [48;2;1;1;3m[38;2;1;1;3m    [48;2;3;1;6m[38;2;3;1;6m            [48;2;1;1;1m[38;2;1;1;1m  [0m
[48;2;1;1;1m[38;2;1;1;1m            [48;2;1;1;3m[38;2;1;1;3m  [48;2;3;1;6m[38;2;3;1;6m  [48;2;2;0;3m[38;2;2;0;3m  [48;2;1;1;1m[38;2;1;1;1m  [48;2;3;1;6m[38;2;3;1;6m  [48;2;14;9;13m[38;2;8;3;7m┃[48;2;234;229;233m[38;2;96;91;95m▎[48;2;250;250;252m[38;2;250;250;252m            [48;2;244;244;246m[38;2;0;0;0m [48;2;245;245;246m[38;2;144;144;146m▁[48;2;241;241;243m[38;2;254;254;255m┃[48;2;182;182;184m[38;2;245;245;246m▊[48;2;1;0;2m[38;2;35;33;36m▎[38;2;8;6;9m┃[48;2;1;1;3m[38;2;1;1;3m  [48;2;1;1;1m[38;2;1;1;1m  [48;2;1;1;3m[38;2;1;1;3m  [48;2;3;1;6m[38;2;3;1;6m          [48;2;3;1;4m[38;2;3;1;4m  [0m
[48;2;1;1;1m[38;2;1;1;1m              [48;2;2;0;3m[38;2;2;0;3m  [48;2;1;1;3m[38;2;1;1;3m    [48;2;3;1;6m[38;2;3;1;6m  [48;2;1;0;2m[38;2;28;26;29m╷[48;2;186;184;187m[38;2;18;16;19m▅[48;2;221;219;221m[38;2;0;0;0m [48;2;245;243;246m [48;2;250;250;252m[38;2;250;250;252m        [48;2;249;249;251m[38;2;249;249;251m  [48;2;230;226;229m[38;2;133;128;132m▁[48;2;61;56;60m[38;2;231;227;230m▅[48;2;241;239;242m[38;2;254;252;254m┃[48;2;182;180;183m[38;2;245;243;245m▊[48;2;4;2;5m[38;2;20;18;21m▌[48;2;7;5;8m[38;2;1;0;2m▊[48;2;1;1;1m[38;2;1;1;1m    [48;2;3;1;6m[38;2;3;1;6m            [48;2;3;1;4m[38;2;3;1;4m  [0m
[48;2;1;1;1m[38;2;1;1;1m                [48;2;3;1;4m[38;2;3;1;4m  [48;2;3;1;6m[38;2;3;1;6m  [48;2;2;0;3m[38;2;2;0;3m  [48;2;3;1;6m[38;2;3;1;6m  [48;2;183;178;182m[38;2;28;23;27m▅[48;2;215;210;214m[38;2;80;75;79m▁[48;2;251;251;252m[38;2;241;241;243m▃[48;2;241;241;243m[38;2;251;251;252m▅[48;2;250;250;252m[38;2;250;250;252m      [48;2;243;241;243m[38;2;0;0;0m [48;2;235;233;235m[38;2;118;116;119m▁[48;2;65;44;51m[38;2;231;230;231m▅[48;2;238;234;237m[38;2;167;142;151m▁[48;2;196;191;195m[38;2;245;241;244m▊[48;2;213;208;212m[38;2;34;29;33m▅[48;2;4;2;5m[38;2;4;2;5m  [48;2;1;1;3m[38;2;1;1;3m  [48;2;0;0;2m[38;2;0;0;2m  [48;2;3;1;6m[38;2;3;1;6m            [48;2;1;1;3m[38;2;1;1;3m  [0m
[48;2;1;1;1m[38;2;1;1;1m                    [48;2;0;0;0m[38;2;0;0;0m  [48;2;1;1;3m[38;2;1;1;3m  [48;2;1;0;2m[38;2;7;5;8m━[38;2;5;3;6m▃[48;2;237;214;218m[38;2;126;117;114m▎[48;2;231;236;231m[38;2;217;100;134m▅[48;2;252;232;236m[38;2;204;75;113m▅[48;2;227;227;222m[38;2;85;72;70m▅[48;2;226;223;224m[38;2;21;17;18m▅▅[48;2;233;229;230m[38;2;28;24;25m▅[48;2;234;230;231m[38;2;63;60;60m▅[48;2;207;199;202m[38;2;89;80;83m▅[48;2;52;44;46m[38;2;222;214;217m▅[48;2;231;202;194m[38;2;207;78;103m▅[48;2;220;83;111m[38;2;163;66;81m▗[48;2;201;199;202m[38;2;23;21;24m▅[48;2;1;0;2m[38;2;17;15;18m⎽[48;2;1;1;3m[38;2;1;1;3m      [48;2;3;1;6m[38;2;3;1;6m      [48;2;1;1;3m[38;2;1;1;3m  [48;2;3;1;4m[38;2;3;1;4m  [48;2;1;1;3m[38;2;1;1;3m  [48;2;1;1;1m[38;2;1;1;1m  [0m
[48;2;1;1;1m[38;2;1;1;1m                      [48;2;1;0;2m[38;2;14;12;15m━[38;2;12;10;13m▂[48;2;36;31;35m[38;2;196;191;195m▅[48;2;233;229;233m[38;2;0;0;0m [48;2;204;104;125m[38;2;241;234;226m▅[48;2;217;90;120m[38;2;239;217;214m▁[48;2;211;91;127m[38;2;235;216;218m▅[48;2;229;224;222m[38;2;119;93;97m▁[48;2;35;29;31m[38;2;139;133;135m▂[48;2;27;21;23m[38;2;165;160;162m▅[48;2;29;25;26m[38;2;141;137;138m▂[48;2;245;242;243m[38;2;192;188;189m▎[48;2;249;247;250m[38;2;249;247;250m  [48;2;210;90;111m[38;2;243;236;239m▅[48;2;188;68;89m[38;2;227;218;222m▅[48;2;20;18;21m[38;2;153;151;154m▁[48;2;1;0;2m[38;2;13;11;14m━[48;2;1;1;3m[38;2;1;1;3m    [48;2;3;1;6m[38;2;3;1;6m      [48;2;3;1;4m[38;2;3;1;4m  [48;2;1;1;1m[38;2;1;1;1m      [48;2;1;1;3m[38;2;1;1;3m  [0m
[48;2;1;1;1m[38;2;1;1;1m                    [48;2;2;0;3m[38;2;2;0;3m  [48;2;76;75;77m[38;2;208;206;209m┏[48;2;230;228;230m[38;2;0;0;0m [48;2;250;250;252m[38;2;250;250;252m    [48;2;229;225;229m[38;2;97;92;96m▁[48;2;50;45;49m[38;2;126;121;125m▎[48;2;250;246;249m[38;2;152;147;151m▎[48;2;16;12;15m[38;2;82;77;81m▎[48;2;248;248;250m[38;2;205;205;207m▎[48;2;240;240;242m[38;2;252;252;253m┃[48;2;250;250;252m[38;2;250;250;252m    [48;2;241;239;242m[38;2;0;0;0m [48;2;43;41;44m[38;2;212;210;213m▅[48;2;5;3;6m[38;2;5;3;6m  [48;2;1;1;3m[38;2;1;1;3m    [48;2;3;1;6m[38;2;3;1;6m    [48;2;1;1;3m[38;2;1;1;3m  [48;2;1;1;1m[38;2;1;1;1m        [0m
[48;2;1;1;1m[38;2;1;1;1m                  [48;2;1;1;3m[38;2;1;1;3m  [48;2;3;0;4m[38;2;7;2;8m┏[48;2;77;72;77m[38;2;220;216;221m┏[48;2;249;249;251m[38;2;177;177;179m▘[48;2;249;249;250m[38;2;237;237;239m▘[48;2;250;250;252m[38;2;250;250;252m    [48;2;52;47;51m[38;2;214;209;213m▁[48;2;211;207;210m[38;2;49;44;48m▁[48;2;227;222;226m▁[48;2;16;11;15m[38;2;71;66;70m▎[48;2;218;217;219m[38;2;45;43;46m▁[48;2;245;243;245m[38;2;0;0;0m [48;2;250;250;252m[38;2;250;250;252m    [48;2;252;252;253m[38;2;245;245;247m▎[48;2;246;246;247m[38;2;218;218;220m▝[48;2;37;35;38m[38;2;210;209;211m▅[48;2;1;0;2m[38;2;57;55;58m▎[48;2;1;1;1m[38;2;1;1;1m    [48;2;1;1;3m[38;2;1;1;3m  [48;2;3;1;6m[38;2;3;1;6m  [48;2;2;0;3m[38;2;2;0;3m  [48;2;1;1;1m[38;2;1;1;1m        [0m
[48;2;1;1;1m[38;2;1;1;1m                  [48;2;2;0;3m[38;2;2;0;3m  [48;2;1;0;2m[38;2;14;12;15m│[48;2;232;231;233m[38;2;82;80;83m▎[48;2;250;250;252m[38;2;250;250;252m      [48;2;230;228;230m[38;2;59;57;60m▁[48;2;10;8;11m[38;2;88;86;89m▎[48;2;1;1;3m[38;2;1;1;3m  [48;2;1;0;2m[38;2;5;3;6m▄[48;2;198;196;199m[38;2;23;21;24m▅[48;2;241;239;242m[38;2;85;83;86m▂[48;2;255;254;255m[38;2;246;244;247m▄[48;2;250;250;252m[38;2;250;250;252m    [48;2;241;239;242m[38;2;0;0;0m [48;2;44;42;45m[38;2;212;210;213m▅[48;2;3;3;5m[38;2;3;3;5m  [48;2;1;1;1m[38;2;1;1;1m  [48;2;1;1;3m[38;2;1;1;3m  [48;2;2;0;3m[38;2;2;0;3m  [48;2;1;1;3m[38;2;1;1;3m  [48;2;1;1;1m[38;2;1;1;1m        [0m
[48;2;4;2;10m[38;2;23;2;126m▂▂▂▂▂▂▂▂▂▂▂▂▂▂▂▂▂▂[48;2;5;3;12m[38;2;24;2;129m▂▂[48;2;6;4;10m[38;2;23;3;122m▂[48;2;235;232;235m[38;2;86;81;99m▎[48;2;250;250;252m[38;2;250;250;252m    [48;2;245;244;247m[38;2;0;0;0m [48;2;245;243;244m[38;2;115;100;189m▂[48;2;34;27;49m[38;2;34;13;160m▁[48;2;11;7;16m[38;2;27;3;129m▂[48;2;4;2;10m[38;2;23;2;126m▂▂[48;2;7;3;23m[38;2;28;0;172m▁▁[48;2;24;18;33m[38;2;39;8;176m▁[48;2;221;215;228m[38;2;61;29;198m▁[48;2;249;249;251m[38;2;249;249;251m  [48;2;250;250;252m[38;2;250;250;252m  [48;2;255;255;255m[38;2;252;252;254m▌[48;2;163;163;165m[38;2;239;239;241m▊[48;2;12;10;17m[38;2;32;11;135m▂[48;2;3;1;9m[38;2;21;1;124m▂[48;2;4;2;10m[38;2;23;2;126m▂▂▂▂[48;2;4;2;11m[38;2;23;1;128m▂▂[48;2;4;2;10m[38;2;23;2;126m▂▂▂▂▂▂▂▂▂▂[0m
[48;2;38;3;183m[38;2;38;3;183m                    [48;2;36;4;186m[38;2;35;9;156m▖[48;2;196;185;225m[38;2;69;43;187m▂[48;2;237;236;240m[38;2;0;0;0m [48;2;251;250;253m[38;2;240;239;244m▗[48;2;250;250;252m[38;2;250;250;252m  [48;2;252;251;252m[38;2;250;251;237m▎[48;2;37;6;188m[38;2;134;121;191m▎[48;2;38;3;183m[38;2;38;3;183m      [48;2;35;1;176m[38;2;43;9;184m┃[48;2;60;26;201m[38;2;29;0;170m▌[48;2;243;243;245m[38;2;239;239;241m▌[48;2;254;254;255m[38;2;250;250;252m▌[48;2;250;250;252m  [48;2;255;254;255m[38;2;246;245;251m▌[48;2;175;174;180m[38;2;246;245;249m▊[48;2;38;3;183m[38;2;38;3;183m                  [0m
[48;2;38;3;183m[38;2;38;3;183m                    [48;2;38;3;185m[38;2;38;3;185m  [48;2;233;232;231m[38;2;85;69;167m▎[48;2;252;250;253m[38;2;241;242;236m│[48;2;250;250;252m[38;2;250;250;252m  [48;2;245;243;241m[38;2;0;0;0m [48;2;71;50;187m[38;2;228;224;238m▂[48;2;39;5;182m[38;2;60;25;203m▃[48;2;34;0;177m[38;2;41;6;184m▖[48;2;38;3;183m[38;2;38;3;183m    [48;2;32;0;173m[38;2;41;7;182m▌[48;2;56;22;197m[38;2;38;4;179m▌[48;2;235;235;235m[38;2;82;62;187m▂[48;2;244;243;247m[38;2;0;0;0m [48;2;250;250;252m[38;2;250;250;252m  [48;2;255;254;255m[38;2;246;245;251m▌[48;2;175;174;180m[38;2;246;245;249m▊[48;2;39;4;184m[38;2;39;4;184m  [48;2;38;3;183m[38;2;38;3;183m                [0m
[48;2;38;3;185m[38;2;38;3;185m                      [48;2;113;96;199m[38;2;217;214;232m┗[48;2;236;235;235m[38;2;0;0;0m [48;2;250;250;252m[38;2;250;250;252m    [48;2;41;10;186m[38;2;135;112;220m▎[48;2;26;0;176m[38;2;41;7;177m▊[48;2;38;3;185m[38;2;38;3;185m      [48;2;88;70;169m[38;2;38;7;188m▊[48;2;252;251;247m[38;2;204;198;224m▎[48;2;250;250;252m[38;2;250;250;252m  [48;2;243;243;245m[38;2;0;0;0m [48;2;216;212;231m[38;2;49;34;171m▂[48;2;39;4;184m[38;2;39;4;184m  [48;2;38;3;185m[38;2;38;3;185m                [0m
[48;2;38;3;185m[38;2;38;3;185m                      [48;2;40;8;187m[38;2;34;3;178m▝[48;2;190;179;219m[38;2;53;28;189m▂[48;2;245;237;236m[38;2;177;76;125m▂[48;2;242;238;242m[38;2;197;71;99m▂[48;2;243;234;238m[38;2;193;84;108m▂[48;2;204;209;234m[38;2;71;37;172m▆[48;2;43;8;186m[38;2;56;21;199m▘[48;2;38;4;181m[38;2;25;0;168m▝[48;2;38;3;185m[38;2;38;3;185m      [48;2;42;11;183m[38;2;0;0;0m [48;2;208;197;238m[38;2;52;27;175m▆[48;2;240;233;235m[38;2;217;86;111m▂▂[48;2;212;207;223m[38;2;198;68;125m▂[48;2;47;13;182m[38;2;0;0;0m [48;2;38;3;185m[38;2;38;3;185m                  [0m
[48;2;38;3;185m[38;2;38;3;185m                    [48;2;46;8;184m[38;2;24;0;188m▖[48;2;42;6;171m[38;2;145;46;114m▂[48;2;46;7;168m[38;2;187;72;107m▂[48;2;54;13;186m[38;2;178;63;107m▆[48;2;215;72;100m[38;2;173;65;100m▘[48;2;197;67;90m[38;2;74;23;38m▂[48;2;206;72;90m[38;2;57;28;30m▃[48;2;51;15;155m[38;2;17;4;38m▂[48;2;35;3;182m[38;2;19;8;48m▃▃[48;2;36;3;185m[38;2;20;8;51m▃▃▃▃[48;2;39;5;187m[38;2;12;1;43m▃▃[48;2;49;9;174m[38;2;9;11;16m▂[48;2;76;31;85m[38;2;188;70;83m━[48;2;218;74;99m[38;2;218;74;99m  [48;2;129;44;96m[38;2;215;67;98m▊[48;2;34;7;161m[38;2;34;27;56m▂[48;2;38;3;185m[38;2;38;3;185m                  [0m
[48;2;38;3;185m[38;2;38;3;185m                    [48;2;30;10;137m[38;2;19;10;55m━[48;2;139;51;88m[38;2;17;8;26m▆[48;2;169;50;86m[38;2;9;6;3m▆▆[48;2;165;57;91m[38;2;11;7;5m▆[48;2;12;5;5m[38;2;0;0;0m [48;2;1;1;3m[38;2;1;1;3m    [48;2;3;1;6m[38;2;3;1;6m  [48;2;1;1;3m[38;2;1;1;3m  [48;2;1;1;1m[38;2;1;1;1m  [48;2;2;2;4m[38;2;2;2;4m  [48;2;149;59;79m[38;2;28;6;6m▆[48;2;199;72;105m[38;2;43;19;18m▃[48;2;208;72;95m[38;2;48;10;11m▃[48;2;64;28;49m[38;2;184;71;93m━[48;2;28;7;104m[38;2;28;7;104m▄[48;2;37;5;168m[38;2;41;4;196m┣[48;2;38;3;185m[38;2;38;3;185m                [0m
[48;2;38;3;185m[38;2;38;3;185m                    [48;2;37;1;184m[38;2;37;3;172m▝[48;2;37;16;109m[38;2;37;3;178m▆[48;2;19;8;43m[38;2;38;5;179m▆▆▆▆▆▆▆▆[48;2;15;4;39m[38;2;40;6;180m▆▆[48;2;19;8;43m[38;2;38;5;179m▆▆[48;2;19;7;45m[38;2;38;5;181m▆▆[48;2;15;4;39m[38;2;40;6;180m▆▆[48;2;19;8;43m[38;2;38;5;179m▆▆[48;2;20;8;46m[38;2;39;6;182m▆▆[48;2;38;3;185m[38;2;38;3;185m                  [0m
[48;2;40;2;185m[38;2;40;2;185m                                                            [0m
[48;2;40;2;185m[38;2;40;2;185m                                                            [0m
