[48;2;1;1;1m[38;2;1;1;1m                                                            [0m
[48;2;1;1;1m[38;2;1;1;1m                                                            [0m
[48;2;1;1;1m[38;2;1;1;1m                                                            [0m
[48;2;1;1;1m[38;2;1;1;1m                                                      [48;2;1;1;3m[38;2;1;1;3m  [48;2;1;1;1m[38;2;1;1;1m    [0m
[48;2;1;1;1m[38;2;1;1;1m                          [48;2;3;1;6m[38;2;3;1;6m  [48;2;1;1;3m[38;2;1;1;3m  [48;2;1;1;1m[38;2;1;1;1m        [48;2;3;1;4m[38;2;3;1;4m  [48;2;3;1;6m[38;2;3;1;6m  [48;2;3;1;4m[38;2;3;1;4m  [48;2;1;1;3m[38;2;1;1;3m  [48;2;1;1;1m[38;2;1;1;1m      [48;2;3;1;4m[38;2;3;1;4m  [48;2;3;1;6m[38;2;3;1;6m  [48;2;2;0;3m[38;2;2;0;3m  [48;2;1;1;1m[38;2;1;1;1m  [0m
[48;2;1;1;1m[38;2;1;1;1m                        [48;2;1;1;3m[38;2;1;1;3m  [48;2;4;2;7m[38;2;4;2;7m  [48;2;3;1;6m[38;2;13;11;16m▃▃[48;2;2;0;3m[38;2;2;0;3m  [48;2;1;1;3m[38;2;1;1;3m  [48;2;2;0;3m[38;2;2;0;3m  [48;2;1;1;3m[38;2;1;1;3m    [48;2;3;1;4m[38;2;3;1;4m    [48;2;1;1;3m[38;2;1;1;3m  [48;2;1;1;1m[38;2;1;1;1m    [48;2;3;1;6m[38;2;3;1;6m      [48;2;1;1;3m[38;2;1;1;3m  [48;2;1;1;1m[38;2;1;1;1m  [0m
[48;2;1;1;1m[38;2;1;1;1m                    [48;2;3;1;6m[38;2;3;1;6m    [48;2;4;2;5m[38;2;4;2;5m  [48;2;13;9;12m[38;2;193;188;192m▄[48;2;134;129;133m[38;2;229;225;228m▇[48;2;154;152;155m[38;2;246;244;246m▇▇[48;2;36;32;35m[38;2;216;211;215m▄[48;2;17;13;16m[38;2;0;0;0m [48;2;1;1;3m[38;2;1;1;3m  [48;2;1;1;1m[38;2;1;1;1m  [48;2;1;1;3m[38;2;1;1;3m  [48;2;3;1;4m[38;2;3;1;4m  [48;2;3;1;6m[38;2;3;1;6m    [48;2;2;0;3m[38;2;2;0;3m    [48;2;3;1;4m[38;2;3;1;4m  [48;2;3;1;6m[38;2;3;1;6m      [48;2;1;1;3m[38;2;1;1;3m  [48;2;1;1;1m[38;2;1;1;1m  [0m
[48;2;1;1;1m[38;2;1;1;1m                    [48;2;1;1;3m[38;2;1;1;3m  [48;2;3;1;6m[38;2;3;1;6m  [48;2;3;0;4m[38;2;6;1;7m▄[48;2;179;174;179m[38;2;27;23;28m▄[48;2;243;237;241m[38;2;164;75;85m▄[48;2;246;237;243m[38;2;216;81;107m▄[48;2;246;237;236m[38;2;193;80;113m▄[48;2;245;236;237m[38;2;0;0;0m [48;2;216;214;217m[38;2;248;246;248m▊[48;2;6;4;7m[38;2;93;91;94m▎[48;2;2;0;5m[38;2;2;0;5m  [48;2;0;0;0m[38;2;0;0;0m    [48;2;1;1;1m[38;2;1;1;1m  [48;2;3;1;6m[38;2;3;1;6m    [48;2;2;0;3m[38;2;2;0;3m    [48;2;3;1;4m[38;2;3;1;4m  [48;2;3;1;6m[38;2;3;1;6m        [48;2;3;1;4m[38;2;3;1;4m  [0m
[48;2;1;1;1m[38;2;1;1;1m                    [48;2;2;2;4m[38;2;2;2;4m  [48;2;3;1;4m[38;2;3;1;4m  [48;2;5;3;8m[38;2;5;3;8m  [48;2;32;8;6m[38;2;159;63;82m▄[48;2;200;67;98m[38;2;0;0;0m [48;2;59;27;21m[38;2;194;71;95m▄[48;2;205;66;95m[38;2;205;85;107m⎼[48;2;226;220;222m[38;2;255;253;255m│[48;2;11;5;7m[38;2;87;81;83m▎[48;2;4;3;5m[38;2;45;43;46m▁▁[48;2;1;1;3m[38;2;1;1;3m    [48;2;1;1;1m[38;2;1;1;1m  [48;2;3;1;6m[38;2;3;1;6m    [48;2;1;1;3m[38;2;1;1;3m        [48;2;3;1;4m[38;2;3;1;4m  [48;2;3;1;6m[38;2;3;1;6m    [48;2;1;1;3m[38;2;1;1;3m  [0m
[48;2;1;1;1m[38;2;1;1;1m                [48;2;2;0;3m[38;2;2;0;3m  [48;2;3;1;4m[38;2;3;1;4m  [48;2;2;0;3m[38;2;2;0;3m  [48;2;3;3;3m[38;2;6;6;6m▗[48;2;1;1;1m[38;2;17;17;17m▃[48;2;22;21;23m[38;2;196;194;197m▄[48;2;222;221;223m[38;2;0;0;0m [48;2;206;102;123m[38;2;246;239;229m▄[48;2;219;90;120m[38;2;0;0;0m [48;2;213;72;98m[38;2;238;119;138m▁▁[48;2;246;243;246m[38;2;215;210;214m▎[48;2;241;236;240m[38;2;251;247;250m▄[48;2;202;200;203m[38;2;251;249;251m▇[48;2;191;189;192m[38;2;242;240;243m▇[48;2;33;31;34m[38;2;232;230;233m▄[48;2;25;23;26m[38;2;224;222;225m▄[48;2;7;5;8m[38;2;36;34;37m▂[38;2;1;0;2m▆[48;2;1;1;3m[38;2;1;1;3m  [48;2;2;0;3m[38;2;2;0;3m  [48;2;3;1;4m[38;2;3;1;4m  [48;2;3;1;6m[38;2;3;1;6m      [48;2;3;1;4m[38;2;3;1;4m  [48;2;1;1;3m[38;2;1;1;3m  [48;2;1;1;1m[38;2;1;1;1m      [0m
[48;2;1;1;1m[38;2;1;1;1m            [48;2;1;1;3m[38;2;1;1;3m  [48;2;3;1;6m[38;2;3;1;6m      [48;2;1;1;3m[38;2;1;1;3m  [48;2;6;4;7m[38;2;73;71;74m▁[48;2;229;227;230m[38;2;108;106;109m▎[48;2;250;250;252m[38;2;250;250;252m    [48;2;248;248;250m[38;2;248;248;250m  [48;2;250;250;252m[38;2;250;250;252m      [48;2;186;181;185m[38;2;245;240;244m▊[48;2;3;0;2m[38;2;62;57;61m▎[48;2;2;0;3m[38;2;2;0;3m  [48;2;1;1;3m[38;2;1;1;3m    [48;2;2;0;3m[38;2;2;0;3m  [48;2;3;1;6m[38;2;3;1;6m        [48;2;3;1;4m[38;2;3;1;4m  [48;2;1;1;3m[38;2;1;1;3m    [0m
[48;2;1;1;1m[38;2;1;1;1m            [48;2;3;1;6m[38;2;3;1;6m      [48;2;3;1;4m[38;2;3;1;4m  [48;2;5;4;6m[38;2;0;0;0m [48;2;8;6;9m[38;2;95;93;96m▁[48;2;233;231;234m[38;2;85;83;86m▎[48;2;255;253;255m[38;2;244;242;245m┃[48;2;250;250;252m[38;2;250;250;252m            [48;2;236;235;237m[38;2;0;0;0m [48;2;46;44;47m[38;2;219;217;220m▄[48;2;5;3;8m[38;2;5;3;8m  [48;2;1;1;1m[38;2;1;1;1m  [48;2;1;1;3m[38;2;1;1;3m    [48;2;3;1;6m[38;2;3;1;6m            [48;2;1;1;1m[38;2;1;1;1m  [0m
[48;2;1;1;1m[38;2;1;1;1m            [48;2;1;1;3m[38;2;1;1;3m  [48;2;3;1;6m[38;2;3;1;6m  [48;2;2;0;3m[38;2;2;0;3m  [48;2;1;1;1m[38;2;1;1;1m  [48;2;1;0;2m[38;2;13;11;14m│[48;2;232;230;232m[38;2;81;79;82m▎[48;2;250;250;252m[38;2;250;250;252m            [48;2;245;245;246m[38;2;0;0;0m [48;2;244;244;245m[38;2;135;135;137m▁[48;2;255;255;255m[38;2;244;244;246m▌[48;2;173;173;175m[38;2;245;245;246m▊[48;2;6;2;7m[38;2;23;18;24m▌[48;2;10;5;11m[38;2;3;0;4m▊[48;2;1;1;3m[38;2;1;1;3m    [48;2;1;1;1m[38;2;1;1;1m  [48;2;1;1;3m[38;2;1;1;3m  [48;2;3;1;6m[38;2;3;1;6m          [48;2;3;1;4m[38;2;3;1;4m  [0m
[48;2;1;1;1m[38;2;1;1;1m              [48;2;2;0;3m[38;2;2;0;3m  [48;2;1;1;3m[38;2;1;1;3m    [48;2;11;6;12m[38;2;3;0;4m▗[48;2;180;175;180m[38;2;21;17;22m▅[48;2;214;212;214m[38;2;0;0;0m [48;2;249;247;249m[38;2;248;247;249m▄[48;2;250;250;252m[38;2;250;250;252m          [48;2;233;231;233m[38;2;137;135;138m▁[48;2;53;51;54m[38;2;225;223;226m▅[48;2;247;245;247m[38;2;247;245;247m▄[48;2;167;165;168m[38;2;246;244;247m▊[48;2;6;2;7m[38;2;23;18;24m▌[48;2;10;5;11m[38;2;3;0;4m▊[48;2;1;1;3m[38;2;1;1;3m  [48;2;1;1;1m[38;2;1;1;1m    [48;2;3;1;6m[38;2;3;1;6m            [48;2;3;1;4m[38;2;3;1;4m  [0m
[48;2;1;1;1m[38;2;1;1;1m                [48;2;3;1;4m[38;2;3;1;4m  [48;2;3;1;6m[38;2;3;1;6m  [48;2;2;0;3m[38;2;2;0;3m  [48;2;185;180;184m[38;2;24;19;23m▅[48;2;214;209;213m[38;2;70;65;69m▁[48;2;250;250;251m[38;2;240;240;242m▃[48;2;241;241;243m[38;2;251;251;252m▄[48;2;250;250;252m[38;2;250;250;252m      [48;2;243;242;244m[38;2;0;0;0m [48;2;237;235;238m[38;2;119;117;120m▁[48;2;64;43;50m[38;2;231;230;231m▅[48;2;238;234;236m[38;2;166;141;150m▁[48;2;204;202;205m[38;2;241;239;242m▊[48;2;216;214;217m[38;2;34;33;35m▅[48;2;4;2;7m[38;2;4;2;7m  [48;2;1;1;3m[38;2;1;1;3m    [48;2;0;0;2m[38;2;0;0;2m  [48;2;3;1;6m[38;2;3;1;6m            [48;2;1;1;3m[38;2;1;1;3m  [0m
[48;2;1;1;1m[38;2;1;1;1m                    [48;2;0;0;0m[38;2;0;0;0m  [48;2;1;1;3m[38;2;1;1;3m  [48;2;233;211;214m[38;2;90;81;78m▎[48;2;227;215;215m[38;2;212;85;123m▄[48;2;247;236;234m[38;2;207;72;110m▅[48;2;221;229;219m[38;2;95;66;68m▅[48;2;223;220;221m[38;2;25;21;22m▅▅[48;2;232;229;230m[38;2;24;21;21m▅[48;2;222;219;220m[38;2;62;58;59m▅[48;2;212;207;210m[38;2;81;75;79m▅[48;2;56;50;54m[38;2;214;209;212m▅[48;2;228;209;199m[38;2;208;79;104m▅[48;2;205;82;106m[38;2;214;59;93m┗[48;2;197;192;196m[38;2;30;25;29m▅[48;2;3;0;2m[38;2;66;61;65m [48;2;1;1;3m[38;2;1;1;3m        [48;2;3;1;6m[38;2;3;1;6m      [48;2;1;1;3m[38;2;1;1;3m  [48;2;3;1;4m[38;2;3;1;4m  [48;2;1;1;3m[38;2;1;1;3m  [48;2;1;1;1m[38;2;1;1;1m  [0m
[48;2;1;1;1m[38;2;1;1;1m                      [48;2;1;0;0m[38;2;14;12;13m━[38;2;12;10;11m▂[48;2;162;71;89m[38;2;206;197;188m▅[48;2;216;93;123m[38;2;246;212;212m▁[48;2;199;83;118m[38;2;237;212;216m▅[48;2;244;235;235m[38;2;0;0;0m [48;2;16;11;15m[38;2;119;114;118m▎[48;2;31;27;30m[38;2;201;197;201m▅[48;2;22;18;19m[38;2;37;33;34m▄[48;2;250;248;249m[38;2;157;153;154m▎[48;2;249;249;251m[38;2;249;249;251m  [48;2;206;86;107m[38;2;240;233;236m▅[48;2;196;76;97m[38;2;233;225;229m▅[48;2;24;20;23m[38;2;157;152;156m▁[48;2;3;0;2m[38;2;12;7;11m▄[48;2;1;1;3m[38;2;1;1;3m      [48;2;3;1;6m[38;2;3;1;6m      [48;2;3;1;4m[38;2;3;1;4m  [48;2;1;1;1m[38;2;1;1;1m      [48;2;1;1;3m[38;2;1;1;3m  [0m
[48;2;1;1;1m[38;2;1;1;1m                    [48;2;2;0;3m[38;2;2;0;3m  [48;2;76;75;77m[38;2;208;206;209m┏[48;2;230;228;230m[38;2;0;0;0m [48;2;250;250;252m[38;2;250;250;252m  [48;2;237;234;237m[38;2;89;84;88m▁[48;2;185;180;184m[38;2;62;58;61m┏[48;2;59;55;58m[38;2;216;211;215m▅[48;2;219;215;219m[38;2;90;85;89m▁[48;2;49;46;46m[38;2;170;166;167m▁[48;2;246;243;244m[38;2;176;172;173m▎[48;2;250;250;252m[38;2;250;250;252m    [48;2;192;187;191m[38;2;243;239;243m▊[48;2;24;20;23m[38;2;126;121;125m▂[48;2;3;1;6m[38;2;3;1;6m  [48;2;1;1;3m[38;2;1;1;3m      [48;2;3;1;6m[38;2;3;1;6m    [48;2;1;1;3m[38;2;1;1;3m  [48;2;1;1;1m[38;2;1;1;1m        [0m
[48;2;1;1;1m[38;2;1;1;1m                  [48;2;1;1;3m[38;2;1;1;3m  [48;2;3;0;4m[38;2;7;2;8m┏[48;2;77;72;77m[38;2;220;216;221m┏[48;2;249;249;251m[38;2;177;177;179m▘[48;2;249;249;250m[38;2;237;237;239m▘[48;2;250;250;252m[38;2;250;250;252m  [48;2;78;76;79m[38;2;243;241;243m▅[48;2;235;234;236m[38;2;0;0;0m [48;2;216;210;214m[38;2;52;47;50m▅[48;2;67;61;65m[38;2;158;153;157m▅[48;2;255;255;255m[38;2;236;236;238m▌[48;2;252;252;253m[38;2;244;244;246m┃[48;2;250;250;252m[38;2;250;250;252m    [48;2;255;255;255m[38;2;245;245;247m▌[48;2;174;174;176m▊[48;2;4;3;7m[38;2;21;19;24m▌[48;2;8;6;11m[38;2;1;0;4m▊[48;2;2;0;3m[38;2;2;0;3m  [48;2;1;1;1m[38;2;1;1;1m    [48;2;1;1;3m[38;2;1;1;3m  [48;2;3;1;6m[38;2;3;1;6m  [48;2;2;0;3m[38;2;2;0;3m  [48;2;1;1;1m[38;2;1;1;1m        [0m
[48;2;1;1;1m[38;2;1;1;1m                  [48;2;2;0;3m[38;2;2;0;3m  [48;2;88;84;87m[38;2;216;212;215m┏[48;2;229;225;229m[38;2;0;0;0m [48;2;250;250;252m[38;2;250;250;252m      [48;2;5;3;6m[38;2;118;116;119m▎[48;2;8;6;9m[38;2;8;6;9m▄[48;2;197;192;196m[38;2;21;17;20m▅[48;2;218;213;217m[38;2;40;35;39m▁[48;2;249;249;251m[38;2;249;249;251m  [48;2;250;250;252m[38;2;250;250;252m  [48;2;250;250;251m[38;2;0;0;0m [48;2;249;249;250m[38;2;211;211;213m▝[48;2;46;41;47m[38;2;221;217;222m▅[48;2;11;6;12m[38;2;3;0;4m┣[48;2;3;1;6m[38;2;3;1;6m  [48;2;1;1;3m[38;2;1;1;3m  [48;2;1;1;1m[38;2;1;1;1m  [48;2;1;1;3m[38;2;1;1;3m  [48;2;2;0;3m[38;2;2;0;3m  [48;2;1;1;3m[38;2;1;1;3m  [48;2;1;1;1m[38;2;1;1;1m        [0m
[48;2;4;2;10m[38;2;23;2;126m▂▂▂▂▂▂▂▂▂▂▂▂▂▂▂▂▂▂[48;2;5;3;12m[38;2;24;2;129m▂▂[48;2;232;230;235m[38;2;106;104;109m▎[48;2;249;247;252m[38;2;255;254;255m▌[48;2;250;250;252m[38;2;250;250;252m    [48;2;244;242;244m[38;2;0;0;0m [48;2;166;160;183m[38;2;22;17;47m┏[48;2;21;18;27m[38;2;21;2;125m▂[48;2;9;6;15m[38;2;22;0;126m▂[48;2;6;3;13m[38;2;25;3;130m▂▂[48;2;226;224;227m[38;2;45;37;80m▆[48;2;246;244;244m[38;2;207;203;219m▎[48;2;250;250;252m[38;2;250;250;252m    [48;2;177;172;189m[38;2;247;244;245m▊[48;2;17;15;19m[38;2;25;10;123m▂[48;2;5;3;12m[38;2;24;2;129m▂▂[48;2;4;2;10m[38;2;23;2;126m▂▂▂▂▂▂[48;2;4;2;11m[38;2;23;1;128m▂▂[48;2;4;2;10m[38;2;23;2;126m▂▂▂▂▂▂▂▂▂▂[0m
[48;2;38;3;183m[38;2;38;3;183m                  [48;2;31;5;176m[38;2;36;7;178m▄[48;2;106;85;198m[38;2;224;216;239m┏[48;2;236;235;239m[38;2;0;0;0m [48;2;246;245;249m[38;2;235;234;240m╸[48;2;250;250;252m[38;2;250;250;252m    [48;2;244;235;255m[38;2;79;59;180m▆[48;2;44;16;185m[38;2;0;0;0m [48;2;38;3;183m[38;2;38;3;183m    [48;2;40;9;182m[38;2;0;0;0m [48;2;214;204;236m[38;2;56;28;184m▆[48;2;243;243;245m[38;2;239;239;241m▌[48;2;254;254;255m[38;2;250;250;252m▌[48;2;250;250;252m  [48;2;239;238;242m[38;2;0;0;0m [48;2;79;61;183m[38;2;228;226;236m▅[48;2;39;4;184m[38;2;39;4;184m  [48;2;38;3;183m[38;2;38;3;183m                  [0m
[48;2;38;3;183m[38;2;38;3;183m                  [48;2;36;1;194m[38;2;34;2;181m┃[48;2;231;227;226m[38;2;99;76;192m▎[48;2;250;250;252m[38;2;250;250;252m    [48;2;245;244;246m[38;2;0;0;0m [48;2;228;226;239m[38;2;87;68;189m▁[48;2;41;10;185m[38;2;134;111;218m▎[48;2;39;7;185m[38;2;33;3;161m▃[48;2;38;3;183m[38;2;38;3;183m    [48;2;40;5;183m[38;2;40;5;183m  [48;2;233;232;234m[38;2;78;58;185m▂[48;2;243;241;246m[38;2;0;0;0m [48;2;250;250;252m[38;2;250;250;252m  [48;2;242;241;247m[38;2;254;253;255m┃[48;2;183;182;188m[38;2;245;244;248m▊[48;2;40;5;183m[38;2;40;5;183m  [48;2;38;3;183m[38;2;38;3;183m                  [0m
[48;2;38;3;185m[38;2;38;3;185m                  [48;2;36;1;194m[38;2;34;2;181m┃[48;2;231;227;226m[38;2;99;76;192m▎[48;2;250;250;252m[38;2;250;250;252m    [48;2;243;242;234m[38;2;251;246;255m┃[48;2;49;21;184m[38;2;165;160;183m▎[48;2;38;3;185m[38;2;38;3;185m        [48;2;88;64;186m[38;2;38;5;182m▊[48;2;252;250;245m[38;2;204;192;242m▎[48;2;250;250;252m[38;2;250;250;252m  [48;2;242;241;246m[38;2;254;253;255m┃[48;2;183;182;187m[38;2;245;244;248m▊[48;2;40;5;183m[38;2;40;5;183m  [48;2;38;3;185m[38;2;38;3;185m                  [0m
[48;2;38;3;185m[38;2;38;3;185m                  [48;2;39;6;179m[38;2;0;0;0m [48;2;168;153;210m[38;2;40;8;187m▆[48;2;235;233;243m[38;2;139;131;180m▎[48;2;250;249;249m[38;2;243;245;234m▖[48;2;250;250;252m[38;2;250;250;252m  [48;2;219;208;240m[38;2;85;65;187m▆[48;2;46;18;182m[38;2;0;0;0m [48;2;38;3;185m[38;2;38;3;185m        [48;2;40;9;177m[38;2;49;12;205m▘[48;2;208;197;229m[38;2;53;26;181m▆[48;2;248;248;250m[38;2;248;248;250m  [48;2;206;199;238m[38;2;245;243;245m▊[48;2;204;198;221m[38;2;47;23;173m▆[48;2;38;3;185m[38;2;38;3;185m                    [0m
[48;2;38;3;185m[38;2;38;3;185m                [48;2;36;3;170m[38;2;36;0;196m▖[48;2;36;2;178m[38;2;36;18;92m▂[48;2;37;8;172m[38;2;12;3;19m▂[48;2;55;15;165m[38;2;153;48;78m▁[48;2;205;173;199m[38;2;180;71;100m▆[48;2;229;201;213m[38;2;218;76;105m▆[48;2;245;221;213m[38;2;214;75;104m▆▆[48;2;72;33;165m[38;2;45;21;59m▃[48;2;38;5;171m[38;2;16;7;26m▂[48;2;35;3;182m[38;2;19;8;48m▃▃[48;2;39;5;187m[38;2;12;1;43m▃▃[48;2;36;3;185m[38;2;20;8;51m▃▃▃▃[48;2;34;4;169m[38;2;6;0;33m▂[48;2;46;18;161m[38;2;16;10;23m▂[48;2;243;221;214m[38;2;210;74;104m▆▆[48;2;219;194;210m[38;2;199;79;101m▆[48;2;55;10;168m[38;2;185;60;109m▂[48;2;34;4;166m[38;2;15;5;40m▂▂[48;2;38;3;185m[38;2;38;3;185m                  [0m
[48;2;38;3;185m[38;2;38;3;185m                [48;2;31;10;120m[38;2;31;10;120m▄[48;2;69;26;56m[38;2;197;73;103m╺[48;2;144;48;69m[38;2;21;18;9m▂[48;2;176;56;84m[38;2;24;7;5m▂[48;2;219;74;99m[38;2;52;18;27m▃▃[48;2;199;65;88m[38;2;23;13;16m▂▂[48;2;15;3;6m[38;2;93;36;55m▘[48;2;2;6;2m[38;2;14;5;5m▂[48;2;1;1;3m[38;2;1;1;3m    [48;2;3;1;6m[38;2;3;1;6m  [48;2;1;1;3m[38;2;1;1;3m  [48;2;1;1;1m[38;2;1;1;1m  [48;2;159;55;80m[38;2;19;12;7m▆[48;2;190;64;96m[38;2;29;4;3m▂[48;2;211;71;94m[38;2;47;19;27m▃▃[48;2;74;21;38m[38;2;204;72;91m━[48;2;63;32;44m[38;2;169;60;71m━[48;2;29;8;105m[38;2;29;8;105m▄[48;2;38;6;169m[38;2;42;5;197m┣[48;2;38;3;185m[38;2;38;3;185m                [0m
[48;2;38;3;185m[38;2;38;3;185m                [48;2;37;1;184m[38;2;37;3;172m▝[48;2;37;16;109m[38;2;37;3;178m▆[48;2;15;4;39m[38;2;40;6;180m▆▆[48;2;19;7;45m[38;2;38;5;181m▆▆[48;2;19;8;43m[38;2;38;5;179m▆▆▆▆▆▆▆▆[48;2;15;4;39m[38;2;40;6;180m▆▆[48;2;19;8;43m[38;2;38;5;179m▆▆[48;2;19;7;45m[38;2;38;5;181m▆▆[48;2;15;4;39m[38;2;40;6;180m▆▆[48;2;19;8;43m[38;2;38;5;179m▆▆[48;2;20;8;46m[38;2;39;6;182m▆▆[48;2;38;3;185m[38;2;38;3;185m                  [0m
[48;2;40;2;185m[38;2;40;2;185m                                                            [0m
[48;2;40;2;185m[38;2;40;2;185m                                                            [0m
