[48;2;1;1;1m[38;2;1;1;1m                                                            [0m
[48;2;1;1;1m[38;2;1;1;1m                                                            [0m
[48;2;1;1;1m[38;2;1;1;1m                                                            [0m
[48;2;1;1;1m[38;2;1;1;1m                                                      [48;2;1;1;3m[38;2;1;1;3m  [48;2;1;1;1m[38;2;1;1;1m    [0m
[48;2;1;1;1m[38;2;1;1;1m                          [48;2;3;1;6m[38;2;3;1;6m  [48;2;1;1;3m[38;2;1;1;3m  [48;2;1;1;1m[38;2;1;1;1m        [48;2;3;1;4m[38;2;3;1;4m  [48;2;3;1;6m[38;2;3;1;6m  [48;2;3;1;4m[38;2;3;1;4m  [48;2;1;1;3m[38;2;1;1;3m  [48;2;1;1;1m[38;2;1;1;1m      [48;2;3;1;4m[38;2;3;1;4m  [48;2;3;1;6m[38;2;3;1;6m  [48;2;2;0;3m[38;2;2;0;3m  [48;2;1;1;1m[38;2;1;1;1m  [0m
[48;2;1;1;1m[38;2;1;1;1m                        [48;2;1;1;3m[38;2;1;1;3m  [48;2;6;4;9m[38;2;6;4;9m  [48;2;5;3;8m[38;2;5;3;8m  [48;2;2;0;3m[38;2;2;0;3m  [48;2;1;1;3m[38;2;1;1;3m  [48;2;2;0;3m[38;2;2;0;3m  [48;2;1;1;3m[38;2;1;1;3m    [48;2;3;1;4m[38;2;3;1;4m    [48;2;1;1;3m[38;2;1;1;3m  [48;2;1;1;1m[38;2;1;1;1m    [48;2;3;1;6m[38;2;3;1;6m      [48;2;1;1;3m[38;2;1;1;3m  [48;2;1;1;1m[38;2;1;1;1m  [0m
[48;2;1;1;1m[38;2;1;1;1m                    [48;2;3;1;6m[38;2;3;1;6m    [48;2;1;0;4m[38;2;6;4;9m▄[48;2;17;15;20m[38;2;179;177;182m▄[48;2;216;215;217m[38;2;0;0;0m [48;2;166;164;167m[38;2;243;242;244m▇[48;2;149;147;150m[38;2;240;239;241m▇[48;2;44;43;45m[38;2;226;224;226m▄[48;2;1;0;2m[38;2;7;5;8m▌[48;2;4;2;5m[38;2;11;9;12m▚[48;2;1;1;3m[38;2;1;1;3m  [48;2;1;1;1m[38;2;1;1;1m  [48;2;1;1;3m[38;2;1;1;3m  [48;2;3;1;4m[38;2;3;1;4m  [48;2;3;1;6m[38;2;3;1;6m    [48;2;2;0;3m[38;2;2;0;3m    [48;2;3;1;4m[38;2;3;1;4m  [48;2;3;1;6m[38;2;3;1;6m      [48;2;1;1;3m[38;2;1;1;3m  [48;2;1;1;1m[38;2;1;1;1m  [0m
[48;2;1;1;1m[38;2;1;1;1m                    [48;2;1;1;3m[38;2;1;1;3m  [48;2;3;1;6m[38;2;3;1;6m  [48;2;24;22;27m[38;2;1;0;4m▊[48;2;239;237;241m[38;2;110;108;113m▎[48;2;248;244;242m[38;2;0;0;0m [48;2;240;232;231m[38;2;205;106;135m▄[48;2;249;243;245m[38;2;208;77;100m▄▄[48;2;208;204;207m[38;2;43;39;42m▄[48;2;3;0;2m[38;2;7;2;6m▄[48;2;2;0;5m[38;2;2;0;5m  [48;2;0;0;0m[38;2;0;0;0m    [48;2;1;1;1m[38;2;1;1;1m  [48;2;3;1;6m[38;2;3;1;6m    [48;2;2;0;3m[38;2;2;0;3m    [48;2;3;1;4m[38;2;3;1;4m  [48;2;3;1;6m[38;2;3;1;6m        [48;2;3;1;4m[38;2;3;1;4m  [0m
[48;2;1;1;1m[38;2;1;1;1m                    [48;2;2;2;4m[38;2;2;2;4m  [48;2;5;3;6m[38;2;5;3;6m  [48;2;30;28;33m[38;2;8;7;11m▊[48;2;236;234;238m[38;2;112;110;115m▎[48;2;210;75;105m[38;2;230;178;181m▎[48;2;52;24;19m[38;2;199;69;97m▄[48;2;223;65;103m[38;2;186;65;90m▌[48;2;47;18;16m[38;2;206;74;103m▄[48;2;9;5;8m[38;2;39;34;38m▁▁[48;2;2;2;4m[38;2;2;2;4m  [48;2;1;1;3m[38;2;1;1;3m    [48;2;1;1;1m[38;2;1;1;1m  [48;2;3;1;6m[38;2;3;1;6m    [48;2;1;1;3m[38;2;1;1;3m        [48;2;3;1;4m[38;2;3;1;4m  [48;2;3;1;6m[38;2;3;1;6m    [48;2;1;1;3m[38;2;1;1;3m  [0m
[48;2;1;1;1m[38;2;1;1;1m                [48;2;2;0;3m[38;2;2;0;3m  [48;2;3;1;4m[38;2;3;1;4m  [48;2;3;2;4m[38;2;8;6;9m▚[48;2;3;1;4m[38;2;19;17;20m▃[48;2;25;23;26m[38;2;188;187;189m▄[48;2;217;215;218m[38;2;0;0;0m [48;2;246;246;248m[38;2;255;255;255m━━[48;2;216;81;106m[38;2;239;177;178m▎[48;2;220;86;111m[38;2;198;73;95m▌[48;2;216;77;108m[38;2;207;87;112m▄[48;2;219;75;108m[38;2;241;222;214m▄[48;2;196;191;195m[38;2;246;242;245m▇▇[48;2;36;35;37m[38;2;226;224;227m▄[48;2;16;15;17m[38;2;69;67;70m▁[48;2;1;1;3m[38;2;1;1;3m  [48;2;2;0;3m[38;2;2;0;3m  [48;2;1;1;3m[38;2;1;1;3m  [48;2;2;0;3m[38;2;2;0;3m  [48;2;3;1;4m[38;2;3;1;4m  [48;2;3;1;6m[38;2;3;1;6m      [48;2;3;1;4m[38;2;3;1;4m  [48;2;1;1;3m[38;2;1;1;3m  [48;2;1;1;1m[38;2;1;1;1m      [0m
[48;2;1;1;1m[38;2;1;1;1m            [48;2;1;1;3m[38;2;1;1;3m  [48;2;3;1;6m[38;2;3;1;6m      [48;2;12;8;11m[38;2;73;68;72m▁[48;2;225;220;224m[38;2;89;84;88m▎[48;2;250;250;252m[38;2;250;250;252m    [48;2;249;249;251m[38;2;249;249;251m    [48;2;250;250;252m[38;2;250;250;252m  [48;2;251;251;252m[38;2;0;0;0m [48;2;229;229;231m[38;2;250;250;251m▄[48;2;38;36;39m[38;2;222;220;222m▄[48;2;13;12;14m[38;2;0;0;0m [48;2;1;1;3m[38;2;1;1;3m  [48;2;2;0;3m[38;2;2;0;3m  [48;2;1;1;3m[38;2;1;1;3m    [48;2;2;0;3m[38;2;2;0;3m  [48;2;3;1;6m[38;2;3;1;6m        [48;2;3;1;4m[38;2;3;1;4m  [48;2;1;1;3m[38;2;1;1;3m    [0m
[48;2;1;1;1m[38;2;1;1;1m            [48;2;3;1;6m[38;2;3;1;6m      [48;2;3;1;4m[38;2;3;1;4m  [48;2;225;223;226m[38;2;95;93;96m▎[48;2;255;254;255m[38;2;243;241;244m│[48;2;250;250;252m[38;2;250;250;252m            [48;2;240;239;241m[38;2;0;0;0m [48;2;45;43;46m[38;2;224;222;225m▄[48;2;6;6;8m[38;2;11;11;13m▌[48;2;0;0;2m[38;2;1;1;3m▎[48;2;3;1;6m[38;2;3;1;6m  [48;2;1;1;1m[38;2;1;1;1m  [48;2;1;1;3m[38;2;1;1;3m    [48;2;3;1;6m[38;2;3;1;6m            [48;2;1;1;1m[38;2;1;1;1m  [0m
[48;2;1;1;1m[38;2;1;1;1m            [48;2;1;1;3m[38;2;1;1;3m  [48;2;3;1;6m[38;2;3;1;6m  [48;2;2;0;3m[38;2;2;0;3m  [48;2;1;1;1m[38;2;1;1;1m  [48;2;186;181;185m[38;2;28;23;27m▅[48;2;239;235;239m[38;2;154;149;153m▎[48;2;250;250;252m[38;2;250;250;252m            [48;2;255;255;255m[38;2;251;251;253m▖[48;2;245;245;247m[38;2;224;224;226m▝[48;2;45;43;46m[38;2;219;218;220m▄[48;2;14;12;15m[38;2;0;0;0m [48;2;3;1;6m[38;2;3;1;6m  [48;2;1;1;3m[38;2;1;1;3m    [48;2;1;1;1m[38;2;1;1;1m  [48;2;1;1;3m[38;2;1;1;3m  [48;2;3;1;6m[38;2;3;1;6m          [48;2;3;1;4m[38;2;3;1;4m  [0m
[48;2;1;1;1m[38;2;1;1;1m              [48;2;2;0;3m[38;2;2;0;3m  [48;2;1;1;3m[38;2;1;1;3m    [48;2;11;6;12m[38;2;3;0;4m▗[48;2;180;175;180m[38;2;21;17;22m▅[48;2;214;212;214m[38;2;0;0;0m [48;2;249;247;249m[38;2;248;247;249m▄[48;2;250;250;252m[38;2;250;250;252m          [48;2;249;249;251m[38;2;249;249;251m  [48;2;224;220;224m[38;2;105;100;104m▁[48;2;3;0;2m[38;2;58;53;57m▎[48;2;3;1;6m[38;2;3;1;6m  [48;2;1;1;3m[38;2;1;1;3m  [48;2;1;1;1m[38;2;1;1;1m    [48;2;3;1;6m[38;2;3;1;6m            [48;2;3;1;4m[38;2;3;1;4m  [0m
[48;2;1;1;1m[38;2;1;1;1m                [48;2;3;1;4m[38;2;3;1;4m  [48;2;3;1;6m[38;2;3;1;6m  [48;2;2;0;3m[38;2;2;0;3m  [48;2;182;177;181m[38;2;24;20;23m▅[48;2;240;236;239m[38;2;142;137;141m▎[48;2;246;242;244m[38;2;223;130;161m▁▁[48;2;244;241;242m[38;2;80;76;77m▁▁[48;2;243;239;242m[38;2;79;74;78m▁▁[48;2;242;238;239m[38;2;77;73;74m▁▁[48;2;236;230;233m[38;2;94;83;86m▅[48;2;235;236;237m[38;2;196;153;167m▂[48;2;243;231;230m[38;2;201;96;125m▅[48;2;225;214;212m[38;2;100;85;84m▁[48;2;1;0;2m[38;2;35;33;36m▎[38;2;8;6;9m┃[48;2;3;1;6m[38;2;3;1;6m  [48;2;1;1;3m[38;2;1;1;3m    [48;2;0;0;2m[38;2;0;0;2m  [48;2;3;1;6m[38;2;3;1;6m            [48;2;1;1;3m[38;2;1;1;3m  [0m
[48;2;1;1;1m[38;2;1;1;1m                    [48;2;0;0;0m[38;2;0;0;0m  [48;2;22;10;9m[38;2;2;5;2m▊[48;2;180;165;168m[38;2;171;89;114m▄[48;2;212;82;106m[38;2;0;0;0m [48;2;214;78;104m[38;2;247;153;164m▁[48;2;60;36;43m[38;2;228;205;213m▅[48;2;14;9;10m[38;2;78;89;85m▎[48;2;14;12;15m[38;2;129;127;130m▁[48;2;11;10;12m[38;2;0;0;0m [48;2;25;20;24m[38;2;210;206;209m▅[48;2;34;29;33m[38;2;236;232;235m▅[48;2;239;233;239m[38;2;0;0;0m [48;2;206;89;109m[38;2;247;198;196m▁[48;2;198;66;91m[38;2;203;153;150m▂[48;2;5;4;9m[38;2;45;13;19m▎[48;2;2;0;3m[38;2;2;0;3m  [48;2;1;1;3m[38;2;1;1;3m        [48;2;3;1;6m[38;2;3;1;6m      [48;2;1;1;3m[38;2;1;1;3m  [48;2;3;1;4m[38;2;3;1;4m  [48;2;1;1;3m[38;2;1;1;3m  [48;2;1;1;1m[38;2;1;1;1m  [0m
[48;2;1;1;1m[38;2;1;1;1m                    [48;2;0;0;0m[38;2;0;0;0m  [48;2;77;75;78m[38;2;198;196;199m┏[48;2;228;226;229m[38;2;0;0;0m [48;2;214;122;151m[38;2;246;236;239m▅[48;2;240;233;234m[38;2;0;0;0m [48;2;226;222;226m[38;2;61;56;60m▅[48;2;61;57;60m[38;2;210;206;209m▅[48;2;225;220;224m[38;2;97;92;96m▁[48;2;41;36;40m[38;2;124;119;123m▎[48;2;245;244;248m[38;2;174;173;178m▎[48;2;252;251;255m[38;2;255;254;255m▌[48;2;250;250;252m[38;2;250;250;252m  [48;2;199;194;198m[38;2;245;241;245m▊[48;2;32;27;31m[38;2;156;151;155m▁[48;2;3;1;6m[38;2;3;1;6m  [48;2;1;1;3m[38;2;1;1;3m      [48;2;3;1;6m[38;2;3;1;6m      [48;2;3;1;4m[38;2;3;1;4m  [48;2;1;1;1m[38;2;1;1;1m      [48;2;1;1;3m[38;2;1;1;3m  [0m
[48;2;1;1;1m[38;2;1;1;1m                    [48;2;3;0;2m[38;2;20;15;19m┏[48;2;70;66;69m[38;2;214;210;213m┏[48;2;247;247;248m[38;2;176;176;178m▘[48;2;251;251;252m[38;2;236;236;238m▘[48;2;198;193;196m[38;2;86;80;84m┏[48;2;219;214;218m[38;2;73;67;71m▅[48;2;69;63;67m[38;2;212;207;210m▅[48;2;169;163;167m[38;2;72;66;70m┏[48;2;63;61;64m[38;2;222;220;223m▅[48;2;234;232;235m[38;2;0;0;0m [48;2;250;250;252m[38;2;250;250;252m    [48;2;255;255;255m[38;2;252;252;254m▄[48;2;188;188;190m[38;2;246;246;247m▊[48;2;25;21;24m[38;2;171;166;170m▁[48;2;10;6;9m[38;2;0;0;0m [48;2;3;1;6m[38;2;3;1;6m  [48;2;1;1;3m[38;2;1;1;3m      [48;2;3;1;6m[38;2;3;1;6m    [48;2;1;1;3m[38;2;1;1;3m  [48;2;1;1;1m[38;2;1;1;1m        [0m
[48;2;1;1;1m[38;2;1;1;1m                  [48;2;1;1;3m[38;2;1;1;3m  [48;2;18;14;17m[38;2;164;159;163m▁[48;2;237;233;237m[38;2;104;99;103m▎[48;2;250;250;252m[38;2;250;250;252m    [48;2;247;245;248m[38;2;0;0;0m [48;2;232;231;233m[38;2;73;71;74m▁[48;2;220;216;220m[38;2;31;26;30m▅[38;2;20;15;19m▅[48;2;215;213;216m[38;2;52;50;53m▁[48;2;244;243;245m[38;2;0;0;0m [48;2;250;250;252m[38;2;250;250;252m    [48;2;194;189;193m[38;2;246;242;245m▊[48;2;34;30;33m[38;2;198;193;197m▁[48;2;3;1;6m[38;2;3;1;6m  [48;2;2;0;3m[38;2;2;0;3m  [48;2;1;1;1m[38;2;1;1;1m    [48;2;1;1;3m[38;2;1;1;3m  [48;2;3;1;6m[38;2;3;1;6m  [48;2;2;0;3m[38;2;2;0;3m  [48;2;1;1;1m[38;2;1;1;1m        [0m
[48;2;1;1;1m[38;2;1;1;1m                  [48;2;2;0;3m[38;2;2;0;3m  [48;2;231;229;232m[38;2;105;103;106m▎[48;2;252;251;253m[38;2;237;235;238m│[48;2;250;250;252m[38;2;250;250;252m    [48;2;238;236;239m[38;2;255;253;255m┃[48;2;12;11;13m[38;2;135;133;136m▎[48;2;1;1;3m[38;2;1;1;3m  [48;2;35;33;36m[38;2;7;5;8m▊[48;2;223;222;224m[38;2;81;79;82m▂[48;2;249;249;251m[38;2;249;249;251m  [48;2;250;250;252m[38;2;250;250;252m  [48;2;255;255;255m[38;2;247;247;249m▌[48;2;176;176;178m[38;2;247;247;248m▊[48;2;27;25;30m[38;2;214;212;217m▁[48;2;6;4;9m[38;2;1;0;4m▅[48;2;3;1;6m[38;2;3;1;6m  [48;2;1;1;3m[38;2;1;1;3m  [48;2;1;1;1m[38;2;1;1;1m  [48;2;1;1;3m[38;2;1;1;3m  [48;2;2;0;3m[38;2;2;0;3m  [48;2;1;1;3m[38;2;1;1;3m  [48;2;1;1;1m[38;2;1;1;1m        [0m
[48;2;4;2;10m[38;2;23;2;126m▂▂▂▂▂▂▂▂▂▂▂▂▂▂▂▂▂▂[48;2;6;3;21m[38;2;56;29;181m▁[48;2;21;19;28m[38;2;195;185;232m▁[48;2;234;232;234m[38;2;136;134;137m▎[48;2;248;246;249m[38;2;242;240;242m▎[48;2;250;250;252m[38;2;250;250;252m    [48;2;139;128;175m[38;2;41;37;35m━[48;2;24;19;25m[38;2;30;8;129m▂[48;2;5;3;12m[38;2;24;2;129m▂▂[48;2;4;2;11m[38;2;22;2;126m▂[48;2;14;11;20m[38;2;33;11;138m▂[48;2;216;214;226m[38;2;55;35;161m▁[48;2;245;244;244m[38;2;0;0;0m [48;2;250;250;252m[38;2;250;250;252m    [48;2;177;172;189m[38;2;247;244;245m▊[48;2;17;15;19m[38;2;25;10;123m▂[48;2;5;3;12m[38;2;24;2;129m▂▂[48;2;4;2;10m[38;2;23;2;126m▂▂▂▂▂▂[48;2;4;2;11m[38;2;23;1;128m▂▂[48;2;4;2;10m[38;2;23;2;126m▂▂▂▂▂▂▂▂▂▂[0m
[48;2;38;3;183m[38;2;38;3;183m                  [48;2;37;2;193m[38;2;35;3;180m┃[48;2;232;229;225m[38;2;100;77;191m▎[48;2;250;250;252m[38;2;250;250;252m      [48;2;42;9;180m[38;2;174;158;221m▎[48;2;37;5;190m[38;2;35;4;159m▎[48;2;38;3;183m[38;2;38;3;183m    [48;2;70;47;177m[38;2;33;4;186m▊[48;2;248;247;248m[38;2;187;176;234m▎[48;2;250;250;252m[38;2;250;250;252m    [48;2;194;186;226m[38;2;244;244;238m▊[48;2;47;22;183m[38;2;188;177;226m▂[48;2;38;3;183m[38;2;38;3;183m                    [0m
[48;2;38;3;183m[38;2;38;3;183m                  [48;2;36;1;194m[38;2;34;2;181m┃[48;2;231;227;226m[38;2;99;76;192m▎[48;2;250;250;252m[38;2;250;250;252m    [48;2;237;233;246m[38;2;247;246;243m▊[48;2;231;229;232m[38;2;90;69;196m▆[48;2;32;3;178m[38;2;85;53;214m▘[48;2;43;8;193m[38;2;36;4;169m▄[48;2;38;3;183m[38;2;38;3;183m    [48;2;39;7;181m[38;2;0;0;0m [48;2;213;203;235m[38;2;54;25;182m▆[48;2;250;250;251m[38;2;232;232;234m▌[48;2;250;250;252m[38;2;255;255;255m▌[38;2;250;250;252m  [48;2;242;241;246m[38;2;254;253;255m┃[48;2;183;182;187m[38;2;245;244;248m▊[48;2;40;5;183m[38;2;40;5;183m  [48;2;38;3;183m[38;2;38;3;183m                  [0m
[48;2;38;3;185m[38;2;38;3;185m                  [48;2;36;1;194m[38;2;34;2;181m┃[48;2;231;227;226m[38;2;99;76;192m▎[48;2;250;250;252m[38;2;250;250;252m    [48;2;243;242;234m[38;2;251;246;255m┃[48;2;49;21;184m[38;2;165;160;183m▎[48;2;38;3;185m[38;2;38;3;185m      [48;2;39;4;184m[38;2;39;4;184m  [48;2;210;205;225m[38;2;54;29;177m▆[48;2;250;248;247m[38;2;215;207;243m▎[48;2;250;250;252m[38;2;250;250;252m  [48;2;242;241;246m[38;2;254;253;255m┃[48;2;183;182;187m[38;2;245;244;248m▊[48;2;40;5;183m[38;2;40;5;183m  [48;2;38;3;185m[38;2;38;3;185m                  [0m
[48;2;38;3;185m[38;2;38;3;185m                  [48;2;39;6;179m[38;2;0;0;0m [48;2;168;153;210m[38;2;40;8;187m▆[48;2;235;233;243m[38;2;139;131;180m▎[48;2;250;249;249m[38;2;243;245;234m▖[48;2;250;250;252m[38;2;250;250;252m  [48;2;237;234;240m[38;2;95;80;173m▂[48;2;41;14;189m[38;2;125;114;180m▎[48;2;38;3;185m[38;2;38;3;185m        [48;2;73;47;187m[38;2;39;6;191m▊[48;2;229;224;236m[38;2;54;33;166m▂[48;2;249;249;251m[38;2;249;249;251m  [48;2;243;243;243m[38;2;0;0;0m [48;2;212;209;226m[38;2;60;39;180m▂[48;2;39;4;184m[38;2;39;4;184m  [48;2;38;3;185m[38;2;38;3;185m                  [0m
[48;2;38;3;185m[38;2;38;3;185m                [48;2;36;3;170m[38;2;36;0;196m▖[48;2;36;2;178m[38;2;36;18;92m▂[48;2;37;8;172m[38;2;12;3;19m▂[48;2;55;15;165m[38;2;153;48;78m▁[48;2;205;173;199m[38;2;180;71;100m▆[48;2;229;201;213m[38;2;218;76;105m▆[48;2;245;221;213m[38;2;214;75;104m▆▆[48;2;72;33;165m[38;2;45;21;59m▃[48;2;38;5;171m[38;2;16;7;26m▂[48;2;35;3;182m[38;2;19;8;48m▃▃[48;2;39;5;187m[38;2;12;1;43m▃▃[48;2;36;3;185m[38;2;20;8;51m▃▃▃▃[48;2;38;7;173m[38;2;8;0;35m▂[48;2;41;12;165m[38;2;13;3;42m▃[48;2;239;215;211m[38;2;140;47;66m▆[48;2;230;215;207m[38;2;206;79;109m▆[48;2;230;190;195m[38;2;215;79;102m▆[48;2;62;25;159m[38;2;189;74;108m▆[48;2;46;8;177m[38;2;149;54;98m▂[48;2;35;2;169m[38;2;28;17;33m▂[48;2;38;3;185m[38;2;38;3;185m                  [0m
[48;2;38;3;185m[38;2;38;3;185m                [48;2;31;10;120m[38;2;31;10;120m▄[48;2;69;26;56m[38;2;197;73;103m╺[48;2;144;48;69m[38;2;21;18;9m▂[48;2;176;56;84m[38;2;24;7;5m▂[48;2;219;74;99m[38;2;52;18;27m▃▃[48;2;199;65;88m[38;2;23;13;16m▂▂[48;2;15;3;6m[38;2;93;36;55m▘[48;2;2;6;2m[38;2;14;5;5m▂[48;2;1;1;3m[38;2;1;1;3m    [48;2;3;1;6m[38;2;3;1;6m  [48;2;1;1;3m[38;2;1;1;3m  [48;2;1;1;1m[38;2;1;1;1m  [48;2;12;7;6m[38;2;0;0;0m [48;2;133;58;81m[38;2;18;6;7m▆[48;2;217;74;97m[38;2;44;11;20m▃▃[48;2;202;67;90m[38;2;51;14;14m▃[48;2;63;26;47m[38;2;183;70;92m━[48;2;29;8;105m[38;2;29;8;105m▄[48;2;38;6;169m[38;2;42;5;197m┣[48;2;38;3;185m[38;2;38;3;185m                [0m
[48;2;38;3;185m[38;2;38;3;185m                [48;2;37;1;184m[38;2;37;3;172m▝[48;2;37;16;109m[38;2;37;3;178m▆[48;2;15;4;39m[38;2;40;6;180m▆▆[48;2;19;7;45m[38;2;38;5;181m▆▆[48;2;19;8;43m[38;2;38;5;179m▆▆▆▆▆▆▆▆[48;2;15;4;39m[38;2;40;6;180m▆▆[48;2;19;8;43m[38;2;38;5;179m▆▆[48;2;19;7;45m[38;2;38;5;181m▆▆[48;2;15;4;39m[38;2;40;6;180m▆▆[48;2;19;8;43m[38;2;38;5;179m▆▆[48;2;20;8;46m[38;2;39;6;182m▆▆[48;2;38;3;185m[38;2;38;3;185m                  [0m
[48;2;40;2;185m[38;2;40;2;185m                                                            [0m
[48;2;40;2;185m[38;2;40;2;185m                                                            [0m
