[48;2;1;1;1m[38;2;1;1;1m                                                            [0m
[48;2;1;1;1m[38;2;1;1;1m                                                            [0m
[48;2;1;1;1m[38;2;1;1;1m                                                            [0m
[48;2;1;1;1m[38;2;1;1;1m                                                      [48;2;1;1;3m[38;2;1;1;3m  [48;2;1;1;1m[38;2;1;1;1m    [0m
[48;2;1;1;1m[38;2;1;1;1m                          [48;2;3;1;6m[38;2;3;1;6m  [48;2;1;1;3m[38;2;1;1;3m  [48;2;1;1;1m[38;2;1;1;1m        [48;2;3;1;4m[38;2;3;1;4m  [48;2;3;1;6m[38;2;3;1;6m  [48;2;3;1;4m[38;2;3;1;4m  [48;2;1;1;3m[38;2;1;1;3m  [48;2;1;1;1m[38;2;1;1;1m      [48;2;3;1;4m[38;2;3;1;4m  [48;2;3;1;6m[38;2;3;1;6m  [48;2;2;0;3m[38;2;2;0;3m  [48;2;1;1;1m[38;2;1;1;1m  [0m
[48;2;1;1;1m[38;2;1;1;1m                        [48;2;6;5;7m[38;2;10;9;11m▃[48;2;31;29;32m[38;2;194;192;195m▃[48;2;11;10;12m[38;2;216;214;217m▄▄[48;2;23;21;26m[38;2;0;0;0m [48;2;1;0;4m[38;2;17;15;20m▎[48;2;2;0;3m[38;2;2;0;3m  [48;2;1;1;3m[38;2;1;1;3m  [48;2;2;0;3m[38;2;2;0;3m  [48;2;1;1;3m[38;2;1;1;3m    [48;2;3;1;4m[38;2;3;1;4m    [48;2;1;1;3m[38;2;1;1;3m  [48;2;1;1;1m[38;2;1;1;1m    [48;2;3;1;6m[38;2;3;1;6m      [48;2;1;1;3m[38;2;1;1;3m  [48;2;1;1;1m[38;2;1;1;1m  [0m
[48;2;1;1;1m[38;2;1;1;1m                    [48;2;3;1;6m[38;2;3;1;6m  [48;2;2;0;5m[38;2;2;0;5m  [48;2;224;219;223m[38;2;81;76;80m▎[48;2;232;227;231m[38;2;255;253;255m▇[48;2;249;249;251m[38;2;249;249;251m  [48;2;193;191;194m[38;2;245;243;246m▆[48;2;42;40;43m[38;2;218;216;219m▄[48;2;1;0;2m[38;2;6;4;7m▌[48;2;3;1;4m[38;2;10;8;11m▚[48;2;1;1;3m[38;2;1;1;3m  [48;2;1;1;1m[38;2;1;1;1m  [48;2;1;1;3m[38;2;1;1;3m  [48;2;3;1;4m[38;2;3;1;4m  [48;2;3;1;6m[38;2;3;1;6m    [48;2;2;0;3m[38;2;2;0;3m    [48;2;3;1;4m[38;2;3;1;4m  [48;2;3;1;6m[38;2;3;1;6m      [48;2;1;1;3m[38;2;1;1;3m  [48;2;1;1;1m[38;2;1;1;1m  [0m
[48;2;1;1;1m[38;2;1;1;1m                    [48;2;1;1;3m[38;2;1;1;3m  [48;2;3;1;6m[38;2;3;1;6m  [48;2;235;232;229m[38;2;90;75;76m▎[48;2;244;237;237m[38;2;207;107;137m▄[48;2;204;97;117m[38;2;62;24;22m▄[48;2;198;77;102m[38;2;0;0;0m [48;2;207;78;116m[38;2;41;14;18m▄[48;2;33;25;22m[38;2;0;0;0m [48;2;3;1;4m[38;2;3;1;4m  [48;2;2;0;5m[38;2;2;0;5m  [48;2;0;0;0m[38;2;0;0;0m    [48;2;1;1;1m[38;2;1;1;1m  [48;2;3;1;6m[38;2;3;1;6m    [48;2;2;0;3m[38;2;2;0;3m    [48;2;3;1;4m[38;2;3;1;4m  [48;2;3;1;6m[38;2;3;1;6m        [48;2;3;1;4m[38;2;3;1;4m  [0m
[48;2;1;1;1m[38;2;1;1;1m                    [48;2;5;3;6m[38;2;5;3;6m  [48;2;11;10;14m[38;2;190;188;193m▄[48;2;21;19;24m[38;2;233;232;236m▄[48;2;222;214;220m[38;2;0;0;0m [48;2;205;78;99m[38;2;232;164;175m▎[48;2;215;73;99m[38;2;215;73;99m  [48;2;206;68;91m[38;2;219;81;104m▄[48;2;36;24;27m[38;2;219;208;212m▄[48;2;18;17;19m[38;2;220;219;221m▄[48;2;22;20;23m[38;2;0;0;0m [48;2;2;2;4m[38;2;2;2;4m  [48;2;1;1;3m[38;2;1;1;3m    [48;2;1;1;1m[38;2;1;1;1m  [48;2;3;1;6m[38;2;3;1;6m    [48;2;1;1;3m[38;2;1;1;3m        [48;2;3;1;4m[38;2;3;1;4m  [48;2;3;1;6m[38;2;3;1;6m    [48;2;1;1;3m[38;2;1;1;3m  [0m
[48;2;1;1;1m[38;2;1;1;1m                [48;2;2;0;3m[38;2;2;0;3m  [48;2;3;1;4m[38;2;3;1;4m  [48;2;25;21;24m[38;2;188;184;188m▄[48;2;217;212;216m[38;2;0;0;0m [48;2;249;249;251m[38;2;249;249;251m  [48;2;248;247;244m[38;2;0;0;0m [48;2;204;106;134m[38;2;244;238;236m▄[48;2;215;81;105m[38;2;246;239;243m▄▄[48;2;230;225;229m[38;2;251;247;250m▄[48;2;253;249;253m[38;2;247;242;246m▘[48;2;250;250;252m[38;2;0;0;0m [48;2;228;228;230m[38;2;249;249;251m▄[48;2;40;38;41m[38;2;239;237;240m▄[48;2;19;17;20m[38;2;218;217;219m▄[48;2;7;5;6m[38;2;20;18;19m▖[48;2;6;4;5m[38;2;1;0;0m▅[48;2;2;0;3m[38;2;2;0;3m  [48;2;1;1;3m[38;2;1;1;3m  [48;2;2;0;3m[38;2;2;0;3m  [48;2;3;1;4m[38;2;3;1;4m  [48;2;3;1;6m[38;2;3;1;6m      [48;2;3;1;4m[38;2;3;1;4m  [48;2;1;1;3m[38;2;1;1;3m  [48;2;1;1;1m[38;2;1;1;1m      [0m
[48;2;1;1;1m[38;2;1;1;1m            [48;2;1;1;3m[38;2;1;1;3m  [48;2;3;1;6m[38;2;3;1;6m    [48;2;1;0;4m▄[48;2;9;8;12m[38;2;69;67;72m▁[48;2;231;229;232m[38;2;105;103;106m▎[48;2;252;251;253m[38;2;237;235;238m│[48;2;250;250;252m[38;2;250;250;252m          [48;2;253;253;254m[38;2;246;246;248m▃[48;2;244;244;246m[38;2;231;231;233m▝[48;2;39;34;38m[38;2;225;221;224m▄[48;2;16;11;15m[38;2;83;78;82m▁[48;2;1;1;3m[38;2;1;1;3m  [48;2;2;0;3m[38;2;2;0;3m  [48;2;1;1;3m[38;2;1;1;3m    [48;2;2;0;3m[38;2;2;0;3m  [48;2;3;1;6m[38;2;3;1;6m        [48;2;3;1;4m[38;2;3;1;4m  [48;2;1;1;3m[38;2;1;1;3m    [0m
[48;2;1;1;1m[38;2;1;1;1m            [48;2;3;1;6m[38;2;3;1;6m      [48;2;3;0;2m[38;2;6;1;5m▌[48;2;226;222;225m[38;2;72;67;71m▎[48;2;250;250;252m[38;2;250;250;252m              [48;2;255;254;255m[38;2;251;249;252m▄[48;2;187;185;188m[38;2;245;243;246m▊[48;2;1;0;0m[38;2;35;33;34m▎[38;2;8;6;7m┃[48;2;3;1;6m[38;2;3;1;6m  [48;2;1;1;1m[38;2;1;1;1m  [48;2;1;1;3m[38;2;1;1;3m    [48;2;3;1;6m[38;2;3;1;6m            [48;2;1;1;1m[38;2;1;1;1m  [0m
[48;2;1;1;1m[38;2;1;1;1m            [48;2;1;1;3m[38;2;1;1;3m  [48;2;3;1;6m[38;2;3;1;6m  [48;2;2;0;3m[38;2;2;0;3m  [48;2;1;0;2m[38;2;4;2;5m▌[48;2;225;223;226m[38;2;71;69;72m▎[48;2;250;250;252m[38;2;250;250;252m              [48;2;246;245;247m[38;2;0;0;0m [48;2;226;225;227m[38;2;116;114;117m▁[48;2;1;0;0m[38;2;34;32;33m▎[38;2;9;7;8m│[48;2;3;1;6m[38;2;3;1;6m  [48;2;1;1;3m[38;2;1;1;3m    [48;2;1;1;1m[38;2;1;1;1m  [48;2;1;1;3m[38;2;1;1;3m  [48;2;3;1;6m[38;2;3;1;6m          [48;2;3;1;4m[38;2;3;1;4m  [0m
[48;2;1;1;1m[38;2;1;1;1m              [48;2;2;0;3m[38;2;2;0;3m  [48;2;1;1;3m[38;2;1;1;3m  [48;2;4;2;5m[38;2;12;10;13m┃[48;2;166;164;167m[38;2;19;18;20m▅[48;2;218;211;209m[38;2;103;90;90m▁[48;2;234;223;224m[38;2;197;94;124m▄[48;2;242;240;234m[38;2;209;87;120m▅[48;2;241;226;224m[38;2;222;97;131m▁[48;2;248;248;250m[38;2;248;248;250m  [48;2;250;250;252m[38;2;250;250;252m    [48;2;247;245;247m[38;2;207;160;176m▁▁[48;2;245;243;245m[38;2;158;132;141m▁[48;2;238;235;236m[38;2;131;105;114m▁[48;2;221;220;222m[38;2;31;29;32m▅[48;2;1;0;2m[38;2;5;3;6m▄[48;2;0;0;0m[38;2;0;0;0m  [48;2;3;1;6m[38;2;3;1;6m  [48;2;1;1;3m[38;2;1;1;3m  [48;2;1;1;1m[38;2;1;1;1m    [48;2;3;1;6m[38;2;3;1;6m            [48;2;3;1;4m[38;2;3;1;4m  [0m
[48;2;1;1;1m[38;2;1;1;1m                [48;2;3;1;4m[38;2;3;1;4m  [48;2;3;1;6m[38;2;3;1;6m  [48;2;4;4;1m[38;2;0;0;0m [48;2;150;47;80m[38;2;20;5;6m▅[48;2;184;65;87m[38;2;173;164;149m▁[48;2;214;71;101m[38;2;229;196;189m▁[48;2;191;170;177m[38;2;92;70;76m▄[48;2;229;224;226m[38;2;37;30;32m▅[48;2;232;230;233m[38;2;25;23;26m▅▅[48;2;235;231;234m[38;2;67;61;65m▅[48;2;227;221;225m[38;2;74;68;72m▅[48;2;209;72;98m[38;2;222;194;183m▁▁[48;2;154;51;81m[38;2;25;12;13m▄[48;2;15;6;6m[38;2;0;0;0m [48;2;1;1;1m[38;2;1;1;1m  [48;2;1;1;3m[38;2;1;1;3m  [48;2;3;1;6m[38;2;3;1;6m  [48;2;1;1;3m[38;2;1;1;3m    [48;2;0;0;2m[38;2;0;0;2m  [48;2;3;1;6m[38;2;3;1;6m            [48;2;1;1;3m[38;2;1;1;3m  [0m
[48;2;1;1;1m[38;2;1;1;1m                    [48;2;1;0;0m[38;2;14;12;13m━[38;2;7;5;6m▄[48;2;236;234;236m[38;2;94;92;95m▎[48;2;244;243;245m[38;2;0;0;0m [48;2;241;239;242m[38;2;252;251;253m▊[48;2;1;0;2m[38;2;156;154;157m▎[48;2;27;22;26m[38;2;194;190;193m▅[48;2;13;8;12m[38;2;85;80;84m▎[48;2;248;248;250m[38;2;135;135;137m▎[48;2;245;245;247m[38;2;245;245;247m▄[48;2;248;248;250m[38;2;248;248;250m  [48;2;39;35;38m[38;2;225;220;224m▅[48;2;27;23;26m[38;2;191;186;190m▁[48;2;1;1;1m[38;2;1;1;1m  [48;2;2;0;3m[38;2;2;0;3m  [48;2;1;1;3m[38;2;1;1;3m        [48;2;3;1;6m[38;2;3;1;6m      [48;2;1;1;3m[38;2;1;1;3m  [48;2;3;1;4m[38;2;3;1;4m  [48;2;1;1;3m[38;2;1;1;3m  [48;2;1;1;1m[38;2;1;1;1m  [0m
[48;2;1;1;1m[38;2;1;1;1m                    [48;2;1;0;2m[38;2;13;11;14m│[48;2;232;230;232m[38;2;81;79;82m▎[48;2;250;250;252m[38;2;250;250;252m  [48;2;240;238;241m[38;2;255;254;255m│[48;2;19;17;20m[38;2;158;156;159m▎[48;2;239;234;238m[38;2;117;112;116m▎[48;2;18;13;17m[38;2;137;132;136m▎[48;2;249;249;250m[38;2;136;136;138m▎[48;2;246;246;248m[38;2;246;246;248m▄[48;2;250;250;252m[38;2;250;250;252m  [48;2;248;248;250m[38;2;248;248;250m  [48;2;50;45;49m[38;2;213;208;212m▅[48;2;11;6;10m[38;2;33;28;32m▎[48;2;3;1;6m[38;2;3;1;6m  [48;2;1;1;3m[38;2;1;1;3m      [48;2;3;1;6m[38;2;3;1;6m      [48;2;3;1;4m[38;2;3;1;4m  [48;2;1;1;1m[38;2;1;1;1m      [48;2;1;1;3m[38;2;1;1;3m  [0m
[48;2;1;1;1m[38;2;1;1;1m                    [48;2;86;81;85m[38;2;207;202;206m┏[48;2;227;222;226m[38;2;0;0;0m [48;2;250;250;252m[38;2;250;250;252m  [48;2;197;192;196m[38;2;75;70;73m┏[48;2;73;67;71m[38;2;214;209;213m▅[48;2;189;184;188m[38;2;58;52;56m▅[48;2;89;84;88m[38;2;182;177;180m┏[48;2;231;231;233m[38;2;0;0;0m [48;2;249;249;250m[38;2;238;238;240m▎[48;2;250;250;252m[38;2;250;250;252m    [48;2;239;237;240m[38;2;0;0;0m [48;2;50;48;51m[38;2;219;217;220m▅[48;2;5;3;6m[38;2;5;3;6m  [48;2;3;1;6m[38;2;3;1;6m  [48;2;1;1;3m[38;2;1;1;3m      [48;2;3;1;6m[38;2;3;1;6m    [48;2;1;1;3m[38;2;1;1;3m  [48;2;1;1;1m[38;2;1;1;1m        [0m
[48;2;1;1;1m[38;2;1;1;1m                  [48;2;2;0;3m[38;2;2;0;3m  [48;2;231;229;232m[38;2;105;103;106m▎[48;2;252;251;253m[38;2;237;235;238m│[48;2;250;250;252m[38;2;250;250;252m    [48;2;80;75;79m[38;2;189;185;188m▅[48;2;3;0;2m[38;2;21;16;20m▄[48;2;192;187;191m[38;2;16;12;15m▅[48;2;223;218;222m[38;2;36;31;35m▁[48;2;248;248;250m[38;2;248;248;250m  [48;2;250;250;252m[38;2;250;250;252m  [48;2;251;251;253m[38;2;255;255;255m┃[48;2;196;196;198m[38;2;246;246;247m▊[48;2;27;25;28m[38;2;205;203;206m▁[48;2;1;0;2m[38;2;13;11;14m▁[48;2;3;1;6m[38;2;3;1;6m  [48;2;2;0;3m[38;2;2;0;3m  [48;2;1;1;1m[38;2;1;1;1m    [48;2;1;1;3m[38;2;1;1;3m  [48;2;3;1;6m[38;2;3;1;6m  [48;2;2;0;3m[38;2;2;0;3m  [48;2;1;1;1m[38;2;1;1;1m        [0m
[48;2;1;1;1m[38;2;1;1;1m                  [48;2;1;0;2m[38;2;13;11;14m▖[48;2;72;71;73m[38;2;207;205;208m┏[48;2;230;230;231m[38;2;0;0;0m [48;2;249;249;250m[38;2;238;238;240m╵[48;2;250;250;252m[38;2;250;250;252m  [48;2;249;249;251m[38;2;249;249;251m  [48;2;9;7;10m[38;2;141;139;142m▎[48;2;15;13;16m[38;2;3;1;4m▊[48;2;3;1;4m  [48;2;208;206;209m[38;2;36;34;37m▁[48;2;241;240;242m[38;2;0;0;0m [48;2;250;250;252m[38;2;250;250;252m    [48;2;187;182;186m[38;2;246;241;245m▊[48;2;3;0;2m[38;2;63;58;62m▎[48;2;2;0;3m[38;2;2;0;3m  [48;2;3;1;6m[38;2;3;1;6m  [48;2;1;1;3m[38;2;1;1;3m  [48;2;1;1;1m[38;2;1;1;1m  [48;2;1;1;3m[38;2;1;1;3m  [48;2;2;0;3m[38;2;2;0;3m  [48;2;1;1;3m[38;2;1;1;3m  [48;2;1;1;1m[38;2;1;1;1m        [0m
[48;2;4;2;10m[38;2;23;2;126m▂▂▂▂▂▂▂▂▂▂▂▂▂▂▂▂▂▂[48;2;7;5;13m[38;2;27;6;128m▂[48;2;221;218;224m[38;2;83;79;99m▎[48;2;250;250;252m[38;2;250;250;252m    [48;2;247;247;247m[38;2;0;0;0m [48;2;232;229;241m[38;2;99;82;183m▁[48;2;19;11;48m[38;2;110;100;139m▎[48;2;13;8;17m[38;2;16;0;119m▂[48;2;5;3;12m[38;2;24;2;129m▂▂[48;2;14;11;26m[38;2;34;13;175m▁[48;2;213;209;223m[38;2;47;18;188m▁[48;2;249;249;251m[38;2;249;249;251m  [48;2;250;250;252m[38;2;250;250;252m  [48;2;179;172;189m[38;2;248;244;245m▊[48;2;19;15;19m[38;2;27;9;123m▂[48;2;5;3;12m[38;2;24;2;129m▂▂▂▂[48;2;4;2;10m[38;2;23;2;126m▂▂▂▂▂▂[48;2;4;2;11m[38;2;23;1;128m▂▂[48;2;4;2;10m[38;2;23;2;126m▂▂▂▂▂▂▂▂▂▂[0m
[48;2;38;3;183m[38;2;38;3;183m                  [48;2;37;2;193m[38;2;35;3;180m┃[48;2;232;229;225m[38;2;100;77;191m▎[48;2;250;250;252m[38;2;250;250;252m    [48;2;243;242;234m[38;2;251;246;255m┃[48;2;49;21;184m[38;2;165;160;183m▎[48;2;38;3;183m[38;2;38;3;183m    [48;2;39;4;182m[38;2;39;4;182m  [48;2;248;247;251m[38;2;205;204;209m▎[48;2;240;239;244m[38;2;252;251;254m┃[48;2;250;250;252m[38;2;250;250;252m  [48;2;239;238;242m[38;2;0;0;0m [48;2;42;21;166m[38;2;212;209;229m▆[48;2;40;5;185m[38;2;40;5;185m  [48;2;38;3;183m[38;2;38;3;183m                    [0m
[48;2;38;3;183m[38;2;38;3;183m                  [48;2;34;2;186m[38;2;33;5;156m▖[48;2;194;183;225m[38;2;67;41;187m▂[48;2;248;247;251m[38;2;210;209;214m▖[48;2;250;249;252m[38;2;231;230;235m╺[48;2;250;250;252m[38;2;250;250;252m  [48;2;243;242;234m[38;2;251;246;255m┃[48;2;49;21;184m[38;2;165;160;183m▎[48;2;38;3;183m[38;2;38;3;183m    [48;2;39;4;184m[38;2;39;4;184m  [48;2;218;212;233m[38;2;56;31;181m▆[48;2;244;242;243m[38;2;209;202;238m▎[48;2;250;250;252m[38;2;250;250;252m  [48;2;255;254;255m[38;2;246;245;250m▌[48;2;175;174;179m[38;2;246;245;249m▊[48;2;41;6;184m[38;2;41;6;184m  [48;2;38;3;183m[38;2;38;3;183m                    [0m
[48;2;38;3;185m[38;2;38;3;185m                    [48;2;237;237;237m[38;2;127;115;187m▎[48;2;252;251;252m[38;2;237;235;246m│[48;2;250;250;252m[38;2;250;250;252m  [48;2;243;242;234m[38;2;251;246;255m┃[48;2;49;21;184m[38;2;165;160;183m▎[48;2;38;3;185m[38;2;38;3;185m      [48;2;82;60;187m[38;2;32;2;184m▊[48;2;247;246;247m[38;2;198;187;243m▎[48;2;250;250;252m[38;2;250;250;252m  [48;2;255;254;255m[38;2;246;245;250m▌[48;2;175;174;179m[38;2;246;245;249m▊[48;2;41;6;184m[38;2;41;6;184m  [48;2;38;3;185m[38;2;38;3;185m                    [0m
[48;2;38;3;185m[38;2;38;3;185m                    [48;2;231;231;232m[38;2;117;105;177m▎[48;2;254;253;253m[38;2;244;242;253m│[48;2;250;250;252m[38;2;250;250;252m  [48;2;237;234;240m[38;2;95;80;173m▂[48;2;41;14;189m[38;2;125;114;180m▎[48;2;38;3;185m[38;2;38;3;185m      [48;2;41;7;186m[38;2;0;0;0m [48;2;203;191;228m[38;2;47;19;178m▆[48;2;241;232;231m[38;2;206;89;124m▂▂[48;2;242;233;238m[38;2;189;76;96m▂[48;2;232;222;228m[38;2;197;85;105m▂[48;2;40;5;183m[38;2;40;5;183m  [48;2;38;3;185m[38;2;38;3;185m                    [0m
[48;2;38;3;185m[38;2;38;3;185m                  [48;2;40;7;181m[38;2;22;8;72m▂[48;2;50;12;156m[38;2;148;44;70m▁[48;2;205;173;199m[38;2;180;71;100m▆[48;2;229;201;213m[38;2;218;76;105m▆[48;2;245;221;213m[38;2;214;75;104m▆▆[48;2;72;33;165m[38;2;45;21;59m▃[48;2;38;5;171m[38;2;16;7;26m▂[48;2;36;3;185m[38;2;20;8;51m▃▃▃▃[48;2;36;3;183m[38;2;20;9;49m▃▃[48;2;34;4;164m[38;2;15;6;38m▂▂[48;2;197;68;98m[38;2;44;26;20m▃[48;2;208;67;101m[38;2;32;19;11m▂[48;2;215;73;99m[38;2;215;73;99m  [48;2;85;28;150m[38;2;193;73;90m▅[48;2;56;8;176m[38;2;181;69;106m▂[48;2;39;4;184m[38;2;39;4;184m  [48;2;38;3;185m[38;2;38;3;185m                  [0m
[48;2;38;3;185m[38;2;38;3;185m                [48;2;37;12;142m[38;2;23;12;61m━[48;2;72;25;82m[38;2;199;75;104m╺[48;2;127;43;61m[38;2;102;40;49m▄[48;2;178;58;84m[38;2;25;6;15m▂[48;2;219;74;99m[38;2;52;18;27m▃▃[48;2;199;65;88m[38;2;23;13;16m▂▂[48;2;15;3;6m[38;2;93;36;55m▘[48;2;2;6;2m[38;2;14;5;5m▂[48;2;1;1;3m[38;2;1;1;3m    [48;2;3;1;6m[38;2;3;1;6m  [48;2;1;1;3m[38;2;1;1;3m  [48;2;1;1;1m[38;2;1;1;1m  [48;2;165;50;85m[38;2;7;6;3m▆▆[48;2;169;55;73m[38;2;10;6;15m▆[48;2;68;27;51m[38;2;31;6;164m▂[48;2;39;4;182m[38;2;39;4;182m  [48;2;38;3;185m[38;2;38;3;185m                  [0m
[48;2;38;3;185m[38;2;38;3;185m                [48;2;37;1;184m[38;2;37;3;172m▝[48;2;37;16;109m[38;2;37;3;178m▆[48;2;15;4;39m[38;2;40;6;180m▆▆[48;2;19;7;45m[38;2;38;5;181m▆▆[48;2;19;8;43m[38;2;38;5;179m▆▆▆▆▆▆▆▆[48;2;15;4;39m[38;2;40;6;180m▆▆[48;2;19;8;43m[38;2;38;5;179m▆▆[48;2;19;7;45m[38;2;38;5;181m▆▆[48;2;15;4;39m[38;2;40;6;180m▆▆[48;2;37;22;78m[38;2;37;2;183m▆[48;2;37;2;182m[38;2;37;5;163m▘[48;2;38;3;185m[38;2;38;3;185m                    [0m
[48;2;40;2;185m[38;2;40;2;185m                                                            [0m
[48;2;40;2;185m[38;2;40;2;185m                                                            [0m
