[48;2;1;1;1m[38;2;1;1;1m                                                            [0m
[48;2;1;1;1m[38;2;1;1;1m                                                            [0m
[48;2;1;1;1m[38;2;1;1;1m                                                            [0m
[48;2;1;1;1m[38;2;1;1;1m                                                      [48;2;1;1;3m[38;2;1;1;3m  [48;2;1;1;1m[38;2;1;1;1m    [0m
[48;2;1;1;1m[38;2;1;1;1m                          [48;2;3;1;6m[38;2;3;1;6m  [48;2;1;1;3m[38;2;1;1;3m  [48;2;1;1;1m[38;2;1;1;1m        [48;2;3;1;4m[38;2;3;1;4m  [48;2;3;1;6m[38;2;3;1;6m  [48;2;3;1;4m[38;2;3;1;4m  [48;2;1;1;3m[38;2;1;1;3m  [48;2;1;1;1m[38;2;1;1;1m      [48;2;3;1;4m[38;2;3;1;4m  [48;2;3;1;6m[38;2;3;1;6m  [48;2;2;0;3m[38;2;2;0;3m  [48;2;1;1;1m[38;2;1;1;1m  [0m
[48;2;1;1;1m[38;2;1;1;1m                        [48;2;6;5;7m[38;2;10;9;11m▃[48;2;31;29;32m[38;2;194;192;195m▃[48;2;11;10;12m[38;2;216;214;217m▄▄[48;2;3;0;4m[38;2;9;4;10m▖[48;2;8;4;9m[38;2;30;25;31m▂[48;2;2;0;3m[38;2;2;0;3m  [48;2;1;1;3m[38;2;1;1;3m  [48;2;2;0;3m[38;2;2;0;3m  [48;2;1;1;3m[38;2;1;1;3m    [48;2;3;1;4m[38;2;3;1;4m    [48;2;1;1;3m[38;2;1;1;3m  [48;2;1;1;1m[38;2;1;1;1m    [48;2;3;1;6m[38;2;3;1;6m      [48;2;1;1;3m[38;2;1;1;3m  [48;2;1;1;1m[38;2;1;1;1m  [0m
[48;2;1;1;1m[38;2;1;1;1m                    [48;2;3;1;6m[38;2;3;1;6m  [48;2;2;0;5m[38;2;2;0;5m  [48;2;223;219;220m[38;2;80;76;77m▎[48;2;255;254;255m[38;2;231;227;228m▗[48;2;238;224;229m[38;2;206;98;112m▃[48;2;253;236;244m[38;2;205;82;104m▄[48;2;224;218;216m[38;2;197;84;118m▄[48;2;215;210;207m[38;2;57;35;37m▄[48;2;6;5;7m[38;2;39;37;40m▘[48;2;4;2;5m[38;2;10;8;11m│[48;2;1;1;3m[38;2;1;1;3m  [48;2;1;1;1m[38;2;1;1;1m  [48;2;1;1;3m[38;2;1;1;3m  [48;2;3;1;4m[38;2;3;1;4m  [48;2;3;1;6m[38;2;3;1;6m    [48;2;2;0;3m[38;2;2;0;3m    [48;2;3;1;4m[38;2;3;1;4m  [48;2;3;1;6m[38;2;3;1;6m      [48;2;1;1;3m[38;2;1;1;3m  [48;2;1;1;1m[38;2;1;1;1m  [0m
[48;2;1;1;1m[38;2;1;1;1m                    [48;2;1;1;3m[38;2;1;1;3m  [48;2;4;2;7m[38;2;4;2;7m  [48;2;234;234;233m[38;2;91;60;78m▎[48;2;208;82;101m[38;2;248;181;190m▎[48;2;61;28;24m[38;2;191;67;93m▄[48;2;204;67;97m[38;2;0;0;0m [48;2;55;20;27m[38;2;186;58;96m▄[48;2;13;8;3m[38;2;52;18;24m▎[48;2;1;1;3m[38;2;1;1;3m  [48;2;2;0;5m[38;2;2;0;5m  [48;2;0;0;0m[38;2;0;0;0m    [48;2;1;1;1m[38;2;1;1;1m  [48;2;3;1;6m[38;2;3;1;6m    [48;2;2;0;3m[38;2;2;0;3m    [48;2;3;1;4m[38;2;3;1;4m  [48;2;3;1;6m[38;2;3;1;6m        [48;2;3;1;4m[38;2;3;1;4m  [0m
[48;2;1;1;1m[38;2;1;1;1m                    [48;2;7;6;8m[38;2;36;34;37m▁[48;2;17;15;18m[38;2;185;183;185m▄[48;2;24;23;25m[38;2;229;228;230m▄[48;2;235;233;235m[38;2;145;143;146m▘[48;2;243;249;249m[38;2;247;235;249m▎[48;2;211;70;96m[38;2;241;169;181m▎[48;2;218;74;101m[38;2;218;74;101m  [48;2;191;49;74m[38;2;220;79;104m▇[48;2;39;25;28m[38;2;224;209;213m▄[48;2;18;17;19m[38;2;220;219;221m▄[48;2;22;20;23m[38;2;0;0;0m [48;2;2;1;3m[38;2;12;10;13m▃▃[48;2;1;1;3m[38;2;1;1;3m    [48;2;1;1;1m[38;2;1;1;1m  [48;2;3;1;6m[38;2;3;1;6m    [48;2;1;1;3m[38;2;1;1;3m        [48;2;3;1;4m[38;2;3;1;4m  [48;2;3;1;6m[38;2;3;1;6m    [48;2;1;1;3m[38;2;1;1;3m  [0m
[48;2;1;1;1m[38;2;1;1;1m                [48;2;2;0;3m[38;2;2;0;3m  [48;2;12;8;11m[38;2;30;25;29m▗[48;2;19;15;18m[38;2;185;180;184m▄[48;2;243;241;243m[38;2;149;147;150m▘[48;2;247;246;248m[38;2;0;0;0m [48;2;250;250;252m[38;2;250;250;252m  [48;2;248;247;244m[38;2;0;0;0m [48;2;204;106;134m[38;2;244;238;236m▄[48;2;215;81;105m[38;2;246;239;243m▄▄[48;2;230;225;229m[38;2;251;247;250m▄[48;2;253;249;253m[38;2;247;242;246m▘[48;2;244;244;246m[38;2;249;249;251m▚[48;2;233;233;235m[38;2;251;251;252m▅[48;2;235;234;236m[38;2;0;0;0m [48;2;39;38;40m[38;2;235;233;236m▄[48;2;22;20;23m[38;2;217;216;218m▄[48;2;20;18;21m[38;2;0;0;0m [48;2;3;1;4m[38;2;3;1;4m  [48;2;1;1;3m[38;2;1;1;3m  [48;2;2;0;3m[38;2;2;0;3m  [48;2;3;1;4m[38;2;3;1;4m  [48;2;3;1;6m[38;2;3;1;6m      [48;2;3;1;4m[38;2;3;1;4m  [48;2;1;1;3m[38;2;1;1;3m  [48;2;1;1;1m[38;2;1;1;1m      [0m
[48;2;1;1;1m[38;2;1;1;1m            [48;2;1;1;3m[38;2;1;1;3m  [48;2;3;1;6m[38;2;3;1;6m    [48;2;230;225;229m[38;2;82;77;81m▎[48;2;253;250;253m[38;2;241;236;240m┃[48;2;250;250;252m[38;2;250;250;252m        [48;2;250;248;251m[38;2;245;243;246m▚[48;2;252;250;252m[38;2;234;232;235m▃[48;2;250;245;247m[38;2;210;204;206m▁▁[48;2;250;250;252m[38;2;250;250;252m  [48;2;249;247;249m[38;2;0;0;0m [48;2;170;168;171m[38;2;230;229;231m▊[48;2;1;0;2m[38;2;35;33;36m▎[38;2;8;6;9m┃[48;2;2;0;3m[38;2;2;0;3m  [48;2;1;1;3m[38;2;1;1;3m    [48;2;2;0;3m[38;2;2;0;3m  [48;2;3;1;6m[38;2;3;1;6m        [48;2;3;1;4m[38;2;3;1;4m  [48;2;1;1;3m[38;2;1;1;3m    [0m
[48;2;1;1;1m[38;2;1;1;1m            [48;2;3;1;6m[38;2;3;1;6m      [48;2;184;179;183m[38;2;28;24;27m▅[48;2;214;210;214m[38;2;0;0;0m [48;2;250;250;252m[38;2;250;250;252m        [48;2;238;223;216m[38;2;212;116;135m▄[48;2;217;80;113m[38;2;227;155;166m▁[48;2;206;72;104m[38;2;203;159;160m▁[48;2;216;89;119m[38;2;211;188;182m▄[48;2;213;208;212m[38;2;23;18;22m▄[48;2;222;218;222m[38;2;14;9;13m▄[48;2;224;219;223m[38;2;30;25;29m▅[48;2;18;13;17m[38;2;0;0;0m [48;2;1;1;3m[38;2;1;1;3m  [48;2;3;1;6m[38;2;3;1;6m  [48;2;1;1;1m[38;2;1;1;1m  [48;2;1;1;3m[38;2;1;1;3m    [48;2;3;1;6m[38;2;3;1;6m            [48;2;1;1;1m[38;2;1;1;1m  [0m
[48;2;1;1;1m[38;2;1;1;1m            [48;2;1;1;3m[38;2;1;1;3m  [48;2;3;1;6m[38;2;3;1;6m  [48;2;2;0;3m[38;2;2;0;3m  [48;2;1;0;2m[38;2;15;13;16m┗[48;2;178;176;179m[38;2;22;20;23m▅[48;2;221;219;222m[38;2;0;0;0m [48;2;243;241;244m[38;2;252;251;252m┃[48;2;250;250;252m[38;2;250;250;252m        [48;2;223;221;224m[38;2;249;247;249m▊[48;2;1;0;2m[38;2;86;84;87m▎[48;2;3;1;6m[38;2;3;1;6m    [48;2;1;1;3m[38;2;1;1;3m  [48;2;3;1;6m[38;2;3;1;6m  [48;2;1;1;3m[38;2;1;1;3m    [48;2;1;1;1m[38;2;1;1;1m  [48;2;1;1;3m[38;2;1;1;3m  [48;2;3;1;6m[38;2;3;1;6m          [48;2;3;1;4m[38;2;3;1;4m  [0m
[48;2;1;1;1m[38;2;1;1;1m              [48;2;2;0;3m[38;2;2;0;3m  [48;2;1;1;3m[38;2;1;1;3m    [48;2;152;82;90m[38;2;242;211;222m▝[48;2;242;239;242m[38;2;219;85;110m▅[48;2;244;228;235m[38;2;155;136;142m▂[48;2;238;242;242m[38;2;0;0;0m [48;2;250;250;252m[38;2;250;250;252m    [48;2;249;249;251m[38;2;249;249;251m  [48;2;226;221;225m[38;2;47;42;46m▅[48;2;19;15;18m[38;2;0;0;0m [48;2;3;1;6m[38;2;3;1;6m  [48;2;2;0;3m[38;2;2;0;3m  [48;2;0;0;0m[38;2;0;0;0m  [48;2;3;1;6m[38;2;3;1;6m  [48;2;1;1;3m[38;2;1;1;3m  [48;2;1;1;1m[38;2;1;1;1m    [48;2;3;1;6m[38;2;3;1;6m            [48;2;3;1;4m[38;2;3;1;4m  [0m
[48;2;1;1;1m[38;2;1;1;1m                [48;2;3;1;4m[38;2;3;1;4m  [48;2;10;2;1m[38;2;10;7;4m▄[48;2;53;20;29m[38;2;167;58;92m▗[48;2;185;64;89m[38;2;83;33;34m▁[48;2;169;59;80m[38;2;70;48;41m┏[48;2;72;63;66m[38;2;208;200;203m▄[48;2;164;156;159m[38;2;85;76;79m┏[48;2;226;221;225m[38;2;72;67;71m▅[48;2;225;220;224m[38;2;39;34;38m▅[48;2;232;230;233m[38;2;25;23;26m▅▅[48;2;235;230;234m[38;2;66;60;64m▅[48;2;226;220;224m[38;2;73;67;71m▅[48;2;27;23;26m[38;2;155;150;154m▁[48;2;11;7;10m[38;2;0;0;0m [48;2;2;0;3m[38;2;2;0;3m  [48;2;1;1;1m[38;2;1;1;1m  [48;2;1;1;3m[38;2;1;1;3m  [48;2;3;1;6m[38;2;3;1;6m  [48;2;1;1;3m[38;2;1;1;3m    [48;2;0;0;2m[38;2;0;0;2m  [48;2;3;1;6m[38;2;3;1;6m            [48;2;1;1;3m[38;2;1;1;3m  [0m
[48;2;1;1;1m[38;2;1;1;1m                    [48;2;16;14;17m[38;2;130;128;131m▁[48;2;234;232;235m[38;2;98;96;99m▎[48;2;250;250;252m[38;2;250;250;252m  [48;2;241;239;242m[38;2;252;251;253m▊[48;2;1;0;2m[38;2;156;154;157m▎[48;2;27;22;26m[38;2;194;190;193m▅[48;2;13;8;12m[38;2;85;80;84m▎[48;2;248;248;250m[38;2;135;135;137m▎[48;2;245;245;247m[38;2;245;245;247m▄[48;2;244;242;244m[38;2;0;0;0m [48;2;45;43;46m[38;2;226;224;227m▅[48;2;6;4;7m[38;2;35;33;36m▎[48;2;4;3;5m[38;2;14;12;15m╵[48;2;1;1;1m[38;2;1;1;1m  [48;2;2;0;3m[38;2;2;0;3m  [48;2;1;1;3m[38;2;1;1;3m        [48;2;3;1;6m[38;2;3;1;6m      [48;2;1;1;3m[38;2;1;1;3m  [48;2;3;1;4m[38;2;3;1;4m  [48;2;1;1;3m[38;2;1;1;3m  [48;2;1;1;1m[38;2;1;1;1m  [0m
[48;2;1;1;1m[38;2;1;1;1m                    [48;2;231;229;232m[38;2;105;103;106m▎[48;2;252;251;253m[38;2;237;235;238m│[48;2;250;250;252m[38;2;250;250;252m  [48;2;240;238;241m[38;2;255;254;255m│[48;2;19;17;20m[38;2;158;156;159m▎[48;2;239;234;238m[38;2;117;112;116m▎[48;2;18;13;17m[38;2;137;132;136m▎[48;2;249;249;250m[38;2;136;136;138m▎[48;2;246;246;248m[38;2;246;246;248m▄[48;2;249;249;251m[38;2;249;249;251m  [48;2;46;41;45m[38;2;226;222;226m▅[48;2;30;26;29m[38;2;186;181;185m▁[48;2;3;1;4m[38;2;3;1;4m  [48;2;3;1;6m[38;2;3;1;6m  [48;2;1;1;3m[38;2;1;1;3m      [48;2;3;1;6m[38;2;3;1;6m      [48;2;3;1;4m[38;2;3;1;4m  [48;2;1;1;1m[38;2;1;1;1m      [48;2;1;1;3m[38;2;1;1;3m  [0m
[48;2;1;1;1m[38;2;1;1;1m                  [48;2;1;0;2m[38;2;10;8;11m▖[48;2;70;68;71m[38;2;205;203;205m┏[48;2;249;249;250m[38;2;176;176;178m▘[48;2;248;248;249m[38;2;236;236;238m▘[48;2;250;250;252m[38;2;250;250;252m  [48;2;252;250;253m[38;2;255;254;255m┣[48;2;75;73;76m[38;2;236;234;237m▅[48;2;168;162;166m[38;2;79;73;77m┏[48;2;61;56;59m[38;2;220;215;218m▅[48;2;238;238;239m[38;2;0;0;0m [48;2;249;249;250m[38;2;232;232;234m╵[48;2;250;250;252m[38;2;250;250;252m  [48;2;242;242;244m[38;2;253;253;254m┃[48;2;207;207;209m[38;2;250;250;251m▊[48;2;35;30;36m[38;2;182;177;183m▁[48;2;3;0;4m[38;2;4;0;5m┗[48;2;2;0;3m[38;2;2;0;3m  [48;2;3;1;6m[38;2;3;1;6m  [48;2;1;1;3m[38;2;1;1;3m      [48;2;3;1;6m[38;2;3;1;6m    [48;2;1;1;3m[38;2;1;1;3m  [48;2;1;1;1m[38;2;1;1;1m        [0m
[48;2;1;1;1m[38;2;1;1;1m                  [48;2;1;0;2m[38;2;4;2;5m▌[48;2;225;223;226m[38;2;71;69;72m▎[48;2;250;250;252m[38;2;250;250;252m    [48;2;249;248;250m[38;2;0;0;0m [48;2;234;232;235m[38;2;92;90;93m▁[48;2;221;217;220m[38;2;41;36;40m▅[48;2;222;218;221m[38;2;15;11;14m▅[48;2;215;214;216m[38;2;41;39;42m▁[48;2;243;241;243m[38;2;0;0;0m [48;2;250;250;252m[38;2;250;250;252m    [48;2;201;197;201m[38;2;248;245;248m▊[48;2;31;27;30m[38;2;207;202;206m▁[48;2;2;2;4m[38;2;2;2;4m  [48;2;3;1;6m[38;2;3;1;6m  [48;2;2;0;3m[38;2;2;0;3m  [48;2;1;1;1m[38;2;1;1;1m    [48;2;1;1;3m[38;2;1;1;3m  [48;2;3;1;6m[38;2;3;1;6m  [48;2;2;0;3m[38;2;2;0;3m  [48;2;1;1;1m[38;2;1;1;1m        [0m
[48;2;1;1;1m[38;2;1;1;1m                  [48;2;1;0;2m[38;2;4;2;5m▌[48;2;225;223;226m[38;2;71;69;72m▎[48;2;250;250;252m[38;2;250;250;252m    [48;2;241;239;242m[38;2;252;251;253m▊[48;2;1;0;2m[38;2;156;154;157m▎[48;2;1;1;3m[38;2;1;1;3m  [48;2;1;0;2m[38;2;42;40;43m [48;2;185;183;186m[38;2;14;13;15m▅[48;2;228;227;231m[38;2;0;0;0m [48;2;251;250;253m[38;2;239;238;243m╷[48;2;250;250;252m[38;2;250;250;252m  [48;2;255;255;255m▄[48;2;186;186;188m[38;2;244;244;246m▊[48;2;1;0;2m[38;2;35;33;36m▎[38;2;8;6;9m┃[48;2;2;0;3m[38;2;2;0;3m  [48;2;3;1;6m[38;2;3;1;6m  [48;2;1;1;3m[38;2;1;1;3m  [48;2;1;1;1m[38;2;1;1;1m  [48;2;1;1;3m[38;2;1;1;3m  [48;2;2;0;3m[38;2;2;0;3m  [48;2;1;1;3m[38;2;1;1;3m  [48;2;1;1;1m[38;2;1;1;1m        [0m
[48;2;4;2;10m[38;2;23;2;126m▂▂▂▂▂▂▂▂▂▂▂▂▂▂▂▂▂▂[48;2;7;5;13m[38;2;27;6;128m▂[48;2;221;218;224m[38;2;83;79;99m▎[48;2;250;250;252m[38;2;250;250;252m    [48;2;136;124;173m[38;2;59;55;51m━[48;2;28;23;30m[38;2;36;12;135m▂[48;2;5;3;12m[38;2;24;2;129m▂▂[48;2;6;3;13m[38;2;25;3;130m▂▂[48;2;207;204;218m[38;2;46;29;154m▁[48;2;243;242;243m[38;2;0;0;0m [48;2;250;250;252m[38;2;250;250;252m  [48;2;240;240;242m[38;2;252;252;253m┃[48;2;205;205;207m[38;2;248;248;250m▊[48;2;19;18;19m[38;2;170;163;192m▂[48;2;7;5;20m[38;2;49;24;171m▁[48;2;5;3;12m[38;2;24;2;129m▂▂▂▂[48;2;4;2;10m[38;2;23;2;126m▂▂▂▂▂▂[48;2;4;2;11m[38;2;23;1;128m▂▂[48;2;4;2;10m[38;2;23;2;126m▂▂▂▂▂▂▂▂▂▂[0m
[48;2;38;3;183m[38;2;38;3;183m                  [48;2;37;2;193m[38;2;35;3;180m┃[48;2;232;229;225m[38;2;100;77;191m▎[48;2;250;250;252m[38;2;250;250;252m  [48;2;251;251;253m[38;2;251;251;253m  [48;2;43;10;179m[38;2;175;159;221m▎[48;2;38;6;189m[38;2;36;5;158m▎[48;2;38;3;183m[38;2;38;3;183m    [48;2;71;46;174m[38;2;34;3;184m▊[48;2;249;245;247m[38;2;188;175;231m▎[48;2;250;250;252m[38;2;250;250;252m    [48;2;173;162;220m[38;2;249;247;249m▊[48;2;37;11;173m[38;2;46;13;204m│[48;2;38;3;183m[38;2;38;3;183m                      [0m
[48;2;38;3;183m[38;2;38;3;183m                  [48;2;36;1;194m[38;2;34;2;181m┃[48;2;231;227;226m[38;2;99;76;192m▎[48;2;250;250;252m[38;2;250;250;252m    [48;2;86;73;164m[38;2;241;237;243m▆[48;2;42;13;190m[38;2;126;114;182m▎[48;2;38;3;183m[38;2;38;3;183m    [48;2;60;36;176m[38;2;33;3;187m▊[48;2;227;220;237m[38;2;76;52;177m▂[48;2;248;248;250m[38;2;248;248;250m  [48;2;250;250;252m[38;2;250;250;252m  [48;2;173;162;220m[38;2;249;247;249m▊[48;2;37;11;173m[38;2;46;13;204m│[48;2;38;3;183m[38;2;38;3;183m                      [0m
[48;2;38;3;185m[38;2;38;3;185m                  [48;2;36;4;188m[38;2;37;9;166m▎[48;2;189;178;218m[38;2;53;27;188m▂[48;2;236;235;239m[38;2;0;0;0m [48;2;249;248;251m[38;2;231;230;235m╺[48;2;250;250;252m[38;2;250;250;252m  [48;2;243;242;234m[38;2;251;246;255m┃[48;2;49;21;184m[38;2;165;160;183m▎[48;2;38;3;185m[38;2;38;3;185m    [48;2;40;5;183m[38;2;40;5;183m  [48;2;248;247;251m[38;2;205;204;209m▎[48;2;240;239;244m[38;2;252;251;254m┃[48;2;249;249;251m[38;2;249;249;251m  [48;2;220;213;233m[38;2;64;41;165m▂[48;2;46;17;181m[38;2;37;7;194m▄[48;2;38;3;185m[38;2;38;3;185m                      [0m
[48;2;38;3;185m[38;2;38;3;185m                    [48;2;231;231;232m[38;2;117;105;177m▎[48;2;254;253;253m[38;2;244;242;253m│[48;2;250;250;252m[38;2;250;250;252m  [48;2;237;234;240m[38;2;95;80;173m▂[48;2;41;14;189m[38;2;125;114;180m▎[48;2;38;3;185m[38;2;38;3;185m    [48;2;39;5;180m[38;2;39;5;180m  [48;2;231;212;220m[38;2;203;71;96m▆[48;2;238;220;228m[38;2;213;81;106m▆[48;2;239;229;228m[38;2;203;86;121m▂▂[48;2;44;9;187m[38;2;49;14;192m▌[48;2;33;0;176m[38;2;37;2;180m▌[48;2;38;3;185m[38;2;38;3;185m                      [0m
[48;2;38;3;185m[38;2;38;3;185m                  [48;2;40;7;181m[38;2;22;8;72m▂[48;2;50;12;156m[38;2;148;44;70m▁[48;2;205;173;199m[38;2;180;71;100m▆[48;2;229;201;213m[38;2;218;76;105m▆[48;2;245;221;213m[38;2;214;75;104m▆▆[48;2;68;29;162m[38;2;51;26;65m▃[48;2;43;7;188m[38;2;16;3;47m▃[48;2;36;3;185m[38;2;20;8;51m▃▃▃▃[48;2;34;4;164m[38;2;15;6;38m▂▂[48;2;101;44;135m[38;2;24;6;84m▄[48;2;206;70;107m[38;2;43;15;21m▃[48;2;197;65;88m[38;2;23;14;16m▂▂[48;2;87;28;163m[38;2;195;73;98m▅[48;2;58;10;168m[38;2;183;75;91m▂[48;2;38;3;185m[38;2;38;3;185m                      [0m
[48;2;38;3;185m[38;2;38;3;185m                [48;2;37;12;142m[38;2;23;12;61m━[48;2;72;25;82m[38;2;199;75;104m╺[48;2;127;43;61m[38;2;102;40;49m▄[48;2;178;58;84m[38;2;25;6;15m▂[48;2;219;74;99m[38;2;52;18;27m▃▃[48;2;205;78;111m[38;2;58;15;21m▃[48;2;168;53;82m[38;2;42;15;17m▆[48;2;10;8;11m[38;2;2;0;3m▅[48;2;3;1;4m[38;2;11;9;12m▂[48;2;1;1;3m[38;2;1;1;3m    [48;2;3;1;6m[38;2;3;1;6m  [48;2;1;1;3m[38;2;1;1;3m  [48;2;1;1;1m[38;2;1;1;1m  [48;2;148;53;65m[38;2;15;7;16m▆[48;2;60;26;47m[38;2;48;7;171m▂[48;2;39;4;184m[38;2;39;4;184m  [48;2;38;3;185m[38;2;38;3;185m                    [0m
[48;2;38;3;185m[38;2;38;3;185m                [48;2;37;1;184m[38;2;37;3;172m▝[48;2;37;16;109m[38;2;37;3;178m▆[48;2;15;4;39m[38;2;40;6;180m▆▆[48;2;19;7;45m[38;2;38;5;181m▆▆[48;2;19;8;43m[38;2;38;5;179m▆▆▆▆▆▆▆▆[48;2;15;4;39m[38;2;40;6;180m▆▆[48;2;19;8;43m[38;2;38;5;179m▆▆[48;2;19;7;45m[38;2;38;5;181m▆▆[48;2;37;22;78m[38;2;37;2;183m▆[48;2;37;2;182m[38;2;37;5;163m▘[48;2;38;3;185m[38;2;38;3;185m                      [0m
[48;2;40;2;185m[38;2;40;2;185m                                                            [0m
[48;2;40;2;185m[38;2;40;2;185m                                                            [0m
